Nodes
61
0 1
1 1
2 1
3 1
4 1
5 1
6 1
7 1
8 1
9 1
10 1
11 1
12 1
13 1
14 1
15 1
16 1
17 1
18 1
19 1
20 1
21 1
22 1
23 1
24 1
25 1
26 1
27 1
28 1
29 1
30 1
31 194
32 96
33 196
34 204
35 200
36 299
37 196
38 100
39 198
40 208
41 98
42 198
43 294
44 198
45 197
46 202
47 105
48 197
49 195
50 198
51 204
52 194
53 197
54 205
55 94
56 201
57 102
58 96
59 99
60 99
Edges
60
0 31 1
1 42 1
2 35 1
3 36 1
4 37 1
5 56 1
6 43 1
7 44 1
7 36 1
8 45 1
9 40 1
10 39 1
11 48 1
12 33 1
13 49 1
14 34 1
15 50 1
16 51 1
16 52 1
17 53 1
18 46 1
19 43 1
19 54 1
24 45 1
24 55 1
31 48 1
32 64 1
32 48 1
33 64 1
34 64 1
35 57 1
35 53 1
35 63 1
37 74 1
38 41 1
38 69 1
39 69 1
40 69 1
41 51 1
41 69 1
41 55 1
41 58 1
41 59 1
41 62 1
42 69 1
43 56 1
43 60 1
43 44 1
46 74 1
47 74 1
47 62 1
48 48 1
48 59 1
49 62 1
50 62 1
52 63 1
54 70 1
57 70 1
58 70 1
60 63 1
1
0 1 2 3 4 5 6 7 8 9 10 11 12 13 14 15 16 17 18 19
