Nodes
43
0 1
1 1
2 1
3 1
4 1
5 1
6 1
7 1
8 1
9 1
10 1
11 1
12 1
13 1
14 1
15 1
16 1
17 1
18 1
19 1
20 1
21 1
22 202
23 199
24 196
25 204
26 200
27 197
28 196
29 202
30 200
31 204
32 203
33 200
34 99
35 190
36 195
37 211
38 196
39 100
40 97
41 93
42 97
Edges
42
0 22 1
1 23 1
2 24 1
3 25 1
4 26 1
5 27 1
6 28 1
7 29 1
8 30 1
9 31 1
74 32 1
74 33 1
74 34 1
11 35 1
12 36 1
13 33 1
14 37 1
15 38 1
17 24 1
17 40 1
17 41 1
17 39 1
22 33 1
23 40 1
25 33 1
26 47 1
27 33 1
28 40 1
29 40 1
30 40 1
31 33 1
32 10 1
33 39 1
34 38 1
35 40 1
36 47 1
37 40 1
38 40 1
38 42 1
38 38 1
40 42 1
41 47 1
1
0 1 2 3 4 5 6 7 8 9 10 11 12 13 14 15
