Nodes
41
0 1
1 1
2 1
3 1
4 1
5 1
6 1
7 1
8 1
9 1
10 1
11 1
12 1
13 1
14 1
15 1
16 1
17 1
18 1
19 1
20 1
21 199
22 194
23 201
24 193
25 200
26 193
27 203
28 194
29 199
30 200
31 194
32 200
33 193
34 193
35 201
36 197
37 200
38 194
39 192
40 197
Edges
40
0 21 1
1 22 1
2 23 1
3 24 1
4 25 1
5 26 1
6 27 1
7 28 1
8 29 1
9 30 1
10 31 1
11 32 1
12 33 1
13 34 1
14 35 1
15 36 1
16 37 1
17 38 1
18 39 1
19 40 1
21 47 1
22 47 1
23 47 1
24 47 1
25 47 1
26 47 1
27 47 1
28 47 1
29 47 1
30 47 1
31 47 1
32 47 1
33 47 1
34 47 1
35 47 1
36 47 1
37 47 1
38 47 1
39 47 1
40 47 1
1
0 1 2 3 4 5 6 7 8 9 10 11 12 13 14 15 16 17 18 19
