Nodes
73
0 1
1 1
2 1
3 1
4 1
5 1
6 1
7 1
8 1
9 1
10 1
11 1
12 1
13 1
14 1
15 1
16 1
17 1
18 1
19 1
20 1
21 1
22 1
23 1
24 1
25 1
26 1
27 1
28 1
29 1
30 1
31 1
32 1
33 1
34 1
35 1
36 1
37 197
38 203
39 186
40 202
41 296
42 200
43 204
44 189
45 200
46 198
47 205
48 203
49 200
50 190
51 193
52 292
53 195
54 195
55 208
56 197
57 203
58 199
59 92
60 101
61 96
62 110
63 99
64 108
65 101
66 100
67 91
68 95
69 91
70 107
71 97
72 101
Edges
72
0 37 1
1 38 1
2 39 1
3 40 1
3 41 1
4 42 1
5 43 1
6 44 1
7 41 1
8 45 1
9 46 1
10 47 1
11 48 1
12 49 1
13 50 1
13 51 1
13 52 1
14 53 1
15 52 1
16 54 1
17 56 1
17 55 1
18 57 1
19 58 1
21 59 1
21 60 1
21 61 1
24 50 1
24 62 1
26 57 1
26 63 1
33 64 1
33 65 1
33 66 1
34 64 1
34 53 1
34 54 1
34 55 1
37 58 1
38 54 1
39 58 1
40 42 1
40 68 1
40 45 1
43 67 1
43 70 1
43 69 1
43 61 1
43 46 1
43 53 1
44 50 1
45 50 1
45 56 1
47 50 1
48 51 1
49 77 1
50 71 1
50 60 1
51 51 1
51 71 1
53 62 1
54 69 1
55 72 1
55 68 1
55 66 1
58 72 1
58 63 1
59 65 1
59 59 1
63 70 1
63 77 1
67 77 1
1
0 1 2 3 4 5 6 7 8 9 10 11 12 13 14 15 16 17 18 19
