Nodes
51
0 1
1 1
2 1
3 1
4 1
5 1
6 1
7 1
8 1
9 1
10 1
11 1
12 1
13 1
14 1
15 1
16 1
17 1
18 1
19 1
20 1
21 1
22 1
23 1
24 1
25 1
26 201
27 297
28 298
29 188
30 306
31 196
32 305
33 197
34 203
35 190
36 202
37 197
38 202
39 97
40 100
41 294
42 192
43 195
44 202
45 102
46 91
47 106
48 94
49 202
50 103
Edges
50
0 26 1
1 27 1
2 28 1
3 29 1
3 30 1
4 31 1
5 30 1
6 32 1
6 33 1
7 34 1
8 35 1
9 32 1
10 36 1
10 28 1
10 37 1
11 38 1
12 49 1
13 41 1
14 42 1
15 41 1
15 27 1
15 44 1
15 43 1
18 29 1
18 39 1
21 45 1
21 46 1
26 76 1
31 76 1
33 33 1
33 43 1
33 45 1
34 61 1
35 70 1
36 76 1
37 50 1
38 47 1
39 76 1
40 76 1
40 70 1
42 50 1
44 48 1
44 49 1
44 47 1
46 70 1
47 49 1
47 70 1
48 50 1
49 50 1
50 61 1
1
0 1 2 3 4 5 6 7 8 9 10 11 12 13 14 15
