Nodes
45
0 1
1 1
2 1
3 1
4 1
5 1
6 1
7 1
8 1
9 1
10 1
11 1
12 1
13 1
14 1
15 1
16 1
17 1
18 1
19 1
20 1
21 1
22 1
23 201
24 199
25 196
26 199
27 202
28 199
29 191
30 195
31 204
32 197
33 201
34 191
35 196
36 195
37 192
38 206
39 94
40 102
41 96
42 94
43 87
44 97
Edges
44
0 23 1
1 24 1
2 25 1
3 26 1
4 27 1
5 28 1
6 29 1
7 30 1
8 31 1
9 32 1
10 33 1
11 34 1
12 35 1
13 36 1
14 37 1
15 38 1
23 58 1
24 51 1
25 25 1
25 37 1
25 39 1
26 58 1
27 58 1
28 72 1
29 72 1
30 61 1
31 51 1
32 72 1
33 51 1
34 62 1
35 64 1
36 58 1
38 64 1
39 64 1
40 64 1
40 72 1
41 64 1
41 61 1
42 64 1
42 62 1
43 72 1
43 58 1
44 51 1
44 61 1
1
0 1 2 3 4 5 6 7 8 9 10 11 12 13 14 15
