Nodes
51
0 1
1 1
2 1
3 1
4 1
5 1
6 1
7 1
8 1
9 1
10 1
11 1
12 1
13 1
14 1
15 1
16 1
17 1
18 1
19 1
20 1
21 1
22 1
23 1
24 1
25 1
26 199
27 199
28 205
29 205
30 192
31 200
32 195
33 189
34 203
35 201
36 196
37 199
38 96
39 93
40 96
41 191
42 205
43 204
44 199
45 202
46 201
47 198
48 194
49 99
50 98
Edges
50
0 26 1
1 27 1
2 28 1
3 29 1
4 30 1
5 31 1
6 32 1
7 33 1
8 34 1
9 35 1
10 36 1
11 48 1
12 42 1
13 43 1
14 41 1
15 44 1
16 45 1
17 46 1
18 47 1
19 37 1
26 37 1
27 58 1
28 75 1
29 50 1
30 51 1
31 49 1
31 37 1
31 42 1
31 45 1
31 47 1
32 58 1
33 50 1
34 37 1
35 50 1
36 37 1
37 39 1
37 75 1
37 50 1
38 51 1
38 75 1
39 75 1
40 58 1
40 75 1
41 75 1
43 51 1
44 50 1
46 50 1
48 58 1
49 50 1
50 50 1
1
0 1 2 3 4 5 6 7 8 9 10 11 12 13 14 15 16 17 18 19
