Nodes
47
0 1
1 1
2 1
3 1
4 1
5 1
6 1
7 1
8 1
9 1
10 1
11 1
12 1
13 1
14 1
15 1
16 1
17 1
18 1
19 1
20 1
21 1
22 1
23 1
24 195
25 199
26 192
27 294
28 294
29 209
30 201
31 200
32 201
33 202
34 199
35 99
36 197
37 197
38 288
39 205
40 290
41 204
42 198
43 201
44 98
45 91
46 196
Edges
46
0 24 1
0 25 1
0 26 1
0 27 1
1 28 1
1 29 1
1 30 1
2 31 1
3 32 1
4 33 1
5 34 1
6 40 1
6 46 1
6 38 1
7 36 1
8 37 1
8 38 1
9 39 1
10 28 1
11 40 1
12 41 1
13 42 1
14 43 1
15 27 1
24 36 1
25 77 1
26 62 1
29 53 1
30 62 1
31 42 1
32 42 1
33 70 1
34 40 1
35 36 1
35 70 1
36 77 1
36 46 1
37 42 1
39 42 1
40 44 1
40 42 1
41 77 1
43 53 1
44 67 1
45 67 1
45 62 1
1
0 1 2 3 4 5 6 7 8 9 10 11 12 13 14 15
