Nodes
49
0 1
1 1
2 1
3 1
4 1
5 1
6 1
7 1
8 1
9 1
10 1
11 1
12 1
13 1
14 1
15 1
16 1
17 1
18 1
19 1
20 1
21 1
22 1
23 1
24 1
25 199
26 199
27 199
28 98
29 189
30 109
31 190
32 203
33 196
34 203
35 188
36 198
37 197
38 191
39 198
40 199
41 203
42 199
43 200
44 188
45 191
46 198
47 104
48 102
Edges
48
0 25 1
1 26 1
2 27 1
3 32 1
4 29 1
5 31 1
6 33 1
7 34 1
8 35 1
9 36 1
10 37 1
11 38 1
12 39 1
13 40 1
14 41 1
15 42 1
16 43 1
17 44 1
18 45 1
19 46 1
25 61 1
26 55 1
27 66 1
28 66 1
28 55 1
29 66 1
30 32 1
30 33 1
30 66 1
30 47 1
30 34 1
30 61 1
31 66 1
35 55 1
36 50 1
37 50 1
38 50 1
39 55 1
40 61 1
41 61 1
42 50 1
43 61 1
44 55 1
45 55 1
46 50 1
47 50 1
48 50 1
48 55 1
1
0 1 2 3 4 5 6 7 8 9 10 11 12 13 14 15 16 17 18 19
