Nodes
53
0 1
1 1
2 1
3 1
4 1
5 1
6 1
7 1
8 1
9 1
10 1
11 1
12 1
13 1
14 1
15 1
16 1
17 1
18 1
19 1
20 1
21 1
22 1
23 1
24 1
25 1
26 1
27 192
28 193
29 203
30 101
31 200
32 191
33 198
34 191
35 201
36 200
37 196
38 193
39 194
40 195
41 197
42 204
43 197
44 195
45 191
46 204
47 196
48 101
49 100
50 92
51 91
52 93
Edges
52
0 27 1
1 28 1
2 29 1
3 31 1
4 33 1
5 34 1
6 35 1
7 36 1
8 37 1
9 38 1
10 39 1
11 40 1
12 41 1
13 42 1
14 32 1
15 43 1
16 44 1
17 45 1
18 46 1
19 47 1
25 48 1
25 33 1
25 37 1
25 27 1
25 44 1
25 47 1
26 40 1
26 41 1
26 42 1
26 49 1
28 57 1
29 60 1
30 33 1
30 67 1
31 67 1
32 67 1
33 48 1
33 51 1
33 50 1
33 35 1
34 72 1
36 60 1
38 72 1
39 57 1
43 72 1
45 72 1
46 60 1
49 60 1
50 60 1
51 57 1
52 72 1
52 57 1
1
0 1 2 3 4 5 6 7 8 9 10 11 12 13 14 15 16 17 18 19
