Nodes
51
0 1
1 1
2 1
3 1
4 1
5 1
6 1
7 1
8 1
9 1
10 1
11 1
12 1
13 1
14 1
15 1
16 1
17 1
18 1
19 1
20 1
21 1
22 1
23 1
24 1
25 1
26 200
27 205
28 195
29 208
30 202
31 210
32 197
33 108
34 200
35 104
36 198
37 205
38 195
39 200
40 199
41 301
42 201
43 98
44 96
45 100
46 93
47 98
48 93
49 93
50 200
Edges
50
0 26 1
1 27 1
2 28 1
3 29 1
4 30 1
5 31 1
6 32 1
7 50 1
8 37 1
9 38 1
10 36 1
11 34 1
12 39 1
13 40 1
13 41 1
14 41 1
15 42 1
22 43 1
22 44 1
22 45 1
26 34 1
27 74 1
27 47 1
27 46 1
27 39 1
28 62 1
29 42 1
30 61 1
31 62 1
32 62 1
33 34 1
33 71 1
34 48 1
34 71 1
34 40 1
35 74 1
35 71 1
36 71 1
37 38 1
38 45 1
38 47 1
38 77 1
42 61 1
42 43 1
44 74 1
46 77 1
48 61 1
49 77 1
49 62 1
50 77 1
1
0 1 2 3 4 5 6 7 8 9 10 11 12 13 14 15
