Nodes
41
0 1
1 1
2 1
3 1
4 1
5 1
6 1
7 1
8 1
9 1
10 1
11 1
12 1
13 1
14 1
15 1
16 1
17 1
18 1
19 1
20 1
21 204
22 201
23 196
24 205
25 196
26 200
27 203
28 197
29 186
30 198
31 192
32 199
33 196
34 187
35 200
36 193
37 200
38 205
39 190
40 198
Edges
40
0 21 1
1 22 1
2 23 1
3 24 1
4 25 1
5 26 1
6 27 1
7 28 1
8 29 1
9 30 1
10 31 1
11 32 1
12 33 1
77 32 1
77 33 1
77 34 1
77 35 1
77 36 1
77 37 1
77 38 1
77 39 1
77 40 1
77 21 1
77 22 1
77 23 1
77 24 1
77 25 1
77 26 1
77 27 1
77 28 1
77 29 1
77 30 1
77 31 1
14 35 1
13 34 1
16 37 1
17 38 1
18 39 1
19 40 1
36 15 1
1
0 1 2 3 4 5 6 7 8 9 10 11 12 13 14 15 16 17 18 19
