Nodes
55
0 1
1 1
2 1
3 1
4 1
5 1
6 1
7 1
8 1
9 1
10 1
11 1
12 1
13 1
14 1
15 1
16 1
17 1
18 1
19 1
20 1
21 1
22 1
23 1
24 1
25 1
26 1
27 1
28 205
29 197
30 197
31 195
32 298
33 197
34 196
35 192
36 195
37 200
38 206
39 201
40 92
41 98
42 100
43 205
44 197
45 198
46 200
47 99
48 101
49 100
50 89
51 97
52 100
53 98
54 101
Edges
54
0 28 1
1 29 1
2 30 1
3 31 1
4 32 1
5 32 1
5 33 1
6 34 1
7 35 1
8 36 1
9 46 1
10 38 1
11 39 1
12 37 1
13 43 1
14 44 1
15 45 1
27 35 1
27 38 1
27 47 1
28 30 1
29 59 1
30 48 1
30 33 1
30 42 1
30 30 1
31 64 1
34 50 1
36 61 1
37 59 1
39 51 1
39 50 1
39 44 1
40 44 1
40 76 1
41 76 1
41 70 1
42 76 1
43 55 1
44 51 1
44 53 1
44 44 1
45 64 1
46 70 1
47 61 1
48 50 1
49 72 1
49 70 1
50 59 1
52 64 1
52 72 1
53 61 1
54 72 1
54 55 1
1
0 1 2 3 4 5 6 7 8 9 10 11 12 13 14 15
