Nodes
55
0 1
1 1
2 1
3 1
4 1
5 1
6 1
7 1
8 1
9 1
10 1
11 1
12 1
13 1
14 1
15 1
16 1
17 1
18 1
19 1
20 1
21 1
22 1
23 1
24 1
25 1
26 1
27 1
28 202
29 199
30 304
31 95
32 108
33 204
34 204
35 203
36 201
37 200
38 198
39 193
40 207
41 198
42 192
43 192
44 207
45 195
46 94
47 97
48 99
49 100
50 103
51 92
52 90
53 115
54 200
Edges
54
0 28 1
0 29 1
1 30 1
2 54 1
3 33 1
4 34 1
5 35 1
6 36 1
7 37 1
8 38 1
9 39 1
10 40 1
10 30 1
11 41 1
12 42 1
13 43 1
14 44 1
15 45 1
20 44 1
20 46 1
20 47 1
21 40 1
21 48 1
21 49 1
23 49 1
23 50 1
23 43 1
28 57 1
28 51 1
28 37 1
29 36 1
31 66 1
31 67 1
32 66 1
32 36 1
33 63 1
34 57 1
34 52 1
34 36 1
35 63 1
36 51 1
36 53 1
38 67 1
39 61 1
41 57 1
42 57 1
45 67 1
46 52 1
47 63 1
48 61 1
50 52 1
52 53 1
52 54 1
52 57 1
1
0 1 2 3 4 5 6 7 8 9 10 11 12 13 14 15
