Nodes
41
0 1
1 1
2 1
3 1
4 1
5 1
6 1
7 1
8 1
9 1
10 1
11 1
12 1
13 1
14 1
15 1
16 1
17 1
18 1
19 1
20 1
21 200
22 196
23 198
24 193
25 198
26 192
27 201
28 192
29 202
30 205
31 192
32 203
33 190
34 191
35 202
36 191
37 190
38 193
39 205
40 198
Edges
40
0 21 1
1 22 1
2 23 1
3 24 1
4 25 1
5 26 1
6 27 1
7 28 1
8 29 1
9 30 1
10 31 1
11 32 1
12 33 1
13 34 1
14 35 1
15 36 1
16 37 1
17 38 1
18 39 1
19 40 1
21 57 1
22 57 1
23 57 1
24 57 1
25 57 1
26 57 1
27 57 1
28 57 1
29 57 1
30 57 1
31 57 1
32 57 1
33 57 1
34 57 1
35 57 1
36 57 1
37 57 1
38 57 1
39 57 1
40 57 1
1
0 1 2 3 4 5 6 7 8 9 10 11 12 13 14 15 16 17 18 19
