Nodes
240
0 1
1 1
2 1
3 1
4 1
5 1
6 1
7 1
8 1
9 1
10 1
11 1
12 1
13 1
14 1
15 1
16 1
17 1
18 1
19 1
20 1
21 1
22 1
23 1
24 1
25 1
26 1
27 1
28 1
29 1
30 1
31 1
32 1
33 1
34 1
35 1
36 1
37 1
38 1
39 1
40 1
41 1
42 1
43 1
44 1
45 1
46 1
47 1
48 1
49 1
50 1
51 1
52 1
53 1
54 1
55 1
56 1
57 1
58 1
59 1
60 1
61 1
62 1
63 1
64 1
65 1
66 1
67 1
68 1
69 1
70 1
71 1
72 1
73 1
74 1
75 1
76 1
77 1
78 1
79 1
80 191
81 194
82 205
83 204
84 202
85 299
86 213
87 200
88 198
89 209
90 203
91 198
92 195
93 194
94 301
95 203
96 198
97 195
98 203
99 205
100 197
101 190
102 196
103 194
104 195
105 200
106 200
107 204
108 205
109 195
110 195
111 199
112 200
113 196
114 189
115 204
116 198
117 297
118 203
119 190
120 205
121 200
122 197
123 211
124 201
125 205
126 199
127 202
128 192
129 200
130 208
131 197
132 193
133 195
134 198
135 201
136 195
137 190
138 200
139 210
140 198
141 199
142 203
143 201
144 187
145 200
146 196
147 97
148 104
149 95
150 98
151 107
152 107
153 103
154 113
155 103
156 104
157 95
158 100
159 96
160 104
161 101
162 98
163 105
164 93
165 111
166 95
167 103
168 102
169 96
170 98
171 100
172 92
173 98
174 100
175 105
176 97
177 89
178 90
179 103
180 91
181 102
182 94
183 101
184 107
185 101
186 111
187 100
188 105
189 97
190 96
191 103
192 99
193 97
194 111
195 96
196 101
197 100
198 91
199 100
200 96
201 104
202 100
203 104
204 94
205 99
206 95
207 104
208 106
209 103
210 101
211 110
212 86
213 96
214 104
215 104
216 106
217 102
218 92
219 106
220 96
221 98
222 99
223 103
224 109
225 92
226 97
227 100
228 89
229 99
230 101
231 102
232 94
233 100
234 104
235 103
236 103
237 98
238 99
239 99
Edges
320
0 80 1
0 81 1
0 82 1
0 83 1
0 84 1
0 85 1
0 86 1
0 87 1
0 88 1
0 89 1
0 90 1
0 91 1
1 96 1
1 97 1
1 92 1
1 93 1
1 94 1
1 95 1
2 98 1
2 99 1
3 100 1
4 101 1
4 102 1
4 103 1
5 104 1
5 105 1
5 106 1
5 94 1
6 107 1
6 108 1
6 109 1
6 110 1
6 111 1
7 112 1
7 113 1
7 114 1
8 115 1
8 116 1
8 117 1
8 118 1
8 119 1
8 120 1
8 121 1
8 122 1
9 123 1
9 124 1
9 85 1
9 125 1
10 128 1
10 129 1
10 126 1
10 127 1
11 130 1
11 131 1
11 132 1
11 117 1
12 136 1
12 133 1
12 134 1
12 135 1
13 137 1
13 138 1
13 139 1
13 140 1
14 144 1
14 141 1
14 142 1
14 143 1
15 145 1
15 146 1
16 133 1
17 147 1
17 148 1
17 149 1
17 134 1
17 137 1
17 107 1
17 150 1
18 112 1
18 152 1
18 99 1
18 155 1
18 151 1
18 88 1
18 153 1
18 154 1
18 123 1
19 156 1
19 157 1
19 158 1
20 160 1
20 161 1
20 159 1
21 162 1
21 118 1
22 83 1
22 164 1
22 165 1
22 166 1
22 135 1
22 163 1
23 152 1
23 167 1
23 95 1
24 168 1
24 169 1
24 170 1
24 171 1
24 141 1
25 120 1
25 172 1
25 173 1
25 174 1
25 111 1
26 176 1
26 145 1
26 178 1
26 179 1
26 180 1
26 149 1
26 181 1
26 177 1
26 182 1
26 125 1
26 175 1
27 96 1
27 184 1
27 122 1
27 183 1
28 146 1
28 185 1
28 138 1
28 187 1
28 188 1
28 186 1
29 139 1
29 189 1
29 190 1
30 192 1
30 91 1
30 171 1
30 110 1
30 191 1
31 193 1
31 194 1
31 195 1
31 182 1
31 174 1
32 136 1
32 185 1
32 196 1
33 80 1
33 197 1
34 168 1
34 162 1
34 163 1
34 198 1
34 127 1
35 81 1
35 199 1
35 200 1
35 169 1
35 201 1
35 143 1
36 176 1
36 82 1
36 203 1
36 202 1
36 103 1
37 184 1
38 204 1
38 205 1
39 208 1
39 154 1
39 206 1
39 207 1
40 209 1
40 178 1
41 201 1
41 210 1
41 211 1
42 121 1
42 212 1
42 142 1
43 213 1
44 105 1
44 193 1
44 179 1
44 214 1
44 153 1
45 157 1
45 166 1
45 215 1
46 216 1
46 131 1
47 161 1
47 205 1
47 217 1
48 186 1
48 115 1
48 156 1
48 218 1
48 87 1
49 219 1
50 113 1
50 116 1
50 209 1
50 204 1
50 220 1
50 221 1
50 222 1
51 224 1
51 220 1
51 223 1
52 225 1
52 199 1
52 183 1
53 177 1
53 194 1
53 227 1
53 226 1
53 217 1
53 221 1
53 173 1
53 190 1
53 159 1
54 89 1
54 164 1
54 158 1
54 151 1
55 224 1
55 187 1
55 228 1
55 119 1
56 104 1
56 98 1
56 101 1
57 227 1
58 216 1
58 229 1
58 150 1
59 192 1
59 210 1
59 100 1
59 222 1
59 230 1
59 90 1
59 188 1
59 206 1
60 232 1
60 233 1
60 231 1
61 144 1
61 234 1
61 180 1
62 233 1
62 235 1
62 229 1
63 225 1
63 132 1
64 147 1
64 92 1
64 231 1
65 232 1
65 236 1
66 237 1
66 148 1
66 197 1
66 191 1
67 211 1
67 214 1
68 128 1
68 102 1
68 219 1
68 124 1
68 93 1
68 238 1
69 212 1
69 172 1
69 239 1
70 202 1
70 226 1
70 230 1
71 114 1
71 234 1
72 196 1
72 228 1
72 235 1
72 84 1
72 181 1
73 130 1
73 155 1
73 140 1
74 237 1
74 238 1
75 215 1
75 236 1
75 239 1
75 198 1
75 175 1
76 165 1
76 170 1
76 207 1
76 189 1
76 126 1
76 109 1
77 106 1
77 167 1
78 160 1
78 129 1
78 195 1
78 200 1
78 223 1
79 208 1
79 97 1
79 213 1
79 86 1
79 218 1
79 203 1
79 108 1
1
0 1 2 3 4 5 6 7 8 9 10 11 12 13 14 15
