Nodes
240
0 1
1 1
2 1
3 1
4 1
5 1
6 1
7 1
8 1
9 1
10 1
11 1
12 1
13 1
14 1
15 1
16 1
17 1
18 1
19 1
20 1
21 1
22 1
23 1
24 1
25 1
26 1
27 1
28 1
29 1
30 1
31 1
32 1
33 1
34 1
35 1
36 1
37 1
38 1
39 1
40 1
41 1
42 1
43 1
44 1
45 1
46 1
47 1
48 1
49 1
50 1
51 1
52 1
53 1
54 1
55 1
56 1
57 1
58 1
59 1
60 1
61 1
62 1
63 1
64 1
65 1
66 1
67 1
68 1
69 1
70 1
71 1
72 1
73 1
74 1
75 1
76 1
77 1
78 1
79 1
80 196
81 197
82 197
83 200
84 199
85 207
86 205
87 196
88 200
89 197
90 192
91 199
92 195
93 197
94 198
95 203
96 197
97 201
98 198
99 200
100 202
101 195
102 192
103 192
104 199
105 195
106 206
107 200
108 204
109 199
110 103
111 95
112 105
113 99
114 99
115 101
116 105
117 103
118 101
119 100
120 97
121 99
122 102
123 108
124 101
125 94
126 102
127 100
128 83
129 100
130 109
131 102
132 98
133 98
134 101
135 96
136 98
137 108
138 102
139 97
140 92
141 95
142 95
143 94
144 94
145 98
146 95
147 104
148 88
149 90
150 97
151 99
152 91
153 99
154 104
155 101
156 91
157 93
158 104
159 102
160 95
161 108
162 97
163 99
164 106
165 95
166 93
167 107
168 104
169 103
170 99
171 95
172 97
173 99
174 93
175 98
176 102
177 101
178 94
179 107
180 102
181 100
182 101
183 94
184 108
185 99
186 99
187 98
188 107
189 93
190 98
191 97
192 99
193 97
194 106
195 100
196 111
197 105
198 99
199 101
200 97
201 92
202 99
203 110
204 101
205 99
206 92
207 105
208 93
209 90
210 102
211 98
212 98
213 88
214 101
215 90
216 97
217 94
218 85
219 99
220 97
221 105
222 108
223 100
224 94
225 101
226 105
227 92
228 99
229 93
230 102
231 102
232 102
233 102
234 108
235 100
236 95
237 88
238 94
239 95
Edges
320
0 80 1
0 81 1
0 82 1
0 83 1
0 84 1
0 85 1
0 86 1
0 87 1
0 88 1
0 89 1
1 90 1
1 91 1
2 96 1
2 97 1
2 98 1
2 92 1
2 93 1
2 94 1
2 95 1
3 99 1
3 100 1
3 101 1
4 104 1
4 102 1
4 103 1
5 105 1
5 106 1
5 107 1
5 108 1
5 109 1
6 110 1
7 112 1
7 113 1
7 111 1
8 114 1
8 115 1
8 116 1
9 118 1
9 117 1
9 102 1
9 119 1
10 120 1
10 121 1
10 122 1
11 122 1
11 123 1
11 124 1
11 125 1
11 126 1
11 127 1
12 128 1
12 129 1
12 130 1
12 131 1
13 132 1
13 133 1
14 89 1
14 134 1
14 135 1
15 119 1
15 136 1
15 137 1
15 138 1
15 139 1
15 140 1
15 141 1
15 142 1
15 143 1
16 136 1
16 144 1
16 146 1
16 147 1
16 145 1
17 106 1
17 148 1
17 149 1
17 150 1
17 151 1
18 112 1
18 129 1
18 152 1
18 154 1
18 153 1
19 82 1
19 155 1
19 156 1
19 157 1
19 158 1
19 159 1
20 160 1
20 161 1
20 162 1
20 131 1
20 163 1
21 164 1
22 165 1
22 166 1
22 167 1
23 168 1
23 169 1
24 170 1
24 171 1
24 110 1
24 95 1
25 172 1
25 173 1
25 134 1
25 174 1
26 176 1
26 177 1
26 174 1
26 175 1
27 178 1
27 179 1
27 180 1
27 181 1
27 88 1
27 157 1
27 142 1
28 161 1
28 158 1
29 104 1
29 182 1
30 184 1
30 185 1
30 183 1
31 186 1
31 164 1
31 127 1
32 188 1
32 187 1
32 132 1
32 189 1
33 144 1
33 192 1
33 193 1
33 92 1
33 190 1
33 191 1
34 194 1
34 123 1
34 195 1
35 178 1
35 196 1
36 152 1
36 197 1
36 198 1
37 200 1
37 179 1
37 199 1
37 195 1
37 183 1
38 201 1
39 171 1
39 140 1
40 114 1
40 148 1
40 133 1
40 120 1
40 202 1
40 203 1
40 204 1
40 141 1
40 111 1
41 156 1
41 205 1
41 206 1
42 107 1
42 103 1
42 149 1
42 87 1
43 146 1
43 181 1
43 198 1
44 208 1
44 209 1
44 210 1
44 211 1
44 165 1
44 175 1
44 207 1
45 210 1
45 212 1
45 213 1
45 206 1
46 116 1
46 101 1
46 214 1
47 177 1
47 215 1
48 216 1
48 137 1
48 218 1
48 217 1
49 80 1
49 176 1
49 219 1
49 90 1
49 187 1
49 220 1
49 221 1
50 216 1
50 193 1
50 194 1
50 222 1
50 223 1
51 224 1
51 225 1
51 138 1
51 205 1
52 113 1
52 83 1
52 115 1
52 227 1
52 201 1
52 154 1
52 170 1
52 226 1
53 228 1
53 229 1
53 230 1
54 84 1
54 93 1
54 167 1
55 185 1
55 231 1
56 128 1
56 124 1
56 212 1
56 105 1
56 172 1
56 190 1
56 207 1
57 96 1
57 121 1
57 228 1
57 173 1
57 86 1
58 200 1
58 153 1
58 99 1
58 191 1
59 192 1
59 117 1
59 232 1
59 233 1
59 204 1
59 221 1
60 234 1
60 188 1
60 222 1
61 232 1
61 235 1
61 236 1
61 229 1
61 151 1
62 233 1
62 218 1
62 213 1
62 234 1
62 237 1
63 211 1
63 227 1
64 197 1
64 238 1
65 226 1
65 163 1
65 94 1
66 162 1
66 150 1
66 239 1
67 81 1
68 160 1
68 225 1
68 147 1
69 217 1
69 139 1
69 182 1
70 202 1
70 155 1
70 180 1
70 189 1
71 224 1
71 85 1
71 230 1
71 135 1
71 219 1
71 236 1
71 238 1
71 231 1
72 97 1
72 203 1
72 220 1
72 214 1
72 215 1
73 208 1
73 199 1
73 186 1
73 223 1
73 239 1
73 109 1
73 125 1
74 196 1
74 237 1
75 168 1
75 209 1
75 130 1
75 100 1
76 126 1
77 184 1
77 169 1
77 159 1
77 143 1
78 91 1
78 108 1
78 166 1
78 118 1
78 235 1
79 145 1
79 98 1
1
0 1 2 3 4 5
