Nodes
240
0 1
1 1
2 1
3 1
4 1
5 1
6 1
7 1
8 1
9 1
10 1
11 1
12 1
13 1
14 1
15 1
16 1
17 1
18 1
19 1
20 1
21 1
22 1
23 1
24 1
25 1
26 1
27 1
28 1
29 1
30 1
31 1
32 1
33 1
34 1
35 1
36 1
37 1
38 1
39 1
40 1
41 1
42 1
43 1
44 1
45 1
46 1
47 1
48 1
49 1
50 1
51 1
52 1
53 1
54 1
55 1
56 1
57 1
58 1
59 1
60 1
61 1
62 1
63 1
64 1
65 1
66 1
67 1
68 1
69 1
70 1
71 1
72 1
73 1
74 1
75 1
76 1
77 1
78 1
79 1
80 196
81 198
82 200
83 203
84 202
85 194
86 200
87 205
88 198
89 201
90 205
91 198
92 195
93 208
94 193
95 198
96 201
97 298
98 202
99 195
100 193
101 210
102 201
103 197
104 200
105 202
106 200
107 197
108 200
109 201
110 205
111 195
112 192
113 202
114 196
115 195
116 198
117 205
118 203
119 202
120 196
121 200
122 200
123 199
124 196
125 199
126 202
127 201
128 203
129 301
130 197
131 197
132 202
133 200
134 201
135 101
136 106
137 99
138 101
139 97
140 93
141 100
142 102
143 108
144 95
145 103
146 97
147 100
148 93
149 96
150 103
151 94
152 100
153 98
154 93
155 97
156 103
157 92
158 100
159 97
160 101
161 99
162 99
163 102
164 98
165 100
166 95
167 98
168 92
169 106
170 98
171 103
172 93
173 92
174 103
175 105
176 98
177 98
178 98
179 98
180 95
181 98
182 92
183 95
184 99
185 101
186 98
187 103
188 104
189 104
190 108
191 93
192 95
193 95
194 98
195 100
196 100
197 91
198 99
199 108
200 101
201 109
202 100
203 100
204 102
205 98
206 93
207 103
208 111
209 106
210 107
211 95
212 93
213 100
214 100
215 105
216 98
217 94
218 98
219 95
220 92
221 98
222 95
223 97
224 93
225 99
226 100
227 103
228 110
229 105
230 92
231 93
232 97
233 99
234 109
235 96
236 104
237 98
238 104
239 101
Edges
320
0 80 1
0 81 1
0 82 1
0 83 1
0 84 1
0 85 1
1 88 1
1 86 1
1 87 1
2 89 1
2 90 1
2 91 1
2 92 1
3 93 1
3 94 1
3 95 1
4 96 1
4 97 1
4 98 1
5 99 1
5 100 1
5 101 1
6 97 1
6 102 1
6 103 1
7 104 1
7 105 1
7 106 1
7 107 1
7 108 1
8 109 1
8 110 1
8 111 1
9 112 1
9 113 1
9 114 1
9 115 1
10 116 1
10 117 1
10 118 1
10 119 1
11 120 1
11 121 1
12 122 1
12 123 1
13 128 1
13 129 1
13 124 1
13 125 1
13 126 1
13 127 1
14 129 1
14 130 1
14 131 1
15 132 1
15 133 1
15 134 1
16 136 1
16 137 1
16 135 1
17 138 1
17 139 1
17 109 1
18 112 1
18 140 1
18 141 1
18 142 1
19 88 1
19 144 1
19 143 1
20 145 1
20 146 1
20 94 1
21 147 1
22 114 1
22 155 1
22 148 1
22 149 1
22 150 1
22 151 1
22 152 1
22 153 1
22 154 1
22 139 1
23 137 1
23 131 1
23 156 1
23 157 1
24 160 1
24 161 1
24 162 1
24 104 1
24 158 1
24 159 1
25 163 1
25 164 1
25 135 1
26 99 1
26 165 1
26 166 1
27 167 1
27 168 1
27 169 1
27 122 1
27 171 1
27 172 1
27 170 1
28 161 1
28 165 1
28 173 1
29 176 1
29 177 1
29 146 1
29 174 1
29 175 1
30 162 1
30 95 1
31 178 1
31 179 1
31 180 1
31 181 1
31 182 1
31 155 1
32 184 1
32 185 1
32 156 1
32 183 1
33 120 1
33 186 1
33 147 1
33 187 1
33 183 1
34 82 1
34 132 1
34 191 1
34 188 1
34 125 1
34 190 1
34 189 1
35 169 1
36 141 1
36 150 1
37 192 1
37 193 1
37 194 1
38 152 1
38 170 1
38 110 1
39 195 1
39 196 1
39 197 1
39 126 1
39 111 1
40 200 1
40 201 1
40 84 1
40 198 1
40 199 1
41 202 1
41 203 1
41 204 1
41 205 1
42 153 1
42 186 1
42 203 1
42 93 1
42 206 1
42 207 1
43 208 1
43 209 1
43 210 1
43 140 1
43 86 1
44 208 1
44 164 1
44 181 1
44 207 1
45 193 1
45 211 1
45 212 1
45 102 1
45 185 1
45 154 1
46 96 1
46 213 1
46 214 1
47 216 1
47 201 1
47 210 1
47 215 1
48 80 1
48 217 1
48 158 1
49 192 1
49 81 1
49 178 1
49 213 1
49 105 1
49 218 1
49 219 1
49 220 1
49 142 1
49 175 1
50 128 1
50 145 1
50 148 1
50 206 1
50 209 1
51 221 1
51 222 1
51 215 1
52 163 1
52 117 1
52 223 1
52 173 1
53 176 1
53 224 1
53 179 1
53 118 1
53 151 1
53 225 1
53 91 1
53 220 1
53 211 1
54 180 1
55 144 1
55 226 1
55 119 1
56 202 1
56 227 1
57 217 1
57 228 1
57 198 1
58 90 1
58 227 1
58 229 1
58 214 1
59 230 1
59 127 1
60 216 1
60 196 1
60 133 1
61 98 1
61 226 1
61 134 1
61 191 1
62 113 1
62 101 1
62 182 1
62 103 1
62 219 1
62 92 1
62 231 1
62 230 1
63 200 1
63 232 1
63 130 1
63 205 1
64 233 1
64 124 1
65 194 1
65 195 1
65 167 1
65 89 1
65 234 1
65 223 1
66 168 1
66 225 1
66 106 1
66 188 1
66 222 1
67 184 1
67 233 1
67 83 1
68 107 1
68 189 1
68 174 1
68 229 1
69 232 1
69 197 1
70 123 1
70 235 1
70 159 1
71 160 1
71 116 1
71 166 1
71 199 1
71 121 1
71 236 1
71 190 1
71 143 1
72 177 1
72 234 1
73 171 1
73 157 1
73 221 1
74 228 1
74 149 1
74 87 1
74 204 1
74 236 1
74 237 1
75 212 1
75 100 1
76 136 1
76 138 1
76 238 1
76 239 1
77 115 1
77 231 1
77 108 1
77 218 1
77 235 1
77 172 1
77 238 1
78 187 1
78 85 1
79 224 1
79 237 1
79 239 1
1
0 1 2 3 4 5 6 7 8 9 10 11 12 13 14 15
