Nodes
430
0 1
1 1
2 1
3 1
4 1
5 1
6 1
7 1
8 1
9 1
10 1
11 1
12 1
13 1
14 1
15 1
16 1
17 1
18 1
19 1
20 1
21 1
22 1
23 1
24 1
25 1
26 1
27 1
28 1
29 1
30 1
31 1
32 1
33 1
34 1
35 1
36 1
37 1
38 1
39 1
40 1
41 1
42 1
43 1
44 1
45 1
46 1
47 1
48 1
49 1
50 1
51 1
52 1
53 1
54 1
55 1
56 1
57 1
58 1
59 1
60 1
61 1
62 1
63 1
64 1
65 1
66 1
67 1
68 1
69 1
70 1
71 1
72 1
73 1
74 1
75 1
76 1
77 1
78 1
79 1
80 195
81 197
82 294
83 196
84 200
85 197
86 201
87 194
88 203
89 208
90 189
91 199
92 193
93 197
94 195
95 200
96 198
97 195
98 195
99 194
100 205
101 205
102 195
103 307
104 202
105 198
106 195
107 191
108 200
109 196
110 197
111 192
112 200
113 204
114 198
115 203
116 198
117 199
118 206
119 204
120 205
121 187
122 210
123 201
124 204
125 201
126 203
127 190
128 208
129 198
130 93
131 102
132 106
133 103
134 93
135 94
136 103
137 94
138 104
139 90
140 97
141 102
142 93
143 98
144 102
145 94
146 101
147 98
148 99
149 96
150 101
151 92
152 100
153 98
154 103
155 100
156 99
157 104
158 92
159 96
160 99
161 97
162 103
163 112
164 100
165 99
166 96
167 96
168 105
169 99
170 95
171 97
172 99
173 96
174 102
175 94
176 102
177 103
178 104
179 91
180 99
181 97
182 104
183 96
184 100
185 94
186 104
187 97
188 91
189 102
190 101
191 110
192 98
193 103
194 95
195 99
196 95
197 93
198 94
199 92
200 95
201 101
202 99
203 99
204 100
205 90
206 101
207 100
208 99
209 98
210 101
211 102
212 103
213 99
214 102
215 106
216 97
217 101
218 97
219 104
220 88
221 91
222 109
223 92
224 106
225 105
226 102
227 98
228 102
229 99
230 96
231 92
232 101
233 99
234 99
235 101
236 105
237 96
238 102
239 110
240 99
241 109
242 100
243 100
244 98
245 98
246 104
247 99
248 101
249 95
250 92
251 93
252 105
253 90
254 99
255 101
256 99
257 97
258 100
259 102
260 110
261 92
262 99
263 98
264 98
265 90
266 86
267 105
268 105
269 98
270 102
271 102
272 92
273 98
274 96
275 97
276 105
277 110
278 110
279 100
280 104
281 96
282 104
283 99
284 93
285 96
286 96
287 107
288 96
289 94
290 100
291 104
292 94
293 92
294 105
295 96
296 107
297 103
298 96
299 102
300 98
301 103
302 98
303 96
304 105
305 102
306 100
307 98
308 97
309 101
310 93
311 100
312 96
313 96
314 99
315 90
316 95
317 105
318 94
319 100
320 92
321 91
322 95
323 102
324 109
325 95
326 103
327 93
328 102
329 105
330 97
331 91
332 112
333 101
334 98
335 115
336 97
337 106
338 91
339 96
340 99
341 100
342 106
343 105
344 92
345 99
346 109
347 95
348 110
349 105
350 100
351 99
352 94
353 98
354 109
355 102
356 96
357 110
358 103
359 98
360 95
361 95
362 102
363 99
364 90
365 110
366 101
367 96
368 101
369 96
370 107
371 104
372 94
373 104
374 99
375 102
376 107
377 90
378 101
379 105
380 94
381 96
382 103
383 106
384 104
385 102
386 103
387 109
388 99
389 101
390 107
391 92
392 98
393 96
394 102
395 109
396 98
397 102
398 98
399 101
400 98
401 104
402 97
403 106
404 99
405 108
406 95
407 103
408 94
409 103
410 103
411 101
412 92
413 107
414 92
415 101
416 99
417 106
418 100
419 96
420 105
421 93
422 94
423 96
424 100
425 97
426 94
427 99
428 104
429 100
Edges
700
0 80 1
0 81 1
0 82 1
0 83 1
0 84 1
0 85 1
0 86 1
0 87 1
0 88 1
0 89 1
0 90 1
1 96 1
1 97 1
1 98 1
1 99 1
1 100 1
1 101 1
1 102 1
1 91 1
1 92 1
1 93 1
1 94 1
1 95 1
2 112 1
2 103 1
2 104 1
2 105 1
2 106 1
2 107 1
2 108 1
2 109 1
2 110 1
2 111 1
3 113 1
3 82 1
3 115 1
3 116 1
3 117 1
3 103 1
3 114 1
4 120 1
4 121 1
4 122 1
4 118 1
4 119 1
5 128 1
5 129 1
5 123 1
5 124 1
5 125 1
5 126 1
5 127 1
6 130 1
6 131 1
6 132 1
6 133 1
6 134 1
6 135 1
6 136 1
6 137 1
6 138 1
6 139 1
7 144 1
7 145 1
7 146 1
7 140 1
7 141 1
7 142 1
7 143 1
8 147 1
8 148 1
8 149 1
8 150 1
8 151 1
8 152 1
8 153 1
8 143 1
9 160 1
9 161 1
9 162 1
9 163 1
9 154 1
9 155 1
9 156 1
9 157 1
9 158 1
9 159 1
10 160 1
10 164 1
10 165 1
10 150 1
10 167 1
10 166 1
11 175 1
11 132 1
11 168 1
11 169 1
11 170 1
11 171 1
11 172 1
11 109 1
11 174 1
11 173 1
12 176 1
12 177 1
12 178 1
12 179 1
12 116 1
12 181 1
12 180 1
12 89 1
12 182 1
13 184 1
13 183 1
13 120 1
13 185 1
13 186 1
13 187 1
14 188 1
14 146 1
14 124 1
14 189 1
14 190 1
15 112 1
15 192 1
15 193 1
15 191 1
16 80 1
16 194 1
16 195 1
16 196 1
16 197 1
16 198 1
16 199 1
16 200 1
16 201 1
16 202 1
17 208 1
17 209 1
17 210 1
17 147 1
17 203 1
17 204 1
17 205 1
17 206 1
17 207 1
18 219 1
18 174 1
18 211 1
18 212 1
18 213 1
18 214 1
18 215 1
18 216 1
18 217 1
18 218 1
18 123 1
18 220 1
19 224 1
19 225 1
19 226 1
19 227 1
19 148 1
19 104 1
19 221 1
19 222 1
19 223 1
20 228 1
20 229 1
20 230 1
20 231 1
20 232 1
20 233 1
20 234 1
20 235 1
21 97 1
21 236 1
21 237 1
21 238 1
21 239 1
21 240 1
21 241 1
21 242 1
21 243 1
21 244 1
21 245 1
21 246 1
21 185 1
22 197 1
22 247 1
22 248 1
22 249 1
22 250 1
22 251 1
22 252 1
22 253 1
22 254 1
22 255 1
23 256 1
23 257 1
23 178 1
23 259 1
23 258 1
23 125 1
24 98 1
24 260 1
24 261 1
24 262 1
24 199 1
24 264 1
24 263 1
25 268 1
25 88 1
25 265 1
25 266 1
25 267 1
25 188 1
25 269 1
26 272 1
26 273 1
26 114 1
26 152 1
26 218 1
26 270 1
26 271 1
27 274 1
27 275 1
27 276 1
27 277 1
27 278 1
27 279 1
27 280 1
27 137 1
27 281 1
28 287 1
28 181 1
28 127 1
28 282 1
28 283 1
28 284 1
28 285 1
28 286 1
28 101 1
29 288 1
29 289 1
29 290 1
29 291 1
29 292 1
29 293 1
29 294 1
29 201 1
29 234 1
29 110 1
29 153 1
29 253 1
30 300 1
30 294 1
30 295 1
30 296 1
30 297 1
30 298 1
30 299 1
30 204 1
31 304 1
31 305 1
31 306 1
31 255 1
31 301 1
31 302 1
31 303 1
32 307 1
32 228 1
32 309 1
32 310 1
32 311 1
32 308 1
32 154 1
32 282 1
32 301 1
33 312 1
33 274 1
33 131 1
33 313 1
33 184 1
33 307 1
33 203 1
33 222 1
34 316 1
34 314 1
34 315 1
34 92 1
34 237 1
35 276 1
35 317 1
35 318 1
35 319 1
36 320 1
36 321 1
36 322 1
36 323 1
36 324 1
36 133 1
36 231 1
36 170 1
36 298 1
36 238 1
37 193 1
37 331 1
37 326 1
37 261 1
37 325 1
37 327 1
37 328 1
37 329 1
37 106 1
37 171 1
37 271 1
37 84 1
37 309 1
37 239 1
37 330 1
37 94 1
37 287 1
38 256 1
38 177 1
38 332 1
38 333 1
38 334 1
38 319 1
39 336 1
39 337 1
39 338 1
39 339 1
39 277 1
39 135 1
39 266 1
39 335 1
40 288 1
40 299 1
40 267 1
40 108 1
40 336 1
40 340 1
40 341 1
40 342 1
40 343 1
40 344 1
40 87 1
40 314 1
41 240 1
41 113 1
41 346 1
41 86 1
41 278 1
41 225 1
41 345 1
41 317 1
41 341 1
41 289 1
41 304 1
42 144 1
42 241 1
42 162 1
42 279 1
42 136 1
42 220 1
42 272 1
43 305 1
43 212 1
43 180 1
43 347 1
43 348 1
43 285 1
43 349 1
44 233 1
44 350 1
44 334 1
44 351 1
45 352 1
45 145 1
45 243 1
45 117 1
45 353 1
45 90 1
46 96 1
46 129 1
46 354 1
46 163 1
46 321 1
46 227 1
46 328 1
46 356 1
46 339 1
46 355 1
46 190 1
47 290 1
47 358 1
47 306 1
47 166 1
47 357 1
48 130 1
48 329 1
48 359 1
48 360 1
48 217 1
48 302 1
49 229 1
49 361 1
49 265 1
49 362 1
49 363 1
49 364 1
49 141 1
49 365 1
50 226 1
50 342 1
50 312 1
50 345 1
50 367 1
50 349 1
50 366 1
50 335 1
51 194 1
51 230 1
51 297 1
51 368 1
51 369 1
51 370 1
51 371 1
51 372 1
51 373 1
51 374 1
51 343 1
51 169 1
51 155 1
51 284 1
51 191 1
52 322 1
52 83 1
52 244 1
52 358 1
52 375 1
52 376 1
52 332 1
52 223 1
53 224 1
53 249 1
53 366 1
53 149 1
53 344 1
54 85 1
54 377 1
54 361 1
54 330 1
54 379 1
54 378 1
54 245 1
55 291 1
55 198 1
55 246 1
55 380 1
55 316 1
55 158 1
55 373 1
56 384 1
56 257 1
56 378 1
56 382 1
56 380 1
56 250 1
56 383 1
56 172 1
56 333 1
56 142 1
56 381 1
57 385 1
57 386 1
57 99 1
57 292 1
57 165 1
57 232 1
57 389 1
57 362 1
57 331 1
57 387 1
57 310 1
57 388 1
57 382 1
57 159 1
58 393 1
58 392 1
58 100 1
58 293 1
58 374 1
58 391 1
58 360 1
58 313 1
58 390 1
59 258 1
59 251 1
59 263 1
59 394 1
59 395 1
59 396 1
59 397 1
59 273 1
59 115 1
59 119 1
59 219 1
59 348 1
59 189 1
60 161 1
60 338 1
60 311 1
60 396 1
60 269 1
60 398 1
60 399 1
61 400 1
61 401 1
61 397 1
61 286 1
62 401 1
62 402 1
62 403 1
62 404 1
62 209 1
62 157 1
62 175 1
63 235 1
63 407 1
63 405 1
63 102 1
63 167 1
63 139 1
63 406 1
64 320 1
64 354 1
64 91 1
64 295 1
64 379 1
64 140 1
64 183 1
64 268 1
64 386 1
64 270 1
64 375 1
64 236 1
64 247 1
64 408 1
64 409 1
64 410 1
64 347 1
64 411 1
64 350 1
65 385 1
65 211 1
65 406 1
65 168 1
65 186 1
65 412 1
65 413 1
65 398 1
66 128 1
66 81 1
66 283 1
66 308 1
66 368 1
66 248 1
66 355 1
66 176 1
66 414 1
66 415 1
67 416 1
67 417 1
67 418 1
67 419 1
67 260 1
67 179 1
67 359 1
67 296 1
67 395 1
67 403 1
67 275 1
67 405 1
67 420 1
67 164 1
67 325 1
68 416 1
68 195 1
68 421 1
68 422 1
68 423 1
68 105 1
68 300 1
68 221 1
68 377 1
68 156 1
68 93 1
68 390 1
69 384 1
69 411 1
69 196 1
69 134 1
69 326 1
69 391 1
69 264 1
69 425 1
69 111 1
69 400 1
69 424 1
69 210 1
69 420 1
69 122 1
69 315 1
69 389 1
70 352 1
70 417 1
70 259 1
70 340 1
70 213 1
70 327 1
70 409 1
70 107 1
71 418 1
71 357 1
71 200 1
71 426 1
71 427 1
71 428 1
71 399 1
71 369 1
71 404 1
71 408 1
71 414 1
71 351 1
72 372 1
72 429 1
72 426 1
72 363 1
72 173 1
72 206 1
72 381 1
73 353 1
73 419 1
73 356 1
73 415 1
73 214 1
73 365 1
73 388 1
73 383 1
73 205 1
73 126 1
73 303 1
74 192 1
74 337 1
74 323 1
74 421 1
74 215 1
74 376 1
74 364 1
74 429 1
75 208 1
75 392 1
75 242 1
75 118 1
75 280 1
75 427 1
75 402 1
76 370 1
76 407 1
76 422 1
76 151 1
76 424 1
76 138 1
76 187 1
76 252 1
76 318 1
77 425 1
77 387 1
77 410 1
77 413 1
77 121 1
77 202 1
77 423 1
77 394 1
77 254 1
77 367 1
78 371 1
78 324 1
78 281 1
78 346 1
78 428 1
78 412 1
78 95 1
79 216 1
79 393 1
79 262 1
79 182 1
79 207 1
1
0 1 2 3 4 5
