Nodes
3240
0 1
1 1
2 1
3 1
4 1
5 1
6 1
7 1
8 1
9 1
10 1
11 1
12 1
13 1
14 1
15 1
16 1
17 1
18 1
19 1
20 1
21 1
22 1
23 1
24 1
25 1
26 1
27 1
28 1
29 1
30 1
31 1
32 1
33 1
34 1
35 1
36 1
37 1
38 1
39 1
40 1
41 1
42 1
43 1
44 1
45 1
46 1
47 1
48 1
49 1
50 1
51 1
52 1
53 1
54 1
55 1
56 1
57 1
58 1
59 1
60 1
61 1
62 1
63 1
64 1
65 1
66 1
67 1
68 1
69 1
70 1
71 1
72 1
73 1
74 1
75 1
76 1
77 1
78 1
79 1
80 301
81 300
82 302
83 299
84 300
85 206
86 196
87 201
88 202
89 201
90 200
91 201
92 194
93 201
94 196
95 196
96 199
97 200
98 200
99 196
100 203
101 199
102 211
103 200
104 197
105 209
106 203
107 199
108 201
109 203
110 198
111 196
112 207
113 210
114 202
115 193
116 200
117 194
118 204
119 206
120 203
121 193
122 196
123 203
124 198
125 190
126 192
127 199
128 202
129 206
130 197
131 196
132 201
133 200
134 197
135 192
136 193
137 210
138 206
139 199
140 201
141 195
142 202
143 198
144 192
145 197
146 201
147 196
148 197
149 200
150 198
151 199
152 195
153 190
154 210
155 202
156 200
157 206
158 200
159 295
160 298
161 300
162 293
163 210
164 196
165 205
166 205
167 203
168 196
169 207
170 198
171 204
172 199
173 200
174 201
175 203
176 194
177 202
178 210
179 201
180 192
181 202
182 201
183 202
184 199
185 202
186 194
187 196
188 192
189 198
190 198
191 198
192 205
193 201
194 202
195 198
196 201
197 200
198 198
199 206
200 200
201 200
202 197
203 194
204 201
205 198
206 196
207 204
208 198
209 189
210 199
211 207
212 195
213 193
214 210
215 197
216 202
217 207
218 197
219 198
220 194
221 200
222 207
223 200
224 202
225 206
226 208
227 198
228 201
229 198
230 202
231 195
232 197
233 198
234 204
235 207
236 196
237 302
238 298
239 297
240 195
241 205
242 209
243 204
244 195
245 201
246 198
247 203
248 205
249 203
250 203
251 196
252 193
253 208
254 204
255 198
256 201
257 206
258 198
259 197
260 199
261 205
262 194
263 197
264 202
265 193
266 200
267 201
268 207
269 194
270 201
271 200
272 199
273 198
274 202
275 198
276 209
277 203
278 198
279 205
280 192
281 200
282 197
283 187
284 196
285 205
286 201
287 204
288 193
289 205
290 196
291 204
292 190
293 199
294 204
295 200
296 204
297 195
298 203
299 200
300 193
301 204
302 198
303 199
304 197
305 210
306 204
307 191
308 193
309 204
310 198
311 200
312 199
313 197
314 286
315 301
316 196
317 205
318 201
319 203
320 198
321 196
322 202
323 203
324 200
325 200
326 206
327 204
328 194
329 203
330 206
331 202
332 192
333 207
334 202
335 202
336 195
337 189
338 202
339 208
340 205
341 203
342 206
343 203
344 193
345 197
346 203
347 188
348 203
349 191
350 192
351 198
352 204
353 204
354 197
355 191
356 204
357 197
358 198
359 201
360 207
361 204
362 204
363 197
364 195
365 194
366 200
367 198
368 199
369 199
370 203
371 191
372 212
373 203
374 203
375 202
376 199
377 205
378 203
379 197
380 202
381 203
382 196
383 200
384 203
385 202
386 200
387 205
388 200
389 212
390 299
391 193
392 198
393 202
394 199
395 202
396 197
397 202
398 200
399 194
400 194
401 194
402 199
403 199
404 195
405 201
406 196
407 203
408 190
409 200
410 196
411 204
412 192
413 204
414 194
415 202
416 199
417 204
418 200
419 198
420 196
421 200
422 197
423 196
424 200
425 196
426 195
427 192
428 196
429 200
430 194
431 200
432 194
433 200
434 208
435 199
436 205
437 198
438 213
439 203
440 197
441 204
442 192
443 203
444 203
445 210
446 198
447 202
448 193
449 207
450 201
451 198
452 207
453 209
454 207
455 200
456 206
457 193
458 193
459 198
460 193
461 199
462 200
463 202
464 193
465 206
466 207
467 200
468 196
469 202
470 205
471 199
472 193
473 207
474 201
475 199
476 198
477 198
478 197
479 200
480 199
481 195
482 197
483 194
484 200
485 204
486 197
487 207
488 194
489 203
490 207
491 202
492 199
493 191
494 202
495 201
496 201
497 202
498 201
499 202
500 200
501 208
502 195
503 200
504 203
505 197
506 193
507 185
508 204
509 204
510 193
511 202
512 197
513 207
514 206
515 204
516 201
517 203
518 187
519 204
520 199
521 201
522 199
523 205
524 202
525 207
526 209
527 198
528 200
529 199
530 188
531 196
532 205
533 195
534 210
535 199
536 190
537 205
538 199
539 97
540 99
541 105
542 100
543 100
544 100
545 91
546 102
547 97
548 99
549 97
550 103
551 98
552 89
553 98
554 95
555 101
556 103
557 104
558 93
559 98
560 101
561 99
562 112
563 92
564 100
565 102
566 100
567 96
568 102
569 93
570 103
571 101
572 95
573 88
574 97
575 103
576 103
577 93
578 86
579 100
580 98
581 93
582 90
583 106
584 105
585 101
586 114
587 92
588 103
589 87
590 105
591 98
592 108
593 97
594 90
595 101
596 107
597 101
598 98
599 105
600 97
601 94
602 105
603 86
604 105
605 95
606 97
607 96
608 92
609 107
610 101
611 89
612 96
613 105
614 110
615 91
616 102
617 91
618 100
619 97
620 103
621 97
622 92
623 101
624 103
625 97
626 94
627 94
628 96
629 98
630 102
631 103
632 97
633 108
634 98
635 105
636 99
637 95
638 100
639 99
640 99
641 90
642 107
643 97
644 100
645 97
646 105
647 108
648 99
649 91
650 99
651 95
652 107
653 101
654 94
655 95
656 105
657 103
658 106
659 111
660 100
661 99
662 98
663 90
664 97
665 107
666 106
667 102
668 87
669 101
670 103
671 108
672 104
673 99
674 96
675 101
676 101
677 99
678 103
679 103
680 95
681 110
682 102
683 97
684 103
685 101
686 96
687 102
688 93
689 97
690 101
691 103
692 99
693 113
694 108
695 94
696 100
697 108
698 93
699 103
700 104
701 97
702 102
703 95
704 106
705 92
706 104
707 97
708 102
709 99
710 100
711 95
712 107
713 98
714 102
715 90
716 105
717 100
718 103
719 97
720 89
721 96
722 93
723 94
724 97
725 93
726 99
727 99
728 103
729 96
730 100
731 98
732 108
733 107
734 97
735 98
736 106
737 96
738 97
739 97
740 103
741 106
742 102
743 95
744 103
745 105
746 99
747 98
748 100
749 101
750 100
751 107
752 96
753 93
754 97
755 106
756 103
757 107
758 92
759 97
760 93
761 93
762 95
763 109
764 99
765 100
766 96
767 98
768 102
769 96
770 105
771 102
772 94
773 98
774 101
775 100
776 106
777 99
778 106
779 98
780 98
781 103
782 99
783 96
784 98
785 89
786 94
787 98
788 95
789 101
790 99
791 94
792 106
793 98
794 101
795 104
796 101
797 93
798 89
799 98
800 100
801 97
802 103
803 97
804 109
805 94
806 94
807 97
808 103
809 97
810 102
811 98
812 94
813 93
814 106
815 107
816 96
817 98
818 94
819 100
820 105
821 102
822 101
823 110
824 100
825 97
826 102
827 100
828 101
829 104
830 108
831 104
832 106
833 99
834 101
835 97
836 102
837 96
838 101
839 109
840 92
841 105
842 97
843 99
844 94
845 101
846 100
847 98
848 103
849 85
850 93
851 96
852 96
853 102
854 99
855 95
856 108
857 101
858 89
859 101
860 97
861 99
862 89
863 89
864 101
865 105
866 105
867 105
868 98
869 97
870 95
871 97
872 102
873 95
874 100
875 94
876 101
877 98
878 91
879 95
880 108
881 104
882 101
883 105
884 107
885 105
886 97
887 104
888 88
889 101
890 103
891 107
892 104
893 97
894 99
895 94
896 106
897 110
898 96
899 94
900 90
901 91
902 97
903 95
904 105
905 96
906 96
907 91
908 105
909 102
910 111
911 91
912 91
913 100
914 106
915 112
916 94
917 100
918 92
919 89
920 93
921 102
922 101
923 94
924 97
925 93
926 96
927 100
928 96
929 96
930 101
931 106
932 105
933 97
934 106
935 92
936 100
937 102
938 93
939 105
940 94
941 101
942 100
943 99
944 105
945 96
946 103
947 110
948 104
949 108
950 101
951 93
952 87
953 108
954 98
955 100
956 98
957 97
958 101
959 99
960 97
961 95
962 95
963 101
964 97
965 104
966 92
967 97
968 104
969 109
970 104
971 94
972 99
973 105
974 103
975 83
976 94
977 99
978 97
979 102
980 99
981 94
982 95
983 101
984 98
985 106
986 100
987 107
988 108
989 99
990 107
991 97
992 99
993 100
994 94
995 99
996 97
997 93
998 96
999 96
1000 94
1001 99
1002 103
1003 97
1004 97
1005 101
1006 103
1007 88
1008 105
1009 103
1010 92
1011 102
1012 100
1013 98
1014 101
1015 104
1016 100
1017 100
1018 98
1019 91
1020 92
1021 107
1022 95
1023 106
1024 103
1025 105
1026 102
1027 101
1028 103
1029 94
1030 98
1031 98
1032 110
1033 106
1034 95
1035 95
1036 107
1037 99
1038 104
1039 90
1040 104
1041 101
1042 101
1043 89
1044 97
1045 100
1046 96
1047 95
1048 93
1049 96
1050 94
1051 107
1052 96
1053 96
1054 94
1055 94
1056 102
1057 97
1058 102
1059 92
1060 100
1061 97
1062 92
1063 110
1064 112
1065 103
1066 95
1067 104
1068 93
1069 101
1070 92
1071 98
1072 94
1073 97
1074 97
1075 99
1076 102
1077 93
1078 97
1079 106
1080 96
1081 97
1082 102
1083 109
1084 96
1085 98
1086 92
1087 99
1088 106
1089 103
1090 100
1091 103
1092 99
1093 106
1094 99
1095 95
1096 110
1097 99
1098 106
1099 95
1100 100
1101 106
1102 103
1103 95
1104 101
1105 90
1106 97
1107 103
1108 111
1109 97
1110 93
1111 101
1112 95
1113 106
1114 95
1115 92
1116 95
1117 102
1118 99
1119 97
1120 98
1121 92
1122 94
1123 103
1124 100
1125 100
1126 95
1127 101
1128 97
1129 98
1130 101
1131 103
1132 94
1133 95
1134 102
1135 107
1136 99
1137 100
1138 95
1139 101
1140 93
1141 101
1142 89
1143 101
1144 103
1145 106
1146 91
1147 98
1148 102
1149 106
1150 95
1151 98
1152 103
1153 93
1154 93
1155 98
1156 100
1157 97
1158 104
1159 104
1160 101
1161 94
1162 98
1163 97
1164 101
1165 97
1166 105
1167 101
1168 92
1169 99
1170 107
1171 102
1172 92
1173 109
1174 105
1175 93
1176 102
1177 94
1178 101
1179 94
1180 99
1181 101
1182 103
1183 104
1184 110
1185 100
1186 109
1187 102
1188 98
1189 101
1190 102
1191 100
1192 100
1193 98
1194 99
1195 98
1196 107
1197 98
1198 107
1199 103
1200 97
1201 106
1202 93
1203 99
1204 101
1205 103
1206 104
1207 93
1208 100
1209 109
1210 91
1211 97
1212 100
1213 104
1214 100
1215 98
1216 94
1217 104
1218 99
1219 98
1220 103
1221 101
1222 96
1223 102
1224 98
1225 102
1226 96
1227 100
1228 102
1229 102
1230 102
1231 95
1232 100
1233 96
1234 103
1235 99
1236 108
1237 89
1238 105
1239 97
1240 108
1241 106
1242 105
1243 100
1244 94
1245 100
1246 96
1247 105
1248 86
1249 93
1250 105
1251 94
1252 99
1253 103
1254 98
1255 102
1256 104
1257 101
1258 107
1259 97
1260 103
1261 106
1262 97
1263 105
1264 100
1265 105
1266 91
1267 94
1268 101
1269 91
1270 102
1271 105
1272 104
1273 95
1274 96
1275 103
1276 96
1277 93
1278 94
1279 97
1280 92
1281 105
1282 104
1283 103
1284 102
1285 99
1286 99
1287 103
1288 96
1289 100
1290 104
1291 97
1292 99
1293 101
1294 108
1295 101
1296 96
1297 97
1298 100
1299 102
1300 106
1301 111
1302 98
1303 111
1304 102
1305 98
1306 92
1307 110
1308 97
1309 99
1310 101
1311 105
1312 88
1313 109
1314 103
1315 98
1316 94
1317 106
1318 96
1319 105
1320 103
1321 100
1322 106
1323 99
1324 99
1325 103
1326 95
1327 98
1328 102
1329 91
1330 99
1331 102
1332 96
1333 103
1334 96
1335 101
1336 104
1337 102
1338 108
1339 101
1340 107
1341 104
1342 103
1343 99
1344 88
1345 98
1346 106
1347 90
1348 98
1349 101
1350 102
1351 95
1352 111
1353 101
1354 105
1355 96
1356 97
1357 104
1358 102
1359 90
1360 107
1361 97
1362 101
1363 100
1364 100
1365 97
1366 109
1367 96
1368 92
1369 96
1370 99
1371 97
1372 100
1373 91
1374 108
1375 93
1376 108
1377 107
1378 98
1379 111
1380 103
1381 102
1382 102
1383 102
1384 98
1385 102
1386 101
1387 96
1388 101
1389 105
1390 111
1391 97
1392 102
1393 98
1394 94
1395 113
1396 99
1397 104
1398 100
1399 103
1400 93
1401 110
1402 105
1403 105
1404 104
1405 100
1406 100
1407 93
1408 93
1409 105
1410 100
1411 111
1412 95
1413 102
1414 97
1415 100
1416 103
1417 101
1418 111
1419 101
1420 100
1421 102
1422 93
1423 95
1424 103
1425 105
1426 108
1427 92
1428 99
1429 96
1430 102
1431 98
1432 90
1433 106
1434 99
1435 96
1436 99
1437 101
1438 96
1439 98
1440 99
1441 100
1442 109
1443 92
1444 91
1445 101
1446 105
1447 95
1448 103
1449 97
1450 99
1451 102
1452 102
1453 103
1454 100
1455 96
1456 97
1457 108
1458 103
1459 104
1460 101
1461 103
1462 92
1463 100
1464 89
1465 103
1466 109
1467 102
1468 95
1469 105
1470 96
1471 104
1472 104
1473 93
1474 100
1475 89
1476 109
1477 101
1478 96
1479 101
1480 97
1481 91
1482 101
1483 102
1484 94
1485 108
1486 104
1487 109
1488 97
1489 105
1490 93
1491 98
1492 99
1493 103
1494 106
1495 96
1496 98
1497 89
1498 98
1499 97
1500 102
1501 94
1502 103
1503 106
1504 103
1505 97
1506 102
1507 109
1508 92
1509 100
1510 105
1511 93
1512 98
1513 106
1514 95
1515 93
1516 104
1517 99
1518 92
1519 105
1520 89
1521 106
1522 98
1523 97
1524 97
1525 96
1526 102
1527 100
1528 113
1529 101
1530 104
1531 97
1532 110
1533 103
1534 100
1535 94
1536 98
1537 105
1538 103
1539 94
1540 104
1541 92
1542 103
1543 99
1544 106
1545 107
1546 97
1547 89
1548 99
1549 101
1550 100
1551 102
1552 102
1553 100
1554 95
1555 90
1556 104
1557 101
1558 97
1559 92
1560 101
1561 98
1562 103
1563 103
1564 97
1565 99
1566 108
1567 103
1568 100
1569 94
1570 104
1571 92
1572 101
1573 104
1574 91
1575 104
1576 100
1577 107
1578 105
1579 97
1580 104
1581 97
1582 103
1583 102
1584 96
1585 98
1586 100
1587 105
1588 97
1589 98
1590 98
1591 94
1592 96
1593 95
1594 95
1595 108
1596 101
1597 97
1598 100
1599 101
1600 93
1601 94
1602 90
1603 104
1604 94
1605 99
1606 90
1607 97
1608 90
1609 95
1610 98
1611 98
1612 105
1613 98
1614 104
1615 96
1616 99
1617 98
1618 101
1619 100
1620 97
1621 98
1622 107
1623 102
1624 105
1625 102
1626 101
1627 100
1628 111
1629 92
1630 98
1631 90
1632 103
1633 105
1634 102
1635 97
1636 103
1637 102
1638 99
1639 101
1640 96
1641 100
1642 104
1643 87
1644 95
1645 99
1646 108
1647 101
1648 92
1649 100
1650 101
1651 105
1652 96
1653 109
1654 96
1655 92
1656 100
1657 102
1658 101
1659 99
1660 102
1661 102
1662 95
1663 95
1664 94
1665 101
1666 102
1667 100
1668 101
1669 102
1670 96
1671 100
1672 104
1673 100
1674 103
1675 102
1676 103
1677 103
1678 97
1679 101
1680 104
1681 97
1682 104
1683 98
1684 96
1685 112
1686 103
1687 98
1688 99
1689 99
1690 101
1691 95
1692 97
1693 95
1694 102
1695 104
1696 96
1697 95
1698 108
1699 98
1700 104
1701 97
1702 83
1703 103
1704 99
1705 91
1706 89
1707 90
1708 99
1709 95
1710 102
1711 97
1712 102
1713 96
1714 95
1715 97
1716 102
1717 88
1718 99
1719 105
1720 109
1721 97
1722 96
1723 95
1724 95
1725 98
1726 99
1727 105
1728 99
1729 102
1730 96
1731 102
1732 102
1733 99
1734 93
1735 101
1736 105
1737 95
1738 95
1739 100
1740 96
1741 93
1742 94
1743 104
1744 84
1745 98
1746 98
1747 88
1748 90
1749 90
1750 109
1751 104
1752 102
1753 105
1754 109
1755 101
1756 100
1757 102
1758 103
1759 99
1760 101
1761 92
1762 96
1763 95
1764 96
1765 97
1766 97
1767 108
1768 100
1769 93
1770 98
1771 102
1772 100
1773 103
1774 99
1775 103
1776 99
1777 89
1778 106
1779 92
1780 98
1781 96
1782 104
1783 98
1784 103
1785 106
1786 94
1787 94
1788 94
1789 100
1790 93
1791 93
1792 98
1793 100
1794 100
1795 99
1796 98
1797 104
1798 91
1799 113
1800 102
1801 95
1802 106
1803 93
1804 105
1805 102
1806 103
1807 99
1808 106
1809 106
1810 99
1811 101
1812 101
1813 102
1814 93
1815 97
1816 106
1817 97
1818 102
1819 96
1820 94
1821 97
1822 104
1823 106
1824 102
1825 96
1826 100
1827 101
1828 98
1829 95
1830 96
1831 96
1832 104
1833 104
1834 96
1835 105
1836 94
1837 98
1838 97
1839 94
1840 110
1841 100
1842 97
1843 95
1844 96
1845 100
1846 95
1847 101
1848 97
1849 101
1850 94
1851 97
1852 105
1853 98
1854 93
1855 107
1856 101
1857 93
1858 100
1859 96
1860 97
1861 102
1862 104
1863 98
1864 96
1865 102
1866 94
1867 112
1868 107
1869 106
1870 99
1871 103
1872 101
1873 108
1874 94
1875 109
1876 105
1877 91
1878 97
1879 95
1880 97
1881 90
1882 98
1883 106
1884 97
1885 104
1886 97
1887 94
1888 97
1889 99
1890 99
1891 93
1892 104
1893 98
1894 93
1895 94
1896 99
1897 93
1898 105
1899 102
1900 100
1901 98
1902 96
1903 102
1904 90
1905 103
1906 95
1907 102
1908 105
1909 96
1910 95
1911 100
1912 100
1913 101
1914 100
1915 110
1916 106
1917 111
1918 97
1919 92
1920 101
1921 93
1922 105
1923 100
1924 100
1925 100
1926 99
1927 105
1928 89
1929 95
1930 102
1931 102
1932 95
1933 98
1934 106
1935 106
1936 90
1937 101
1938 96
1939 103
1940 96
1941 99
1942 97
1943 97
1944 101
1945 94
1946 86
1947 99
1948 92
1949 99
1950 100
1951 98
1952 97
1953 97
1954 106
1955 97
1956 99
1957 93
1958 96
1959 105
1960 107
1961 107
1962 92
1963 95
1964 95
1965 98
1966 105
1967 98
1968 93
1969 96
1970 105
1971 104
1972 92
1973 100
1974 100
1975 103
1976 102
1977 98
1978 105
1979 102
1980 89
1981 97
1982 103
1983 104
1984 103
1985 96
1986 104
1987 108
1988 102
1989 100
1990 98
1991 96
1992 101
1993 107
1994 104
1995 100
1996 104
1997 105
1998 107
1999 100
2000 102
2001 96
2002 91
2003 99
2004 114
2005 97
2006 101
2007 99
2008 108
2009 106
2010 106
2011 105
2012 104
2013 99
2014 101
2015 93
2016 110
2017 90
2018 95
2019 97
2020 103
2021 91
2022 102
2023 102
2024 109
2025 104
2026 98
2027 96
2028 98
2029 105
2030 103
2031 94
2032 93
2033 96
2034 96
2035 97
2036 104
2037 101
2038 110
2039 100
2040 100
2041 99
2042 98
2043 105
2044 99
2045 105
2046 104
2047 108
2048 97
2049 99
2050 93
2051 100
2052 100
2053 98
2054 104
2055 101
2056 107
2057 104
2058 94
2059 95
2060 92
2061 96
2062 103
2063 99
2064 97
2065 94
2066 100
2067 100
2068 100
2069 94
2070 107
2071 104
2072 94
2073 98
2074 89
2075 94
2076 99
2077 100
2078 94
2079 102
2080 104
2081 98
2082 98
2083 103
2084 101
2085 105
2086 99
2087 99
2088 95
2089 101
2090 102
2091 95
2092 105
2093 105
2094 107
2095 90
2096 101
2097 104
2098 99
2099 101
2100 105
2101 99
2102 95
2103 92
2104 95
2105 99
2106 100
2107 94
2108 94
2109 97
2110 97
2111 110
2112 104
2113 98
2114 94
2115 96
2116 94
2117 99
2118 104
2119 99
2120 105
2121 101
2122 99
2123 97
2124 101
2125 100
2126 97
2127 94
2128 93
2129 106
2130 96
2131 107
2132 100
2133 97
2134 100
2135 93
2136 100
2137 101
2138 100
2139 96
2140 98
2141 94
2142 101
2143 99
2144 98
2145 92
2146 102
2147 103
2148 102
2149 102
2150 90
2151 97
2152 100
2153 100
2154 99
2155 100
2156 101
2157 88
2158 107
2159 93
2160 98
2161 102
2162 100
2163 106
2164 98
2165 95
2166 101
2167 89
2168 100
2169 102
2170 93
2171 108
2172 104
2173 96
2174 101
2175 102
2176 100
2177 99
2178 97
2179 99
2180 93
2181 91
2182 92
2183 101
2184 98
2185 102
2186 95
2187 96
2188 104
2189 107
2190 100
2191 102
2192 101
2193 102
2194 105
2195 107
2196 109
2197 100
2198 100
2199 101
2200 104
2201 96
2202 98
2203 98
2204 100
2205 100
2206 102
2207 101
2208 97
2209 102
2210 98
2211 92
2212 103
2213 90
2214 105
2215 99
2216 97
2217 97
2218 95
2219 101
2220 98
2221 97
2222 99
2223 104
2224 108
2225 100
2226 111
2227 101
2228 99
2229 101
2230 100
2231 98
2232 105
2233 99
2234 106
2235 103
2236 107
2237 105
2238 92
2239 95
2240 98
2241 93
2242 101
2243 101
2244 101
2245 96
2246 97
2247 107
2248 97
2249 88
2250 99
2251 99
2252 101
2253 93
2254 100
2255 96
2256 93
2257 94
2258 102
2259 102
2260 100
2261 101
2262 101
2263 92
2264 95
2265 107
2266 105
2267 97
2268 96
2269 94
2270 105
2271 100
2272 105
2273 99
2274 97
2275 97
2276 109
2277 98
2278 106
2279 107
2280 101
2281 99
2282 104
2283 88
2284 103
2285 100
2286 95
2287 98
2288 104
2289 97
2290 94
2291 94
2292 97
2293 92
2294 103
2295 102
2296 104
2297 98
2298 111
2299 105
2300 97
2301 101
2302 106
2303 111
2304 96
2305 95
2306 103
2307 94
2308 94
2309 96
2310 101
2311 83
2312 106
2313 92
2314 99
2315 96
2316 103
2317 91
2318 101
2319 93
2320 91
2321 89
2322 98
2323 100
2324 95
2325 95
2326 105
2327 101
2328 104
2329 101
2330 95
2331 99
2332 101
2333 94
2334 111
2335 94
2336 98
2337 101
2338 104
2339 99
2340 97
2341 107
2342 99
2343 95
2344 102
2345 103
2346 96
2347 99
2348 98
2349 88
2350 96
2351 102
2352 94
2353 108
2354 110
2355 97
2356 103
2357 108
2358 96
2359 99
2360 95
2361 92
2362 99
2363 100
2364 101
2365 95
2366 102
2367 95
2368 100
2369 95
2370 107
2371 103
2372 97
2373 99
2374 104
2375 96
2376 106
2377 102
2378 98
2379 98
2380 101
2381 105
2382 105
2383 104
2384 107
2385 103
2386 96
2387 100
2388 100
2389 104
2390 102
2391 109
2392 98
2393 104
2394 103
2395 93
2396 95
2397 93
2398 101
2399 109
2400 101
2401 97
2402 97
2403 96
2404 98
2405 91
2406 100
2407 101
2408 104
2409 104
2410 95
2411 109
2412 97
2413 100
2414 104
2415 102
2416 100
2417 103
2418 94
2419 97
2420 108
2421 95
2422 104
2423 93
2424 100
2425 101
2426 98
2427 104
2428 93
2429 98
2430 93
2431 100
2432 99
2433 101
2434 104
2435 98
2436 103
2437 94
2438 107
2439 105
2440 95
2441 100
2442 98
2443 102
2444 105
2445 98
2446 94
2447 98
2448 104
2449 101
2450 101
2451 101
2452 110
2453 103
2454 96
2455 104
2456 104
2457 95
2458 98
2459 109
2460 94
2461 101
2462 98
2463 99
2464 101
2465 93
2466 103
2467 87
2468 100
2469 99
2470 98
2471 92
2472 111
2473 104
2474 101
2475 98
2476 96
2477 97
2478 108
2479 108
2480 102
2481 108
2482 96
2483 103
2484 96
2485 103
2486 106
2487 103
2488 97
2489 100
2490 98
2491 93
2492 98
2493 104
2494 100
2495 99
2496 101
2497 91
2498 98
2499 109
2500 98
2501 100
2502 106
2503 99
2504 98
2505 92
2506 97
2507 95
2508 109
2509 98
2510 102
2511 93
2512 104
2513 100
2514 99
2515 100
2516 94
2517 97
2518 89
2519 99
2520 96
2521 96
2522 95
2523 99
2524 93
2525 101
2526 97
2527 97
2528 83
2529 99
2530 93
2531 95
2532 101
2533 106
2534 98
2535 105
2536 99
2537 113
2538 100
2539 94
2540 90
2541 96
2542 101
2543 92
2544 94
2545 98
2546 94
2547 97
2548 99
2549 104
2550 98
2551 97
2552 96
2553 101
2554 105
2555 102
2556 92
2557 98
2558 101
2559 103
2560 91
2561 106
2562 89
2563 103
2564 110
2565 93
2566 99
2567 96
2568 90
2569 92
2570 102
2571 110
2572 107
2573 102
2574 103
2575 105
2576 97
2577 101
2578 92
2579 104
2580 102
2581 96
2582 102
2583 102
2584 102
2585 106
2586 105
2587 99
2588 93
2589 105
2590 94
2591 96
2592 99
2593 95
2594 86
2595 99
2596 108
2597 98
2598 102
2599 94
2600 105
2601 100
2602 96
2603 92
2604 93
2605 100
2606 96
2607 99
2608 92
2609 96
2610 97
2611 107
2612 95
2613 98
2614 102
2615 91
2616 102
2617 98
2618 107
2619 103
2620 93
2621 103
2622 102
2623 104
2624 90
2625 108
2626 103
2627 95
2628 101
2629 99
2630 90
2631 92
2632 100
2633 101
2634 90
2635 100
2636 90
2637 96
2638 104
2639 91
2640 94
2641 99
2642 102
2643 95
2644 107
2645 103
2646 91
2647 101
2648 110
2649 101
2650 94
2651 102
2652 93
2653 104
2654 101
2655 98
2656 100
2657 104
2658 102
2659 100
2660 105
2661 96
2662 95
2663 98
2664 98
2665 101
2666 99
2667 101
2668 103
2669 106
2670 96
2671 108
2672 90
2673 94
2674 102
2675 109
2676 96
2677 111
2678 105
2679 101
2680 100
2681 110
2682 102
2683 100
2684 110
2685 101
2686 98
2687 90
2688 94
2689 99
2690 101
2691 104
2692 103
2693 103
2694 104
2695 105
2696 106
2697 102
2698 104
2699 98
2700 95
2701 99
2702 96
2703 101
2704 101
2705 94
2706 111
2707 98
2708 102
2709 106
2710 101
2711 99
2712 105
2713 100
2714 103
2715 105
2716 102
2717 101
2718 104
2719 94
2720 109
2721 104
2722 96
2723 95
2724 94
2725 105
2726 98
2727 102
2728 102
2729 101
2730 98
2731 102
2732 96
2733 96
2734 103
2735 96
2736 96
2737 97
2738 100
2739 107
2740 97
2741 97
2742 102
2743 88
2744 104
2745 100
2746 102
2747 100
2748 107
2749 98
2750 97
2751 95
2752 93
2753 106
2754 107
2755 107
2756 96
2757 111
2758 106
2759 93
2760 96
2761 102
2762 93
2763 98
2764 102
2765 99
2766 100
2767 94
2768 100
2769 107
2770 101
2771 97
2772 96
2773 103
2774 96
2775 106
2776 93
2777 108
2778 97
2779 101
2780 102
2781 99
2782 102
2783 104
2784 98
2785 97
2786 90
2787 100
2788 95
2789 103
2790 95
2791 110
2792 106
2793 98
2794 113
2795 100
2796 103
2797 99
2798 98
2799 98
2800 99
2801 109
2802 100
2803 102
2804 105
2805 104
2806 105
2807 99
2808 102
2809 93
2810 104
2811 94
2812 92
2813 105
2814 97
2815 108
2816 97
2817 95
2818 94
2819 92
2820 110
2821 90
2822 106
2823 101
2824 104
2825 88
2826 95
2827 111
2828 99
2829 96
2830 102
2831 95
2832 101
2833 97
2834 100
2835 100
2836 96
2837 99
2838 107
2839 93
2840 105
2841 98
2842 108
2843 101
2844 100
2845 96
2846 93
2847 95
2848 96
2849 102
2850 98
2851 99
2852 93
2853 94
2854 93
2855 105
2856 93
2857 100
2858 98
2859 105
2860 102
2861 111
2862 102
2863 94
2864 95
2865 97
2866 103
2867 99
2868 92
2869 104
2870 92
2871 98
2872 104
2873 104
2874 110
2875 102
2876 89
2877 102
2878 105
2879 108
2880 91
2881 91
2882 97
2883 97
2884 103
2885 105
2886 103
2887 105
2888 106
2889 91
2890 100
2891 103
2892 91
2893 96
2894 109
2895 103
2896 101
2897 97
2898 105
2899 99
2900 96
2901 115
2902 95
2903 91
2904 102
2905 100
2906 99
2907 97
2908 98
2909 108
2910 104
2911 93
2912 105
2913 99
2914 106
2915 106
2916 104
2917 104
2918 98
2919 104
2920 97
2921 99
2922 95
2923 94
2924 95
2925 99
2926 93
2927 94
2928 96
2929 91
2930 103
2931 106
2932 105
2933 98
2934 100
2935 92
2936 93
2937 99
2938 103
2939 93
2940 102
2941 99
2942 102
2943 97
2944 103
2945 107
2946 98
2947 100
2948 89
2949 102
2950 93
2951 101
2952 93
2953 94
2954 100
2955 96
2956 103
2957 96
2958 89
2959 100
2960 102
2961 89
2962 104
2963 101
2964 101
2965 102
2966 106
2967 109
2968 104
2969 99
2970 98
2971 98
2972 97
2973 102
2974 103
2975 98
2976 100
2977 113
2978 98
2979 104
2980 102
2981 103
2982 93
2983 98
2984 106
2985 104
2986 97
2987 101
2988 94
2989 101
2990 109
2991 101
2992 98
2993 98
2994 100
2995 103
2996 106
2997 100
2998 94
2999 99
3000 101
3001 90
3002 100
3003 98
3004 95
3005 99
3006 107
3007 101
3008 96
3009 95
3010 103
3011 101
3012 104
3013 99
3014 98
3015 105
3016 100
3017 104
3018 102
3019 102
3020 94
3021 104
3022 96
3023 99
3024 91
3025 97
3026 103
3027 104
3028 105
3029 99
3030 102
3031 101
3032 100
3033 95
3034 99
3035 106
3036 99
3037 112
3038 111
3039 107
3040 98
3041 100
3042 95
3043 109
3044 90
3045 94
3046 89
3047 95
3048 99
3049 96
3050 90
3051 98
3052 103
3053 96
3054 98
3055 101
3056 105
3057 97
3058 108
3059 103
3060 95
3061 109
3062 104
3063 96
3064 95
3065 93
3066 104
3067 99
3068 103
3069 105
3070 104
3071 89
3072 103
3073 97
3074 99
3075 95
3076 103
3077 103
3078 108
3079 106
3080 107
3081 96
3082 100
3083 104
3084 93
3085 95
3086 99
3087 106
3088 101
3089 98
3090 100
3091 103
3092 106
3093 101
3094 98
3095 94
3096 98
3097 99
3098 95
3099 97
3100 96
3101 98
3102 97
3103 103
3104 102
3105 108
3106 105
3107 97
3108 99
3109 103
3110 100
3111 116
3112 100
3113 102
3114 100
3115 99
3116 109
3117 99
3118 86
3119 100
3120 97
3121 97
3122 103
3123 100
3124 107
3125 93
3126 97
3127 89
3128 95
3129 101
3130 97
3131 108
3132 96
3133 102
3134 103
3135 97
3136 98
3137 102
3138 99
3139 98
3140 102
3141 112
3142 94
3143 102
3144 104
3145 103
3146 96
3147 107
3148 101
3149 94
3150 98
3151 101
3152 109
3153 105
3154 97
3155 99
3156 103
3157 103
3158 104
3159 99
3160 106
3161 108
3162 107
3163 106
3164 108
3165 104
3166 97
3167 106
3168 101
3169 95
3170 103
3171 99
3172 101
3173 103
3174 101
3175 101
3176 103
3177 99
3178 104
3179 94
3180 101
3181 104
3182 102
3183 103
3184 97
3185 101
3186 98
3187 108
3188 99
3189 100
3190 108
3191 95
3192 104
3193 101
3194 102
3195 105
3196 95
3197 95
3198 90
3199 101
3200 101
3201 93
3202 85
3203 94
3204 107
3205 91
3206 97
3207 99
3208 96
3209 104
3210 105
3211 109
3212 103
3213 97
3214 100
3215 112
3216 90
3217 102
3218 89
3219 96
3220 106
3221 108
3222 101
3223 100
3224 100
3225 103
3226 100
3227 98
3228 100
3229 100
3230 104
3231 100
3232 102
3233 99
3234 93
3235 101
3236 106
3237 104
3238 101
3239 96
Edges
6320
0 128 1
0 129 1
0 130 1
0 131 1
0 132 1
0 133 1
0 134 1
0 135 1
0 136 1
0 137 1
0 138 1
0 139 1
0 140 1
0 141 1
0 142 1
0 143 1
0 144 1
0 145 1
0 146 1
0 147 1
0 148 1
0 149 1
0 150 1
0 151 1
0 152 1
0 153 1
0 154 1
0 155 1
0 156 1
0 157 1
0 158 1
0 80 1
0 81 1
0 82 1
0 83 1
0 84 1
0 85 1
0 86 1
0 87 1
0 88 1
0 89 1
0 90 1
0 91 1
0 92 1
0 93 1
0 94 1
0 95 1
0 96 1
0 97 1
0 98 1
0 99 1
0 100 1
0 101 1
0 102 1
0 103 1
0 104 1
0 105 1
0 106 1
0 107 1
0 108 1
0 109 1
0 110 1
0 111 1
0 112 1
0 113 1
0 114 1
0 115 1
0 116 1
0 117 1
0 118 1
0 119 1
0 120 1
0 121 1
0 122 1
0 123 1
0 124 1
0 125 1
0 126 1
0 127 1
1 235 1
1 159 1
1 160 1
1 161 1
1 162 1
1 163 1
1 164 1
1 165 1
1 166 1
1 167 1
1 168 1
1 169 1
1 170 1
1 171 1
1 172 1
1 173 1
1 174 1
1 175 1
1 176 1
1 177 1
1 178 1
1 179 1
1 180 1
1 181 1
1 182 1
1 183 1
1 184 1
1 185 1
1 186 1
1 187 1
1 188 1
1 189 1
1 190 1
1 191 1
1 192 1
1 193 1
1 194 1
1 195 1
1 196 1
1 197 1
1 198 1
1 199 1
1 200 1
1 201 1
1 202 1
1 203 1
1 204 1
1 205 1
1 206 1
1 207 1
1 80 1
1 209 1
1 210 1
1 211 1
1 212 1
1 213 1
1 214 1
1 215 1
1 216 1
1 217 1
1 218 1
1 219 1
1 220 1
1 221 1
1 222 1
1 223 1
1 224 1
1 208 1
1 226 1
1 227 1
1 228 1
1 229 1
1 230 1
1 231 1
1 232 1
1 233 1
1 234 1
1 225 1
1 236 1
2 256 1
2 257 1
2 258 1
2 259 1
2 260 1
2 261 1
2 262 1
2 263 1
2 264 1
2 265 1
2 266 1
2 267 1
2 268 1
2 269 1
2 270 1
2 271 1
2 272 1
2 273 1
2 274 1
2 275 1
2 276 1
2 277 1
2 278 1
2 279 1
2 280 1
2 281 1
2 282 1
2 283 1
2 284 1
2 285 1
2 286 1
2 159 1
2 288 1
2 289 1
2 290 1
2 291 1
2 292 1
2 293 1
2 294 1
2 295 1
2 296 1
2 297 1
2 298 1
2 299 1
2 300 1
2 301 1
2 302 1
2 303 1
2 304 1
2 305 1
2 306 1
2 307 1
2 308 1
2 309 1
2 310 1
2 311 1
2 312 1
2 313 1
2 287 1
2 81 1
2 237 1
2 238 1
2 239 1
2 240 1
2 241 1
2 242 1
2 243 1
2 244 1
2 245 1
2 246 1
2 247 1
2 248 1
2 249 1
2 250 1
2 251 1
2 252 1
2 253 1
2 254 1
2 255 1
3 384 1
3 385 1
3 386 1
3 387 1
3 388 1
3 389 1
3 237 1
3 160 1
3 365 1
3 314 1
3 315 1
3 316 1
3 317 1
3 318 1
3 319 1
3 320 1
3 321 1
3 322 1
3 323 1
3 324 1
3 325 1
3 326 1
3 327 1
3 328 1
3 329 1
3 330 1
3 331 1
3 332 1
3 333 1
3 334 1
3 335 1
3 336 1
3 337 1
3 82 1
3 339 1
3 340 1
3 341 1
3 342 1
3 343 1
3 344 1
3 345 1
3 346 1
3 347 1
3 348 1
3 349 1
3 350 1
3 351 1
3 352 1
3 353 1
3 354 1
3 355 1
3 356 1
3 357 1
3 358 1
3 359 1
3 360 1
3 361 1
3 362 1
3 363 1
3 364 1
3 338 1
3 366 1
3 367 1
3 368 1
3 369 1
3 370 1
3 371 1
3 372 1
3 373 1
3 374 1
3 375 1
3 376 1
3 377 1
3 378 1
3 379 1
3 380 1
3 381 1
3 382 1
3 383 1
4 390 1
4 391 1
4 392 1
4 393 1
4 394 1
4 395 1
4 396 1
4 397 1
4 398 1
4 399 1
4 400 1
4 401 1
4 402 1
4 403 1
4 404 1
4 405 1
4 406 1
4 407 1
4 408 1
4 409 1
4 410 1
4 411 1
4 412 1
4 413 1
4 414 1
4 415 1
4 416 1
4 161 1
4 418 1
4 419 1
4 420 1
4 421 1
4 422 1
4 423 1
4 424 1
4 425 1
4 426 1
4 427 1
4 428 1
4 429 1
4 430 1
4 431 1
4 432 1
4 433 1
4 434 1
4 435 1
4 436 1
4 437 1
4 438 1
4 439 1
4 440 1
4 441 1
4 314 1
4 443 1
4 444 1
4 445 1
4 446 1
4 447 1
4 448 1
4 449 1
4 450 1
4 451 1
4 452 1
4 453 1
4 454 1
4 417 1
4 456 1
4 457 1
4 458 1
4 459 1
4 460 1
4 461 1
4 462 1
4 463 1
4 464 1
4 83 1
4 442 1
4 455 1
4 238 1
5 512 1
5 513 1
5 514 1
5 515 1
5 516 1
5 517 1
5 390 1
5 519 1
5 520 1
5 521 1
5 522 1
5 523 1
5 524 1
5 525 1
5 526 1
5 527 1
5 528 1
5 529 1
5 530 1
5 531 1
5 532 1
5 533 1
5 534 1
5 535 1
5 536 1
5 537 1
5 538 1
5 495 1
5 162 1
5 518 1
5 315 1
5 505 1
5 465 1
5 466 1
5 467 1
5 84 1
5 469 1
5 470 1
5 471 1
5 472 1
5 473 1
5 474 1
5 475 1
5 476 1
5 477 1
5 478 1
5 479 1
5 480 1
5 481 1
5 482 1
5 483 1
5 484 1
5 485 1
5 486 1
5 487 1
5 488 1
5 489 1
5 490 1
5 491 1
5 492 1
5 493 1
5 494 1
5 239 1
5 496 1
5 497 1
5 498 1
5 499 1
5 500 1
5 501 1
5 502 1
5 503 1
5 504 1
5 468 1
5 506 1
5 507 1
5 508 1
5 509 1
5 510 1
5 511 1
6 391 1
6 539 1
6 540 1
6 541 1
6 542 1
6 543 1
6 544 1
6 545 1
6 546 1
6 547 1
6 548 1
6 549 1
6 550 1
6 551 1
6 552 1
6 553 1
6 554 1
6 555 1
6 556 1
6 557 1
6 558 1
6 559 1
6 560 1
6 561 1
6 562 1
6 563 1
6 564 1
6 565 1
6 566 1
6 567 1
6 568 1
6 569 1
6 570 1
6 571 1
6 572 1
6 573 1
6 574 1
6 575 1
6 576 1
6 577 1
6 578 1
6 579 1
6 580 1
6 581 1
6 582 1
6 583 1
6 584 1
6 585 1
6 586 1
6 587 1
6 588 1
6 589 1
6 590 1
6 591 1
6 592 1
6 465 1
6 594 1
6 163 1
6 596 1
6 85 1
6 598 1
6 599 1
6 600 1
6 601 1
6 602 1
6 603 1
6 604 1
6 605 1
6 606 1
6 607 1
6 608 1
6 609 1
6 610 1
6 611 1
6 593 1
6 316 1
6 240 1
6 595 1
6 597 1
7 640 1
7 641 1
7 642 1
7 643 1
7 644 1
7 645 1
7 646 1
7 647 1
7 392 1
7 649 1
7 650 1
7 651 1
7 652 1
7 653 1
7 654 1
7 655 1
7 656 1
7 657 1
7 658 1
7 659 1
7 660 1
7 661 1
7 662 1
7 663 1
7 664 1
7 665 1
7 666 1
7 539 1
7 668 1
7 669 1
7 670 1
7 671 1
7 672 1
7 673 1
7 674 1
7 667 1
7 164 1
7 677 1
7 678 1
7 241 1
7 680 1
7 681 1
7 682 1
7 683 1
7 679 1
7 648 1
7 317 1
7 466 1
7 675 1
7 86 1
7 676 1
7 612 1
7 613 1
7 614 1
7 615 1
7 616 1
7 617 1
7 618 1
7 619 1
7 620 1
7 621 1
7 622 1
7 623 1
7 624 1
7 625 1
7 626 1
7 627 1
7 628 1
7 629 1
7 630 1
7 631 1
7 632 1
7 633 1
7 634 1
7 635 1
7 636 1
7 637 1
7 638 1
7 639 1
8 393 1
8 727 1
8 540 1
8 165 1
8 740 1
8 684 1
8 685 1
8 686 1
8 687 1
8 688 1
8 689 1
8 690 1
8 691 1
8 692 1
8 693 1
8 694 1
8 695 1
8 696 1
8 697 1
8 698 1
8 699 1
8 700 1
8 701 1
8 702 1
8 703 1
8 704 1
8 705 1
8 706 1
8 707 1
8 708 1
8 709 1
8 710 1
8 711 1
8 712 1
8 713 1
8 714 1
8 715 1
8 716 1
8 717 1
8 718 1
8 719 1
8 720 1
8 721 1
8 722 1
8 467 1
8 724 1
8 725 1
8 726 1
8 87 1
8 728 1
8 729 1
8 730 1
8 731 1
8 732 1
8 733 1
8 734 1
8 735 1
8 736 1
8 737 1
8 738 1
8 739 1
8 612 1
8 741 1
8 742 1
8 743 1
8 744 1
8 745 1
8 746 1
8 747 1
8 748 1
8 749 1
8 750 1
8 751 1
8 752 1
8 753 1
8 242 1
8 723 1
8 318 1
8 754 1
9 768 1
9 769 1
9 770 1
9 771 1
9 772 1
9 773 1
9 774 1
9 775 1
9 776 1
9 777 1
9 394 1
9 779 1
9 780 1
9 781 1
9 782 1
9 783 1
9 784 1
9 785 1
9 786 1
9 787 1
9 788 1
9 789 1
9 790 1
9 791 1
9 792 1
9 793 1
9 794 1
9 795 1
9 796 1
9 541 1
9 798 1
9 799 1
9 800 1
9 801 1
9 802 1
9 803 1
9 804 1
9 805 1
9 166 1
9 807 1
9 808 1
9 809 1
9 810 1
9 811 1
9 684 1
9 813 1
9 814 1
9 797 1
9 816 1
9 817 1
9 818 1
9 243 1
9 820 1
9 821 1
9 822 1
9 823 1
9 824 1
9 819 1
9 815 1
9 778 1
9 319 1
9 812 1
9 468 1
9 88 1
9 806 1
9 613 1
9 755 1
9 756 1
9 757 1
9 758 1
9 759 1
9 760 1
9 761 1
9 762 1
9 763 1
9 764 1
9 765 1
9 766 1
9 767 1
10 832 1
10 395 1
10 884 1
10 870 1
10 857 1
10 542 1
10 167 1
10 685 1
10 883 1
10 825 1
10 826 1
10 827 1
10 828 1
10 829 1
10 830 1
10 831 1
10 320 1
10 833 1
10 834 1
10 835 1
10 836 1
10 837 1
10 838 1
10 839 1
10 840 1
10 841 1
10 842 1
10 843 1
10 844 1
10 845 1
10 846 1
10 847 1
10 848 1
10 849 1
10 850 1
10 851 1
10 852 1
10 469 1
10 854 1
10 855 1
10 856 1
10 89 1
10 858 1
10 859 1
10 860 1
10 861 1
10 862 1
10 863 1
10 864 1
10 865 1
10 866 1
10 867 1
10 868 1
10 869 1
10 614 1
10 871 1
10 872 1
10 873 1
10 874 1
10 875 1
10 876 1
10 877 1
10 878 1
10 879 1
10 880 1
10 881 1
10 882 1
10 755 1
10 244 1
10 885 1
10 886 1
10 887 1
10 888 1
10 889 1
10 890 1
10 891 1
10 892 1
10 893 1
10 853 1
11 896 1
11 897 1
11 898 1
11 899 1
11 900 1
11 901 1
11 902 1
11 903 1
11 904 1
11 905 1
11 906 1
11 907 1
11 396 1
11 909 1
11 910 1
11 911 1
11 912 1
11 913 1
11 914 1
11 915 1
11 916 1
11 917 1
11 918 1
11 919 1
11 920 1
11 921 1
11 922 1
11 923 1
11 924 1
11 925 1
11 926 1
11 543 1
11 928 1
11 929 1
11 930 1
11 931 1
11 932 1
11 933 1
11 934 1
11 935 1
11 168 1
11 937 1
11 938 1
11 939 1
11 940 1
11 941 1
11 686 1
11 943 1
11 944 1
11 945 1
11 946 1
11 947 1
11 948 1
11 942 1
11 950 1
11 951 1
11 952 1
11 825 1
11 954 1
11 927 1
11 956 1
11 957 1
11 958 1
11 949 1
11 960 1
11 321 1
11 961 1
11 908 1
11 470 1
11 953 1
11 90 1
11 955 1
11 615 1
11 936 1
11 756 1
11 245 1
11 959 1
11 894 1
11 895 1
12 1024 1
12 1025 1
12 1026 1
12 1027 1
12 1028 1
12 983 1
12 322 1
12 1022 1
12 998 1
12 544 1
12 1017 1
12 987 1
12 1009 1
12 169 1
12 687 1
12 826 1
12 1013 1
12 962 1
12 963 1
12 964 1
12 965 1
12 966 1
12 967 1
12 968 1
12 969 1
12 970 1
12 971 1
12 972 1
12 973 1
12 974 1
12 397 1
12 976 1
12 977 1
12 978 1
12 979 1
12 980 1
12 981 1
12 982 1
12 471 1
12 984 1
12 985 1
12 986 1
12 91 1
12 988 1
12 989 1
12 990 1
12 991 1
12 992 1
12 993 1
12 994 1
12 995 1
12 996 1
12 997 1
12 975 1
12 999 1
12 616 1
12 1001 1
12 1002 1
12 1003 1
12 1004 1
12 1005 1
12 1006 1
12 1007 1
12 1008 1
12 1000 1
12 1010 1
12 1011 1
12 1012 1
12 757 1
12 246 1
12 1015 1
12 1016 1
12 1014 1
12 1018 1
12 1019 1
12 1020 1
12 1021 1
12 894 1
12 1023 1
13 1091 1
13 1029 1
13 1030 1
13 1031 1
13 1032 1
13 1033 1
13 1034 1
13 1035 1
13 1036 1
13 1037 1
13 398 1
13 1039 1
13 1040 1
13 1041 1
13 1042 1
13 1043 1
13 1044 1
13 1045 1
13 1046 1
13 1047 1
13 1048 1
13 1049 1
13 1050 1
13 1051 1
13 1052 1
13 1053 1
13 1054 1
13 1055 1
13 1056 1
13 545 1
13 1058 1
13 1059 1
13 1060 1
13 1061 1
13 1062 1
13 1063 1
13 1064 1
13 1065 1
13 170 1
13 1067 1
13 1068 1
13 1069 1
13 1070 1
13 1071 1
13 688 1
13 1073 1
13 1074 1
13 1075 1
13 1076 1
13 1077 1
13 1078 1
13 1079 1
13 1080 1
13 1081 1
13 1082 1
13 827 1
13 1084 1
13 1085 1
13 1086 1
13 1087 1
13 1088 1
13 1089 1
13 962 1
13 323 1
13 1092 1
13 1093 1
13 1094 1
13 1057 1
13 1038 1
13 472 1
13 92 1
13 1083 1
13 1090 1
13 1072 1
13 617 1
13 758 1
13 247 1
13 1066 1
13 895 1
14 896 1
14 1152 1
14 1154 1
14 1155 1
14 1156 1
14 1029 1
14 1158 1
14 1153 1
14 1149 1
14 399 1
14 1113 1
14 1143 1
14 1157 1
14 546 1
14 1159 1
14 171 1
14 1117 1
14 689 1
14 1144 1
14 828 1
14 963 1
14 324 1
14 1095 1
14 1096 1
14 1097 1
14 1098 1
14 1099 1
14 1100 1
14 1101 1
14 1102 1
14 1103 1
14 1104 1
14 1105 1
14 1106 1
14 1107 1
14 1108 1
14 1109 1
14 1110 1
14 1111 1
14 1112 1
14 473 1
14 1114 1
14 1115 1
14 1116 1
14 93 1
14 1118 1
14 1119 1
14 1120 1
14 1121 1
14 1122 1
14 1123 1
14 1124 1
14 1125 1
14 1126 1
14 1127 1
14 1128 1
14 1129 1
14 618 1
14 1131 1
14 1132 1
14 1133 1
14 1134 1
14 1135 1
14 1136 1
14 1137 1
14 1138 1
14 1139 1
14 1140 1
14 1141 1
14 1142 1
14 759 1
14 248 1
14 1145 1
14 1146 1
14 1147 1
14 1148 1
14 1130 1
14 1150 1
14 1151 1
15 897 1
15 1030 1
15 1202 1
15 1160 1
15 1161 1
15 1162 1
15 1163 1
15 1164 1
15 1165 1
15 1166 1
15 1167 1
15 400 1
15 1169 1
15 1170 1
15 1171 1
15 1172 1
15 1173 1
15 1174 1
15 1175 1
15 1176 1
15 1177 1
15 1178 1
15 1179 1
15 1180 1
15 1181 1
15 1182 1
15 1183 1
15 1184 1
15 1185 1
15 1186 1
15 547 1
15 1188 1
15 1189 1
15 1190 1
15 1191 1
15 1192 1
15 1193 1
15 1194 1
15 1195 1
15 172 1
15 1197 1
15 1198 1
15 1199 1
15 1200 1
15 1201 1
15 690 1
15 1203 1
15 1204 1
15 1205 1
15 1206 1
15 1207 1
15 1208 1
15 1209 1
15 1210 1
15 1211 1
15 1212 1
15 829 1
15 1214 1
15 1196 1
15 1216 1
15 1217 1
15 1218 1
15 1219 1
15 964 1
15 325 1
15 1222 1
15 1095 1
15 1220 1
15 1187 1
15 474 1
15 94 1
15 1168 1
15 619 1
15 1213 1
15 760 1
15 249 1
15 1215 1
15 1221 1
15 1223 1
16 1280 1
16 1281 1
16 898 1
16 1283 1
16 1284 1
16 1285 1
16 1286 1
16 1031 1
16 1160 1
16 1260 1
16 1274 1
16 1282 1
16 401 1
16 1243 1
16 548 1
16 1273 1
16 173 1
16 1224 1
16 691 1
16 1247 1
16 830 1
16 965 1
16 326 1
16 1096 1
16 1225 1
16 1226 1
16 1227 1
16 1228 1
16 1229 1
16 1230 1
16 1231 1
16 1232 1
16 1233 1
16 1234 1
16 1235 1
16 1236 1
16 1237 1
16 1238 1
16 1239 1
16 1240 1
16 1241 1
16 1242 1
16 475 1
16 1244 1
16 1245 1
16 1246 1
16 95 1
16 1248 1
16 1249 1
16 1250 1
16 1251 1
16 1252 1
16 1253 1
16 1254 1
16 1255 1
16 1256 1
16 1257 1
16 1258 1
16 1259 1
16 620 1
16 1261 1
16 1262 1
16 1263 1
16 1264 1
16 1265 1
16 1266 1
16 1267 1
16 1268 1
16 1269 1
16 1270 1
16 1271 1
16 1272 1
16 761 1
16 250 1
16 1275 1
16 1276 1
16 1277 1
16 1278 1
16 1279 1
17 899 1
17 1317 1
17 1287 1
17 1032 1
17 1289 1
17 1290 1
17 1291 1
17 1292 1
17 1293 1
17 1294 1
17 1295 1
17 1296 1
17 1297 1
17 1298 1
17 1299 1
17 1300 1
17 1301 1
17 1302 1
17 1303 1
17 1304 1
17 1305 1
17 1306 1
17 1307 1
17 1308 1
17 1309 1
17 1310 1
17 1311 1
17 1312 1
17 1313 1
17 1314 1
17 1315 1
17 1316 1
17 549 1
17 1318 1
17 1319 1
17 1320 1
17 1321 1
17 1322 1
17 1323 1
17 1324 1
17 1325 1
17 174 1
17 1327 1
17 1328 1
17 1288 1
17 1330 1
17 1331 1
17 692 1
17 1333 1
17 1334 1
17 1161 1
17 1336 1
17 1332 1
17 1338 1
17 1339 1
17 1340 1
17 1341 1
17 1342 1
17 831 1
17 1344 1
17 1345 1
17 1346 1
17 1347 1
17 1348 1
17 966 1
17 327 1
17 1224 1
17 1097 1
17 1335 1
17 1343 1
17 1337 1
17 476 1
17 621 1
17 96 1
17 1326 1
17 402 1
17 1329 1
17 762 1
17 251 1
18 1408 1
18 1409 1
18 900 1
18 1287 1
18 1033 1
18 1162 1
18 1377 1
18 403 1
18 1390 1
18 1373 1
18 1403 1
18 550 1
18 967 1
18 175 1
18 1352 1
18 693 1
18 1353 1
18 1404 1
18 1354 1
18 832 1
18 1349 1
18 1350 1
18 1351 1
18 328 1
18 1225 1
18 1098 1
18 1355 1
18 1356 1
18 1357 1
18 1358 1
18 1359 1
18 1360 1
18 1361 1
18 1362 1
18 1363 1
18 1364 1
18 1365 1
18 1366 1
18 1367 1
18 1368 1
18 1369 1
18 1370 1
18 1371 1
18 1372 1
18 477 1
18 1374 1
18 1375 1
18 1376 1
18 97 1
18 1378 1
18 1379 1
18 1380 1
18 1381 1
18 1382 1
18 1383 1
18 1384 1
18 1385 1
18 1386 1
18 1387 1
18 1388 1
18 1389 1
18 622 1
18 1391 1
18 1392 1
18 1393 1
18 1394 1
18 1395 1
18 1396 1
18 1397 1
18 1398 1
18 1399 1
18 1400 1
18 1401 1
18 1402 1
18 763 1
18 252 1
18 1405 1
18 1406 1
18 1407 1
19 1410 1
19 1411 1
19 1412 1
19 901 1
19 1414 1
19 1415 1
19 1416 1
19 1417 1
19 1034 1
19 1163 1
19 1420 1
19 1421 1
19 1422 1
19 1423 1
19 1424 1
19 1425 1
19 1426 1
19 1427 1
19 404 1
19 1429 1
19 1430 1
19 1431 1
19 1432 1
19 1433 1
19 1434 1
19 1435 1
19 1436 1
19 1437 1
19 1438 1
19 1413 1
19 1440 1
19 1441 1
19 1442 1
19 1443 1
19 1444 1
19 1445 1
19 1446 1
19 551 1
19 1448 1
19 1449 1
19 1450 1
19 1451 1
19 1452 1
19 1453 1
19 1454 1
19 1455 1
19 176 1
19 1288 1
19 1458 1
19 1459 1
19 1460 1
19 1461 1
19 694 1
19 1463 1
19 1464 1
19 1465 1
19 1462 1
19 1439 1
19 1468 1
19 1418 1
19 833 1
19 1419 1
19 1349 1
19 968 1
19 329 1
19 1226 1
19 1099 1
19 1456 1
19 1469 1
19 1466 1
19 478 1
19 98 1
19 1467 1
19 1447 1
19 623 1
19 1457 1
19 1428 1
19 764 1
19 253 1
20 1410 1
20 902 1
20 1289 1
20 1035 1
20 1164 1
20 1474 1
20 1528 1
20 1507 1
20 405 1
20 1519 1
20 1484 1
20 1520 1
20 1478 1
20 552 1
20 177 1
20 695 1
20 1503 1
20 1482 1
20 1470 1
20 1471 1
20 1472 1
20 1473 1
20 834 1
20 1475 1
20 1476 1
20 1477 1
20 1350 1
20 1479 1
20 1480 1
20 969 1
20 330 1
20 1227 1
20 1100 1
20 1485 1
20 1486 1
20 1487 1
20 1488 1
20 1489 1
20 1490 1
20 1491 1
20 1492 1
20 1493 1
20 1494 1
20 1495 1
20 1496 1
20 1497 1
20 1498 1
20 1499 1
20 1500 1
20 1501 1
20 1502 1
20 479 1
20 1504 1
20 1505 1
20 1506 1
20 99 1
20 1508 1
20 1509 1
20 1510 1
20 1511 1
20 1512 1
20 1513 1
20 1514 1
20 1515 1
20 1516 1
20 1517 1
20 1518 1
20 765 1
20 624 1
20 1521 1
20 1522 1
20 1523 1
20 1524 1
20 1525 1
20 1526 1
20 1527 1
20 1483 1
20 1481 1
20 254 1
21 1536 1
21 1537 1
21 1538 1
21 1539 1
21 1540 1
21 1541 1
21 1542 1
21 1543 1
21 1544 1
21 1545 1
21 1546 1
21 1547 1
21 1036 1
21 1165 1
21 1550 1
21 1551 1
21 1552 1
21 1553 1
21 1554 1
21 1411 1
21 1556 1
21 1557 1
21 406 1
21 1559 1
21 1560 1
21 1561 1
21 1562 1
21 1563 1
21 1564 1
21 1565 1
21 1566 1
21 1567 1
21 1568 1
21 1569 1
21 1570 1
21 1571 1
21 1572 1
21 1573 1
21 1574 1
21 1575 1
21 1576 1
21 553 1
21 1578 1
21 903 1
21 1580 1
21 1581 1
21 1582 1
21 1583 1
21 1584 1
21 1585 1
21 178 1
21 696 1
21 1290 1
21 1470 1
21 1579 1
21 835 1
21 1351 1
21 1548 1
21 970 1
21 331 1
21 1228 1
21 1101 1
21 1549 1
21 480 1
21 1586 1
21 100 1
21 255 1
21 625 1
21 1555 1
21 1558 1
21 766 1
21 1577 1
21 1529 1
21 1530 1
21 1531 1
21 1532 1
21 1533 1
21 1534 1
21 1535 1
22 256 1
22 1611 1
22 1412 1
22 904 1
22 1291 1
22 1037 1
22 1166 1
22 1637 1
22 407 1
22 1604 1
22 1612 1
22 1627 1
22 1608 1
22 554 1
22 1621 1
22 1587 1
22 179 1
22 1588 1
22 1589 1
22 1590 1
22 1591 1
22 1592 1
22 1593 1
22 1594 1
22 1595 1
22 1596 1
22 1597 1
22 1598 1
22 1599 1
22 1600 1
22 1601 1
22 1602 1
22 1603 1
22 836 1
22 1605 1
22 1606 1
22 1607 1
22 1352 1
22 1609 1
22 1610 1
22 971 1
22 332 1
22 1229 1
22 1102 1
22 1613 1
22 1616 1
22 1617 1
22 1618 1
22 1619 1
22 1620 1
22 1614 1
22 1622 1
22 697 1
22 1624 1
22 1625 1
22 1626 1
22 1615 1
22 1628 1
22 1629 1
22 1630 1
22 1631 1
22 1632 1
22 481 1
22 1634 1
22 1635 1
22 1636 1
22 101 1
22 1638 1
22 1639 1
22 1640 1
22 1641 1
22 1623 1
22 1643 1
22 626 1
22 1633 1
22 1529 1
22 1471 1
22 1642 1
22 767 1
23 768 1
23 257 1
23 1666 1
23 1667 1
23 1668 1
23 1413 1
23 1670 1
23 1665 1
23 1672 1
23 905 1
23 1674 1
23 1675 1
23 1292 1
23 1677 1
23 1038 1
23 1167 1
23 1680 1
23 1681 1
23 1682 1
23 627 1
23 1684 1
23 1685 1
23 1686 1
23 1687 1
23 408 1
23 1689 1
23 1688 1
23 1691 1
23 1692 1
23 1690 1
23 1694 1
23 1669 1
23 1696 1
23 1697 1
23 1676 1
23 1699 1
23 1664 1
23 555 1
23 1693 1
23 1587 1
23 180 1
23 1673 1
23 698 1
23 1695 1
23 1671 1
23 1472 1
23 837 1
23 1683 1
23 1353 1
23 972 1
23 333 1
23 1230 1
23 1103 1
23 1678 1
23 1679 1
23 1530 1
23 482 1
23 102 1
23 1698 1
23 1644 1
23 1645 1
23 1646 1
23 1647 1
23 1648 1
23 1649 1
23 1650 1
23 1651 1
23 1652 1
23 1653 1
23 1654 1
23 1655 1
23 1656 1
23 1657 1
23 1658 1
23 1659 1
23 1660 1
23 1661 1
23 1662 1
23 1663 1
24 769 1
24 258 1
24 1414 1
24 1729 1
24 1708 1
24 906 1
24 1751 1
24 1293 1
24 1039 1
24 1168 1
24 409 1
24 1727 1
24 1700 1
24 1701 1
24 1702 1
24 1703 1
24 1704 1
24 1705 1
24 1706 1
24 1707 1
24 556 1
24 1709 1
24 1710 1
24 1711 1
24 1712 1
24 1713 1
24 1714 1
24 1715 1
24 1716 1
24 181 1
24 1718 1
24 1719 1
24 1720 1
24 1588 1
24 1722 1
24 699 1
24 1724 1
24 1725 1
24 1726 1
24 1717 1
24 1728 1
24 1473 1
24 1730 1
24 1731 1
24 1732 1
24 1733 1
24 838 1
24 1735 1
24 1736 1
24 1723 1
24 1354 1
24 1739 1
24 1740 1
24 973 1
24 334 1
24 1231 1
24 1104 1
24 1745 1
24 1746 1
24 1747 1
24 1748 1
24 1742 1
24 1750 1
24 1721 1
24 1752 1
24 1753 1
24 1737 1
24 1743 1
24 1744 1
24 483 1
24 103 1
24 1738 1
24 1754 1
24 1644 1
24 1734 1
24 628 1
24 1531 1
24 1741 1
24 1749 1
25 1792 1
25 1793 1
25 770 1
25 259 1
25 1796 1
25 1797 1
25 1798 1
25 1415 1
25 1800 1
25 1801 1
25 1802 1
25 907 1
25 1804 1
25 1794 1
25 1294 1
25 1773 1
25 1040 1
25 1169 1
25 1795 1
25 410 1
25 1808 1
25 1700 1
25 1777 1
25 1799 1
25 557 1
25 1589 1
25 182 1
25 1807 1
25 700 1
25 1781 1
25 1474 1
25 1803 1
25 1805 1
25 1788 1
25 839 1
25 1355 1
25 974 1
25 335 1
25 1232 1
25 1105 1
25 1806 1
25 1764 1
25 1755 1
25 1756 1
25 1757 1
25 1758 1
25 1759 1
25 1760 1
25 1761 1
25 1762 1
25 1763 1
25 484 1
25 1765 1
25 1766 1
25 1767 1
25 104 1
25 1769 1
25 1770 1
25 1771 1
25 1772 1
25 1645 1
25 1774 1
25 1775 1
25 1776 1
25 1768 1
25 1778 1
25 1779 1
25 1780 1
25 629 1
25 1782 1
25 1783 1
25 1784 1
25 1785 1
25 1786 1
25 1787 1
25 1532 1
25 1789 1
25 1790 1
25 1791 1
26 771 1
26 260 1
26 1416 1
26 908 1
26 1295 1
26 1041 1
26 1170 1
26 1811 1
26 1812 1
26 1813 1
26 1814 1
26 1815 1
26 1816 1
26 1817 1
26 1818 1
26 411 1
26 1820 1
26 1821 1
26 1822 1
26 1823 1
26 1824 1
26 1825 1
26 1826 1
26 1819 1
26 1828 1
26 1701 1
26 1830 1
26 1831 1
26 1832 1
26 1833 1
26 1834 1
26 1835 1
26 1836 1
26 1837 1
26 558 1
26 1839 1
26 1840 1
26 1838 1
26 1842 1
26 1843 1
26 1844 1
26 1845 1
26 1590 1
26 183 1
26 1848 1
26 1849 1
26 1850 1
26 1851 1
26 1852 1
26 701 1
26 1854 1
26 1855 1
26 1856 1
26 1857 1
26 1858 1
26 1475 1
26 1860 1
26 1846 1
26 840 1
26 1847 1
26 1356 1
26 975 1
26 336 1
26 1233 1
26 1106 1
26 1827 1
26 1861 1
26 1755 1
26 1829 1
26 485 1
26 1809 1
26 105 1
26 1859 1
26 1810 1
26 1646 1
26 1853 1
26 1841 1
26 630 1
26 1533 1
27 1911 1
27 1899 1
27 772 1
27 261 1
27 1417 1
27 909 1
27 1901 1
27 1296 1
27 1809 1
27 1042 1
27 1171 1
27 1903 1
27 412 1
27 1889 1
27 1702 1
27 1884 1
27 841 1
27 559 1
27 1907 1
27 1894 1
27 1591 1
27 184 1
27 702 1
27 1888 1
27 1476 1
27 1862 1
27 1863 1
27 1864 1
27 1865 1
27 1866 1
27 1867 1
27 1868 1
27 1357 1
27 1870 1
27 1871 1
27 976 1
27 337 1
27 1234 1
27 1107 1
27 1876 1
27 1877 1
27 1878 1
27 1879 1
27 1880 1
27 1881 1
27 1882 1
27 1883 1
27 1756 1
27 1885 1
27 1886 1
27 1887 1
27 1869 1
27 1872 1
27 1890 1
27 1891 1
27 1892 1
27 1893 1
27 486 1
27 1873 1
27 1896 1
27 1897 1
27 106 1
27 1895 1
27 1900 1
27 1874 1
27 1902 1
27 1647 1
27 1904 1
27 1905 1
27 1906 1
27 1875 1
27 1908 1
27 1909 1
27 1910 1
27 631 1
27 1912 1
27 1913 1
27 1898 1
27 1534 1
28 1920 1
28 1921 1
28 1922 1
28 1923 1
28 1924 1
28 773 1
28 262 1
28 1927 1
28 1928 1
28 1929 1
28 1418 1
28 1931 1
28 1932 1
28 1933 1
28 910 1
28 1935 1
28 1936 1
28 1297 1
28 1810 1
28 1043 1
28 1172 1
28 1941 1
28 1942 1
28 1535 1
28 1944 1
28 1945 1
28 1946 1
28 1947 1
28 1948 1
28 413 1
28 1950 1
28 1925 1
28 1952 1
28 1953 1
28 1954 1
28 1955 1
28 1956 1
28 1926 1
28 1958 1
28 1703 1
28 1960 1
28 1961 1
28 1962 1
28 1959 1
28 1964 1
28 1949 1
28 560 1
28 1592 1
28 185 1
28 1951 1
28 1930 1
28 703 1
28 1937 1
28 1477 1
28 1862 1
28 842 1
28 1963 1
28 1358 1
28 977 1
28 338 1
28 1235 1
28 1108 1
28 1934 1
28 1757 1
28 1957 1
28 487 1
28 107 1
28 1938 1
28 1648 1
28 1939 1
28 1943 1
28 632 1
28 1940 1
28 1914 1
28 1915 1
28 1916 1
28 1917 1
28 1918 1
28 1919 1
29 1536 1
29 1984 1
29 774 1
29 263 1
29 1419 1
29 1995 1
29 911 1
29 1298 1
29 1811 1
29 1044 1
29 1173 1
29 2004 1
29 414 1
29 2011 1
29 1990 1
29 561 1
29 1704 1
29 2013 1
29 1991 1
29 1965 1
29 1966 1
29 1967 1
29 1968 1
29 1969 1
29 1970 1
29 1971 1
29 1972 1
29 1973 1
29 1974 1
29 1975 1
29 1976 1
29 1977 1
29 1978 1
29 1979 1
29 1980 1
29 1981 1
29 1982 1
29 1983 1
29 704 1
29 1985 1
29 1986 1
29 1987 1
29 1988 1
29 1989 1
29 1478 1
29 1863 1
29 1992 1
29 1993 1
29 1994 1
29 843 1
29 1996 1
29 1997 1
29 1998 1
29 1359 1
29 2000 1
29 2001 1
29 978 1
29 339 1
29 1236 1
29 1109 1
29 2006 1
29 1593 1
29 2008 1
29 2009 1
29 2010 1
29 1999 1
29 2012 1
29 186 1
29 1758 1
29 488 1
29 2014 1
29 108 1
29 2002 1
29 1649 1
29 2003 1
29 2007 1
29 633 1
29 1914 1
29 2005 1
30 2048 1
30 1537 1
30 2050 1
30 2051 1
30 2052 1
30 2053 1
30 2054 1
30 775 1
30 264 1
30 2057 1
30 2058 1
30 2059 1
30 1420 1
30 2061 1
30 2062 1
30 2029 1
30 912 1
30 1299 1
30 1812 1
30 1045 1
30 1174 1
30 415 1
30 2034 1
30 2049 1
30 1705 1
30 2055 1
30 1965 1
30 2043 1
30 2056 1
30 562 1
30 1594 1
30 1759 1
30 2037 1
30 705 1
30 1479 1
30 1864 1
30 2060 1
30 2039 1
30 844 1
30 1360 1
30 979 1
30 340 1
30 1237 1
30 1110 1
30 2063 1
30 2042 1
30 2015 1
30 2016 1
30 2017 1
30 2018 1
30 2019 1
30 2020 1
30 2021 1
30 2022 1
30 2023 1
30 2024 1
30 489 1
30 2026 1
30 2027 1
30 2028 1
30 109 1
30 2030 1
30 2031 1
30 2032 1
30 2033 1
30 1650 1
30 2035 1
30 2036 1
30 187 1
30 2038 1
30 2025 1
30 2040 1
30 2041 1
30 634 1
30 1915 1
30 2044 1
30 2045 1
30 2046 1
30 2047 1
31 1538 1
31 1046 1
31 776 1
31 265 1
31 2071 1
31 1421 1
31 2064 1
31 2065 1
31 2066 1
31 2067 1
31 2068 1
31 2069 1
31 2070 1
31 1175 1
31 2072 1
31 2073 1
31 2074 1
31 2075 1
31 2076 1
31 2077 1
31 2078 1
31 2079 1
31 416 1
31 2081 1
31 2082 1
31 2083 1
31 2084 1
31 2085 1
31 2086 1
31 2087 1
31 2088 1
31 2089 1
31 1706 1
31 2091 1
31 2092 1
31 2093 1
31 1966 1
31 2095 1
31 2096 1
31 2097 1
31 2098 1
31 563 1
31 2100 1
31 2101 1
31 2102 1
31 2103 1
31 2104 1
31 2105 1
31 2106 1
31 1595 1
31 188 1
31 2109 1
31 2110 1
31 2111 1
31 2080 1
31 706 1
31 1480 1
31 1865 1
31 845 1
31 2108 1
31 1361 1
31 980 1
31 341 1
31 1238 1
31 1111 1
31 2094 1
31 2015 1
31 1760 1
31 2107 1
31 913 1
31 2099 1
31 490 1
31 110 1
31 1651 1
31 1300 1
31 635 1
31 1916 1
31 2090 1
31 1813 1
32 1539 1
32 2134 1
32 777 1
32 266 1
32 2135 1
32 1422 1
32 2157 1
32 2064 1
32 2136 1
32 914 1
32 2115 1
32 1301 1
32 1814 1
32 1047 1
32 1176 1
32 417 1
32 2155 1
32 2145 1
32 1707 1
32 1967 1
32 2144 1
32 189 1
32 564 1
32 2121 1
32 1596 1
32 2122 1
32 2112 1
32 2113 1
32 2114 1
32 707 1
32 2116 1
32 2117 1
32 2118 1
32 2119 1
32 2120 1
32 1481 1
32 1866 1
32 2123 1
32 2124 1
32 2125 1
32 846 1
32 2127 1
32 2128 1
32 2129 1
32 1362 1
32 2131 1
32 2132 1
32 981 1
32 342 1
32 1239 1
32 1112 1
32 2137 1
32 2138 1
32 2139 1
32 2140 1
32 2141 1
32 2142 1
32 2143 1
32 2016 1
32 1761 1
32 2146 1
32 2147 1
32 2148 1
32 2149 1
32 2150 1
32 2151 1
32 2152 1
32 2153 1
32 2154 1
32 491 1
32 2126 1
32 2130 1
32 2158 1
32 111 1
32 2156 1
32 1652 1
32 636 1
32 1917 1
32 2133 1
33 2176 1
33 2177 1
33 2178 1
33 2179 1
33 1540 1
33 2181 1
33 2182 1
33 2183 1
33 2184 1
33 2185 1
33 778 1
33 267 1
33 2188 1
33 2174 1
33 2190 1
33 1423 1
33 2192 1
33 2065 1
33 2194 1
33 915 1
33 2196 1
33 2197 1
33 1302 1
33 1815 1
33 1048 1
33 1177 1
33 2200 1
33 2203 1
33 2204 1
33 2202 1
33 112 1
33 418 1
33 1708 1
33 2173 1
33 1968 1
33 565 1
33 2201 1
33 1597 1
33 190 1
33 1653 1
33 2112 1
33 2180 1
33 2187 1
33 708 1
33 2195 1
33 1482 1
33 1867 1
33 847 1
33 2189 1
33 2186 1
33 1363 1
33 982 1
33 343 1
33 1240 1
33 1113 1
33 2191 1
33 2199 1
33 2198 1
33 2017 1
33 1762 1
33 2193 1
33 492 1
33 2159 1
33 2160 1
33 2161 1
33 2162 1
33 2163 1
33 2164 1
33 2165 1
33 2166 1
33 2167 1
33 2168 1
33 2169 1
33 2170 1
33 2171 1
33 2172 1
33 637 1
33 1918 1
33 2175 1
34 1541 1
34 2241 1
34 2225 1
34 779 1
34 268 1
34 2221 1
34 1424 1
34 2245 1
34 2066 1
34 916 1
34 1303 1
34 1816 1
34 1049 1
34 1178 1
34 2205 1
34 2206 1
34 2207 1
34 2208 1
34 2209 1
34 2210 1
34 419 1
34 2212 1
34 2213 1
34 2214 1
34 2215 1
34 2216 1
34 2217 1
34 2218 1
34 2219 1
34 2220 1
34 1709 1
34 2222 1
34 2223 1
34 2224 1
34 1969 1
34 2226 1
34 2227 1
34 2228 1
34 2229 1
34 566 1
34 2231 1
34 2232 1
34 2233 1
34 2234 1
34 2235 1
34 2236 1
34 2237 1
34 1598 1
34 191 1
34 2240 1
34 2113 1
34 2242 1
34 2243 1
34 2244 1
34 709 1
34 2246 1
34 2247 1
34 2248 1
34 2249 1
34 1483 1
34 1868 1
34 848 1
34 2211 1
34 1364 1
34 983 1
34 344 1
34 1241 1
34 1114 1
34 2018 1
34 1763 1
34 493 1
34 2159 1
34 113 1
34 2230 1
34 2238 1
34 1654 1
34 2239 1
34 638 1
34 1919 1
35 1920 1
35 2261 1
35 2283 1
35 2276 1
35 1542 1
35 780 1
35 269 1
35 2285 1
35 1425 1
35 2067 1
35 917 1
35 2265 1
35 1304 1
35 1817 1
35 1050 1
35 1179 1
35 2264 1
35 2205 1
35 2275 1
35 2288 1
35 2267 1
35 420 1
35 2290 1
35 1710 1
35 2286 1
35 1970 1
35 567 1
35 2266 1
35 1599 1
35 192 1
35 2114 1
35 710 1
35 2252 1
35 2250 1
35 2251 1
35 1484 1
35 1869 1
35 2254 1
35 2255 1
35 2256 1
35 2257 1
35 2253 1
35 2259 1
35 2260 1
35 1365 1
35 2262 1
35 2263 1
35 984 1
35 345 1
35 1242 1
35 1115 1
35 2268 1
35 2269 1
35 2270 1
35 2271 1
35 2272 1
35 2273 1
35 2274 1
35 2019 1
35 1764 1
35 2277 1
35 2278 1
35 849 1
35 2280 1
35 2281 1
35 2282 1
35 2279 1
35 2284 1
35 2258 1
35 494 1
35 2287 1
35 2160 1
35 2289 1
35 114 1
35 2291 1
35 2292 1
35 2293 1
35 1655 1
35 639 1
36 640 1
36 1921 1
36 2306 1
36 2307 1
36 2308 1
36 2309 1
36 2310 1
36 1543 1
36 2312 1
36 2304 1
36 2314 1
36 2315 1
36 2316 1
36 781 1
36 270 1
36 2319 1
36 2320 1
36 2321 1
36 1426 1
36 2323 1
36 2068 1
36 2325 1
36 918 1
36 2327 1
36 2328 1
36 1305 1
36 1818 1
36 1051 1
36 1180 1
36 2330 1
36 2206 1
36 2335 1
36 2336 1
36 2331 1
36 421 1
36 2324 1
36 2332 1
36 2311 1
36 1711 1
36 1971 1
36 2333 1
36 2334 1
36 2313 1
36 568 1
36 2329 1
36 1600 1
36 193 1
36 2115 1
36 711 1
36 2250 1
36 1485 1
36 1870 1
36 2317 1
36 2296 1
36 850 1
36 2318 1
36 1366 1
36 985 1
36 346 1
36 1243 1
36 1116 1
36 2326 1
36 2020 1
36 1765 1
36 2305 1
36 2322 1
36 495 1
36 2161 1
36 115 1
36 2294 1
36 2295 1
36 1656 1
36 2297 1
36 2298 1
36 2299 1
36 2300 1
36 2301 1
36 2302 1
36 2303 1
37 641 1
37 1922 1
37 422 1
37 1544 1
37 2370 1
37 782 1
37 271 1
37 1427 1
37 2069 1
37 919 1
37 2372 1
37 1306 1
37 1819 1
37 1052 1
37 1181 1
37 2207 1
37 2337 1
37 2338 1
37 2339 1
37 2340 1
37 2341 1
37 2342 1
37 2343 1
37 2344 1
37 2345 1
37 2346 1
37 2347 1
37 2348 1
37 2349 1
37 2350 1
37 2351 1
37 1712 1
37 2353 1
37 2354 1
37 2355 1
37 1972 1
37 2357 1
37 2358 1
37 2359 1
37 2360 1
37 569 1
37 2362 1
37 2363 1
37 2364 1
37 2365 1
37 2366 1
37 2367 1
37 2368 1
37 1601 1
37 194 1
37 2371 1
37 2116 1
37 2373 1
37 2374 1
37 2375 1
37 712 1
37 2377 1
37 2378 1
37 2251 1
37 1486 1
37 1871 1
37 2376 1
37 851 1
37 1367 1
37 986 1
37 347 1
37 1244 1
37 1117 1
37 2021 1
37 1766 1
37 2356 1
37 2369 1
37 2352 1
37 496 1
37 2162 1
37 116 1
37 2294 1
37 1657 1
37 2361 1
38 642 1
38 1923 1
38 2417 1
38 1545 1
38 2406 1
38 783 1
38 272 1
38 2392 1
38 2383 1
38 1428 1
38 2070 1
38 920 1
38 1307 1
38 1820 1
38 1053 1
38 1182 1
38 2208 1
38 2337 1
38 2395 1
38 423 1
38 2396 1
38 2397 1
38 1713 1
38 2419 1
38 1973 1
38 2380 1
38 570 1
38 1602 1
38 195 1
38 2398 1
38 2117 1
38 2401 1
38 713 1
38 2411 1
38 2379 1
38 2252 1
38 2381 1
38 2382 1
38 1487 1
38 1872 1
38 2385 1
38 2386 1
38 2387 1
38 852 1
38 2389 1
38 2390 1
38 2391 1
38 1368 1
38 2393 1
38 2394 1
38 987 1
38 348 1
38 1245 1
38 1118 1
38 2399 1
38 2400 1
38 2384 1
38 2402 1
38 2403 1
38 2404 1
38 2405 1
38 2022 1
38 1767 1
38 2408 1
38 2409 1
38 2410 1
38 2407 1
38 2412 1
38 2413 1
38 2414 1
38 2415 1
38 2416 1
38 497 1
38 2418 1
38 2163 1
38 117 1
38 2295 1
38 2388 1
38 1658 1
39 2432 1
39 2433 1
39 2434 1
39 643 1
39 1924 1
39 2437 1
39 2438 1
39 2439 1
39 2440 1
39 2441 1
39 1546 1
39 2443 1
39 2444 1
39 2445 1
39 2446 1
39 2447 1
39 784 1
39 273 1
39 2450 1
39 2435 1
39 2452 1
39 1429 1
39 2454 1
39 2071 1
39 2456 1
39 921 1
39 2458 1
39 2459 1
39 1308 1
39 1821 1
39 1054 1
39 1183 1
39 2209 1
39 2338 1
39 424 1
39 1714 1
39 1974 1
39 2164 1
39 571 1
39 2442 1
39 2451 1
39 2457 1
39 1603 1
39 196 1
39 118 1
39 2118 1
39 2453 1
39 2448 1
39 714 1
39 2379 1
39 2253 1
39 1488 1
39 1873 1
39 853 1
39 1369 1
39 2455 1
39 988 1
39 349 1
39 1246 1
39 1119 1
39 2449 1
39 2424 1
39 2427 1
39 2023 1
39 1768 1
39 498 1
39 2436 1
39 2420 1
39 2421 1
39 2422 1
39 2423 1
39 2296 1
39 2425 1
39 2426 1
39 1659 1
39 2428 1
39 2429 1
39 2430 1
39 2431 1
40 644 1
40 1925 1
40 2497 1
40 1547 1
40 785 1
40 274 1
40 2483 1
40 1430 1
40 2072 1
40 922 1
40 2479 1
40 2460 1
40 2461 1
40 1822 1
40 1055 1
40 1184 1
40 2465 1
40 2210 1
40 2339 1
40 2468 1
40 2469 1
40 2470 1
40 2471 1
40 2472 1
40 425 1
40 2474 1
40 2475 1
40 2476 1
40 2477 1
40 2478 1
40 1309 1
40 2480 1
40 2481 1
40 2482 1
40 1715 1
40 2484 1
40 2462 1
40 2486 1
40 1975 1
40 2488 1
40 2489 1
40 2490 1
40 2463 1
40 572 1
40 2493 1
40 2494 1
40 2485 1
40 2496 1
40 2464 1
40 2498 1
40 1604 1
40 197 1
40 2119 1
40 2473 1
40 715 1
40 2380 1
40 2466 1
40 2254 1
40 1489 1
40 1874 1
40 2467 1
40 854 1
40 1370 1
40 2492 1
40 2487 1
40 989 1
40 350 1
40 1247 1
40 1120 1
40 2491 1
40 2024 1
40 1769 1
40 499 1
40 2420 1
40 2165 1
40 119 1
40 2297 1
40 2495 1
40 1660 1
41 645 1
41 1926 1
41 2519 1
41 1548 1
41 786 1
41 275 1
41 2501 1
41 2511 1
41 1431 1
41 2073 1
41 923 1
41 2460 1
41 2522 1
41 1310 1
41 1823 1
41 1056 1
41 1185 1
41 2211 1
41 2340 1
41 2502 1
41 426 1
41 2504 1
41 2529 1
41 1716 1
41 2526 1
41 1976 1
41 2527 1
41 2508 1
41 573 1
41 2528 1
41 2499 1
41 2500 1
41 1605 1
41 198 1
41 2503 1
41 2120 1
41 2505 1
41 2506 1
41 2507 1
41 716 1
41 2381 1
41 2510 1
41 2255 1
41 2512 1
41 2513 1
41 1490 1
41 1875 1
41 2516 1
41 2517 1
41 2518 1
41 855 1
41 2520 1
41 2521 1
41 2509 1
41 1371 1
41 2524 1
41 2525 1
41 990 1
41 351 1
41 1248 1
41 1121 1
41 2530 1
41 2531 1
41 2532 1
41 2533 1
41 2534 1
41 2535 1
41 2536 1
41 2025 1
41 1770 1
41 2514 1
41 2515 1
41 500 1
41 2421 1
41 2166 1
41 120 1
41 2298 1
41 1661 1
41 2523 1
42 2560 1
42 2561 1
42 2562 1
42 2539 1
42 2564 1
42 2565 1
42 646 1
42 1927 1
42 2568 1
42 2569 1
42 2566 1
42 2571 1
42 2572 1
42 1549 1
42 787 1
42 276 1
42 1432 1
42 2558 1
42 2074 1
42 924 1
42 2461 1
42 1311 1
42 1824 1
42 1057 1
42 1186 1
42 2212 1
42 2341 1
42 2567 1
42 427 1
42 2563 1
42 1717 1
42 1977 1
42 2570 1
42 574 1
42 2549 1
42 2499 1
42 2550 1
42 1606 1
42 199 1
42 2121 1
42 2551 1
42 717 1
42 2382 1
42 2573 1
42 2256 1
42 1491 1
42 1876 1
42 2553 1
42 856 1
42 1372 1
42 991 1
42 352 1
42 1249 1
42 1122 1
42 2555 1
42 2557 1
42 2537 1
42 2026 1
42 1771 1
42 2540 1
42 2541 1
42 2542 1
42 2543 1
42 2544 1
42 2545 1
42 2546 1
42 2547 1
42 2548 1
42 501 1
42 2422 1
42 2167 1
42 2552 1
42 121 1
42 2554 1
42 2299 1
42 2556 1
42 2538 1
42 1662 1
42 2559 1
43 2587 1
43 647 1
43 1928 1
43 2604 1
43 2593 1
43 1550 1
43 2575 1
43 2576 1
43 2577 1
43 2578 1
43 2579 1
43 788 1
43 277 1
43 2582 1
43 2583 1
43 2584 1
43 1433 1
43 2586 1
43 2075 1
43 2588 1
43 925 1
43 2462 1
43 2591 1
43 1312 1
43 1825 1
43 1058 1
43 1187 1
43 2596 1
43 2213 1
43 2342 1
43 2599 1
43 2600 1
43 2601 1
43 2602 1
43 2603 1
43 428 1
43 2605 1
43 2606 1
43 2589 1
43 2608 1
43 2609 1
43 2590 1
43 1718 1
43 1978 1
43 575 1
43 2607 1
43 2592 1
43 2500 1
43 1607 1
43 200 1
43 2122 1
43 2598 1
43 2581 1
43 2594 1
43 718 1
43 2383 1
43 2257 1
43 2595 1
43 1492 1
43 1877 1
43 2585 1
43 857 1
43 1373 1
43 2597 1
43 992 1
43 353 1
43 1250 1
43 1123 1
43 2574 1
43 2537 1
43 2027 1
43 1772 1
43 502 1
43 2423 1
43 2168 1
43 2580 1
43 122 1
43 2300 1
43 1663 1
44 1664 1
44 2624 1
44 2625 1
44 648 1
44 1929 1
44 2574 1
44 1551 1
44 789 1
44 278 1
44 1434 1
44 2640 1
44 2076 1
44 926 1
44 2463 1
44 1313 1
44 1826 1
44 1059 1
44 1188 1
44 2214 1
44 2343 1
44 429 1
44 2632 1
44 2610 1
44 2611 1
44 2612 1
44 2613 1
44 2614 1
44 1719 1
44 2616 1
44 2617 1
44 2618 1
44 1979 1
44 2620 1
44 2621 1
44 2622 1
44 2623 1
44 576 1
44 2619 1
44 2626 1
44 2627 1
44 2628 1
44 2501 1
44 2630 1
44 2631 1
44 1608 1
44 201 1
44 2634 1
44 2123 1
44 2636 1
44 2637 1
44 2638 1
44 719 1
44 2384 1
44 2641 1
44 2258 1
44 2643 1
44 2644 1
44 1493 1
44 1878 1
44 858 1
44 2639 1
44 1374 1
44 993 1
44 354 1
44 1251 1
44 1124 1
44 2633 1
44 2538 1
44 2635 1
44 2028 1
44 1773 1
44 2629 1
44 2615 1
44 2642 1
44 503 1
44 2424 1
44 2169 1
44 123 1
44 2301 1
45 1665 1
45 2651 1
45 2667 1
45 2646 1
45 649 1
45 1930 1
45 2647 1
45 2575 1
45 1552 1
45 2660 1
45 2670 1
45 790 1
45 279 1
45 1435 1
45 2077 1
45 2669 1
45 927 1
45 2464 1
45 1314 1
45 1827 1
45 1060 1
45 1189 1
45 2215 1
45 2344 1
45 430 1
45 2661 1
45 2610 1
45 2675 1
45 1720 1
45 2655 1
45 1980 1
45 577 1
45 2502 1
45 1609 1
45 202 1
45 2124 1
45 2658 1
45 720 1
45 2385 1
45 2259 1
45 2645 1
45 1494 1
45 1879 1
45 2648 1
45 2649 1
45 2650 1
45 859 1
45 2652 1
45 2653 1
45 2654 1
45 1375 1
45 2656 1
45 2657 1
45 994 1
45 355 1
45 1252 1
45 1125 1
45 2662 1
45 2663 1
45 2664 1
45 2665 1
45 2666 1
45 2539 1
45 2668 1
45 2029 1
45 1774 1
45 2671 1
45 2672 1
45 2673 1
45 2674 1
45 2659 1
45 2676 1
45 2677 1
45 2678 1
45 504 1
45 2425 1
45 2170 1
45 124 1
45 2302 1
46 2688 1
46 2689 1
46 1666 1
46 2691 1
46 2692 1
46 2693 1
46 2694 1
46 2681 1
46 2696 1
46 2697 1
46 650 1
46 1931 1
46 2700 1
46 2690 1
46 2702 1
46 2703 1
46 2576 1
46 1553 1
46 2706 1
46 2707 1
46 2708 1
46 2709 1
46 2710 1
46 791 1
46 280 1
46 1436 1
46 2078 1
46 928 1
46 2465 1
46 1315 1
46 1828 1
46 1061 1
46 1190 1
46 2216 1
46 2345 1
46 2695 1
46 431 1
46 2611 1
46 2699 1
46 1721 1
46 2687 1
46 2711 1
46 1981 1
46 2698 1
46 578 1
46 2683 1
46 2503 1
46 1610 1
46 203 1
46 2125 1
46 2701 1
46 721 1
46 2386 1
46 2260 1
46 2645 1
46 1495 1
46 1880 1
46 860 1
46 2682 1
46 1376 1
46 2704 1
46 995 1
46 356 1
46 1253 1
46 1126 1
46 2705 1
46 2540 1
46 2030 1
46 1775 1
46 2686 1
46 2679 1
46 2680 1
46 505 1
46 2426 1
46 2171 1
46 2684 1
46 125 1
46 2685 1
46 2303 1
47 2304 1
47 1667 1
47 651 1
47 1932 1
47 2577 1
47 1554 1
47 2724 1
47 2713 1
47 792 1
47 281 1
47 2714 1
47 2715 1
47 2716 1
47 1437 1
47 2718 1
47 2079 1
47 2712 1
47 929 1
47 2466 1
47 2723 1
47 1316 1
47 1829 1
47 1062 1
47 1191 1
47 2728 1
47 2217 1
47 2346 1
47 2731 1
47 2732 1
47 2733 1
47 2734 1
47 2717 1
47 432 1
47 2737 1
47 2738 1
47 2739 1
47 2612 1
47 2741 1
47 2742 1
47 2743 1
47 2740 1
47 1722 1
47 2719 1
47 1982 1
47 2720 1
47 579 1
47 2721 1
47 2504 1
47 1611 1
47 204 1
47 2722 1
47 2126 1
47 2726 1
47 2729 1
47 722 1
47 2387 1
47 2735 1
47 2261 1
47 2646 1
47 1496 1
47 1881 1
47 861 1
47 2725 1
47 1377 1
47 996 1
47 357 1
47 1254 1
47 1127 1
47 2736 1
47 2727 1
47 2541 1
47 2031 1
47 1776 1
47 2679 1
47 506 1
47 2427 1
47 2172 1
47 2730 1
47 126 1
48 2305 1
48 1668 1
48 2764 1
48 652 1
48 1933 1
48 2578 1
48 1555 1
48 2712 1
48 793 1
48 282 1
48 2773 1
48 1438 1
48 2080 1
48 930 1
48 2467 1
48 1317 1
48 1830 1
48 1063 1
48 1192 1
48 2218 1
48 2347 1
48 433 1
48 2774 1
48 2751 1
48 2613 1
48 2761 1
48 2744 1
48 2745 1
48 2746 1
48 1723 1
48 2748 1
48 2749 1
48 2750 1
48 1983 1
48 2752 1
48 2753 1
48 2754 1
48 2755 1
48 580 1
48 2757 1
48 2758 1
48 2759 1
48 2760 1
48 2505 1
48 2762 1
48 2763 1
48 1612 1
48 205 1
48 2766 1
48 2127 1
48 2768 1
48 2769 1
48 2770 1
48 723 1
48 2388 1
48 2756 1
48 2262 1
48 2647 1
48 1497 1
48 1882 1
48 2767 1
48 862 1
48 1378 1
48 2747 1
48 997 1
48 358 1
48 1255 1
48 1128 1
48 2765 1
48 2542 1
48 2032 1
48 1777 1
48 2771 1
48 2680 1
48 2772 1
48 507 1
48 2428 1
48 2173 1
48 127 1
49 128 1
49 2306 1
49 2795 1
49 1669 1
49 2779 1
49 2801 1
49 2775 1
49 653 1
49 1934 1
49 2776 1
49 2579 1
49 1556 1
49 2713 1
49 794 1
49 283 1
49 2778 1
49 1439 1
49 2081 1
49 931 1
49 2468 1
49 1318 1
49 1831 1
49 1064 1
49 1193 1
49 2219 1
49 2348 1
49 2802 1
49 434 1
49 2799 1
49 2614 1
49 2744 1
49 2783 1
49 1724 1
49 1984 1
49 2792 1
49 581 1
49 2506 1
49 1613 1
49 206 1
49 2128 1
49 2790 1
49 2787 1
49 724 1
49 2389 1
49 2263 1
49 2648 1
49 2777 1
49 1498 1
49 1883 1
49 2780 1
49 2781 1
49 2782 1
49 863 1
49 2784 1
49 2785 1
49 2786 1
49 1379 1
49 2788 1
49 2789 1
49 998 1
49 359 1
49 1256 1
49 1129 1
49 2794 1
49 2791 1
49 2796 1
49 2797 1
49 2798 1
49 2543 1
49 2800 1
49 2033 1
49 1778 1
49 2803 1
49 2804 1
49 2793 1
49 2681 1
49 508 1
49 2429 1
49 2174 1
50 2816 1
50 129 1
50 2818 1
50 2307 1
50 2820 1
50 2821 1
50 1670 1
50 2817 1
50 2824 1
50 2825 1
50 2826 1
50 2827 1
50 2828 1
50 2829 1
50 654 1
50 1935 1
50 2832 1
50 2833 1
50 2822 1
50 2819 1
50 2580 1
50 1557 1
50 2714 1
50 795 1
50 284 1
50 1440 1
50 2814 1
50 2082 1
50 2831 1
50 932 1
50 2469 1
50 1319 1
50 1832 1
50 1065 1
50 1194 1
50 2823 1
50 2220 1
50 2349 1
50 435 1
50 2615 1
50 2745 1
50 1725 1
50 2815 1
50 1985 1
50 2830 1
50 582 1
50 2507 1
50 1614 1
50 207 1
50 2129 1
50 725 1
50 2390 1
50 2775 1
50 2264 1
50 2649 1
50 1499 1
50 1884 1
50 2810 1
50 864 1
50 1380 1
50 999 1
50 360 1
50 1257 1
50 1130 1
50 2813 1
50 2544 1
50 2034 1
50 1779 1
50 2805 1
50 2806 1
50 2807 1
50 2808 1
50 2809 1
50 2682 1
50 2811 1
50 2812 1
50 509 1
50 2430 1
50 2175 1
51 2176 1
51 130 1
51 2859 1
51 2308 1
51 2838 1
51 1671 1
51 2843 1
51 655 1
51 1936 1
51 2834 1
51 2835 1
51 2836 1
51 2581 1
51 1558 1
51 2839 1
51 2840 1
51 2841 1
51 2842 1
51 2715 1
51 796 1
51 285 1
51 2846 1
51 2847 1
51 2848 1
51 1441 1
51 2850 1
51 2083 1
51 2852 1
51 933 1
51 2470 1
51 2855 1
51 1320 1
51 1833 1
51 1066 1
51 1195 1
51 2860 1
51 2221 1
51 2350 1
51 2845 1
51 436 1
51 2616 1
51 2854 1
51 2746 1
51 2861 1
51 2849 1
51 1726 1
51 2844 1
51 1986 1
51 583 1
51 2508 1
51 2856 1
51 1615 1
51 208 1
51 2130 1
51 2851 1
51 2837 1
51 726 1
51 2391 1
51 2776 1
51 2265 1
51 2650 1
51 1500 1
51 1885 1
51 2853 1
51 865 1
51 1381 1
51 1000 1
51 361 1
51 1258 1
51 1131 1
51 2545 1
51 2035 1
51 1780 1
51 2805 1
51 2857 1
51 2683 1
51 2858 1
51 510 1
51 2431 1
52 2432 1
52 2177 1
52 131 1
52 2309 1
52 1672 1
52 2873 1
52 2869 1
52 656 1
52 1937 1
52 2834 1
52 2883 1
52 2862 1
52 2582 1
52 1559 1
52 2863 1
52 2716 1
52 797 1
52 286 1
52 1442 1
52 2084 1
52 934 1
52 2471 1
52 1321 1
52 1834 1
52 1067 1
52 1196 1
52 2222 1
52 2351 1
52 2864 1
52 2865 1
52 2866 1
52 2867 1
52 2868 1
52 437 1
52 2870 1
52 2871 1
52 2872 1
52 2617 1
52 2874 1
52 2747 1
52 2876 1
52 2877 1
52 2878 1
52 1727 1
52 2880 1
52 2881 1
52 2882 1
52 1987 1
52 2884 1
52 2885 1
52 2886 1
52 2887 1
52 584 1
52 2509 1
52 1616 1
52 209 1
52 2131 1
52 727 1
52 2392 1
52 2777 1
52 2266 1
52 2651 1
52 1501 1
52 1886 1
52 2888 1
52 866 1
52 2875 1
52 1382 1
52 1001 1
52 362 1
52 1259 1
52 1132 1
52 2546 1
52 2036 1
52 1781 1
52 2806 1
52 2879 1
52 2684 1
52 511 1
53 512 1
53 2433 1
53 2178 1
53 132 1
53 2310 1
53 1673 1
53 2907 1
53 657 1
53 1938 1
53 2835 1
53 2905 1
53 2583 1
53 1560 1
53 2906 1
53 2717 1
53 798 1
53 287 1
53 1443 1
53 2085 1
53 935 1
53 2472 1
53 2908 1
53 1322 1
53 1835 1
53 1068 1
53 1197 1
53 2862 1
53 2223 1
53 2352 1
53 2910 1
53 438 1
53 2889 1
53 2618 1
53 2911 1
53 2748 1
53 2897 1
53 1728 1
53 2904 1
53 1988 1
53 585 1
53 2890 1
53 2891 1
53 2892 1
53 2893 1
53 2510 1
53 2895 1
53 2896 1
53 1617 1
53 210 1
53 2899 1
53 2132 1
53 2894 1
53 2902 1
53 2903 1
53 728 1
53 2393 1
53 2778 1
53 2267 1
53 2652 1
53 2909 1
53 1502 1
53 1887 1
53 2912 1
53 2913 1
53 2914 1
53 867 1
53 1383 1
53 1002 1
53 363 1
53 1260 1
53 1133 1
53 2547 1
53 2037 1
53 1782 1
53 2807 1
53 2900 1
53 2898 1
53 2685 1
53 2901 1
54 2916 1
54 513 1
54 2434 1
54 2179 1
54 133 1
54 2311 1
54 2924 1
54 1674 1
54 2925 1
54 658 1
54 1939 1
54 2836 1
54 2926 1
54 2584 1
54 1561 1
54 2923 1
54 2718 1
54 799 1
54 288 1
54 1444 1
54 2086 1
54 2929 1
54 936 1
54 2473 1
54 1323 1
54 1836 1
54 1069 1
54 1198 1
54 2863 1
54 2224 1
54 2353 1
54 2934 1
54 439 1
54 2932 1
54 2619 1
54 2749 1
54 1729 1
54 1989 1
54 2889 1
54 586 1
54 2935 1
54 2511 1
54 2936 1
54 1618 1
54 211 1
54 2133 1
54 729 1
54 2394 1
54 2779 1
54 2268 1
54 2653 1
54 1503 1
54 1888 1
54 2915 1
54 868 1
54 2917 1
54 2918 1
54 2919 1
54 1384 1
54 2921 1
54 2922 1
54 1003 1
54 364 1
54 1261 1
54 1134 1
54 2927 1
54 2928 1
54 2920 1
54 2930 1
54 2931 1
54 2548 1
54 2933 1
54 2038 1
54 1783 1
54 2808 1
54 2937 1
54 2938 1
54 2939 1
54 2686 1
55 2944 1
55 2945 1
55 514 1
55 2435 1
55 2180 1
55 2949 1
55 134 1
55 2951 1
55 2312 1
55 2953 1
55 2954 1
55 1675 1
55 2956 1
55 2946 1
55 2958 1
55 2959 1
55 2960 1
55 2961 1
55 2962 1
55 659 1
55 1940 1
55 2837 1
55 2950 1
55 2585 1
55 1562 1
55 2947 1
55 2719 1
55 800 1
55 289 1
55 1445 1
55 2087 1
55 937 1
55 2474 1
55 1324 1
55 1837 1
55 1070 1
55 1199 1
55 2864 1
55 2225 1
55 2354 1
55 440 1
55 2620 1
55 2750 1
55 1730 1
55 2955 1
55 2948 1
55 1990 1
55 2890 1
55 587 1
55 2957 1
55 2512 1
55 2952 1
55 1619 1
55 212 1
55 2134 1
55 730 1
55 2395 1
55 2780 1
55 2269 1
55 2654 1
55 1504 1
55 1889 1
55 2915 1
55 869 1
55 1385 1
55 1004 1
55 365 1
55 1262 1
55 1135 1
55 2963 1
55 2549 1
55 2039 1
55 1784 1
55 2809 1
55 2943 1
55 2940 1
55 2941 1
55 2942 1
55 2687 1
56 2688 1
56 515 1
56 2436 1
56 2181 1
56 135 1
56 2313 1
56 1676 1
56 660 1
56 1941 1
56 2838 1
56 2967 1
56 2968 1
56 2969 1
56 2586 1
56 1563 1
56 2972 1
56 2970 1
56 2974 1
56 2975 1
56 2720 1
56 801 1
56 290 1
56 2971 1
56 2980 1
56 2981 1
56 1446 1
56 2983 1
56 2088 1
56 2985 1
56 938 1
56 2475 1
56 2966 1
56 1325 1
56 1838 1
56 1071 1
56 1200 1
56 2865 1
56 2226 1
56 2355 1
56 441 1
56 2964 1
56 2621 1
56 2751 1
56 2976 1
56 1731 1
56 1991 1
56 2973 1
56 2891 1
56 588 1
56 2978 1
56 2513 1
56 2979 1
56 1620 1
56 213 1
56 2135 1
56 731 1
56 2396 1
56 2781 1
56 2270 1
56 2655 1
56 1505 1
56 1890 1
56 2916 1
56 2982 1
56 870 1
56 2977 1
56 1386 1
56 1005 1
56 366 1
56 1263 1
56 1136 1
56 2984 1
56 2550 1
56 2040 1
56 1785 1
56 2810 1
56 2940 1
56 2986 1
56 2965 1
57 2689 1
57 2987 1
57 516 1
57 2437 1
57 2182 1
57 136 1
57 2988 1
57 2314 1
57 1677 1
57 2992 1
57 2964 1
57 661 1
57 1942 1
57 2839 1
57 2587 1
57 1564 1
57 2721 1
57 802 1
57 291 1
57 1447 1
57 2993 1
57 2089 1
57 3002 1
57 939 1
57 2476 1
57 2989 1
57 1326 1
57 1839 1
57 1072 1
57 1201 1
57 2866 1
57 2227 1
57 2356 1
57 2997 1
57 2998 1
57 2999 1
57 3000 1
57 2996 1
57 442 1
57 3003 1
57 3004 1
57 3005 1
57 2622 1
57 2994 1
57 2752 1
57 1732 1
57 3007 1
57 2990 1
57 1992 1
57 2892 1
57 589 1
57 2514 1
57 2995 1
57 1621 1
57 214 1
57 3001 1
57 2136 1
57 732 1
57 2397 1
57 2782 1
57 2271 1
57 2656 1
57 1506 1
57 1891 1
57 3008 1
57 2917 1
57 871 1
57 1387 1
57 1006 1
57 367 1
57 1264 1
57 1137 1
57 3006 1
57 2551 1
57 2041 1
57 1786 1
57 2811 1
57 2991 1
57 2941 1
58 2690 1
58 517 1
58 2438 1
58 2183 1
58 137 1
58 2315 1
58 3009 1
58 1678 1
58 2965 1
58 662 1
58 1943 1
58 2840 1
58 2588 1
58 1565 1
58 3013 1
58 2722 1
58 803 1
58 292 1
58 1448 1
58 2090 1
58 2987 1
58 940 1
58 2477 1
58 1327 1
58 1840 1
58 1073 1
58 1202 1
58 2867 1
58 2228 1
58 2357 1
58 3017 1
58 443 1
58 2623 1
58 2753 1
58 3010 1
58 3011 1
58 3012 1
58 1733 1
58 3014 1
58 3015 1
58 3016 1
58 1993 1
58 3018 1
58 3019 1
58 3020 1
58 2893 1
58 590 1
58 3021 1
58 3024 1
58 3025 1
58 3026 1
58 2515 1
58 3028 1
58 3022 1
58 1622 1
58 215 1
58 2137 1
58 3023 1
58 733 1
58 2398 1
58 2783 1
58 2272 1
58 2657 1
58 1507 1
58 1892 1
58 2918 1
58 872 1
58 1388 1
58 1007 1
58 368 1
58 1265 1
58 1138 1
58 3027 1
58 2552 1
58 2042 1
58 1787 1
58 2812 1
58 2942 1
58 3029 1
59 3034 1
59 3049 1
59 2691 1
59 518 1
59 2439 1
59 2184 1
59 138 1
59 3031 1
59 2316 1
59 1679 1
59 3032 1
59 3044 1
59 3048 1
59 2966 1
59 663 1
59 1944 1
59 2841 1
59 2589 1
59 1566 1
59 2723 1
59 804 1
59 293 1
59 1449 1
59 3045 1
59 2091 1
59 2988 1
59 941 1
59 2478 1
59 1328 1
59 1841 1
59 1074 1
59 1203 1
59 2868 1
59 2229 1
59 2358 1
59 3039 1
59 444 1
59 2624 1
59 3009 1
59 2754 1
59 1734 1
59 3041 1
59 1994 1
59 3042 1
59 2894 1
59 591 1
59 2516 1
59 3030 1
59 1623 1
59 216 1
59 3033 1
59 2138 1
59 3035 1
59 3036 1
59 3037 1
59 734 1
59 2399 1
59 2784 1
59 2273 1
59 2658 1
59 3043 1
59 1508 1
59 1893 1
59 3046 1
59 2919 1
59 3038 1
59 873 1
59 3040 1
59 1389 1
59 1008 1
59 369 1
59 1266 1
59 1139 1
59 3047 1
59 2553 1
59 2043 1
59 1788 1
59 2813 1
59 2943 1
60 2944 1
60 2692 1
60 519 1
60 2440 1
60 2185 1
60 139 1
60 2317 1
60 1680 1
60 3054 1
60 2967 1
60 664 1
60 1945 1
60 2842 1
60 2590 1
60 1567 1
60 2724 1
60 805 1
60 294 1
60 3057 1
60 1450 1
60 2092 1
60 2989 1
60 942 1
60 2479 1
60 1329 1
60 1842 1
60 1075 1
60 1204 1
60 2869 1
60 2230 1
60 2359 1
60 3060 1
60 445 1
60 2625 1
60 3010 1
60 2755 1
60 1735 1
60 3058 1
60 1995 1
60 2895 1
60 592 1
60 3050 1
60 2517 1
60 3030 1
60 1624 1
60 217 1
60 2139 1
60 3066 1
60 3059 1
60 735 1
60 2400 1
60 2785 1
60 2274 1
60 2659 1
60 1509 1
60 1894 1
60 2920 1
60 3068 1
60 874 1
60 3051 1
60 3052 1
60 3053 1
60 1390 1
60 3055 1
60 3056 1
60 1009 1
60 370 1
60 1267 1
60 1140 1
60 3061 1
60 3062 1
60 3063 1
60 3064 1
60 3065 1
60 2554 1
60 3067 1
60 2044 1
60 1789 1
60 2814 1
61 3072 1
61 2945 1
61 3074 1
61 3075 1
61 3076 1
61 2693 1
61 3078 1
61 3073 1
61 520 1
61 2441 1
61 2186 1
61 3069 1
61 140 1
61 3085 1
61 2318 1
61 1681 1
61 2968 1
61 665 1
61 1946 1
61 2843 1
61 3079 1
61 2591 1
61 1568 1
61 2725 1
61 806 1
61 295 1
61 3070 1
61 1451 1
61 2093 1
61 2990 1
61 943 1
61 2480 1
61 3080 1
61 1330 1
61 1843 1
61 1076 1
61 1205 1
61 2870 1
61 2231 1
61 2360 1
61 3082 1
61 446 1
61 2626 1
61 3011 1
61 2756 1
61 3083 1
61 3071 1
61 1736 1
61 3084 1
61 3081 1
61 1996 1
61 2896 1
61 593 1
61 3086 1
61 2518 1
61 3031 1
61 1625 1
61 218 1
61 2140 1
61 736 1
61 2401 1
61 2786 1
61 2275 1
61 2660 1
61 1510 1
61 1895 1
61 2921 1
61 3050 1
61 875 1
61 1391 1
61 1010 1
61 371 1
61 1268 1
61 1141 1
61 2555 1
61 3077 1
61 2045 1
61 1790 1
61 2815 1
62 2816 1
62 3101 1
62 2946 1
62 2694 1
62 521 1
62 2442 1
62 2187 1
62 141 1
62 2319 1
62 3088 1
62 3089 1
62 1682 1
62 3091 1
62 3092 1
62 3093 1
62 3094 1
62 3095 1
62 3096 1
62 2969 1
62 666 1
62 1947 1
62 2844 1
62 3098 1
62 3102 1
62 3103 1
62 2592 1
62 1569 1
62 3099 1
62 2726 1
62 807 1
62 296 1
62 3100 1
62 1452 1
62 2094 1
62 2991 1
62 944 1
62 2481 1
62 1331 1
62 1844 1
62 1077 1
62 1206 1
62 2871 1
62 2232 1
62 2361 1
62 447 1
62 2627 1
62 3012 1
62 2757 1
62 1737 1
62 3087 1
62 1997 1
62 2897 1
62 594 1
62 3097 1
62 2519 1
62 3032 1
62 1626 1
62 219 1
62 2141 1
62 737 1
62 2402 1
62 2787 1
62 2276 1
62 2661 1
62 1511 1
62 1896 1
62 2922 1
62 3051 1
62 876 1
62 3090 1
62 1392 1
62 1011 1
62 372 1
62 1269 1
62 1142 1
62 2556 1
62 3069 1
62 2046 1
62 1791 1
63 1792 1
63 2817 1
63 2947 1
63 2695 1
63 522 1
63 2443 1
63 2188 1
63 3113 1
63 142 1
63 3087 1
63 2320 1
63 3119 1
63 1683 1
63 3112 1
63 2970 1
63 667 1
63 1948 1
63 2845 1
63 3104 1
63 2593 1
63 1570 1
63 3107 1
63 3108 1
63 3109 1
63 3110 1
63 2727 1
63 808 1
63 297 1
63 3114 1
63 3115 1
63 3116 1
63 1453 1
63 3118 1
63 2095 1
63 2992 1
63 945 1
63 2482 1
63 1332 1
63 1845 1
63 1078 1
63 1207 1
63 2872 1
63 2233 1
63 2362 1
63 448 1
63 2628 1
63 3013 1
63 2758 1
63 3105 1
63 1738 1
63 3106 1
63 1998 1
63 2898 1
63 595 1
63 2520 1
63 3033 1
63 1627 1
63 220 1
63 2142 1
63 738 1
63 2403 1
63 2788 1
63 2277 1
63 2662 1
63 1512 1
63 1897 1
63 2923 1
63 3052 1
63 877 1
63 1393 1
63 1012 1
63 373 1
63 1270 1
63 1143 1
63 3111 1
63 3117 1
63 2557 1
63 3070 1
63 2047 1
64 2048 1
64 1793 1
64 2818 1
64 3130 1
64 2948 1
64 2696 1
64 523 1
64 2444 1
64 2189 1
64 143 1
64 3088 1
64 2321 1
64 1684 1
64 3131 1
64 2971 1
64 668 1
64 1949 1
64 2846 1
64 3104 1
64 3120 1
64 2594 1
64 1571 1
64 3121 1
64 2728 1
64 809 1
64 298 1
64 3126 1
64 3122 1
64 1454 1
64 2096 1
64 2993 1
64 946 1
64 2483 1
64 3124 1
64 1333 1
64 1846 1
64 1079 1
64 1208 1
64 2873 1
64 2234 1
64 2363 1
64 3132 1
64 3133 1
64 3134 1
64 3125 1
64 449 1
64 2629 1
64 3014 1
64 2759 1
64 1739 1
64 3127 1
64 1999 1
64 3128 1
64 2899 1
64 596 1
64 3129 1
64 2521 1
64 3034 1
64 1628 1
64 221 1
64 2143 1
64 3123 1
64 739 1
64 2404 1
64 2789 1
64 2278 1
64 2663 1
64 1513 1
64 1898 1
64 2924 1
64 3053 1
64 878 1
64 1394 1
64 1013 1
64 374 1
64 1271 1
64 1144 1
64 2558 1
64 3071 1
65 3072 1
65 2049 1
65 1794 1
65 2819 1
65 2949 1
65 2697 1
65 524 1
65 2445 1
65 2190 1
65 144 1
65 3089 1
65 2322 1
65 3148 1
65 1685 1
65 3138 1
65 2972 1
65 669 1
65 1950 1
65 2847 1
65 3105 1
65 2595 1
65 1572 1
65 3142 1
65 3143 1
65 2729 1
65 810 1
65 299 1
65 1455 1
65 3120 1
65 2097 1
65 2994 1
65 947 1
65 2484 1
65 1334 1
65 1847 1
65 1080 1
65 1209 1
65 2874 1
65 2235 1
65 2364 1
65 3135 1
65 3136 1
65 3137 1
65 450 1
65 3139 1
65 3140 1
65 3141 1
65 2630 1
65 3015 1
65 2760 1
65 3145 1
65 3146 1
65 3147 1
65 1740 1
65 2000 1
65 2900 1
65 597 1
65 3144 1
65 2522 1
65 3035 1
65 1629 1
65 222 1
65 2144 1
65 740 1
65 2405 1
65 2790 1
65 2279 1
65 2664 1
65 1514 1
65 1899 1
65 2925 1
65 3054 1
65 879 1
65 1395 1
65 1014 1
65 375 1
65 1272 1
65 1145 1
65 2559 1
66 2560 1
66 3073 1
66 2050 1
66 1795 1
66 2820 1
66 3158 1
66 2950 1
66 2698 1
66 3153 1
66 525 1
66 2446 1
66 2191 1
66 145 1
66 3090 1
66 2323 1
66 1686 1
66 2973 1
66 670 1
66 1951 1
66 2848 1
66 3106 1
66 2596 1
66 1573 1
66 2730 1
66 811 1
66 300 1
66 3151 1
66 1456 1
66 3121 1
66 2098 1
66 2995 1
66 948 1
66 2485 1
66 1335 1
66 1848 1
66 1081 1
66 1210 1
66 2875 1
66 2236 1
66 2365 1
66 3135 1
66 451 1
66 2631 1
66 3016 1
66 2761 1
66 1741 1
66 3150 1
66 3149 1
66 3152 1
66 2001 1
66 3154 1
66 3155 1
66 3156 1
66 2901 1
66 598 1
66 3159 1
66 3160 1
66 3161 1
66 2523 1
66 3036 1
66 1630 1
66 223 1
66 2145 1
66 741 1
66 2406 1
66 2791 1
66 2280 1
66 2665 1
66 1515 1
66 1900 1
66 2926 1
66 3055 1
66 880 1
66 1396 1
66 1015 1
66 376 1
66 1273 1
66 1146 1
66 3157 1
67 2561 1
67 3074 1
67 2051 1
67 1796 1
67 2821 1
67 2951 1
67 3167 1
67 2699 1
67 526 1
67 2447 1
67 2192 1
67 146 1
67 3091 1
67 2324 1
67 1687 1
67 2974 1
67 671 1
67 1952 1
67 2849 1
67 3107 1
67 2597 1
67 1574 1
67 3164 1
67 2731 1
67 812 1
67 301 1
67 3165 1
67 1457 1
67 3122 1
67 2099 1
67 2996 1
67 949 1
67 2486 1
67 1336 1
67 1849 1
67 1082 1
67 1211 1
67 2876 1
67 2237 1
67 2366 1
67 3173 1
67 3136 1
67 3168 1
67 452 1
67 2632 1
67 3017 1
67 2762 1
67 3149 1
67 1742 1
67 2002 1
67 2902 1
67 599 1
67 3162 1
67 3163 1
67 2524 1
67 3037 1
67 3166 1
67 1631 1
67 224 1
67 3169 1
67 2146 1
67 3171 1
67 3172 1
67 3170 1
67 742 1
67 2407 1
67 2792 1
67 2281 1
67 2666 1
67 1516 1
67 1901 1
67 2927 1
67 3056 1
67 881 1
67 1397 1
67 1016 1
67 377 1
67 1274 1
67 1147 1
68 2562 1
68 3075 1
68 2052 1
68 1797 1
68 2822 1
68 2952 1
68 3184 1
68 2700 1
68 527 1
68 2448 1
68 2193 1
68 147 1
68 3092 1
68 2325 1
68 1688 1
68 3176 1
68 3175 1
68 2975 1
68 672 1
68 1953 1
68 2850 1
68 3108 1
68 2598 1
68 1575 1
68 2732 1
68 813 1
68 302 1
68 3181 1
68 1458 1
68 3123 1
68 2100 1
68 2997 1
68 950 1
68 2487 1
68 1337 1
68 1850 1
68 1083 1
68 1212 1
68 2877 1
68 2238 1
68 2367 1
68 3137 1
68 453 1
68 2633 1
68 3018 1
68 2763 1
68 3182 1
68 3150 1
68 1743 1
68 2003 1
68 2903 1
68 600 1
68 3162 1
68 2525 1
68 3038 1
68 1632 1
68 225 1
68 2147 1
68 3174 1
68 743 1
68 2408 1
68 2793 1
68 2282 1
68 2667 1
68 3180 1
68 1517 1
68 1902 1
68 3183 1
68 2928 1
68 3057 1
68 882 1
68 3179 1
68 1398 1
68 3177 1
68 1017 1
68 378 1
68 1275 1
68 1148 1
68 3178 1
69 2563 1
69 3076 1
69 2053 1
69 1798 1
69 2823 1
69 2953 1
69 2701 1
69 528 1
69 2449 1
69 2194 1
69 148 1
69 3093 1
69 2326 1
69 1689 1
69 2976 1
69 673 1
69 1954 1
69 2851 1
69 3109 1
69 2599 1
69 1576 1
69 2733 1
69 814 1
69 303 1
69 1459 1
69 3124 1
69 2101 1
69 2998 1
69 951 1
69 2488 1
69 1338 1
69 1851 1
69 1084 1
69 1213 1
69 2878 1
69 2239 1
69 2368 1
69 3138 1
69 3186 1
69 454 1
69 3185 1
69 2634 1
69 3019 1
69 2764 1
69 3151 1
69 1744 1
69 3192 1
69 2004 1
69 2904 1
69 601 1
69 3163 1
69 3194 1
69 2526 1
69 3039 1
69 1633 1
69 226 1
69 3187 1
69 2148 1
69 3174 1
69 744 1
69 2409 1
69 2794 1
69 2283 1
69 2668 1
69 1518 1
69 1903 1
69 2929 1
69 3058 1
69 883 1
69 3188 1
69 3189 1
69 3190 1
69 1399 1
69 3191 1
69 3193 1
69 1018 1
69 379 1
69 1276 1
69 1149 1
70 3200 1
70 3201 1
70 3202 1
70 3203 1
70 2564 1
70 3077 1
70 2054 1
70 1799 1
70 2824 1
70 2954 1
70 2702 1
70 3197 1
70 529 1
70 2450 1
70 2195 1
70 149 1
70 3094 1
70 2327 1
70 1690 1
70 3196 1
70 2977 1
70 674 1
70 1955 1
70 2852 1
70 3110 1
70 2600 1
70 1577 1
70 2734 1
70 815 1
70 304 1
70 1460 1
70 3125 1
70 2102 1
70 2999 1
70 952 1
70 2489 1
70 1339 1
70 1852 1
70 1085 1
70 1214 1
70 2879 1
70 2240 1
70 2369 1
70 3139 1
70 455 1
70 2635 1
70 3020 1
70 2765 1
70 3152 1
70 1745 1
70 3195 1
70 2005 1
70 2905 1
70 602 1
70 3164 1
70 2527 1
70 3040 1
70 1634 1
70 227 1
70 2149 1
70 3175 1
70 745 1
70 2410 1
70 2795 1
70 2284 1
70 2669 1
70 1519 1
70 1904 1
70 3185 1
70 2930 1
70 3059 1
70 884 1
70 3198 1
70 1400 1
70 1019 1
70 380 1
70 1277 1
70 1150 1
70 3199 1
71 3204 1
71 2565 1
71 3078 1
71 2055 1
71 1800 1
71 2825 1
71 3210 1
71 2955 1
71 2703 1
71 530 1
71 2451 1
71 2196 1
71 150 1
71 3095 1
71 2328 1
71 1691 1
71 3206 1
71 3205 1
71 2978 1
71 675 1
71 1956 1
71 2853 1
71 3111 1
71 2601 1
71 1578 1
71 3207 1
71 2735 1
71 816 1
71 305 1
71 1461 1
71 3126 1
71 2103 1
71 3000 1
71 953 1
71 2490 1
71 1340 1
71 1853 1
71 1086 1
71 1215 1
71 2880 1
71 2241 1
71 2370 1
71 3211 1
71 3140 1
71 3208 1
71 456 1
71 2636 1
71 3021 1
71 2766 1
71 3153 1
71 1746 1
71 2006 1
71 2906 1
71 603 1
71 3165 1
71 2528 1
71 3041 1
71 1635 1
71 228 1
71 2150 1
71 3176 1
71 746 1
71 2411 1
71 2796 1
71 2285 1
71 2670 1
71 1520 1
71 1905 1
71 3186 1
71 2931 1
71 3060 1
71 885 1
71 3209 1
71 1401 1
71 3195 1
71 1020 1
71 381 1
71 1278 1
71 1151 1
72 1152 1
72 3204 1
72 2566 1
72 3079 1
72 2056 1
72 1801 1
72 2826 1
72 2956 1
72 3213 1
72 3214 1
72 3215 1
72 2704 1
72 3217 1
72 3218 1
72 531 1
72 2452 1
72 2197 1
72 151 1
72 3096 1
72 2329 1
72 1692 1
72 3212 1
72 2979 1
72 676 1
72 1957 1
72 2854 1
72 3112 1
72 2602 1
72 1579 1
72 2736 1
72 817 1
72 306 1
72 1462 1
72 3127 1
72 2104 1
72 3001 1
72 954 1
72 2491 1
72 1341 1
72 1854 1
72 1087 1
72 1216 1
72 2881 1
72 2242 1
72 2371 1
72 3141 1
72 457 1
72 3216 1
72 2637 1
72 3022 1
72 2767 1
72 3154 1
72 1747 1
72 2007 1
72 2907 1
72 604 1
72 3166 1
72 2529 1
72 3042 1
72 1636 1
72 229 1
72 2151 1
72 3177 1
72 747 1
72 2412 1
72 2797 1
72 2286 1
72 2671 1
72 1521 1
72 1906 1
72 3187 1
72 2932 1
72 3061 1
72 886 1
72 1402 1
72 3196 1
72 1021 1
72 382 1
72 1279 1
73 1280 1
73 1153 1
73 3205 1
73 2567 1
73 3080 1
73 2057 1
73 1802 1
73 2827 1
73 3212 1
73 2957 1
73 2705 1
73 3219 1
73 532 1
73 2453 1
73 2198 1
73 3223 1
73 152 1
73 3097 1
73 2330 1
73 1693 1
73 2980 1
73 677 1
73 1958 1
73 2855 1
73 3113 1
73 2603 1
73 1580 1
73 3224 1
73 2737 1
73 818 1
73 307 1
73 1463 1
73 3128 1
73 2105 1
73 3002 1
73 955 1
73 2492 1
73 1342 1
73 1855 1
73 1088 1
73 1217 1
73 2882 1
73 2243 1
73 2372 1
73 3142 1
73 458 1
73 2638 1
73 3023 1
73 2768 1
73 3155 1
73 1748 1
73 2008 1
73 2908 1
73 605 1
73 3167 1
73 3221 1
73 2530 1
73 3043 1
73 1637 1
73 230 1
73 2152 1
73 3178 1
73 748 1
73 2413 1
73 2798 1
73 2287 1
73 2672 1
73 1522 1
73 1907 1
73 3188 1
73 2933 1
73 3062 1
73 887 1
73 3220 1
73 3222 1
73 1403 1
73 3197 1
73 1022 1
73 383 1
74 384 1
74 1281 1
74 1154 1
74 3206 1
74 2568 1
74 3081 1
74 2058 1
74 1803 1
74 2828 1
74 3213 1
74 2958 1
74 2706 1
74 3219 1
74 533 1
74 2454 1
74 2199 1
74 153 1
74 3098 1
74 2331 1
74 3228 1
74 3226 1
74 1694 1
74 3227 1
74 2981 1
74 678 1
74 1959 1
74 2856 1
74 3114 1
74 2604 1
74 1581 1
74 3229 1
74 2738 1
74 819 1
74 308 1
74 1464 1
74 3129 1
74 2106 1
74 3003 1
74 956 1
74 2493 1
74 1343 1
74 1856 1
74 1089 1
74 1218 1
74 2883 1
74 2244 1
74 2373 1
74 3143 1
74 459 1
74 2639 1
74 3024 1
74 2769 1
74 3156 1
74 1749 1
74 3225 1
74 2009 1
74 2909 1
74 606 1
74 3168 1
74 2531 1
74 3044 1
74 1638 1
74 231 1
74 2153 1
74 3179 1
74 749 1
74 2414 1
74 2799 1
74 2288 1
74 2673 1
74 1523 1
74 1908 1
74 3189 1
74 2934 1
74 3063 1
74 888 1
74 1404 1
74 3198 1
74 1023 1
75 1024 1
75 385 1
75 1282 1
75 1155 1
75 3207 1
75 2569 1
75 3082 1
75 2059 1
75 1804 1
75 2829 1
75 3214 1
75 2959 1
75 2707 1
75 3220 1
75 534 1
75 2455 1
75 2200 1
75 3225 1
75 154 1
75 3099 1
75 2332 1
75 3230 1
75 1695 1
75 3232 1
75 3233 1
75 2982 1
75 679 1
75 1960 1
75 2857 1
75 3115 1
75 2605 1
75 1582 1
75 2739 1
75 820 1
75 309 1
75 1465 1
75 3130 1
75 2107 1
75 3004 1
75 957 1
75 2494 1
75 1344 1
75 1857 1
75 1090 1
75 1219 1
75 2884 1
75 2245 1
75 2374 1
75 3144 1
75 460 1
75 2640 1
75 3025 1
75 2770 1
75 3157 1
75 1750 1
75 2010 1
75 3231 1
75 2910 1
75 607 1
75 3169 1
75 2532 1
75 3045 1
75 1639 1
75 232 1
75 2154 1
75 3180 1
75 750 1
75 2415 1
75 2800 1
75 2289 1
75 2674 1
75 1524 1
75 1909 1
75 3190 1
75 2935 1
75 3064 1
75 889 1
75 1405 1
75 3199 1
76 3200 1
76 1025 1
76 386 1
76 1283 1
76 1156 1
76 3208 1
76 2570 1
76 3083 1
76 2060 1
76 1805 1
76 2830 1
76 3215 1
76 2960 1
76 2708 1
76 3221 1
76 535 1
76 2456 1
76 2201 1
76 3226 1
76 155 1
76 3100 1
76 2333 1
76 3230 1
76 1696 1
76 3234 1
76 3235 1
76 3236 1
76 2983 1
76 680 1
76 1961 1
76 2858 1
76 3116 1
76 2606 1
76 1583 1
76 2740 1
76 821 1
76 310 1
76 1466 1
76 3131 1
76 2108 1
76 3005 1
76 958 1
76 2495 1
76 1345 1
76 1858 1
76 1091 1
76 1220 1
76 2885 1
76 2246 1
76 2375 1
76 3145 1
76 461 1
76 2641 1
76 3026 1
76 2771 1
76 3158 1
76 1751 1
76 2011 1
76 2911 1
76 608 1
76 3170 1
76 2533 1
76 3046 1
76 1640 1
76 233 1
76 2155 1
76 3181 1
76 751 1
76 2416 1
76 2801 1
76 2290 1
76 2675 1
76 1525 1
76 1910 1
76 3191 1
76 2936 1
76 3065 1
76 890 1
76 1406 1
77 3201 1
77 1026 1
77 387 1
77 1284 1
77 1157 1
77 3209 1
77 2571 1
77 3084 1
77 2061 1
77 1806 1
77 2831 1
77 3216 1
77 2961 1
77 2709 1
77 3222 1
77 536 1
77 2457 1
77 2202 1
77 3227 1
77 156 1
77 3101 1
77 2334 1
77 3231 1
77 1697 1
77 3234 1
77 3237 1
77 3238 1
77 2984 1
77 681 1
77 1962 1
77 2859 1
77 3117 1
77 2607 1
77 1584 1
77 2741 1
77 822 1
77 311 1
77 1467 1
77 3132 1
77 2109 1
77 3006 1
77 959 1
77 2496 1
77 1346 1
77 1859 1
77 1092 1
77 1221 1
77 2886 1
77 2247 1
77 2376 1
77 3146 1
77 462 1
77 2642 1
77 3027 1
77 2772 1
77 3159 1
77 1752 1
77 2012 1
77 2912 1
77 609 1
77 3171 1
77 2534 1
77 3047 1
77 1641 1
77 234 1
77 2156 1
77 3182 1
77 752 1
77 2417 1
77 2802 1
77 2291 1
77 2676 1
77 1526 1
77 1911 1
77 3192 1
77 2937 1
77 3066 1
77 891 1
77 1407 1
78 1408 1
78 3202 1
78 1027 1
78 388 1
78 1285 1
78 1158 1
78 3210 1
78 2572 1
78 3085 1
78 2062 1
78 1807 1
78 2832 1
78 3217 1
78 2962 1
78 2710 1
78 3223 1
78 537 1
78 2458 1
78 2203 1
78 3228 1
78 157 1
78 3102 1
78 2335 1
78 3232 1
78 1698 1
78 3235 1
78 3237 1
78 3239 1
78 2985 1
78 682 1
78 1963 1
78 2860 1
78 3118 1
78 2608 1
78 1585 1
78 2742 1
78 823 1
78 312 1
78 1468 1
78 3133 1
78 2110 1
78 3007 1
78 960 1
78 2497 1
78 1347 1
78 1860 1
78 1093 1
78 1222 1
78 2887 1
78 2248 1
78 2377 1
78 3147 1
78 463 1
78 2643 1
78 3028 1
78 2773 1
78 3160 1
78 1753 1
78 2013 1
78 2913 1
78 610 1
78 3172 1
78 2535 1
78 3048 1
78 1642 1
78 235 1
78 2157 1
78 3183 1
78 753 1
78 2418 1
78 2803 1
78 2292 1
78 2677 1
78 1527 1
78 1912 1
78 3193 1
78 2938 1
78 3067 1
78 892 1
79 1409 1
79 3203 1
79 1028 1
79 389 1
79 1286 1
79 1159 1
79 3211 1
79 2573 1
79 3086 1
79 2063 1
79 1808 1
79 2833 1
79 3218 1
79 2963 1
79 2711 1
79 3224 1
79 538 1
79 2459 1
79 2204 1
79 3229 1
79 158 1
79 3103 1
79 2336 1
79 3233 1
79 1699 1
79 3236 1
79 3238 1
79 3239 1
79 2986 1
79 683 1
79 1964 1
79 2861 1
79 3119 1
79 2609 1
79 1586 1
79 2743 1
79 824 1
79 313 1
79 1469 1
79 3134 1
79 2111 1
79 3008 1
79 961 1
79 2498 1
79 1348 1
79 1861 1
79 1094 1
79 1223 1
79 2888 1
79 2249 1
79 2378 1
79 3148 1
79 464 1
79 2644 1
79 3029 1
79 2774 1
79 3161 1
79 1754 1
79 2014 1
79 2914 1
79 611 1
79 3173 1
79 2536 1
79 3049 1
79 1643 1
79 236 1
79 2158 1
79 3184 1
79 754 1
79 2419 1
79 2804 1
79 2293 1
79 2678 1
79 1528 1
79 1913 1
79 3194 1
79 2939 1
79 3068 1
79 893 1
1
0 1 2 3 4 5
