Nodes
200
0 1
1 1
2 1
3 1
4 1
5 1
6 1
7 1
8 1
9 1
10 1
11 1
12 1
13 1
14 1
15 1
16 1
17 1
18 1
19 1
20 1
21 1
22 1
23 1
24 1
25 1
26 1
27 1
28 1
29 1
30 1
31 1
32 1
33 1
34 1
35 1
36 1
37 1
38 1
39 1
40 1
41 1
42 1
43 1
44 1
45 1
46 1
47 1
48 1
49 1
50 1
51 1
52 1
53 1
54 1
55 1
56 1
57 1
58 1
59 1
60 1
61 1
62 1
63 1
64 1
65 1
66 1
67 1
68 1
69 1
70 1
71 1
72 1
73 1
74 1
75 1
76 1
77 1
78 1
79 1
80 205
81 202
82 196
83 196
84 198
85 201
86 203
87 201
88 194
89 204
90 200
91 207
92 193
93 201
94 196
95 198
96 98
97 106
98 93
99 95
100 96
101 106
102 97
103 105
104 105
105 102
106 96
107 97
108 95
109 99
110 94
111 94
112 110
113 94
114 97
115 99
116 102
117 102
118 100
119 95
120 107
121 99
122 109
123 102
124 104
125 100
126 97
127 107
128 99
129 102
130 106
131 101
132 98
133 106
134 106
135 101
136 104
137 96
138 111
139 108
140 105
141 104
142 100
143 100
144 95
145 98
146 107
147 113
148 99
149 101
150 102
151 95
152 98
153 98
154 93
155 97
156 105
157 105
158 103
159 100
160 113
161 100
162 97
163 91
164 105
165 101
166 97
167 102
168 97
169 106
170 88
171 105
172 94
173 94
174 102
175 104
176 102
177 103
178 100
179 103
180 96
181 90
182 99
183 102
184 104
185 102
186 105
187 97
188 103
189 99
190 95
191 88
192 95
193 109
194 107
195 109
196 91
197 109
198 100
199 101
Edges
240
0 80 1
0 81 1
0 82 1
0 83 1
1 84 1
1 85 1
1 86 1
1 87 1
2 88 1
2 89 1
2 90 1
3 91 1
3 92 1
3 93 1
4 94 1
5 95 1
6 96 1
7 97 1
7 98 1
7 99 1
8 100 1
8 101 1
8 102 1
8 103 1
9 104 1
10 105 1
11 106 1
12 102 1
13 107 1
13 108 1
14 109 1
14 110 1
15 111 1
16 112 1
16 113 1
16 107 1
17 114 1
17 115 1
18 116 1
19 81 1
19 117 1
19 118 1
19 119 1
19 120 1
19 121 1
19 106 1
19 122 1
19 95 1
20 123 1
20 124 1
20 125 1
20 126 1
20 127 1
21 128 1
21 129 1
21 130 1
22 131 1
22 132 1
22 133 1
23 134 1
23 87 1
24 136 1
24 137 1
24 118 1
24 135 1
25 138 1
25 139 1
26 128 1
26 140 1
27 144 1
27 143 1
27 125 1
27 142 1
27 141 1
28 145 1
28 146 1
28 147 1
28 148 1
28 149 1
28 150 1
28 151 1
29 152 1
29 129 1
29 153 1
30 154 1
30 151 1
31 144 1
31 155 1
31 156 1
32 88 1
32 145 1
32 155 1
32 157 1
33 105 1
33 114 1
33 146 1
33 158 1
33 157 1
34 159 1
35 160 1
35 154 1
35 117 1
35 141 1
36 161 1
36 162 1
36 163 1
36 164 1
37 163 1
37 165 1
37 159 1
38 164 1
38 126 1
39 113 1
39 166 1
39 167 1
40 168 1
40 169 1
40 100 1
40 149 1
41 170 1
42 98 1
42 171 1
42 172 1
43 112 1
43 104 1
43 92 1
43 173 1
43 174 1
43 111 1
44 176 1
44 177 1
44 178 1
44 179 1
44 180 1
44 139 1
44 175 1
45 82 1
45 85 1
45 168 1
45 153 1
45 108 1
45 181 1
46 182 1
46 143 1
47 122 1
47 183 1
48 96 1
48 184 1
49 171 1
50 185 1
50 186 1
51 136 1
51 132 1
51 101 1
52 137 1
53 176 1
53 187 1
54 148 1
54 90 1
54 188 1
54 93 1
54 94 1
54 173 1
55 83 1
55 140 1
55 133 1
56 184 1
56 185 1
56 109 1
56 189 1
57 80 1
57 97 1
57 123 1
57 190 1
57 191 1
58 120 1
58 177 1
58 124 1
58 150 1
59 192 1
59 193 1
59 194 1
59 131 1
59 127 1
60 89 1
60 195 1
61 179 1
61 174 1
61 195 1
62 183 1
62 142 1
62 134 1
62 166 1
63 196 1
63 191 1
64 91 1
64 84 1
65 115 1
65 197 1
66 152 1
67 181 1
68 192 1
68 135 1
69 194 1
69 147 1
69 180 1
69 189 1
69 198 1
70 130 1
70 172 1
70 198 1
71 169 1
71 197 1
72 188 1
72 190 1
73 160 1
73 186 1
73 116 1
73 119 1
74 138 1
74 99 1
74 165 1
74 110 1
74 175 1
75 161 1
75 182 1
75 193 1
76 162 1
76 156 1
76 178 1
76 199 1
77 199 1
78 196 1
78 86 1
78 103 1
78 121 1
78 187 1
78 158 1
79 170 1
79 167 1
1
0 1 2 3 4 5
