Nodes
240
0 1
1 1
2 1
3 1
4 1
5 1
6 1
7 1
8 1
9 1
10 1
11 1
12 1
13 1
14 1
15 1
16 1
17 1
18 1
19 1
20 1
21 1
22 1
23 1
24 1
25 1
26 1
27 1
28 1
29 1
30 1
31 1
32 1
33 1
34 1
35 1
36 1
37 1
38 1
39 1
40 1
41 1
42 1
43 1
44 1
45 1
46 1
47 1
48 1
49 1
50 1
51 1
52 1
53 1
54 1
55 1
56 1
57 1
58 1
59 1
60 1
61 1
62 1
63 1
64 1
65 1
66 1
67 1
68 1
69 1
70 1
71 1
72 1
73 1
74 1
75 1
76 1
77 1
78 1
79 1
80 202
81 191
82 202
83 199
84 204
85 199
86 192
87 197
88 201
89 207
90 194
91 201
92 206
93 199
94 211
95 205
96 202
97 199
98 203
99 202
100 199
101 197
102 209
103 208
104 195
105 200
106 91
107 100
108 91
109 103
110 98
111 103
112 106
113 98
114 100
115 97
116 89
117 91
118 98
119 103
120 99
121 102
122 94
123 102
124 105
125 98
126 108
127 102
128 102
129 98
130 109
131 103
132 96
133 97
134 96
135 94
136 103
137 101
138 96
139 90
140 102
141 99
142 95
143 97
144 93
145 107
146 92
147 106
148 98
149 97
150 100
151 102
152 102
153 104
154 100
155 99
156 98
157 94
158 97
159 101
160 99
161 109
162 98
163 102
164 102
165 105
166 99
167 102
168 103
169 95
170 107
171 101
172 105
173 100
174 95
175 97
176 102
177 96
178 95
179 96
180 96
181 107
182 101
183 99
184 93
185 95
186 99
187 88
188 107
189 104
190 101
191 106
192 102
193 94
194 94
195 107
196 99
197 89
198 99
199 97
200 96
201 105
202 95
203 94
204 108
205 102
206 101
207 103
208 101
209 109
210 100
211 103
212 98
213 94
214 98
215 98
216 94
217 100
218 98
219 91
220 106
221 94
222 96
223 105
224 107
225 107
226 99
227 95
228 105
229 98
230 102
231 95
232 104
233 98
234 104
235 100
236 85
237 99
238 99
239 109
Edges
320
0 80 1
0 81 1
0 82 1
0 83 1
0 84 1
0 85 1
0 86 1
0 87 1
0 88 1
0 89 1
1 90 1
1 91 1
1 92 1
2 93 1
2 94 1
3 96 1
3 97 1
3 95 1
4 98 1
4 99 1
4 100 1
4 101 1
5 104 1
5 105 1
5 102 1
5 103 1
6 106 1
6 107 1
7 112 1
7 113 1
7 108 1
7 109 1
7 110 1
7 111 1
8 114 1
8 115 1
8 116 1
9 118 1
9 83 1
9 117 1
9 102 1
10 120 1
10 121 1
10 122 1
10 119 1
11 104 1
11 123 1
11 124 1
11 125 1
12 128 1
12 129 1
12 100 1
12 86 1
12 121 1
12 126 1
12 127 1
13 130 1
13 131 1
13 87 1
14 132 1
14 133 1
14 134 1
14 135 1
15 140 1
15 136 1
15 137 1
15 138 1
15 139 1
15 92 1
16 141 1
16 119 1
17 117 1
18 136 1
18 144 1
18 145 1
18 142 1
18 143 1
19 146 1
19 147 1
19 118 1
20 148 1
20 149 1
20 150 1
20 151 1
20 152 1
20 153 1
21 154 1
21 155 1
22 156 1
23 157 1
23 158 1
23 159 1
24 160 1
24 161 1
24 82 1
24 163 1
24 154 1
24 162 1
25 120 1
25 164 1
25 165 1
25 166 1
25 167 1
26 128 1
26 84 1
26 168 1
26 169 1
26 170 1
26 171 1
26 141 1
27 172 1
27 173 1
27 174 1
28 176 1
28 177 1
28 175 1
29 112 1
29 105 1
29 178 1
29 179 1
30 163 1
30 180 1
30 181 1
30 134 1
30 183 1
30 184 1
30 153 1
30 182 1
31 89 1
31 101 1
32 185 1
33 186 1
33 187 1
33 188 1
33 142 1
34 172 1
34 189 1
34 103 1
35 144 1
35 192 1
35 133 1
35 150 1
35 108 1
35 190 1
35 191 1
36 193 1
36 194 1
36 187 1
36 124 1
37 145 1
37 195 1
37 196 1
37 197 1
37 169 1
37 155 1
37 174 1
38 91 1
38 109 1
39 177 1
39 198 1
39 199 1
39 200 1
39 189 1
39 159 1
40 201 1
40 180 1
40 197 1
40 110 1
41 114 1
41 171 1
41 202 1
42 139 1
42 204 1
42 179 1
42 203 1
42 95 1
43 85 1
43 111 1
44 205 1
44 206 1
45 208 1
45 115 1
45 166 1
45 199 1
45 203 1
45 207 1
46 113 1
46 210 1
46 211 1
46 116 1
46 129 1
46 184 1
46 212 1
46 209 1
46 206 1
46 207 1
47 97 1
47 213 1
47 214 1
47 107 1
47 156 1
47 125 1
48 170 1
48 93 1
49 148 1
49 213 1
49 143 1
50 216 1
50 215 1
51 168 1
51 217 1
51 90 1
51 218 1
52 146 1
52 165 1
52 191 1
53 131 1
53 219 1
54 161 1
54 221 1
54 188 1
54 220 1
54 151 1
55 221 1
56 210 1
56 178 1
56 186 1
56 222 1
57 122 1
57 223 1
58 224 1
58 225 1
58 218 1
58 198 1
58 182 1
59 224 1
59 193 1
59 106 1
59 162 1
59 226 1
60 96 1
60 217 1
60 212 1
60 225 1
61 228 1
61 227 1
61 140 1
61 183 1
62 88 1
62 147 1
62 228 1
62 229 1
62 214 1
63 208 1
63 194 1
63 167 1
64 209 1
64 195 1
64 230 1
64 190 1
65 123 1
65 99 1
65 231 1
65 126 1
65 215 1
66 202 1
66 211 1
66 149 1
67 232 1
67 137 1
67 132 1
68 160 1
68 233 1
68 234 1
68 94 1
69 204 1
69 230 1
69 231 1
70 219 1
70 220 1
70 158 1
70 235 1
71 81 1
71 164 1
71 185 1
71 196 1
71 135 1
71 236 1
71 223 1
72 232 1
72 138 1
72 229 1
72 205 1
72 127 1
73 130 1
73 238 1
73 233 1
73 201 1
73 237 1
73 226 1
74 80 1
74 181 1
74 216 1
74 239 1
74 236 1
74 175 1
75 152 1
75 237 1
76 98 1
76 235 1
76 157 1
76 173 1
77 200 1
77 234 1
77 222 1
78 176 1
79 192 1
79 227 1
79 238 1
79 239 1
1
0 1 2 3 4 5
