Nodes
240
0 1
1 1
2 1
3 1
4 1
5 1
6 1
7 1
8 1
9 1
10 1
11 1
12 1
13 1
14 1
15 1
16 1
17 1
18 1
19 1
20 1
21 1
22 1
23 1
24 1
25 1
26 1
27 1
28 1
29 1
30 1
31 1
32 1
33 1
34 1
35 1
36 1
37 1
38 1
39 1
40 1
41 1
42 1
43 1
44 1
45 1
46 1
47 1
48 1
49 1
50 1
51 1
52 1
53 1
54 1
55 1
56 1
57 1
58 1
59 1
60 1
61 1
62 1
63 1
64 1
65 1
66 1
67 1
68 1
69 1
70 1
71 1
72 1
73 1
74 1
75 1
76 1
77 1
78 1
79 1
80 201
81 203
82 198
83 204
84 203
85 197
86 196
87 201
88 203
89 199
90 202
91 209
92 202
93 204
94 199
95 202
96 201
97 206
98 202
99 202
100 194
101 192
102 198
103 196
104 199
105 204
106 198
107 207
108 105
109 108
110 97
111 106
112 101
113 95
114 100
115 103
116 104
117 103
118 99
119 97
120 100
121 94
122 106
123 98
124 101
125 105
126 104
127 104
128 87
129 97
130 112
131 100
132 98
133 101
134 105
135 96
136 92
137 98
138 96
139 102
140 89
141 94
142 91
143 102
144 90
145 98
146 93
147 103
148 95
149 102
150 101
151 99
152 97
153 95
154 104
155 95
156 103
157 102
158 97
159 98
160 98
161 93
162 100
163 101
164 99
165 101
166 103
167 105
168 104
169 107
170 106
171 100
172 97
173 96
174 95
175 96
176 98
177 95
178 94
179 104
180 103
181 96
182 110
183 112
184 108
185 102
186 109
187 97
188 96
189 98
190 94
191 98
192 106
193 107
194 101
195 100
196 100
197 107
198 103
199 98
200 95
201 106
202 108
203 98
204 103
205 104
206 94
207 99
208 102
209 101
210 106
211 100
212 93
213 103
214 99
215 102
216 98
217 96
218 97
219 91
220 97
221 97
222 89
223 104
224 104
225 104
226 102
227 97
228 94
229 99
230 96
231 95
232 100
233 100
234 96
235 102
236 95
237 97
238 106
239 92
Edges
320
0 80 1
0 81 1
0 82 1
0 83 1
0 84 1
0 85 1
0 86 1
1 88 1
1 89 1
1 90 1
1 91 1
1 87 1
2 92 1
2 93 1
3 96 1
3 94 1
3 95 1
4 97 1
4 98 1
4 99 1
4 100 1
4 101 1
5 102 1
5 103 1
5 104 1
5 105 1
5 106 1
5 107 1
6 91 1
6 108 1
6 109 1
6 110 1
6 111 1
7 112 1
7 113 1
7 114 1
8 115 1
8 116 1
8 117 1
9 120 1
9 105 1
9 118 1
9 119 1
10 121 1
10 122 1
10 84 1
11 128 1
11 85 1
11 123 1
11 124 1
11 125 1
11 126 1
11 127 1
12 96 1
12 129 1
12 130 1
12 131 1
12 92 1
13 132 1
13 133 1
13 110 1
13 134 1
14 136 1
14 137 1
14 135 1
15 128 1
15 114 1
15 138 1
15 139 1
15 140 1
15 93 1
15 141 1
16 143 1
16 142 1
16 118 1
16 135 1
17 144 1
17 97 1
17 145 1
18 146 1
18 147 1
18 148 1
18 133 1
18 149 1
19 113 1
19 150 1
19 151 1
20 152 1
20 81 1
20 154 1
20 109 1
20 153 1
21 155 1
21 156 1
21 157 1
21 158 1
22 159 1
23 160 1
23 161 1
23 162 1
23 163 1
23 126 1
24 164 1
24 140 1
24 165 1
24 166 1
24 167 1
25 136 1
25 168 1
25 169 1
26 137 1
26 170 1
27 171 1
27 172 1
27 166 1
28 176 1
28 154 1
28 172 1
28 173 1
28 174 1
28 175 1
29 177 1
29 178 1
29 179 1
29 117 1
29 142 1
30 184 1
30 180 1
30 181 1
30 182 1
30 183 1
30 168 1
30 170 1
31 185 1
31 149 1
32 132 1
32 108 1
32 186 1
32 187 1
32 188 1
32 189 1
33 121 1
33 190 1
34 152 1
34 192 1
34 180 1
34 174 1
34 191 1
35 153 1
35 193 1
35 195 1
35 194 1
35 161 1
36 147 1
36 196 1
37 197 1
37 198 1
37 199 1
37 200 1
37 201 1
37 90 1
38 202 1
38 178 1
38 197 1
39 131 1
39 183 1
39 203 1
39 204 1
39 205 1
39 158 1
39 159 1
40 184 1
40 187 1
40 206 1
40 207 1
41 208 1
41 179 1
42 209 1
42 210 1
42 211 1
42 212 1
42 86 1
42 191 1
43 192 1
43 211 1
43 213 1
44 176 1
44 214 1
44 215 1
45 216 1
45 217 1
45 146 1
45 186 1
45 218 1
46 145 1
46 219 1
46 220 1
46 157 1
46 201 1
47 221 1
47 223 1
47 189 1
47 222 1
47 143 1
48 224 1
48 225 1
48 196 1
48 216 1
48 164 1
48 155 1
49 185 1
49 115 1
49 203 1
50 208 1
50 171 1
50 102 1
50 120 1
50 123 1
50 204 1
50 207 1
51 226 1
51 227 1
51 116 1
51 181 1
51 151 1
51 89 1
52 202 1
52 122 1
52 124 1
52 194 1
53 177 1
53 218 1
53 139 1
53 100 1
53 228 1
54 82 1
54 229 1
54 125 1
54 87 1
55 230 1
55 210 1
55 83 1
55 213 1
55 134 1
55 199 1
55 220 1
56 232 1
56 223 1
56 231 1
56 214 1
56 111 1
57 228 1
57 165 1
58 80 1
58 98 1
58 156 1
58 94 1
59 88 1
59 106 1
59 226 1
59 150 1
60 224 1
60 233 1
60 162 1
60 229 1
61 232 1
61 233 1
61 234 1
61 227 1
61 235 1
62 212 1
62 148 1
62 236 1
63 129 1
63 169 1
64 234 1
65 173 1
65 206 1
66 221 1
66 237 1
67 99 1
67 95 1
68 193 1
68 103 1
68 217 1
68 138 1
68 222 1
68 127 1
69 230 1
69 190 1
69 182 1
70 209 1
70 130 1
71 195 1
71 101 1
71 198 1
71 215 1
71 141 1
71 238 1
72 104 1
72 119 1
73 167 1
74 112 1
74 144 1
74 219 1
74 231 1
75 239 1
75 188 1
75 175 1
76 160 1
76 200 1
76 107 1
76 235 1
77 225 1
77 237 1
77 238 1
78 239 1
79 163 1
79 236 1
79 205 1
1
0 1 2 3 4 5
