Nodes
240
0 1
1 1
2 1
3 1
4 1
5 1
6 1
7 1
8 1
9 1
10 1
11 1
12 1
13 1
14 1
15 1
16 1
17 1
18 1
19 1
20 1
21 1
22 1
23 1
24 1
25 1
26 1
27 1
28 1
29 1
30 1
31 1
32 1
33 1
34 1
35 1
36 1
37 1
38 1
39 1
40 1
41 1
42 1
43 1
44 1
45 1
46 1
47 1
48 1
49 1
50 1
51 1
52 1
53 1
54 1
55 1
56 1
57 1
58 1
59 1
60 1
61 1
62 1
63 1
64 1
65 1
66 1
67 1
68 1
69 1
70 1
71 1
72 1
73 1
74 1
75 1
76 1
77 1
78 1
79 1
80 301
81 198
82 192
83 302
84 298
85 209
86 190
87 196
88 204
89 201
90 193
91 193
92 201
93 204
94 199
95 195
96 294
97 201
98 218
99 204
100 203
101 298
102 298
103 198
104 202
105 197
106 205
107 198
108 200
109 200
110 201
111 202
112 306
113 200
114 211
115 297
116 197
117 192
118 204
119 199
120 201
121 206
122 196
123 195
124 193
125 195
126 204
127 296
128 200
129 196
130 209
131 199
132 203
133 199
134 205
135 202
136 197
137 194
138 191
139 199
140 198
141 205
142 198
143 191
144 193
145 107
146 100
147 102
148 107
149 103
150 94
151 94
152 93
153 100
154 94
155 109
156 100
157 102
158 109
159 101
160 110
161 96
162 99
163 96
164 98
165 95
166 105
167 99
168 96
169 110
170 91
171 104
172 103
173 94
174 108
175 95
176 96
177 94
178 108
179 96
180 101
181 96
182 101
183 99
184 95
185 105
186 105
187 98
188 111
189 105
190 102
191 91
192 91
193 101
194 100
195 99
196 103
197 101
198 97
199 96
200 101
201 89
202 105
203 106
204 100
205 96
206 102
207 101
208 102
209 106
210 99
211 102
212 105
213 99
214 91
215 99
216 96
217 99
218 100
219 98
220 91
221 107
222 99
223 101
224 99
225 99
226 106
227 92
228 97
229 102
230 92
231 99
232 95
233 103
234 106
235 101
236 91
237 107
238 100
239 93
Edges
320
0 80 1
0 81 1
0 82 1
1 83 1
1 84 1
1 85 1
2 80 1
2 88 1
2 89 1
2 86 1
2 87 1
3 90 1
3 91 1
3 92 1
3 93 1
4 96 1
4 97 1
4 98 1
4 94 1
4 95 1
5 99 1
5 100 1
5 101 1
5 102 1
5 103 1
6 104 1
6 105 1
6 106 1
6 107 1
6 108 1
7 112 1
7 113 1
7 109 1
7 110 1
7 111 1
8 114 1
8 115 1
9 83 1
9 116 1
9 117 1
10 96 1
10 115 1
10 118 1
10 119 1
10 120 1
10 121 1
10 122 1
10 123 1
10 124 1
10 125 1
10 126 1
11 128 1
11 129 1
11 127 1
12 112 1
12 132 1
12 130 1
12 131 1
12 84 1
13 133 1
13 135 1
13 101 1
13 134 1
13 127 1
14 136 1
14 102 1
15 144 1
15 137 1
15 138 1
15 139 1
15 140 1
15 141 1
15 142 1
15 143 1
16 145 1
16 130 1
16 147 1
16 148 1
16 149 1
16 146 1
16 109 1
17 152 1
17 150 1
17 110 1
17 151 1
18 153 1
18 137 1
18 154 1
18 155 1
18 156 1
18 157 1
18 158 1
19 160 1
19 161 1
19 159 1
20 162 1
20 163 1
20 164 1
21 152 1
21 107 1
21 165 1
21 166 1
21 135 1
22 82 1
22 167 1
22 168 1
22 154 1
22 123 1
22 146 1
23 129 1
23 113 1
23 169 1
23 170 1
23 103 1
23 161 1
24 162 1
24 171 1
24 172 1
24 173 1
25 176 1
25 177 1
25 178 1
25 179 1
25 180 1
25 140 1
25 156 1
25 174 1
25 175 1
26 183 1
26 181 1
26 150 1
26 182 1
27 184 1
27 185 1
27 186 1
27 181 1
28 187 1
28 188 1
28 189 1
28 190 1
29 192 1
29 193 1
29 191 1
30 89 1
30 194 1
30 195 1
31 199 1
31 196 1
31 93 1
31 198 1
31 197 1
32 200 1
32 201 1
32 202 1
32 203 1
32 204 1
32 174 1
33 104 1
33 119 1
34 208 1
34 193 1
34 205 1
34 206 1
34 207 1
35 160 1
35 121 1
35 138 1
35 196 1
35 209 1
36 176 1
36 194 1
36 211 1
36 100 1
36 204 1
36 210 1
36 190 1
37 212 1
37 213 1
37 214 1
38 128 1
38 147 1
38 215 1
39 216 1
39 217 1
39 159 1
40 218 1
40 219 1
40 191 1
41 179 1
41 199 1
41 220 1
41 90 1
41 108 1
41 202 1
42 81 1
42 221 1
42 141 1
42 167 1
43 209 1
43 203 1
43 151 1
44 216 1
44 187 1
45 208 1
45 99 1
45 222 1
46 98 1
46 223 1
46 92 1
46 170 1
46 143 1
47 224 1
47 168 1
47 126 1
47 225 1
47 136 1
47 158 1
48 118 1
48 175 1
49 226 1
49 212 1
50 184 1
50 145 1
50 227 1
50 116 1
50 213 1
51 228 1
52 153 1
52 169 1
53 224 1
53 105 1
53 186 1
53 229 1
53 230 1
54 210 1
54 164 1
54 231 1
54 88 1
54 185 1
54 220 1
55 211 1
55 133 1
55 173 1
56 232 1
56 148 1
57 233 1
57 149 1
57 166 1
57 205 1
58 106 1
58 234 1
59 235 1
59 189 1
60 198 1
61 124 1
62 163 1
62 236 1
62 182 1
62 86 1
63 144 1
63 231 1
63 172 1
63 223 1
64 192 1
64 237 1
65 233 1
65 114 1
65 237 1
65 218 1
65 95 1
66 142 1
66 215 1
67 120 1
67 234 1
67 197 1
67 134 1
67 229 1
68 200 1
68 131 1
68 139 1
68 238 1
68 207 1
69 225 1
69 122 1
69 226 1
69 230 1
70 201 1
70 132 1
70 236 1
70 238 1
70 239 1
71 217 1
71 178 1
71 235 1
71 214 1
71 239 1
72 232 1
72 94 1
73 177 1
73 155 1
73 228 1
73 85 1
73 183 1
74 180 1
74 206 1
74 111 1
75 171 1
75 188 1
75 117 1
75 227 1
76 157 1
77 97 1
77 125 1
77 221 1
78 91 1
78 222 1
78 195 1
78 87 1
79 219 1
79 165 1
1
0 1 2 3 4 5 6 7 8 9 10 11 12 13 14 15
