Nodes
430
0 1
1 1
2 1
3 1
4 1
5 1
6 1
7 1
8 1
9 1
10 1
11 1
12 1
13 1
14 1
15 1
16 1
17 1
18 1
19 1
20 1
21 1
22 1
23 1
24 1
25 1
26 1
27 1
28 1
29 1
30 1
31 1
32 1
33 1
34 1
35 1
36 1
37 1
38 1
39 1
40 1
41 1
42 1
43 1
44 1
45 1
46 1
47 1
48 1
49 1
50 1
51 1
52 1
53 1
54 1
55 1
56 1
57 1
58 1
59 1
60 1
61 1
62 1
63 1
64 1
65 1
66 1
67 1
68 1
69 1
70 1
71 1
72 1
73 1
74 1
75 1
76 1
77 1
78 1
79 1
80 199
81 216
82 205
83 200
84 202
85 200
86 197
87 307
88 201
89 203
90 200
91 208
92 205
93 191
94 199
95 199
96 197
97 204
98 201
99 196
100 198
101 205
102 198
103 201
104 192
105 195
106 202
107 201
108 199
109 200
110 193
111 203
112 196
113 192
114 208
115 189
116 207
117 201
118 201
119 207
120 209
121 198
122 192
123 193
124 203
125 207
126 209
127 203
128 207
129 200
130 199
131 195
132 198
133 202
134 95
135 106
136 101
137 98
138 99
139 106
140 103
141 96
142 104
143 105
144 108
145 90
146 102
147 103
148 94
149 94
150 102
151 103
152 99
153 102
154 104
155 96
156 101
157 100
158 97
159 104
160 92
161 99
162 98
163 99
164 101
165 105
166 106
167 97
168 104
169 98
170 101
171 99
172 99
173 103
174 98
175 101
176 98
177 104
178 99
179 104
180 97
181 93
182 96
183 97
184 104
185 106
186 102
187 95
188 91
189 101
190 101
191 107
192 94
193 100
194 95
195 99
196 100
197 106
198 101
199 93
200 96
201 101
202 115
203 103
204 101
205 102
206 99
207 109
208 104
209 91
210 107
211 92
212 99
213 100
214 95
215 102
216 109
217 93
218 101
219 94
220 105
221 88
222 88
223 97
224 99
225 99
226 106
227 105
228 103
229 98
230 98
231 97
232 102
233 97
234 92
235 103
236 108
237 106
238 94
239 97
240 99
241 96
242 95
243 99
244 94
245 92
246 100
247 94
248 97
249 104
250 100
251 109
252 101
253 98
254 106
255 102
256 101
257 93
258 105
259 104
260 96
261 106
262 99
263 94
264 107
265 103
266 95
267 97
268 100
269 100
270 101
271 109
272 103
273 106
274 94
275 104
276 100
277 97
278 94
279 94
280 107
281 94
282 108
283 97
284 101
285 105
286 94
287 101
288 104
289 98
290 98
291 93
292 98
293 104
294 103
295 95
296 96
297 102
298 98
299 107
300 107
301 104
302 107
303 102
304 104
305 95
306 97
307 99
308 101
309 105
310 104
311 101
312 98
313 100
314 95
315 108
316 92
317 98
318 110
319 109
320 101
321 102
322 106
323 98
324 92
325 113
326 99
327 109
328 94
329 107
330 97
331 105
332 102
333 102
334 100
335 102
336 104
337 111
338 97
339 107
340 98
341 94
342 94
343 100
344 99
345 103
346 94
347 103
348 97
349 102
350 92
351 94
352 98
353 93
354 98
355 107
356 91
357 99
358 94
359 102
360 100
361 100
362 94
363 105
364 103
365 96
366 99
367 96
368 106
369 100
370 100
371 99
372 100
373 98
374 98
375 98
376 102
377 95
378 104
379 102
380 97
381 95
382 103
383 98
384 106
385 97
386 105
387 95
388 95
389 109
390 98
391 97
392 98
393 100
394 102
395 97
396 103
397 98
398 98
399 96
400 101
401 102
402 104
403 98
404 105
405 103
406 100
407 105
408 95
409 88
410 101
411 103
412 112
413 101
414 108
415 102
416 102
417 102
418 100
419 106
420 99
421 108
422 100
423 102
424 97
425 97
426 90
427 93
428 103
429 100
Edges
700
0 80 1
0 81 1
0 82 1
0 83 1
0 84 1
0 85 1
0 86 1
1 96 1
1 97 1
1 98 1
1 87 1
1 88 1
1 89 1
1 90 1
1 91 1
1 92 1
1 93 1
1 94 1
1 95 1
2 99 1
2 100 1
2 101 1
2 102 1
2 103 1
2 104 1
2 105 1
2 106 1
2 107 1
2 108 1
2 109 1
2 87 1
3 112 1
3 113 1
3 114 1
3 115 1
3 116 1
3 117 1
3 118 1
3 110 1
3 111 1
4 119 1
4 120 1
4 121 1
4 122 1
4 123 1
4 124 1
4 125 1
4 126 1
5 128 1
5 129 1
5 130 1
5 131 1
5 132 1
5 133 1
5 127 1
6 139 1
6 101 1
6 134 1
6 135 1
6 136 1
6 137 1
6 138 1
6 123 1
6 140 1
6 141 1
6 142 1
7 144 1
7 145 1
7 146 1
7 147 1
7 148 1
7 149 1
7 143 1
8 150 1
8 151 1
8 152 1
8 153 1
8 90 1
8 154 1
9 113 1
9 155 1
9 156 1
9 157 1
9 158 1
10 160 1
10 161 1
10 130 1
10 163 1
10 164 1
10 165 1
10 166 1
10 167 1
10 168 1
10 162 1
10 159 1
11 169 1
11 170 1
11 171 1
11 172 1
11 173 1
11 174 1
11 175 1
11 176 1
11 177 1
11 178 1
11 85 1
11 92 1
12 132 1
12 179 1
12 139 1
12 115 1
12 180 1
12 181 1
12 182 1
12 183 1
12 184 1
12 185 1
12 186 1
12 187 1
12 93 1
13 192 1
13 193 1
13 194 1
13 195 1
13 116 1
13 188 1
13 140 1
13 189 1
13 190 1
13 191 1
14 200 1
14 196 1
14 197 1
14 198 1
14 199 1
14 168 1
14 148 1
14 201 1
14 141 1
14 94 1
15 208 1
15 202 1
15 203 1
15 204 1
15 205 1
15 206 1
15 207 1
16 209 1
16 210 1
16 211 1
16 212 1
16 213 1
16 214 1
16 215 1
16 216 1
16 217 1
16 155 1
17 224 1
17 209 1
17 225 1
17 220 1
17 218 1
17 219 1
17 188 1
17 221 1
17 222 1
17 223 1
18 226 1
18 227 1
18 228 1
18 229 1
18 230 1
18 231 1
18 232 1
18 233 1
18 234 1
18 235 1
18 236 1
18 174 1
18 104 1
19 197 1
19 105 1
19 237 1
19 238 1
19 239 1
19 240 1
19 241 1
19 242 1
19 243 1
19 244 1
19 245 1
19 246 1
19 247 1
20 248 1
20 121 1
20 250 1
20 180 1
20 249 1
21 256 1
21 257 1
21 255 1
21 258 1
21 254 1
21 122 1
21 251 1
21 252 1
21 221 1
21 158 1
21 253 1
22 262 1
22 259 1
22 260 1
22 261 1
22 198 1
22 263 1
22 264 1
22 265 1
22 266 1
22 107 1
22 267 1
23 176 1
23 272 1
23 244 1
23 268 1
23 269 1
23 270 1
23 271 1
24 112 1
24 273 1
24 274 1
24 163 1
24 276 1
24 245 1
24 275 1
25 182 1
25 278 1
25 279 1
25 280 1
25 281 1
25 282 1
25 283 1
25 253 1
25 277 1
26 288 1
26 289 1
26 290 1
26 291 1
26 292 1
26 293 1
26 294 1
26 295 1
26 124 1
26 177 1
26 284 1
26 285 1
26 286 1
26 287 1
27 131 1
27 296 1
27 297 1
27 298 1
27 299 1
27 300 1
27 301 1
27 302 1
28 288 1
28 86 1
28 166 1
28 306 1
28 303 1
28 304 1
28 305 1
28 178 1
28 307 1
28 308 1
28 246 1
28 184 1
28 282 1
28 125 1
29 194 1
29 311 1
29 317 1
29 309 1
29 310 1
29 247 1
29 312 1
29 185 1
29 314 1
29 315 1
29 316 1
29 313 1
30 320 1
30 321 1
30 258 1
30 216 1
30 249 1
30 319 1
30 318 1
30 207 1
31 225 1
31 322 1
31 323 1
31 108 1
31 142 1
32 324 1
32 284 1
32 143 1
33 80 1
33 325 1
33 326 1
33 327 1
33 328 1
33 329 1
33 150 1
34 240 1
34 296 1
34 330 1
34 331 1
35 336 1
35 305 1
35 324 1
35 169 1
35 330 1
35 332 1
35 333 1
35 334 1
35 335 1
36 229 1
36 327 1
36 297 1
36 203 1
36 337 1
36 338 1
36 339 1
36 340 1
36 341 1
36 342 1
36 343 1
36 88 1
37 347 1
37 187 1
37 262 1
37 344 1
37 345 1
37 346 1
37 283 1
37 348 1
37 349 1
37 286 1
38 352 1
38 129 1
38 306 1
38 248 1
38 89 1
38 350 1
38 351 1
39 353 1
39 82 1
39 355 1
39 356 1
39 357 1
39 151 1
39 280 1
39 171 1
39 354 1
40 160 1
40 145 1
40 358 1
40 230 1
40 359 1
40 360 1
40 192 1
40 318 1
41 360 1
41 323 1
41 84 1
41 213 1
41 111 1
41 361 1
41 362 1
41 223 1
41 363 1
41 271 1
42 153 1
42 364 1
42 365 1
42 126 1
42 231 1
43 256 1
43 289 1
43 147 1
43 214 1
43 353 1
43 347 1
43 367 1
43 366 1
43 239 1
44 224 1
44 368 1
44 266 1
44 172 1
44 301 1
45 369 1
45 370 1
45 340 1
45 215 1
46 195 1
46 372 1
46 117 1
46 211 1
46 373 1
46 371 1
46 374 1
46 363 1
46 341 1
46 302 1
46 165 1
47 208 1
47 336 1
47 149 1
47 375 1
47 376 1
47 377 1
48 290 1
48 325 1
48 313 1
48 378 1
48 379 1
48 380 1
48 381 1
48 382 1
48 383 1
49 384 1
49 242 1
49 179 1
49 134 1
49 314 1
49 371 1
49 332 1
49 173 1
50 273 1
50 386 1
50 308 1
50 326 1
50 385 1
50 378 1
50 251 1
50 350 1
51 387 1
51 388 1
51 389 1
51 390 1
51 135 1
51 201 1
51 391 1
51 109 1
51 303 1
51 279 1
51 120 1
51 219 1
52 379 1
52 261 1
52 392 1
52 106 1
52 315 1
52 175 1
52 319 1
53 396 1
53 370 1
53 243 1
53 372 1
53 232 1
53 393 1
53 394 1
53 395 1
53 252 1
54 96 1
54 161 1
54 274 1
54 291 1
54 212 1
54 375 1
54 400 1
54 397 1
54 398 1
54 399 1
55 401 1
55 162 1
55 374 1
55 233 1
55 250 1
55 204 1
55 402 1
56 392 1
56 403 1
56 404 1
56 181 1
56 152 1
56 234 1
56 316 1
56 381 1
57 146 1
57 355 1
57 405 1
57 342 1
57 407 1
57 351 1
57 406 1
57 317 1
57 270 1
57 255 1
58 408 1
58 265 1
58 409 1
58 183 1
59 275 1
59 404 1
59 405 1
59 391 1
59 396 1
59 410 1
59 411 1
59 268 1
59 205 1
59 382 1
60 352 1
60 97 1
60 331 1
60 294 1
60 193 1
60 136 1
60 299 1
60 334 1
60 413 1
60 264 1
60 235 1
60 412 1
60 349 1
61 416 1
61 417 1
61 418 1
61 133 1
61 364 1
61 236 1
61 397 1
61 217 1
61 377 1
61 218 1
61 414 1
61 415 1
62 321 1
62 98 1
62 276 1
62 343 1
62 359 1
62 300 1
62 190 1
63 384 1
63 419 1
63 420 1
63 118 1
63 138 1
63 348 1
63 413 1
63 383 1
64 226 1
64 196 1
64 398 1
64 344 1
64 420 1
64 414 1
64 421 1
65 385 1
65 227 1
65 421 1
65 422 1
65 423 1
65 393 1
65 202 1
65 269 1
65 338 1
65 277 1
65 191 1
65 380 1
65 127 1
66 304 1
66 369 1
66 99 1
66 309 1
66 278 1
66 415 1
66 390 1
67 260 1
67 281 1
67 424 1
67 228 1
67 394 1
67 285 1
67 345 1
67 189 1
68 144 1
68 210 1
68 293 1
68 358 1
68 425 1
68 410 1
68 354 1
68 220 1
68 157 1
68 402 1
69 81 1
69 310 1
69 295 1
69 328 1
69 186 1
69 411 1
69 333 1
69 337 1
69 426 1
70 408 1
70 170 1
70 287 1
70 100 1
70 263 1
71 419 1
71 339 1
71 356 1
71 406 1
71 311 1
71 376 1
71 409 1
71 387 1
71 403 1
71 222 1
72 368 1
72 401 1
72 83 1
72 238 1
72 416 1
72 199 1
72 361 1
72 298 1
72 110 1
72 254 1
73 417 1
73 427 1
73 292 1
73 373 1
73 200 1
73 164 1
73 346 1
73 91 1
73 412 1
73 426 1
74 128 1
74 114 1
74 102 1
74 119 1
74 137 1
74 395 1
74 428 1
75 320 1
75 362 1
75 388 1
75 237 1
75 366 1
76 257 1
76 259 1
76 389 1
76 422 1
76 424 1
76 95 1
76 156 1
76 429 1
76 159 1
77 367 1
77 386 1
77 307 1
77 167 1
77 312 1
77 329 1
77 103 1
77 206 1
77 335 1
78 272 1
78 400 1
78 357 1
78 423 1
78 425 1
78 428 1
79 241 1
79 322 1
79 427 1
79 407 1
79 429 1
79 154 1
79 267 1
79 418 1
79 365 1
79 399 1
1
0 1 2 3 4 5
