Nodes
240
0 1
1 1
2 1
3 1
4 1
5 1
6 1
7 1
8 1
9 1
10 1
11 1
12 1
13 1
14 1
15 1
16 1
17 1
18 1
19 1
20 1
21 1
22 1
23 1
24 1
25 1
26 1
27 1
28 1
29 1
30 1
31 1
32 1
33 1
34 1
35 1
36 1
37 1
38 1
39 1
40 1
41 1
42 1
43 1
44 1
45 1
46 1
47 1
48 1
49 1
50 1
51 1
52 1
53 1
54 1
55 1
56 1
57 1
58 1
59 1
60 1
61 1
62 1
63 1
64 1
65 1
66 1
67 1
68 1
69 1
70 1
71 1
72 1
73 1
74 1
75 1
76 1
77 1
78 1
79 1
80 191
81 210
82 201
83 203
84 301
85 200
86 211
87 203
88 201
89 193
90 200
91 194
92 204
93 205
94 294
95 297
96 199
97 200
98 199
99 201
100 301
101 300
102 301
103 202
104 214
105 204
106 201
107 191
108 199
109 197
110 201
111 208
112 193
113 201
114 198
115 199
116 202
117 197
118 207
119 202
120 198
121 206
122 206
123 208
124 183
125 200
126 193
127 198
128 197
129 207
130 196
131 203
132 191
133 203
134 200
135 188
136 191
137 196
138 201
139 207
140 198
141 199
142 198
143 197
144 202
145 199
146 197
147 198
148 199
149 196
150 205
151 195
152 202
153 194
154 195
155 199
156 98
157 96
158 103
159 100
160 95
161 98
162 103
163 98
164 102
165 105
166 105
167 103
168 101
169 100
170 98
171 97
172 98
173 104
174 106
175 99
176 99
177 101
178 96
179 99
180 96
181 100
182 107
183 101
184 97
185 102
186 97
187 96
188 99
189 106
190 107
191 104
192 91
193 99
194 105
195 98
196 96
197 98
198 100
199 104
200 104
201 103
202 100
203 94
204 100
205 93
206 102
207 100
208 101
209 96
210 99
211 101
212 97
213 96
214 102
215 98
216 105
217 105
218 102
219 103
220 103
221 100
222 104
223 99
224 94
225 95
226 92
227 98
228 94
229 105
230 94
231 95
232 102
233 98
234 104
235 91
236 109
237 102
238 93
239 95
Edges
320
0 80 1
0 81 1
0 82 1
0 83 1
0 84 1
0 85 1
0 86 1
0 87 1
0 88 1
0 89 1
0 90 1
0 91 1
1 92 1
1 93 1
2 96 1
2 94 1
2 95 1
3 97 1
3 98 1
3 99 1
3 100 1
3 101 1
4 102 1
4 103 1
4 104 1
4 105 1
4 106 1
4 107 1
5 108 1
6 112 1
6 109 1
6 110 1
6 111 1
7 113 1
7 114 1
8 115 1
8 116 1
8 94 1
9 117 1
9 118 1
9 119 1
10 84 1
10 120 1
10 121 1
10 122 1
10 123 1
10 124 1
10 125 1
10 126 1
10 95 1
11 128 1
11 127 1
12 129 1
12 130 1
12 131 1
12 132 1
12 133 1
12 134 1
12 135 1
13 100 1
13 136 1
13 137 1
13 138 1
13 139 1
13 140 1
13 141 1
14 101 1
14 142 1
14 143 1
15 144 1
16 145 1
16 146 1
16 147 1
16 148 1
16 102 1
17 149 1
17 150 1
18 152 1
18 151 1
19 153 1
19 154 1
19 155 1
20 156 1
20 157 1
21 160 1
21 161 1
21 162 1
21 158 1
21 159 1
22 163 1
22 164 1
22 165 1
22 166 1
22 167 1
22 168 1
22 148 1
23 104 1
23 121 1
23 169 1
24 176 1
24 149 1
24 170 1
24 171 1
24 172 1
24 173 1
24 174 1
24 175 1
25 105 1
25 177 1
26 178 1
26 179 1
26 180 1
26 181 1
26 182 1
26 122 1
26 159 1
27 134 1
27 183 1
27 184 1
27 185 1
27 106 1
27 154 1
27 110 1
28 144 1
28 107 1
29 186 1
29 187 1
29 167 1
30 161 1
30 188 1
30 108 1
30 189 1
30 190 1
31 138 1
31 191 1
32 80 1
32 129 1
33 192 1
33 130 1
33 115 1
33 117 1
33 183 1
34 156 1
34 194 1
34 195 1
34 116 1
34 193 1
35 185 1
35 131 1
35 196 1
35 179 1
36 197 1
36 198 1
37 200 1
37 163 1
37 199 1
37 111 1
38 184 1
38 201 1
38 202 1
38 83 1
38 203 1
39 204 1
39 164 1
40 206 1
40 197 1
40 158 1
40 207 1
40 205 1
40 142 1
40 133 1
41 208 1
41 209 1
41 210 1
41 119 1
41 103 1
41 188 1
41 127 1
42 145 1
42 211 1
43 194 1
43 212 1
43 166 1
43 150 1
43 175 1
44 176 1
44 181 1
44 214 1
44 213 1
45 211 1
45 189 1
45 86 1
45 215 1
46 200 1
46 99 1
46 140 1
46 151 1
47 168 1
47 126 1
48 216 1
48 132 1
48 92 1
48 212 1
49 153 1
49 218 1
49 196 1
49 217 1
50 88 1
50 193 1
50 219 1
51 98 1
51 146 1
51 223 1
51 221 1
51 220 1
51 93 1
51 222 1
51 205 1
52 210 1
52 220 1
53 224 1
53 172 1
54 160 1
54 202 1
54 198 1
54 199 1
55 225 1
55 226 1
55 203 1
56 221 1
56 165 1
56 173 1
57 89 1
57 227 1
57 180 1
57 209 1
58 169 1
58 124 1
58 118 1
59 96 1
59 177 1
59 228 1
59 215 1
59 90 1
59 109 1
60 139 1
60 206 1
60 182 1
60 229 1
61 114 1
61 187 1
61 230 1
61 195 1
61 218 1
61 91 1
61 204 1
62 214 1
62 231 1
63 112 1
63 232 1
63 216 1
63 233 1
63 123 1
63 141 1
63 190 1
63 157 1
64 170 1
64 234 1
65 224 1
65 113 1
65 178 1
65 235 1
65 236 1
66 120 1
66 81 1
67 225 1
67 227 1
67 213 1
67 136 1
67 217 1
67 234 1
67 171 1
67 237 1
67 229 1
68 137 1
68 235 1
68 238 1
68 239 1
69 82 1
69 162 1
70 155 1
70 236 1
70 230 1
71 152 1
71 192 1
71 201 1
71 191 1
72 97 1
72 186 1
72 222 1
72 233 1
73 143 1
74 232 1
75 208 1
76 128 1
76 238 1
76 85 1
76 174 1
76 223 1
77 135 1
77 239 1
77 87 1
78 237 1
78 226 1
78 147 1
78 231 1
78 219 1
78 125 1
78 207 1
79 228 1
1
0 1 2 3 4 5 6 7 8 9 10 11 12 13 14 15 16 17 18 19
