Nodes
3240
0 1
1 1
2 1
3 1
4 1
5 1
6 1
7 1
8 1
9 1
10 1
11 1
12 1
13 1
14 1
15 1
16 1
17 1
18 1
19 1
20 1
21 1
22 1
23 1
24 1
25 1
26 1
27 1
28 1
29 1
30 1
31 1
32 1
33 1
34 1
35 1
36 1
37 1
38 1
39 1
40 1
41 1
42 1
43 1
44 1
45 1
46 1
47 1
48 1
49 1
50 1
51 1
52 1
53 1
54 1
55 1
56 1
57 1
58 1
59 1
60 1
61 1
62 1
63 1
64 1
65 1
66 1
67 1
68 1
69 1
70 1
71 1
72 1
73 1
74 1
75 1
76 1
77 1
78 1
79 1
80 310
81 300
82 301
83 302
84 298
85 207
86 206
87 202
88 195
89 202
90 200
91 204
92 197
93 194
94 205
95 206
96 197
97 203
98 197
99 198
100 193
101 197
102 202
103 198
104 201
105 206
106 204
107 193
108 197
109 199
110 207
111 193
112 207
113 193
114 203
115 203
116 204
117 194
118 196
119 197
120 201
121 203
122 200
123 196
124 204
125 194
126 200
127 197
128 202
129 194
130 204
131 189
132 203
133 196
134 197
135 198
136 202
137 197
138 194
139 198
140 198
141 195
142 204
143 203
144 205
145 206
146 200
147 197
148 194
149 207
150 206
151 198
152 196
153 208
154 198
155 208
156 198
157 195
158 206
159 304
160 302
161 300
162 297
163 195
164 200
165 192
166 202
167 189
168 191
169 209
170 204
171 196
172 205
173 194
174 203
175 187
176 199
177 205
178 184
179 192
180 200
181 192
182 200
183 204
184 199
185 203
186 199
187 196
188 197
189 192
190 204
191 203
192 196
193 201
194 214
195 197
196 199
197 199
198 201
199 211
200 191
201 197
202 196
203 195
204 205
205 192
206 199
207 203
208 204
209 190
210 205
211 205
212 206
213 194
214 204
215 203
216 198
217 195
218 193
219 190
220 199
221 192
222 198
223 210
224 198
225 194
226 195
227 194
228 200
229 209
230 210
231 202
232 197
233 203
234 194
235 202
236 195
237 299
238 297
239 301
240 202
241 199
242 195
243 202
244 194
245 200
246 198
247 202
248 194
249 196
250 200
251 203
252 193
253 193
254 197
255 198
256 197
257 204
258 200
259 197
260 189
261 202
262 207
263 198
264 196
265 202
266 198
267 200
268 208
269 202
270 202
271 199
272 199
273 194
274 200
275 207
276 199
277 198
278 194
279 200
280 197
281 195
282 198
283 201
284 203
285 196
286 197
287 203
288 211
289 190
290 205
291 196
292 201
293 196
294 198
295 201
296 199
297 193
298 204
299 203
300 195
301 199
302 200
303 199
304 195
305 201
306 194
307 203
308 196
309 196
310 197
311 202
312 194
313 197
314 301
315 296
316 206
317 195
318 202
319 189
320 202
321 208
322 201
323 201
324 192
325 209
326 201
327 198
328 194
329 200
330 201
331 191
332 199
333 198
334 200
335 195
336 204
337 206
338 204
339 203
340 198
341 198
342 206
343 207
344 199
345 188
346 215
347 200
348 197
349 203
350 200
351 198
352 206
353 193
354 200
355 198
356 195
357 200
358 202
359 204
360 202
361 201
362 191
363 205
364 194
365 198
366 192
367 189
368 191
369 202
370 201
371 209
372 197
373 202
374 195
375 199
376 203
377 202
378 194
379 200
380 203
381 204
382 201
383 206
384 203
385 197
386 196
387 203
388 194
389 201
390 295
391 199
392 204
393 204
394 197
395 195
396 205
397 199
398 201
399 193
400 205
401 211
402 198
403 197
404 191
405 194
406 202
407 199
408 195
409 194
410 201
411 208
412 208
413 196
414 201
415 199
416 199
417 205
418 198
419 193
420 195
421 190
422 198
423 199
424 203
425 201
426 189
427 214
428 200
429 197
430 201
431 202
432 199
433 207
434 208
435 208
436 192
437 191
438 192
439 203
440 195
441 204
442 188
443 193
444 198
445 190
446 195
447 194
448 192
449 199
450 203
451 196
452 188
453 201
454 201
455 200
456 209
457 212
458 189
459 199
460 202
461 210
462 200
463 194
464 203
465 204
466 198
467 200
468 198
469 210
470 200
471 202
472 200
473 200
474 198
475 197
476 210
477 202
478 202
479 207
480 195
481 200
482 199
483 193
484 197
485 209
486 197
487 196
488 201
489 196
490 194
491 202
492 195
493 202
494 192
495 192
496 208
497 204
498 201
499 186
500 191
501 197
502 205
503 198
504 204
505 191
506 202
507 199
508 215
509 201
510 203
511 204
512 206
513 196
514 198
515 203
516 200
517 198
518 202
519 191
520 202
521 194
522 207
523 192
524 209
525 196
526 204
527 201
528 204
529 201
530 197
531 200
532 200
533 194
534 194
535 195
536 202
537 201
538 201
539 91
540 99
541 98
542 109
543 103
544 93
545 100
546 107
547 95
548 108
549 102
550 97
551 92
552 98
553 99
554 104
555 96
556 99
557 104
558 99
559 105
560 103
561 104
562 99
563 99
564 93
565 98
566 101
567 88
568 96
569 99
570 95
571 97
572 94
573 96
574 104
575 100
576 100
577 98
578 100
579 97
580 112
581 102
582 98
583 98
584 105
585 100
586 103
587 98
588 100
589 100
590 105
591 96
592 103
593 97
594 97
595 93
596 100
597 106
598 99
599 102
600 97
601 97
602 97
603 100
604 94
605 98
606 97
607 104
608 96
609 101
610 103
611 102
612 96
613 106
614 101
615 100
616 100
617 96
618 97
619 92
620 99
621 106
622 86
623 96
624 97
625 93
626 96
627 103
628 99
629 103
630 103
631 98
632 103
633 103
634 98
635 102
636 99
637 96
638 105
639 102
640 101
641 96
642 99
643 103
644 101
645 106
646 101
647 105
648 92
649 100
650 95
651 104
652 101
653 106
654 97
655 103
656 92
657 95
658 98
659 108
660 99
661 104
662 105
663 104
664 103
665 103
666 104
667 102
668 93
669 102
670 102
671 101
672 105
673 98
674 103
675 101
676 104
677 97
678 93
679 100
680 102
681 101
682 102
683 101
684 96
685 103
686 101
687 101
688 96
689 97
690 97
691 94
692 100
693 105
694 94
695 96
696 106
697 102
698 95
699 102
700 104
701 106
702 100
703 102
704 99
705 104
706 89
707 99
708 100
709 91
710 100
711 106
712 107
713 94
714 83
715 102
716 116
717 106
718 99
719 101
720 103
721 96
722 103
723 107
724 98
725 98
726 94
727 100
728 102
729 95
730 103
731 97
732 96
733 99
734 107
735 107
736 93
737 96
738 105
739 100
740 106
741 92
742 98
743 96
744 100
745 94
746 98
747 100
748 94
749 96
750 99
751 101
752 99
753 97
754 108
755 99
756 97
757 99
758 102
759 107
760 101
761 102
762 99
763 98
764 103
765 95
766 99
767 99
768 97
769 103
770 108
771 101
772 105
773 95
774 101
775 104
776 89
777 94
778 102
779 110
780 96
781 90
782 103
783 93
784 93
785 100
786 99
787 102
788 95
789 97
790 103
791 99
792 99
793 104
794 100
795 98
796 104
797 103
798 97
799 97
800 101
801 99
802 91
803 100
804 103
805 81
806 106
807 96
808 99
809 98
810 95
811 96
812 101
813 104
814 110
815 100
816 101
817 93
818 104
819 108
820 96
821 99
822 110
823 98
824 103
825 91
826 95
827 95
828 98
829 102
830 101
831 109
832 101
833 104
834 107
835 110
836 96
837 101
838 93
839 102
840 97
841 97
842 96
843 98
844 101
845 94
846 102
847 95
848 95
849 100
850 95
851 99
852 96
853 98
854 107
855 95
856 97
857 98
858 106
859 98
860 99
861 101
862 88
863 99
864 105
865 104
866 107
867 97
868 100
869 100
870 100
871 103
872 100
873 103
874 95
875 93
876 103
877 103
878 98
879 101
880 98
881 108
882 104
883 92
884 98
885 100
886 104
887 94
888 91
889 89
890 99
891 94
892 103
893 95
894 94
895 103
896 106
897 91
898 100
899 103
900 97
901 100
902 99
903 101
904 99
905 109
906 94
907 101
908 99
909 95
910 102
911 91
912 98
913 105
914 97
915 108
916 98
917 98
918 96
919 93
920 101
921 94
922 105
923 101
924 93
925 92
926 101
927 101
928 92
929 106
930 94
931 91
932 101
933 98
934 102
935 86
936 102
937 97
938 95
939 101
940 99
941 92
942 97
943 109
944 87
945 96
946 98
947 99
948 94
949 100
950 97
951 98
952 104
953 97
954 101
955 100
956 101
957 94
958 101
959 101
960 102
961 95
962 102
963 110
964 102
965 93
966 105
967 95
968 100
969 106
970 88
971 100
972 92
973 107
974 89
975 93
976 90
977 98
978 95
979 106
980 100
981 99
982 100
983 94
984 96
985 96
986 105
987 95
988 103
989 98
990 92
991 105
992 100
993 101
994 101
995 101
996 96
997 103
998 100
999 98
1000 98
1001 105
1002 99
1003 99
1004 104
1005 99
1006 102
1007 104
1008 108
1009 100
1010 101
1011 100
1012 92
1013 99
1014 96
1015 104
1016 100
1017 102
1018 98
1019 105
1020 98
1021 100
1022 104
1023 99
1024 103
1025 100
1026 102
1027 96
1028 87
1029 104
1030 97
1031 102
1032 109
1033 104
1034 98
1035 95
1036 99
1037 96
1038 95
1039 94
1040 103
1041 107
1042 99
1043 95
1044 97
1045 92
1046 92
1047 104
1048 98
1049 99
1050 102
1051 107
1052 101
1053 98
1054 101
1055 100
1056 98
1057 101
1058 99
1059 102
1060 98
1061 102
1062 100
1063 106
1064 101
1065 104
1066 100
1067 99
1068 98
1069 102
1070 102
1071 100
1072 102
1073 107
1074 97
1075 98
1076 92
1077 100
1078 94
1079 98
1080 99
1081 91
1082 105
1083 96
1084 102
1085 98
1086 107
1087 101
1088 92
1089 94
1090 94
1091 103
1092 102
1093 101
1094 97
1095 108
1096 100
1097 101
1098 96
1099 97
1100 115
1101 108
1102 98
1103 102
1104 92
1105 105
1106 99
1107 111
1108 104
1109 99
1110 94
1111 98
1112 108
1113 104
1114 97
1115 102
1116 95
1117 99
1118 97
1119 97
1120 105
1121 96
1122 96
1123 101
1124 98
1125 99
1126 107
1127 93
1128 101
1129 100
1130 101
1131 108
1132 98
1133 98
1134 104
1135 99
1136 97
1137 97
1138 101
1139 104
1140 101
1141 86
1142 101
1143 103
1144 91
1145 101
1146 101
1147 100
1148 97
1149 103
1150 106
1151 100
1152 99
1153 104
1154 101
1155 96
1156 96
1157 101
1158 95
1159 103
1160 96
1161 103
1162 104
1163 103
1164 103
1165 102
1166 94
1167 97
1168 96
1169 93
1170 98
1171 96
1172 94
1173 100
1174 97
1175 102
1176 95
1177 94
1178 90
1179 99
1180 98
1181 106
1182 104
1183 105
1184 99
1185 101
1186 106
1187 102
1188 96
1189 95
1190 91
1191 96
1192 112
1193 105
1194 99
1195 100
1196 102
1197 104
1198 100
1199 98
1200 98
1201 101
1202 103
1203 102
1204 106
1205 108
1206 103
1207 105
1208 95
1209 100
1210 94
1211 97
1212 94
1213 100
1214 95
1215 103
1216 101
1217 93
1218 103
1219 105
1220 101
1221 107
1222 98
1223 93
1224 96
1225 97
1226 99
1227 99
1228 91
1229 100
1230 101
1231 98
1232 102
1233 103
1234 99
1235 95
1236 100
1237 99
1238 95
1239 100
1240 101
1241 100
1242 97
1243 97
1244 98
1245 101
1246 99
1247 102
1248 104
1249 102
1250 101
1251 92
1252 95
1253 102
1254 96
1255 97
1256 97
1257 98
1258 108
1259 97
1260 98
1261 105
1262 92
1263 98
1264 103
1265 101
1266 91
1267 97
1268 106
1269 102
1270 94
1271 96
1272 103
1273 100
1274 98
1275 98
1276 96
1277 97
1278 95
1279 97
1280 104
1281 88
1282 106
1283 93
1284 100
1285 95
1286 100
1287 103
1288 109
1289 103
1290 106
1291 93
1292 98
1293 107
1294 99
1295 96
1296 102
1297 103
1298 101
1299 107
1300 91
1301 100
1302 100
1303 94
1304 97
1305 115
1306 102
1307 100
1308 101
1309 102
1310 106
1311 101
1312 104
1313 102
1314 106
1315 97
1316 99
1317 108
1318 97
1319 95
1320 102
1321 104
1322 98
1323 107
1324 99
1325 116
1326 105
1327 99
1328 97
1329 104
1330 105
1331 97
1332 93
1333 93
1334 103
1335 99
1336 101
1337 92
1338 95
1339 102
1340 102
1341 93
1342 98
1343 95
1344 100
1345 96
1346 103
1347 92
1348 103
1349 89
1350 109
1351 100
1352 97
1353 106
1354 104
1355 101
1356 97
1357 101
1358 96
1359 98
1360 97
1361 96
1362 110
1363 102
1364 92
1365 100
1366 101
1367 93
1368 91
1369 101
1370 98
1371 94
1372 90
1373 100
1374 96
1375 97
1376 102
1377 97
1378 94
1379 98
1380 94
1381 93
1382 93
1383 102
1384 99
1385 108
1386 100
1387 97
1388 100
1389 103
1390 110
1391 102
1392 93
1393 111
1394 92
1395 107
1396 98
1397 110
1398 90
1399 95
1400 101
1401 104
1402 93
1403 95
1404 99
1405 96
1406 93
1407 94
1408 101
1409 88
1410 102
1411 100
1412 105
1413 96
1414 102
1415 96
1416 107
1417 103
1418 98
1419 102
1420 101
1421 103
1422 102
1423 100
1424 99
1425 105
1426 108
1427 102
1428 98
1429 99
1430 101
1431 95
1432 110
1433 98
1434 98
1435 98
1436 98
1437 102
1438 89
1439 101
1440 101
1441 107
1442 97
1443 103
1444 93
1445 109
1446 103
1447 94
1448 93
1449 91
1450 97
1451 97
1452 97
1453 109
1454 104
1455 102
1456 98
1457 103
1458 103
1459 92
1460 100
1461 101
1462 103
1463 110
1464 100
1465 99
1466 97
1467 106
1468 98
1469 92
1470 98
1471 100
1472 100
1473 96
1474 101
1475 96
1476 94
1477 95
1478 102
1479 99
1480 93
1481 105
1482 96
1483 100
1484 99
1485 108
1486 93
1487 107
1488 102
1489 100
1490 105
1491 106
1492 99
1493 101
1494 100
1495 95
1496 97
1497 102
1498 101
1499 98
1500 100
1501 108
1502 96
1503 99
1504 106
1505 105
1506 105
1507 107
1508 89
1509 100
1510 98
1511 102
1512 96
1513 107
1514 104
1515 95
1516 102
1517 98
1518 99
1519 104
1520 104
1521 98
1522 96
1523 101
1524 98
1525 101
1526 96
1527 103
1528 101
1529 102
1530 92
1531 98
1532 95
1533 103
1534 109
1535 100
1536 93
1537 93
1538 99
1539 102
1540 101
1541 102
1542 104
1543 98
1544 102
1545 98
1546 99
1547 100
1548 91
1549 94
1550 92
1551 100
1552 103
1553 100
1554 104
1555 96
1556 103
1557 100
1558 94
1559 95
1560 98
1561 101
1562 106
1563 103
1564 106
1565 86
1566 106
1567 100
1568 90
1569 97
1570 111
1571 105
1572 110
1573 101
1574 90
1575 102
1576 105
1577 100
1578 93
1579 103
1580 92
1581 100
1582 97
1583 110
1584 94
1585 102
1586 97
1587 98
1588 104
1589 102
1590 101
1591 99
1592 95
1593 102
1594 99
1595 99
1596 88
1597 100
1598 97
1599 100
1600 101
1601 89
1602 92
1603 101
1604 106
1605 99
1606 98
1607 103
1608 103
1609 98
1610 102
1611 91
1612 100
1613 101
1614 98
1615 98
1616 109
1617 107
1618 102
1619 100
1620 97
1621 99
1622 111
1623 98
1624 96
1625 102
1626 108
1627 96
1628 102
1629 94
1630 102
1631 102
1632 100
1633 107
1634 102
1635 108
1636 98
1637 98
1638 94
1639 93
1640 106
1641 101
1642 101
1643 91
1644 98
1645 106
1646 102
1647 104
1648 93
1649 101
1650 97
1651 99
1652 100
1653 98
1654 100
1655 101
1656 97
1657 101
1658 98
1659 102
1660 100
1661 98
1662 101
1663 101
1664 105
1665 105
1666 107
1667 103
1668 92
1669 90
1670 103
1671 93
1672 106
1673 101
1674 92
1675 97
1676 96
1677 103
1678 98
1679 103
1680 98
1681 95
1682 93
1683 94
1684 101
1685 95
1686 94
1687 102
1688 97
1689 103
1690 96
1691 102
1692 100
1693 97
1694 96
1695 97
1696 100
1697 101
1698 102
1699 105
1700 93
1701 108
1702 98
1703 96
1704 100
1705 96
1706 107
1707 105
1708 97
1709 104
1710 103
1711 97
1712 101
1713 98
1714 95
1715 97
1716 105
1717 91
1718 100
1719 98
1720 101
1721 98
1722 107
1723 98
1724 100
1725 100
1726 101
1727 100
1728 96
1729 95
1730 106
1731 90
1732 94
1733 100
1734 105
1735 103
1736 100
1737 93
1738 95
1739 97
1740 106
1741 98
1742 101
1743 95
1744 92
1745 99
1746 98
1747 97
1748 98
1749 101
1750 97
1751 103
1752 103
1753 97
1754 108
1755 92
1756 103
1757 98
1758 94
1759 89
1760 103
1761 98
1762 97
1763 107
1764 103
1765 90
1766 100
1767 93
1768 95
1769 97
1770 105
1771 98
1772 99
1773 103
1774 103
1775 112
1776 101
1777 101
1778 94
1779 102
1780 93
1781 89
1782 97
1783 96
1784 96
1785 106
1786 103
1787 100
1788 97
1789 96
1790 99
1791 99
1792 101
1793 104
1794 98
1795 102
1796 98
1797 104
1798 106
1799 100
1800 101
1801 91
1802 97
1803 105
1804 100
1805 99
1806 97
1807 98
1808 97
1809 106
1810 99
1811 101
1812 111
1813 100
1814 95
1815 102
1816 102
1817 98
1818 107
1819 105
1820 102
1821 103
1822 100
1823 94
1824 106
1825 105
1826 96
1827 103
1828 101
1829 103
1830 98
1831 107
1832 94
1833 96
1834 95
1835 100
1836 95
1837 103
1838 108
1839 104
1840 95
1841 102
1842 108
1843 95
1844 95
1845 103
1846 101
1847 94
1848 103
1849 97
1850 101
1851 104
1852 103
1853 98
1854 97
1855 109
1856 108
1857 97
1858 108
1859 101
1860 92
1861 101
1862 104
1863 100
1864 98
1865 99
1866 99
1867 106
1868 102
1869 98
1870 98
1871 101
1872 107
1873 99
1874 92
1875 100
1876 108
1877 103
1878 95
1879 107
1880 107
1881 96
1882 109
1883 103
1884 101
1885 105
1886 103
1887 91
1888 102
1889 94
1890 99
1891 92
1892 108
1893 100
1894 95
1895 102
1896 98
1897 96
1898 100
1899 98
1900 105
1901 103
1902 100
1903 101
1904 92
1905 96
1906 103
1907 92
1908 99
1909 97
1910 105
1911 103
1912 106
1913 99
1914 111
1915 99
1916 98
1917 101
1918 99
1919 103
1920 103
1921 104
1922 91
1923 107
1924 89
1925 98
1926 101
1927 97
1928 96
1929 95
1930 97
1931 103
1932 98
1933 94
1934 91
1935 102
1936 106
1937 98
1938 106
1939 102
1940 100
1941 93
1942 104
1943 104
1944 112
1945 102
1946 103
1947 102
1948 101
1949 97
1950 109
1951 92
1952 104
1953 98
1954 105
1955 98
1956 108
1957 99
1958 88
1959 98
1960 102
1961 101
1962 100
1963 100
1964 103
1965 102
1966 99
1967 102
1968 96
1969 98
1970 97
1971 97
1972 99
1973 100
1974 100
1975 100
1976 105
1977 96
1978 100
1979 102
1980 106
1981 102
1982 101
1983 102
1984 105
1985 104
1986 99
1987 103
1988 101
1989 99
1990 103
1991 101
1992 95
1993 101
1994 100
1995 98
1996 104
1997 109
1998 100
1999 98
2000 95
2001 103
2002 98
2003 103
2004 108
2005 91
2006 96
2007 102
2008 98
2009 98
2010 94
2011 98
2012 95
2013 97
2014 95
2015 97
2016 107
2017 104
2018 100
2019 86
2020 99
2021 102
2022 106
2023 99
2024 94
2025 102
2026 99
2027 99
2028 99
2029 94
2030 98
2031 93
2032 107
2033 111
2034 108
2035 103
2036 89
2037 105
2038 102
2039 91
2040 93
2041 102
2042 102
2043 99
2044 98
2045 101
2046 95
2047 96
2048 94
2049 97
2050 107
2051 106
2052 95
2053 101
2054 99
2055 99
2056 91
2057 95
2058 97
2059 97
2060 107
2061 99
2062 100
2063 97
2064 95
2065 93
2066 99
2067 94
2068 94
2069 100
2070 89
2071 99
2072 98
2073 103
2074 104
2075 95
2076 104
2077 101
2078 108
2079 99
2080 105
2081 102
2082 98
2083 106
2084 100
2085 102
2086 92
2087 101
2088 101
2089 104
2090 98
2091 100
2092 98
2093 102
2094 103
2095 99
2096 99
2097 103
2098 97
2099 95
2100 108
2101 98
2102 96
2103 107
2104 101
2105 105
2106 96
2107 109
2108 99
2109 94
2110 106
2111 99
2112 102
2113 104
2114 102
2115 99
2116 100
2117 101
2118 98
2119 100
2120 101
2121 108
2122 100
2123 102
2124 94
2125 103
2126 94
2127 94
2128 103
2129 100
2130 99
2131 96
2132 99
2133 96
2134 100
2135 102
2136 101
2137 105
2138 86
2139 106
2140 98
2141 106
2142 101
2143 95
2144 99
2145 92
2146 101
2147 94
2148 101
2149 94
2150 99
2151 100
2152 102
2153 94
2154 99
2155 108
2156 101
2157 100
2158 100
2159 101
2160 102
2161 106
2162 103
2163 99
2164 106
2165 86
2166 103
2167 90
2168 98
2169 107
2170 96
2171 92
2172 100
2173 104
2174 102
2175 104
2176 96
2177 110
2178 106
2179 94
2180 103
2181 107
2182 101
2183 97
2184 91
2185 98
2186 111
2187 96
2188 99
2189 104
2190 93
2191 104
2192 103
2193 98
2194 93
2195 95
2196 104
2197 96
2198 103
2199 99
2200 97
2201 100
2202 101
2203 94
2204 100
2205 98
2206 103
2207 109
2208 93
2209 94
2210 101
2211 92
2212 94
2213 95
2214 99
2215 97
2216 102
2217 97
2218 101
2219 92
2220 100
2221 99
2222 101
2223 100
2224 101
2225 88
2226 98
2227 99
2228 95
2229 90
2230 104
2231 105
2232 96
2233 101
2234 96
2235 108
2236 107
2237 94
2238 106
2239 111
2240 99
2241 96
2242 93
2243 103
2244 106
2245 98
2246 95
2247 94
2248 104
2249 107
2250 106
2251 92
2252 98
2253 93
2254 94
2255 102
2256 100
2257 92
2258 102
2259 101
2260 94
2261 103
2262 108
2263 101
2264 102
2265 107
2266 106
2267 100
2268 96
2269 104
2270 100
2271 105
2272 101
2273 96
2274 94
2275 104
2276 100
2277 103
2278 96
2279 96
2280 94
2281 98
2282 97
2283 103
2284 98
2285 101
2286 91
2287 99
2288 110
2289 102
2290 96
2291 91
2292 93
2293 106
2294 99
2295 99
2296 107
2297 106
2298 106
2299 101
2300 100
2301 98
2302 95
2303 106
2304 101
2305 98
2306 99
2307 100
2308 96
2309 101
2310 96
2311 103
2312 103
2313 100
2314 101
2315 103
2316 102
2317 95
2318 102
2319 96
2320 110
2321 107
2322 98
2323 97
2324 95
2325 92
2326 96
2327 103
2328 100
2329 95
2330 97
2331 93
2332 96
2333 99
2334 93
2335 97
2336 104
2337 100
2338 102
2339 94
2340 99
2341 96
2342 92
2343 102
2344 103
2345 106
2346 99
2347 102
2348 100
2349 98
2350 101
2351 100
2352 96
2353 106
2354 99
2355 101
2356 107
2357 97
2358 107
2359 102
2360 99
2361 93
2362 99
2363 112
2364 104
2365 91
2366 109
2367 105
2368 93
2369 99
2370 107
2371 99
2372 101
2373 97
2374 100
2375 91
2376 102
2377 96
2378 99
2379 93
2380 104
2381 100
2382 100
2383 103
2384 109
2385 94
2386 97
2387 106
2388 104
2389 95
2390 99
2391 92
2392 92
2393 104
2394 101
2395 100
2396 104
2397 102
2398 97
2399 99
2400 109
2401 94
2402 103
2403 102
2404 94
2405 93
2406 92
2407 105
2408 101
2409 108
2410 97
2411 95
2412 97
2413 96
2414 111
2415 100
2416 101
2417 106
2418 101
2419 109
2420 103
2421 108
2422 99
2423 102
2424 110
2425 91
2426 91
2427 96
2428 100
2429 105
2430 90
2431 103
2432 98
2433 95
2434 99
2435 106
2436 94
2437 99
2438 103
2439 102
2440 103
2441 100
2442 109
2443 97
2444 94
2445 107
2446 95
2447 92
2448 97
2449 106
2450 94
2451 95
2452 103
2453 96
2454 96
2455 93
2456 109
2457 93
2458 97
2459 104
2460 97
2461 102
2462 99
2463 108
2464 87
2465 104
2466 101
2467 103
2468 106
2469 107
2470 93
2471 98
2472 98
2473 101
2474 103
2475 101
2476 97
2477 98
2478 102
2479 104
2480 100
2481 104
2482 94
2483 102
2484 98
2485 99
2486 103
2487 100
2488 97
2489 101
2490 108
2491 93
2492 99
2493 100
2494 97
2495 104
2496 98
2497 99
2498 97
2499 98
2500 99
2501 101
2502 97
2503 99
2504 95
2505 108
2506 106
2507 99
2508 103
2509 99
2510 100
2511 93
2512 105
2513 96
2514 96
2515 98
2516 97
2517 107
2518 106
2519 109
2520 92
2521 108
2522 101
2523 100
2524 100
2525 103
2526 94
2527 106
2528 102
2529 96
2530 107
2531 104
2532 100
2533 100
2534 102
2535 92
2536 96
2537 98
2538 90
2539 100
2540 102
2541 97
2542 100
2543 99
2544 89
2545 108
2546 100
2547 97
2548 96
2549 99
2550 96
2551 107
2552 85
2553 102
2554 102
2555 98
2556 96
2557 99
2558 102
2559 108
2560 107
2561 100
2562 96
2563 106
2564 94
2565 107
2566 104
2567 98
2568 96
2569 101
2570 98
2571 104
2572 101
2573 100
2574 104
2575 103
2576 102
2577 108
2578 99
2579 104
2580 99
2581 96
2582 97
2583 101
2584 100
2585 102
2586 96
2587 106
2588 100
2589 104
2590 97
2591 105
2592 102
2593 99
2594 101
2595 102
2596 97
2597 98
2598 102
2599 98
2600 101
2601 97
2602 98
2603 95
2604 96
2605 108
2606 96
2607 101
2608 98
2609 104
2610 98
2611 100
2612 97
2613 94
2614 107
2615 108
2616 100
2617 102
2618 92
2619 102
2620 94
2621 94
2622 110
2623 103
2624 100
2625 96
2626 100
2627 103
2628 102
2629 105
2630 99
2631 95
2632 98
2633 95
2634 103
2635 99
2636 98
2637 97
2638 96
2639 87
2640 94
2641 117
2642 100
2643 97
2644 104
2645 97
2646 104
2647 99
2648 110
2649 103
2650 97
2651 97
2652 94
2653 100
2654 89
2655 96
2656 102
2657 95
2658 94
2659 101
2660 104
2661 104
2662 101
2663 104
2664 99
2665 97
2666 96
2667 101
2668 98
2669 100
2670 101
2671 98
2672 104
2673 103
2674 96
2675 98
2676 94
2677 89
2678 91
2679 94
2680 102
2681 92
2682 95
2683 99
2684 102
2685 103
2686 105
2687 97
2688 102
2689 102
2690 105
2691 93
2692 104
2693 99
2694 92
2695 99
2696 102
2697 98
2698 94
2699 94
2700 103
2701 92
2702 96
2703 100
2704 97
2705 106
2706 99
2707 107
2708 99
2709 100
2710 107
2711 105
2712 102
2713 95
2714 98
2715 100
2716 107
2717 103
2718 99
2719 98
2720 99
2721 94
2722 109
2723 100
2724 93
2725 101
2726 103
2727 100
2728 94
2729 96
2730 98
2731 95
2732 100
2733 102
2734 101
2735 97
2736 100
2737 95
2738 113
2739 112
2740 97
2741 106
2742 104
2743 96
2744 99
2745 104
2746 105
2747 90
2748 98
2749 100
2750 95
2751 103
2752 105
2753 101
2754 95
2755 109
2756 94
2757 99
2758 101
2759 97
2760 106
2761 99
2762 103
2763 102
2764 103
2765 101
2766 99
2767 104
2768 94
2769 106
2770 107
2771 88
2772 106
2773 91
2774 101
2775 100
2776 93
2777 95
2778 92
2779 99
2780 108
2781 105
2782 94
2783 107
2784 102
2785 94
2786 94
2787 101
2788 95
2789 101
2790 110
2791 94
2792 91
2793 103
2794 106
2795 103
2796 101
2797 100
2798 99
2799 94
2800 98
2801 88
2802 101
2803 107
2804 98
2805 94
2806 100
2807 102
2808 96
2809 93
2810 106
2811 93
2812 100
2813 90
2814 87
2815 96
2816 98
2817 94
2818 92
2819 101
2820 98
2821 94
2822 97
2823 103
2824 98
2825 97
2826 94
2827 109
2828 100
2829 87
2830 105
2831 92
2832 101
2833 91
2834 110
2835 100
2836 101
2837 104
2838 104
2839 93
2840 109
2841 99
2842 108
2843 107
2844 99
2845 102
2846 99
2847 105
2848 105
2849 92
2850 99
2851 102
2852 94
2853 104
2854 93
2855 107
2856 104
2857 98
2858 98
2859 98
2860 104
2861 101
2862 94
2863 106
2864 100
2865 100
2866 96
2867 100
2868 99
2869 99
2870 112
2871 96
2872 92
2873 99
2874 103
2875 106
2876 97
2877 97
2878 96
2879 95
2880 102
2881 105
2882 97
2883 95
2884 101
2885 87
2886 96
2887 105
2888 100
2889 96
2890 97
2891 99
2892 102
2893 100
2894 104
2895 104
2896 93
2897 107
2898 101
2899 108
2900 90
2901 105
2902 92
2903 100
2904 104
2905 99
2906 101
2907 106
2908 103
2909 99
2910 102
2911 110
2912 100
2913 107
2914 101
2915 103
2916 106
2917 95
2918 96
2919 102
2920 94
2921 101
2922 105
2923 93
2924 104
2925 95
2926 93
2927 102
2928 98
2929 93
2930 107
2931 96
2932 97
2933 103
2934 97
2935 95
2936 104
2937 102
2938 105
2939 93
2940 102
2941 102
2942 96
2943 100
2944 105
2945 100
2946 92
2947 98
2948 102
2949 99
2950 100
2951 105
2952 99
2953 92
2954 90
2955 97
2956 101
2957 106
2958 102
2959 99
2960 98
2961 96
2962 108
2963 94
2964 95
2965 96
2966 93
2967 94
2968 100
2969 95
2970 88
2971 98
2972 99
2973 101
2974 104
2975 96
2976 106
2977 101
2978 96
2979 102
2980 99
2981 91
2982 96
2983 90
2984 103
2985 101
2986 101
2987 96
2988 97
2989 103
2990 92
2991 102
2992 100
2993 101
2994 95
2995 98
2996 101
2997 98
2998 98
2999 98
3000 102
3001 97
3002 98
3003 96
3004 101
3005 112
3006 111
3007 97
3008 95
3009 103
3010 97
3011 99
3012 102
3013 101
3014 98
3015 97
3016 97
3017 97
3018 104
3019 108
3020 104
3021 102
3022 96
3023 94
3024 88
3025 103
3026 100
3027 94
3028 93
3029 100
3030 96
3031 99
3032 91
3033 102
3034 99
3035 98
3036 103
3037 92
3038 97
3039 96
3040 99
3041 102
3042 97
3043 99
3044 99
3045 99
3046 105
3047 98
3048 109
3049 98
3050 96
3051 105
3052 91
3053 91
3054 96
3055 101
3056 95
3057 95
3058 92
3059 102
3060 100
3061 90
3062 100
3063 97
3064 101
3065 97
3066 103
3067 97
3068 97
3069 94
3070 97
3071 98
3072 99
3073 105
3074 93
3075 97
3076 98
3077 101
3078 102
3079 105
3080 107
3081 97
3082 93
3083 104
3084 101
3085 103
3086 102
3087 101
3088 103
3089 97
3090 100
3091 101
3092 102
3093 105
3094 103
3095 106
3096 97
3097 100
3098 98
3099 98
3100 97
3101 106
3102 97
3103 95
3104 105
3105 89
3106 105
3107 94
3108 94
3109 102
3110 103
3111 99
3112 92
3113 108
3114 96
3115 101
3116 95
3117 97
3118 96
3119 94
3120 106
3121 107
3122 97
3123 92
3124 104
3125 102
3126 107
3127 99
3128 108
3129 97
3130 115
3131 100
3132 94
3133 95
3134 100
3135 94
3136 104
3137 102
3138 105
3139 102
3140 97
3141 94
3142 93
3143 100
3144 92
3145 99
3146 94
3147 106
3148 99
3149 105
3150 99
3151 94
3152 103
3153 97
3154 106
3155 108
3156 101
3157 100
3158 102
3159 102
3160 105
3161 100
3162 100
3163 97
3164 105
3165 101
3166 97
3167 98
3168 102
3169 97
3170 96
3171 98
3172 101
3173 101
3174 106
3175 103
3176 89
3177 100
3178 101
3179 102
3180 96
3181 105
3182 97
3183 99
3184 96
3185 97
3186 103
3187 97
3188 97
3189 94
3190 102
3191 100
3192 108
3193 99
3194 94
3195 94
3196 106
3197 92
3198 103
3199 93
3200 103
3201 97
3202 100
3203 96
3204 103
3205 102
3206 89
3207 101
3208 98
3209 95
3210 98
3211 105
3212 94
3213 96
3214 95
3215 97
3216 100
3217 93
3218 103
3219 102
3220 101
3221 101
3222 97
3223 96
3224 99
3225 94
3226 101
3227 103
3228 97
3229 107
3230 98
3231 106
3232 98
3233 100
3234 104
3235 95
3236 102
3237 97
3238 98
3239 99
Edges
6320
0 128 1
0 129 1
0 130 1
0 131 1
0 132 1
0 133 1
0 134 1
0 135 1
0 136 1
0 137 1
0 138 1
0 139 1
0 140 1
0 141 1
0 142 1
0 143 1
0 144 1
0 145 1
0 146 1
0 147 1
0 148 1
0 149 1
0 150 1
0 151 1
0 152 1
0 153 1
0 154 1
0 155 1
0 156 1
0 157 1
0 158 1
0 80 1
0 81 1
0 82 1
0 83 1
0 84 1
0 85 1
0 86 1
0 87 1
0 88 1
0 89 1
0 90 1
0 91 1
0 92 1
0 93 1
0 94 1
0 95 1
0 96 1
0 97 1
0 98 1
0 99 1
0 100 1
0 101 1
0 102 1
0 103 1
0 104 1
0 105 1
0 106 1
0 107 1
0 108 1
0 109 1
0 110 1
0 111 1
0 112 1
0 113 1
0 114 1
0 115 1
0 116 1
0 117 1
0 118 1
0 119 1
0 120 1
0 121 1
0 122 1
0 123 1
0 124 1
0 125 1
0 126 1
0 127 1
1 235 1
1 159 1
1 160 1
1 161 1
1 162 1
1 163 1
1 164 1
1 165 1
1 166 1
1 167 1
1 168 1
1 169 1
1 170 1
1 171 1
1 172 1
1 173 1
1 174 1
1 175 1
1 176 1
1 177 1
1 178 1
1 179 1
1 180 1
1 181 1
1 182 1
1 183 1
1 184 1
1 185 1
1 186 1
1 187 1
1 188 1
1 189 1
1 190 1
1 191 1
1 192 1
1 193 1
1 194 1
1 195 1
1 196 1
1 197 1
1 198 1
1 199 1
1 200 1
1 201 1
1 202 1
1 203 1
1 204 1
1 205 1
1 206 1
1 207 1
1 80 1
1 209 1
1 210 1
1 211 1
1 212 1
1 213 1
1 214 1
1 215 1
1 216 1
1 217 1
1 218 1
1 219 1
1 220 1
1 221 1
1 222 1
1 223 1
1 224 1
1 208 1
1 226 1
1 227 1
1 228 1
1 229 1
1 230 1
1 231 1
1 232 1
1 233 1
1 234 1
1 225 1
1 236 1
2 256 1
2 257 1
2 258 1
2 259 1
2 260 1
2 261 1
2 262 1
2 263 1
2 264 1
2 265 1
2 266 1
2 267 1
2 268 1
2 269 1
2 270 1
2 271 1
2 272 1
2 273 1
2 274 1
2 275 1
2 276 1
2 277 1
2 278 1
2 279 1
2 280 1
2 281 1
2 282 1
2 283 1
2 284 1
2 285 1
2 286 1
2 159 1
2 288 1
2 289 1
2 290 1
2 291 1
2 292 1
2 293 1
2 294 1
2 295 1
2 296 1
2 297 1
2 298 1
2 299 1
2 300 1
2 301 1
2 302 1
2 303 1
2 304 1
2 305 1
2 306 1
2 307 1
2 308 1
2 309 1
2 310 1
2 311 1
2 312 1
2 313 1
2 287 1
2 81 1
2 237 1
2 238 1
2 239 1
2 240 1
2 241 1
2 242 1
2 243 1
2 244 1
2 245 1
2 246 1
2 247 1
2 248 1
2 249 1
2 250 1
2 251 1
2 252 1
2 253 1
2 254 1
2 255 1
3 384 1
3 385 1
3 386 1
3 387 1
3 388 1
3 389 1
3 237 1
3 160 1
3 365 1
3 314 1
3 315 1
3 316 1
3 317 1
3 318 1
3 319 1
3 320 1
3 321 1
3 322 1
3 323 1
3 324 1
3 325 1
3 326 1
3 327 1
3 328 1
3 329 1
3 330 1
3 331 1
3 332 1
3 333 1
3 334 1
3 335 1
3 336 1
3 337 1
3 82 1
3 339 1
3 340 1
3 341 1
3 342 1
3 343 1
3 344 1
3 345 1
3 346 1
3 347 1
3 348 1
3 349 1
3 350 1
3 351 1
3 352 1
3 353 1
3 354 1
3 355 1
3 356 1
3 357 1
3 358 1
3 359 1
3 360 1
3 361 1
3 362 1
3 363 1
3 364 1
3 338 1
3 366 1
3 367 1
3 368 1
3 369 1
3 370 1
3 371 1
3 372 1
3 373 1
3 374 1
3 375 1
3 376 1
3 377 1
3 378 1
3 379 1
3 380 1
3 381 1
3 382 1
3 383 1
4 390 1
4 391 1
4 392 1
4 393 1
4 394 1
4 395 1
4 396 1
4 397 1
4 398 1
4 399 1
4 400 1
4 401 1
4 402 1
4 403 1
4 404 1
4 405 1
4 406 1
4 407 1
4 408 1
4 409 1
4 410 1
4 411 1
4 412 1
4 413 1
4 414 1
4 415 1
4 416 1
4 161 1
4 418 1
4 419 1
4 420 1
4 421 1
4 422 1
4 423 1
4 424 1
4 425 1
4 426 1
4 427 1
4 428 1
4 429 1
4 430 1
4 431 1
4 432 1
4 433 1
4 434 1
4 435 1
4 436 1
4 437 1
4 438 1
4 439 1
4 440 1
4 441 1
4 314 1
4 443 1
4 444 1
4 445 1
4 446 1
4 447 1
4 448 1
4 449 1
4 450 1
4 451 1
4 452 1
4 453 1
4 454 1
4 417 1
4 456 1
4 457 1
4 458 1
4 459 1
4 460 1
4 461 1
4 462 1
4 463 1
4 464 1
4 83 1
4 442 1
4 455 1
4 238 1
5 512 1
5 513 1
5 514 1
5 515 1
5 516 1
5 517 1
5 390 1
5 519 1
5 520 1
5 521 1
5 522 1
5 523 1
5 524 1
5 525 1
5 526 1
5 527 1
5 528 1
5 529 1
5 530 1
5 531 1
5 532 1
5 533 1
5 534 1
5 535 1
5 536 1
5 537 1
5 538 1
5 495 1
5 162 1
5 518 1
5 315 1
5 505 1
5 465 1
5 466 1
5 467 1
5 84 1
5 469 1
5 470 1
5 471 1
5 472 1
5 473 1
5 474 1
5 475 1
5 476 1
5 477 1
5 478 1
5 479 1
5 480 1
5 481 1
5 482 1
5 483 1
5 484 1
5 485 1
5 486 1
5 487 1
5 488 1
5 489 1
5 490 1
5 491 1
5 492 1
5 493 1
5 494 1
5 239 1
5 496 1
5 497 1
5 498 1
5 499 1
5 500 1
5 501 1
5 502 1
5 503 1
5 504 1
5 468 1
5 506 1
5 507 1
5 508 1
5 509 1
5 510 1
5 511 1
6 391 1
6 539 1
6 540 1
6 541 1
6 542 1
6 543 1
6 544 1
6 545 1
6 546 1
6 547 1
6 548 1
6 549 1
6 550 1
6 551 1
6 552 1
6 553 1
6 554 1
6 555 1
6 556 1
6 557 1
6 558 1
6 559 1
6 560 1
6 561 1
6 562 1
6 563 1
6 564 1
6 565 1
6 566 1
6 567 1
6 568 1
6 569 1
6 570 1
6 571 1
6 572 1
6 573 1
6 574 1
6 575 1
6 576 1
6 577 1
6 578 1
6 579 1
6 580 1
6 581 1
6 582 1
6 583 1
6 584 1
6 585 1
6 586 1
6 587 1
6 588 1
6 589 1
6 590 1
6 591 1
6 592 1
6 465 1
6 594 1
6 163 1
6 596 1
6 85 1
6 598 1
6 599 1
6 600 1
6 601 1
6 602 1
6 603 1
6 604 1
6 605 1
6 606 1
6 607 1
6 608 1
6 609 1
6 610 1
6 611 1
6 593 1
6 316 1
6 240 1
6 595 1
6 597 1
7 640 1
7 641 1
7 642 1
7 643 1
7 644 1
7 645 1
7 646 1
7 647 1
7 392 1
7 649 1
7 650 1
7 651 1
7 652 1
7 653 1
7 654 1
7 655 1
7 656 1
7 657 1
7 658 1
7 659 1
7 660 1
7 661 1
7 662 1
7 663 1
7 664 1
7 665 1
7 666 1
7 539 1
7 668 1
7 669 1
7 670 1
7 671 1
7 672 1
7 673 1
7 674 1
7 667 1
7 164 1
7 677 1
7 678 1
7 241 1
7 680 1
7 681 1
7 682 1
7 683 1
7 679 1
7 648 1
7 317 1
7 466 1
7 675 1
7 86 1
7 676 1
7 612 1
7 613 1
7 614 1
7 615 1
7 616 1
7 617 1
7 618 1
7 619 1
7 620 1
7 621 1
7 622 1
7 623 1
7 624 1
7 625 1
7 626 1
7 627 1
7 628 1
7 629 1
7 630 1
7 631 1
7 632 1
7 633 1
7 634 1
7 635 1
7 636 1
7 637 1
7 638 1
7 639 1
8 393 1
8 727 1
8 540 1
8 165 1
8 740 1
8 684 1
8 685 1
8 686 1
8 687 1
8 688 1
8 689 1
8 690 1
8 691 1
8 692 1
8 693 1
8 694 1
8 695 1
8 696 1
8 697 1
8 698 1
8 699 1
8 700 1
8 701 1
8 702 1
8 703 1
8 704 1
8 705 1
8 706 1
8 707 1
8 708 1
8 709 1
8 710 1
8 711 1
8 712 1
8 713 1
8 714 1
8 715 1
8 716 1
8 717 1
8 718 1
8 719 1
8 720 1
8 721 1
8 722 1
8 467 1
8 724 1
8 725 1
8 726 1
8 87 1
8 728 1
8 729 1
8 730 1
8 731 1
8 732 1
8 733 1
8 734 1
8 735 1
8 736 1
8 737 1
8 738 1
8 739 1
8 612 1
8 741 1
8 742 1
8 743 1
8 744 1
8 745 1
8 746 1
8 747 1
8 748 1
8 749 1
8 750 1
8 751 1
8 752 1
8 753 1
8 242 1
8 723 1
8 318 1
8 754 1
9 768 1
9 769 1
9 770 1
9 771 1
9 772 1
9 773 1
9 774 1
9 775 1
9 776 1
9 777 1
9 394 1
9 779 1
9 780 1
9 781 1
9 782 1
9 783 1
9 784 1
9 785 1
9 786 1
9 787 1
9 788 1
9 789 1
9 790 1
9 791 1
9 792 1
9 793 1
9 794 1
9 795 1
9 796 1
9 541 1
9 798 1
9 799 1
9 800 1
9 801 1
9 802 1
9 803 1
9 804 1
9 805 1
9 166 1
9 807 1
9 808 1
9 809 1
9 810 1
9 811 1
9 684 1
9 813 1
9 814 1
9 797 1
9 816 1
9 817 1
9 818 1
9 243 1
9 820 1
9 821 1
9 822 1
9 823 1
9 824 1
9 819 1
9 815 1
9 778 1
9 319 1
9 812 1
9 468 1
9 88 1
9 806 1
9 613 1
9 755 1
9 756 1
9 757 1
9 758 1
9 759 1
9 760 1
9 761 1
9 762 1
9 763 1
9 764 1
9 765 1
9 766 1
9 767 1
10 832 1
10 395 1
10 884 1
10 870 1
10 857 1
10 542 1
10 167 1
10 685 1
10 883 1
10 825 1
10 826 1
10 827 1
10 828 1
10 829 1
10 830 1
10 831 1
10 320 1
10 833 1
10 834 1
10 835 1
10 836 1
10 837 1
10 838 1
10 839 1
10 840 1
10 841 1
10 842 1
10 843 1
10 844 1
10 845 1
10 846 1
10 847 1
10 848 1
10 849 1
10 850 1
10 851 1
10 852 1
10 469 1
10 854 1
10 855 1
10 856 1
10 89 1
10 858 1
10 859 1
10 860 1
10 861 1
10 862 1
10 863 1
10 864 1
10 865 1
10 866 1
10 867 1
10 868 1
10 869 1
10 614 1
10 871 1
10 872 1
10 873 1
10 874 1
10 875 1
10 876 1
10 877 1
10 878 1
10 879 1
10 880 1
10 881 1
10 882 1
10 755 1
10 244 1
10 885 1
10 886 1
10 887 1
10 888 1
10 889 1
10 890 1
10 891 1
10 892 1
10 893 1
10 853 1
11 896 1
11 897 1
11 898 1
11 899 1
11 900 1
11 901 1
11 902 1
11 903 1
11 904 1
11 905 1
11 906 1
11 907 1
11 396 1
11 909 1
11 910 1
11 911 1
11 912 1
11 913 1
11 914 1
11 915 1
11 916 1
11 917 1
11 918 1
11 919 1
11 920 1
11 921 1
11 922 1
11 923 1
11 924 1
11 925 1
11 926 1
11 543 1
11 928 1
11 929 1
11 930 1
11 931 1
11 932 1
11 933 1
11 934 1
11 935 1
11 168 1
11 937 1
11 938 1
11 939 1
11 940 1
11 941 1
11 686 1
11 943 1
11 944 1
11 945 1
11 946 1
11 947 1
11 948 1
11 942 1
11 950 1
11 951 1
11 952 1
11 825 1
11 954 1
11 927 1
11 956 1
11 957 1
11 958 1
11 949 1
11 960 1
11 321 1
11 961 1
11 908 1
11 470 1
11 953 1
11 90 1
11 955 1
11 615 1
11 936 1
11 756 1
11 245 1
11 959 1
11 894 1
11 895 1
12 1024 1
12 1025 1
12 1026 1
12 1027 1
12 1028 1
12 983 1
12 322 1
12 1022 1
12 998 1
12 544 1
12 1017 1
12 987 1
12 1009 1
12 169 1
12 687 1
12 826 1
12 1013 1
12 962 1
12 963 1
12 964 1
12 965 1
12 966 1
12 967 1
12 968 1
12 969 1
12 970 1
12 971 1
12 972 1
12 973 1
12 974 1
12 397 1
12 976 1
12 977 1
12 978 1
12 979 1
12 980 1
12 981 1
12 982 1
12 471 1
12 984 1
12 985 1
12 986 1
12 91 1
12 988 1
12 989 1
12 990 1
12 991 1
12 992 1
12 993 1
12 994 1
12 995 1
12 996 1
12 997 1
12 975 1
12 999 1
12 616 1
12 1001 1
12 1002 1
12 1003 1
12 1004 1
12 1005 1
12 1006 1
12 1007 1
12 1008 1
12 1000 1
12 1010 1
12 1011 1
12 1012 1
12 757 1
12 246 1
12 1015 1
12 1016 1
12 1014 1
12 1018 1
12 1019 1
12 1020 1
12 1021 1
12 894 1
12 1023 1
13 1091 1
13 1029 1
13 1030 1
13 1031 1
13 1032 1
13 1033 1
13 1034 1
13 1035 1
13 1036 1
13 1037 1
13 398 1
13 1039 1
13 1040 1
13 1041 1
13 1042 1
13 1043 1
13 1044 1
13 1045 1
13 1046 1
13 1047 1
13 1048 1
13 1049 1
13 1050 1
13 1051 1
13 1052 1
13 1053 1
13 1054 1
13 1055 1
13 1056 1
13 545 1
13 1058 1
13 1059 1
13 1060 1
13 1061 1
13 1062 1
13 1063 1
13 1064 1
13 1065 1
13 170 1
13 1067 1
13 1068 1
13 1069 1
13 1070 1
13 1071 1
13 688 1
13 1073 1
13 1074 1
13 1075 1
13 1076 1
13 1077 1
13 1078 1
13 1079 1
13 1080 1
13 1081 1
13 1082 1
13 827 1
13 1084 1
13 1085 1
13 1086 1
13 1087 1
13 1088 1
13 1089 1
13 962 1
13 323 1
13 1092 1
13 1093 1
13 1094 1
13 1057 1
13 1038 1
13 472 1
13 92 1
13 1083 1
13 1090 1
13 1072 1
13 617 1
13 758 1
13 247 1
13 1066 1
13 895 1
14 896 1
14 1152 1
14 1154 1
14 1155 1
14 1156 1
14 1029 1
14 1158 1
14 1153 1
14 1149 1
14 399 1
14 1113 1
14 1143 1
14 1157 1
14 546 1
14 1159 1
14 171 1
14 1117 1
14 689 1
14 1144 1
14 828 1
14 963 1
14 324 1
14 1095 1
14 1096 1
14 1097 1
14 1098 1
14 1099 1
14 1100 1
14 1101 1
14 1102 1
14 1103 1
14 1104 1
14 1105 1
14 1106 1
14 1107 1
14 1108 1
14 1109 1
14 1110 1
14 1111 1
14 1112 1
14 473 1
14 1114 1
14 1115 1
14 1116 1
14 93 1
14 1118 1
14 1119 1
14 1120 1
14 1121 1
14 1122 1
14 1123 1
14 1124 1
14 1125 1
14 1126 1
14 1127 1
14 1128 1
14 1129 1
14 618 1
14 1131 1
14 1132 1
14 1133 1
14 1134 1
14 1135 1
14 1136 1
14 1137 1
14 1138 1
14 1139 1
14 1140 1
14 1141 1
14 1142 1
14 759 1
14 248 1
14 1145 1
14 1146 1
14 1147 1
14 1148 1
14 1130 1
14 1150 1
14 1151 1
15 897 1
15 1030 1
15 1202 1
15 1160 1
15 1161 1
15 1162 1
15 1163 1
15 1164 1
15 1165 1
15 1166 1
15 1167 1
15 400 1
15 1169 1
15 1170 1
15 1171 1
15 1172 1
15 1173 1
15 1174 1
15 1175 1
15 1176 1
15 1177 1
15 1178 1
15 1179 1
15 1180 1
15 1181 1
15 1182 1
15 1183 1
15 1184 1
15 1185 1
15 1186 1
15 547 1
15 1188 1
15 1189 1
15 1190 1
15 1191 1
15 1192 1
15 1193 1
15 1194 1
15 1195 1
15 172 1
15 1197 1
15 1198 1
15 1199 1
15 1200 1
15 1201 1
15 690 1
15 1203 1
15 1204 1
15 1205 1
15 1206 1
15 1207 1
15 1208 1
15 1209 1
15 1210 1
15 1211 1
15 1212 1
15 829 1
15 1214 1
15 1196 1
15 1216 1
15 1217 1
15 1218 1
15 1219 1
15 964 1
15 325 1
15 1222 1
15 1095 1
15 1220 1
15 1187 1
15 474 1
15 94 1
15 1168 1
15 619 1
15 1213 1
15 760 1
15 249 1
15 1215 1
15 1221 1
15 1223 1
16 1280 1
16 1281 1
16 898 1
16 1283 1
16 1284 1
16 1285 1
16 1286 1
16 1031 1
16 1160 1
16 1260 1
16 1274 1
16 1282 1
16 401 1
16 1243 1
16 548 1
16 1273 1
16 173 1
16 1224 1
16 691 1
16 1247 1
16 830 1
16 965 1
16 326 1
16 1096 1
16 1225 1
16 1226 1
16 1227 1
16 1228 1
16 1229 1
16 1230 1
16 1231 1
16 1232 1
16 1233 1
16 1234 1
16 1235 1
16 1236 1
16 1237 1
16 1238 1
16 1239 1
16 1240 1
16 1241 1
16 1242 1
16 475 1
16 1244 1
16 1245 1
16 1246 1
16 95 1
16 1248 1
16 1249 1
16 1250 1
16 1251 1
16 1252 1
16 1253 1
16 1254 1
16 1255 1
16 1256 1
16 1257 1
16 1258 1
16 1259 1
16 620 1
16 1261 1
16 1262 1
16 1263 1
16 1264 1
16 1265 1
16 1266 1
16 1267 1
16 1268 1
16 1269 1
16 1270 1
16 1271 1
16 1272 1
16 761 1
16 250 1
16 1275 1
16 1276 1
16 1277 1
16 1278 1
16 1279 1
17 899 1
17 1317 1
17 1287 1
17 1032 1
17 1289 1
17 1290 1
17 1291 1
17 1292 1
17 1293 1
17 1294 1
17 1295 1
17 1296 1
17 1297 1
17 1298 1
17 1299 1
17 1300 1
17 1301 1
17 1302 1
17 1303 1
17 1304 1
17 1305 1
17 1306 1
17 1307 1
17 1308 1
17 1309 1
17 1310 1
17 1311 1
17 1312 1
17 1313 1
17 1314 1
17 1315 1
17 1316 1
17 549 1
17 1318 1
17 1319 1
17 1320 1
17 1321 1
17 1322 1
17 1323 1
17 1324 1
17 1325 1
17 174 1
17 1327 1
17 1328 1
17 1288 1
17 1330 1
17 1331 1
17 692 1
17 1333 1
17 1334 1
17 1161 1
17 1336 1
17 1332 1
17 1338 1
17 1339 1
17 1340 1
17 1341 1
17 1342 1
17 831 1
17 1344 1
17 1345 1
17 1346 1
17 1347 1
17 1348 1
17 966 1
17 327 1
17 1224 1
17 1097 1
17 1335 1
17 1343 1
17 1337 1
17 476 1
17 621 1
17 96 1
17 1326 1
17 402 1
17 1329 1
17 762 1
17 251 1
18 1408 1
18 1409 1
18 900 1
18 1287 1
18 1033 1
18 1162 1
18 1377 1
18 403 1
18 1390 1
18 1373 1
18 1403 1
18 550 1
18 967 1
18 175 1
18 1352 1
18 693 1
18 1353 1
18 1404 1
18 1354 1
18 832 1
18 1349 1
18 1350 1
18 1351 1
18 328 1
18 1225 1
18 1098 1
18 1355 1
18 1356 1
18 1357 1
18 1358 1
18 1359 1
18 1360 1
18 1361 1
18 1362 1
18 1363 1
18 1364 1
18 1365 1
18 1366 1
18 1367 1
18 1368 1
18 1369 1
18 1370 1
18 1371 1
18 1372 1
18 477 1
18 1374 1
18 1375 1
18 1376 1
18 97 1
18 1378 1
18 1379 1
18 1380 1
18 1381 1
18 1382 1
18 1383 1
18 1384 1
18 1385 1
18 1386 1
18 1387 1
18 1388 1
18 1389 1
18 622 1
18 1391 1
18 1392 1
18 1393 1
18 1394 1
18 1395 1
18 1396 1
18 1397 1
18 1398 1
18 1399 1
18 1400 1
18 1401 1
18 1402 1
18 763 1
18 252 1
18 1405 1
18 1406 1
18 1407 1
19 1410 1
19 1411 1
19 1412 1
19 901 1
19 1414 1
19 1415 1
19 1416 1
19 1417 1
19 1034 1
19 1163 1
19 1420 1
19 1421 1
19 1422 1
19 1423 1
19 1424 1
19 1425 1
19 1426 1
19 1427 1
19 404 1
19 1429 1
19 1430 1
19 1431 1
19 1432 1
19 1433 1
19 1434 1
19 1435 1
19 1436 1
19 1437 1
19 1438 1
19 1413 1
19 1440 1
19 1441 1
19 1442 1
19 1443 1
19 1444 1
19 1445 1
19 1446 1
19 551 1
19 1448 1
19 1449 1
19 1450 1
19 1451 1
19 1452 1
19 1453 1
19 1454 1
19 1455 1
19 176 1
19 1288 1
19 1458 1
19 1459 1
19 1460 1
19 1461 1
19 694 1
19 1463 1
19 1464 1
19 1465 1
19 1462 1
19 1439 1
19 1468 1
19 1418 1
19 833 1
19 1419 1
19 1349 1
19 968 1
19 329 1
19 1226 1
19 1099 1
19 1456 1
19 1469 1
19 1466 1
19 478 1
19 98 1
19 1467 1
19 1447 1
19 623 1
19 1457 1
19 1428 1
19 764 1
19 253 1
20 1410 1
20 902 1
20 1289 1
20 1035 1
20 1164 1
20 1474 1
20 1528 1
20 1507 1
20 405 1
20 1519 1
20 1484 1
20 1520 1
20 1478 1
20 552 1
20 177 1
20 695 1
20 1503 1
20 1482 1
20 1470 1
20 1471 1
20 1472 1
20 1473 1
20 834 1
20 1475 1
20 1476 1
20 1477 1
20 1350 1
20 1479 1
20 1480 1
20 969 1
20 330 1
20 1227 1
20 1100 1
20 1485 1
20 1486 1
20 1487 1
20 1488 1
20 1489 1
20 1490 1
20 1491 1
20 1492 1
20 1493 1
20 1494 1
20 1495 1
20 1496 1
20 1497 1
20 1498 1
20 1499 1
20 1500 1
20 1501 1
20 1502 1
20 479 1
20 1504 1
20 1505 1
20 1506 1
20 99 1
20 1508 1
20 1509 1
20 1510 1
20 1511 1
20 1512 1
20 1513 1
20 1514 1
20 1515 1
20 1516 1
20 1517 1
20 1518 1
20 765 1
20 624 1
20 1521 1
20 1522 1
20 1523 1
20 1524 1
20 1525 1
20 1526 1
20 1527 1
20 1483 1
20 1481 1
20 254 1
21 1536 1
21 1537 1
21 1538 1
21 1539 1
21 1540 1
21 1541 1
21 1542 1
21 1543 1
21 1544 1
21 1545 1
21 1546 1
21 1547 1
21 1036 1
21 1165 1
21 1550 1
21 1551 1
21 1552 1
21 1553 1
21 1554 1
21 1411 1
21 1556 1
21 1557 1
21 406 1
21 1559 1
21 1560 1
21 1561 1
21 1562 1
21 1563 1
21 1564 1
21 1565 1
21 1566 1
21 1567 1
21 1568 1
21 1569 1
21 1570 1
21 1571 1
21 1572 1
21 1573 1
21 1574 1
21 1575 1
21 1576 1
21 553 1
21 1578 1
21 903 1
21 1580 1
21 1581 1
21 1582 1
21 1583 1
21 1584 1
21 1585 1
21 178 1
21 696 1
21 1290 1
21 1470 1
21 1579 1
21 835 1
21 1351 1
21 1548 1
21 970 1
21 331 1
21 1228 1
21 1101 1
21 1549 1
21 480 1
21 1586 1
21 100 1
21 255 1
21 625 1
21 1555 1
21 1558 1
21 766 1
21 1577 1
21 1529 1
21 1530 1
21 1531 1
21 1532 1
21 1533 1
21 1534 1
21 1535 1
22 256 1
22 1611 1
22 1412 1
22 904 1
22 1291 1
22 1037 1
22 1166 1
22 1637 1
22 407 1
22 1604 1
22 1612 1
22 1627 1
22 1608 1
22 554 1
22 1621 1
22 1587 1
22 179 1
22 1588 1
22 1589 1
22 1590 1
22 1591 1
22 1592 1
22 1593 1
22 1594 1
22 1595 1
22 1596 1
22 1597 1
22 1598 1
22 1599 1
22 1600 1
22 1601 1
22 1602 1
22 1603 1
22 836 1
22 1605 1
22 1606 1
22 1607 1
22 1352 1
22 1609 1
22 1610 1
22 971 1
22 332 1
22 1229 1
22 1102 1
22 1613 1
22 1616 1
22 1617 1
22 1618 1
22 1619 1
22 1620 1
22 1614 1
22 1622 1
22 697 1
22 1624 1
22 1625 1
22 1626 1
22 1615 1
22 1628 1
22 1629 1
22 1630 1
22 1631 1
22 1632 1
22 481 1
22 1634 1
22 1635 1
22 1636 1
22 101 1
22 1638 1
22 1639 1
22 1640 1
22 1641 1
22 1623 1
22 1643 1
22 626 1
22 1633 1
22 1529 1
22 1471 1
22 1642 1
22 767 1
23 768 1
23 257 1
23 1666 1
23 1667 1
23 1668 1
23 1413 1
23 1670 1
23 1665 1
23 1672 1
23 905 1
23 1674 1
23 1675 1
23 1292 1
23 1677 1
23 1038 1
23 1167 1
23 1680 1
23 1681 1
23 1682 1
23 627 1
23 1684 1
23 1685 1
23 1686 1
23 1687 1
23 408 1
23 1689 1
23 1688 1
23 1691 1
23 1692 1
23 1690 1
23 1694 1
23 1669 1
23 1696 1
23 1697 1
23 1676 1
23 1699 1
23 1664 1
23 555 1
23 1693 1
23 1587 1
23 180 1
23 1673 1
23 698 1
23 1695 1
23 1671 1
23 1472 1
23 837 1
23 1683 1
23 1353 1
23 972 1
23 333 1
23 1230 1
23 1103 1
23 1678 1
23 1679 1
23 1530 1
23 482 1
23 102 1
23 1698 1
23 1644 1
23 1645 1
23 1646 1
23 1647 1
23 1648 1
23 1649 1
23 1650 1
23 1651 1
23 1652 1
23 1653 1
23 1654 1
23 1655 1
23 1656 1
23 1657 1
23 1658 1
23 1659 1
23 1660 1
23 1661 1
23 1662 1
23 1663 1
24 769 1
24 258 1
24 1414 1
24 1729 1
24 1708 1
24 906 1
24 1751 1
24 1293 1
24 1039 1
24 1168 1
24 409 1
24 1727 1
24 1700 1
24 1701 1
24 1702 1
24 1703 1
24 1704 1
24 1705 1
24 1706 1
24 1707 1
24 556 1
24 1709 1
24 1710 1
24 1711 1
24 1712 1
24 1713 1
24 1714 1
24 1715 1
24 1716 1
24 181 1
24 1718 1
24 1719 1
24 1720 1
24 1588 1
24 1722 1
24 699 1
24 1724 1
24 1725 1
24 1726 1
24 1717 1
24 1728 1
24 1473 1
24 1730 1
24 1731 1
24 1732 1
24 1733 1
24 838 1
24 1735 1
24 1736 1
24 1723 1
24 1354 1
24 1739 1
24 1740 1
24 973 1
24 334 1
24 1231 1
24 1104 1
24 1745 1
24 1746 1
24 1747 1
24 1748 1
24 1742 1
24 1750 1
24 1721 1
24 1752 1
24 1753 1
24 1737 1
24 1743 1
24 1744 1
24 483 1
24 103 1
24 1738 1
24 1754 1
24 1644 1
24 1734 1
24 628 1
24 1531 1
24 1741 1
24 1749 1
25 1792 1
25 1793 1
25 770 1
25 259 1
25 1796 1
25 1797 1
25 1798 1
25 1415 1
25 1800 1
25 1801 1
25 1802 1
25 907 1
25 1804 1
25 1794 1
25 1294 1
25 1773 1
25 1040 1
25 1169 1
25 1795 1
25 410 1
25 1808 1
25 1700 1
25 1777 1
25 1799 1
25 557 1
25 1589 1
25 182 1
25 1807 1
25 700 1
25 1781 1
25 1474 1
25 1803 1
25 1805 1
25 1788 1
25 839 1
25 1355 1
25 974 1
25 335 1
25 1232 1
25 1105 1
25 1806 1
25 1764 1
25 1755 1
25 1756 1
25 1757 1
25 1758 1
25 1759 1
25 1760 1
25 1761 1
25 1762 1
25 1763 1
25 484 1
25 1765 1
25 1766 1
25 1767 1
25 104 1
25 1769 1
25 1770 1
25 1771 1
25 1772 1
25 1645 1
25 1774 1
25 1775 1
25 1776 1
25 1768 1
25 1778 1
25 1779 1
25 1780 1
25 629 1
25 1782 1
25 1783 1
25 1784 1
25 1785 1
25 1786 1
25 1787 1
25 1532 1
25 1789 1
25 1790 1
25 1791 1
26 771 1
26 260 1
26 1416 1
26 908 1
26 1295 1
26 1041 1
26 1170 1
26 1811 1
26 1812 1
26 1813 1
26 1814 1
26 1815 1
26 1816 1
26 1817 1
26 1818 1
26 411 1
26 1820 1
26 1821 1
26 1822 1
26 1823 1
26 1824 1
26 1825 1
26 1826 1
26 1819 1
26 1828 1
26 1701 1
26 1830 1
26 1831 1
26 1832 1
26 1833 1
26 1834 1
26 1835 1
26 1836 1
26 1837 1
26 558 1
26 1839 1
26 1840 1
26 1838 1
26 1842 1
26 1843 1
26 1844 1
26 1845 1
26 1590 1
26 183 1
26 1848 1
26 1849 1
26 1850 1
26 1851 1
26 1852 1
26 701 1
26 1854 1
26 1855 1
26 1856 1
26 1857 1
26 1858 1
26 1475 1
26 1860 1
26 1846 1
26 840 1
26 1847 1
26 1356 1
26 975 1
26 336 1
26 1233 1
26 1106 1
26 1827 1
26 1861 1
26 1755 1
26 1829 1
26 485 1
26 1809 1
26 105 1
26 1859 1
26 1810 1
26 1646 1
26 1853 1
26 1841 1
26 630 1
26 1533 1
27 1911 1
27 1899 1
27 772 1
27 261 1
27 1417 1
27 909 1
27 1901 1
27 1296 1
27 1809 1
27 1042 1
27 1171 1
27 1903 1
27 412 1
27 1889 1
27 1702 1
27 1884 1
27 841 1
27 559 1
27 1907 1
27 1894 1
27 1591 1
27 184 1
27 702 1
27 1888 1
27 1476 1
27 1862 1
27 1863 1
27 1864 1
27 1865 1
27 1866 1
27 1867 1
27 1868 1
27 1357 1
27 1870 1
27 1871 1
27 976 1
27 337 1
27 1234 1
27 1107 1
27 1876 1
27 1877 1
27 1878 1
27 1879 1
27 1880 1
27 1881 1
27 1882 1
27 1883 1
27 1756 1
27 1885 1
27 1886 1
27 1887 1
27 1869 1
27 1872 1
27 1890 1
27 1891 1
27 1892 1
27 1893 1
27 486 1
27 1873 1
27 1896 1
27 1897 1
27 106 1
27 1895 1
27 1900 1
27 1874 1
27 1902 1
27 1647 1
27 1904 1
27 1905 1
27 1906 1
27 1875 1
27 1908 1
27 1909 1
27 1910 1
27 631 1
27 1912 1
27 1913 1
27 1898 1
27 1534 1
28 1920 1
28 1921 1
28 1922 1
28 1923 1
28 1924 1
28 773 1
28 262 1
28 1927 1
28 1928 1
28 1929 1
28 1418 1
28 1931 1
28 1932 1
28 1933 1
28 910 1
28 1935 1
28 1936 1
28 1297 1
28 1810 1
28 1043 1
28 1172 1
28 1941 1
28 1942 1
28 1535 1
28 1944 1
28 1945 1
28 1946 1
28 1947 1
28 1948 1
28 413 1
28 1950 1
28 1925 1
28 1952 1
28 1953 1
28 1954 1
28 1955 1
28 1956 1
28 1926 1
28 1958 1
28 1703 1
28 1960 1
28 1961 1
28 1962 1
28 1959 1
28 1964 1
28 1949 1
28 560 1
28 1592 1
28 185 1
28 1951 1
28 1930 1
28 703 1
28 1937 1
28 1477 1
28 1862 1
28 842 1
28 1963 1
28 1358 1
28 977 1
28 338 1
28 1235 1
28 1108 1
28 1934 1
28 1757 1
28 1957 1
28 487 1
28 107 1
28 1938 1
28 1648 1
28 1939 1
28 1943 1
28 632 1
28 1940 1
28 1914 1
28 1915 1
28 1916 1
28 1917 1
28 1918 1
28 1919 1
29 1536 1
29 1984 1
29 774 1
29 263 1
29 1419 1
29 1995 1
29 911 1
29 1298 1
29 1811 1
29 1044 1
29 1173 1
29 2004 1
29 414 1
29 2011 1
29 1990 1
29 561 1
29 1704 1
29 2013 1
29 1991 1
29 1965 1
29 1966 1
29 1967 1
29 1968 1
29 1969 1
29 1970 1
29 1971 1
29 1972 1
29 1973 1
29 1974 1
29 1975 1
29 1976 1
29 1977 1
29 1978 1
29 1979 1
29 1980 1
29 1981 1
29 1982 1
29 1983 1
29 704 1
29 1985 1
29 1986 1
29 1987 1
29 1988 1
29 1989 1
29 1478 1
29 1863 1
29 1992 1
29 1993 1
29 1994 1
29 843 1
29 1996 1
29 1997 1
29 1998 1
29 1359 1
29 2000 1
29 2001 1
29 978 1
29 339 1
29 1236 1
29 1109 1
29 2006 1
29 1593 1
29 2008 1
29 2009 1
29 2010 1
29 1999 1
29 2012 1
29 186 1
29 1758 1
29 488 1
29 2014 1
29 108 1
29 2002 1
29 1649 1
29 2003 1
29 2007 1
29 633 1
29 1914 1
29 2005 1
30 2048 1
30 1537 1
30 2050 1
30 2051 1
30 2052 1
30 2053 1
30 2054 1
30 775 1
30 264 1
30 2057 1
30 2058 1
30 2059 1
30 1420 1
30 2061 1
30 2062 1
30 2029 1
30 912 1
30 1299 1
30 1812 1
30 1045 1
30 1174 1
30 415 1
30 2034 1
30 2049 1
30 1705 1
30 2055 1
30 1965 1
30 2043 1
30 2056 1
30 562 1
30 1594 1
30 1759 1
30 2037 1
30 705 1
30 1479 1
30 1864 1
30 2060 1
30 2039 1
30 844 1
30 1360 1
30 979 1
30 340 1
30 1237 1
30 1110 1
30 2063 1
30 2042 1
30 2015 1
30 2016 1
30 2017 1
30 2018 1
30 2019 1
30 2020 1
30 2021 1
30 2022 1
30 2023 1
30 2024 1
30 489 1
30 2026 1
30 2027 1
30 2028 1
30 109 1
30 2030 1
30 2031 1
30 2032 1
30 2033 1
30 1650 1
30 2035 1
30 2036 1
30 187 1
30 2038 1
30 2025 1
30 2040 1
30 2041 1
30 634 1
30 1915 1
30 2044 1
30 2045 1
30 2046 1
30 2047 1
31 1538 1
31 1046 1
31 776 1
31 265 1
31 2071 1
31 1421 1
31 2064 1
31 2065 1
31 2066 1
31 2067 1
31 2068 1
31 2069 1
31 2070 1
31 1175 1
31 2072 1
31 2073 1
31 2074 1
31 2075 1
31 2076 1
31 2077 1
31 2078 1
31 2079 1
31 416 1
31 2081 1
31 2082 1
31 2083 1
31 2084 1
31 2085 1
31 2086 1
31 2087 1
31 2088 1
31 2089 1
31 1706 1
31 2091 1
31 2092 1
31 2093 1
31 1966 1
31 2095 1
31 2096 1
31 2097 1
31 2098 1
31 563 1
31 2100 1
31 2101 1
31 2102 1
31 2103 1
31 2104 1
31 2105 1
31 2106 1
31 1595 1
31 188 1
31 2109 1
31 2110 1
31 2111 1
31 2080 1
31 706 1
31 1480 1
31 1865 1
31 845 1
31 2108 1
31 1361 1
31 980 1
31 341 1
31 1238 1
31 1111 1
31 2094 1
31 2015 1
31 1760 1
31 2107 1
31 913 1
31 2099 1
31 490 1
31 110 1
31 1651 1
31 1300 1
31 635 1
31 1916 1
31 2090 1
31 1813 1
32 1539 1
32 2134 1
32 777 1
32 266 1
32 2135 1
32 1422 1
32 2157 1
32 2064 1
32 2136 1
32 914 1
32 2115 1
32 1301 1
32 1814 1
32 1047 1
32 1176 1
32 417 1
32 2155 1
32 2145 1
32 1707 1
32 1967 1
32 2144 1
32 189 1
32 564 1
32 2121 1
32 1596 1
32 2122 1
32 2112 1
32 2113 1
32 2114 1
32 707 1
32 2116 1
32 2117 1
32 2118 1
32 2119 1
32 2120 1
32 1481 1
32 1866 1
32 2123 1
32 2124 1
32 2125 1
32 846 1
32 2127 1
32 2128 1
32 2129 1
32 1362 1
32 2131 1
32 2132 1
32 981 1
32 342 1
32 1239 1
32 1112 1
32 2137 1
32 2138 1
32 2139 1
32 2140 1
32 2141 1
32 2142 1
32 2143 1
32 2016 1
32 1761 1
32 2146 1
32 2147 1
32 2148 1
32 2149 1
32 2150 1
32 2151 1
32 2152 1
32 2153 1
32 2154 1
32 491 1
32 2126 1
32 2130 1
32 2158 1
32 111 1
32 2156 1
32 1652 1
32 636 1
32 1917 1
32 2133 1
33 2176 1
33 2177 1
33 2178 1
33 2179 1
33 1540 1
33 2181 1
33 2182 1
33 2183 1
33 2184 1
33 2185 1
33 778 1
33 267 1
33 2188 1
33 2174 1
33 2190 1
33 1423 1
33 2192 1
33 2065 1
33 2194 1
33 915 1
33 2196 1
33 2197 1
33 1302 1
33 1815 1
33 1048 1
33 1177 1
33 2200 1
33 2203 1
33 2204 1
33 2202 1
33 112 1
33 418 1
33 1708 1
33 2173 1
33 1968 1
33 565 1
33 2201 1
33 1597 1
33 190 1
33 1653 1
33 2112 1
33 2180 1
33 2187 1
33 708 1
33 2195 1
33 1482 1
33 1867 1
33 847 1
33 2189 1
33 2186 1
33 1363 1
33 982 1
33 343 1
33 1240 1
33 1113 1
33 2191 1
33 2199 1
33 2198 1
33 2017 1
33 1762 1
33 2193 1
33 492 1
33 2159 1
33 2160 1
33 2161 1
33 2162 1
33 2163 1
33 2164 1
33 2165 1
33 2166 1
33 2167 1
33 2168 1
33 2169 1
33 2170 1
33 2171 1
33 2172 1
33 637 1
33 1918 1
33 2175 1
34 1541 1
34 2241 1
34 2225 1
34 779 1
34 268 1
34 2221 1
34 1424 1
34 2245 1
34 2066 1
34 916 1
34 1303 1
34 1816 1
34 1049 1
34 1178 1
34 2205 1
34 2206 1
34 2207 1
34 2208 1
34 2209 1
34 2210 1
34 419 1
34 2212 1
34 2213 1
34 2214 1
34 2215 1
34 2216 1
34 2217 1
34 2218 1
34 2219 1
34 2220 1
34 1709 1
34 2222 1
34 2223 1
34 2224 1
34 1969 1
34 2226 1
34 2227 1
34 2228 1
34 2229 1
34 566 1
34 2231 1
34 2232 1
34 2233 1
34 2234 1
34 2235 1
34 2236 1
34 2237 1
34 1598 1
34 191 1
34 2240 1
34 2113 1
34 2242 1
34 2243 1
34 2244 1
34 709 1
34 2246 1
34 2247 1
34 2248 1
34 2249 1
34 1483 1
34 1868 1
34 848 1
34 2211 1
34 1364 1
34 983 1
34 344 1
34 1241 1
34 1114 1
34 2018 1
34 1763 1
34 493 1
34 2159 1
34 113 1
34 2230 1
34 2238 1
34 1654 1
34 2239 1
34 638 1
34 1919 1
35 1920 1
35 2261 1
35 2283 1
35 2276 1
35 1542 1
35 780 1
35 269 1
35 2285 1
35 1425 1
35 2067 1
35 917 1
35 2265 1
35 1304 1
35 1817 1
35 1050 1
35 1179 1
35 2264 1
35 2205 1
35 2275 1
35 2288 1
35 2267 1
35 420 1
35 2290 1
35 1710 1
35 2286 1
35 1970 1
35 567 1
35 2266 1
35 1599 1
35 192 1
35 2114 1
35 710 1
35 2252 1
35 2250 1
35 2251 1
35 1484 1
35 1869 1
35 2254 1
35 2255 1
35 2256 1
35 2257 1
35 2253 1
35 2259 1
35 2260 1
35 1365 1
35 2262 1
35 2263 1
35 984 1
35 345 1
35 1242 1
35 1115 1
35 2268 1
35 2269 1
35 2270 1
35 2271 1
35 2272 1
35 2273 1
35 2274 1
35 2019 1
35 1764 1
35 2277 1
35 2278 1
35 849 1
35 2280 1
35 2281 1
35 2282 1
35 2279 1
35 2284 1
35 2258 1
35 494 1
35 2287 1
35 2160 1
35 2289 1
35 114 1
35 2291 1
35 2292 1
35 2293 1
35 1655 1
35 639 1
36 640 1
36 1921 1
36 2306 1
36 2307 1
36 2308 1
36 2309 1
36 2310 1
36 1543 1
36 2312 1
36 2304 1
36 2314 1
36 2315 1
36 2316 1
36 781 1
36 270 1
36 2319 1
36 2320 1
36 2321 1
36 1426 1
36 2323 1
36 2068 1
36 2325 1
36 918 1
36 2327 1
36 2328 1
36 1305 1
36 1818 1
36 1051 1
36 1180 1
36 2330 1
36 2206 1
36 2335 1
36 2336 1
36 2331 1
36 421 1
36 2324 1
36 2332 1
36 2311 1
36 1711 1
36 1971 1
36 2333 1
36 2334 1
36 2313 1
36 568 1
36 2329 1
36 1600 1
36 193 1
36 2115 1
36 711 1
36 2250 1
36 1485 1
36 1870 1
36 2317 1
36 2296 1
36 850 1
36 2318 1
36 1366 1
36 985 1
36 346 1
36 1243 1
36 1116 1
36 2326 1
36 2020 1
36 1765 1
36 2305 1
36 2322 1
36 495 1
36 2161 1
36 115 1
36 2294 1
36 2295 1
36 1656 1
36 2297 1
36 2298 1
36 2299 1
36 2300 1
36 2301 1
36 2302 1
36 2303 1
37 641 1
37 1922 1
37 422 1
37 1544 1
37 2370 1
37 782 1
37 271 1
37 1427 1
37 2069 1
37 919 1
37 2372 1
37 1306 1
37 1819 1
37 1052 1
37 1181 1
37 2207 1
37 2337 1
37 2338 1
37 2339 1
37 2340 1
37 2341 1
37 2342 1
37 2343 1
37 2344 1
37 2345 1
37 2346 1
37 2347 1
37 2348 1
37 2349 1
37 2350 1
37 2351 1
37 1712 1
37 2353 1
37 2354 1
37 2355 1
37 1972 1
37 2357 1
37 2358 1
37 2359 1
37 2360 1
37 569 1
37 2362 1
37 2363 1
37 2364 1
37 2365 1
37 2366 1
37 2367 1
37 2368 1
37 1601 1
37 194 1
37 2371 1
37 2116 1
37 2373 1
37 2374 1
37 2375 1
37 712 1
37 2377 1
37 2378 1
37 2251 1
37 1486 1
37 1871 1
37 2376 1
37 851 1
37 1367 1
37 986 1
37 347 1
37 1244 1
37 1117 1
37 2021 1
37 1766 1
37 2356 1
37 2369 1
37 2352 1
37 496 1
37 2162 1
37 116 1
37 2294 1
37 1657 1
37 2361 1
38 642 1
38 1923 1
38 2417 1
38 1545 1
38 2406 1
38 783 1
38 272 1
38 2392 1
38 2383 1
38 1428 1
38 2070 1
38 920 1
38 1307 1
38 1820 1
38 1053 1
38 1182 1
38 2208 1
38 2337 1
38 2395 1
38 423 1
38 2396 1
38 2397 1
38 1713 1
38 2419 1
38 1973 1
38 2380 1
38 570 1
38 1602 1
38 195 1
38 2398 1
38 2117 1
38 2401 1
38 713 1
38 2411 1
38 2379 1
38 2252 1
38 2381 1
38 2382 1
38 1487 1
38 1872 1
38 2385 1
38 2386 1
38 2387 1
38 852 1
38 2389 1
38 2390 1
38 2391 1
38 1368 1
38 2393 1
38 2394 1
38 987 1
38 348 1
38 1245 1
38 1118 1
38 2399 1
38 2400 1
38 2384 1
38 2402 1
38 2403 1
38 2404 1
38 2405 1
38 2022 1
38 1767 1
38 2408 1
38 2409 1
38 2410 1
38 2407 1
38 2412 1
38 2413 1
38 2414 1
38 2415 1
38 2416 1
38 497 1
38 2418 1
38 2163 1
38 117 1
38 2295 1
38 2388 1
38 1658 1
39 2432 1
39 2433 1
39 2434 1
39 643 1
39 1924 1
39 2437 1
39 2438 1
39 2439 1
39 2440 1
39 2441 1
39 1546 1
39 2443 1
39 2444 1
39 2445 1
39 2446 1
39 2447 1
39 784 1
39 273 1
39 2450 1
39 2435 1
39 2452 1
39 1429 1
39 2454 1
39 2071 1
39 2456 1
39 921 1
39 2458 1
39 2459 1
39 1308 1
39 1821 1
39 1054 1
39 1183 1
39 2209 1
39 2338 1
39 424 1
39 1714 1
39 1974 1
39 2164 1
39 571 1
39 2442 1
39 2451 1
39 2457 1
39 1603 1
39 196 1
39 118 1
39 2118 1
39 2453 1
39 2448 1
39 714 1
39 2379 1
39 2253 1
39 1488 1
39 1873 1
39 853 1
39 1369 1
39 2455 1
39 988 1
39 349 1
39 1246 1
39 1119 1
39 2449 1
39 2424 1
39 2427 1
39 2023 1
39 1768 1
39 498 1
39 2436 1
39 2420 1
39 2421 1
39 2422 1
39 2423 1
39 2296 1
39 2425 1
39 2426 1
39 1659 1
39 2428 1
39 2429 1
39 2430 1
39 2431 1
40 644 1
40 1925 1
40 2497 1
40 1547 1
40 785 1
40 274 1
40 2483 1
40 1430 1
40 2072 1
40 922 1
40 2479 1
40 2460 1
40 2461 1
40 1822 1
40 1055 1
40 1184 1
40 2465 1
40 2210 1
40 2339 1
40 2468 1
40 2469 1
40 2470 1
40 2471 1
40 2472 1
40 425 1
40 2474 1
40 2475 1
40 2476 1
40 2477 1
40 2478 1
40 1309 1
40 2480 1
40 2481 1
40 2482 1
40 1715 1
40 2484 1
40 2462 1
40 2486 1
40 1975 1
40 2488 1
40 2489 1
40 2490 1
40 2463 1
40 572 1
40 2493 1
40 2494 1
40 2485 1
40 2496 1
40 2464 1
40 2498 1
40 1604 1
40 197 1
40 2119 1
40 2473 1
40 715 1
40 2380 1
40 2466 1
40 2254 1
40 1489 1
40 1874 1
40 2467 1
40 854 1
40 1370 1
40 2492 1
40 2487 1
40 989 1
40 350 1
40 1247 1
40 1120 1
40 2491 1
40 2024 1
40 1769 1
40 499 1
40 2420 1
40 2165 1
40 119 1
40 2297 1
40 2495 1
40 1660 1
41 645 1
41 1926 1
41 2519 1
41 1548 1
41 786 1
41 275 1
41 2501 1
41 2511 1
41 1431 1
41 2073 1
41 923 1
41 2460 1
41 2522 1
41 1310 1
41 1823 1
41 1056 1
41 1185 1
41 2211 1
41 2340 1
41 2502 1
41 426 1
41 2504 1
41 2529 1
41 1716 1
41 2526 1
41 1976 1
41 2527 1
41 2508 1
41 573 1
41 2528 1
41 2499 1
41 2500 1
41 1605 1
41 198 1
41 2503 1
41 2120 1
41 2505 1
41 2506 1
41 2507 1
41 716 1
41 2381 1
41 2510 1
41 2255 1
41 2512 1
41 2513 1
41 1490 1
41 1875 1
41 2516 1
41 2517 1
41 2518 1
41 855 1
41 2520 1
41 2521 1
41 2509 1
41 1371 1
41 2524 1
41 2525 1
41 990 1
41 351 1
41 1248 1
41 1121 1
41 2530 1
41 2531 1
41 2532 1
41 2533 1
41 2534 1
41 2535 1
41 2536 1
41 2025 1
41 1770 1
41 2514 1
41 2515 1
41 500 1
41 2421 1
41 2166 1
41 120 1
41 2298 1
41 1661 1
41 2523 1
42 2560 1
42 2561 1
42 2562 1
42 2539 1
42 2564 1
42 2565 1
42 646 1
42 1927 1
42 2568 1
42 2569 1
42 2566 1
42 2571 1
42 2572 1
42 1549 1
42 787 1
42 276 1
42 1432 1
42 2558 1
42 2074 1
42 924 1
42 2461 1
42 1311 1
42 1824 1
42 1057 1
42 1186 1
42 2212 1
42 2341 1
42 2567 1
42 427 1
42 2563 1
42 1717 1
42 1977 1
42 2570 1
42 574 1
42 2549 1
42 2499 1
42 2550 1
42 1606 1
42 199 1
42 2121 1
42 2551 1
42 717 1
42 2382 1
42 2573 1
42 2256 1
42 1491 1
42 1876 1
42 2553 1
42 856 1
42 1372 1
42 991 1
42 352 1
42 1249 1
42 1122 1
42 2555 1
42 2557 1
42 2537 1
42 2026 1
42 1771 1
42 2540 1
42 2541 1
42 2542 1
42 2543 1
42 2544 1
42 2545 1
42 2546 1
42 2547 1
42 2548 1
42 501 1
42 2422 1
42 2167 1
42 2552 1
42 121 1
42 2554 1
42 2299 1
42 2556 1
42 2538 1
42 1662 1
42 2559 1
43 2587 1
43 647 1
43 1928 1
43 2604 1
43 2593 1
43 1550 1
43 2575 1
43 2576 1
43 2577 1
43 2578 1
43 2579 1
43 788 1
43 277 1
43 2582 1
43 2583 1
43 2584 1
43 1433 1
43 2586 1
43 2075 1
43 2588 1
43 925 1
43 2462 1
43 2591 1
43 1312 1
43 1825 1
43 1058 1
43 1187 1
43 2596 1
43 2213 1
43 2342 1
43 2599 1
43 2600 1
43 2601 1
43 2602 1
43 2603 1
43 428 1
43 2605 1
43 2606 1
43 2589 1
43 2608 1
43 2609 1
43 2590 1
43 1718 1
43 1978 1
43 575 1
43 2607 1
43 2592 1
43 2500 1
43 1607 1
43 200 1
43 2122 1
43 2598 1
43 2581 1
43 2594 1
43 718 1
43 2383 1
43 2257 1
43 2595 1
43 1492 1
43 1877 1
43 2585 1
43 857 1
43 1373 1
43 2597 1
43 992 1
43 353 1
43 1250 1
43 1123 1
43 2574 1
43 2537 1
43 2027 1
43 1772 1
43 502 1
43 2423 1
43 2168 1
43 2580 1
43 122 1
43 2300 1
43 1663 1
44 1664 1
44 2624 1
44 2625 1
44 648 1
44 1929 1
44 2574 1
44 1551 1
44 789 1
44 278 1
44 1434 1
44 2640 1
44 2076 1
44 926 1
44 2463 1
44 1313 1
44 1826 1
44 1059 1
44 1188 1
44 2214 1
44 2343 1
44 429 1
44 2632 1
44 2610 1
44 2611 1
44 2612 1
44 2613 1
44 2614 1
44 1719 1
44 2616 1
44 2617 1
44 2618 1
44 1979 1
44 2620 1
44 2621 1
44 2622 1
44 2623 1
44 576 1
44 2619 1
44 2626 1
44 2627 1
44 2628 1
44 2501 1
44 2630 1
44 2631 1
44 1608 1
44 201 1
44 2634 1
44 2123 1
44 2636 1
44 2637 1
44 2638 1
44 719 1
44 2384 1
44 2641 1
44 2258 1
44 2643 1
44 2644 1
44 1493 1
44 1878 1
44 858 1
44 2639 1
44 1374 1
44 993 1
44 354 1
44 1251 1
44 1124 1
44 2633 1
44 2538 1
44 2635 1
44 2028 1
44 1773 1
44 2629 1
44 2615 1
44 2642 1
44 503 1
44 2424 1
44 2169 1
44 123 1
44 2301 1
45 1665 1
45 2651 1
45 2667 1
45 2646 1
45 649 1
45 1930 1
45 2647 1
45 2575 1
45 1552 1
45 2660 1
45 2670 1
45 790 1
45 279 1
45 1435 1
45 2077 1
45 2669 1
45 927 1
45 2464 1
45 1314 1
45 1827 1
45 1060 1
45 1189 1
45 2215 1
45 2344 1
45 430 1
45 2661 1
45 2610 1
45 2675 1
45 1720 1
45 2655 1
45 1980 1
45 577 1
45 2502 1
45 1609 1
45 202 1
45 2124 1
45 2658 1
45 720 1
45 2385 1
45 2259 1
45 2645 1
45 1494 1
45 1879 1
45 2648 1
45 2649 1
45 2650 1
45 859 1
45 2652 1
45 2653 1
45 2654 1
45 1375 1
45 2656 1
45 2657 1
45 994 1
45 355 1
45 1252 1
45 1125 1
45 2662 1
45 2663 1
45 2664 1
45 2665 1
45 2666 1
45 2539 1
45 2668 1
45 2029 1
45 1774 1
45 2671 1
45 2672 1
45 2673 1
45 2674 1
45 2659 1
45 2676 1
45 2677 1
45 2678 1
45 504 1
45 2425 1
45 2170 1
45 124 1
45 2302 1
46 2688 1
46 2689 1
46 1666 1
46 2691 1
46 2692 1
46 2693 1
46 2694 1
46 2681 1
46 2696 1
46 2697 1
46 650 1
46 1931 1
46 2700 1
46 2690 1
46 2702 1
46 2703 1
46 2576 1
46 1553 1
46 2706 1
46 2707 1
46 2708 1
46 2709 1
46 2710 1
46 791 1
46 280 1
46 1436 1
46 2078 1
46 928 1
46 2465 1
46 1315 1
46 1828 1
46 1061 1
46 1190 1
46 2216 1
46 2345 1
46 2695 1
46 431 1
46 2611 1
46 2699 1
46 1721 1
46 2687 1
46 2711 1
46 1981 1
46 2698 1
46 578 1
46 2683 1
46 2503 1
46 1610 1
46 203 1
46 2125 1
46 2701 1
46 721 1
46 2386 1
46 2260 1
46 2645 1
46 1495 1
46 1880 1
46 860 1
46 2682 1
46 1376 1
46 2704 1
46 995 1
46 356 1
46 1253 1
46 1126 1
46 2705 1
46 2540 1
46 2030 1
46 1775 1
46 2686 1
46 2679 1
46 2680 1
46 505 1
46 2426 1
46 2171 1
46 2684 1
46 125 1
46 2685 1
46 2303 1
47 2304 1
47 1667 1
47 651 1
47 1932 1
47 2577 1
47 1554 1
47 2724 1
47 2713 1
47 792 1
47 281 1
47 2714 1
47 2715 1
47 2716 1
47 1437 1
47 2718 1
47 2079 1
47 2712 1
47 929 1
47 2466 1
47 2723 1
47 1316 1
47 1829 1
47 1062 1
47 1191 1
47 2728 1
47 2217 1
47 2346 1
47 2731 1
47 2732 1
47 2733 1
47 2734 1
47 2717 1
47 432 1
47 2737 1
47 2738 1
47 2739 1
47 2612 1
47 2741 1
47 2742 1
47 2743 1
47 2740 1
47 1722 1
47 2719 1
47 1982 1
47 2720 1
47 579 1
47 2721 1
47 2504 1
47 1611 1
47 204 1
47 2722 1
47 2126 1
47 2726 1
47 2729 1
47 722 1
47 2387 1
47 2735 1
47 2261 1
47 2646 1
47 1496 1
47 1881 1
47 861 1
47 2725 1
47 1377 1
47 996 1
47 357 1
47 1254 1
47 1127 1
47 2736 1
47 2727 1
47 2541 1
47 2031 1
47 1776 1
47 2679 1
47 506 1
47 2427 1
47 2172 1
47 2730 1
47 126 1
48 2305 1
48 1668 1
48 2764 1
48 652 1
48 1933 1
48 2578 1
48 1555 1
48 2712 1
48 793 1
48 282 1
48 2773 1
48 1438 1
48 2080 1
48 930 1
48 2467 1
48 1317 1
48 1830 1
48 1063 1
48 1192 1
48 2218 1
48 2347 1
48 433 1
48 2774 1
48 2751 1
48 2613 1
48 2761 1
48 2744 1
48 2745 1
48 2746 1
48 1723 1
48 2748 1
48 2749 1
48 2750 1
48 1983 1
48 2752 1
48 2753 1
48 2754 1
48 2755 1
48 580 1
48 2757 1
48 2758 1
48 2759 1
48 2760 1
48 2505 1
48 2762 1
48 2763 1
48 1612 1
48 205 1
48 2766 1
48 2127 1
48 2768 1
48 2769 1
48 2770 1
48 723 1
48 2388 1
48 2756 1
48 2262 1
48 2647 1
48 1497 1
48 1882 1
48 2767 1
48 862 1
48 1378 1
48 2747 1
48 997 1
48 358 1
48 1255 1
48 1128 1
48 2765 1
48 2542 1
48 2032 1
48 1777 1
48 2771 1
48 2680 1
48 2772 1
48 507 1
48 2428 1
48 2173 1
48 127 1
49 128 1
49 2306 1
49 2795 1
49 1669 1
49 2779 1
49 2801 1
49 2775 1
49 653 1
49 1934 1
49 2776 1
49 2579 1
49 1556 1
49 2713 1
49 794 1
49 283 1
49 2778 1
49 1439 1
49 2081 1
49 931 1
49 2468 1
49 1318 1
49 1831 1
49 1064 1
49 1193 1
49 2219 1
49 2348 1
49 2802 1
49 434 1
49 2799 1
49 2614 1
49 2744 1
49 2783 1
49 1724 1
49 1984 1
49 2792 1
49 581 1
49 2506 1
49 1613 1
49 206 1
49 2128 1
49 2790 1
49 2787 1
49 724 1
49 2389 1
49 2263 1
49 2648 1
49 2777 1
49 1498 1
49 1883 1
49 2780 1
49 2781 1
49 2782 1
49 863 1
49 2784 1
49 2785 1
49 2786 1
49 1379 1
49 2788 1
49 2789 1
49 998 1
49 359 1
49 1256 1
49 1129 1
49 2794 1
49 2791 1
49 2796 1
49 2797 1
49 2798 1
49 2543 1
49 2800 1
49 2033 1
49 1778 1
49 2803 1
49 2804 1
49 2793 1
49 2681 1
49 508 1
49 2429 1
49 2174 1
50 2816 1
50 129 1
50 2818 1
50 2307 1
50 2820 1
50 2821 1
50 1670 1
50 2817 1
50 2824 1
50 2825 1
50 2826 1
50 2827 1
50 2828 1
50 2829 1
50 654 1
50 1935 1
50 2832 1
50 2833 1
50 2822 1
50 2819 1
50 2580 1
50 1557 1
50 2714 1
50 795 1
50 284 1
50 1440 1
50 2814 1
50 2082 1
50 2831 1
50 932 1
50 2469 1
50 1319 1
50 1832 1
50 1065 1
50 1194 1
50 2823 1
50 2220 1
50 2349 1
50 435 1
50 2615 1
50 2745 1
50 1725 1
50 2815 1
50 1985 1
50 2830 1
50 582 1
50 2507 1
50 1614 1
50 207 1
50 2129 1
50 725 1
50 2390 1
50 2775 1
50 2264 1
50 2649 1
50 1499 1
50 1884 1
50 2810 1
50 864 1
50 1380 1
50 999 1
50 360 1
50 1257 1
50 1130 1
50 2813 1
50 2544 1
50 2034 1
50 1779 1
50 2805 1
50 2806 1
50 2807 1
50 2808 1
50 2809 1
50 2682 1
50 2811 1
50 2812 1
50 509 1
50 2430 1
50 2175 1
51 2176 1
51 130 1
51 2859 1
51 2308 1
51 2838 1
51 1671 1
51 2843 1
51 655 1
51 1936 1
51 2834 1
51 2835 1
51 2836 1
51 2581 1
51 1558 1
51 2839 1
51 2840 1
51 2841 1
51 2842 1
51 2715 1
51 796 1
51 285 1
51 2846 1
51 2847 1
51 2848 1
51 1441 1
51 2850 1
51 2083 1
51 2852 1
51 933 1
51 2470 1
51 2855 1
51 1320 1
51 1833 1
51 1066 1
51 1195 1
51 2860 1
51 2221 1
51 2350 1
51 2845 1
51 436 1
51 2616 1
51 2854 1
51 2746 1
51 2861 1
51 2849 1
51 1726 1
51 2844 1
51 1986 1
51 583 1
51 2508 1
51 2856 1
51 1615 1
51 208 1
51 2130 1
51 2851 1
51 2837 1
51 726 1
51 2391 1
51 2776 1
51 2265 1
51 2650 1
51 1500 1
51 1885 1
51 2853 1
51 865 1
51 1381 1
51 1000 1
51 361 1
51 1258 1
51 1131 1
51 2545 1
51 2035 1
51 1780 1
51 2805 1
51 2857 1
51 2683 1
51 2858 1
51 510 1
51 2431 1
52 2432 1
52 2177 1
52 131 1
52 2309 1
52 1672 1
52 2873 1
52 2869 1
52 656 1
52 1937 1
52 2834 1
52 2883 1
52 2862 1
52 2582 1
52 1559 1
52 2863 1
52 2716 1
52 797 1
52 286 1
52 1442 1
52 2084 1
52 934 1
52 2471 1
52 1321 1
52 1834 1
52 1067 1
52 1196 1
52 2222 1
52 2351 1
52 2864 1
52 2865 1
52 2866 1
52 2867 1
52 2868 1
52 437 1
52 2870 1
52 2871 1
52 2872 1
52 2617 1
52 2874 1
52 2747 1
52 2876 1
52 2877 1
52 2878 1
52 1727 1
52 2880 1
52 2881 1
52 2882 1
52 1987 1
52 2884 1
52 2885 1
52 2886 1
52 2887 1
52 584 1
52 2509 1
52 1616 1
52 209 1
52 2131 1
52 727 1
52 2392 1
52 2777 1
52 2266 1
52 2651 1
52 1501 1
52 1886 1
52 2888 1
52 866 1
52 2875 1
52 1382 1
52 1001 1
52 362 1
52 1259 1
52 1132 1
52 2546 1
52 2036 1
52 1781 1
52 2806 1
52 2879 1
52 2684 1
52 511 1
53 512 1
53 2433 1
53 2178 1
53 132 1
53 2310 1
53 1673 1
53 2907 1
53 657 1
53 1938 1
53 2835 1
53 2905 1
53 2583 1
53 1560 1
53 2906 1
53 2717 1
53 798 1
53 287 1
53 1443 1
53 2085 1
53 935 1
53 2472 1
53 2908 1
53 1322 1
53 1835 1
53 1068 1
53 1197 1
53 2862 1
53 2223 1
53 2352 1
53 2910 1
53 438 1
53 2889 1
53 2618 1
53 2911 1
53 2748 1
53 2897 1
53 1728 1
53 2904 1
53 1988 1
53 585 1
53 2890 1
53 2891 1
53 2892 1
53 2893 1
53 2510 1
53 2895 1
53 2896 1
53 1617 1
53 210 1
53 2899 1
53 2132 1
53 2894 1
53 2902 1
53 2903 1
53 728 1
53 2393 1
53 2778 1
53 2267 1
53 2652 1
53 2909 1
53 1502 1
53 1887 1
53 2912 1
53 2913 1
53 2914 1
53 867 1
53 1383 1
53 1002 1
53 363 1
53 1260 1
53 1133 1
53 2547 1
53 2037 1
53 1782 1
53 2807 1
53 2900 1
53 2898 1
53 2685 1
53 2901 1
54 2916 1
54 513 1
54 2434 1
54 2179 1
54 133 1
54 2311 1
54 2924 1
54 1674 1
54 2925 1
54 658 1
54 1939 1
54 2836 1
54 2926 1
54 2584 1
54 1561 1
54 2923 1
54 2718 1
54 799 1
54 288 1
54 1444 1
54 2086 1
54 2929 1
54 936 1
54 2473 1
54 1323 1
54 1836 1
54 1069 1
54 1198 1
54 2863 1
54 2224 1
54 2353 1
54 2934 1
54 439 1
54 2932 1
54 2619 1
54 2749 1
54 1729 1
54 1989 1
54 2889 1
54 586 1
54 2935 1
54 2511 1
54 2936 1
54 1618 1
54 211 1
54 2133 1
54 729 1
54 2394 1
54 2779 1
54 2268 1
54 2653 1
54 1503 1
54 1888 1
54 2915 1
54 868 1
54 2917 1
54 2918 1
54 2919 1
54 1384 1
54 2921 1
54 2922 1
54 1003 1
54 364 1
54 1261 1
54 1134 1
54 2927 1
54 2928 1
54 2920 1
54 2930 1
54 2931 1
54 2548 1
54 2933 1
54 2038 1
54 1783 1
54 2808 1
54 2937 1
54 2938 1
54 2939 1
54 2686 1
55 2944 1
55 2945 1
55 514 1
55 2435 1
55 2180 1
55 2949 1
55 134 1
55 2951 1
55 2312 1
55 2953 1
55 2954 1
55 1675 1
55 2956 1
55 2946 1
55 2958 1
55 2959 1
55 2960 1
55 2961 1
55 2962 1
55 659 1
55 1940 1
55 2837 1
55 2950 1
55 2585 1
55 1562 1
55 2947 1
55 2719 1
55 800 1
55 289 1
55 1445 1
55 2087 1
55 937 1
55 2474 1
55 1324 1
55 1837 1
55 1070 1
55 1199 1
55 2864 1
55 2225 1
55 2354 1
55 440 1
55 2620 1
55 2750 1
55 1730 1
55 2955 1
55 2948 1
55 1990 1
55 2890 1
55 587 1
55 2957 1
55 2512 1
55 2952 1
55 1619 1
55 212 1
55 2134 1
55 730 1
55 2395 1
55 2780 1
55 2269 1
55 2654 1
55 1504 1
55 1889 1
55 2915 1
55 869 1
55 1385 1
55 1004 1
55 365 1
55 1262 1
55 1135 1
55 2963 1
55 2549 1
55 2039 1
55 1784 1
55 2809 1
55 2943 1
55 2940 1
55 2941 1
55 2942 1
55 2687 1
56 2688 1
56 515 1
56 2436 1
56 2181 1
56 135 1
56 2313 1
56 1676 1
56 660 1
56 1941 1
56 2838 1
56 2967 1
56 2968 1
56 2969 1
56 2586 1
56 1563 1
56 2972 1
56 2970 1
56 2974 1
56 2975 1
56 2720 1
56 801 1
56 290 1
56 2971 1
56 2980 1
56 2981 1
56 1446 1
56 2983 1
56 2088 1
56 2985 1
56 938 1
56 2475 1
56 2966 1
56 1325 1
56 1838 1
56 1071 1
56 1200 1
56 2865 1
56 2226 1
56 2355 1
56 441 1
56 2964 1
56 2621 1
56 2751 1
56 2976 1
56 1731 1
56 1991 1
56 2973 1
56 2891 1
56 588 1
56 2978 1
56 2513 1
56 2979 1
56 1620 1
56 213 1
56 2135 1
56 731 1
56 2396 1
56 2781 1
56 2270 1
56 2655 1
56 1505 1
56 1890 1
56 2916 1
56 2982 1
56 870 1
56 2977 1
56 1386 1
56 1005 1
56 366 1
56 1263 1
56 1136 1
56 2984 1
56 2550 1
56 2040 1
56 1785 1
56 2810 1
56 2940 1
56 2986 1
56 2965 1
57 2689 1
57 2987 1
57 516 1
57 2437 1
57 2182 1
57 136 1
57 2988 1
57 2314 1
57 1677 1
57 2992 1
57 2964 1
57 661 1
57 1942 1
57 2839 1
57 2587 1
57 1564 1
57 2721 1
57 802 1
57 291 1
57 1447 1
57 2993 1
57 2089 1
57 3002 1
57 939 1
57 2476 1
57 2989 1
57 1326 1
57 1839 1
57 1072 1
57 1201 1
57 2866 1
57 2227 1
57 2356 1
57 2997 1
57 2998 1
57 2999 1
57 3000 1
57 2996 1
57 442 1
57 3003 1
57 3004 1
57 3005 1
57 2622 1
57 2994 1
57 2752 1
57 1732 1
57 3007 1
57 2990 1
57 1992 1
57 2892 1
57 589 1
57 2514 1
57 2995 1
57 1621 1
57 214 1
57 3001 1
57 2136 1
57 732 1
57 2397 1
57 2782 1
57 2271 1
57 2656 1
57 1506 1
57 1891 1
57 3008 1
57 2917 1
57 871 1
57 1387 1
57 1006 1
57 367 1
57 1264 1
57 1137 1
57 3006 1
57 2551 1
57 2041 1
57 1786 1
57 2811 1
57 2991 1
57 2941 1
58 2690 1
58 517 1
58 2438 1
58 2183 1
58 137 1
58 2315 1
58 3009 1
58 1678 1
58 2965 1
58 662 1
58 1943 1
58 2840 1
58 2588 1
58 1565 1
58 3013 1
58 2722 1
58 803 1
58 292 1
58 1448 1
58 2090 1
58 2987 1
58 940 1
58 2477 1
58 1327 1
58 1840 1
58 1073 1
58 1202 1
58 2867 1
58 2228 1
58 2357 1
58 3017 1
58 443 1
58 2623 1
58 2753 1
58 3010 1
58 3011 1
58 3012 1
58 1733 1
58 3014 1
58 3015 1
58 3016 1
58 1993 1
58 3018 1
58 3019 1
58 3020 1
58 2893 1
58 590 1
58 3021 1
58 3024 1
58 3025 1
58 3026 1
58 2515 1
58 3028 1
58 3022 1
58 1622 1
58 215 1
58 2137 1
58 3023 1
58 733 1
58 2398 1
58 2783 1
58 2272 1
58 2657 1
58 1507 1
58 1892 1
58 2918 1
58 872 1
58 1388 1
58 1007 1
58 368 1
58 1265 1
58 1138 1
58 3027 1
58 2552 1
58 2042 1
58 1787 1
58 2812 1
58 2942 1
58 3029 1
59 3034 1
59 3049 1
59 2691 1
59 518 1
59 2439 1
59 2184 1
59 138 1
59 3031 1
59 2316 1
59 1679 1
59 3032 1
59 3044 1
59 3048 1
59 2966 1
59 663 1
59 1944 1
59 2841 1
59 2589 1
59 1566 1
59 2723 1
59 804 1
59 293 1
59 1449 1
59 3045 1
59 2091 1
59 2988 1
59 941 1
59 2478 1
59 1328 1
59 1841 1
59 1074 1
59 1203 1
59 2868 1
59 2229 1
59 2358 1
59 3039 1
59 444 1
59 2624 1
59 3009 1
59 2754 1
59 1734 1
59 3041 1
59 1994 1
59 3042 1
59 2894 1
59 591 1
59 2516 1
59 3030 1
59 1623 1
59 216 1
59 3033 1
59 2138 1
59 3035 1
59 3036 1
59 3037 1
59 734 1
59 2399 1
59 2784 1
59 2273 1
59 2658 1
59 3043 1
59 1508 1
59 1893 1
59 3046 1
59 2919 1
59 3038 1
59 873 1
59 3040 1
59 1389 1
59 1008 1
59 369 1
59 1266 1
59 1139 1
59 3047 1
59 2553 1
59 2043 1
59 1788 1
59 2813 1
59 2943 1
60 2944 1
60 2692 1
60 519 1
60 2440 1
60 2185 1
60 139 1
60 2317 1
60 1680 1
60 3054 1
60 2967 1
60 664 1
60 1945 1
60 2842 1
60 2590 1
60 1567 1
60 2724 1
60 805 1
60 294 1
60 3057 1
60 1450 1
60 2092 1
60 2989 1
60 942 1
60 2479 1
60 1329 1
60 1842 1
60 1075 1
60 1204 1
60 2869 1
60 2230 1
60 2359 1
60 3060 1
60 445 1
60 2625 1
60 3010 1
60 2755 1
60 1735 1
60 3058 1
60 1995 1
60 2895 1
60 592 1
60 3050 1
60 2517 1
60 3030 1
60 1624 1
60 217 1
60 2139 1
60 3066 1
60 3059 1
60 735 1
60 2400 1
60 2785 1
60 2274 1
60 2659 1
60 1509 1
60 1894 1
60 2920 1
60 3068 1
60 874 1
60 3051 1
60 3052 1
60 3053 1
60 1390 1
60 3055 1
60 3056 1
60 1009 1
60 370 1
60 1267 1
60 1140 1
60 3061 1
60 3062 1
60 3063 1
60 3064 1
60 3065 1
60 2554 1
60 3067 1
60 2044 1
60 1789 1
60 2814 1
61 3072 1
61 2945 1
61 3074 1
61 3075 1
61 3076 1
61 2693 1
61 3078 1
61 3073 1
61 520 1
61 2441 1
61 2186 1
61 3069 1
61 140 1
61 3085 1
61 2318 1
61 1681 1
61 2968 1
61 665 1
61 1946 1
61 2843 1
61 3079 1
61 2591 1
61 1568 1
61 2725 1
61 806 1
61 295 1
61 3070 1
61 1451 1
61 2093 1
61 2990 1
61 943 1
61 2480 1
61 3080 1
61 1330 1
61 1843 1
61 1076 1
61 1205 1
61 2870 1
61 2231 1
61 2360 1
61 3082 1
61 446 1
61 2626 1
61 3011 1
61 2756 1
61 3083 1
61 3071 1
61 1736 1
61 3084 1
61 3081 1
61 1996 1
61 2896 1
61 593 1
61 3086 1
61 2518 1
61 3031 1
61 1625 1
61 218 1
61 2140 1
61 736 1
61 2401 1
61 2786 1
61 2275 1
61 2660 1
61 1510 1
61 1895 1
61 2921 1
61 3050 1
61 875 1
61 1391 1
61 1010 1
61 371 1
61 1268 1
61 1141 1
61 2555 1
61 3077 1
61 2045 1
61 1790 1
61 2815 1
62 2816 1
62 3101 1
62 2946 1
62 2694 1
62 521 1
62 2442 1
62 2187 1
62 141 1
62 2319 1
62 3088 1
62 3089 1
62 1682 1
62 3091 1
62 3092 1
62 3093 1
62 3094 1
62 3095 1
62 3096 1
62 2969 1
62 666 1
62 1947 1
62 2844 1
62 3098 1
62 3102 1
62 3103 1
62 2592 1
62 1569 1
62 3099 1
62 2726 1
62 807 1
62 296 1
62 3100 1
62 1452 1
62 2094 1
62 2991 1
62 944 1
62 2481 1
62 1331 1
62 1844 1
62 1077 1
62 1206 1
62 2871 1
62 2232 1
62 2361 1
62 447 1
62 2627 1
62 3012 1
62 2757 1
62 1737 1
62 3087 1
62 1997 1
62 2897 1
62 594 1
62 3097 1
62 2519 1
62 3032 1
62 1626 1
62 219 1
62 2141 1
62 737 1
62 2402 1
62 2787 1
62 2276 1
62 2661 1
62 1511 1
62 1896 1
62 2922 1
62 3051 1
62 876 1
62 3090 1
62 1392 1
62 1011 1
62 372 1
62 1269 1
62 1142 1
62 2556 1
62 3069 1
62 2046 1
62 1791 1
63 1792 1
63 2817 1
63 2947 1
63 2695 1
63 522 1
63 2443 1
63 2188 1
63 3113 1
63 142 1
63 3087 1
63 2320 1
63 3119 1
63 1683 1
63 3112 1
63 2970 1
63 667 1
63 1948 1
63 2845 1
63 3104 1
63 2593 1
63 1570 1
63 3107 1
63 3108 1
63 3109 1
63 3110 1
63 2727 1
63 808 1
63 297 1
63 3114 1
63 3115 1
63 3116 1
63 1453 1
63 3118 1
63 2095 1
63 2992 1
63 945 1
63 2482 1
63 1332 1
63 1845 1
63 1078 1
63 1207 1
63 2872 1
63 2233 1
63 2362 1
63 448 1
63 2628 1
63 3013 1
63 2758 1
63 3105 1
63 1738 1
63 3106 1
63 1998 1
63 2898 1
63 595 1
63 2520 1
63 3033 1
63 1627 1
63 220 1
63 2142 1
63 738 1
63 2403 1
63 2788 1
63 2277 1
63 2662 1
63 1512 1
63 1897 1
63 2923 1
63 3052 1
63 877 1
63 1393 1
63 1012 1
63 373 1
63 1270 1
63 1143 1
63 3111 1
63 3117 1
63 2557 1
63 3070 1
63 2047 1
64 2048 1
64 1793 1
64 2818 1
64 3130 1
64 2948 1
64 2696 1
64 523 1
64 2444 1
64 2189 1
64 143 1
64 3088 1
64 2321 1
64 1684 1
64 3131 1
64 2971 1
64 668 1
64 1949 1
64 2846 1
64 3104 1
64 3120 1
64 2594 1
64 1571 1
64 3121 1
64 2728 1
64 809 1
64 298 1
64 3126 1
64 3122 1
64 1454 1
64 2096 1
64 2993 1
64 946 1
64 2483 1
64 3124 1
64 1333 1
64 1846 1
64 1079 1
64 1208 1
64 2873 1
64 2234 1
64 2363 1
64 3132 1
64 3133 1
64 3134 1
64 3125 1
64 449 1
64 2629 1
64 3014 1
64 2759 1
64 1739 1
64 3127 1
64 1999 1
64 3128 1
64 2899 1
64 596 1
64 3129 1
64 2521 1
64 3034 1
64 1628 1
64 221 1
64 2143 1
64 3123 1
64 739 1
64 2404 1
64 2789 1
64 2278 1
64 2663 1
64 1513 1
64 1898 1
64 2924 1
64 3053 1
64 878 1
64 1394 1
64 1013 1
64 374 1
64 1271 1
64 1144 1
64 2558 1
64 3071 1
65 3072 1
65 2049 1
65 1794 1
65 2819 1
65 2949 1
65 2697 1
65 524 1
65 2445 1
65 2190 1
65 144 1
65 3089 1
65 2322 1
65 3148 1
65 1685 1
65 3138 1
65 2972 1
65 669 1
65 1950 1
65 2847 1
65 3105 1
65 2595 1
65 1572 1
65 3142 1
65 3143 1
65 2729 1
65 810 1
65 299 1
65 1455 1
65 3120 1
65 2097 1
65 2994 1
65 947 1
65 2484 1
65 1334 1
65 1847 1
65 1080 1
65 1209 1
65 2874 1
65 2235 1
65 2364 1
65 3135 1
65 3136 1
65 3137 1
65 450 1
65 3139 1
65 3140 1
65 3141 1
65 2630 1
65 3015 1
65 2760 1
65 3145 1
65 3146 1
65 3147 1
65 1740 1
65 2000 1
65 2900 1
65 597 1
65 3144 1
65 2522 1
65 3035 1
65 1629 1
65 222 1
65 2144 1
65 740 1
65 2405 1
65 2790 1
65 2279 1
65 2664 1
65 1514 1
65 1899 1
65 2925 1
65 3054 1
65 879 1
65 1395 1
65 1014 1
65 375 1
65 1272 1
65 1145 1
65 2559 1
66 2560 1
66 3073 1
66 2050 1
66 1795 1
66 2820 1
66 3158 1
66 2950 1
66 2698 1
66 3153 1
66 525 1
66 2446 1
66 2191 1
66 145 1
66 3090 1
66 2323 1
66 1686 1
66 2973 1
66 670 1
66 1951 1
66 2848 1
66 3106 1
66 2596 1
66 1573 1
66 2730 1
66 811 1
66 300 1
66 3151 1
66 1456 1
66 3121 1
66 2098 1
66 2995 1
66 948 1
66 2485 1
66 1335 1
66 1848 1
66 1081 1
66 1210 1
66 2875 1
66 2236 1
66 2365 1
66 3135 1
66 451 1
66 2631 1
66 3016 1
66 2761 1
66 1741 1
66 3150 1
66 3149 1
66 3152 1
66 2001 1
66 3154 1
66 3155 1
66 3156 1
66 2901 1
66 598 1
66 3159 1
66 3160 1
66 3161 1
66 2523 1
66 3036 1
66 1630 1
66 223 1
66 2145 1
66 741 1
66 2406 1
66 2791 1
66 2280 1
66 2665 1
66 1515 1
66 1900 1
66 2926 1
66 3055 1
66 880 1
66 1396 1
66 1015 1
66 376 1
66 1273 1
66 1146 1
66 3157 1
67 2561 1
67 3074 1
67 2051 1
67 1796 1
67 2821 1
67 2951 1
67 3167 1
67 2699 1
67 526 1
67 2447 1
67 2192 1
67 146 1
67 3091 1
67 2324 1
67 1687 1
67 2974 1
67 671 1
67 1952 1
67 2849 1
67 3107 1
67 2597 1
67 1574 1
67 3164 1
67 2731 1
67 812 1
67 301 1
67 3165 1
67 1457 1
67 3122 1
67 2099 1
67 2996 1
67 949 1
67 2486 1
67 1336 1
67 1849 1
67 1082 1
67 1211 1
67 2876 1
67 2237 1
67 2366 1
67 3173 1
67 3136 1
67 3168 1
67 452 1
67 2632 1
67 3017 1
67 2762 1
67 3149 1
67 1742 1
67 2002 1
67 2902 1
67 599 1
67 3162 1
67 3163 1
67 2524 1
67 3037 1
67 3166 1
67 1631 1
67 224 1
67 3169 1
67 2146 1
67 3171 1
67 3172 1
67 3170 1
67 742 1
67 2407 1
67 2792 1
67 2281 1
67 2666 1
67 1516 1
67 1901 1
67 2927 1
67 3056 1
67 881 1
67 1397 1
67 1016 1
67 377 1
67 1274 1
67 1147 1
68 2562 1
68 3075 1
68 2052 1
68 1797 1
68 2822 1
68 2952 1
68 3184 1
68 2700 1
68 527 1
68 2448 1
68 2193 1
68 147 1
68 3092 1
68 2325 1
68 1688 1
68 3176 1
68 3175 1
68 2975 1
68 672 1
68 1953 1
68 2850 1
68 3108 1
68 2598 1
68 1575 1
68 2732 1
68 813 1
68 302 1
68 3181 1
68 1458 1
68 3123 1
68 2100 1
68 2997 1
68 950 1
68 2487 1
68 1337 1
68 1850 1
68 1083 1
68 1212 1
68 2877 1
68 2238 1
68 2367 1
68 3137 1
68 453 1
68 2633 1
68 3018 1
68 2763 1
68 3182 1
68 3150 1
68 1743 1
68 2003 1
68 2903 1
68 600 1
68 3162 1
68 2525 1
68 3038 1
68 1632 1
68 225 1
68 2147 1
68 3174 1
68 743 1
68 2408 1
68 2793 1
68 2282 1
68 2667 1
68 3180 1
68 1517 1
68 1902 1
68 3183 1
68 2928 1
68 3057 1
68 882 1
68 3179 1
68 1398 1
68 3177 1
68 1017 1
68 378 1
68 1275 1
68 1148 1
68 3178 1
69 2563 1
69 3076 1
69 2053 1
69 1798 1
69 2823 1
69 2953 1
69 2701 1
69 528 1
69 2449 1
69 2194 1
69 148 1
69 3093 1
69 2326 1
69 1689 1
69 2976 1
69 673 1
69 1954 1
69 2851 1
69 3109 1
69 2599 1
69 1576 1
69 2733 1
69 814 1
69 303 1
69 1459 1
69 3124 1
69 2101 1
69 2998 1
69 951 1
69 2488 1
69 1338 1
69 1851 1
69 1084 1
69 1213 1
69 2878 1
69 2239 1
69 2368 1
69 3138 1
69 3186 1
69 454 1
69 3185 1
69 2634 1
69 3019 1
69 2764 1
69 3151 1
69 1744 1
69 3192 1
69 2004 1
69 2904 1
69 601 1
69 3163 1
69 3194 1
69 2526 1
69 3039 1
69 1633 1
69 226 1
69 3187 1
69 2148 1
69 3174 1
69 744 1
69 2409 1
69 2794 1
69 2283 1
69 2668 1
69 1518 1
69 1903 1
69 2929 1
69 3058 1
69 883 1
69 3188 1
69 3189 1
69 3190 1
69 1399 1
69 3191 1
69 3193 1
69 1018 1
69 379 1
69 1276 1
69 1149 1
70 3200 1
70 3201 1
70 3202 1
70 3203 1
70 2564 1
70 3077 1
70 2054 1
70 1799 1
70 2824 1
70 2954 1
70 2702 1
70 3197 1
70 529 1
70 2450 1
70 2195 1
70 149 1
70 3094 1
70 2327 1
70 1690 1
70 3196 1
70 2977 1
70 674 1
70 1955 1
70 2852 1
70 3110 1
70 2600 1
70 1577 1
70 2734 1
70 815 1
70 304 1
70 1460 1
70 3125 1
70 2102 1
70 2999 1
70 952 1
70 2489 1
70 1339 1
70 1852 1
70 1085 1
70 1214 1
70 2879 1
70 2240 1
70 2369 1
70 3139 1
70 455 1
70 2635 1
70 3020 1
70 2765 1
70 3152 1
70 1745 1
70 3195 1
70 2005 1
70 2905 1
70 602 1
70 3164 1
70 2527 1
70 3040 1
70 1634 1
70 227 1
70 2149 1
70 3175 1
70 745 1
70 2410 1
70 2795 1
70 2284 1
70 2669 1
70 1519 1
70 1904 1
70 3185 1
70 2930 1
70 3059 1
70 884 1
70 3198 1
70 1400 1
70 1019 1
70 380 1
70 1277 1
70 1150 1
70 3199 1
71 3204 1
71 2565 1
71 3078 1
71 2055 1
71 1800 1
71 2825 1
71 3210 1
71 2955 1
71 2703 1
71 530 1
71 2451 1
71 2196 1
71 150 1
71 3095 1
71 2328 1
71 1691 1
71 3206 1
71 3205 1
71 2978 1
71 675 1
71 1956 1
71 2853 1
71 3111 1
71 2601 1
71 1578 1
71 3207 1
71 2735 1
71 816 1
71 305 1
71 1461 1
71 3126 1
71 2103 1
71 3000 1
71 953 1
71 2490 1
71 1340 1
71 1853 1
71 1086 1
71 1215 1
71 2880 1
71 2241 1
71 2370 1
71 3211 1
71 3140 1
71 3208 1
71 456 1
71 2636 1
71 3021 1
71 2766 1
71 3153 1
71 1746 1
71 2006 1
71 2906 1
71 603 1
71 3165 1
71 2528 1
71 3041 1
71 1635 1
71 228 1
71 2150 1
71 3176 1
71 746 1
71 2411 1
71 2796 1
71 2285 1
71 2670 1
71 1520 1
71 1905 1
71 3186 1
71 2931 1
71 3060 1
71 885 1
71 3209 1
71 1401 1
71 3195 1
71 1020 1
71 381 1
71 1278 1
71 1151 1
72 1152 1
72 3204 1
72 2566 1
72 3079 1
72 2056 1
72 1801 1
72 2826 1
72 2956 1
72 3213 1
72 3214 1
72 3215 1
72 2704 1
72 3217 1
72 3218 1
72 531 1
72 2452 1
72 2197 1
72 151 1
72 3096 1
72 2329 1
72 1692 1
72 3212 1
72 2979 1
72 676 1
72 1957 1
72 2854 1
72 3112 1
72 2602 1
72 1579 1
72 2736 1
72 817 1
72 306 1
72 1462 1
72 3127 1
72 2104 1
72 3001 1
72 954 1
72 2491 1
72 1341 1
72 1854 1
72 1087 1
72 1216 1
72 2881 1
72 2242 1
72 2371 1
72 3141 1
72 457 1
72 3216 1
72 2637 1
72 3022 1
72 2767 1
72 3154 1
72 1747 1
72 2007 1
72 2907 1
72 604 1
72 3166 1
72 2529 1
72 3042 1
72 1636 1
72 229 1
72 2151 1
72 3177 1
72 747 1
72 2412 1
72 2797 1
72 2286 1
72 2671 1
72 1521 1
72 1906 1
72 3187 1
72 2932 1
72 3061 1
72 886 1
72 1402 1
72 3196 1
72 1021 1
72 382 1
72 1279 1
73 1280 1
73 1153 1
73 3205 1
73 2567 1
73 3080 1
73 2057 1
73 1802 1
73 2827 1
73 3212 1
73 2957 1
73 2705 1
73 3219 1
73 532 1
73 2453 1
73 2198 1
73 3223 1
73 152 1
73 3097 1
73 2330 1
73 1693 1
73 2980 1
73 677 1
73 1958 1
73 2855 1
73 3113 1
73 2603 1
73 1580 1
73 3224 1
73 2737 1
73 818 1
73 307 1
73 1463 1
73 3128 1
73 2105 1
73 3002 1
73 955 1
73 2492 1
73 1342 1
73 1855 1
73 1088 1
73 1217 1
73 2882 1
73 2243 1
73 2372 1
73 3142 1
73 458 1
73 2638 1
73 3023 1
73 2768 1
73 3155 1
73 1748 1
73 2008 1
73 2908 1
73 605 1
73 3167 1
73 3221 1
73 2530 1
73 3043 1
73 1637 1
73 230 1
73 2152 1
73 3178 1
73 748 1
73 2413 1
73 2798 1
73 2287 1
73 2672 1
73 1522 1
73 1907 1
73 3188 1
73 2933 1
73 3062 1
73 887 1
73 3220 1
73 3222 1
73 1403 1
73 3197 1
73 1022 1
73 383 1
74 384 1
74 1281 1
74 1154 1
74 3206 1
74 2568 1
74 3081 1
74 2058 1
74 1803 1
74 2828 1
74 3213 1
74 2958 1
74 2706 1
74 3219 1
74 533 1
74 2454 1
74 2199 1
74 153 1
74 3098 1
74 2331 1
74 3228 1
74 3226 1
74 1694 1
74 3227 1
74 2981 1
74 678 1
74 1959 1
74 2856 1
74 3114 1
74 2604 1
74 1581 1
74 3229 1
74 2738 1
74 819 1
74 308 1
74 1464 1
74 3129 1
74 2106 1
74 3003 1
74 956 1
74 2493 1
74 1343 1
74 1856 1
74 1089 1
74 1218 1
74 2883 1
74 2244 1
74 2373 1
74 3143 1
74 459 1
74 2639 1
74 3024 1
74 2769 1
74 3156 1
74 1749 1
74 3225 1
74 2009 1
74 2909 1
74 606 1
74 3168 1
74 2531 1
74 3044 1
74 1638 1
74 231 1
74 2153 1
74 3179 1
74 749 1
74 2414 1
74 2799 1
74 2288 1
74 2673 1
74 1523 1
74 1908 1
74 3189 1
74 2934 1
74 3063 1
74 888 1
74 1404 1
74 3198 1
74 1023 1
75 1024 1
75 385 1
75 1282 1
75 1155 1
75 3207 1
75 2569 1
75 3082 1
75 2059 1
75 1804 1
75 2829 1
75 3214 1
75 2959 1
75 2707 1
75 3220 1
75 534 1
75 2455 1
75 2200 1
75 3225 1
75 154 1
75 3099 1
75 2332 1
75 3230 1
75 1695 1
75 3232 1
75 3233 1
75 2982 1
75 679 1
75 1960 1
75 2857 1
75 3115 1
75 2605 1
75 1582 1
75 2739 1
75 820 1
75 309 1
75 1465 1
75 3130 1
75 2107 1
75 3004 1
75 957 1
75 2494 1
75 1344 1
75 1857 1
75 1090 1
75 1219 1
75 2884 1
75 2245 1
75 2374 1
75 3144 1
75 460 1
75 2640 1
75 3025 1
75 2770 1
75 3157 1
75 1750 1
75 2010 1
75 3231 1
75 2910 1
75 607 1
75 3169 1
75 2532 1
75 3045 1
75 1639 1
75 232 1
75 2154 1
75 3180 1
75 750 1
75 2415 1
75 2800 1
75 2289 1
75 2674 1
75 1524 1
75 1909 1
75 3190 1
75 2935 1
75 3064 1
75 889 1
75 1405 1
75 3199 1
76 3200 1
76 1025 1
76 386 1
76 1283 1
76 1156 1
76 3208 1
76 2570 1
76 3083 1
76 2060 1
76 1805 1
76 2830 1
76 3215 1
76 2960 1
76 2708 1
76 3221 1
76 535 1
76 2456 1
76 2201 1
76 3226 1
76 155 1
76 3100 1
76 2333 1
76 3230 1
76 1696 1
76 3234 1
76 3235 1
76 3236 1
76 2983 1
76 680 1
76 1961 1
76 2858 1
76 3116 1
76 2606 1
76 1583 1
76 2740 1
76 821 1
76 310 1
76 1466 1
76 3131 1
76 2108 1
76 3005 1
76 958 1
76 2495 1
76 1345 1
76 1858 1
76 1091 1
76 1220 1
76 2885 1
76 2246 1
76 2375 1
76 3145 1
76 461 1
76 2641 1
76 3026 1
76 2771 1
76 3158 1
76 1751 1
76 2011 1
76 2911 1
76 608 1
76 3170 1
76 2533 1
76 3046 1
76 1640 1
76 233 1
76 2155 1
76 3181 1
76 751 1
76 2416 1
76 2801 1
76 2290 1
76 2675 1
76 1525 1
76 1910 1
76 3191 1
76 2936 1
76 3065 1
76 890 1
76 1406 1
77 3201 1
77 1026 1
77 387 1
77 1284 1
77 1157 1
77 3209 1
77 2571 1
77 3084 1
77 2061 1
77 1806 1
77 2831 1
77 3216 1
77 2961 1
77 2709 1
77 3222 1
77 536 1
77 2457 1
77 2202 1
77 3227 1
77 156 1
77 3101 1
77 2334 1
77 3231 1
77 1697 1
77 3234 1
77 3237 1
77 3238 1
77 2984 1
77 681 1
77 1962 1
77 2859 1
77 3117 1
77 2607 1
77 1584 1
77 2741 1
77 822 1
77 311 1
77 1467 1
77 3132 1
77 2109 1
77 3006 1
77 959 1
77 2496 1
77 1346 1
77 1859 1
77 1092 1
77 1221 1
77 2886 1
77 2247 1
77 2376 1
77 3146 1
77 462 1
77 2642 1
77 3027 1
77 2772 1
77 3159 1
77 1752 1
77 2012 1
77 2912 1
77 609 1
77 3171 1
77 2534 1
77 3047 1
77 1641 1
77 234 1
77 2156 1
77 3182 1
77 752 1
77 2417 1
77 2802 1
77 2291 1
77 2676 1
77 1526 1
77 1911 1
77 3192 1
77 2937 1
77 3066 1
77 891 1
77 1407 1
78 1408 1
78 3202 1
78 1027 1
78 388 1
78 1285 1
78 1158 1
78 3210 1
78 2572 1
78 3085 1
78 2062 1
78 1807 1
78 2832 1
78 3217 1
78 2962 1
78 2710 1
78 3223 1
78 537 1
78 2458 1
78 2203 1
78 3228 1
78 157 1
78 3102 1
78 2335 1
78 3232 1
78 1698 1
78 3235 1
78 3237 1
78 3239 1
78 2985 1
78 682 1
78 1963 1
78 2860 1
78 3118 1
78 2608 1
78 1585 1
78 2742 1
78 823 1
78 312 1
78 1468 1
78 3133 1
78 2110 1
78 3007 1
78 960 1
78 2497 1
78 1347 1
78 1860 1
78 1093 1
78 1222 1
78 2887 1
78 2248 1
78 2377 1
78 3147 1
78 463 1
78 2643 1
78 3028 1
78 2773 1
78 3160 1
78 1753 1
78 2013 1
78 2913 1
78 610 1
78 3172 1
78 2535 1
78 3048 1
78 1642 1
78 235 1
78 2157 1
78 3183 1
78 753 1
78 2418 1
78 2803 1
78 2292 1
78 2677 1
78 1527 1
78 1912 1
78 3193 1
78 2938 1
78 3067 1
78 892 1
79 1409 1
79 3203 1
79 1028 1
79 389 1
79 1286 1
79 1159 1
79 3211 1
79 2573 1
79 3086 1
79 2063 1
79 1808 1
79 2833 1
79 3218 1
79 2963 1
79 2711 1
79 3224 1
79 538 1
79 2459 1
79 2204 1
79 3229 1
79 158 1
79 3103 1
79 2336 1
79 3233 1
79 1699 1
79 3236 1
79 3238 1
79 3239 1
79 2986 1
79 683 1
79 1964 1
79 2861 1
79 3119 1
79 2609 1
79 1586 1
79 2743 1
79 824 1
79 313 1
79 1469 1
79 3134 1
79 2111 1
79 3008 1
79 961 1
79 2498 1
79 1348 1
79 1861 1
79 1094 1
79 1223 1
79 2888 1
79 2249 1
79 2378 1
79 3148 1
79 464 1
79 2644 1
79 3029 1
79 2774 1
79 3161 1
79 1754 1
79 2014 1
79 2914 1
79 611 1
79 3173 1
79 2536 1
79 3049 1
79 1643 1
79 236 1
79 2158 1
79 3184 1
79 754 1
79 2419 1
79 2804 1
79 2293 1
79 2678 1
79 1528 1
79 1913 1
79 3194 1
79 2939 1
79 3068 1
79 893 1
1
0 1 2 3 4 5
