Nodes
200
0 1
1 1
2 1
3 1
4 1
5 1
6 1
7 1
8 1
9 1
10 1
11 1
12 1
13 1
14 1
15 1
16 1
17 1
18 1
19 1
20 1
21 1
22 1
23 1
24 1
25 1
26 1
27 1
28 1
29 1
30 1
31 1
32 1
33 1
34 1
35 1
36 1
37 1
38 1
39 1
40 1
41 1
42 1
43 1
44 1
45 1
46 1
47 1
48 1
49 1
50 1
51 1
52 1
53 1
54 1
55 1
56 1
57 1
58 1
59 1
60 1
61 1
62 1
63 1
64 1
65 1
66 1
67 1
68 1
69 1
70 1
71 1
72 1
73 1
74 1
75 1
76 1
77 1
78 1
79 1
80 198
81 203
82 199
83 201
84 196
85 199
86 200
87 210
88 204
89 197
90 201
91 201
92 194
93 197
94 202
95 202
96 203
97 191
98 197
99 206
100 193
101 95
102 95
103 95
104 107
105 99
106 92
107 100
108 102
109 97
110 96
111 99
112 97
113 98
114 102
115 88
116 103
117 100
118 99
119 97
120 101
121 97
122 100
123 109
124 96
125 114
126 101
127 95
128 95
129 102
130 104
131 101
132 108
133 98
134 102
135 104
136 94
137 98
138 99
139 92
140 102
141 98
142 94
143 99
144 98
145 96
146 100
147 109
148 106
149 99
150 106
151 96
152 98
153 106
154 106
155 101
156 112
157 100
158 95
159 95
160 92
161 96
162 97
163 102
164 96
165 104
166 105
167 101
168 102
169 95
170 103
171 86
172 96
173 99
174 108
175 98
176 98
177 99
178 91
179 99
180 97
181 91
182 99
183 106
184 102
185 97
186 100
187 103
188 98
189 106
190 93
191 93
192 105
193 96
194 85
195 97
196 95
197 105
198 97
199 94
Edges
240
0 80 1
0 81 1
0 82 1
1 83 1
1 84 1
2 85 1
2 86 1
2 87 1
2 88 1
2 89 1
2 90 1
3 91 1
4 96 1
4 92 1
4 93 1
4 94 1
4 95 1
5 97 1
5 98 1
5 99 1
5 100 1
6 99 1
6 101 1
6 102 1
6 95 1
7 104 1
7 103 1
8 105 1
8 106 1
8 107 1
9 80 1
9 108 1
9 109 1
10 110 1
10 111 1
11 112 1
11 113 1
11 114 1
11 107 1
12 115 1
12 116 1
12 101 1
12 117 1
13 118 1
13 119 1
13 120 1
13 121 1
13 90 1
13 122 1
14 82 1
14 123 1
14 124 1
14 125 1
15 128 1
15 125 1
15 126 1
15 127 1
16 129 1
16 130 1
16 131 1
17 132 1
17 118 1
18 133 1
18 134 1
19 136 1
19 137 1
19 135 1
20 126 1
21 138 1
22 127 1
22 139 1
22 119 1
23 104 1
23 120 1
23 100 1
24 140 1
24 141 1
25 142 1
25 143 1
26 144 1
26 145 1
27 130 1
27 147 1
27 148 1
27 146 1
27 103 1
28 122 1
28 151 1
28 149 1
28 150 1
28 143 1
29 139 1
29 155 1
29 152 1
29 153 1
29 154 1
29 123 1
30 137 1
30 156 1
31 157 1
31 158 1
32 160 1
32 149 1
32 159 1
33 161 1
33 162 1
33 159 1
34 163 1
34 164 1
34 165 1
35 86 1
36 144 1
37 166 1
38 152 1
38 168 1
38 169 1
38 167 1
39 170 1
40 92 1
40 146 1
40 156 1
40 171 1
40 172 1
40 173 1
40 174 1
41 88 1
41 121 1
41 170 1
41 173 1
41 175 1
42 176 1
42 116 1
43 129 1
43 132 1
43 177 1
43 153 1
44 136 1
44 178 1
44 164 1
44 166 1
45 98 1
46 145 1
46 154 1
46 179 1
46 180 1
47 96 1
47 169 1
47 174 1
47 158 1
47 181 1
48 182 1
48 142 1
49 147 1
50 184 1
50 183 1
51 176 1
51 185 1
51 186 1
51 187 1
52 188 1
52 189 1
52 94 1
53 161 1
53 188 1
53 87 1
54 172 1
54 117 1
55 84 1
55 190 1
56 115 1
56 191 1
57 192 1
58 112 1
58 81 1
58 83 1
58 133 1
58 102 1
58 175 1
59 89 1
60 160 1
60 193 1
60 182 1
61 151 1
62 157 1
63 97 1
63 141 1
64 194 1
64 171 1
65 183 1
65 148 1
65 167 1
66 177 1
66 114 1
67 194 1
67 106 1
67 85 1
67 134 1
68 192 1
68 179 1
68 195 1
69 196 1
69 162 1
69 91 1
69 140 1
69 155 1
70 131 1
70 165 1
70 150 1
70 111 1
71 178 1
71 187 1
71 180 1
71 109 1
71 181 1
72 135 1
73 105 1
73 138 1
73 163 1
73 108 1
73 196 1
74 168 1
74 198 1
74 93 1
74 110 1
74 197 1
75 113 1
75 198 1
75 190 1
75 199 1
76 184 1
76 197 1
77 128 1
77 193 1
77 186 1
78 124 1
78 189 1
79 185 1
79 195 1
79 199 1
79 191 1
1
0 1 2 3 4 5
