Nodes
3240
0 1
1 1
2 1
3 1
4 1
5 1
6 1
7 1
8 1
9 1
10 1
11 1
12 1
13 1
14 1
15 1
16 1
17 1
18 1
19 1
20 1
21 1
22 1
23 1
24 1
25 1
26 1
27 1
28 1
29 1
30 1
31 1
32 1
33 1
34 1
35 1
36 1
37 1
38 1
39 1
40 1
41 1
42 1
43 1
44 1
45 1
46 1
47 1
48 1
49 1
50 1
51 1
52 1
53 1
54 1
55 1
56 1
57 1
58 1
59 1
60 1
61 1
62 1
63 1
64 1
65 1
66 1
67 1
68 1
69 1
70 1
71 1
72 1
73 1
74 1
75 1
76 1
77 1
78 1
79 1
80 294
81 300
82 306
83 292
84 301
85 297
86 296
87 295
88 305
89 295
90 297
91 304
92 301
93 310
94 295
95 303
96 295
97 299
98 303
99 203
100 201
101 204
102 199
103 203
104 201
105 205
106 206
107 191
108 193
109 204
110 199
111 204
112 194
113 196
114 194
115 208
116 203
117 206
118 199
119 199
120 202
121 196
122 193
123 202
124 207
125 203
126 208
127 203
128 207
129 200
130 199
131 199
132 192
133 196
134 199
135 196
136 196
137 200
138 196
139 197
140 198
141 206
142 197
143 204
144 196
145 189
146 209
147 209
148 200
149 201
150 196
151 200
152 195
153 205
154 200
155 199
156 200
157 201
158 198
159 303
160 298
161 302
162 300
163 296
164 300
165 305
166 304
167 297
168 296
169 297
170 297
171 293
172 300
173 308
174 298
175 288
176 295
177 201
178 188
179 202
180 202
181 196
182 200
183 198
184 199
185 205
186 199
187 195
188 197
189 199
190 200
191 197
192 195
193 200
194 197
195 201
196 200
197 194
198 198
199 196
200 193
201 195
202 209
203 200
204 191
205 201
206 198
207 204
208 209
209 194
210 202
211 204
212 208
213 194
214 201
215 196
216 208
217 194
218 203
219 195
220 202
221 198
222 202
223 203
224 204
225 200
226 197
227 201
228 190
229 202
230 195
231 204
232 199
233 209
234 197
235 205
236 188
237 306
238 296
239 303
240 300
241 302
242 304
243 311
244 303
245 306
246 311
247 304
248 305
249 305
250 300
251 303
252 301
253 301
254 202
255 198
256 205
257 207
258 200
259 197
260 205
261 196
262 203
263 197
264 212
265 195
266 202
267 209
268 196
269 206
270 197
271 198
272 203
273 193
274 201
275 200
276 196
277 207
278 197
279 208
280 196
281 201
282 202
283 196
284 193
285 203
286 195
287 195
288 200
289 204
290 194
291 208
292 204
293 193
294 207
295 197
296 202
297 199
298 199
299 201
300 195
301 193
302 209
303 193
304 205
305 201
306 195
307 202
308 190
309 195
310 197
311 197
312 202
313 199
314 309
315 297
316 303
317 300
318 303
319 297
320 305
321 301
322 297
323 298
324 301
325 301
326 299
327 295
328 299
329 298
330 186
331 200
332 202
333 204
334 200
335 204
336 212
337 201
338 198
339 194
340 198
341 195
342 200
343 208
344 199
345 200
346 192
347 199
348 200
349 198
350 200
351 201
352 202
353 193
354 201
355 204
356 193
357 210
358 201
359 196
360 194
361 200
362 200
363 201
364 197
365 199
366 197
367 198
368 196
369 208
370 203
371 202
372 203
373 204
374 207
375 202
376 194
377 199
378 207
379 210
380 200
381 196
382 198
383 200
384 193
385 199
386 194
387 204
388 204
389 193
390 291
391 297
392 298
393 306
394 305
395 303
396 304
397 304
398 295
399 303
400 294
401 304
402 294
403 301
404 304
405 197
406 205
407 196
408 205
409 199
410 199
411 206
412 212
413 204
414 201
415 191
416 207
417 197
418 200
419 200
420 203
421 196
422 201
423 198
424 193
425 198
426 190
427 197
428 205
429 204
430 205
431 204
432 209
433 201
434 193
435 201
436 202
437 199
438 197
439 201
440 201
441 199
442 200
443 200
444 196
445 203
446 196
447 203
448 207
449 202
450 196
451 201
452 192
453 206
454 200
455 197
456 206
457 197
458 197
459 194
460 200
461 190
462 197
463 197
464 200
465 297
466 298
467 305
468 302
469 303
470 302
471 298
472 297
473 303
474 304
475 306
476 305
477 296
478 299
479 206
480 203
481 197
482 198
483 201
484 202
485 195
486 198
487 199
488 200
489 198
490 201
491 201
492 196
493 198
494 201
495 200
496 194
497 209
498 200
499 210
500 194
501 203
502 194
503 197
504 195
505 200
506 198
507 193
508 203
509 199
510 192
511 203
512 199
513 209
514 201
515 199
516 204
517 195
518 208
519 202
520 208
521 204
522 196
523 197
524 201
525 200
526 200
527 193
528 197
529 192
530 195
531 202
532 192
533 202
534 201
535 197
536 206
537 197
538 199
539 297
540 293
541 298
542 301
543 299
544 289
545 298
546 298
547 303
548 301
549 301
550 301
551 295
552 200
553 201
554 197
555 202
556 203
557 192
558 205
559 195
560 200
561 191
562 206
563 200
564 195
565 195
566 205
567 198
568 200
569 209
570 192
571 203
572 203
573 204
574 196
575 194
576 196
577 203
578 199
579 198
580 206
581 198
582 202
583 199
584 196
585 204
586 200
587 208
588 189
589 200
590 203
591 195
592 199
593 206
594 196
595 202
596 204
597 200
598 206
599 198
600 201
601 198
602 207
603 207
604 196
605 198
606 204
607 206
608 200
609 208
610 201
611 198
612 299
613 299
614 298
615 291
616 297
617 299
618 306
619 307
620 302
621 307
622 304
623 288
624 206
625 209
626 197
627 198
628 196
629 197
630 198
631 202
632 206
633 194
634 209
635 201
636 210
637 196
638 196
639 203
640 192
641 195
642 207
643 203
644 197
645 207
646 202
647 197
648 195
649 202
650 204
651 200
652 203
653 202
654 185
655 198
656 200
657 207
658 199
659 202
660 197
661 208
662 205
663 199
664 201
665 193
666 196
667 199
668 202
669 211
670 191
671 204
672 194
673 204
674 204
675 206
676 198
677 200
678 195
679 199
680 203
681 197
682 192
683 206
684 298
685 299
686 303
687 291
688 301
689 309
690 297
691 293
692 291
693 301
694 296
695 201
696 195
697 194
698 198
699 207
700 198
701 204
702 200
703 203
704 206
705 207
706 203
707 205
708 200
709 190
710 191
711 204
712 206
713 193
714 212
715 198
716 194
717 209
718 205
719 203
720 198
721 195
722 199
723 202
724 202
725 192
726 200
727 211
728 190
729 201
730 202
731 192
732 201
733 205
734 195
735 205
736 196
737 195
738 205
739 202
740 196
741 199
742 194
743 207
744 198
745 199
746 202
747 192
748 197
749 191
750 198
751 196
752 194
753 196
754 200
755 301
756 299
757 298
758 297
759 297
760 295
761 300
762 295
763 297
764 303
765 195
766 203
767 197
768 193
769 199
770 203
771 208
772 204
773 200
774 205
775 205
776 191
777 198
778 206
779 203
780 195
781 199
782 197
783 207
784 203
785 192
786 202
787 203
788 195
789 201
790 195
791 194
792 195
793 209
794 199
795 198
796 195
797 190
798 200
799 192
800 203
801 194
802 197
803 199
804 203
805 206
806 200
807 196
808 206
809 195
810 202
811 199
812 208
813 201
814 202
815 193
816 202
817 194
818 205
819 204
820 202
821 194
822 200
823 193
824 199
825 292
826 302
827 298
828 297
829 301
830 307
831 297
832 295
833 301
834 197
835 191
836 190
837 198
838 202
839 210
840 201
841 199
842 208
843 203
844 196
845 201
846 204
847 200
848 211
849 200
850 190
851 194
852 192
853 212
854 207
855 212
856 201
857 212
858 199
859 200
860 202
861 203
862 206
863 195
864 196
865 199
866 194
867 198
868 197
869 200
870 198
871 201
872 199
873 198
874 198
875 193
876 199
877 202
878 204
879 197
880 204
881 202
882 206
883 196
884 200
885 205
886 206
887 205
888 206
889 201
890 203
891 203
892 200
893 203
894 303
895 299
896 313
897 301
898 306
899 303
900 313
901 299
902 198
903 201
904 204
905 203
906 197
907 199
908 194
909 195
910 199
911 202
912 198
913 205
914 202
915 202
916 199
917 198
918 193
919 197
920 201
921 207
922 192
923 196
924 193
925 194
926 205
927 200
928 196
929 200
930 209
931 200
932 196
933 204
934 198
935 209
936 195
937 198
938 194
939 197
940 191
941 204
942 207
943 195
944 186
945 186
946 194
947 194
948 203
949 204
950 204
951 193
952 201
953 197
954 196
955 202
956 190
957 206
958 197
959 196
960 203
961 193
962 304
963 302
964 302
965 291
966 301
967 302
968 286
969 199
970 197
971 204
972 197
973 201
974 206
975 193
976 198
977 206
978 193
979 203
980 199
981 198
982 189
983 194
984 199
985 203
986 208
987 199
988 194
989 201
990 190
991 190
992 195
993 205
994 198
995 199
996 206
997 207
998 191
999 201
1000 197
1001 193
1002 200
1003 198
1004 198
1005 189
1006 196
1007 195
1008 198
1009 190
1010 197
1011 204
1012 196
1013 191
1014 207
1015 192
1016 207
1017 205
1018 202
1019 201
1020 204
1021 198
1022 197
1023 197
1024 195
1025 207
1026 202
1027 203
1028 194
1029 303
1030 293
1031 298
1032 301
1033 307
1034 290
1035 189
1036 191
1037 195
1038 191
1039 194
1040 203
1041 194
1042 201
1043 190
1044 200
1045 204
1046 199
1047 187
1048 200
1049 204
1050 206
1051 196
1052 196
1053 195
1054 203
1055 203
1056 207
1057 193
1058 202
1059 207
1060 200
1061 203
1062 210
1063 198
1064 196
1065 196
1066 204
1067 201
1068 200
1069 196
1070 193
1071 208
1072 195
1073 203
1074 185
1075 201
1076 198
1077 201
1078 196
1079 198
1080 200
1081 206
1082 196
1083 198
1084 195
1085 192
1086 196
1087 197
1088 193
1089 200
1090 198
1091 211
1092 193
1093 200
1094 192
1095 306
1096 301
1097 307
1098 303
1099 305
1100 201
1101 206
1102 198
1103 200
1104 211
1105 193
1106 200
1107 195
1108 196
1109 202
1110 196
1111 195
1112 198
1113 207
1114 197
1115 193
1116 196
1117 200
1118 198
1119 202
1120 196
1121 193
1122 202
1123 197
1124 197
1125 197
1126 202
1127 195
1128 204
1129 203
1130 212
1131 196
1132 196
1133 200
1134 209
1135 199
1136 200
1137 200
1138 210
1139 192
1140 203
1141 198
1142 199
1143 196
1144 198
1145 194
1146 205
1147 196
1148 196
1149 198
1150 195
1151 202
1152 196
1153 196
1154 197
1155 194
1156 197
1157 209
1158 195
1159 204
1160 301
1161 302
1162 288
1163 304
1164 198
1165 204
1166 195
1167 205
1168 198
1169 202
1170 204
1171 200
1172 202
1173 198
1174 213
1175 212
1176 201
1177 194
1178 202
1179 200
1180 188
1181 193
1182 200
1183 201
1184 200
1185 201
1186 187
1187 199
1188 203
1189 205
1190 208
1191 202
1192 203
1193 205
1194 197
1195 203
1196 193
1197 202
1198 200
1199 193
1200 201
1201 203
1202 198
1203 192
1204 201
1205 200
1206 194
1207 195
1208 191
1209 207
1210 202
1211 205
1212 199
1213 203
1214 210
1215 204
1216 198
1217 207
1218 198
1219 196
1220 204
1221 198
1222 200
1223 191
1224 304
1225 303
1226 308
1227 190
1228 198
1229 197
1230 198
1231 190
1232 204
1233 195
1234 204
1235 209
1236 198
1237 202
1238 200
1239 199
1240 200
1241 205
1242 196
1243 203
1244 209
1245 192
1246 193
1247 201
1248 202
1249 194
1250 201
1251 206
1252 195
1253 203
1254 208
1255 201
1256 198
1257 203
1258 208
1259 192
1260 198
1261 200
1262 198
1263 199
1264 196
1265 199
1266 204
1267 207
1268 203
1269 199
1270 199
1271 193
1272 203
1273 204
1274 201
1275 205
1276 196
1277 197
1278 201
1279 195
1280 197
1281 209
1282 200
1283 199
1284 202
1285 195
1286 201
1287 303
1288 296
1289 198
1290 197
1291 200
1292 197
1293 194
1294 193
1295 195
1296 203
1297 208
1298 202
1299 198
1300 194
1301 201
1302 201
1303 204
1304 199
1305 212
1306 194
1307 190
1308 206
1309 206
1310 200
1311 203
1312 204
1313 199
1314 197
1315 193
1316 200
1317 202
1318 205
1319 192
1320 194
1321 197
1322 196
1323 198
1324 191
1325 188
1326 201
1327 187
1328 199
1329 208
1330 198
1331 202
1332 201
1333 204
1334 199
1335 201
1336 199
1337 207
1338 197
1339 195
1340 199
1341 208
1342 200
1343 194
1344 207
1345 196
1346 194
1347 194
1348 205
1349 302
1350 202
1351 190
1352 192
1353 193
1354 205
1355 200
1356 191
1357 207
1358 213
1359 203
1360 192
1361 194
1362 207
1363 200
1364 197
1365 193
1366 193
1367 202
1368 197
1369 207
1370 198
1371 201
1372 198
1373 208
1374 206
1375 192
1376 198
1377 199
1378 201
1379 192
1380 207
1381 196
1382 209
1383 200
1384 203
1385 200
1386 199
1387 198
1388 201
1389 202
1390 202
1391 209
1392 191
1393 200
1394 204
1395 203
1396 200
1397 201
1398 205
1399 202
1400 211
1401 198
1402 203
1403 200
1404 207
1405 208
1406 202
1407 192
1408 195
1409 203
1410 185
1411 200
1412 205
1413 198
1414 200
1415 200
1416 195
1417 196
1418 194
1419 195
1420 200
1421 199
1422 193
1423 193
1424 190
1425 194
1426 188
1427 196
1428 198
1429 201
1430 206
1431 200
1432 198
1433 198
1434 200
1435 209
1436 203
1437 204
1438 204
1439 195
1440 200
1441 199
1442 198
1443 193
1444 205
1445 196
1446 197
1447 200
1448 195
1449 199
1450 204
1451 204
1452 191
1453 197
1454 200
1455 199
1456 201
1457 193
1458 198
1459 200
1460 205
1461 194
1462 193
1463 199
1464 196
1465 201
1466 202
1467 202
1468 199
1469 194
1470 99
1471 98
1472 104
1473 95
1474 97
1475 104
1476 100
1477 102
1478 91
1479 104
1480 102
1481 105
1482 103
1483 103
1484 105
1485 107
1486 103
1487 99
1488 109
1489 97
1490 101
1491 91
1492 95
1493 110
1494 94
1495 99
1496 93
1497 91
1498 105
1499 96
1500 105
1501 95
1502 94
1503 103
1504 101
1505 100
1506 106
1507 100
1508 110
1509 95
1510 104
1511 99
1512 97
1513 97
1514 100
1515 105
1516 105
1517 97
1518 98
1519 97
1520 101
1521 107
1522 93
1523 103
1524 103
1525 105
1526 100
1527 94
1528 102
1529 98
1530 104
1531 100
1532 99
1533 97
1534 102
1535 95
1536 94
1537 105
1538 100
1539 101
1540 95
1541 100
1542 92
1543 99
1544 94
1545 96
1546 103
1547 96
1548 95
1549 96
1550 89
1551 104
1552 92
1553 94
1554 97
1555 90
1556 101
1557 101
1558 106
1559 110
1560 103
1561 99
1562 96
1563 103
1564 99
1565 111
1566 104
1567 98
1568 98
1569 96
1570 105
1571 98
1572 97
1573 105
1574 106
1575 105
1576 97
1577 107
1578 102
1579 91
1580 107
1581 93
1582 99
1583 103
1584 103
1585 94
1586 100
1587 106
1588 93
1589 100
1590 91
1591 96
1592 92
1593 98
1594 99
1595 101
1596 96
1597 96
1598 95
1599 97
1600 99
1601 97
1602 94
1603 106
1604 97
1605 99
1606 95
1607 97
1608 103
1609 104
1610 99
1611 110
1612 100
1613 94
1614 99
1615 98
1616 94
1617 94
1618 97
1619 98
1620 95
1621 90
1622 103
1623 93
1624 95
1625 102
1626 94
1627 111
1628 100
1629 93
1630 100
1631 101
1632 98
1633 92
1634 99
1635 94
1636 98
1637 101
1638 107
1639 103
1640 100
1641 98
1642 101
1643 106
1644 96
1645 102
1646 103
1647 99
1648 94
1649 91
1650 100
1651 106
1652 101
1653 94
1654 101
1655 94
1656 97
1657 101
1658 102
1659 100
1660 100
1661 92
1662 105
1663 99
1664 94
1665 101
1666 97
1667 104
1668 97
1669 98
1670 106
1671 90
1672 90
1673 102
1674 102
1675 96
1676 100
1677 100
1678 96
1679 98
1680 103
1681 93
1682 98
1683 107
1684 98
1685 92
1686 100
1687 101
1688 102
1689 106
1690 97
1691 95
1692 96
1693 103
1694 99
1695 89
1696 99
1697 103
1698 107
1699 116
1700 94
1701 98
1702 100
1703 96
1704 93
1705 94
1706 101
1707 102
1708 107
1709 95
1710 105
1711 107
1712 97
1713 101
1714 103
1715 99
1716 90
1717 95
1718 102
1719 93
1720 109
1721 98
1722 102
1723 105
1724 104
1725 110
1726 105
1727 90
1728 93
1729 96
1730 97
1731 92
1732 105
1733 96
1734 97
1735 94
1736 85
1737 106
1738 90
1739 105
1740 94
1741 106
1742 103
1743 97
1744 94
1745 98
1746 100
1747 112
1748 91
1749 102
1750 96
1751 98
1752 93
1753 103
1754 94
1755 97
1756 103
1757 99
1758 97
1759 93
1760 100
1761 98
1762 97
1763 96
1764 100
1765 101
1766 92
1767 108
1768 103
1769 103
1770 96
1771 109
1772 103
1773 107
1774 106
1775 102
1776 94
1777 96
1778 95
1779 99
1780 98
1781 98
1782 107
1783 99
1784 106
1785 103
1786 101
1787 95
1788 106
1789 105
1790 98
1791 104
1792 98
1793 100
1794 103
1795 103
1796 102
1797 99
1798 101
1799 88
1800 110
1801 93
1802 101
1803 97
1804 103
1805 95
1806 91
1807 102
1808 94
1809 102
1810 103
1811 103
1812 104
1813 95
1814 109
1815 106
1816 106
1817 94
1818 101
1819 98
1820 93
1821 102
1822 104
1823 93
1824 104
1825 104
1826 95
1827 104
1828 104
1829 104
1830 98
1831 98
1832 104
1833 98
1834 96
1835 101
1836 102
1837 97
1838 104
1839 105
1840 102
1841 100
1842 106
1843 100
1844 98
1845 110
1846 105
1847 103
1848 94
1849 100
1850 105
1851 102
1852 99
1853 105
1854 94
1855 102
1856 98
1857 106
1858 99
1859 100
1860 99
1861 105
1862 106
1863 91
1864 100
1865 93
1866 107
1867 110
1868 99
1869 98
1870 95
1871 96
1872 96
1873 98
1874 100
1875 103
1876 96
1877 98
1878 94
1879 104
1880 98
1881 95
1882 104
1883 94
1884 109
1885 93
1886 96
1887 93
1888 109
1889 105
1890 97
1891 92
1892 103
1893 105
1894 90
1895 101
1896 109
1897 91
1898 97
1899 98
1900 95
1901 98
1902 92
1903 92
1904 100
1905 102
1906 107
1907 100
1908 103
1909 103
1910 98
1911 97
1912 107
1913 92
1914 97
1915 95
1916 101
1917 95
1918 92
1919 108
1920 94
1921 95
1922 90
1923 94
1924 97
1925 99
1926 106
1927 102
1928 96
1929 107
1930 106
1931 92
1932 99
1933 101
1934 102
1935 96
1936 91
1937 97
1938 103
1939 101
1940 105
1941 102
1942 97
1943 88
1944 105
1945 92
1946 99
1947 96
1948 99
1949 100
1950 103
1951 100
1952 104
1953 96
1954 93
1955 95
1956 94
1957 99
1958 93
1959 102
1960 104
1961 92
1962 95
1963 105
1964 105
1965 107
1966 113
1967 103
1968 99
1969 100
1970 96
1971 98
1972 97
1973 104
1974 105
1975 95
1976 99
1977 102
1978 102
1979 96
1980 107
1981 100
1982 89
1983 108
1984 99
1985 100
1986 106
1987 100
1988 105
1989 98
1990 98
1991 97
1992 97
1993 98
1994 105
1995 113
1996 94
1997 104
1998 91
1999 99
2000 94
2001 101
2002 92
2003 106
2004 89
2005 100
2006 107
2007 99
2008 99
2009 99
2010 101
2011 103
2012 101
2013 100
2014 92
2015 95
2016 94
2017 95
2018 102
2019 92
2020 101
2021 102
2022 98
2023 95
2024 103
2025 96
2026 104
2027 101
2028 92
2029 90
2030 93
2031 93
2032 101
2033 94
2034 103
2035 98
2036 95
2037 97
2038 98
2039 100
2040 96
2041 100
2042 98
2043 97
2044 101
2045 105
2046 103
2047 101
2048 93
2049 93
2050 101
2051 94
2052 97
2053 95
2054 100
2055 102
2056 104
2057 96
2058 95
2059 112
2060 103
2061 101
2062 103
2063 106
2064 101
2065 99
2066 114
2067 106
2068 101
2069 94
2070 98
2071 99
2072 97
2073 98
2074 98
2075 99
2076 98
2077 94
2078 105
2079 96
2080 98
2081 101
2082 106
2083 90
2084 106
2085 102
2086 98
2087 96
2088 91
2089 93
2090 95
2091 109
2092 91
2093 104
2094 108
2095 101
2096 104
2097 102
2098 95
2099 94
2100 105
2101 95
2102 104
2103 96
2104 105
2105 98
2106 99
2107 100
2108 106
2109 105
2110 102
2111 98
2112 102
2113 94
2114 97
2115 92
2116 96
2117 101
2118 99
2119 95
2120 93
2121 107
2122 103
2123 105
2124 99
2125 104
2126 93
2127 104
2128 100
2129 95
2130 93
2131 98
2132 104
2133 99
2134 103
2135 108
2136 104
2137 100
2138 93
2139 102
2140 94
2141 108
2142 97
2143 99
2144 96
2145 99
2146 102
2147 94
2148 107
2149 96
2150 97
2151 102
2152 106
2153 95
2154 97
2155 100
2156 101
2157 96
2158 109
2159 90
2160 108
2161 95
2162 96
2163 100
2164 103
2165 101
2166 104
2167 99
2168 104
2169 93
2170 100
2171 103
2172 108
2173 100
2174 107
2175 99
2176 94
2177 100
2178 100
2179 95
2180 109
2181 105
2182 102
2183 90
2184 97
2185 99
2186 109
2187 109
2188 97
2189 101
2190 102
2191 100
2192 90
2193 104
2194 95
2195 106
2196 107
2197 99
2198 93
2199 107
2200 106
2201 96
2202 97
2203 96
2204 101
2205 93
2206 113
2207 97
2208 96
2209 104
2210 103
2211 92
2212 100
2213 105
2214 101
2215 94
2216 104
2217 93
2218 107
2219 101
2220 100
2221 100
2222 105
2223 108
2224 98
2225 94
2226 108
2227 102
2228 99
2229 110
2230 98
2231 95
2232 99
2233 93
2234 97
2235 101
2236 97
2237 96
2238 103
2239 103
2240 101
2241 93
2242 100
2243 100
2244 96
2245 96
2246 97
2247 91
2248 102
2249 102
2250 102
2251 104
2252 92
2253 111
2254 99
2255 101
2256 101
2257 98
2258 101
2259 106
2260 100
2261 110
2262 97
2263 101
2264 88
2265 103
2266 96
2267 101
2268 98
2269 102
2270 97
2271 102
2272 104
2273 103
2274 85
2275 97
2276 104
2277 104
2278 90
2279 92
2280 95
2281 103
2282 96
2283 96
2284 93
2285 105
2286 108
2287 92
2288 103
2289 92
2290 95
2291 104
2292 98
2293 101
2294 101
2295 99
2296 99
2297 109
2298 96
2299 107
2300 99
2301 101
2302 112
2303 102
2304 113
2305 101
2306 98
2307 98
2308 103
2309 101
2310 101
2311 96
2312 90
2313 103
2314 102
2315 91
2316 104
2317 107
2318 107
2319 99
2320 105
2321 106
2322 98
2323 96
2324 91
2325 101
2326 98
2327 104
2328 98
2329 107
2330 100
2331 98
2332 92
2333 95
2334 110
2335 106
2336 101
2337 106
2338 106
2339 92
2340 97
2341 101
2342 99
2343 94
2344 102
2345 102
2346 100
2347 107
2348 94
2349 93
2350 99
2351 101
2352 102
2353 106
2354 107
2355 112
2356 100
2357 97
2358 93
2359 105
2360 96
2361 99
2362 103
2363 100
2364 93
2365 88
2366 109
2367 95
2368 105
2369 113
2370 101
2371 100
2372 99
2373 84
2374 101
2375 89
2376 99
2377 94
2378 95
2379 104
2380 96
2381 97
2382 102
2383 92
2384 99
2385 102
2386 93
2387 94
2388 97
2389 101
2390 95
2391 102
2392 96
2393 102
2394 94
2395 97
2396 111
2397 89
2398 100
2399 106
2400 100
2401 98
2402 97
2403 101
2404 106
2405 92
2406 100
2407 98
2408 93
2409 102
2410 93
2411 96
2412 99
2413 99
2414 103
2415 96
2416 92
2417 97
2418 103
2419 101
2420 101
2421 99
2422 94
2423 101
2424 104
2425 100
2426 96
2427 105
2428 102
2429 109
2430 93
2431 93
2432 100
2433 104
2434 100
2435 102
2436 103
2437 100
2438 104
2439 106
2440 100
2441 92
2442 98
2443 91
2444 107
2445 94
2446 96
2447 94
2448 91
2449 101
2450 86
2451 101
2452 101
2453 106
2454 105
2455 95
2456 94
2457 92
2458 107
2459 92
2460 97
2461 96
2462 104
2463 91
2464 107
2465 105
2466 101
2467 101
2468 96
2469 100
2470 106
2471 107
2472 107
2473 97
2474 101
2475 97
2476 96
2477 99
2478 93
2479 102
2480 104
2481 94
2482 97
2483 89
2484 98
2485 96
2486 96
2487 99
2488 101
2489 102
2490 103
2491 106
2492 90
2493 100
2494 98
2495 101
2496 90
2497 115
2498 101
2499 96
2500 92
2501 104
2502 101
2503 95
2504 92
2505 99
2506 101
2507 99
2508 100
2509 98
2510 94
2511 99
2512 92
2513 96
2514 91
2515 105
2516 105
2517 100
2518 98
2519 97
2520 108
2521 101
2522 97
2523 94
2524 100
2525 96
2526 105
2527 94
2528 103
2529 101
2530 105
2531 96
2532 97
2533 101
2534 104
2535 95
2536 101
2537 97
2538 99
2539 100
2540 95
2541 95
2542 100
2543 106
2544 102
2545 107
2546 100
2547 100
2548 94
2549 93
2550 100
2551 97
2552 99
2553 95
2554 99
2555 107
2556 102
2557 98
2558 101
2559 97
2560 101
2561 108
2562 101
2563 110
2564 104
2565 106
2566 94
2567 95
2568 104
2569 98
2570 97
2571 96
2572 101
2573 92
2574 91
2575 108
2576 99
2577 99
2578 96
2579 99
2580 95
2581 104
2582 98
2583 96
2584 97
2585 101
2586 97
2587 100
2588 100
2589 101
2590 98
2591 92
2592 99
2593 92
2594 103
2595 108
2596 96
2597 107
2598 110
2599 98
2600 94
2601 102
2602 94
2603 98
2604 94
2605 101
2606 98
2607 92
2608 101
2609 96
2610 108
2611 101
2612 92
2613 83
2614 105
2615 93
2616 100
2617 94
2618 109
2619 97
2620 105
2621 103
2622 88
2623 103
2624 96
2625 98
2626 101
2627 101
2628 92
2629 95
2630 97
2631 98
2632 98
2633 100
2634 99
2635 104
2636 100
2637 98
2638 97
2639 102
2640 108
2641 94
2642 91
2643 106
2644 103
2645 97
2646 108
2647 91
2648 106
2649 102
2650 117
2651 93
2652 100
2653 93
2654 96
2655 93
2656 98
2657 104
2658 103
2659 99
2660 94
2661 93
2662 102
2663 101
2664 102
2665 104
2666 113
2667 106
2668 105
2669 92
2670 105
2671 95
2672 89
2673 99
2674 100
2675 101
2676 101
2677 95
2678 97
2679 96
2680 99
2681 100
2682 102
2683 90
2684 98
2685 100
2686 97
2687 98
2688 101
2689 106
2690 101
2691 92
2692 99
2693 105
2694 103
2695 96
2696 105
2697 97
2698 102
2699 98
2700 103
2701 98
2702 101
2703 97
2704 98
2705 105
2706 101
2707 100
2708 99
2709 107
2710 101
2711 90
2712 94
2713 100
2714 100
2715 93
2716 94
2717 89
2718 97
2719 92
2720 106
2721 101
2722 95
2723 103
2724 102
2725 101
2726 95
2727 109
2728 97
2729 86
2730 101
2731 103
2732 95
2733 96
2734 107
2735 106
2736 102
2737 98
2738 102
2739 98
2740 101
2741 102
2742 100
2743 100
2744 91
2745 97
2746 105
2747 96
2748 107
2749 92
2750 97
2751 94
2752 104
2753 102
2754 97
2755 91
2756 103
2757 108
2758 101
2759 99
2760 106
2761 108
2762 92
2763 95
2764 104
2765 101
2766 89
2767 102
2768 106
2769 97
2770 106
2771 94
2772 100
2773 97
2774 101
2775 95
2776 97
2777 96
2778 92
2779 106
2780 103
2781 98
2782 95
2783 106
2784 103
2785 96
2786 94
2787 101
2788 104
2789 91
2790 96
2791 103
2792 100
2793 98
2794 93
2795 97
2796 99
2797 97
2798 101
2799 102
2800 104
2801 89
2802 102
2803 95
2804 97
2805 96
2806 99
2807 100
2808 102
2809 103
2810 100
2811 99
2812 99
2813 101
2814 108
2815 102
2816 97
2817 100
2818 100
2819 96
2820 102
2821 90
2822 94
2823 107
2824 102
2825 97
2826 98
2827 108
2828 95
2829 107
2830 102
2831 99
2832 107
2833 90
2834 104
2835 103
2836 97
2837 97
2838 99
2839 97
2840 95
2841 99
2842 100
2843 97
2844 101
2845 108
2846 106
2847 92
2848 95
2849 97
2850 101
2851 96
2852 96
2853 93
2854 97
2855 92
2856 96
2857 107
2858 98
2859 99
2860 98
2861 99
2862 99
2863 101
2864 97
2865 107
2866 100
2867 93
2868 93
2869 105
2870 101
2871 102
2872 99
2873 95
2874 101
2875 114
2876 99
2877 98
2878 97
2879 95
2880 112
2881 93
2882 107
2883 101
2884 99
2885 95
2886 106
2887 98
2888 94
2889 96
2890 105
2891 108
2892 100
2893 90
2894 92
2895 97
2896 104
2897 99
2898 97
2899 99
2900 93
2901 100
2902 99
2903 102
2904 98
2905 104
2906 93
2907 98
2908 100
2909 106
2910 103
2911 105
2912 106
2913 102
2914 101
2915 94
2916 99
2917 100
2918 108
2919 95
2920 102
2921 110
2922 102
2923 113
2924 99
2925 91
2926 95
2927 101
2928 96
2929 101
2930 95
2931 104
2932 108
2933 87
2934 95
2935 103
2936 102
2937 99
2938 101
2939 97
2940 90
2941 98
2942 104
2943 103
2944 99
2945 100
2946 97
2947 104
2948 101
2949 100
2950 98
2951 105
2952 95
2953 108
2954 104
2955 99
2956 102
2957 103
2958 97
2959 96
2960 99
2961 89
2962 108
2963 97
2964 103
2965 107
2966 106
2967 97
2968 98
2969 103
2970 96
2971 102
2972 96
2973 95
2974 109
2975 102
2976 105
2977 95
2978 96
2979 103
2980 104
2981 102
2982 103
2983 98
2984 100
2985 93
2986 101
2987 95
2988 93
2989 96
2990 95
2991 88
2992 96
2993 92
2994 90
2995 99
2996 100
2997 93
2998 96
2999 97
3000 101
3001 106
3002 106
3003 93
3004 94
3005 95
3006 95
3007 102
3008 99
3009 104
3010 101
3011 102
3012 96
3013 102
3014 94
3015 92
3016 101
3017 98
3018 97
3019 109
3020 94
3021 104
3022 97
3023 97
3024 101
3025 87
3026 95
3027 100
3028 100
3029 106
3030 95
3031 94
3032 99
3033 107
3034 91
3035 106
3036 99
3037 102
3038 101
3039 104
3040 93
3041 96
3042 100
3043 109
3044 93
3045 102
3046 108
3047 97
3048 97
3049 96
3050 95
3051 100
3052 101
3053 100
3054 103
3055 106
3056 96
3057 100
3058 108
3059 106
3060 103
3061 108
3062 105
3063 93
3064 104
3065 98
3066 99
3067 104
3068 94
3069 102
3070 101
3071 104
3072 102
3073 100
3074 100
3075 104
3076 95
3077 93
3078 98
3079 100
3080 98
3081 112
3082 111
3083 111
3084 101
3085 101
3086 93
3087 102
3088 102
3089 88
3090 90
3091 100
3092 96
3093 98
3094 100
3095 99
3096 96
3097 103
3098 91
3099 105
3100 103
3101 98
3102 103
3103 98
3104 101
3105 99
3106 104
3107 109
3108 93
3109 106
3110 102
3111 94
3112 115
3113 99
3114 95
3115 98
3116 98
3117 96
3118 101
3119 94
3120 106
3121 104
3122 94
3123 95
3124 93
3125 92
3126 103
3127 98
3128 99
3129 107
3130 101
3131 87
3132 106
3133 93
3134 94
3135 99
3136 103
3137 94
3138 100
3139 102
3140 103
3141 95
3142 90
3143 95
3144 113
3145 97
3146 102
3147 106
3148 103
3149 96
3150 90
3151 96
3152 100
3153 106
3154 99
3155 103
3156 96
3157 100
3158 102
3159 102
3160 98
3161 87
3162 100
3163 97
3164 92
3165 103
3166 107
3167 94
3168 102
3169 93
3170 111
3171 106
3172 92
3173 103
3174 106
3175 102
3176 97
3177 98
3178 103
3179 98
3180 99
3181 104
3182 101
3183 103
3184 102
3185 90
3186 93
3187 101
3188 93
3189 97
3190 102
3191 106
3192 101
3193 96
3194 101
3195 99
3196 95
3197 93
3198 96
3199 100
3200 92
3201 95
3202 92
3203 104
3204 101
3205 86
3206 96
3207 111
3208 99
3209 96
3210 90
3211 98
3212 92
3213 94
3214 102
3215 102
3216 99
3217 102
3218 107
3219 100
3220 97
3221 102
3222 106
3223 105
3224 100
3225 105
3226 107
3227 102
3228 100
3229 106
3230 103
3231 93
3232 103
3233 101
3234 103
3235 103
3236 102
3237 105
3238 98
3239 94
Edges
6320
0 128 1
0 129 1
0 130 1
0 131 1
0 132 1
0 133 1
0 134 1
0 135 1
0 136 1
0 137 1
0 138 1
0 139 1
0 140 1
0 141 1
0 142 1
0 143 1
0 144 1
0 145 1
0 146 1
0 147 1
0 148 1
0 149 1
0 150 1
0 151 1
0 152 1
0 153 1
0 154 1
0 155 1
0 156 1
0 157 1
0 158 1
0 80 1
0 81 1
0 82 1
0 83 1
0 84 1
0 85 1
0 86 1
0 87 1
0 88 1
0 89 1
0 90 1
0 91 1
0 92 1
0 93 1
0 94 1
0 95 1
0 96 1
0 97 1
0 98 1
0 99 1
0 100 1
0 101 1
0 102 1
0 103 1
0 104 1
0 105 1
0 106 1
0 107 1
0 108 1
0 109 1
0 110 1
0 111 1
0 112 1
0 113 1
0 114 1
0 115 1
0 116 1
0 117 1
0 118 1
0 119 1
0 120 1
0 121 1
0 122 1
0 123 1
0 124 1
0 125 1
0 126 1
0 127 1
1 235 1
1 159 1
1 160 1
1 161 1
1 162 1
1 163 1
1 164 1
1 165 1
1 166 1
1 167 1
1 168 1
1 169 1
1 170 1
1 171 1
1 172 1
1 173 1
1 174 1
1 175 1
1 176 1
1 177 1
1 178 1
1 179 1
1 180 1
1 181 1
1 182 1
1 183 1
1 184 1
1 185 1
1 186 1
1 187 1
1 188 1
1 189 1
1 190 1
1 191 1
1 192 1
1 193 1
1 194 1
1 195 1
1 196 1
1 197 1
1 198 1
1 199 1
1 200 1
1 201 1
1 202 1
1 203 1
1 204 1
1 205 1
1 206 1
1 207 1
1 80 1
1 209 1
1 210 1
1 211 1
1 212 1
1 213 1
1 214 1
1 215 1
1 216 1
1 217 1
1 218 1
1 219 1
1 220 1
1 221 1
1 222 1
1 223 1
1 224 1
1 208 1
1 226 1
1 227 1
1 228 1
1 229 1
1 230 1
1 231 1
1 232 1
1 233 1
1 234 1
1 225 1
1 236 1
2 256 1
2 257 1
2 258 1
2 259 1
2 260 1
2 261 1
2 262 1
2 263 1
2 264 1
2 265 1
2 266 1
2 267 1
2 268 1
2 269 1
2 270 1
2 271 1
2 272 1
2 273 1
2 274 1
2 275 1
2 276 1
2 277 1
2 278 1
2 279 1
2 280 1
2 281 1
2 282 1
2 283 1
2 284 1
2 285 1
2 286 1
2 159 1
2 288 1
2 289 1
2 290 1
2 291 1
2 292 1
2 293 1
2 294 1
2 295 1
2 296 1
2 297 1
2 298 1
2 299 1
2 300 1
2 301 1
2 302 1
2 303 1
2 304 1
2 305 1
2 306 1
2 307 1
2 308 1
2 309 1
2 310 1
2 311 1
2 312 1
2 313 1
2 287 1
2 81 1
2 237 1
2 238 1
2 239 1
2 240 1
2 241 1
2 242 1
2 243 1
2 244 1
2 245 1
2 246 1
2 247 1
2 248 1
2 249 1
2 250 1
2 251 1
2 252 1
2 253 1
2 254 1
2 255 1
3 384 1
3 385 1
3 386 1
3 387 1
3 388 1
3 389 1
3 237 1
3 160 1
3 365 1
3 314 1
3 315 1
3 316 1
3 317 1
3 318 1
3 319 1
3 320 1
3 321 1
3 322 1
3 323 1
3 324 1
3 325 1
3 326 1
3 327 1
3 328 1
3 329 1
3 330 1
3 331 1
3 332 1
3 333 1
3 334 1
3 335 1
3 336 1
3 337 1
3 82 1
3 339 1
3 340 1
3 341 1
3 342 1
3 343 1
3 344 1
3 345 1
3 346 1
3 347 1
3 348 1
3 349 1
3 350 1
3 351 1
3 352 1
3 353 1
3 354 1
3 355 1
3 356 1
3 357 1
3 358 1
3 359 1
3 360 1
3 361 1
3 362 1
3 363 1
3 364 1
3 338 1
3 366 1
3 367 1
3 368 1
3 369 1
3 370 1
3 371 1
3 372 1
3 373 1
3 374 1
3 375 1
3 376 1
3 377 1
3 378 1
3 379 1
3 380 1
3 381 1
3 382 1
3 383 1
4 390 1
4 391 1
4 392 1
4 393 1
4 394 1
4 395 1
4 396 1
4 397 1
4 398 1
4 399 1
4 400 1
4 401 1
4 402 1
4 403 1
4 404 1
4 405 1
4 406 1
4 407 1
4 408 1
4 409 1
4 410 1
4 411 1
4 412 1
4 413 1
4 414 1
4 415 1
4 416 1
4 161 1
4 418 1
4 419 1
4 420 1
4 421 1
4 422 1
4 423 1
4 424 1
4 425 1
4 426 1
4 427 1
4 428 1
4 429 1
4 430 1
4 431 1
4 432 1
4 433 1
4 434 1
4 435 1
4 436 1
4 437 1
4 438 1
4 439 1
4 440 1
4 441 1
4 314 1
4 443 1
4 444 1
4 445 1
4 446 1
4 447 1
4 448 1
4 449 1
4 450 1
4 451 1
4 452 1
4 453 1
4 454 1
4 417 1
4 456 1
4 457 1
4 458 1
4 459 1
4 460 1
4 461 1
4 462 1
4 463 1
4 464 1
4 83 1
4 442 1
4 455 1
4 238 1
5 512 1
5 513 1
5 514 1
5 515 1
5 516 1
5 517 1
5 390 1
5 519 1
5 520 1
5 521 1
5 522 1
5 523 1
5 524 1
5 525 1
5 526 1
5 527 1
5 528 1
5 529 1
5 530 1
5 531 1
5 532 1
5 533 1
5 534 1
5 535 1
5 536 1
5 537 1
5 538 1
5 495 1
5 162 1
5 518 1
5 315 1
5 505 1
5 465 1
5 466 1
5 467 1
5 84 1
5 469 1
5 470 1
5 471 1
5 472 1
5 473 1
5 474 1
5 475 1
5 476 1
5 477 1
5 478 1
5 479 1
5 480 1
5 481 1
5 482 1
5 483 1
5 484 1
5 485 1
5 486 1
5 487 1
5 488 1
5 489 1
5 490 1
5 491 1
5 492 1
5 493 1
5 494 1
5 239 1
5 496 1
5 497 1
5 498 1
5 499 1
5 500 1
5 501 1
5 502 1
5 503 1
5 504 1
5 468 1
5 506 1
5 507 1
5 508 1
5 509 1
5 510 1
5 511 1
6 391 1
6 539 1
6 540 1
6 541 1
6 542 1
6 543 1
6 544 1
6 545 1
6 546 1
6 547 1
6 548 1
6 549 1
6 550 1
6 551 1
6 552 1
6 553 1
6 554 1
6 555 1
6 556 1
6 557 1
6 558 1
6 559 1
6 560 1
6 561 1
6 562 1
6 563 1
6 564 1
6 565 1
6 566 1
6 567 1
6 568 1
6 569 1
6 570 1
6 571 1
6 572 1
6 573 1
6 574 1
6 575 1
6 576 1
6 577 1
6 578 1
6 579 1
6 580 1
6 581 1
6 582 1
6 583 1
6 584 1
6 585 1
6 586 1
6 587 1
6 588 1
6 589 1
6 590 1
6 591 1
6 592 1
6 465 1
6 594 1
6 163 1
6 596 1
6 85 1
6 598 1
6 599 1
6 600 1
6 601 1
6 602 1
6 603 1
6 604 1
6 605 1
6 606 1
6 607 1
6 608 1
6 609 1
6 610 1
6 611 1
6 593 1
6 316 1
6 240 1
6 595 1
6 597 1
7 640 1
7 641 1
7 642 1
7 643 1
7 644 1
7 645 1
7 646 1
7 647 1
7 392 1
7 649 1
7 650 1
7 651 1
7 652 1
7 653 1
7 654 1
7 655 1
7 656 1
7 657 1
7 658 1
7 659 1
7 660 1
7 661 1
7 662 1
7 663 1
7 664 1
7 665 1
7 666 1
7 539 1
7 668 1
7 669 1
7 670 1
7 671 1
7 672 1
7 673 1
7 674 1
7 667 1
7 164 1
7 677 1
7 678 1
7 241 1
7 680 1
7 681 1
7 682 1
7 683 1
7 679 1
7 648 1
7 317 1
7 466 1
7 675 1
7 86 1
7 676 1
7 612 1
7 613 1
7 614 1
7 615 1
7 616 1
7 617 1
7 618 1
7 619 1
7 620 1
7 621 1
7 622 1
7 623 1
7 624 1
7 625 1
7 626 1
7 627 1
7 628 1
7 629 1
7 630 1
7 631 1
7 632 1
7 633 1
7 634 1
7 635 1
7 636 1
7 637 1
7 638 1
7 639 1
8 393 1
8 727 1
8 540 1
8 165 1
8 740 1
8 684 1
8 685 1
8 686 1
8 687 1
8 688 1
8 689 1
8 690 1
8 691 1
8 692 1
8 693 1
8 694 1
8 695 1
8 696 1
8 697 1
8 698 1
8 699 1
8 700 1
8 701 1
8 702 1
8 703 1
8 704 1
8 705 1
8 706 1
8 707 1
8 708 1
8 709 1
8 710 1
8 711 1
8 712 1
8 713 1
8 714 1
8 715 1
8 716 1
8 717 1
8 718 1
8 719 1
8 720 1
8 721 1
8 722 1
8 467 1
8 724 1
8 725 1
8 726 1
8 87 1
8 728 1
8 729 1
8 730 1
8 731 1
8 732 1
8 733 1
8 734 1
8 735 1
8 736 1
8 737 1
8 738 1
8 739 1
8 612 1
8 741 1
8 742 1
8 743 1
8 744 1
8 745 1
8 746 1
8 747 1
8 748 1
8 749 1
8 750 1
8 751 1
8 752 1
8 753 1
8 242 1
8 723 1
8 318 1
8 754 1
9 768 1
9 769 1
9 770 1
9 771 1
9 772 1
9 773 1
9 774 1
9 775 1
9 776 1
9 777 1
9 394 1
9 779 1
9 780 1
9 781 1
9 782 1
9 783 1
9 784 1
9 785 1
9 786 1
9 787 1
9 788 1
9 789 1
9 790 1
9 791 1
9 792 1
9 793 1
9 794 1
9 795 1
9 796 1
9 541 1
9 798 1
9 799 1
9 800 1
9 801 1
9 802 1
9 803 1
9 804 1
9 805 1
9 166 1
9 807 1
9 808 1
9 809 1
9 810 1
9 811 1
9 684 1
9 813 1
9 814 1
9 797 1
9 816 1
9 817 1
9 818 1
9 243 1
9 820 1
9 821 1
9 822 1
9 823 1
9 824 1
9 819 1
9 815 1
9 778 1
9 319 1
9 812 1
9 468 1
9 88 1
9 806 1
9 613 1
9 755 1
9 756 1
9 757 1
9 758 1
9 759 1
9 760 1
9 761 1
9 762 1
9 763 1
9 764 1
9 765 1
9 766 1
9 767 1
10 832 1
10 395 1
10 884 1
10 870 1
10 857 1
10 542 1
10 167 1
10 685 1
10 883 1
10 825 1
10 826 1
10 827 1
10 828 1
10 829 1
10 830 1
10 831 1
10 320 1
10 833 1
10 834 1
10 835 1
10 836 1
10 837 1
10 838 1
10 839 1
10 840 1
10 841 1
10 842 1
10 843 1
10 844 1
10 845 1
10 846 1
10 847 1
10 848 1
10 849 1
10 850 1
10 851 1
10 852 1
10 469 1
10 854 1
10 855 1
10 856 1
10 89 1
10 858 1
10 859 1
10 860 1
10 861 1
10 862 1
10 863 1
10 864 1
10 865 1
10 866 1
10 867 1
10 868 1
10 869 1
10 614 1
10 871 1
10 872 1
10 873 1
10 874 1
10 875 1
10 876 1
10 877 1
10 878 1
10 879 1
10 880 1
10 881 1
10 882 1
10 755 1
10 244 1
10 885 1
10 886 1
10 887 1
10 888 1
10 889 1
10 890 1
10 891 1
10 892 1
10 893 1
10 853 1
11 896 1
11 897 1
11 898 1
11 899 1
11 900 1
11 901 1
11 902 1
11 903 1
11 904 1
11 905 1
11 906 1
11 907 1
11 396 1
11 909 1
11 910 1
11 911 1
11 912 1
11 913 1
11 914 1
11 915 1
11 916 1
11 917 1
11 918 1
11 919 1
11 920 1
11 921 1
11 922 1
11 923 1
11 924 1
11 925 1
11 926 1
11 543 1
11 928 1
11 929 1
11 930 1
11 931 1
11 932 1
11 933 1
11 934 1
11 935 1
11 168 1
11 937 1
11 938 1
11 939 1
11 940 1
11 941 1
11 686 1
11 943 1
11 944 1
11 945 1
11 946 1
11 947 1
11 948 1
11 942 1
11 950 1
11 951 1
11 952 1
11 825 1
11 954 1
11 927 1
11 956 1
11 957 1
11 958 1
11 949 1
11 960 1
11 321 1
11 961 1
11 908 1
11 470 1
11 953 1
11 90 1
11 955 1
11 615 1
11 936 1
11 756 1
11 245 1
11 959 1
11 894 1
11 895 1
12 1024 1
12 1025 1
12 1026 1
12 1027 1
12 1028 1
12 983 1
12 322 1
12 1022 1
12 998 1
12 544 1
12 1017 1
12 987 1
12 1009 1
12 169 1
12 687 1
12 826 1
12 1013 1
12 962 1
12 963 1
12 964 1
12 965 1
12 966 1
12 967 1
12 968 1
12 969 1
12 970 1
12 971 1
12 972 1
12 973 1
12 974 1
12 397 1
12 976 1
12 977 1
12 978 1
12 979 1
12 980 1
12 981 1
12 982 1
12 471 1
12 984 1
12 985 1
12 986 1
12 91 1
12 988 1
12 989 1
12 990 1
12 991 1
12 992 1
12 993 1
12 994 1
12 995 1
12 996 1
12 997 1
12 975 1
12 999 1
12 616 1
12 1001 1
12 1002 1
12 1003 1
12 1004 1
12 1005 1
12 1006 1
12 1007 1
12 1008 1
12 1000 1
12 1010 1
12 1011 1
12 1012 1
12 757 1
12 246 1
12 1015 1
12 1016 1
12 1014 1
12 1018 1
12 1019 1
12 1020 1
12 1021 1
12 894 1
12 1023 1
13 1091 1
13 1029 1
13 1030 1
13 1031 1
13 1032 1
13 1033 1
13 1034 1
13 1035 1
13 1036 1
13 1037 1
13 398 1
13 1039 1
13 1040 1
13 1041 1
13 1042 1
13 1043 1
13 1044 1
13 1045 1
13 1046 1
13 1047 1
13 1048 1
13 1049 1
13 1050 1
13 1051 1
13 1052 1
13 1053 1
13 1054 1
13 1055 1
13 1056 1
13 545 1
13 1058 1
13 1059 1
13 1060 1
13 1061 1
13 1062 1
13 1063 1
13 1064 1
13 1065 1
13 170 1
13 1067 1
13 1068 1
13 1069 1
13 1070 1
13 1071 1
13 688 1
13 1073 1
13 1074 1
13 1075 1
13 1076 1
13 1077 1
13 1078 1
13 1079 1
13 1080 1
13 1081 1
13 1082 1
13 827 1
13 1084 1
13 1085 1
13 1086 1
13 1087 1
13 1088 1
13 1089 1
13 962 1
13 323 1
13 1092 1
13 1093 1
13 1094 1
13 1057 1
13 1038 1
13 472 1
13 92 1
13 1083 1
13 1090 1
13 1072 1
13 617 1
13 758 1
13 247 1
13 1066 1
13 895 1
14 896 1
14 1152 1
14 1154 1
14 1155 1
14 1156 1
14 1029 1
14 1158 1
14 1153 1
14 1149 1
14 399 1
14 1113 1
14 1143 1
14 1157 1
14 546 1
14 1159 1
14 171 1
14 1117 1
14 689 1
14 1144 1
14 828 1
14 963 1
14 324 1
14 1095 1
14 1096 1
14 1097 1
14 1098 1
14 1099 1
14 1100 1
14 1101 1
14 1102 1
14 1103 1
14 1104 1
14 1105 1
14 1106 1
14 1107 1
14 1108 1
14 1109 1
14 1110 1
14 1111 1
14 1112 1
14 473 1
14 1114 1
14 1115 1
14 1116 1
14 93 1
14 1118 1
14 1119 1
14 1120 1
14 1121 1
14 1122 1
14 1123 1
14 1124 1
14 1125 1
14 1126 1
14 1127 1
14 1128 1
14 1129 1
14 618 1
14 1131 1
14 1132 1
14 1133 1
14 1134 1
14 1135 1
14 1136 1
14 1137 1
14 1138 1
14 1139 1
14 1140 1
14 1141 1
14 1142 1
14 759 1
14 248 1
14 1145 1
14 1146 1
14 1147 1
14 1148 1
14 1130 1
14 1150 1
14 1151 1
15 897 1
15 1030 1
15 1202 1
15 1160 1
15 1161 1
15 1162 1
15 1163 1
15 1164 1
15 1165 1
15 1166 1
15 1167 1
15 400 1
15 1169 1
15 1170 1
15 1171 1
15 1172 1
15 1173 1
15 1174 1
15 1175 1
15 1176 1
15 1177 1
15 1178 1
15 1179 1
15 1180 1
15 1181 1
15 1182 1
15 1183 1
15 1184 1
15 1185 1
15 1186 1
15 547 1
15 1188 1
15 1189 1
15 1190 1
15 1191 1
15 1192 1
15 1193 1
15 1194 1
15 1195 1
15 172 1
15 1197 1
15 1198 1
15 1199 1
15 1200 1
15 1201 1
15 690 1
15 1203 1
15 1204 1
15 1205 1
15 1206 1
15 1207 1
15 1208 1
15 1209 1
15 1210 1
15 1211 1
15 1212 1
15 829 1
15 1214 1
15 1196 1
15 1216 1
15 1217 1
15 1218 1
15 1219 1
15 964 1
15 325 1
15 1222 1
15 1095 1
15 1220 1
15 1187 1
15 474 1
15 94 1
15 1168 1
15 619 1
15 1213 1
15 760 1
15 249 1
15 1215 1
15 1221 1
15 1223 1
16 1280 1
16 1281 1
16 898 1
16 1283 1
16 1284 1
16 1285 1
16 1286 1
16 1031 1
16 1160 1
16 1260 1
16 1274 1
16 1282 1
16 401 1
16 1243 1
16 548 1
16 1273 1
16 173 1
16 1224 1
16 691 1
16 1247 1
16 830 1
16 965 1
16 326 1
16 1096 1
16 1225 1
16 1226 1
16 1227 1
16 1228 1
16 1229 1
16 1230 1
16 1231 1
16 1232 1
16 1233 1
16 1234 1
16 1235 1
16 1236 1
16 1237 1
16 1238 1
16 1239 1
16 1240 1
16 1241 1
16 1242 1
16 475 1
16 1244 1
16 1245 1
16 1246 1
16 95 1
16 1248 1
16 1249 1
16 1250 1
16 1251 1
16 1252 1
16 1253 1
16 1254 1
16 1255 1
16 1256 1
16 1257 1
16 1258 1
16 1259 1
16 620 1
16 1261 1
16 1262 1
16 1263 1
16 1264 1
16 1265 1
16 1266 1
16 1267 1
16 1268 1
16 1269 1
16 1270 1
16 1271 1
16 1272 1
16 761 1
16 250 1
16 1275 1
16 1276 1
16 1277 1
16 1278 1
16 1279 1
17 899 1
17 1317 1
17 1287 1
17 1032 1
17 1289 1
17 1290 1
17 1291 1
17 1292 1
17 1293 1
17 1294 1
17 1295 1
17 1296 1
17 1297 1
17 1298 1
17 1299 1
17 1300 1
17 1301 1
17 1302 1
17 1303 1
17 1304 1
17 1305 1
17 1306 1
17 1307 1
17 1308 1
17 1309 1
17 1310 1
17 1311 1
17 1312 1
17 1313 1
17 1314 1
17 1315 1
17 1316 1
17 549 1
17 1318 1
17 1319 1
17 1320 1
17 1321 1
17 1322 1
17 1323 1
17 1324 1
17 1325 1
17 174 1
17 1327 1
17 1328 1
17 1288 1
17 1330 1
17 1331 1
17 692 1
17 1333 1
17 1334 1
17 1161 1
17 1336 1
17 1332 1
17 1338 1
17 1339 1
17 1340 1
17 1341 1
17 1342 1
17 831 1
17 1344 1
17 1345 1
17 1346 1
17 1347 1
17 1348 1
17 966 1
17 327 1
17 1224 1
17 1097 1
17 1335 1
17 1343 1
17 1337 1
17 476 1
17 621 1
17 96 1
17 1326 1
17 402 1
17 1329 1
17 762 1
17 251 1
18 1408 1
18 1409 1
18 900 1
18 1287 1
18 1033 1
18 1162 1
18 1377 1
18 403 1
18 1390 1
18 1373 1
18 1403 1
18 550 1
18 967 1
18 175 1
18 1352 1
18 693 1
18 1353 1
18 1404 1
18 1354 1
18 832 1
18 1349 1
18 1350 1
18 1351 1
18 328 1
18 1225 1
18 1098 1
18 1355 1
18 1356 1
18 1357 1
18 1358 1
18 1359 1
18 1360 1
18 1361 1
18 1362 1
18 1363 1
18 1364 1
18 1365 1
18 1366 1
18 1367 1
18 1368 1
18 1369 1
18 1370 1
18 1371 1
18 1372 1
18 477 1
18 1374 1
18 1375 1
18 1376 1
18 97 1
18 1378 1
18 1379 1
18 1380 1
18 1381 1
18 1382 1
18 1383 1
18 1384 1
18 1385 1
18 1386 1
18 1387 1
18 1388 1
18 1389 1
18 622 1
18 1391 1
18 1392 1
18 1393 1
18 1394 1
18 1395 1
18 1396 1
18 1397 1
18 1398 1
18 1399 1
18 1400 1
18 1401 1
18 1402 1
18 763 1
18 252 1
18 1405 1
18 1406 1
18 1407 1
19 1410 1
19 1411 1
19 1412 1
19 901 1
19 1414 1
19 1415 1
19 1416 1
19 1417 1
19 1034 1
19 1163 1
19 1420 1
19 1421 1
19 1422 1
19 1423 1
19 1424 1
19 1425 1
19 1426 1
19 1427 1
19 404 1
19 1429 1
19 1430 1
19 1431 1
19 1432 1
19 1433 1
19 1434 1
19 1435 1
19 1436 1
19 1437 1
19 1438 1
19 1413 1
19 1440 1
19 1441 1
19 1442 1
19 1443 1
19 1444 1
19 1445 1
19 1446 1
19 551 1
19 1448 1
19 1449 1
19 1450 1
19 1451 1
19 1452 1
19 1453 1
19 1454 1
19 1455 1
19 176 1
19 1288 1
19 1458 1
19 1459 1
19 1460 1
19 1461 1
19 694 1
19 1463 1
19 1464 1
19 1465 1
19 1462 1
19 1439 1
19 1468 1
19 1418 1
19 833 1
19 1419 1
19 1349 1
19 968 1
19 329 1
19 1226 1
19 1099 1
19 1456 1
19 1469 1
19 1466 1
19 478 1
19 98 1
19 1467 1
19 1447 1
19 623 1
19 1457 1
19 1428 1
19 764 1
19 253 1
20 1410 1
20 902 1
20 1289 1
20 1035 1
20 1164 1
20 1474 1
20 1528 1
20 1507 1
20 405 1
20 1519 1
20 1484 1
20 1520 1
20 1478 1
20 552 1
20 177 1
20 695 1
20 1503 1
20 1482 1
20 1470 1
20 1471 1
20 1472 1
20 1473 1
20 834 1
20 1475 1
20 1476 1
20 1477 1
20 1350 1
20 1479 1
20 1480 1
20 969 1
20 330 1
20 1227 1
20 1100 1
20 1485 1
20 1486 1
20 1487 1
20 1488 1
20 1489 1
20 1490 1
20 1491 1
20 1492 1
20 1493 1
20 1494 1
20 1495 1
20 1496 1
20 1497 1
20 1498 1
20 1499 1
20 1500 1
20 1501 1
20 1502 1
20 479 1
20 1504 1
20 1505 1
20 1506 1
20 99 1
20 1508 1
20 1509 1
20 1510 1
20 1511 1
20 1512 1
20 1513 1
20 1514 1
20 1515 1
20 1516 1
20 1517 1
20 1518 1
20 765 1
20 624 1
20 1521 1
20 1522 1
20 1523 1
20 1524 1
20 1525 1
20 1526 1
20 1527 1
20 1483 1
20 1481 1
20 254 1
21 1536 1
21 1537 1
21 1538 1
21 1539 1
21 1540 1
21 1541 1
21 1542 1
21 1543 1
21 1544 1
21 1545 1
21 1546 1
21 1547 1
21 1036 1
21 1165 1
21 1550 1
21 1551 1
21 1552 1
21 1553 1
21 1554 1
21 1411 1
21 1556 1
21 1557 1
21 406 1
21 1559 1
21 1560 1
21 1561 1
21 1562 1
21 1563 1
21 1564 1
21 1565 1
21 1566 1
21 1567 1
21 1568 1
21 1569 1
21 1570 1
21 1571 1
21 1572 1
21 1573 1
21 1574 1
21 1575 1
21 1576 1
21 553 1
21 1578 1
21 903 1
21 1580 1
21 1581 1
21 1582 1
21 1583 1
21 1584 1
21 1585 1
21 178 1
21 696 1
21 1290 1
21 1470 1
21 1579 1
21 835 1
21 1351 1
21 1548 1
21 970 1
21 331 1
21 1228 1
21 1101 1
21 1549 1
21 480 1
21 1586 1
21 100 1
21 255 1
21 625 1
21 1555 1
21 1558 1
21 766 1
21 1577 1
21 1529 1
21 1530 1
21 1531 1
21 1532 1
21 1533 1
21 1534 1
21 1535 1
22 256 1
22 1611 1
22 1412 1
22 904 1
22 1291 1
22 1037 1
22 1166 1
22 1637 1
22 407 1
22 1604 1
22 1612 1
22 1627 1
22 1608 1
22 554 1
22 1621 1
22 1587 1
22 179 1
22 1588 1
22 1589 1
22 1590 1
22 1591 1
22 1592 1
22 1593 1
22 1594 1
22 1595 1
22 1596 1
22 1597 1
22 1598 1
22 1599 1
22 1600 1
22 1601 1
22 1602 1
22 1603 1
22 836 1
22 1605 1
22 1606 1
22 1607 1
22 1352 1
22 1609 1
22 1610 1
22 971 1
22 332 1
22 1229 1
22 1102 1
22 1613 1
22 1616 1
22 1617 1
22 1618 1
22 1619 1
22 1620 1
22 1614 1
22 1622 1
22 697 1
22 1624 1
22 1625 1
22 1626 1
22 1615 1
22 1628 1
22 1629 1
22 1630 1
22 1631 1
22 1632 1
22 481 1
22 1634 1
22 1635 1
22 1636 1
22 101 1
22 1638 1
22 1639 1
22 1640 1
22 1641 1
22 1623 1
22 1643 1
22 626 1
22 1633 1
22 1529 1
22 1471 1
22 1642 1
22 767 1
23 768 1
23 257 1
23 1666 1
23 1667 1
23 1668 1
23 1413 1
23 1670 1
23 1665 1
23 1672 1
23 905 1
23 1674 1
23 1675 1
23 1292 1
23 1677 1
23 1038 1
23 1167 1
23 1680 1
23 1681 1
23 1682 1
23 627 1
23 1684 1
23 1685 1
23 1686 1
23 1687 1
23 408 1
23 1689 1
23 1688 1
23 1691 1
23 1692 1
23 1690 1
23 1694 1
23 1669 1
23 1696 1
23 1697 1
23 1676 1
23 1699 1
23 1664 1
23 555 1
23 1693 1
23 1587 1
23 180 1
23 1673 1
23 698 1
23 1695 1
23 1671 1
23 1472 1
23 837 1
23 1683 1
23 1353 1
23 972 1
23 333 1
23 1230 1
23 1103 1
23 1678 1
23 1679 1
23 1530 1
23 482 1
23 102 1
23 1698 1
23 1644 1
23 1645 1
23 1646 1
23 1647 1
23 1648 1
23 1649 1
23 1650 1
23 1651 1
23 1652 1
23 1653 1
23 1654 1
23 1655 1
23 1656 1
23 1657 1
23 1658 1
23 1659 1
23 1660 1
23 1661 1
23 1662 1
23 1663 1
24 769 1
24 258 1
24 1414 1
24 1729 1
24 1708 1
24 906 1
24 1751 1
24 1293 1
24 1039 1
24 1168 1
24 409 1
24 1727 1
24 1700 1
24 1701 1
24 1702 1
24 1703 1
24 1704 1
24 1705 1
24 1706 1
24 1707 1
24 556 1
24 1709 1
24 1710 1
24 1711 1
24 1712 1
24 1713 1
24 1714 1
24 1715 1
24 1716 1
24 181 1
24 1718 1
24 1719 1
24 1720 1
24 1588 1
24 1722 1
24 699 1
24 1724 1
24 1725 1
24 1726 1
24 1717 1
24 1728 1
24 1473 1
24 1730 1
24 1731 1
24 1732 1
24 1733 1
24 838 1
24 1735 1
24 1736 1
24 1723 1
24 1354 1
24 1739 1
24 1740 1
24 973 1
24 334 1
24 1231 1
24 1104 1
24 1745 1
24 1746 1
24 1747 1
24 1748 1
24 1742 1
24 1750 1
24 1721 1
24 1752 1
24 1753 1
24 1737 1
24 1743 1
24 1744 1
24 483 1
24 103 1
24 1738 1
24 1754 1
24 1644 1
24 1734 1
24 628 1
24 1531 1
24 1741 1
24 1749 1
25 1792 1
25 1793 1
25 770 1
25 259 1
25 1796 1
25 1797 1
25 1798 1
25 1415 1
25 1800 1
25 1801 1
25 1802 1
25 907 1
25 1804 1
25 1794 1
25 1294 1
25 1773 1
25 1040 1
25 1169 1
25 1795 1
25 410 1
25 1808 1
25 1700 1
25 1777 1
25 1799 1
25 557 1
25 1589 1
25 182 1
25 1807 1
25 700 1
25 1781 1
25 1474 1
25 1803 1
25 1805 1
25 1788 1
25 839 1
25 1355 1
25 974 1
25 335 1
25 1232 1
25 1105 1
25 1806 1
25 1764 1
25 1755 1
25 1756 1
25 1757 1
25 1758 1
25 1759 1
25 1760 1
25 1761 1
25 1762 1
25 1763 1
25 484 1
25 1765 1
25 1766 1
25 1767 1
25 104 1
25 1769 1
25 1770 1
25 1771 1
25 1772 1
25 1645 1
25 1774 1
25 1775 1
25 1776 1
25 1768 1
25 1778 1
25 1779 1
25 1780 1
25 629 1
25 1782 1
25 1783 1
25 1784 1
25 1785 1
25 1786 1
25 1787 1
25 1532 1
25 1789 1
25 1790 1
25 1791 1
26 771 1
26 260 1
26 1416 1
26 908 1
26 1295 1
26 1041 1
26 1170 1
26 1811 1
26 1812 1
26 1813 1
26 1814 1
26 1815 1
26 1816 1
26 1817 1
26 1818 1
26 411 1
26 1820 1
26 1821 1
26 1822 1
26 1823 1
26 1824 1
26 1825 1
26 1826 1
26 1819 1
26 1828 1
26 1701 1
26 1830 1
26 1831 1
26 1832 1
26 1833 1
26 1834 1
26 1835 1
26 1836 1
26 1837 1
26 558 1
26 1839 1
26 1840 1
26 1838 1
26 1842 1
26 1843 1
26 1844 1
26 1845 1
26 1590 1
26 183 1
26 1848 1
26 1849 1
26 1850 1
26 1851 1
26 1852 1
26 701 1
26 1854 1
26 1855 1
26 1856 1
26 1857 1
26 1858 1
26 1475 1
26 1860 1
26 1846 1
26 840 1
26 1847 1
26 1356 1
26 975 1
26 336 1
26 1233 1
26 1106 1
26 1827 1
26 1861 1
26 1755 1
26 1829 1
26 485 1
26 1809 1
26 105 1
26 1859 1
26 1810 1
26 1646 1
26 1853 1
26 1841 1
26 630 1
26 1533 1
27 1911 1
27 1899 1
27 772 1
27 261 1
27 1417 1
27 909 1
27 1901 1
27 1296 1
27 1809 1
27 1042 1
27 1171 1
27 1903 1
27 412 1
27 1889 1
27 1702 1
27 1884 1
27 841 1
27 559 1
27 1907 1
27 1894 1
27 1591 1
27 184 1
27 702 1
27 1888 1
27 1476 1
27 1862 1
27 1863 1
27 1864 1
27 1865 1
27 1866 1
27 1867 1
27 1868 1
27 1357 1
27 1870 1
27 1871 1
27 976 1
27 337 1
27 1234 1
27 1107 1
27 1876 1
27 1877 1
27 1878 1
27 1879 1
27 1880 1
27 1881 1
27 1882 1
27 1883 1
27 1756 1
27 1885 1
27 1886 1
27 1887 1
27 1869 1
27 1872 1
27 1890 1
27 1891 1
27 1892 1
27 1893 1
27 486 1
27 1873 1
27 1896 1
27 1897 1
27 106 1
27 1895 1
27 1900 1
27 1874 1
27 1902 1
27 1647 1
27 1904 1
27 1905 1
27 1906 1
27 1875 1
27 1908 1
27 1909 1
27 1910 1
27 631 1
27 1912 1
27 1913 1
27 1898 1
27 1534 1
28 1920 1
28 1921 1
28 1922 1
28 1923 1
28 1924 1
28 773 1
28 262 1
28 1927 1
28 1928 1
28 1929 1
28 1418 1
28 1931 1
28 1932 1
28 1933 1
28 910 1
28 1935 1
28 1936 1
28 1297 1
28 1810 1
28 1043 1
28 1172 1
28 1941 1
28 1942 1
28 1535 1
28 1944 1
28 1945 1
28 1946 1
28 1947 1
28 1948 1
28 413 1
28 1950 1
28 1925 1
28 1952 1
28 1953 1
28 1954 1
28 1955 1
28 1956 1
28 1926 1
28 1958 1
28 1703 1
28 1960 1
28 1961 1
28 1962 1
28 1959 1
28 1964 1
28 1949 1
28 560 1
28 1592 1
28 185 1
28 1951 1
28 1930 1
28 703 1
28 1937 1
28 1477 1
28 1862 1
28 842 1
28 1963 1
28 1358 1
28 977 1
28 338 1
28 1235 1
28 1108 1
28 1934 1
28 1757 1
28 1957 1
28 487 1
28 107 1
28 1938 1
28 1648 1
28 1939 1
28 1943 1
28 632 1
28 1940 1
28 1914 1
28 1915 1
28 1916 1
28 1917 1
28 1918 1
28 1919 1
29 1536 1
29 1984 1
29 774 1
29 263 1
29 1419 1
29 1995 1
29 911 1
29 1298 1
29 1811 1
29 1044 1
29 1173 1
29 2004 1
29 414 1
29 2011 1
29 1990 1
29 561 1
29 1704 1
29 2013 1
29 1991 1
29 1965 1
29 1966 1
29 1967 1
29 1968 1
29 1969 1
29 1970 1
29 1971 1
29 1972 1
29 1973 1
29 1974 1
29 1975 1
29 1976 1
29 1977 1
29 1978 1
29 1979 1
29 1980 1
29 1981 1
29 1982 1
29 1983 1
29 704 1
29 1985 1
29 1986 1
29 1987 1
29 1988 1
29 1989 1
29 1478 1
29 1863 1
29 1992 1
29 1993 1
29 1994 1
29 843 1
29 1996 1
29 1997 1
29 1998 1
29 1359 1
29 2000 1
29 2001 1
29 978 1
29 339 1
29 1236 1
29 1109 1
29 2006 1
29 1593 1
29 2008 1
29 2009 1
29 2010 1
29 1999 1
29 2012 1
29 186 1
29 1758 1
29 488 1
29 2014 1
29 108 1
29 2002 1
29 1649 1
29 2003 1
29 2007 1
29 633 1
29 1914 1
29 2005 1
30 2048 1
30 1537 1
30 2050 1
30 2051 1
30 2052 1
30 2053 1
30 2054 1
30 775 1
30 264 1
30 2057 1
30 2058 1
30 2059 1
30 1420 1
30 2061 1
30 2062 1
30 2029 1
30 912 1
30 1299 1
30 1812 1
30 1045 1
30 1174 1
30 415 1
30 2034 1
30 2049 1
30 1705 1
30 2055 1
30 1965 1
30 2043 1
30 2056 1
30 562 1
30 1594 1
30 1759 1
30 2037 1
30 705 1
30 1479 1
30 1864 1
30 2060 1
30 2039 1
30 844 1
30 1360 1
30 979 1
30 340 1
30 1237 1
30 1110 1
30 2063 1
30 2042 1
30 2015 1
30 2016 1
30 2017 1
30 2018 1
30 2019 1
30 2020 1
30 2021 1
30 2022 1
30 2023 1
30 2024 1
30 489 1
30 2026 1
30 2027 1
30 2028 1
30 109 1
30 2030 1
30 2031 1
30 2032 1
30 2033 1
30 1650 1
30 2035 1
30 2036 1
30 187 1
30 2038 1
30 2025 1
30 2040 1
30 2041 1
30 634 1
30 1915 1
30 2044 1
30 2045 1
30 2046 1
30 2047 1
31 1538 1
31 1046 1
31 776 1
31 265 1
31 2071 1
31 1421 1
31 2064 1
31 2065 1
31 2066 1
31 2067 1
31 2068 1
31 2069 1
31 2070 1
31 1175 1
31 2072 1
31 2073 1
31 2074 1
31 2075 1
31 2076 1
31 2077 1
31 2078 1
31 2079 1
31 416 1
31 2081 1
31 2082 1
31 2083 1
31 2084 1
31 2085 1
31 2086 1
31 2087 1
31 2088 1
31 2089 1
31 1706 1
31 2091 1
31 2092 1
31 2093 1
31 1966 1
31 2095 1
31 2096 1
31 2097 1
31 2098 1
31 563 1
31 2100 1
31 2101 1
31 2102 1
31 2103 1
31 2104 1
31 2105 1
31 2106 1
31 1595 1
31 188 1
31 2109 1
31 2110 1
31 2111 1
31 2080 1
31 706 1
31 1480 1
31 1865 1
31 845 1
31 2108 1
31 1361 1
31 980 1
31 341 1
31 1238 1
31 1111 1
31 2094 1
31 2015 1
31 1760 1
31 2107 1
31 913 1
31 2099 1
31 490 1
31 110 1
31 1651 1
31 1300 1
31 635 1
31 1916 1
31 2090 1
31 1813 1
32 1539 1
32 2134 1
32 777 1
32 266 1
32 2135 1
32 1422 1
32 2157 1
32 2064 1
32 2136 1
32 914 1
32 2115 1
32 1301 1
32 1814 1
32 1047 1
32 1176 1
32 417 1
32 2155 1
32 2145 1
32 1707 1
32 1967 1
32 2144 1
32 189 1
32 564 1
32 2121 1
32 1596 1
32 2122 1
32 2112 1
32 2113 1
32 2114 1
32 707 1
32 2116 1
32 2117 1
32 2118 1
32 2119 1
32 2120 1
32 1481 1
32 1866 1
32 2123 1
32 2124 1
32 2125 1
32 846 1
32 2127 1
32 2128 1
32 2129 1
32 1362 1
32 2131 1
32 2132 1
32 981 1
32 342 1
32 1239 1
32 1112 1
32 2137 1
32 2138 1
32 2139 1
32 2140 1
32 2141 1
32 2142 1
32 2143 1
32 2016 1
32 1761 1
32 2146 1
32 2147 1
32 2148 1
32 2149 1
32 2150 1
32 2151 1
32 2152 1
32 2153 1
32 2154 1
32 491 1
32 2126 1
32 2130 1
32 2158 1
32 111 1
32 2156 1
32 1652 1
32 636 1
32 1917 1
32 2133 1
33 2176 1
33 2177 1
33 2178 1
33 2179 1
33 1540 1
33 2181 1
33 2182 1
33 2183 1
33 2184 1
33 2185 1
33 778 1
33 267 1
33 2188 1
33 2174 1
33 2190 1
33 1423 1
33 2192 1
33 2065 1
33 2194 1
33 915 1
33 2196 1
33 2197 1
33 1302 1
33 1815 1
33 1048 1
33 1177 1
33 2200 1
33 2203 1
33 2204 1
33 2202 1
33 112 1
33 418 1
33 1708 1
33 2173 1
33 1968 1
33 565 1
33 2201 1
33 1597 1
33 190 1
33 1653 1
33 2112 1
33 2180 1
33 2187 1
33 708 1
33 2195 1
33 1482 1
33 1867 1
33 847 1
33 2189 1
33 2186 1
33 1363 1
33 982 1
33 343 1
33 1240 1
33 1113 1
33 2191 1
33 2199 1
33 2198 1
33 2017 1
33 1762 1
33 2193 1
33 492 1
33 2159 1
33 2160 1
33 2161 1
33 2162 1
33 2163 1
33 2164 1
33 2165 1
33 2166 1
33 2167 1
33 2168 1
33 2169 1
33 2170 1
33 2171 1
33 2172 1
33 637 1
33 1918 1
33 2175 1
34 1541 1
34 2241 1
34 2225 1
34 779 1
34 268 1
34 2221 1
34 1424 1
34 2245 1
34 2066 1
34 916 1
34 1303 1
34 1816 1
34 1049 1
34 1178 1
34 2205 1
34 2206 1
34 2207 1
34 2208 1
34 2209 1
34 2210 1
34 419 1
34 2212 1
34 2213 1
34 2214 1
34 2215 1
34 2216 1
34 2217 1
34 2218 1
34 2219 1
34 2220 1
34 1709 1
34 2222 1
34 2223 1
34 2224 1
34 1969 1
34 2226 1
34 2227 1
34 2228 1
34 2229 1
34 566 1
34 2231 1
34 2232 1
34 2233 1
34 2234 1
34 2235 1
34 2236 1
34 2237 1
34 1598 1
34 191 1
34 2240 1
34 2113 1
34 2242 1
34 2243 1
34 2244 1
34 709 1
34 2246 1
34 2247 1
34 2248 1
34 2249 1
34 1483 1
34 1868 1
34 848 1
34 2211 1
34 1364 1
34 983 1
34 344 1
34 1241 1
34 1114 1
34 2018 1
34 1763 1
34 493 1
34 2159 1
34 113 1
34 2230 1
34 2238 1
34 1654 1
34 2239 1
34 638 1
34 1919 1
35 1920 1
35 2261 1
35 2283 1
35 2276 1
35 1542 1
35 780 1
35 269 1
35 2285 1
35 1425 1
35 2067 1
35 917 1
35 2265 1
35 1304 1
35 1817 1
35 1050 1
35 1179 1
35 2264 1
35 2205 1
35 2275 1
35 2288 1
35 2267 1
35 420 1
35 2290 1
35 1710 1
35 2286 1
35 1970 1
35 567 1
35 2266 1
35 1599 1
35 192 1
35 2114 1
35 710 1
35 2252 1
35 2250 1
35 2251 1
35 1484 1
35 1869 1
35 2254 1
35 2255 1
35 2256 1
35 2257 1
35 2253 1
35 2259 1
35 2260 1
35 1365 1
35 2262 1
35 2263 1
35 984 1
35 345 1
35 1242 1
35 1115 1
35 2268 1
35 2269 1
35 2270 1
35 2271 1
35 2272 1
35 2273 1
35 2274 1
35 2019 1
35 1764 1
35 2277 1
35 2278 1
35 849 1
35 2280 1
35 2281 1
35 2282 1
35 2279 1
35 2284 1
35 2258 1
35 494 1
35 2287 1
35 2160 1
35 2289 1
35 114 1
35 2291 1
35 2292 1
35 2293 1
35 1655 1
35 639 1
36 640 1
36 1921 1
36 2306 1
36 2307 1
36 2308 1
36 2309 1
36 2310 1
36 1543 1
36 2312 1
36 2304 1
36 2314 1
36 2315 1
36 2316 1
36 781 1
36 270 1
36 2319 1
36 2320 1
36 2321 1
36 1426 1
36 2323 1
36 2068 1
36 2325 1
36 918 1
36 2327 1
36 2328 1
36 1305 1
36 1818 1
36 1051 1
36 1180 1
36 2330 1
36 2206 1
36 2335 1
36 2336 1
36 2331 1
36 421 1
36 2324 1
36 2332 1
36 2311 1
36 1711 1
36 1971 1
36 2333 1
36 2334 1
36 2313 1
36 568 1
36 2329 1
36 1600 1
36 193 1
36 2115 1
36 711 1
36 2250 1
36 1485 1
36 1870 1
36 2317 1
36 2296 1
36 850 1
36 2318 1
36 1366 1
36 985 1
36 346 1
36 1243 1
36 1116 1
36 2326 1
36 2020 1
36 1765 1
36 2305 1
36 2322 1
36 495 1
36 2161 1
36 115 1
36 2294 1
36 2295 1
36 1656 1
36 2297 1
36 2298 1
36 2299 1
36 2300 1
36 2301 1
36 2302 1
36 2303 1
37 641 1
37 1922 1
37 422 1
37 1544 1
37 2370 1
37 782 1
37 271 1
37 1427 1
37 2069 1
37 919 1
37 2372 1
37 1306 1
37 1819 1
37 1052 1
37 1181 1
37 2207 1
37 2337 1
37 2338 1
37 2339 1
37 2340 1
37 2341 1
37 2342 1
37 2343 1
37 2344 1
37 2345 1
37 2346 1
37 2347 1
37 2348 1
37 2349 1
37 2350 1
37 2351 1
37 1712 1
37 2353 1
37 2354 1
37 2355 1
37 1972 1
37 2357 1
37 2358 1
37 2359 1
37 2360 1
37 569 1
37 2362 1
37 2363 1
37 2364 1
37 2365 1
37 2366 1
37 2367 1
37 2368 1
37 1601 1
37 194 1
37 2371 1
37 2116 1
37 2373 1
37 2374 1
37 2375 1
37 712 1
37 2377 1
37 2378 1
37 2251 1
37 1486 1
37 1871 1
37 2376 1
37 851 1
37 1367 1
37 986 1
37 347 1
37 1244 1
37 1117 1
37 2021 1
37 1766 1
37 2356 1
37 2369 1
37 2352 1
37 496 1
37 2162 1
37 116 1
37 2294 1
37 1657 1
37 2361 1
38 642 1
38 1923 1
38 2417 1
38 1545 1
38 2406 1
38 783 1
38 272 1
38 2392 1
38 2383 1
38 1428 1
38 2070 1
38 920 1
38 1307 1
38 1820 1
38 1053 1
38 1182 1
38 2208 1
38 2337 1
38 2395 1
38 423 1
38 2396 1
38 2397 1
38 1713 1
38 2419 1
38 1973 1
38 2380 1
38 570 1
38 1602 1
38 195 1
38 2398 1
38 2117 1
38 2401 1
38 713 1
38 2411 1
38 2379 1
38 2252 1
38 2381 1
38 2382 1
38 1487 1
38 1872 1
38 2385 1
38 2386 1
38 2387 1
38 852 1
38 2389 1
38 2390 1
38 2391 1
38 1368 1
38 2393 1
38 2394 1
38 987 1
38 348 1
38 1245 1
38 1118 1
38 2399 1
38 2400 1
38 2384 1
38 2402 1
38 2403 1
38 2404 1
38 2405 1
38 2022 1
38 1767 1
38 2408 1
38 2409 1
38 2410 1
38 2407 1
38 2412 1
38 2413 1
38 2414 1
38 2415 1
38 2416 1
38 497 1
38 2418 1
38 2163 1
38 117 1
38 2295 1
38 2388 1
38 1658 1
39 2432 1
39 2433 1
39 2434 1
39 643 1
39 1924 1
39 2437 1
39 2438 1
39 2439 1
39 2440 1
39 2441 1
39 1546 1
39 2443 1
39 2444 1
39 2445 1
39 2446 1
39 2447 1
39 784 1
39 273 1
39 2450 1
39 2435 1
39 2452 1
39 1429 1
39 2454 1
39 2071 1
39 2456 1
39 921 1
39 2458 1
39 2459 1
39 1308 1
39 1821 1
39 1054 1
39 1183 1
39 2209 1
39 2338 1
39 424 1
39 1714 1
39 1974 1
39 2164 1
39 571 1
39 2442 1
39 2451 1
39 2457 1
39 1603 1
39 196 1
39 118 1
39 2118 1
39 2453 1
39 2448 1
39 714 1
39 2379 1
39 2253 1
39 1488 1
39 1873 1
39 853 1
39 1369 1
39 2455 1
39 988 1
39 349 1
39 1246 1
39 1119 1
39 2449 1
39 2424 1
39 2427 1
39 2023 1
39 1768 1
39 498 1
39 2436 1
39 2420 1
39 2421 1
39 2422 1
39 2423 1
39 2296 1
39 2425 1
39 2426 1
39 1659 1
39 2428 1
39 2429 1
39 2430 1
39 2431 1
40 644 1
40 1925 1
40 2497 1
40 1547 1
40 785 1
40 274 1
40 2483 1
40 1430 1
40 2072 1
40 922 1
40 2479 1
40 2460 1
40 2461 1
40 1822 1
40 1055 1
40 1184 1
40 2465 1
40 2210 1
40 2339 1
40 2468 1
40 2469 1
40 2470 1
40 2471 1
40 2472 1
40 425 1
40 2474 1
40 2475 1
40 2476 1
40 2477 1
40 2478 1
40 1309 1
40 2480 1
40 2481 1
40 2482 1
40 1715 1
40 2484 1
40 2462 1
40 2486 1
40 1975 1
40 2488 1
40 2489 1
40 2490 1
40 2463 1
40 572 1
40 2493 1
40 2494 1
40 2485 1
40 2496 1
40 2464 1
40 2498 1
40 1604 1
40 197 1
40 2119 1
40 2473 1
40 715 1
40 2380 1
40 2466 1
40 2254 1
40 1489 1
40 1874 1
40 2467 1
40 854 1
40 1370 1
40 2492 1
40 2487 1
40 989 1
40 350 1
40 1247 1
40 1120 1
40 2491 1
40 2024 1
40 1769 1
40 499 1
40 2420 1
40 2165 1
40 119 1
40 2297 1
40 2495 1
40 1660 1
41 645 1
41 1926 1
41 2519 1
41 1548 1
41 786 1
41 275 1
41 2501 1
41 2511 1
41 1431 1
41 2073 1
41 923 1
41 2460 1
41 2522 1
41 1310 1
41 1823 1
41 1056 1
41 1185 1
41 2211 1
41 2340 1
41 2502 1
41 426 1
41 2504 1
41 2529 1
41 1716 1
41 2526 1
41 1976 1
41 2527 1
41 2508 1
41 573 1
41 2528 1
41 2499 1
41 2500 1
41 1605 1
41 198 1
41 2503 1
41 2120 1
41 2505 1
41 2506 1
41 2507 1
41 716 1
41 2381 1
41 2510 1
41 2255 1
41 2512 1
41 2513 1
41 1490 1
41 1875 1
41 2516 1
41 2517 1
41 2518 1
41 855 1
41 2520 1
41 2521 1
41 2509 1
41 1371 1
41 2524 1
41 2525 1
41 990 1
41 351 1
41 1248 1
41 1121 1
41 2530 1
41 2531 1
41 2532 1
41 2533 1
41 2534 1
41 2535 1
41 2536 1
41 2025 1
41 1770 1
41 2514 1
41 2515 1
41 500 1
41 2421 1
41 2166 1
41 120 1
41 2298 1
41 1661 1
41 2523 1
42 2560 1
42 2561 1
42 2562 1
42 2539 1
42 2564 1
42 2565 1
42 646 1
42 1927 1
42 2568 1
42 2569 1
42 2566 1
42 2571 1
42 2572 1
42 1549 1
42 787 1
42 276 1
42 1432 1
42 2558 1
42 2074 1
42 924 1
42 2461 1
42 1311 1
42 1824 1
42 1057 1
42 1186 1
42 2212 1
42 2341 1
42 2567 1
42 427 1
42 2563 1
42 1717 1
42 1977 1
42 2570 1
42 574 1
42 2549 1
42 2499 1
42 2550 1
42 1606 1
42 199 1
42 2121 1
42 2551 1
42 717 1
42 2382 1
42 2573 1
42 2256 1
42 1491 1
42 1876 1
42 2553 1
42 856 1
42 1372 1
42 991 1
42 352 1
42 1249 1
42 1122 1
42 2555 1
42 2557 1
42 2537 1
42 2026 1
42 1771 1
42 2540 1
42 2541 1
42 2542 1
42 2543 1
42 2544 1
42 2545 1
42 2546 1
42 2547 1
42 2548 1
42 501 1
42 2422 1
42 2167 1
42 2552 1
42 121 1
42 2554 1
42 2299 1
42 2556 1
42 2538 1
42 1662 1
42 2559 1
43 2587 1
43 647 1
43 1928 1
43 2604 1
43 2593 1
43 1550 1
43 2575 1
43 2576 1
43 2577 1
43 2578 1
43 2579 1
43 788 1
43 277 1
43 2582 1
43 2583 1
43 2584 1
43 1433 1
43 2586 1
43 2075 1
43 2588 1
43 925 1
43 2462 1
43 2591 1
43 1312 1
43 1825 1
43 1058 1
43 1187 1
43 2596 1
43 2213 1
43 2342 1
43 2599 1
43 2600 1
43 2601 1
43 2602 1
43 2603 1
43 428 1
43 2605 1
43 2606 1
43 2589 1
43 2608 1
43 2609 1
43 2590 1
43 1718 1
43 1978 1
43 575 1
43 2607 1
43 2592 1
43 2500 1
43 1607 1
43 200 1
43 2122 1
43 2598 1
43 2581 1
43 2594 1
43 718 1
43 2383 1
43 2257 1
43 2595 1
43 1492 1
43 1877 1
43 2585 1
43 857 1
43 1373 1
43 2597 1
43 992 1
43 353 1
43 1250 1
43 1123 1
43 2574 1
43 2537 1
43 2027 1
43 1772 1
43 502 1
43 2423 1
43 2168 1
43 2580 1
43 122 1
43 2300 1
43 1663 1
44 1664 1
44 2624 1
44 2625 1
44 648 1
44 1929 1
44 2574 1
44 1551 1
44 789 1
44 278 1
44 1434 1
44 2640 1
44 2076 1
44 926 1
44 2463 1
44 1313 1
44 1826 1
44 1059 1
44 1188 1
44 2214 1
44 2343 1
44 429 1
44 2632 1
44 2610 1
44 2611 1
44 2612 1
44 2613 1
44 2614 1
44 1719 1
44 2616 1
44 2617 1
44 2618 1
44 1979 1
44 2620 1
44 2621 1
44 2622 1
44 2623 1
44 576 1
44 2619 1
44 2626 1
44 2627 1
44 2628 1
44 2501 1
44 2630 1
44 2631 1
44 1608 1
44 201 1
44 2634 1
44 2123 1
44 2636 1
44 2637 1
44 2638 1
44 719 1
44 2384 1
44 2641 1
44 2258 1
44 2643 1
44 2644 1
44 1493 1
44 1878 1
44 858 1
44 2639 1
44 1374 1
44 993 1
44 354 1
44 1251 1
44 1124 1
44 2633 1
44 2538 1
44 2635 1
44 2028 1
44 1773 1
44 2629 1
44 2615 1
44 2642 1
44 503 1
44 2424 1
44 2169 1
44 123 1
44 2301 1
45 1665 1
45 2651 1
45 2667 1
45 2646 1
45 649 1
45 1930 1
45 2647 1
45 2575 1
45 1552 1
45 2660 1
45 2670 1
45 790 1
45 279 1
45 1435 1
45 2077 1
45 2669 1
45 927 1
45 2464 1
45 1314 1
45 1827 1
45 1060 1
45 1189 1
45 2215 1
45 2344 1
45 430 1
45 2661 1
45 2610 1
45 2675 1
45 1720 1
45 2655 1
45 1980 1
45 577 1
45 2502 1
45 1609 1
45 202 1
45 2124 1
45 2658 1
45 720 1
45 2385 1
45 2259 1
45 2645 1
45 1494 1
45 1879 1
45 2648 1
45 2649 1
45 2650 1
45 859 1
45 2652 1
45 2653 1
45 2654 1
45 1375 1
45 2656 1
45 2657 1
45 994 1
45 355 1
45 1252 1
45 1125 1
45 2662 1
45 2663 1
45 2664 1
45 2665 1
45 2666 1
45 2539 1
45 2668 1
45 2029 1
45 1774 1
45 2671 1
45 2672 1
45 2673 1
45 2674 1
45 2659 1
45 2676 1
45 2677 1
45 2678 1
45 504 1
45 2425 1
45 2170 1
45 124 1
45 2302 1
46 2688 1
46 2689 1
46 1666 1
46 2691 1
46 2692 1
46 2693 1
46 2694 1
46 2681 1
46 2696 1
46 2697 1
46 650 1
46 1931 1
46 2700 1
46 2690 1
46 2702 1
46 2703 1
46 2576 1
46 1553 1
46 2706 1
46 2707 1
46 2708 1
46 2709 1
46 2710 1
46 791 1
46 280 1
46 1436 1
46 2078 1
46 928 1
46 2465 1
46 1315 1
46 1828 1
46 1061 1
46 1190 1
46 2216 1
46 2345 1
46 2695 1
46 431 1
46 2611 1
46 2699 1
46 1721 1
46 2687 1
46 2711 1
46 1981 1
46 2698 1
46 578 1
46 2683 1
46 2503 1
46 1610 1
46 203 1
46 2125 1
46 2701 1
46 721 1
46 2386 1
46 2260 1
46 2645 1
46 1495 1
46 1880 1
46 860 1
46 2682 1
46 1376 1
46 2704 1
46 995 1
46 356 1
46 1253 1
46 1126 1
46 2705 1
46 2540 1
46 2030 1
46 1775 1
46 2686 1
46 2679 1
46 2680 1
46 505 1
46 2426 1
46 2171 1
46 2684 1
46 125 1
46 2685 1
46 2303 1
47 2304 1
47 1667 1
47 651 1
47 1932 1
47 2577 1
47 1554 1
47 2724 1
47 2713 1
47 792 1
47 281 1
47 2714 1
47 2715 1
47 2716 1
47 1437 1
47 2718 1
47 2079 1
47 2712 1
47 929 1
47 2466 1
47 2723 1
47 1316 1
47 1829 1
47 1062 1
47 1191 1
47 2728 1
47 2217 1
47 2346 1
47 2731 1
47 2732 1
47 2733 1
47 2734 1
47 2717 1
47 432 1
47 2737 1
47 2738 1
47 2739 1
47 2612 1
47 2741 1
47 2742 1
47 2743 1
47 2740 1
47 1722 1
47 2719 1
47 1982 1
47 2720 1
47 579 1
47 2721 1
47 2504 1
47 1611 1
47 204 1
47 2722 1
47 2126 1
47 2726 1
47 2729 1
47 722 1
47 2387 1
47 2735 1
47 2261 1
47 2646 1
47 1496 1
47 1881 1
47 861 1
47 2725 1
47 1377 1
47 996 1
47 357 1
47 1254 1
47 1127 1
47 2736 1
47 2727 1
47 2541 1
47 2031 1
47 1776 1
47 2679 1
47 506 1
47 2427 1
47 2172 1
47 2730 1
47 126 1
48 2305 1
48 1668 1
48 2764 1
48 652 1
48 1933 1
48 2578 1
48 1555 1
48 2712 1
48 793 1
48 282 1
48 2773 1
48 1438 1
48 2080 1
48 930 1
48 2467 1
48 1317 1
48 1830 1
48 1063 1
48 1192 1
48 2218 1
48 2347 1
48 433 1
48 2774 1
48 2751 1
48 2613 1
48 2761 1
48 2744 1
48 2745 1
48 2746 1
48 1723 1
48 2748 1
48 2749 1
48 2750 1
48 1983 1
48 2752 1
48 2753 1
48 2754 1
48 2755 1
48 580 1
48 2757 1
48 2758 1
48 2759 1
48 2760 1
48 2505 1
48 2762 1
48 2763 1
48 1612 1
48 205 1
48 2766 1
48 2127 1
48 2768 1
48 2769 1
48 2770 1
48 723 1
48 2388 1
48 2756 1
48 2262 1
48 2647 1
48 1497 1
48 1882 1
48 2767 1
48 862 1
48 1378 1
48 2747 1
48 997 1
48 358 1
48 1255 1
48 1128 1
48 2765 1
48 2542 1
48 2032 1
48 1777 1
48 2771 1
48 2680 1
48 2772 1
48 507 1
48 2428 1
48 2173 1
48 127 1
49 128 1
49 2306 1
49 2795 1
49 1669 1
49 2779 1
49 2801 1
49 2775 1
49 653 1
49 1934 1
49 2776 1
49 2579 1
49 1556 1
49 2713 1
49 794 1
49 283 1
49 2778 1
49 1439 1
49 2081 1
49 931 1
49 2468 1
49 1318 1
49 1831 1
49 1064 1
49 1193 1
49 2219 1
49 2348 1
49 2802 1
49 434 1
49 2799 1
49 2614 1
49 2744 1
49 2783 1
49 1724 1
49 1984 1
49 2792 1
49 581 1
49 2506 1
49 1613 1
49 206 1
49 2128 1
49 2790 1
49 2787 1
49 724 1
49 2389 1
49 2263 1
49 2648 1
49 2777 1
49 1498 1
49 1883 1
49 2780 1
49 2781 1
49 2782 1
49 863 1
49 2784 1
49 2785 1
49 2786 1
49 1379 1
49 2788 1
49 2789 1
49 998 1
49 359 1
49 1256 1
49 1129 1
49 2794 1
49 2791 1
49 2796 1
49 2797 1
49 2798 1
49 2543 1
49 2800 1
49 2033 1
49 1778 1
49 2803 1
49 2804 1
49 2793 1
49 2681 1
49 508 1
49 2429 1
49 2174 1
50 2816 1
50 129 1
50 2818 1
50 2307 1
50 2820 1
50 2821 1
50 1670 1
50 2817 1
50 2824 1
50 2825 1
50 2826 1
50 2827 1
50 2828 1
50 2829 1
50 654 1
50 1935 1
50 2832 1
50 2833 1
50 2822 1
50 2819 1
50 2580 1
50 1557 1
50 2714 1
50 795 1
50 284 1
50 1440 1
50 2814 1
50 2082 1
50 2831 1
50 932 1
50 2469 1
50 1319 1
50 1832 1
50 1065 1
50 1194 1
50 2823 1
50 2220 1
50 2349 1
50 435 1
50 2615 1
50 2745 1
50 1725 1
50 2815 1
50 1985 1
50 2830 1
50 582 1
50 2507 1
50 1614 1
50 207 1
50 2129 1
50 725 1
50 2390 1
50 2775 1
50 2264 1
50 2649 1
50 1499 1
50 1884 1
50 2810 1
50 864 1
50 1380 1
50 999 1
50 360 1
50 1257 1
50 1130 1
50 2813 1
50 2544 1
50 2034 1
50 1779 1
50 2805 1
50 2806 1
50 2807 1
50 2808 1
50 2809 1
50 2682 1
50 2811 1
50 2812 1
50 509 1
50 2430 1
50 2175 1
51 2176 1
51 130 1
51 2859 1
51 2308 1
51 2838 1
51 1671 1
51 2843 1
51 655 1
51 1936 1
51 2834 1
51 2835 1
51 2836 1
51 2581 1
51 1558 1
51 2839 1
51 2840 1
51 2841 1
51 2842 1
51 2715 1
51 796 1
51 285 1
51 2846 1
51 2847 1
51 2848 1
51 1441 1
51 2850 1
51 2083 1
51 2852 1
51 933 1
51 2470 1
51 2855 1
51 1320 1
51 1833 1
51 1066 1
51 1195 1
51 2860 1
51 2221 1
51 2350 1
51 2845 1
51 436 1
51 2616 1
51 2854 1
51 2746 1
51 2861 1
51 2849 1
51 1726 1
51 2844 1
51 1986 1
51 583 1
51 2508 1
51 2856 1
51 1615 1
51 208 1
51 2130 1
51 2851 1
51 2837 1
51 726 1
51 2391 1
51 2776 1
51 2265 1
51 2650 1
51 1500 1
51 1885 1
51 2853 1
51 865 1
51 1381 1
51 1000 1
51 361 1
51 1258 1
51 1131 1
51 2545 1
51 2035 1
51 1780 1
51 2805 1
51 2857 1
51 2683 1
51 2858 1
51 510 1
51 2431 1
52 2432 1
52 2177 1
52 131 1
52 2309 1
52 1672 1
52 2873 1
52 2869 1
52 656 1
52 1937 1
52 2834 1
52 2883 1
52 2862 1
52 2582 1
52 1559 1
52 2863 1
52 2716 1
52 797 1
52 286 1
52 1442 1
52 2084 1
52 934 1
52 2471 1
52 1321 1
52 1834 1
52 1067 1
52 1196 1
52 2222 1
52 2351 1
52 2864 1
52 2865 1
52 2866 1
52 2867 1
52 2868 1
52 437 1
52 2870 1
52 2871 1
52 2872 1
52 2617 1
52 2874 1
52 2747 1
52 2876 1
52 2877 1
52 2878 1
52 1727 1
52 2880 1
52 2881 1
52 2882 1
52 1987 1
52 2884 1
52 2885 1
52 2886 1
52 2887 1
52 584 1
52 2509 1
52 1616 1
52 209 1
52 2131 1
52 727 1
52 2392 1
52 2777 1
52 2266 1
52 2651 1
52 1501 1
52 1886 1
52 2888 1
52 866 1
52 2875 1
52 1382 1
52 1001 1
52 362 1
52 1259 1
52 1132 1
52 2546 1
52 2036 1
52 1781 1
52 2806 1
52 2879 1
52 2684 1
52 511 1
53 512 1
53 2433 1
53 2178 1
53 132 1
53 2310 1
53 1673 1
53 2907 1
53 657 1
53 1938 1
53 2835 1
53 2905 1
53 2583 1
53 1560 1
53 2906 1
53 2717 1
53 798 1
53 287 1
53 1443 1
53 2085 1
53 935 1
53 2472 1
53 2908 1
53 1322 1
53 1835 1
53 1068 1
53 1197 1
53 2862 1
53 2223 1
53 2352 1
53 2910 1
53 438 1
53 2889 1
53 2618 1
53 2911 1
53 2748 1
53 2897 1
53 1728 1
53 2904 1
53 1988 1
53 585 1
53 2890 1
53 2891 1
53 2892 1
53 2893 1
53 2510 1
53 2895 1
53 2896 1
53 1617 1
53 210 1
53 2899 1
53 2132 1
53 2894 1
53 2902 1
53 2903 1
53 728 1
53 2393 1
53 2778 1
53 2267 1
53 2652 1
53 2909 1
53 1502 1
53 1887 1
53 2912 1
53 2913 1
53 2914 1
53 867 1
53 1383 1
53 1002 1
53 363 1
53 1260 1
53 1133 1
53 2547 1
53 2037 1
53 1782 1
53 2807 1
53 2900 1
53 2898 1
53 2685 1
53 2901 1
54 2916 1
54 513 1
54 2434 1
54 2179 1
54 133 1
54 2311 1
54 2924 1
54 1674 1
54 2925 1
54 658 1
54 1939 1
54 2836 1
54 2926 1
54 2584 1
54 1561 1
54 2923 1
54 2718 1
54 799 1
54 288 1
54 1444 1
54 2086 1
54 2929 1
54 936 1
54 2473 1
54 1323 1
54 1836 1
54 1069 1
54 1198 1
54 2863 1
54 2224 1
54 2353 1
54 2934 1
54 439 1
54 2932 1
54 2619 1
54 2749 1
54 1729 1
54 1989 1
54 2889 1
54 586 1
54 2935 1
54 2511 1
54 2936 1
54 1618 1
54 211 1
54 2133 1
54 729 1
54 2394 1
54 2779 1
54 2268 1
54 2653 1
54 1503 1
54 1888 1
54 2915 1
54 868 1
54 2917 1
54 2918 1
54 2919 1
54 1384 1
54 2921 1
54 2922 1
54 1003 1
54 364 1
54 1261 1
54 1134 1
54 2927 1
54 2928 1
54 2920 1
54 2930 1
54 2931 1
54 2548 1
54 2933 1
54 2038 1
54 1783 1
54 2808 1
54 2937 1
54 2938 1
54 2939 1
54 2686 1
55 2944 1
55 2945 1
55 514 1
55 2435 1
55 2180 1
55 2949 1
55 134 1
55 2951 1
55 2312 1
55 2953 1
55 2954 1
55 1675 1
55 2956 1
55 2946 1
55 2958 1
55 2959 1
55 2960 1
55 2961 1
55 2962 1
55 659 1
55 1940 1
55 2837 1
55 2950 1
55 2585 1
55 1562 1
55 2947 1
55 2719 1
55 800 1
55 289 1
55 1445 1
55 2087 1
55 937 1
55 2474 1
55 1324 1
55 1837 1
55 1070 1
55 1199 1
55 2864 1
55 2225 1
55 2354 1
55 440 1
55 2620 1
55 2750 1
55 1730 1
55 2955 1
55 2948 1
55 1990 1
55 2890 1
55 587 1
55 2957 1
55 2512 1
55 2952 1
55 1619 1
55 212 1
55 2134 1
55 730 1
55 2395 1
55 2780 1
55 2269 1
55 2654 1
55 1504 1
55 1889 1
55 2915 1
55 869 1
55 1385 1
55 1004 1
55 365 1
55 1262 1
55 1135 1
55 2963 1
55 2549 1
55 2039 1
55 1784 1
55 2809 1
55 2943 1
55 2940 1
55 2941 1
55 2942 1
55 2687 1
56 2688 1
56 515 1
56 2436 1
56 2181 1
56 135 1
56 2313 1
56 1676 1
56 660 1
56 1941 1
56 2838 1
56 2967 1
56 2968 1
56 2969 1
56 2586 1
56 1563 1
56 2972 1
56 2970 1
56 2974 1
56 2975 1
56 2720 1
56 801 1
56 290 1
56 2971 1
56 2980 1
56 2981 1
56 1446 1
56 2983 1
56 2088 1
56 2985 1
56 938 1
56 2475 1
56 2966 1
56 1325 1
56 1838 1
56 1071 1
56 1200 1
56 2865 1
56 2226 1
56 2355 1
56 441 1
56 2964 1
56 2621 1
56 2751 1
56 2976 1
56 1731 1
56 1991 1
56 2973 1
56 2891 1
56 588 1
56 2978 1
56 2513 1
56 2979 1
56 1620 1
56 213 1
56 2135 1
56 731 1
56 2396 1
56 2781 1
56 2270 1
56 2655 1
56 1505 1
56 1890 1
56 2916 1
56 2982 1
56 870 1
56 2977 1
56 1386 1
56 1005 1
56 366 1
56 1263 1
56 1136 1
56 2984 1
56 2550 1
56 2040 1
56 1785 1
56 2810 1
56 2940 1
56 2986 1
56 2965 1
57 2689 1
57 2987 1
57 516 1
57 2437 1
57 2182 1
57 136 1
57 2988 1
57 2314 1
57 1677 1
57 2992 1
57 2964 1
57 661 1
57 1942 1
57 2839 1
57 2587 1
57 1564 1
57 2721 1
57 802 1
57 291 1
57 1447 1
57 2993 1
57 2089 1
57 3002 1
57 939 1
57 2476 1
57 2989 1
57 1326 1
57 1839 1
57 1072 1
57 1201 1
57 2866 1
57 2227 1
57 2356 1
57 2997 1
57 2998 1
57 2999 1
57 3000 1
57 2996 1
57 442 1
57 3003 1
57 3004 1
57 3005 1
57 2622 1
57 2994 1
57 2752 1
57 1732 1
57 3007 1
57 2990 1
57 1992 1
57 2892 1
57 589 1
57 2514 1
57 2995 1
57 1621 1
57 214 1
57 3001 1
57 2136 1
57 732 1
57 2397 1
57 2782 1
57 2271 1
57 2656 1
57 1506 1
57 1891 1
57 3008 1
57 2917 1
57 871 1
57 1387 1
57 1006 1
57 367 1
57 1264 1
57 1137 1
57 3006 1
57 2551 1
57 2041 1
57 1786 1
57 2811 1
57 2991 1
57 2941 1
58 2690 1
58 517 1
58 2438 1
58 2183 1
58 137 1
58 2315 1
58 3009 1
58 1678 1
58 2965 1
58 662 1
58 1943 1
58 2840 1
58 2588 1
58 1565 1
58 3013 1
58 2722 1
58 803 1
58 292 1
58 1448 1
58 2090 1
58 2987 1
58 940 1
58 2477 1
58 1327 1
58 1840 1
58 1073 1
58 1202 1
58 2867 1
58 2228 1
58 2357 1
58 3017 1
58 443 1
58 2623 1
58 2753 1
58 3010 1
58 3011 1
58 3012 1
58 1733 1
58 3014 1
58 3015 1
58 3016 1
58 1993 1
58 3018 1
58 3019 1
58 3020 1
58 2893 1
58 590 1
58 3021 1
58 3024 1
58 3025 1
58 3026 1
58 2515 1
58 3028 1
58 3022 1
58 1622 1
58 215 1
58 2137 1
58 3023 1
58 733 1
58 2398 1
58 2783 1
58 2272 1
58 2657 1
58 1507 1
58 1892 1
58 2918 1
58 872 1
58 1388 1
58 1007 1
58 368 1
58 1265 1
58 1138 1
58 3027 1
58 2552 1
58 2042 1
58 1787 1
58 2812 1
58 2942 1
58 3029 1
59 3034 1
59 3049 1
59 2691 1
59 518 1
59 2439 1
59 2184 1
59 138 1
59 3031 1
59 2316 1
59 1679 1
59 3032 1
59 3044 1
59 3048 1
59 2966 1
59 663 1
59 1944 1
59 2841 1
59 2589 1
59 1566 1
59 2723 1
59 804 1
59 293 1
59 1449 1
59 3045 1
59 2091 1
59 2988 1
59 941 1
59 2478 1
59 1328 1
59 1841 1
59 1074 1
59 1203 1
59 2868 1
59 2229 1
59 2358 1
59 3039 1
59 444 1
59 2624 1
59 3009 1
59 2754 1
59 1734 1
59 3041 1
59 1994 1
59 3042 1
59 2894 1
59 591 1
59 2516 1
59 3030 1
59 1623 1
59 216 1
59 3033 1
59 2138 1
59 3035 1
59 3036 1
59 3037 1
59 734 1
59 2399 1
59 2784 1
59 2273 1
59 2658 1
59 3043 1
59 1508 1
59 1893 1
59 3046 1
59 2919 1
59 3038 1
59 873 1
59 3040 1
59 1389 1
59 1008 1
59 369 1
59 1266 1
59 1139 1
59 3047 1
59 2553 1
59 2043 1
59 1788 1
59 2813 1
59 2943 1
60 2944 1
60 2692 1
60 519 1
60 2440 1
60 2185 1
60 139 1
60 2317 1
60 1680 1
60 3054 1
60 2967 1
60 664 1
60 1945 1
60 2842 1
60 2590 1
60 1567 1
60 2724 1
60 805 1
60 294 1
60 3057 1
60 1450 1
60 2092 1
60 2989 1
60 942 1
60 2479 1
60 1329 1
60 1842 1
60 1075 1
60 1204 1
60 2869 1
60 2230 1
60 2359 1
60 3060 1
60 445 1
60 2625 1
60 3010 1
60 2755 1
60 1735 1
60 3058 1
60 1995 1
60 2895 1
60 592 1
60 3050 1
60 2517 1
60 3030 1
60 1624 1
60 217 1
60 2139 1
60 3066 1
60 3059 1
60 735 1
60 2400 1
60 2785 1
60 2274 1
60 2659 1
60 1509 1
60 1894 1
60 2920 1
60 3068 1
60 874 1
60 3051 1
60 3052 1
60 3053 1
60 1390 1
60 3055 1
60 3056 1
60 1009 1
60 370 1
60 1267 1
60 1140 1
60 3061 1
60 3062 1
60 3063 1
60 3064 1
60 3065 1
60 2554 1
60 3067 1
60 2044 1
60 1789 1
60 2814 1
61 3072 1
61 2945 1
61 3074 1
61 3075 1
61 3076 1
61 2693 1
61 3078 1
61 3073 1
61 520 1
61 2441 1
61 2186 1
61 3069 1
61 140 1
61 3085 1
61 2318 1
61 1681 1
61 2968 1
61 665 1
61 1946 1
61 2843 1
61 3079 1
61 2591 1
61 1568 1
61 2725 1
61 806 1
61 295 1
61 3070 1
61 1451 1
61 2093 1
61 2990 1
61 943 1
61 2480 1
61 3080 1
61 1330 1
61 1843 1
61 1076 1
61 1205 1
61 2870 1
61 2231 1
61 2360 1
61 3082 1
61 446 1
61 2626 1
61 3011 1
61 2756 1
61 3083 1
61 3071 1
61 1736 1
61 3084 1
61 3081 1
61 1996 1
61 2896 1
61 593 1
61 3086 1
61 2518 1
61 3031 1
61 1625 1
61 218 1
61 2140 1
61 736 1
61 2401 1
61 2786 1
61 2275 1
61 2660 1
61 1510 1
61 1895 1
61 2921 1
61 3050 1
61 875 1
61 1391 1
61 1010 1
61 371 1
61 1268 1
61 1141 1
61 2555 1
61 3077 1
61 2045 1
61 1790 1
61 2815 1
62 2816 1
62 3101 1
62 2946 1
62 2694 1
62 521 1
62 2442 1
62 2187 1
62 141 1
62 2319 1
62 3088 1
62 3089 1
62 1682 1
62 3091 1
62 3092 1
62 3093 1
62 3094 1
62 3095 1
62 3096 1
62 2969 1
62 666 1
62 1947 1
62 2844 1
62 3098 1
62 3102 1
62 3103 1
62 2592 1
62 1569 1
62 3099 1
62 2726 1
62 807 1
62 296 1
62 3100 1
62 1452 1
62 2094 1
62 2991 1
62 944 1
62 2481 1
62 1331 1
62 1844 1
62 1077 1
62 1206 1
62 2871 1
62 2232 1
62 2361 1
62 447 1
62 2627 1
62 3012 1
62 2757 1
62 1737 1
62 3087 1
62 1997 1
62 2897 1
62 594 1
62 3097 1
62 2519 1
62 3032 1
62 1626 1
62 219 1
62 2141 1
62 737 1
62 2402 1
62 2787 1
62 2276 1
62 2661 1
62 1511 1
62 1896 1
62 2922 1
62 3051 1
62 876 1
62 3090 1
62 1392 1
62 1011 1
62 372 1
62 1269 1
62 1142 1
62 2556 1
62 3069 1
62 2046 1
62 1791 1
63 1792 1
63 2817 1
63 2947 1
63 2695 1
63 522 1
63 2443 1
63 2188 1
63 3113 1
63 142 1
63 3087 1
63 2320 1
63 3119 1
63 1683 1
63 3112 1
63 2970 1
63 667 1
63 1948 1
63 2845 1
63 3104 1
63 2593 1
63 1570 1
63 3107 1
63 3108 1
63 3109 1
63 3110 1
63 2727 1
63 808 1
63 297 1
63 3114 1
63 3115 1
63 3116 1
63 1453 1
63 3118 1
63 2095 1
63 2992 1
63 945 1
63 2482 1
63 1332 1
63 1845 1
63 1078 1
63 1207 1
63 2872 1
63 2233 1
63 2362 1
63 448 1
63 2628 1
63 3013 1
63 2758 1
63 3105 1
63 1738 1
63 3106 1
63 1998 1
63 2898 1
63 595 1
63 2520 1
63 3033 1
63 1627 1
63 220 1
63 2142 1
63 738 1
63 2403 1
63 2788 1
63 2277 1
63 2662 1
63 1512 1
63 1897 1
63 2923 1
63 3052 1
63 877 1
63 1393 1
63 1012 1
63 373 1
63 1270 1
63 1143 1
63 3111 1
63 3117 1
63 2557 1
63 3070 1
63 2047 1
64 2048 1
64 1793 1
64 2818 1
64 3130 1
64 2948 1
64 2696 1
64 523 1
64 2444 1
64 2189 1
64 143 1
64 3088 1
64 2321 1
64 1684 1
64 3131 1
64 2971 1
64 668 1
64 1949 1
64 2846 1
64 3104 1
64 3120 1
64 2594 1
64 1571 1
64 3121 1
64 2728 1
64 809 1
64 298 1
64 3126 1
64 3122 1
64 1454 1
64 2096 1
64 2993 1
64 946 1
64 2483 1
64 3124 1
64 1333 1
64 1846 1
64 1079 1
64 1208 1
64 2873 1
64 2234 1
64 2363 1
64 3132 1
64 3133 1
64 3134 1
64 3125 1
64 449 1
64 2629 1
64 3014 1
64 2759 1
64 1739 1
64 3127 1
64 1999 1
64 3128 1
64 2899 1
64 596 1
64 3129 1
64 2521 1
64 3034 1
64 1628 1
64 221 1
64 2143 1
64 3123 1
64 739 1
64 2404 1
64 2789 1
64 2278 1
64 2663 1
64 1513 1
64 1898 1
64 2924 1
64 3053 1
64 878 1
64 1394 1
64 1013 1
64 374 1
64 1271 1
64 1144 1
64 2558 1
64 3071 1
65 3072 1
65 2049 1
65 1794 1
65 2819 1
65 2949 1
65 2697 1
65 524 1
65 2445 1
65 2190 1
65 144 1
65 3089 1
65 2322 1
65 3148 1
65 1685 1
65 3138 1
65 2972 1
65 669 1
65 1950 1
65 2847 1
65 3105 1
65 2595 1
65 1572 1
65 3142 1
65 3143 1
65 2729 1
65 810 1
65 299 1
65 1455 1
65 3120 1
65 2097 1
65 2994 1
65 947 1
65 2484 1
65 1334 1
65 1847 1
65 1080 1
65 1209 1
65 2874 1
65 2235 1
65 2364 1
65 3135 1
65 3136 1
65 3137 1
65 450 1
65 3139 1
65 3140 1
65 3141 1
65 2630 1
65 3015 1
65 2760 1
65 3145 1
65 3146 1
65 3147 1
65 1740 1
65 2000 1
65 2900 1
65 597 1
65 3144 1
65 2522 1
65 3035 1
65 1629 1
65 222 1
65 2144 1
65 740 1
65 2405 1
65 2790 1
65 2279 1
65 2664 1
65 1514 1
65 1899 1
65 2925 1
65 3054 1
65 879 1
65 1395 1
65 1014 1
65 375 1
65 1272 1
65 1145 1
65 2559 1
66 2560 1
66 3073 1
66 2050 1
66 1795 1
66 2820 1
66 3158 1
66 2950 1
66 2698 1
66 3153 1
66 525 1
66 2446 1
66 2191 1
66 145 1
66 3090 1
66 2323 1
66 1686 1
66 2973 1
66 670 1
66 1951 1
66 2848 1
66 3106 1
66 2596 1
66 1573 1
66 2730 1
66 811 1
66 300 1
66 3151 1
66 1456 1
66 3121 1
66 2098 1
66 2995 1
66 948 1
66 2485 1
66 1335 1
66 1848 1
66 1081 1
66 1210 1
66 2875 1
66 2236 1
66 2365 1
66 3135 1
66 451 1
66 2631 1
66 3016 1
66 2761 1
66 1741 1
66 3150 1
66 3149 1
66 3152 1
66 2001 1
66 3154 1
66 3155 1
66 3156 1
66 2901 1
66 598 1
66 3159 1
66 3160 1
66 3161 1
66 2523 1
66 3036 1
66 1630 1
66 223 1
66 2145 1
66 741 1
66 2406 1
66 2791 1
66 2280 1
66 2665 1
66 1515 1
66 1900 1
66 2926 1
66 3055 1
66 880 1
66 1396 1
66 1015 1
66 376 1
66 1273 1
66 1146 1
66 3157 1
67 2561 1
67 3074 1
67 2051 1
67 1796 1
67 2821 1
67 2951 1
67 3167 1
67 2699 1
67 526 1
67 2447 1
67 2192 1
67 146 1
67 3091 1
67 2324 1
67 1687 1
67 2974 1
67 671 1
67 1952 1
67 2849 1
67 3107 1
67 2597 1
67 1574 1
67 3164 1
67 2731 1
67 812 1
67 301 1
67 3165 1
67 1457 1
67 3122 1
67 2099 1
67 2996 1
67 949 1
67 2486 1
67 1336 1
67 1849 1
67 1082 1
67 1211 1
67 2876 1
67 2237 1
67 2366 1
67 3173 1
67 3136 1
67 3168 1
67 452 1
67 2632 1
67 3017 1
67 2762 1
67 3149 1
67 1742 1
67 2002 1
67 2902 1
67 599 1
67 3162 1
67 3163 1
67 2524 1
67 3037 1
67 3166 1
67 1631 1
67 224 1
67 3169 1
67 2146 1
67 3171 1
67 3172 1
67 3170 1
67 742 1
67 2407 1
67 2792 1
67 2281 1
67 2666 1
67 1516 1
67 1901 1
67 2927 1
67 3056 1
67 881 1
67 1397 1
67 1016 1
67 377 1
67 1274 1
67 1147 1
68 2562 1
68 3075 1
68 2052 1
68 1797 1
68 2822 1
68 2952 1
68 3184 1
68 2700 1
68 527 1
68 2448 1
68 2193 1
68 147 1
68 3092 1
68 2325 1
68 1688 1
68 3176 1
68 3175 1
68 2975 1
68 672 1
68 1953 1
68 2850 1
68 3108 1
68 2598 1
68 1575 1
68 2732 1
68 813 1
68 302 1
68 3181 1
68 1458 1
68 3123 1
68 2100 1
68 2997 1
68 950 1
68 2487 1
68 1337 1
68 1850 1
68 1083 1
68 1212 1
68 2877 1
68 2238 1
68 2367 1
68 3137 1
68 453 1
68 2633 1
68 3018 1
68 2763 1
68 3182 1
68 3150 1
68 1743 1
68 2003 1
68 2903 1
68 600 1
68 3162 1
68 2525 1
68 3038 1
68 1632 1
68 225 1
68 2147 1
68 3174 1
68 743 1
68 2408 1
68 2793 1
68 2282 1
68 2667 1
68 3180 1
68 1517 1
68 1902 1
68 3183 1
68 2928 1
68 3057 1
68 882 1
68 3179 1
68 1398 1
68 3177 1
68 1017 1
68 378 1
68 1275 1
68 1148 1
68 3178 1
69 2563 1
69 3076 1
69 2053 1
69 1798 1
69 2823 1
69 2953 1
69 2701 1
69 528 1
69 2449 1
69 2194 1
69 148 1
69 3093 1
69 2326 1
69 1689 1
69 2976 1
69 673 1
69 1954 1
69 2851 1
69 3109 1
69 2599 1
69 1576 1
69 2733 1
69 814 1
69 303 1
69 1459 1
69 3124 1
69 2101 1
69 2998 1
69 951 1
69 2488 1
69 1338 1
69 1851 1
69 1084 1
69 1213 1
69 2878 1
69 2239 1
69 2368 1
69 3138 1
69 3186 1
69 454 1
69 3185 1
69 2634 1
69 3019 1
69 2764 1
69 3151 1
69 1744 1
69 3192 1
69 2004 1
69 2904 1
69 601 1
69 3163 1
69 3194 1
69 2526 1
69 3039 1
69 1633 1
69 226 1
69 3187 1
69 2148 1
69 3174 1
69 744 1
69 2409 1
69 2794 1
69 2283 1
69 2668 1
69 1518 1
69 1903 1
69 2929 1
69 3058 1
69 883 1
69 3188 1
69 3189 1
69 3190 1
69 1399 1
69 3191 1
69 3193 1
69 1018 1
69 379 1
69 1276 1
69 1149 1
70 3200 1
70 3201 1
70 3202 1
70 3203 1
70 2564 1
70 3077 1
70 2054 1
70 1799 1
70 2824 1
70 2954 1
70 2702 1
70 3197 1
70 529 1
70 2450 1
70 2195 1
70 149 1
70 3094 1
70 2327 1
70 1690 1
70 3196 1
70 2977 1
70 674 1
70 1955 1
70 2852 1
70 3110 1
70 2600 1
70 1577 1
70 2734 1
70 815 1
70 304 1
70 1460 1
70 3125 1
70 2102 1
70 2999 1
70 952 1
70 2489 1
70 1339 1
70 1852 1
70 1085 1
70 1214 1
70 2879 1
70 2240 1
70 2369 1
70 3139 1
70 455 1
70 2635 1
70 3020 1
70 2765 1
70 3152 1
70 1745 1
70 3195 1
70 2005 1
70 2905 1
70 602 1
70 3164 1
70 2527 1
70 3040 1
70 1634 1
70 227 1
70 2149 1
70 3175 1
70 745 1
70 2410 1
70 2795 1
70 2284 1
70 2669 1
70 1519 1
70 1904 1
70 3185 1
70 2930 1
70 3059 1
70 884 1
70 3198 1
70 1400 1
70 1019 1
70 380 1
70 1277 1
70 1150 1
70 3199 1
71 3204 1
71 2565 1
71 3078 1
71 2055 1
71 1800 1
71 2825 1
71 3210 1
71 2955 1
71 2703 1
71 530 1
71 2451 1
71 2196 1
71 150 1
71 3095 1
71 2328 1
71 1691 1
71 3206 1
71 3205 1
71 2978 1
71 675 1
71 1956 1
71 2853 1
71 3111 1
71 2601 1
71 1578 1
71 3207 1
71 2735 1
71 816 1
71 305 1
71 1461 1
71 3126 1
71 2103 1
71 3000 1
71 953 1
71 2490 1
71 1340 1
71 1853 1
71 1086 1
71 1215 1
71 2880 1
71 2241 1
71 2370 1
71 3211 1
71 3140 1
71 3208 1
71 456 1
71 2636 1
71 3021 1
71 2766 1
71 3153 1
71 1746 1
71 2006 1
71 2906 1
71 603 1
71 3165 1
71 2528 1
71 3041 1
71 1635 1
71 228 1
71 2150 1
71 3176 1
71 746 1
71 2411 1
71 2796 1
71 2285 1
71 2670 1
71 1520 1
71 1905 1
71 3186 1
71 2931 1
71 3060 1
71 885 1
71 3209 1
71 1401 1
71 3195 1
71 1020 1
71 381 1
71 1278 1
71 1151 1
72 1152 1
72 3204 1
72 2566 1
72 3079 1
72 2056 1
72 1801 1
72 2826 1
72 2956 1
72 3213 1
72 3214 1
72 3215 1
72 2704 1
72 3217 1
72 3218 1
72 531 1
72 2452 1
72 2197 1
72 151 1
72 3096 1
72 2329 1
72 1692 1
72 3212 1
72 2979 1
72 676 1
72 1957 1
72 2854 1
72 3112 1
72 2602 1
72 1579 1
72 2736 1
72 817 1
72 306 1
72 1462 1
72 3127 1
72 2104 1
72 3001 1
72 954 1
72 2491 1
72 1341 1
72 1854 1
72 1087 1
72 1216 1
72 2881 1
72 2242 1
72 2371 1
72 3141 1
72 457 1
72 3216 1
72 2637 1
72 3022 1
72 2767 1
72 3154 1
72 1747 1
72 2007 1
72 2907 1
72 604 1
72 3166 1
72 2529 1
72 3042 1
72 1636 1
72 229 1
72 2151 1
72 3177 1
72 747 1
72 2412 1
72 2797 1
72 2286 1
72 2671 1
72 1521 1
72 1906 1
72 3187 1
72 2932 1
72 3061 1
72 886 1
72 1402 1
72 3196 1
72 1021 1
72 382 1
72 1279 1
73 1280 1
73 1153 1
73 3205 1
73 2567 1
73 3080 1
73 2057 1
73 1802 1
73 2827 1
73 3212 1
73 2957 1
73 2705 1
73 3219 1
73 532 1
73 2453 1
73 2198 1
73 3223 1
73 152 1
73 3097 1
73 2330 1
73 1693 1
73 2980 1
73 677 1
73 1958 1
73 2855 1
73 3113 1
73 2603 1
73 1580 1
73 3224 1
73 2737 1
73 818 1
73 307 1
73 1463 1
73 3128 1
73 2105 1
73 3002 1
73 955 1
73 2492 1
73 1342 1
73 1855 1
73 1088 1
73 1217 1
73 2882 1
73 2243 1
73 2372 1
73 3142 1
73 458 1
73 2638 1
73 3023 1
73 2768 1
73 3155 1
73 1748 1
73 2008 1
73 2908 1
73 605 1
73 3167 1
73 3221 1
73 2530 1
73 3043 1
73 1637 1
73 230 1
73 2152 1
73 3178 1
73 748 1
73 2413 1
73 2798 1
73 2287 1
73 2672 1
73 1522 1
73 1907 1
73 3188 1
73 2933 1
73 3062 1
73 887 1
73 3220 1
73 3222 1
73 1403 1
73 3197 1
73 1022 1
73 383 1
74 384 1
74 1281 1
74 1154 1
74 3206 1
74 2568 1
74 3081 1
74 2058 1
74 1803 1
74 2828 1
74 3213 1
74 2958 1
74 2706 1
74 3219 1
74 533 1
74 2454 1
74 2199 1
74 153 1
74 3098 1
74 2331 1
74 3228 1
74 3226 1
74 1694 1
74 3227 1
74 2981 1
74 678 1
74 1959 1
74 2856 1
74 3114 1
74 2604 1
74 1581 1
74 3229 1
74 2738 1
74 819 1
74 308 1
74 1464 1
74 3129 1
74 2106 1
74 3003 1
74 956 1
74 2493 1
74 1343 1
74 1856 1
74 1089 1
74 1218 1
74 2883 1
74 2244 1
74 2373 1
74 3143 1
74 459 1
74 2639 1
74 3024 1
74 2769 1
74 3156 1
74 1749 1
74 3225 1
74 2009 1
74 2909 1
74 606 1
74 3168 1
74 2531 1
74 3044 1
74 1638 1
74 231 1
74 2153 1
74 3179 1
74 749 1
74 2414 1
74 2799 1
74 2288 1
74 2673 1
74 1523 1
74 1908 1
74 3189 1
74 2934 1
74 3063 1
74 888 1
74 1404 1
74 3198 1
74 1023 1
75 1024 1
75 385 1
75 1282 1
75 1155 1
75 3207 1
75 2569 1
75 3082 1
75 2059 1
75 1804 1
75 2829 1
75 3214 1
75 2959 1
75 2707 1
75 3220 1
75 534 1
75 2455 1
75 2200 1
75 3225 1
75 154 1
75 3099 1
75 2332 1
75 3230 1
75 1695 1
75 3232 1
75 3233 1
75 2982 1
75 679 1
75 1960 1
75 2857 1
75 3115 1
75 2605 1
75 1582 1
75 2739 1
75 820 1
75 309 1
75 1465 1
75 3130 1
75 2107 1
75 3004 1
75 957 1
75 2494 1
75 1344 1
75 1857 1
75 1090 1
75 1219 1
75 2884 1
75 2245 1
75 2374 1
75 3144 1
75 460 1
75 2640 1
75 3025 1
75 2770 1
75 3157 1
75 1750 1
75 2010 1
75 3231 1
75 2910 1
75 607 1
75 3169 1
75 2532 1
75 3045 1
75 1639 1
75 232 1
75 2154 1
75 3180 1
75 750 1
75 2415 1
75 2800 1
75 2289 1
75 2674 1
75 1524 1
75 1909 1
75 3190 1
75 2935 1
75 3064 1
75 889 1
75 1405 1
75 3199 1
76 3200 1
76 1025 1
76 386 1
76 1283 1
76 1156 1
76 3208 1
76 2570 1
76 3083 1
76 2060 1
76 1805 1
76 2830 1
76 3215 1
76 2960 1
76 2708 1
76 3221 1
76 535 1
76 2456 1
76 2201 1
76 3226 1
76 155 1
76 3100 1
76 2333 1
76 3230 1
76 1696 1
76 3234 1
76 3235 1
76 3236 1
76 2983 1
76 680 1
76 1961 1
76 2858 1
76 3116 1
76 2606 1
76 1583 1
76 2740 1
76 821 1
76 310 1
76 1466 1
76 3131 1
76 2108 1
76 3005 1
76 958 1
76 2495 1
76 1345 1
76 1858 1
76 1091 1
76 1220 1
76 2885 1
76 2246 1
76 2375 1
76 3145 1
76 461 1
76 2641 1
76 3026 1
76 2771 1
76 3158 1
76 1751 1
76 2011 1
76 2911 1
76 608 1
76 3170 1
76 2533 1
76 3046 1
76 1640 1
76 233 1
76 2155 1
76 3181 1
76 751 1
76 2416 1
76 2801 1
76 2290 1
76 2675 1
76 1525 1
76 1910 1
76 3191 1
76 2936 1
76 3065 1
76 890 1
76 1406 1
77 3201 1
77 1026 1
77 387 1
77 1284 1
77 1157 1
77 3209 1
77 2571 1
77 3084 1
77 2061 1
77 1806 1
77 2831 1
77 3216 1
77 2961 1
77 2709 1
77 3222 1
77 536 1
77 2457 1
77 2202 1
77 3227 1
77 156 1
77 3101 1
77 2334 1
77 3231 1
77 1697 1
77 3234 1
77 3237 1
77 3238 1
77 2984 1
77 681 1
77 1962 1
77 2859 1
77 3117 1
77 2607 1
77 1584 1
77 2741 1
77 822 1
77 311 1
77 1467 1
77 3132 1
77 2109 1
77 3006 1
77 959 1
77 2496 1
77 1346 1
77 1859 1
77 1092 1
77 1221 1
77 2886 1
77 2247 1
77 2376 1
77 3146 1
77 462 1
77 2642 1
77 3027 1
77 2772 1
77 3159 1
77 1752 1
77 2012 1
77 2912 1
77 609 1
77 3171 1
77 2534 1
77 3047 1
77 1641 1
77 234 1
77 2156 1
77 3182 1
77 752 1
77 2417 1
77 2802 1
77 2291 1
77 2676 1
77 1526 1
77 1911 1
77 3192 1
77 2937 1
77 3066 1
77 891 1
77 1407 1
78 1408 1
78 3202 1
78 1027 1
78 388 1
78 1285 1
78 1158 1
78 3210 1
78 2572 1
78 3085 1
78 2062 1
78 1807 1
78 2832 1
78 3217 1
78 2962 1
78 2710 1
78 3223 1
78 537 1
78 2458 1
78 2203 1
78 3228 1
78 157 1
78 3102 1
78 2335 1
78 3232 1
78 1698 1
78 3235 1
78 3237 1
78 3239 1
78 2985 1
78 682 1
78 1963 1
78 2860 1
78 3118 1
78 2608 1
78 1585 1
78 2742 1
78 823 1
78 312 1
78 1468 1
78 3133 1
78 2110 1
78 3007 1
78 960 1
78 2497 1
78 1347 1
78 1860 1
78 1093 1
78 1222 1
78 2887 1
78 2248 1
78 2377 1
78 3147 1
78 463 1
78 2643 1
78 3028 1
78 2773 1
78 3160 1
78 1753 1
78 2013 1
78 2913 1
78 610 1
78 3172 1
78 2535 1
78 3048 1
78 1642 1
78 235 1
78 2157 1
78 3183 1
78 753 1
78 2418 1
78 2803 1
78 2292 1
78 2677 1
78 1527 1
78 1912 1
78 3193 1
78 2938 1
78 3067 1
78 892 1
79 1409 1
79 3203 1
79 1028 1
79 389 1
79 1286 1
79 1159 1
79 3211 1
79 2573 1
79 3086 1
79 2063 1
79 1808 1
79 2833 1
79 3218 1
79 2963 1
79 2711 1
79 3224 1
79 538 1
79 2459 1
79 2204 1
79 3229 1
79 158 1
79 3103 1
79 2336 1
79 3233 1
79 1699 1
79 3236 1
79 3238 1
79 3239 1
79 2986 1
79 683 1
79 1964 1
79 2861 1
79 3119 1
79 2609 1
79 1586 1
79 2743 1
79 824 1
79 313 1
79 1469 1
79 3134 1
79 2111 1
79 3008 1
79 961 1
79 2498 1
79 1348 1
79 1861 1
79 1094 1
79 1223 1
79 2888 1
79 2249 1
79 2378 1
79 3148 1
79 464 1
79 2644 1
79 3029 1
79 2774 1
79 3161 1
79 1754 1
79 2014 1
79 2914 1
79 611 1
79 3173 1
79 2536 1
79 3049 1
79 1643 1
79 236 1
79 2158 1
79 3184 1
79 754 1
79 2419 1
79 2804 1
79 2293 1
79 2678 1
79 1528 1
79 1913 1
79 3194 1
79 2939 1
79 3068 1
79 893 1
1
0 1 2 3 4 5 6 7 8 9 10 11 12 13 14 15 16 17 18 19
