Nodes
712
0 1
1 1
2 1
3 1
4 1
5 1
6 1
7 1
8 1
9 1
10 1
11 1
12 1
13 1
14 1
15 1
16 1
17 1
18 1
19 1
20 1
21 1
22 1
23 1
24 1
25 1
26 1
27 1
28 1
29 1
30 1
31 1
32 1
33 1
34 1
35 1
36 1
37 1
38 1
39 1
40 1
41 1
42 1
43 1
44 1
45 1
46 1
47 1
48 1
49 1
50 1
51 1
52 1
53 1
54 1
55 1
56 1
57 1
58 1
59 1
60 1
61 1
62 1
63 1
64 1
65 1
66 1
67 1
68 1
69 1
70 1
71 1
72 1
73 1
74 1
75 1
76 1
77 1
78 1
79 1
80 192
81 201
82 204
83 205
84 305
85 200
86 292
87 298
88 195
89 300
90 203
91 198
92 304
93 194
94 199
95 200
96 200
97 200
98 200
99 198
100 199
101 203
102 197
103 299
104 306
105 300
106 204
107 192
108 205
109 300
110 302
111 305
112 200
113 198
114 199
115 206
116 198
117 199
118 303
119 196
120 298
121 311
122 194
123 199
124 195
125 195
126 199
127 202
128 300
129 298
130 299
131 296
132 299
133 193
134 304
135 307
136 202
137 198
138 203
139 193
140 188
141 193
142 199
143 305
144 311
145 197
146 206
147 201
148 207
149 192
150 199
151 197
152 201
153 310
154 198
155 209
156 200
157 209
158 201
159 192
160 207
161 300
162 194
163 207
164 198
165 209
166 210
167 201
168 200
169 198
170 197
171 302
172 199
173 295
174 191
175 304
176 201
177 195
178 195
179 202
180 202
181 199
182 202
183 194
184 193
185 305
186 198
187 191
188 203
189 204
190 201
191 201
192 202
193 198
194 200
195 204
196 208
197 186
198 200
199 198
200 202
201 200
202 214
203 197
204 300
205 205
206 200
207 201
208 203
209 194
210 198
211 201
212 201
213 200
214 195
215 204
216 310
217 195
218 305
219 200
220 203
221 196
222 199
223 202
224 203
225 196
226 201
227 200
228 202
229 193
230 191
231 208
232 199
233 201
234 202
235 203
236 196
237 201
238 213
239 205
240 197
241 200
242 192
243 195
244 195
245 213
246 210
247 295
248 204
249 195
250 193
251 200
252 202
253 205
254 197
255 199
256 202
257 210
258 200
259 207
260 197
261 201
262 203
263 303
264 198
265 196
266 201
267 199
268 292
269 197
270 204
271 205
272 211
273 201
274 199
275 195
276 195
277 202
278 203
279 200
280 198
281 196
282 199
283 193
284 197
285 207
286 194
287 201
288 200
289 210
290 204
291 191
292 203
293 203
294 203
295 192
296 203
297 203
298 206
299 206
300 201
301 199
302 204
303 297
304 203
305 205
306 192
307 200
308 198
309 206
310 198
311 190
312 195
313 305
314 200
315 195
316 201
317 202
318 203
319 203
320 204
321 197
322 205
323 203
324 200
325 200
326 199
327 203
328 202
329 196
330 192
331 198
332 188
333 206
334 201
335 203
336 203
337 199
338 196
339 200
340 198
341 202
342 195
343 98
344 87
345 99
346 98
347 93
348 93
349 99
350 96
351 97
352 97
353 91
354 103
355 95
356 99
357 98
358 112
359 95
360 94
361 102
362 92
363 94
364 103
365 95
366 93
367 98
368 97
369 93
370 99
371 95
372 91
373 95
374 98
375 94
376 110
377 96
378 101
379 100
380 103
381 104
382 89
383 98
384 106
385 101
386 104
387 96
388 98
389 102
390 101
391 99
392 96
393 98
394 97
395 107
396 101
397 106
398 91
399 100
400 103
401 107
402 106
403 104
404 102
405 92
406 98
407 102
408 107
409 101
410 90
411 111
412 105
413 100
414 93
415 96
416 109
417 95
418 92
419 101
420 94
421 98
422 104
423 110
424 109
425 103
426 100
427 99
428 101
429 102
430 101
431 103
432 99
433 92
434 94
435 102
436 98
437 106
438 110
439 103
440 96
441 100
442 104
443 96
444 102
445 107
446 102
447 96
448 98
449 102
450 90
451 100
452 95
453 111
454 103
455 88
456 101
457 97
458 97
459 98
460 104
461 92
462 100
463 103
464 108
465 96
466 104
467 94
468 101
469 101
470 96
471 104
472 112
473 103
474 96
475 91
476 99
477 97
478 99
479 104
480 104
481 94
482 103
483 96
484 107
485 104
486 100
487 103
488 96
489 98
490 98
491 96
492 95
493 99
494 97
495 99
496 99
497 105
498 99
499 101
500 89
501 90
502 97
503 99
504 109
505 97
506 108
507 97
508 93
509 87
510 100
511 97
512 104
513 105
514 97
515 103
516 105
517 96
518 108
519 100
520 98
521 99
522 93
523 99
524 104
525 99
526 100
527 92
528 103
529 99
530 94
531 106
532 97
533 106
534 109
535 92
536 94
537 98
538 90
539 103
540 97
541 98
542 95
543 106
544 107
545 92
546 102
547 107
548 104
549 82
550 107
551 94
552 102
553 97
554 101
555 94
556 96
557 102
558 106
559 101
560 102
561 108
562 102
563 103
564 94
565 90
566 98
567 90
568 106
569 97
570 93
571 97
572 92
573 96
574 98
575 95
576 93
577 98
578 97
579 110
580 100
581 113
582 104
583 83
584 96
585 107
586 96
587 103
588 95
589 93
590 99
591 97
592 107
593 110
594 98
595 102
596 99
597 96
598 100
599 99
600 95
601 96
602 99
603 104
604 99
605 101
606 103
607 92
608 104
609 102
610 100
611 119
612 97
613 105
614 103
615 99
616 96
617 101
618 98
619 93
620 106
621 91
622 90
623 101
624 100
625 99
626 102
627 100
628 97
629 104
630 103
631 99
632 105
633 96
634 99
635 92
636 102
637 102
638 96
639 99
640 102
641 105
642 108
643 95
644 98
645 101
646 101
647 108
648 98
649 100
650 92
651 102
652 91
653 98
654 99
655 103
656 94
657 88
658 100
659 102
660 94
661 101
662 96
663 101
664 94
665 105
666 101
667 92
668 98
669 108
670 95
671 94
672 102
673 99
674 101
675 97
676 96
677 96
678 104
679 99
680 100
681 104
682 95
683 100
684 99
685 108
686 111
687 98
688 104
689 91
690 104
691 98
692 96
693 103
694 102
695 99
696 104
697 94
698 95
699 101
700 99
701 99
702 97
703 99
704 97
705 97
706 101
707 102
708 98
709 98
710 101
711 99
Edges
1264
0 96 1
0 97 1
0 98 1
0 99 1
0 80 1
0 81 1
0 82 1
0 83 1
0 84 1
0 85 1
0 86 1
0 87 1
0 88 1
0 89 1
0 90 1
0 91 1
0 92 1
0 93 1
0 94 1
0 95 1
1 100 1
1 101 1
1 102 1
1 103 1
1 104 1
1 105 1
1 106 1
1 107 1
1 108 1
1 109 1
1 110 1
1 111 1
1 112 1
1 113 1
1 114 1
1 115 1
1 116 1
2 117 1
2 118 1
2 119 1
2 120 1
2 121 1
2 122 1
2 123 1
2 124 1
3 128 1
3 129 1
3 130 1
3 131 1
3 132 1
3 133 1
3 134 1
3 103 1
3 136 1
3 137 1
3 138 1
3 135 1
3 140 1
3 141 1
3 142 1
3 139 1
3 118 1
3 125 1
3 126 1
3 127 1
4 144 1
4 145 1
4 146 1
4 147 1
4 148 1
4 149 1
4 150 1
4 151 1
4 152 1
4 153 1
4 143 1
5 160 1
5 161 1
5 162 1
5 163 1
5 164 1
5 165 1
5 154 1
5 155 1
5 156 1
5 157 1
5 158 1
5 159 1
6 177 1
6 166 1
6 167 1
6 168 1
6 169 1
6 170 1
6 171 1
6 172 1
6 173 1
6 174 1
6 175 1
6 176 1
6 104 1
6 84 1
7 128 1
7 192 1
7 193 1
7 105 1
7 171 1
7 178 1
7 179 1
7 180 1
7 181 1
7 182 1
7 183 1
7 184 1
7 185 1
7 186 1
7 187 1
7 188 1
7 189 1
7 190 1
7 191 1
8 129 1
8 194 1
8 195 1
8 196 1
8 197 1
8 198 1
8 199 1
8 200 1
8 201 1
8 202 1
8 203 1
8 204 1
8 205 1
8 206 1
8 207 1
8 208 1
8 209 1
8 210 1
8 211 1
8 86 1
9 130 1
9 120 1
9 212 1
9 213 1
9 214 1
9 215 1
9 216 1
9 217 1
9 218 1
9 219 1
9 220 1
9 221 1
9 222 1
9 223 1
10 224 1
10 225 1
10 226 1
10 131 1
10 228 1
10 229 1
10 230 1
10 231 1
10 232 1
10 233 1
10 234 1
10 235 1
10 236 1
10 227 1
10 87 1
10 121 1
11 132 1
11 237 1
11 238 1
11 239 1
11 240 1
11 241 1
11 242 1
11 243 1
11 244 1
11 245 1
11 246 1
11 247 1
11 248 1
11 249 1
11 250 1
11 251 1
11 252 1
11 253 1
12 256 1
12 257 1
12 258 1
12 259 1
12 260 1
12 261 1
12 262 1
12 263 1
12 264 1
12 265 1
12 266 1
12 267 1
12 254 1
12 255 1
13 272 1
13 273 1
13 274 1
13 275 1
13 276 1
13 277 1
13 278 1
13 268 1
13 269 1
13 270 1
13 271 1
14 288 1
14 289 1
14 290 1
14 291 1
14 292 1
14 293 1
14 134 1
14 279 1
14 204 1
14 173 1
14 111 1
14 89 1
14 185 1
14 280 1
14 281 1
14 282 1
14 283 1
14 284 1
14 285 1
14 286 1
14 287 1
15 294 1
15 295 1
15 296 1
15 297 1
15 298 1
15 299 1
15 300 1
15 301 1
15 302 1
15 303 1
15 304 1
15 305 1
15 306 1
15 153 1
16 263 1
16 268 1
16 109 1
16 317 1
16 307 1
16 308 1
16 309 1
16 310 1
16 311 1
16 312 1
16 313 1
16 218 1
16 315 1
16 316 1
16 314 1
16 318 1
17 320 1
17 161 1
17 322 1
17 323 1
17 324 1
17 325 1
17 326 1
17 135 1
17 328 1
17 327 1
17 143 1
17 321 1
17 303 1
17 313 1
17 175 1
17 319 1
18 144 1
18 336 1
18 216 1
18 329 1
18 330 1
18 331 1
18 332 1
18 333 1
18 334 1
18 335 1
19 337 1
19 338 1
19 339 1
19 340 1
19 341 1
19 342 1
19 247 1
19 92 1
19 110 1
20 352 1
20 353 1
20 354 1
20 355 1
20 356 1
20 357 1
20 358 1
20 359 1
20 360 1
20 119 1
20 206 1
20 343 1
20 344 1
20 345 1
20 346 1
20 347 1
20 348 1
20 349 1
20 350 1
20 351 1
21 354 1
21 323 1
21 361 1
21 362 1
21 363 1
21 364 1
21 365 1
21 366 1
21 271 1
21 368 1
21 369 1
21 331 1
21 367 1
21 220 1
21 94 1
22 383 1
22 384 1
22 355 1
22 379 1
22 233 1
22 177 1
22 370 1
22 371 1
22 372 1
22 373 1
22 374 1
22 375 1
22 376 1
22 377 1
22 378 1
22 315 1
22 380 1
22 381 1
22 382 1
22 287 1
23 385 1
23 386 1
23 387 1
23 356 1
23 389 1
23 390 1
23 391 1
23 392 1
23 393 1
23 394 1
23 395 1
23 396 1
23 397 1
23 398 1
23 189 1
23 338 1
23 388 1
23 399 1
23 381 1
23 95 1
24 137 1
24 207 1
24 400 1
24 401 1
24 402 1
24 403 1
24 404 1
24 405 1
24 406 1
24 407 1
24 408 1
24 409 1
24 250 1
24 410 1
25 416 1
25 411 1
25 415 1
25 251 1
25 412 1
25 221 1
25 414 1
25 413 1
26 97 1
26 418 1
26 419 1
26 420 1
26 421 1
26 422 1
26 417 1
26 424 1
26 425 1
26 426 1
26 423 1
26 428 1
26 397 1
26 429 1
26 208 1
26 368 1
26 340 1
26 409 1
26 123 1
26 427 1
27 358 1
27 326 1
27 433 1
27 430 1
27 431 1
27 432 1
27 209 1
27 434 1
27 435 1
27 436 1
27 222 1
27 438 1
27 439 1
27 440 1
27 316 1
27 382 1
27 437 1
28 448 1
28 449 1
28 450 1
28 451 1
28 452 1
28 453 1
28 398 1
28 317 1
28 369 1
28 383 1
28 441 1
28 442 1
28 443 1
28 444 1
28 445 1
28 446 1
28 447 1
29 98 1
29 291 1
29 454 1
29 455 1
29 456 1
29 457 1
29 458 1
29 459 1
29 460 1
29 461 1
29 462 1
29 191 1
30 192 1
30 359 1
30 463 1
30 464 1
30 465 1
30 466 1
30 467 1
30 468 1
30 469 1
30 470 1
30 471 1
30 152 1
31 480 1
31 193 1
31 482 1
31 483 1
31 484 1
31 293 1
31 481 1
31 360 1
31 124 1
31 485 1
31 116 1
31 472 1
31 473 1
31 474 1
31 475 1
31 476 1
31 477 1
31 478 1
31 479 1
32 385 1
32 486 1
32 294 1
32 487 1
32 488 1
32 489 1
32 490 1
32 237 1
32 430 1
32 365 1
32 154 1
32 411 1
32 254 1
33 194 1
33 81 1
33 361 1
33 491 1
33 492 1
33 493 1
33 494 1
33 495 1
33 496 1
33 401 1
33 370 1
33 497 1
34 480 1
34 498 1
34 499 1
34 500 1
34 501 1
34 102 1
34 441 1
34 362 1
34 502 1
34 463 1
35 256 1
35 512 1
35 418 1
35 507 1
35 101 1
35 513 1
35 491 1
35 509 1
35 464 1
35 472 1
35 499 1
35 503 1
35 343 1
35 505 1
35 504 1
35 187 1
35 508 1
35 506 1
35 510 1
35 511 1
36 514 1
36 515 1
36 516 1
36 325 1
36 518 1
36 519 1
36 168 1
36 492 1
36 239 1
36 145 1
36 308 1
36 470 1
36 504 1
36 372 1
36 443 1
36 520 1
36 125 1
36 517 1
37 196 1
37 521 1
37 522 1
37 523 1
37 524 1
37 493 1
37 525 1
37 180 1
37 373 1
37 214 1
37 279 1
37 444 1
37 413 1
37 126 1
38 289 1
38 388 1
38 531 1
38 526 1
38 528 1
38 272 1
38 529 1
38 530 1
38 83 1
38 374 1
38 215 1
38 527 1
39 181 1
39 515 1
39 198 1
39 457 1
39 138 1
39 535 1
39 533 1
39 532 1
39 469 1
39 534 1
39 169 1
39 536 1
39 537 1
39 85 1
40 544 1
40 241 1
40 487 1
40 543 1
40 540 1
40 346 1
40 539 1
40 284 1
40 538 1
40 542 1
40 541 1
41 545 1
41 258 1
41 547 1
41 548 1
41 389 1
41 550 1
41 458 1
41 549 1
41 546 1
41 367 1
41 339 1
41 532 1
41 310 1
41 375 1
41 347 1
41 476 1
41 158 1
41 421 1
42 384 1
42 516 1
42 422 1
42 390 1
42 551 1
42 552 1
42 553 1
42 554 1
42 555 1
42 556 1
42 557 1
42 558 1
42 559 1
42 560 1
42 529 1
42 403 1
42 117 1
42 280 1
42 477 1
42 341 1
43 566 1
43 391 1
43 201 1
43 242 1
43 561 1
43 466 1
43 562 1
43 564 1
43 565 1
43 563 1
43 567 1
43 568 1
43 281 1
43 569 1
43 349 1
43 478 1
44 448 1
44 576 1
44 243 1
44 524 1
44 577 1
44 530 1
44 467 1
44 404 1
44 88 1
44 159 1
44 228 1
44 299 1
44 172 1
44 434 1
44 563 1
44 479 1
44 505 1
44 570 1
44 571 1
44 572 1
44 573 1
44 574 1
44 575 1
45 578 1
45 579 1
45 580 1
45 549 1
45 582 1
45 581 1
45 584 1
45 393 1
45 583 1
45 203 1
45 366 1
45 586 1
45 276 1
45 405 1
45 534 1
45 151 1
45 282 1
45 585 1
45 378 1
45 133 1
46 544 1
46 107 1
46 583 1
46 556 1
46 587 1
46 588 1
46 301 1
46 590 1
46 483 1
46 435 1
46 564 1
46 188 1
46 589 1
47 481 1
47 262 1
47 108 1
47 205 1
47 174 1
47 591 1
47 592 1
47 593 1
47 594 1
47 595 1
47 596 1
47 597 1
47 598 1
48 603 1
48 489 1
48 394 1
48 460 1
48 565 1
48 302 1
48 431 1
48 319 1
48 245 1
48 599 1
48 600 1
48 601 1
48 602 1
48 91 1
48 604 1
48 605 1
48 606 1
48 213 1
49 608 1
49 609 1
49 610 1
49 611 1
49 612 1
49 613 1
49 614 1
49 296 1
49 585 1
49 525 1
49 501 1
49 246 1
49 509 1
49 607 1
50 162 1
50 619 1
50 519 1
50 616 1
50 617 1
50 618 1
50 395 1
50 620 1
50 621 1
50 494 1
50 498 1
50 436 1
50 622 1
50 566 1
50 615 1
50 596 1
50 538 1
50 219 1
50 285 1
51 611 1
51 231 1
51 552 1
51 618 1
51 270 1
51 623 1
51 624 1
51 625 1
51 626 1
51 627 1
51 468 1
51 597 1
51 628 1
52 163 1
52 634 1
52 632 1
52 631 1
52 396 1
52 461 1
52 635 1
52 336 1
52 248 1
52 629 1
52 630 1
52 471 1
52 440 1
52 633 1
52 314 1
52 603 1
52 93 1
52 574 1
53 640 1
53 612 1
53 328 1
53 587 1
53 637 1
53 559 1
53 176 1
53 497 1
53 638 1
53 437 1
53 186 1
53 639 1
53 636 1
53 232 1
53 510 1
53 575 1
54 224 1
54 641 1
54 642 1
54 643 1
54 147 1
54 550 1
54 427 1
54 620 1
54 304 1
54 275 1
54 500 1
54 632 1
54 324 1
54 540 1
55 548 1
55 645 1
55 646 1
55 647 1
55 648 1
55 554 1
55 535 1
55 112 1
55 305 1
55 626 1
55 311 1
55 408 1
55 644 1
55 447 1
55 183 1
55 639 1
56 512 1
56 652 1
56 451 1
56 647 1
56 649 1
56 650 1
56 651 1
56 332 1
56 653 1
56 113 1
56 633 1
56 234 1
56 426 1
57 96 1
57 165 1
57 657 1
57 264 1
57 557 1
57 654 1
57 621 1
57 656 1
57 273 1
57 438 1
57 249 1
57 634 1
57 655 1
57 542 1
58 288 1
58 545 1
58 662 1
58 627 1
58 428 1
58 80 1
58 664 1
58 658 1
58 211 1
58 659 1
58 661 1
58 598 1
58 663 1
58 536 1
58 660 1
59 576 1
59 669 1
59 668 1
59 139 1
59 673 1
59 672 1
59 265 1
59 235 1
59 333 1
59 589 1
59 114 1
59 670 1
59 150 1
59 665 1
59 410 1
59 667 1
59 604 1
59 666 1
59 638 1
59 671 1
60 577 1
60 674 1
60 635 1
60 452 1
60 485 1
60 223 1
60 140 1
60 622 1
60 496 1
60 677 1
60 675 1
60 590 1
60 676 1
60 558 1
60 252 1
60 543 1
61 490 1
61 115 1
61 586 1
61 414 1
61 678 1
61 657 1
61 90 1
61 679 1
61 266 1
61 318 1
62 653 1
62 513 1
62 292 1
62 357 1
62 648 1
62 672 1
62 682 1
62 267 1
62 429 1
62 681 1
62 399 1
62 560 1
62 677 1
62 567 1
62 680 1
62 415 1
62 606 1
62 613 1
63 416 1
63 321 1
63 547 1
63 342 1
63 614 1
63 673 1
63 106 1
63 683 1
63 684 1
63 685 1
63 462 1
63 640 1
63 531 1
63 278 1
63 568 1
63 537 1
63 122 1
63 351 1
64 641 1
64 578 1
64 454 1
64 329 1
64 526 1
64 591 1
64 400 1
64 212 1
64 601 1
64 687 1
64 412 1
64 607 1
64 417 1
64 100 1
64 683 1
64 690 1
64 686 1
64 623 1
64 688 1
64 689 1
64 178 1
64 649 1
64 570 1
64 255 1
65 320 1
65 546 1
65 99 1
65 420 1
65 645 1
65 523 1
65 691 1
65 692 1
65 127 1
65 667 1
65 190 1
65 197 1
66 579 1
66 166 1
66 455 1
66 617 1
66 364 1
66 658 1
66 654 1
66 146 1
66 371 1
66 693 1
66 694 1
66 665 1
66 571 1
66 350 1
67 482 1
67 539 1
67 167 1
67 553 1
67 363 1
67 322 1
67 238 1
67 495 1
67 432 1
67 696 1
67 82 1
67 179 1
67 659 1
67 675 1
67 503 1
67 695 1
67 697 1
67 155 1
67 572 1
67 669 1
67 286 1
68 195 1
68 486 1
68 551 1
68 521 1
68 615 1
68 527 1
68 700 1
68 306 1
68 419 1
68 660 1
68 629 1
68 698 1
68 699 1
68 156 1
68 670 1
69 580 1
69 453 1
69 327 1
69 700 1
69 522 1
69 236 1
69 335 1
69 337 1
69 277 1
69 599 1
69 474 1
69 636 1
69 701 1
69 702 1
70 608 1
70 514 1
70 387 1
70 581 1
70 295 1
70 456 1
70 290 1
70 142 1
70 701 1
70 240 1
70 210 1
70 674 1
70 344 1
70 666 1
70 475 1
70 157 1
70 703 1
71 704 1
71 609 1
71 561 1
71 520 1
71 616 1
71 650 1
71 423 1
71 588 1
71 528 1
71 433 1
71 402 1
71 693 1
71 600 1
71 624 1
71 689 1
72 704 1
72 257 1
72 678 1
72 199 1
72 170 1
72 686 1
72 253 1
72 595 1
72 309 1
72 439 1
72 664 1
72 445 1
72 705 1
72 380 1
72 330 1
72 605 1
73 352 1
73 706 1
73 164 1
73 694 1
73 200 1
73 584 1
73 685 1
73 656 1
73 136 1
73 690 1
73 149 1
73 502 1
73 695 1
73 484 1
73 698 1
73 541 1
73 511 1
74 226 1
74 643 1
74 582 1
74 684 1
74 298 1
74 652 1
74 141 1
74 687 1
74 465 1
74 707 1
74 661 1
74 182 1
74 506 1
74 446 1
75 353 1
75 386 1
75 227 1
75 644 1
75 682 1
75 269 1
75 655 1
75 625 1
75 307 1
75 533 1
75 662 1
75 407 1
75 376 1
75 676 1
75 442 1
75 668 1
76 160 1
76 225 1
76 260 1
76 709 1
76 424 1
76 297 1
76 202 1
76 680 1
76 334 1
76 392 1
76 562 1
76 691 1
76 708 1
76 697 1
76 377 1
76 637 1
77 619 1
77 708 1
77 261 1
77 710 1
77 663 1
77 592 1
77 148 1
77 473 1
77 345 1
77 517 1
77 507 1
77 229 1
77 488 1
77 681 1
77 555 1
77 300 1
77 688 1
77 692 1
77 630 1
77 696 1
77 217 1
77 379 1
77 702 1
77 703 1
78 449 1
78 610 1
78 707 1
78 646 1
78 518 1
78 679 1
78 425 1
78 711 1
78 642 1
78 593 1
78 709 1
78 406 1
78 184 1
78 569 1
78 705 1
78 699 1
78 706 1
78 671 1
79 450 1
79 259 1
79 651 1
79 710 1
79 230 1
79 711 1
79 348 1
79 459 1
79 594 1
79 274 1
79 244 1
79 631 1
79 312 1
79 628 1
79 602 1
79 283 1
79 508 1
79 573 1
1
0 1 2 3 4 5 6 7 8 9 10 11 12 13 14 15 16 17 18 19
