Nodes
240
0 1
1 1
2 1
3 1
4 1
5 1
6 1
7 1
8 1
9 1
10 1
11 1
12 1
13 1
14 1
15 1
16 1
17 1
18 1
19 1
20 1
21 1
22 1
23 1
24 1
25 1
26 1
27 1
28 1
29 1
30 1
31 1
32 1
33 1
34 1
35 1
36 1
37 1
38 1
39 1
40 1
41 1
42 1
43 1
44 1
45 1
46 1
47 1
48 1
49 1
50 1
51 1
52 1
53 1
54 1
55 1
56 1
57 1
58 1
59 1
60 1
61 1
62 1
63 1
64 1
65 1
66 1
67 1
68 1
69 1
70 1
71 1
72 1
73 1
74 1
75 1
76 1
77 1
78 1
79 1
80 295
81 305
82 196
83 202
84 200
85 310
86 295
87 200
88 208
89 193
90 193
91 198
92 186
93 197
94 196
95 203
96 201
97 298
98 203
99 200
100 200
101 197
102 202
103 196
104 203
105 195
106 202
107 211
108 204
109 199
110 206
111 199
112 200
113 197
114 197
115 201
116 193
117 201
118 212
119 197
120 202
121 195
122 207
123 200
124 197
125 195
126 202
127 199
128 203
129 298
130 198
131 196
132 204
133 203
134 197
135 190
136 186
137 193
138 186
139 202
140 206
141 196
142 196
143 207
144 185
145 199
146 196
147 205
148 200
149 205
150 198
151 198
152 198
153 213
154 191
155 99
156 103
157 101
158 96
159 105
160 98
161 92
162 95
163 93
164 97
165 94
166 105
167 95
168 101
169 97
170 110
171 101
172 92
173 105
174 85
175 106
176 103
177 98
178 88
179 92
180 92
181 99
182 106
183 104
184 98
185 98
186 112
187 94
188 99
189 99
190 105
191 109
192 100
193 105
194 102
195 102
196 111
197 85
198 104
199 107
200 102
201 109
202 102
203 97
204 93
205 115
206 101
207 94
208 98
209 99
210 97
211 100
212 94
213 109
214 101
215 93
216 98
217 98
218 105
219 103
220 103
221 100
222 93
223 95
224 102
225 92
226 95
227 95
228 100
229 102
230 102
231 100
232 93
233 87
234 95
235 106
236 106
237 102
238 100
239 86
Edges
320
0 80 1
0 81 1
0 82 1
0 83 1
0 84 1
0 85 1
0 86 1
1 88 1
1 87 1
2 89 1
2 90 1
2 91 1
3 92 1
4 93 1
5 96 1
5 97 1
5 98 1
5 99 1
5 94 1
5 95 1
6 100 1
6 101 1
6 102 1
6 103 1
6 104 1
6 105 1
7 112 1
7 97 1
7 114 1
7 115 1
7 113 1
7 106 1
7 107 1
7 108 1
7 109 1
7 110 1
7 111 1
8 80 1
8 116 1
8 117 1
8 118 1
8 119 1
8 120 1
8 121 1
8 122 1
9 128 1
9 81 1
9 130 1
9 131 1
9 129 1
9 123 1
9 124 1
9 125 1
9 126 1
9 127 1
10 132 1
10 133 1
11 136 1
11 134 1
11 135 1
12 129 1
12 138 1
12 139 1
12 137 1
13 144 1
13 145 1
13 140 1
13 141 1
13 142 1
13 143 1
14 146 1
14 85 1
15 147 1
15 148 1
15 149 1
15 86 1
15 151 1
15 152 1
15 153 1
15 154 1
15 150 1
16 156 1
16 123 1
16 155 1
17 157 1
17 158 1
17 159 1
18 160 1
18 124 1
18 108 1
18 161 1
19 138 1
19 163 1
19 162 1
19 158 1
20 164 1
20 92 1
20 165 1
20 110 1
21 166 1
21 95 1
22 161 1
22 101 1
22 167 1
22 168 1
22 169 1
22 170 1
23 171 1
23 149 1
23 102 1
24 175 1
24 172 1
24 173 1
24 174 1
24 127 1
25 176 1
25 177 1
25 178 1
26 137 1
27 105 1
28 179 1
28 180 1
28 181 1
29 182 1
30 166 1
30 183 1
30 184 1
30 153 1
30 122 1
30 186 1
30 185 1
31 145 1
31 115 1
31 188 1
31 187 1
32 132 1
32 189 1
32 190 1
33 179 1
33 157 1
33 94 1
33 191 1
34 192 1
34 193 1
35 194 1
35 195 1
35 148 1
35 197 1
35 198 1
35 196 1
35 140 1
36 200 1
36 199 1
37 201 1
37 91 1
37 187 1
38 202 1
38 203 1
38 116 1
39 204 1
39 196 1
39 118 1
40 169 1
40 205 1
41 208 1
41 209 1
41 207 1
41 206 1
41 143 1
42 210 1
42 82 1
42 98 1
42 93 1
43 113 1
43 211 1
43 212 1
44 214 1
44 83 1
44 213 1
44 190 1
45 165 1
45 215 1
46 216 1
46 99 1
46 180 1
46 214 1
46 87 1
46 200 1
46 217 1
46 156 1
47 112 1
47 170 1
47 133 1
47 181 1
48 218 1
48 219 1
49 147 1
49 223 1
49 220 1
49 221 1
49 222 1
49 159 1
50 224 1
50 89 1
50 130 1
51 225 1
51 182 1
51 184 1
51 218 1
51 204 1
51 125 1
51 173 1
52 208 1
52 193 1
52 226 1
52 227 1
53 228 1
53 213 1
54 224 1
54 209 1
54 229 1
54 117 1
54 141 1
54 111 1
55 88 1
55 217 1
55 194 1
55 191 1
56 155 1
56 172 1
56 230 1
56 215 1
56 167 1
57 210 1
57 195 1
57 134 1
57 211 1
58 104 1
58 185 1
58 162 1
58 231 1
58 151 1
59 128 1
59 144 1
59 90 1
59 109 1
60 232 1
60 197 1
60 229 1
61 177 1
61 219 1
61 174 1
61 199 1
62 121 1
62 131 1
62 198 1
62 175 1
63 136 1
63 146 1
64 226 1
64 106 1
64 189 1
64 206 1
64 233 1
65 96 1
65 225 1
65 234 1
65 107 1
65 100 1
66 176 1
66 228 1
66 235 1
66 220 1
67 216 1
67 163 1
67 168 1
67 201 1
67 171 1
67 236 1
67 221 1
68 164 1
68 230 1
69 202 1
69 139 1
69 222 1
69 126 1
69 237 1
70 178 1
70 212 1
70 238 1
70 207 1
71 120 1
71 160 1
71 235 1
71 142 1
71 239 1
72 183 1
72 150 1
72 103 1
73 192 1
73 239 1
73 119 1
74 152 1
74 232 1
74 234 1
74 188 1
74 135 1
75 186 1
75 237 1
75 238 1
76 233 1
76 227 1
77 236 1
77 114 1
77 203 1
77 84 1
77 231 1
78 205 1
78 223 1
79 154 1
1
0 1 2 3 4 5 6 7 8 9 10 11 12 13 14 15
