Nodes
712
0 1
1 1
2 1
3 1
4 1
5 1
6 1
7 1
8 1
9 1
10 1
11 1
12 1
13 1
14 1
15 1
16 1
17 1
18 1
19 1
20 1
21 1
22 1
23 1
24 1
25 1
26 1
27 1
28 1
29 1
30 1
31 1
32 1
33 1
34 1
35 1
36 1
37 1
38 1
39 1
40 1
41 1
42 1
43 1
44 1
45 1
46 1
47 1
48 1
49 1
50 1
51 1
52 1
53 1
54 1
55 1
56 1
57 1
58 1
59 1
60 1
61 1
62 1
63 1
64 1
65 1
66 1
67 1
68 1
69 1
70 1
71 1
72 1
73 1
74 1
75 1
76 1
77 1
78 1
79 1
80 200
81 294
82 293
83 198
84 296
85 192
86 302
87 298
88 196
89 202
90 201
91 207
92 200
93 198
94 200
95 202
96 198
97 198
98 208
99 297
100 205
101 197
102 191
103 200
104 205
105 201
106 204
107 210
108 196
109 198
110 197
111 304
112 202
113 301
114 199
115 203
116 199
117 298
118 198
119 297
120 202
121 193
122 201
123 204
124 205
125 303
126 300
127 299
128 201
129 204
130 195
131 192
132 294
133 201
134 202
135 205
136 205
137 201
138 194
139 192
140 200
141 206
142 195
143 205
144 308
145 198
146 190
147 204
148 200
149 206
150 204
151 200
152 196
153 195
154 205
155 189
156 192
157 201
158 193
159 201
160 301
161 195
162 202
163 197
164 207
165 194
166 196
167 200
168 200
169 198
170 195
171 196
172 296
173 297
174 195
175 203
176 203
177 207
178 195
179 193
180 193
181 193
182 195
183 205
184 200
185 205
186 199
187 298
188 197
189 200
190 199
191 202
192 193
193 197
194 199
195 199
196 201
197 205
198 200
199 198
200 197
201 204
202 193
203 197
204 196
205 203
206 197
207 195
208 205
209 200
210 206
211 201
212 188
213 197
214 199
215 203
216 196
217 199
218 202
219 193
220 203
221 200
222 203
223 206
224 202
225 196
226 296
227 198
228 302
229 200
230 201
231 200
232 206
233 195
234 195
235 205
236 195
237 198
238 203
239 200
240 185
241 197
242 204
243 198
244 202
245 198
246 191
247 210
248 207
249 301
250 211
251 308
252 192
253 204
254 203
255 202
256 205
257 207
258 204
259 199
260 198
261 190
262 195
263 188
264 205
265 206
266 203
267 194
268 192
269 202
270 207
271 200
272 208
273 188
274 190
275 298
276 202
277 206
278 200
279 205
280 192
281 197
282 204
283 203
284 199
285 203
286 205
287 198
288 205
289 201
290 197
291 297
292 192
293 193
294 194
295 200
296 202
297 200
298 200
299 201
300 196
301 199
302 199
303 194
304 210
305 201
306 202
307 202
308 209
309 203
310 198
311 198
312 194
313 192
314 206
315 203
316 198
317 195
318 195
319 188
320 105
321 100
322 100
323 105
324 98
325 102
326 108
327 111
328 102
329 95
330 96
331 97
332 94
333 91
334 101
335 98
336 100
337 101
338 97
339 101
340 95
341 95
342 97
343 90
344 101
345 101
346 99
347 97
348 103
349 100
350 100
351 98
352 97
353 94
354 93
355 101
356 114
357 86
358 104
359 102
360 109
361 102
362 98
363 95
364 91
365 95
366 95
367 88
368 107
369 100
370 86
371 95
372 95
373 91
374 103
375 94
376 94
377 101
378 111
379 105
380 93
381 104
382 108
383 104
384 104
385 102
386 90
387 103
388 109
389 97
390 100
391 99
392 101
393 100
394 109
395 90
396 102
397 100
398 86
399 103
400 98
401 111
402 92
403 88
404 97
405 95
406 95
407 97
408 100
409 99
410 101
411 100
412 91
413 99
414 96
415 94
416 108
417 93
418 96
419 111
420 106
421 103
422 94
423 102
424 105
425 97
426 95
427 98
428 98
429 98
430 96
431 102
432 104
433 102
434 98
435 88
436 100
437 95
438 97
439 99
440 106
441 99
442 100
443 103
444 108
445 100
446 102
447 100
448 104
449 101
450 105
451 93
452 103
453 103
454 101
455 97
456 93
457 96
458 105
459 94
460 95
461 102
462 95
463 99
464 100
465 97
466 96
467 104
468 98
469 96
470 104
471 100
472 98
473 93
474 107
475 111
476 92
477 98
478 99
479 97
480 91
481 102
482 100
483 92
484 100
485 98
486 103
487 96
488 108
489 106
490 107
491 106
492 98
493 100
494 100
495 100
496 93
497 106
498 102
499 95
500 99
501 101
502 98
503 97
504 101
505 100
506 96
507 98
508 97
509 107
510 98
511 90
512 90
513 93
514 108
515 99
516 96
517 103
518 98
519 98
520 103
521 90
522 98
523 100
524 91
525 92
526 95
527 102
528 100
529 96
530 96
531 99
532 98
533 102
534 102
535 95
536 99
537 93
538 107
539 98
540 92
541 103
542 87
543 107
544 105
545 96
546 103
547 94
548 102
549 93
550 91
551 102
552 97
553 99
554 98
555 106
556 106
557 96
558 102
559 101
560 101
561 102
562 106
563 102
564 91
565 101
566 104
567 102
568 103
569 108
570 100
571 105
572 107
573 95
574 103
575 98
576 103
577 101
578 95
579 96
580 102
581 94
582 93
583 99
584 105
585 96
586 94
587 96
588 101
589 111
590 100
591 104
592 105
593 99
594 96
595 104
596 105
597 100
598 98
599 101
600 101
601 102
602 103
603 109
604 102
605 91
606 103
607 93
608 102
609 93
610 102
611 107
612 99
613 104
614 101
615 110
616 105
617 101
618 99
619 101
620 101
621 101
622 100
623 101
624 94
625 97
626 102
627 97
628 104
629 100
630 100
631 99
632 96
633 105
634 103
635 91
636 108
637 99
638 98
639 108
640 103
641 93
642 102
643 108
644 109
645 101
646 105
647 100
648 91
649 103
650 100
651 106
652 97
653 96
654 98
655 101
656 101
657 101
658 95
659 95
660 103
661 98
662 95
663 100
664 101
665 101
666 102
667 105
668 103
669 105
670 98
671 93
672 102
673 105
674 97
675 112
676 106
677 96
678 108
679 100
680 106
681 96
682 98
683 95
684 95
685 93
686 103
687 107
688 96
689 103
690 102
691 94
692 95
693 97
694 105
695 100
696 110
697 99
698 98
699 98
700 102
701 101
702 100
703 101
704 94
705 92
706 98
707 100
708 94
709 104
710 100
711 103
Edges
1264
0 80 1
0 81 1
0 82 1
0 83 1
0 84 1
0 85 1
0 86 1
0 87 1
0 88 1
0 89 1
0 90 1
0 91 1
0 92 1
0 93 1
0 94 1
1 96 1
1 97 1
1 98 1
1 99 1
1 100 1
1 101 1
1 102 1
1 103 1
1 104 1
1 105 1
1 106 1
1 107 1
1 108 1
1 109 1
1 110 1
1 81 1
1 95 1
2 111 1
2 112 1
2 113 1
2 114 1
2 115 1
2 116 1
2 117 1
2 118 1
2 119 1
2 120 1
2 121 1
2 122 1
2 123 1
3 128 1
3 129 1
3 130 1
3 131 1
3 132 1
3 133 1
3 134 1
3 135 1
3 136 1
3 137 1
3 138 1
3 139 1
3 124 1
3 125 1
3 126 1
3 127 1
4 140 1
4 141 1
4 142 1
4 143 1
4 144 1
4 145 1
4 146 1
4 147 1
4 148 1
4 149 1
4 150 1
4 151 1
4 152 1
4 153 1
4 154 1
4 155 1
4 156 1
4 126 1
5 160 1
5 161 1
5 162 1
5 163 1
5 164 1
5 165 1
5 166 1
5 167 1
5 82 1
5 157 1
5 158 1
5 159 1
6 176 1
6 168 1
6 169 1
6 170 1
6 171 1
6 172 1
6 173 1
6 174 1
6 175 1
6 144 1
6 177 1
6 178 1
6 179 1
6 180 1
6 181 1
6 182 1
6 111 1
7 192 1
7 193 1
7 194 1
7 195 1
7 196 1
7 197 1
7 198 1
7 199 1
7 127 1
7 84 1
7 183 1
7 184 1
7 185 1
7 186 1
7 187 1
7 188 1
7 189 1
7 190 1
7 191 1
8 208 1
8 113 1
8 209 1
8 200 1
8 201 1
8 202 1
8 203 1
8 204 1
8 205 1
8 206 1
8 207 1
9 224 1
9 99 1
9 219 1
9 210 1
9 211 1
9 212 1
9 213 1
9 214 1
9 215 1
9 216 1
9 217 1
9 218 1
9 187 1
9 220 1
9 221 1
9 222 1
9 223 1
10 225 1
10 226 1
10 227 1
10 228 1
10 229 1
10 230 1
10 231 1
10 232 1
10 233 1
10 234 1
10 235 1
10 236 1
10 237 1
10 238 1
10 239 1
10 240 1
10 241 1
10 242 1
10 243 1
10 244 1
10 245 1
10 246 1
10 247 1
11 160 1
11 256 1
11 226 1
11 259 1
11 257 1
11 258 1
11 253 1
11 248 1
11 249 1
11 250 1
11 251 1
11 252 1
11 125 1
11 254 1
11 255 1
12 260 1
12 261 1
12 262 1
12 263 1
12 264 1
12 265 1
12 266 1
12 267 1
12 172 1
12 269 1
12 270 1
12 268 1
12 86 1
12 249 1
12 271 1
13 173 1
13 272 1
13 273 1
13 274 1
13 275 1
13 276 1
13 277 1
13 278 1
13 279 1
13 280 1
13 281 1
13 282 1
13 283 1
13 284 1
13 285 1
14 288 1
14 289 1
14 290 1
14 291 1
14 228 1
14 293 1
14 294 1
14 292 1
14 296 1
14 297 1
14 298 1
14 87 1
14 300 1
14 275 1
14 299 1
14 119 1
14 132 1
14 295 1
14 286 1
14 287 1
15 319 1
15 315 1
15 291 1
15 301 1
15 302 1
15 303 1
15 304 1
15 305 1
15 306 1
15 307 1
15 308 1
15 117 1
15 310 1
15 311 1
15 312 1
15 313 1
15 314 1
15 251 1
15 316 1
15 317 1
15 318 1
15 309 1
16 320 1
16 161 1
16 322 1
16 323 1
16 324 1
16 229 1
16 326 1
16 321 1
16 104 1
16 329 1
16 330 1
16 327 1
16 332 1
16 333 1
16 302 1
16 328 1
16 277 1
16 150 1
16 331 1
16 325 1
17 293 1
17 268 1
17 334 1
17 335 1
17 336 1
17 337 1
17 338 1
17 339 1
17 340 1
17 341 1
17 342 1
17 343 1
17 344 1
17 345 1
18 352 1
18 353 1
18 354 1
18 355 1
18 356 1
18 357 1
18 294 1
18 349 1
18 176 1
18 218 1
18 347 1
18 348 1
18 346 1
18 350 1
18 351 1
19 192 1
19 230 1
19 133 1
19 358 1
19 359 1
19 360 1
19 361 1
19 362 1
19 363 1
19 364 1
19 365 1
19 366 1
19 367 1
19 368 1
19 177 1
19 370 1
19 371 1
19 372 1
19 369 1
20 162 1
20 327 1
20 375 1
20 269 1
20 303 1
20 376 1
20 178 1
20 373 1
20 374 1
20 279 1
20 88 1
20 377 1
20 378 1
20 379 1
20 380 1
20 381 1
20 231 1
21 384 1
21 385 1
21 194 1
21 387 1
21 388 1
21 389 1
21 390 1
21 295 1
21 392 1
21 393 1
21 391 1
21 386 1
21 219 1
21 382 1
21 383 1
22 400 1
22 195 1
22 296 1
22 394 1
22 395 1
22 396 1
22 397 1
22 398 1
22 399 1
22 304 1
22 401 1
22 179 1
22 120 1
23 163 1
23 135 1
23 367 1
23 305 1
23 402 1
23 403 1
23 404 1
23 405 1
23 406 1
23 407 1
23 408 1
23 409 1
23 410 1
23 411 1
23 412 1
24 352 1
24 416 1
24 306 1
24 419 1
24 417 1
24 418 1
24 220 1
24 413 1
24 414 1
24 415 1
25 420 1
25 421 1
25 422 1
25 423 1
25 424 1
25 329 1
25 426 1
25 427 1
25 428 1
25 109 1
25 429 1
25 369 1
25 342 1
25 425 1
25 408 1
25 378 1
26 435 1
26 433 1
26 136 1
26 330 1
26 434 1
26 430 1
26 431 1
26 432 1
26 401 1
26 370 1
26 307 1
26 436 1
26 181 1
26 438 1
26 439 1
26 281 1
26 122 1
26 426 1
26 222 1
26 437 1
27 256 1
27 448 1
27 450 1
27 196 1
27 449 1
27 392 1
27 137 1
27 331 1
27 270 1
27 153 1
27 354 1
27 123 1
27 437 1
27 182 1
27 440 1
27 441 1
27 442 1
27 443 1
27 444 1
27 445 1
27 446 1
27 447 1
28 451 1
28 452 1
28 453 1
28 454 1
28 455 1
28 456 1
28 233 1
28 299 1
28 332 1
28 206 1
28 343 1
28 410 1
28 283 1
28 92 1
28 427 1
29 197 1
29 455 1
29 457 1
29 458 1
29 459 1
29 460 1
29 461 1
29 462 1
29 463 1
29 464 1
29 465 1
29 466 1
29 467 1
29 468 1
29 469 1
29 470 1
29 471 1
29 472 1
29 154 1
29 284 1
29 356 1
29 234 1
29 428 1
29 308 1
29 372 1
29 381 1
30 480 1
30 481 1
30 482 1
30 475 1
30 484 1
30 357 1
30 198 1
30 235 1
30 477 1
30 483 1
30 309 1
30 345 1
30 485 1
30 473 1
30 474 1
30 411 1
30 476 1
30 93 1
30 478 1
30 479 1
31 486 1
31 487 1
31 488 1
31 489 1
31 490 1
31 491 1
31 492 1
31 493 1
31 494 1
31 463 1
31 412 1
31 495 1
31 156 1
32 464 1
32 260 1
32 502 1
32 200 1
32 140 1
32 236 1
32 80 1
32 497 1
32 498 1
32 499 1
32 500 1
32 496 1
32 310 1
32 503 1
32 504 1
32 505 1
32 506 1
32 507 1
32 501 1
33 512 1
33 513 1
33 514 1
33 515 1
33 516 1
33 517 1
33 382 1
33 141 1
33 237 1
33 286 1
33 373 1
33 248 1
33 473 1
33 508 1
33 509 1
33 510 1
33 511 1
34 321 1
34 523 1
34 420 1
34 518 1
34 417 1
34 520 1
34 124 1
34 522 1
34 519 1
34 524 1
34 142 1
34 272 1
34 497 1
34 402 1
34 521 1
34 184 1
34 474 1
34 444 1
34 508 1
35 201 1
35 394 1
35 525 1
35 526 1
35 527 1
35 528 1
35 465 1
35 210 1
35 531 1
35 529 1
35 533 1
35 534 1
35 535 1
35 536 1
35 537 1
35 346 1
35 538 1
35 421 1
35 487 1
35 530 1
35 183 1
35 532 1
36 544 1
36 545 1
36 546 1
36 547 1
36 548 1
36 549 1
36 262 1
36 476 1
36 395 1
36 143 1
36 334 1
36 445 1
36 529 1
36 542 1
36 539 1
36 540 1
36 541 1
36 158 1
36 543 1
37 97 1
37 550 1
37 518 1
37 311 1
37 185 1
37 551 1
37 477 1
37 159 1
38 347 1
38 263 1
38 552 1
38 553 1
38 554 1
38 555 1
38 396 1
38 432 1
38 145 1
38 466 1
38 83 1
38 539 1
38 509 1
39 562 1
39 560 1
39 130 1
39 561 1
39 168 1
39 556 1
39 557 1
39 558 1
39 559 1
39 112 1
39 433 1
39 530 1
39 467 1
39 404 1
39 446 1
39 563 1
39 312 1
39 564 1
39 510 1
39 565 1
40 288 1
40 324 1
40 569 1
40 360 1
40 265 1
40 567 1
40 238 1
40 335 1
40 211 1
40 566 1
40 169 1
40 568 1
40 452 1
40 570 1
40 571 1
40 348 1
40 447 1
41 128 1
41 384 1
41 531 1
41 501 1
41 170 1
41 572 1
41 573 1
41 574 1
41 239 1
42 240 1
42 129 1
42 148 1
42 213 1
42 520 1
42 313 1
42 448 1
42 575 1
42 188 1
42 517 1
43 576 1
43 577 1
43 578 1
43 579 1
43 580 1
43 205 1
43 495 1
43 274 1
43 468 1
43 314 1
43 189 1
43 543 1
44 577 1
44 101 1
44 582 1
44 583 1
44 584 1
44 585 1
44 586 1
44 558 1
44 175 1
44 435 1
44 214 1
44 250 1
44 479 1
44 581 1
45 289 1
45 387 1
45 453 1
45 102 1
45 362 1
45 587 1
45 588 1
45 589 1
45 590 1
45 591 1
45 592 1
45 593 1
45 594 1
45 115 1
45 190 1
45 574 1
45 469 1
46 290 1
46 515 1
46 454 1
46 599 1
46 363 1
46 532 1
46 600 1
46 595 1
46 596 1
46 597 1
46 598 1
46 215 1
46 568 1
46 116 1
47 419 1
47 388 1
47 325 1
47 522 1
47 267 1
47 557 1
47 398 1
47 209 1
47 276 1
47 567 1
47 216 1
47 601 1
47 602 1
47 603 1
47 604 1
47 605 1
47 606 1
47 607 1
48 608 1
48 609 1
48 546 1
48 611 1
48 292 1
48 118 1
48 598 1
48 610 1
48 491 1
48 349 1
48 365 1
48 399 1
48 146 1
48 533 1
48 374 1
48 612 1
48 315 1
48 157 1
49 513 1
49 617 1
49 389 1
49 582 1
49 615 1
49 616 1
49 540 1
49 618 1
49 492 1
49 614 1
49 592 1
49 566 1
49 553 1
49 217 1
49 252 1
49 350 1
49 613 1
50 609 1
50 241 1
50 105 1
50 619 1
50 620 1
50 621 1
50 622 1
50 623 1
50 624 1
50 561 1
50 626 1
50 627 1
50 628 1
50 629 1
50 470 1
50 625 1
50 253 1
51 608 1
51 624 1
51 616 1
51 632 1
51 554 1
51 631 1
51 430 1
51 400 1
51 376 1
51 596 1
51 405 1
51 630 1
51 535 1
51 504 1
51 351 1
52 640 1
52 578 1
52 390 1
52 167 1
52 584 1
52 636 1
52 639 1
52 625 1
52 562 1
52 638 1
52 406 1
52 633 1
52 505 1
52 634 1
52 635 1
52 316 1
52 637 1
52 414 1
52 255 1
53 641 1
53 642 1
53 643 1
53 644 1
53 645 1
53 646 1
53 199 1
53 339 1
53 391 1
53 494 1
53 563 1
53 471 1
53 151 1
53 607 1
54 482 1
54 644 1
54 550 1
54 647 1
54 328 1
54 425 1
54 106 1
54 651 1
54 652 1
54 626 1
54 536 1
54 242 1
54 648 1
54 649 1
54 202 1
54 569 1
54 506 1
54 635 1
54 541 1
54 650 1
55 656 1
55 657 1
55 627 1
55 340 1
55 243 1
55 489 1
55 653 1
55 654 1
55 655 1
56 449 1
56 514 1
56 585 1
56 651 1
56 280 1
56 658 1
56 659 1
56 660 1
56 341 1
56 662 1
56 663 1
56 472 1
56 547 1
56 164 1
56 617 1
56 664 1
56 108 1
56 368 1
56 628 1
56 634 1
56 572 1
56 317 1
56 661 1
57 353 1
57 610 1
57 107 1
57 165 1
57 666 1
57 665 1
57 668 1
57 523 1
57 436 1
57 121 1
57 377 1
57 90 1
57 667 1
57 636 1
57 221 1
58 416 1
58 669 1
58 484 1
58 673 1
58 672 1
58 524 1
58 366 1
58 548 1
58 593 1
58 244 1
58 629 1
58 278 1
58 670 1
58 152 1
58 537 1
58 570 1
58 379 1
58 605 1
58 318 1
58 671 1
59 672 1
59 322 1
59 675 1
59 676 1
59 261 1
59 166 1
59 674 1
59 654 1
59 245 1
59 91 1
59 380 1
59 573 1
59 223 1
60 257 1
60 516 1
60 677 1
60 678 1
60 138 1
60 203 1
60 591 1
60 580 1
60 371 1
60 664 1
60 612 1
60 637 1
60 606 1
61 673 1
61 679 1
61 680 1
61 681 1
61 682 1
61 683 1
61 300 1
61 600 1
61 538 1
61 490 1
61 638 1
61 319 1
62 450 1
62 683 1
62 645 1
62 456 1
62 393 1
62 139 1
62 684 1
62 258 1
62 657 1
62 564 1
62 246 1
62 407 1
62 507 1
62 668 1
62 285 1
63 224 1
63 640 1
63 418 1
63 259 1
63 439 1
63 646 1
63 555 1
63 652 1
63 333 1
63 686 1
63 429 1
63 208 1
63 611 1
63 565 1
63 247 1
63 409 1
63 687 1
63 685 1
64 496 1
64 688 1
64 690 1
64 147 1
64 692 1
64 85 1
64 630 1
64 519 1
64 689 1
64 691 1
64 375 1
65 225 1
65 697 1
65 677 1
65 641 1
65 264 1
65 457 1
65 586 1
65 588 1
65 622 1
65 689 1
65 693 1
65 694 1
65 695 1
65 696 1
65 665 1
65 94 1
65 95 1
66 480 1
66 581 1
66 486 1
66 458 1
66 685 1
66 149 1
66 502 1
66 631 1
66 698 1
66 699 1
66 442 1
66 693 1
67 96 1
67 679 1
67 443 1
67 358 1
67 326 1
67 583 1
67 619 1
67 493 1
67 686 1
67 694 1
67 498 1
67 691 1
67 658 1
67 475 1
67 254 1
67 613 1
68 320 1
68 701 1
68 483 1
68 647 1
68 680 1
68 684 1
68 587 1
68 620 1
68 431 1
68 688 1
68 273 1
68 703 1
68 403 1
68 180 1
68 601 1
68 383 1
68 700 1
68 413 1
68 702 1
68 287 1
69 499 1
69 698 1
69 422 1
69 438 1
69 359 1
69 639 1
69 602 1
69 155 1
69 525 1
69 110 1
69 485 1
70 98 1
70 355 1
70 549 1
70 361 1
70 556 1
70 301 1
70 451 1
70 271 1
70 595 1
70 500 1
70 681 1
70 440 1
70 659 1
70 699 1
70 621 1
71 653 1
71 704 1
71 386 1
71 323 1
71 488 1
71 705 1
71 648 1
71 521 1
71 461 1
71 687 1
71 552 1
71 706 1
71 186 1
71 603 1
71 701 1
72 696 1
72 674 1
72 633 1
72 534 1
72 423 1
72 632 1
72 297 1
72 459 1
72 604 1
72 702 1
73 576 1
73 704 1
73 707 1
73 708 1
73 709 1
73 134 1
73 649 1
73 682 1
73 397 1
73 660 1
73 542 1
73 667 1
73 266 1
73 670 1
74 193 1
74 678 1
74 614 1
74 705 1
74 171 1
74 204 1
74 589 1
74 526 1
74 710 1
74 434 1
74 661 1
74 697 1
74 669 1
75 336 1
75 690 1
75 100 1
75 709 1
75 551 1
75 424 1
75 706 1
75 298 1
75 711 1
75 618 1
75 575 1
76 131 1
76 710 1
76 650 1
76 623 1
76 114 1
76 227 1
76 212 1
76 662 1
76 503 1
76 527 1
76 441 1
76 571 1
76 655 1
76 478 1
76 511 1
77 512 1
77 385 1
77 643 1
77 481 1
77 711 1
77 174 1
77 590 1
77 559 1
77 528 1
77 337 1
77 675 1
77 597 1
77 707 1
77 544 1
77 656 1
77 207 1
77 700 1
78 676 1
78 708 1
78 232 1
78 663 1
78 460 1
78 695 1
78 560 1
78 692 1
78 415 1
78 599 1
78 344 1
78 89 1
78 191 1
78 671 1
79 545 1
79 642 1
79 579 1
79 103 1
79 615 1
79 364 1
79 594 1
79 462 1
79 338 1
79 282 1
79 666 1
79 703 1
1
0 1 2 3 4 5 6 7 8 9 10 11 12 13 14 15
