Nodes
3240
0 1
1 1
2 1
3 1
4 1
5 1
6 1
7 1
8 1
9 1
10 1
11 1
12 1
13 1
14 1
15 1
16 1
17 1
18 1
19 1
20 1
21 1
22 1
23 1
24 1
25 1
26 1
27 1
28 1
29 1
30 1
31 1
32 1
33 1
34 1
35 1
36 1
37 1
38 1
39 1
40 1
41 1
42 1
43 1
44 1
45 1
46 1
47 1
48 1
49 1
50 1
51 1
52 1
53 1
54 1
55 1
56 1
57 1
58 1
59 1
60 1
61 1
62 1
63 1
64 1
65 1
66 1
67 1
68 1
69 1
70 1
71 1
72 1
73 1
74 1
75 1
76 1
77 1
78 1
79 1
80 295
81 297
82 301
83 306
84 297
85 303
86 301
87 313
88 283
89 304
90 301
91 289
92 303
93 300
94 302
95 301
96 293
97 304
98 297
99 195
100 200
101 210
102 210
103 204
104 203
105 199
106 201
107 201
108 202
109 195
110 210
111 206
112 202
113 200
114 195
115 197
116 195
117 205
118 199
119 202
120 196
121 202
122 193
123 203
124 198
125 207
126 199
127 196
128 198
129 201
130 206
131 208
132 193
133 193
134 203
135 199
136 203
137 196
138 190
139 189
140 202
141 186
142 192
143 202
144 197
145 200
146 203
147 198
148 195
149 185
150 200
151 195
152 199
153 193
154 217
155 200
156 197
157 194
158 197
159 300
160 301
161 295
162 291
163 297
164 293
165 302
166 302
167 298
168 304
169 306
170 295
171 301
172 295
173 296
174 307
175 294
176 298
177 206
178 199
179 203
180 197
181 200
182 204
183 202
184 202
185 198
186 206
187 208
188 193
189 203
190 206
191 197
192 193
193 198
194 198
195 196
196 202
197 188
198 198
199 188
200 200
201 199
202 198
203 199
204 194
205 203
206 198
207 195
208 206
209 198
210 198
211 203
212 195
213 201
214 202
215 204
216 200
217 202
218 195
219 191
220 205
221 205
222 194
223 200
224 200
225 200
226 197
227 197
228 203
229 195
230 201
231 205
232 211
233 199
234 201
235 204
236 198
237 293
238 301
239 302
240 288
241 296
242 303
243 298
244 311
245 296
246 297
247 299
248 303
249 298
250 302
251 292
252 301
253 295
254 197
255 200
256 203
257 196
258 199
259 200
260 200
261 190
262 190
263 190
264 205
265 196
266 197
267 196
268 214
269 201
270 200
271 198
272 212
273 205
274 206
275 196
276 196
277 200
278 198
279 204
280 202
281 201
282 198
283 200
284 193
285 201
286 198
287 198
288 208
289 201
290 200
291 191
292 205
293 192
294 204
295 206
296 195
297 204
298 203
299 201
300 210
301 201
302 200
303 197
304 202
305 202
306 199
307 188
308 195
309 200
310 199
311 190
312 199
313 196
314 299
315 309
316 300
317 291
318 303
319 300
320 294
321 299
322 303
323 303
324 302
325 300
326 301
327 304
328 298
329 295
330 193
331 215
332 206
333 200
334 198
335 192
336 205
337 202
338 198
339 201
340 198
341 193
342 202
343 196
344 201
345 198
346 200
347 198
348 205
349 195
350 202
351 203
352 208
353 202
354 204
355 197
356 200
357 193
358 205
359 198
360 199
361 207
362 193
363 201
364 208
365 198
366 194
367 196
368 199
369 203
370 200
371 198
372 203
373 204
374 210
375 199
376 194
377 206
378 201
379 191
380 196
381 197
382 204
383 185
384 197
385 205
386 203
387 202
388 201
389 207
390 299
391 298
392 309
393 304
394 302
395 299
396 311
397 298
398 300
399 303
400 307
401 302
402 300
403 286
404 298
405 201
406 201
407 199
408 208
409 196
410 203
411 206
412 195
413 198
414 206
415 189
416 199
417 198
418 208
419 199
420 200
421 190
422 205
423 196
424 205
425 204
426 199
427 189
428 195
429 198
430 199
431 201
432 200
433 201
434 209
435 205
436 186
437 203
438 205
439 197
440 194
441 198
442 198
443 192
444 206
445 206
446 202
447 192
448 202
449 210
450 196
451 197
452 199
453 202
454 198
455 197
456 194
457 198
458 205
459 203
460 200
461 196
462 197
463 212
464 197
465 290
466 297
467 297
468 309
469 303
470 308
471 292
472 297
473 300
474 292
475 297
476 300
477 295
478 306
479 197
480 200
481 197
482 209
483 210
484 195
485 195
486 199
487 203
488 192
489 203
490 203
491 205
492 195
493 192
494 192
495 199
496 186
497 205
498 207
499 202
500 200
501 208
502 206
503 201
504 210
505 199
506 193
507 207
508 204
509 200
510 193
511 201
512 188
513 202
514 203
515 194
516 203
517 195
518 199
519 195
520 208
521 210
522 201
523 201
524 192
525 205
526 203
527 197
528 187
529 195
530 196
531 198
532 195
533 204
534 193
535 192
536 203
537 206
538 196
539 293
540 299
541 300
542 302
543 302
544 290
545 302
546 298
547 297
548 299
549 303
550 300
551 303
552 197
553 195
554 211
555 198
556 190
557 203
558 188
559 203
560 199
561 200
562 199
563 190
564 203
565 196
566 199
567 192
568 188
569 198
570 199
571 193
572 205
573 208
574 209
575 201
576 195
577 201
578 198
579 203
580 201
581 197
582 200
583 208
584 210
585 200
586 206
587 199
588 199
589 202
590 205
591 205
592 202
593 199
594 197
595 210
596 195
597 200
598 192
599 199
600 201
601 196
602 198
603 194
604 196
605 203
606 201
607 202
608 208
609 203
610 195
611 199
612 290
613 310
614 295
615 295
616 309
617 307
618 298
619 303
620 289
621 303
622 297
623 304
624 199
625 213
626 197
627 211
628 200
629 194
630 193
631 200
632 196
633 205
634 199
635 195
636 207
637 203
638 199
639 206
640 197
641 199
642 201
643 192
644 199
645 206
646 196
647 196
648 203
649 204
650 196
651 194
652 192
653 202
654 199
655 208
656 196
657 203
658 191
659 198
660 199
661 198
662 195
663 201
664 195
665 204
666 191
667 200
668 187
669 188
670 200
671 203
672 197
673 195
674 208
675 202
676 198
677 189
678 195
679 194
680 193
681 200
682 202
683 191
684 294
685 292
686 299
687 294
688 291
689 302
690 297
691 305
692 301
693 296
694 300
695 195
696 200
697 203
698 203
699 197
700 202
701 203
702 203
703 203
704 199
705 203
706 199
707 197
708 197
709 206
710 202
711 198
712 193
713 205
714 195
715 204
716 203
717 203
718 199
719 197
720 201
721 192
722 199
723 199
724 200
725 198
726 204
727 200
728 205
729 204
730 202
731 196
732 206
733 206
734 211
735 194
736 198
737 199
738 209
739 204
740 202
741 198
742 209
743 203
744 199
745 192
746 202
747 200
748 205
749 195
750 199
751 199
752 192
753 200
754 198
755 304
756 299
757 302
758 297
759 301
760 300
761 295
762 291
763 292
764 291
765 197
766 196
767 196
768 201
769 200
770 202
771 197
772 193
773 202
774 204
775 197
776 201
777 200
778 204
779 211
780 200
781 202
782 203
783 194
784 197
785 202
786 200
787 205
788 200
789 209
790 190
791 205
792 200
793 200
794 210
795 198
796 195
797 204
798 204
799 193
800 195
801 196
802 191
803 198
804 195
805 198
806 209
807 202
808 205
809 204
810 196
811 204
812 209
813 195
814 208
815 192
816 198
817 195
818 205
819 204
820 205
821 208
822 195
823 201
824 200
825 296
826 296
827 306
828 302
829 307
830 302
831 298
832 303
833 297
834 209
835 192
836 198
837 199
838 195
839 209
840 201
841 195
842 206
843 206
844 213
845 202
846 200
847 202
848 197
849 196
850 199
851 202
852 195
853 193
854 202
855 194
856 197
857 196
858 196
859 197
860 208
861 194
862 196
863 196
864 199
865 199
866 205
867 203
868 205
869 202
870 195
871 202
872 204
873 200
874 206
875 196
876 206
877 204
878 202
879 191
880 207
881 191
882 192
883 199
884 193
885 198
886 202
887 196
888 198
889 210
890 197
891 197
892 194
893 209
894 299
895 306
896 296
897 299
898 302
899 289
900 290
901 302
902 194
903 199
904 198
905 202
906 197
907 200
908 205
909 198
910 202
911 203
912 191
913 202
914 191
915 196
916 197
917 199
918 200
919 206
920 200
921 199
922 201
923 203
924 198
925 195
926 201
927 199
928 196
929 200
930 211
931 190
932 198
933 202
934 197
935 196
936 203
937 198
938 201
939 202
940 194
941 196
942 190
943 201
944 208
945 196
946 192
947 198
948 195
949 197
950 208
951 203
952 198
953 200
954 202
955 194
956 205
957 203
958 202
959 205
960 196
961 207
962 312
963 303
964 300
965 296
966 296
967 304
968 300
969 200
970 196
971 193
972 200
973 197
974 193
975 205
976 200
977 204
978 198
979 202
980 199
981 196
982 197
983 189
984 196
985 200
986 197
987 203
988 194
989 197
990 198
991 196
992 200
993 189
994 195
995 195
996 193
997 203
998 205
999 200
1000 203
1001 201
1002 195
1003 199
1004 208
1005 197
1006 204
1007 203
1008 205
1009 199
1010 197
1011 198
1012 198
1013 197
1014 197
1015 199
1016 202
1017 201
1018 202
1019 199
1020 196
1021 200
1022 205
1023 198
1024 201
1025 204
1026 206
1027 202
1028 203
1029 301
1030 300
1031 290
1032 297
1033 299
1034 292
1035 204
1036 205
1037 201
1038 205
1039 201
1040 206
1041 197
1042 201
1043 201
1044 196
1045 196
1046 192
1047 201
1048 202
1049 199
1050 191
1051 201
1052 197
1053 197
1054 202
1055 200
1056 199
1057 201
1058 198
1059 201
1060 201
1061 198
1062 193
1063 205
1064 191
1065 203
1066 199
1067 194
1068 206
1069 200
1070 197
1071 198
1072 188
1073 191
1074 201
1075 209
1076 203
1077 192
1078 204
1079 196
1080 203
1081 205
1082 199
1083 198
1084 204
1085 209
1086 205
1087 192
1088 192
1089 198
1090 193
1091 198
1092 200
1093 209
1094 201
1095 305
1096 315
1097 296
1098 302
1099 293
1100 208
1101 201
1102 199
1103 197
1104 199
1105 201
1106 206
1107 194
1108 207
1109 198
1110 201
1111 196
1112 200
1113 208
1114 201
1115 193
1116 196
1117 193
1118 206
1119 191
1120 203
1121 204
1122 191
1123 201
1124 204
1125 200
1126 204
1127 201
1128 191
1129 198
1130 192
1131 192
1132 209
1133 203
1134 204
1135 200
1136 195
1137 200
1138 186
1139 200
1140 189
1141 200
1142 204
1143 197
1144 203
1145 206
1146 191
1147 196
1148 205
1149 205
1150 205
1151 201
1152 192
1153 190
1154 200
1155 191
1156 199
1157 190
1158 202
1159 195
1160 304
1161 298
1162 306
1163 309
1164 203
1165 197
1166 198
1167 200
1168 199
1169 189
1170 196
1171 199
1172 196
1173 200
1174 206
1175 194
1176 198
1177 199
1178 202
1179 206
1180 203
1181 201
1182 203
1183 199
1184 195
1185 201
1186 206
1187 201
1188 190
1189 199
1190 197
1191 197
1192 208
1193 192
1194 200
1195 202
1196 197
1197 195
1198 195
1199 205
1200 197
1201 199
1202 199
1203 205
1204 200
1205 201
1206 196
1207 192
1208 194
1209 208
1210 201
1211 205
1212 202
1213 197
1214 211
1215 202
1216 206
1217 188
1218 202
1219 203
1220 203
1221 191
1222 193
1223 198
1224 294
1225 298
1226 295
1227 202
1228 200
1229 209
1230 199
1231 199
1232 201
1233 199
1234 204
1235 199
1236 199
1237 199
1238 201
1239 205
1240 185
1241 205
1242 207
1243 206
1244 202
1245 199
1246 200
1247 207
1248 202
1249 205
1250 202
1251 202
1252 206
1253 206
1254 200
1255 199
1256 194
1257 196
1258 199
1259 206
1260 205
1261 200
1262 200
1263 192
1264 204
1265 200
1266 202
1267 205
1268 201
1269 194
1270 208
1271 199
1272 195
1273 194
1274 195
1275 189
1276 203
1277 197
1278 201
1279 200
1280 206
1281 195
1282 200
1283 206
1284 197
1285 200
1286 198
1287 295
1288 290
1289 199
1290 198
1291 197
1292 206
1293 195
1294 198
1295 204
1296 199
1297 206
1298 197
1299 195
1300 199
1301 201
1302 195
1303 197
1304 198
1305 200
1306 199
1307 209
1308 199
1309 207
1310 201
1311 193
1312 192
1313 191
1314 197
1315 193
1316 194
1317 208
1318 211
1319 195
1320 199
1321 203
1322 202
1323 205
1324 195
1325 201
1326 202
1327 203
1328 197
1329 190
1330 202
1331 205
1332 196
1333 197
1334 200
1335 200
1336 199
1337 198
1338 204
1339 200
1340 203
1341 200
1342 200
1343 199
1344 192
1345 201
1346 202
1347 197
1348 197
1349 300
1350 204
1351 209
1352 215
1353 212
1354 198
1355 205
1356 204
1357 205
1358 205
1359 201
1360 196
1361 193
1362 197
1363 200
1364 194
1365 202
1366 200
1367 199
1368 197
1369 198
1370 202
1371 197
1372 192
1373 193
1374 199
1375 203
1376 196
1377 192
1378 201
1379 202
1380 201
1381 200
1382 197
1383 198
1384 207
1385 210
1386 192
1387 204
1388 197
1389 197
1390 193
1391 197
1392 190
1393 198
1394 197
1395 209
1396 205
1397 198
1398 203
1399 199
1400 193
1401 207
1402 208
1403 201
1404 203
1405 205
1406 191
1407 193
1408 202
1409 197
1410 199
1411 204
1412 198
1413 191
1414 198
1415 193
1416 204
1417 200
1418 200
1419 204
1420 202
1421 199
1422 190
1423 199
1424 209
1425 212
1426 199
1427 201
1428 204
1429 191
1430 201
1431 194
1432 191
1433 205
1434 206
1435 200
1436 194
1437 197
1438 200
1439 199
1440 191
1441 197
1442 200
1443 199
1444 199
1445 195
1446 196
1447 197
1448 204
1449 202
1450 205
1451 206
1452 202
1453 198
1454 210
1455 196
1456 206
1457 207
1458 201
1459 193
1460 196
1461 208
1462 194
1463 207
1464 193
1465 204
1466 198
1467 198
1468 197
1469 202
1470 100
1471 96
1472 101
1473 100
1474 98
1475 100
1476 101
1477 100
1478 97
1479 107
1480 101
1481 97
1482 96
1483 105
1484 98
1485 95
1486 99
1487 91
1488 99
1489 99
1490 102
1491 96
1492 104
1493 106
1494 95
1495 103
1496 106
1497 114
1498 114
1499 103
1500 101
1501 89
1502 103
1503 103
1504 101
1505 97
1506 90
1507 96
1508 95
1509 101
1510 92
1511 93
1512 96
1513 98
1514 106
1515 91
1516 95
1517 100
1518 98
1519 92
1520 99
1521 97
1522 98
1523 94
1524 104
1525 90
1526 99
1527 109
1528 101
1529 101
1530 96
1531 97
1532 97
1533 100
1534 98
1535 93
1536 96
1537 94
1538 98
1539 101
1540 100
1541 107
1542 107
1543 99
1544 101
1545 92
1546 88
1547 97
1548 94
1549 102
1550 97
1551 96
1552 103
1553 99
1554 98
1555 106
1556 94
1557 102
1558 98
1559 106
1560 94
1561 94
1562 103
1563 104
1564 112
1565 102
1566 88
1567 98
1568 101
1569 100
1570 101
1571 101
1572 107
1573 96
1574 99
1575 98
1576 101
1577 102
1578 92
1579 101
1580 99
1581 101
1582 92
1583 97
1584 103
1585 100
1586 102
1587 111
1588 99
1589 87
1590 96
1591 98
1592 96
1593 108
1594 104
1595 97
1596 100
1597 91
1598 97
1599 100
1600 103
1601 103
1602 100
1603 99
1604 97
1605 97
1606 98
1607 97
1608 106
1609 93
1610 96
1611 98
1612 96
1613 97
1614 93
1615 102
1616 106
1617 94
1618 89
1619 105
1620 100
1621 96
1622 111
1623 99
1624 100
1625 98
1626 101
1627 96
1628 104
1629 97
1630 98
1631 105
1632 100
1633 99
1634 99
1635 99
1636 92
1637 102
1638 96
1639 95
1640 101
1641 101
1642 88
1643 100
1644 93
1645 94
1646 100
1647 95
1648 107
1649 106
1650 97
1651 100
1652 103
1653 99
1654 97
1655 97
1656 102
1657 93
1658 96
1659 96
1660 103
1661 95
1662 100
1663 101
1664 98
1665 97
1666 98
1667 95
1668 94
1669 92
1670 96
1671 99
1672 96
1673 101
1674 104
1675 99
1676 101
1677 100
1678 104
1679 102
1680 98
1681 111
1682 99
1683 96
1684 98
1685 94
1686 101
1687 98
1688 108
1689 109
1690 101
1691 105
1692 105
1693 92
1694 102
1695 109
1696 92
1697 102
1698 91
1699 102
1700 102
1701 92
1702 93
1703 99
1704 92
1705 99
1706 98
1707 104
1708 98
1709 90
1710 99
1711 98
1712 99
1713 101
1714 95
1715 103
1716 103
1717 101
1718 103
1719 98
1720 96
1721 99
1722 108
1723 100
1724 94
1725 93
1726 103
1727 91
1728 96
1729 97
1730 97
1731 98
1732 96
1733 100
1734 107
1735 96
1736 99
1737 99
1738 92
1739 86
1740 96
1741 88
1742 96
1743 101
1744 94
1745 97
1746 101
1747 99
1748 100
1749 91
1750 97
1751 104
1752 107
1753 104
1754 94
1755 100
1756 97
1757 96
1758 107
1759 100
1760 99
1761 96
1762 91
1763 99
1764 97
1765 96
1766 99
1767 90
1768 109
1769 103
1770 94
1771 105
1772 108
1773 98
1774 103
1775 98
1776 104
1777 93
1778 98
1779 105
1780 98
1781 102
1782 98
1783 99
1784 96
1785 98
1786 107
1787 96
1788 98
1789 99
1790 97
1791 104
1792 100
1793 109
1794 103
1795 96
1796 91
1797 96
1798 99
1799 101
1800 110
1801 103
1802 100
1803 90
1804 100
1805 90
1806 96
1807 102
1808 107
1809 103
1810 100
1811 96
1812 99
1813 97
1814 95
1815 99
1816 98
1817 108
1818 101
1819 93
1820 97
1821 94
1822 97
1823 87
1824 102
1825 93
1826 98
1827 100
1828 100
1829 94
1830 111
1831 97
1832 97
1833 103
1834 106
1835 102
1836 98
1837 102
1838 93
1839 104
1840 104
1841 97
1842 98
1843 106
1844 105
1845 94
1846 102
1847 109
1848 103
1849 103
1850 101
1851 101
1852 101
1853 95
1854 96
1855 101
1856 102
1857 101
1858 102
1859 96
1860 100
1861 103
1862 103
1863 102
1864 89
1865 100
1866 97
1867 90
1868 94
1869 106
1870 83
1871 105
1872 98
1873 95
1874 106
1875 96
1876 105
1877 93
1878 94
1879 106
1880 101
1881 101
1882 104
1883 100
1884 116
1885 103
1886 96
1887 96
1888 90
1889 96
1890 95
1891 98
1892 104
1893 87
1894 96
1895 96
1896 98
1897 100
1898 93
1899 98
1900 92
1901 98
1902 96
1903 103
1904 96
1905 101
1906 94
1907 103
1908 102
1909 99
1910 93
1911 93
1912 105
1913 97
1914 103
1915 98
1916 88
1917 99
1918 93
1919 105
1920 102
1921 99
1922 96
1923 105
1924 98
1925 100
1926 101
1927 94
1928 99
1929 99
1930 106
1931 107
1932 109
1933 94
1934 101
1935 107
1936 98
1937 92
1938 96
1939 98
1940 101
1941 105
1942 101
1943 94
1944 95
1945 107
1946 101
1947 98
1948 104
1949 97
1950 95
1951 105
1952 106
1953 99
1954 104
1955 94
1956 98
1957 101
1958 104
1959 95
1960 97
1961 103
1962 94
1963 97
1964 100
1965 105
1966 106
1967 103
1968 101
1969 106
1970 92
1971 90
1972 102
1973 97
1974 101
1975 108
1976 108
1977 102
1978 101
1979 99
1980 102
1981 97
1982 94
1983 109
1984 105
1985 106
1986 93
1987 101
1988 98
1989 106
1990 98
1991 95
1992 101
1993 101
1994 98
1995 99
1996 99
1997 94
1998 105
1999 98
2000 99
2001 97
2002 105
2003 103
2004 109
2005 97
2006 94
2007 98
2008 109
2009 107
2010 90
2011 101
2012 96
2013 92
2014 98
2015 95
2016 103
2017 102
2018 100
2019 92
2020 105
2021 96
2022 106
2023 104
2024 102
2025 91
2026 101
2027 94
2028 111
2029 99
2030 98
2031 103
2032 96
2033 100
2034 106
2035 103
2036 97
2037 98
2038 105
2039 99
2040 106
2041 103
2042 100
2043 110
2044 103
2045 104
2046 95
2047 96
2048 113
2049 96
2050 97
2051 109
2052 103
2053 98
2054 85
2055 97
2056 97
2057 102
2058 104
2059 100
2060 98
2061 103
2062 89
2063 99
2064 99
2065 97
2066 96
2067 98
2068 97
2069 96
2070 100
2071 90
2072 98
2073 94
2074 109
2075 101
2076 98
2077 98
2078 102
2079 103
2080 97
2081 98
2082 102
2083 97
2084 94
2085 98
2086 95
2087 92
2088 96
2089 87
2090 107
2091 99
2092 97
2093 103
2094 92
2095 100
2096 96
2097 99
2098 90
2099 102
2100 97
2101 97
2102 96
2103 94
2104 96
2105 101
2106 96
2107 97
2108 92
2109 98
2110 96
2111 107
2112 95
2113 103
2114 98
2115 103
2116 104
2117 106
2118 93
2119 91
2120 97
2121 110
2122 98
2123 101
2124 101
2125 96
2126 108
2127 109
2128 102
2129 104
2130 101
2131 100
2132 105
2133 99
2134 101
2135 95
2136 94
2137 101
2138 101
2139 92
2140 96
2141 100
2142 100
2143 104
2144 109
2145 99
2146 99
2147 98
2148 97
2149 94
2150 89
2151 105
2152 99
2153 100
2154 98
2155 91
2156 93
2157 103
2158 103
2159 94
2160 101
2161 105
2162 94
2163 102
2164 98
2165 87
2166 103
2167 98
2168 96
2169 104
2170 90
2171 100
2172 96
2173 99
2174 103
2175 107
2176 103
2177 98
2178 105
2179 94
2180 95
2181 104
2182 97
2183 90
2184 94
2185 94
2186 105
2187 105
2188 102
2189 98
2190 101
2191 97
2192 89
2193 106
2194 109
2195 104
2196 103
2197 98
2198 97
2199 104
2200 100
2201 104
2202 93
2203 103
2204 95
2205 113
2206 109
2207 103
2208 92
2209 109
2210 96
2211 93
2212 98
2213 98
2214 108
2215 109
2216 94
2217 102
2218 94
2219 90
2220 100
2221 95
2222 104
2223 101
2224 101
2225 97
2226 96
2227 94
2228 98
2229 102
2230 96
2231 93
2232 94
2233 94
2234 99
2235 101
2236 104
2237 95
2238 104
2239 93
2240 95
2241 108
2242 108
2243 106
2244 97
2245 101
2246 109
2247 93
2248 97
2249 106
2250 101
2251 106
2252 103
2253 95
2254 100
2255 106
2256 107
2257 101
2258 104
2259 101
2260 106
2261 102
2262 102
2263 105
2264 102
2265 103
2266 110
2267 104
2268 100
2269 96
2270 96
2271 95
2272 96
2273 105
2274 101
2275 108
2276 104
2277 102
2278 104
2279 93
2280 98
2281 98
2282 109
2283 99
2284 102
2285 90
2286 96
2287 102
2288 96
2289 104
2290 109
2291 97
2292 98
2293 99
2294 94
2295 102
2296 100
2297 103
2298 97
2299 99
2300 105
2301 94
2302 99
2303 106
2304 95
2305 101
2306 107
2307 103
2308 94
2309 101
2310 94
2311 107
2312 98
2313 98
2314 95
2315 105
2316 97
2317 102
2318 105
2319 99
2320 96
2321 95
2322 94
2323 101
2324 105
2325 95
2326 104
2327 105
2328 102
2329 97
2330 100
2331 98
2332 99
2333 101
2334 98
2335 93
2336 95
2337 106
2338 111
2339 106
2340 95
2341 103
2342 99
2343 95
2344 95
2345 95
2346 98
2347 96
2348 95
2349 103
2350 98
2351 92
2352 102
2353 103
2354 103
2355 107
2356 92
2357 109
2358 96
2359 88
2360 96
2361 101
2362 98
2363 99
2364 98
2365 96
2366 106
2367 93
2368 106
2369 98
2370 103
2371 98
2372 97
2373 105
2374 90
2375 107
2376 100
2377 103
2378 107
2379 97
2380 113
2381 98
2382 97
2383 97
2384 104
2385 100
2386 99
2387 93
2388 106
2389 100
2390 103
2391 95
2392 103
2393 98
2394 99
2395 102
2396 89
2397 106
2398 106
2399 94
2400 96
2401 105
2402 92
2403 108
2404 102
2405 111
2406 99
2407 95
2408 100
2409 102
2410 104
2411 103
2412 103
2413 93
2414 99
2415 100
2416 99
2417 103
2418 99
2419 95
2420 99
2421 101
2422 102
2423 100
2424 101
2425 101
2426 100
2427 99
2428 99
2429 98
2430 105
2431 97
2432 93
2433 101
2434 103
2435 105
2436 95
2437 103
2438 91
2439 100
2440 100
2441 97
2442 104
2443 92
2444 101
2445 100
2446 96
2447 104
2448 100
2449 91
2450 98
2451 97
2452 97
2453 99
2454 87
2455 107
2456 102
2457 100
2458 101
2459 92
2460 95
2461 97
2462 98
2463 101
2464 91
2465 104
2466 109
2467 93
2468 90
2469 92
2470 96
2471 95
2472 98
2473 100
2474 98
2475 92
2476 99
2477 99
2478 95
2479 93
2480 102
2481 92
2482 101
2483 100
2484 95
2485 112
2486 104
2487 103
2488 103
2489 100
2490 108
2491 95
2492 97
2493 100
2494 103
2495 99
2496 106
2497 92
2498 100
2499 100
2500 98
2501 99
2502 92
2503 103
2504 100
2505 95
2506 100
2507 103
2508 101
2509 107
2510 103
2511 96
2512 97
2513 100
2514 99
2515 94
2516 101
2517 96
2518 94
2519 99
2520 98
2521 91
2522 96
2523 95
2524 108
2525 91
2526 95
2527 97
2528 98
2529 92
2530 96
2531 102
2532 103
2533 95
2534 103
2535 97
2536 105
2537 99
2538 103
2539 110
2540 107
2541 103
2542 106
2543 99
2544 93
2545 102
2546 113
2547 94
2548 91
2549 93
2550 107
2551 94
2552 102
2553 101
2554 97
2555 101
2556 99
2557 94
2558 97
2559 104
2560 98
2561 97
2562 113
2563 100
2564 102
2565 99
2566 97
2567 97
2568 106
2569 104
2570 99
2571 91
2572 98
2573 101
2574 111
2575 99
2576 96
2577 107
2578 101
2579 96
2580 106
2581 97
2582 98
2583 100
2584 105
2585 96
2586 106
2587 108
2588 116
2589 104
2590 97
2591 108
2592 108
2593 103
2594 92
2595 91
2596 98
2597 109
2598 96
2599 102
2600 101
2601 98
2602 91
2603 96
2604 96
2605 104
2606 91
2607 100
2608 99
2609 99
2610 98
2611 103
2612 91
2613 102
2614 100
2615 99
2616 96
2617 101
2618 95
2619 102
2620 91
2621 106
2622 91
2623 101
2624 106
2625 98
2626 97
2627 101
2628 97
2629 92
2630 100
2631 106
2632 93
2633 94
2634 92
2635 99
2636 97
2637 103
2638 98
2639 98
2640 100
2641 93
2642 91
2643 101
2644 104
2645 95
2646 106
2647 98
2648 102
2649 91
2650 100
2651 98
2652 95
2653 95
2654 106
2655 99
2656 107
2657 106
2658 93
2659 99
2660 98
2661 112
2662 102
2663 103
2664 100
2665 93
2666 92
2667 101
2668 99
2669 102
2670 98
2671 99
2672 96
2673 97
2674 93
2675 97
2676 90
2677 100
2678 99
2679 96
2680 100
2681 100
2682 97
2683 94
2684 101
2685 102
2686 99
2687 102
2688 98
2689 100
2690 100
2691 98
2692 95
2693 105
2694 90
2695 94
2696 104
2697 106
2698 97
2699 93
2700 98
2701 98
2702 88
2703 100
2704 105
2705 91
2706 103
2707 98
2708 98
2709 95
2710 101
2711 105
2712 100
2713 97
2714 92
2715 105
2716 92
2717 98
2718 106
2719 102
2720 103
2721 105
2722 100
2723 109
2724 98
2725 97
2726 105
2727 102
2728 103
2729 109
2730 100
2731 104
2732 96
2733 97
2734 107
2735 104
2736 95
2737 92
2738 99
2739 91
2740 91
2741 104
2742 112
2743 99
2744 103
2745 91
2746 97
2747 96
2748 107
2749 100
2750 92
2751 96
2752 94
2753 106
2754 101
2755 102
2756 105
2757 106
2758 91
2759 109
2760 101
2761 108
2762 94
2763 90
2764 92
2765 104
2766 100
2767 98
2768 98
2769 107
2770 98
2771 98
2772 101
2773 102
2774 110
2775 108
2776 97
2777 96
2778 92
2779 98
2780 97
2781 104
2782 110
2783 112
2784 97
2785 96
2786 93
2787 95
2788 106
2789 107
2790 102
2791 95
2792 101
2793 102
2794 99
2795 101
2796 96
2797 99
2798 103
2799 110
2800 94
2801 97
2802 98
2803 104
2804 107
2805 107
2806 97
2807 99
2808 101
2809 93
2810 108
2811 103
2812 98
2813 98
2814 99
2815 105
2816 109
2817 99
2818 96
2819 103
2820 95
2821 92
2822 104
2823 100
2824 90
2825 91
2826 100
2827 93
2828 104
2829 100
2830 92
2831 101
2832 98
2833 101
2834 102
2835 99
2836 98
2837 97
2838 89
2839 92
2840 109
2841 98
2842 94
2843 103
2844 106
2845 106
2846 93
2847 102
2848 95
2849 103
2850 103
2851 98
2852 107
2853 102
2854 91
2855 98
2856 102
2857 100
2858 96
2859 96
2860 91
2861 104
2862 103
2863 102
2864 105
2865 100
2866 101
2867 90
2868 103
2869 96
2870 109
2871 112
2872 91
2873 105
2874 97
2875 94
2876 98
2877 99
2878 99
2879 102
2880 99
2881 101
2882 91
2883 104
2884 100
2885 98
2886 101
2887 93
2888 103
2889 104
2890 99
2891 98
2892 101
2893 97
2894 98
2895 106
2896 94
2897 105
2898 97
2899 91
2900 107
2901 99
2902 104
2903 97
2904 100
2905 100
2906 99
2907 91
2908 96
2909 93
2910 98
2911 102
2912 105
2913 105
2914 93
2915 92
2916 106
2917 99
2918 100
2919 93
2920 106
2921 95
2922 93
2923 90
2924 103
2925 102
2926 95
2927 105
2928 102
2929 92
2930 99
2931 107
2932 95
2933 96
2934 108
2935 106
2936 94
2937 98
2938 101
2939 92
2940 93
2941 100
2942 92
2943 107
2944 101
2945 100
2946 94
2947 110
2948 104
2949 95
2950 106
2951 95
2952 97
2953 102
2954 96
2955 108
2956 96
2957 107
2958 105
2959 99
2960 102
2961 102
2962 95
2963 95
2964 100
2965 103
2966 97
2967 98
2968 96
2969 97
2970 99
2971 93
2972 97
2973 105
2974 100
2975 100
2976 100
2977 102
2978 95
2979 107
2980 101
2981 100
2982 99
2983 99
2984 92
2985 109
2986 110
2987 97
2988 95
2989 95
2990 107
2991 100
2992 101
2993 105
2994 95
2995 99
2996 95
2997 97
2998 98
2999 98
3000 102
3001 108
3002 105
3003 110
3004 100
3005 100
3006 102
3007 101
3008 104
3009 96
3010 97
3011 97
3012 102
3013 92
3014 94
3015 93
3016 99
3017 108
3018 105
3019 91
3020 102
3021 94
3022 92
3023 98
3024 102
3025 107
3026 95
3027 103
3028 103
3029 102
3030 99
3031 104
3032 92
3033 108
3034 100
3035 100
3036 92
3037 92
3038 107
3039 100
3040 96
3041 101
3042 99
3043 102
3044 104
3045 104
3046 106
3047 101
3048 93
3049 99
3050 100
3051 97
3052 100
3053 102
3054 106
3055 103
3056 94
3057 104
3058 104
3059 93
3060 102
3061 97
3062 100
3063 96
3064 100
3065 96
3066 100
3067 95
3068 97
3069 107
3070 95
3071 98
3072 110
3073 100
3074 113
3075 100
3076 93
3077 99
3078 100
3079 101
3080 100
3081 103
3082 110
3083 97
3084 109
3085 102
3086 102
3087 103
3088 98
3089 102
3090 89
3091 94
3092 93
3093 97
3094 99
3095 99
3096 108
3097 99
3098 103
3099 99
3100 104
3101 93
3102 98
3103 93
3104 97
3105 96
3106 100
3107 98
3108 100
3109 97
3110 101
3111 104
3112 98
3113 101
3114 100
3115 94
3116 95
3117 102
3118 104
3119 101
3120 93
3121 101
3122 99
3123 95
3124 102
3125 98
3126 105
3127 99
3128 102
3129 104
3130 101
3131 97
3132 102
3133 90
3134 101
3135 100
3136 103
3137 104
3138 98
3139 104
3140 98
3141 109
3142 101
3143 104
3144 98
3145 100
3146 103
3147 85
3148 104
3149 94
3150 99
3151 107
3152 98
3153 96
3154 102
3155 96
3156 102
3157 95
3158 101
3159 107
3160 94
3161 100
3162 101
3163 103
3164 103
3165 111
3166 91
3167 104
3168 98
3169 101
3170 93
3171 98
3172 97
3173 97
3174 107
3175 100
3176 95
3177 107
3178 109
3179 96
3180 93
3181 104
3182 100
3183 102
3184 108
3185 95
3186 98
3187 96
3188 103
3189 90
3190 105
3191 103
3192 99
3193 95
3194 106
3195 95
3196 99
3197 108
3198 100
3199 91
3200 94
3201 96
3202 97
3203 94
3204 103
3205 100
3206 104
3207 101
3208 104
3209 100
3210 96
3211 103
3212 105
3213 101
3214 98
3215 101
3216 104
3217 105
3218 103
3219 108
3220 101
3221 99
3222 100
3223 91
3224 102
3225 94
3226 96
3227 93
3228 93
3229 98
3230 103
3231 98
3232 109
3233 101
3234 104
3235 105
3236 101
3237 101
3238 97
3239 96
Edges
6320
0 128 1
0 129 1
0 130 1
0 131 1
0 132 1
0 133 1
0 134 1
0 135 1
0 136 1
0 137 1
0 138 1
0 139 1
0 140 1
0 141 1
0 142 1
0 143 1
0 144 1
0 145 1
0 146 1
0 147 1
0 148 1
0 149 1
0 150 1
0 151 1
0 152 1
0 153 1
0 154 1
0 155 1
0 156 1
0 157 1
0 158 1
0 80 1
0 81 1
0 82 1
0 83 1
0 84 1
0 85 1
0 86 1
0 87 1
0 88 1
0 89 1
0 90 1
0 91 1
0 92 1
0 93 1
0 94 1
0 95 1
0 96 1
0 97 1
0 98 1
0 99 1
0 100 1
0 101 1
0 102 1
0 103 1
0 104 1
0 105 1
0 106 1
0 107 1
0 108 1
0 109 1
0 110 1
0 111 1
0 112 1
0 113 1
0 114 1
0 115 1
0 116 1
0 117 1
0 118 1
0 119 1
0 120 1
0 121 1
0 122 1
0 123 1
0 124 1
0 125 1
0 126 1
0 127 1
1 235 1
1 159 1
1 160 1
1 161 1
1 162 1
1 163 1
1 164 1
1 165 1
1 166 1
1 167 1
1 168 1
1 169 1
1 170 1
1 171 1
1 172 1
1 173 1
1 174 1
1 175 1
1 176 1
1 177 1
1 178 1
1 179 1
1 180 1
1 181 1
1 182 1
1 183 1
1 184 1
1 185 1
1 186 1
1 187 1
1 188 1
1 189 1
1 190 1
1 191 1
1 192 1
1 193 1
1 194 1
1 195 1
1 196 1
1 197 1
1 198 1
1 199 1
1 200 1
1 201 1
1 202 1
1 203 1
1 204 1
1 205 1
1 206 1
1 207 1
1 80 1
1 209 1
1 210 1
1 211 1
1 212 1
1 213 1
1 214 1
1 215 1
1 216 1
1 217 1
1 218 1
1 219 1
1 220 1
1 221 1
1 222 1
1 223 1
1 224 1
1 208 1
1 226 1
1 227 1
1 228 1
1 229 1
1 230 1
1 231 1
1 232 1
1 233 1
1 234 1
1 225 1
1 236 1
2 256 1
2 257 1
2 258 1
2 259 1
2 260 1
2 261 1
2 262 1
2 263 1
2 264 1
2 265 1
2 266 1
2 267 1
2 268 1
2 269 1
2 270 1
2 271 1
2 272 1
2 273 1
2 274 1
2 275 1
2 276 1
2 277 1
2 278 1
2 279 1
2 280 1
2 281 1
2 282 1
2 283 1
2 284 1
2 285 1
2 286 1
2 159 1
2 288 1
2 289 1
2 290 1
2 291 1
2 292 1
2 293 1
2 294 1
2 295 1
2 296 1
2 297 1
2 298 1
2 299 1
2 300 1
2 301 1
2 302 1
2 303 1
2 304 1
2 305 1
2 306 1
2 307 1
2 308 1
2 309 1
2 310 1
2 311 1
2 312 1
2 313 1
2 287 1
2 81 1
2 237 1
2 238 1
2 239 1
2 240 1
2 241 1
2 242 1
2 243 1
2 244 1
2 245 1
2 246 1
2 247 1
2 248 1
2 249 1
2 250 1
2 251 1
2 252 1
2 253 1
2 254 1
2 255 1
3 384 1
3 385 1
3 386 1
3 387 1
3 388 1
3 389 1
3 237 1
3 160 1
3 365 1
3 314 1
3 315 1
3 316 1
3 317 1
3 318 1
3 319 1
3 320 1
3 321 1
3 322 1
3 323 1
3 324 1
3 325 1
3 326 1
3 327 1
3 328 1
3 329 1
3 330 1
3 331 1
3 332 1
3 333 1
3 334 1
3 335 1
3 336 1
3 337 1
3 82 1
3 339 1
3 340 1
3 341 1
3 342 1
3 343 1
3 344 1
3 345 1
3 346 1
3 347 1
3 348 1
3 349 1
3 350 1
3 351 1
3 352 1
3 353 1
3 354 1
3 355 1
3 356 1
3 357 1
3 358 1
3 359 1
3 360 1
3 361 1
3 362 1
3 363 1
3 364 1
3 338 1
3 366 1
3 367 1
3 368 1
3 369 1
3 370 1
3 371 1
3 372 1
3 373 1
3 374 1
3 375 1
3 376 1
3 377 1
3 378 1
3 379 1
3 380 1
3 381 1
3 382 1
3 383 1
4 390 1
4 391 1
4 392 1
4 393 1
4 394 1
4 395 1
4 396 1
4 397 1
4 398 1
4 399 1
4 400 1
4 401 1
4 402 1
4 403 1
4 404 1
4 405 1
4 406 1
4 407 1
4 408 1
4 409 1
4 410 1
4 411 1
4 412 1
4 413 1
4 414 1
4 415 1
4 416 1
4 161 1
4 418 1
4 419 1
4 420 1
4 421 1
4 422 1
4 423 1
4 424 1
4 425 1
4 426 1
4 427 1
4 428 1
4 429 1
4 430 1
4 431 1
4 432 1
4 433 1
4 434 1
4 435 1
4 436 1
4 437 1
4 438 1
4 439 1
4 440 1
4 441 1
4 314 1
4 443 1
4 444 1
4 445 1
4 446 1
4 447 1
4 448 1
4 449 1
4 450 1
4 451 1
4 452 1
4 453 1
4 454 1
4 417 1
4 456 1
4 457 1
4 458 1
4 459 1
4 460 1
4 461 1
4 462 1
4 463 1
4 464 1
4 83 1
4 442 1
4 455 1
4 238 1
5 512 1
5 513 1
5 514 1
5 515 1
5 516 1
5 517 1
5 390 1
5 519 1
5 520 1
5 521 1
5 522 1
5 523 1
5 524 1
5 525 1
5 526 1
5 527 1
5 528 1
5 529 1
5 530 1
5 531 1
5 532 1
5 533 1
5 534 1
5 535 1
5 536 1
5 537 1
5 538 1
5 495 1
5 162 1
5 518 1
5 315 1
5 505 1
5 465 1
5 466 1
5 467 1
5 84 1
5 469 1
5 470 1
5 471 1
5 472 1
5 473 1
5 474 1
5 475 1
5 476 1
5 477 1
5 478 1
5 479 1
5 480 1
5 481 1
5 482 1
5 483 1
5 484 1
5 485 1
5 486 1
5 487 1
5 488 1
5 489 1
5 490 1
5 491 1
5 492 1
5 493 1
5 494 1
5 239 1
5 496 1
5 497 1
5 498 1
5 499 1
5 500 1
5 501 1
5 502 1
5 503 1
5 504 1
5 468 1
5 506 1
5 507 1
5 508 1
5 509 1
5 510 1
5 511 1
6 391 1
6 539 1
6 540 1
6 541 1
6 542 1
6 543 1
6 544 1
6 545 1
6 546 1
6 547 1
6 548 1
6 549 1
6 550 1
6 551 1
6 552 1
6 553 1
6 554 1
6 555 1
6 556 1
6 557 1
6 558 1
6 559 1
6 560 1
6 561 1
6 562 1
6 563 1
6 564 1
6 565 1
6 566 1
6 567 1
6 568 1
6 569 1
6 570 1
6 571 1
6 572 1
6 573 1
6 574 1
6 575 1
6 576 1
6 577 1
6 578 1
6 579 1
6 580 1
6 581 1
6 582 1
6 583 1
6 584 1
6 585 1
6 586 1
6 587 1
6 588 1
6 589 1
6 590 1
6 591 1
6 592 1
6 465 1
6 594 1
6 163 1
6 596 1
6 85 1
6 598 1
6 599 1
6 600 1
6 601 1
6 602 1
6 603 1
6 604 1
6 605 1
6 606 1
6 607 1
6 608 1
6 609 1
6 610 1
6 611 1
6 593 1
6 316 1
6 240 1
6 595 1
6 597 1
7 640 1
7 641 1
7 642 1
7 643 1
7 644 1
7 645 1
7 646 1
7 647 1
7 392 1
7 649 1
7 650 1
7 651 1
7 652 1
7 653 1
7 654 1
7 655 1
7 656 1
7 657 1
7 658 1
7 659 1
7 660 1
7 661 1
7 662 1
7 663 1
7 664 1
7 665 1
7 666 1
7 539 1
7 668 1
7 669 1
7 670 1
7 671 1
7 672 1
7 673 1
7 674 1
7 667 1
7 164 1
7 677 1
7 678 1
7 241 1
7 680 1
7 681 1
7 682 1
7 683 1
7 679 1
7 648 1
7 317 1
7 466 1
7 675 1
7 86 1
7 676 1
7 612 1
7 613 1
7 614 1
7 615 1
7 616 1
7 617 1
7 618 1
7 619 1
7 620 1
7 621 1
7 622 1
7 623 1
7 624 1
7 625 1
7 626 1
7 627 1
7 628 1
7 629 1
7 630 1
7 631 1
7 632 1
7 633 1
7 634 1
7 635 1
7 636 1
7 637 1
7 638 1
7 639 1
8 393 1
8 727 1
8 540 1
8 165 1
8 740 1
8 684 1
8 685 1
8 686 1
8 687 1
8 688 1
8 689 1
8 690 1
8 691 1
8 692 1
8 693 1
8 694 1
8 695 1
8 696 1
8 697 1
8 698 1
8 699 1
8 700 1
8 701 1
8 702 1
8 703 1
8 704 1
8 705 1
8 706 1
8 707 1
8 708 1
8 709 1
8 710 1
8 711 1
8 712 1
8 713 1
8 714 1
8 715 1
8 716 1
8 717 1
8 718 1
8 719 1
8 720 1
8 721 1
8 722 1
8 467 1
8 724 1
8 725 1
8 726 1
8 87 1
8 728 1
8 729 1
8 730 1
8 731 1
8 732 1
8 733 1
8 734 1
8 735 1
8 736 1
8 737 1
8 738 1
8 739 1
8 612 1
8 741 1
8 742 1
8 743 1
8 744 1
8 745 1
8 746 1
8 747 1
8 748 1
8 749 1
8 750 1
8 751 1
8 752 1
8 753 1
8 242 1
8 723 1
8 318 1
8 754 1
9 768 1
9 769 1
9 770 1
9 771 1
9 772 1
9 773 1
9 774 1
9 775 1
9 776 1
9 777 1
9 394 1
9 779 1
9 780 1
9 781 1
9 782 1
9 783 1
9 784 1
9 785 1
9 786 1
9 787 1
9 788 1
9 789 1
9 790 1
9 791 1
9 792 1
9 793 1
9 794 1
9 795 1
9 796 1
9 541 1
9 798 1
9 799 1
9 800 1
9 801 1
9 802 1
9 803 1
9 804 1
9 805 1
9 166 1
9 807 1
9 808 1
9 809 1
9 810 1
9 811 1
9 684 1
9 813 1
9 814 1
9 797 1
9 816 1
9 817 1
9 818 1
9 243 1
9 820 1
9 821 1
9 822 1
9 823 1
9 824 1
9 819 1
9 815 1
9 778 1
9 319 1
9 812 1
9 468 1
9 88 1
9 806 1
9 613 1
9 755 1
9 756 1
9 757 1
9 758 1
9 759 1
9 760 1
9 761 1
9 762 1
9 763 1
9 764 1
9 765 1
9 766 1
9 767 1
10 832 1
10 395 1
10 884 1
10 870 1
10 857 1
10 542 1
10 167 1
10 685 1
10 883 1
10 825 1
10 826 1
10 827 1
10 828 1
10 829 1
10 830 1
10 831 1
10 320 1
10 833 1
10 834 1
10 835 1
10 836 1
10 837 1
10 838 1
10 839 1
10 840 1
10 841 1
10 842 1
10 843 1
10 844 1
10 845 1
10 846 1
10 847 1
10 848 1
10 849 1
10 850 1
10 851 1
10 852 1
10 469 1
10 854 1
10 855 1
10 856 1
10 89 1
10 858 1
10 859 1
10 860 1
10 861 1
10 862 1
10 863 1
10 864 1
10 865 1
10 866 1
10 867 1
10 868 1
10 869 1
10 614 1
10 871 1
10 872 1
10 873 1
10 874 1
10 875 1
10 876 1
10 877 1
10 878 1
10 879 1
10 880 1
10 881 1
10 882 1
10 755 1
10 244 1
10 885 1
10 886 1
10 887 1
10 888 1
10 889 1
10 890 1
10 891 1
10 892 1
10 893 1
10 853 1
11 896 1
11 897 1
11 898 1
11 899 1
11 900 1
11 901 1
11 902 1
11 903 1
11 904 1
11 905 1
11 906 1
11 907 1
11 396 1
11 909 1
11 910 1
11 911 1
11 912 1
11 913 1
11 914 1
11 915 1
11 916 1
11 917 1
11 918 1
11 919 1
11 920 1
11 921 1
11 922 1
11 923 1
11 924 1
11 925 1
11 926 1
11 543 1
11 928 1
11 929 1
11 930 1
11 931 1
11 932 1
11 933 1
11 934 1
11 935 1
11 168 1
11 937 1
11 938 1
11 939 1
11 940 1
11 941 1
11 686 1
11 943 1
11 944 1
11 945 1
11 946 1
11 947 1
11 948 1
11 942 1
11 950 1
11 951 1
11 952 1
11 825 1
11 954 1
11 927 1
11 956 1
11 957 1
11 958 1
11 949 1
11 960 1
11 321 1
11 961 1
11 908 1
11 470 1
11 953 1
11 90 1
11 955 1
11 615 1
11 936 1
11 756 1
11 245 1
11 959 1
11 894 1
11 895 1
12 1024 1
12 1025 1
12 1026 1
12 1027 1
12 1028 1
12 983 1
12 322 1
12 1022 1
12 998 1
12 544 1
12 1017 1
12 987 1
12 1009 1
12 169 1
12 687 1
12 826 1
12 1013 1
12 962 1
12 963 1
12 964 1
12 965 1
12 966 1
12 967 1
12 968 1
12 969 1
12 970 1
12 971 1
12 972 1
12 973 1
12 974 1
12 397 1
12 976 1
12 977 1
12 978 1
12 979 1
12 980 1
12 981 1
12 982 1
12 471 1
12 984 1
12 985 1
12 986 1
12 91 1
12 988 1
12 989 1
12 990 1
12 991 1
12 992 1
12 993 1
12 994 1
12 995 1
12 996 1
12 997 1
12 975 1
12 999 1
12 616 1
12 1001 1
12 1002 1
12 1003 1
12 1004 1
12 1005 1
12 1006 1
12 1007 1
12 1008 1
12 1000 1
12 1010 1
12 1011 1
12 1012 1
12 757 1
12 246 1
12 1015 1
12 1016 1
12 1014 1
12 1018 1
12 1019 1
12 1020 1
12 1021 1
12 894 1
12 1023 1
13 1091 1
13 1029 1
13 1030 1
13 1031 1
13 1032 1
13 1033 1
13 1034 1
13 1035 1
13 1036 1
13 1037 1
13 398 1
13 1039 1
13 1040 1
13 1041 1
13 1042 1
13 1043 1
13 1044 1
13 1045 1
13 1046 1
13 1047 1
13 1048 1
13 1049 1
13 1050 1
13 1051 1
13 1052 1
13 1053 1
13 1054 1
13 1055 1
13 1056 1
13 545 1
13 1058 1
13 1059 1
13 1060 1
13 1061 1
13 1062 1
13 1063 1
13 1064 1
13 1065 1
13 170 1
13 1067 1
13 1068 1
13 1069 1
13 1070 1
13 1071 1
13 688 1
13 1073 1
13 1074 1
13 1075 1
13 1076 1
13 1077 1
13 1078 1
13 1079 1
13 1080 1
13 1081 1
13 1082 1
13 827 1
13 1084 1
13 1085 1
13 1086 1
13 1087 1
13 1088 1
13 1089 1
13 962 1
13 323 1
13 1092 1
13 1093 1
13 1094 1
13 1057 1
13 1038 1
13 472 1
13 92 1
13 1083 1
13 1090 1
13 1072 1
13 617 1
13 758 1
13 247 1
13 1066 1
13 895 1
14 896 1
14 1152 1
14 1154 1
14 1155 1
14 1156 1
14 1029 1
14 1158 1
14 1153 1
14 1149 1
14 399 1
14 1113 1
14 1143 1
14 1157 1
14 546 1
14 1159 1
14 171 1
14 1117 1
14 689 1
14 1144 1
14 828 1
14 963 1
14 324 1
14 1095 1
14 1096 1
14 1097 1
14 1098 1
14 1099 1
14 1100 1
14 1101 1
14 1102 1
14 1103 1
14 1104 1
14 1105 1
14 1106 1
14 1107 1
14 1108 1
14 1109 1
14 1110 1
14 1111 1
14 1112 1
14 473 1
14 1114 1
14 1115 1
14 1116 1
14 93 1
14 1118 1
14 1119 1
14 1120 1
14 1121 1
14 1122 1
14 1123 1
14 1124 1
14 1125 1
14 1126 1
14 1127 1
14 1128 1
14 1129 1
14 618 1
14 1131 1
14 1132 1
14 1133 1
14 1134 1
14 1135 1
14 1136 1
14 1137 1
14 1138 1
14 1139 1
14 1140 1
14 1141 1
14 1142 1
14 759 1
14 248 1
14 1145 1
14 1146 1
14 1147 1
14 1148 1
14 1130 1
14 1150 1
14 1151 1
15 897 1
15 1030 1
15 1202 1
15 1160 1
15 1161 1
15 1162 1
15 1163 1
15 1164 1
15 1165 1
15 1166 1
15 1167 1
15 400 1
15 1169 1
15 1170 1
15 1171 1
15 1172 1
15 1173 1
15 1174 1
15 1175 1
15 1176 1
15 1177 1
15 1178 1
15 1179 1
15 1180 1
15 1181 1
15 1182 1
15 1183 1
15 1184 1
15 1185 1
15 1186 1
15 547 1
15 1188 1
15 1189 1
15 1190 1
15 1191 1
15 1192 1
15 1193 1
15 1194 1
15 1195 1
15 172 1
15 1197 1
15 1198 1
15 1199 1
15 1200 1
15 1201 1
15 690 1
15 1203 1
15 1204 1
15 1205 1
15 1206 1
15 1207 1
15 1208 1
15 1209 1
15 1210 1
15 1211 1
15 1212 1
15 829 1
15 1214 1
15 1196 1
15 1216 1
15 1217 1
15 1218 1
15 1219 1
15 964 1
15 325 1
15 1222 1
15 1095 1
15 1220 1
15 1187 1
15 474 1
15 94 1
15 1168 1
15 619 1
15 1213 1
15 760 1
15 249 1
15 1215 1
15 1221 1
15 1223 1
16 1280 1
16 1281 1
16 898 1
16 1283 1
16 1284 1
16 1285 1
16 1286 1
16 1031 1
16 1160 1
16 1260 1
16 1274 1
16 1282 1
16 401 1
16 1243 1
16 548 1
16 1273 1
16 173 1
16 1224 1
16 691 1
16 1247 1
16 830 1
16 965 1
16 326 1
16 1096 1
16 1225 1
16 1226 1
16 1227 1
16 1228 1
16 1229 1
16 1230 1
16 1231 1
16 1232 1
16 1233 1
16 1234 1
16 1235 1
16 1236 1
16 1237 1
16 1238 1
16 1239 1
16 1240 1
16 1241 1
16 1242 1
16 475 1
16 1244 1
16 1245 1
16 1246 1
16 95 1
16 1248 1
16 1249 1
16 1250 1
16 1251 1
16 1252 1
16 1253 1
16 1254 1
16 1255 1
16 1256 1
16 1257 1
16 1258 1
16 1259 1
16 620 1
16 1261 1
16 1262 1
16 1263 1
16 1264 1
16 1265 1
16 1266 1
16 1267 1
16 1268 1
16 1269 1
16 1270 1
16 1271 1
16 1272 1
16 761 1
16 250 1
16 1275 1
16 1276 1
16 1277 1
16 1278 1
16 1279 1
17 899 1
17 1317 1
17 1287 1
17 1032 1
17 1289 1
17 1290 1
17 1291 1
17 1292 1
17 1293 1
17 1294 1
17 1295 1
17 1296 1
17 1297 1
17 1298 1
17 1299 1
17 1300 1
17 1301 1
17 1302 1
17 1303 1
17 1304 1
17 1305 1
17 1306 1
17 1307 1
17 1308 1
17 1309 1
17 1310 1
17 1311 1
17 1312 1
17 1313 1
17 1314 1
17 1315 1
17 1316 1
17 549 1
17 1318 1
17 1319 1
17 1320 1
17 1321 1
17 1322 1
17 1323 1
17 1324 1
17 1325 1
17 174 1
17 1327 1
17 1328 1
17 1288 1
17 1330 1
17 1331 1
17 692 1
17 1333 1
17 1334 1
17 1161 1
17 1336 1
17 1332 1
17 1338 1
17 1339 1
17 1340 1
17 1341 1
17 1342 1
17 831 1
17 1344 1
17 1345 1
17 1346 1
17 1347 1
17 1348 1
17 966 1
17 327 1
17 1224 1
17 1097 1
17 1335 1
17 1343 1
17 1337 1
17 476 1
17 621 1
17 96 1
17 1326 1
17 402 1
17 1329 1
17 762 1
17 251 1
18 1408 1
18 1409 1
18 900 1
18 1287 1
18 1033 1
18 1162 1
18 1377 1
18 403 1
18 1390 1
18 1373 1
18 1403 1
18 550 1
18 967 1
18 175 1
18 1352 1
18 693 1
18 1353 1
18 1404 1
18 1354 1
18 832 1
18 1349 1
18 1350 1
18 1351 1
18 328 1
18 1225 1
18 1098 1
18 1355 1
18 1356 1
18 1357 1
18 1358 1
18 1359 1
18 1360 1
18 1361 1
18 1362 1
18 1363 1
18 1364 1
18 1365 1
18 1366 1
18 1367 1
18 1368 1
18 1369 1
18 1370 1
18 1371 1
18 1372 1
18 477 1
18 1374 1
18 1375 1
18 1376 1
18 97 1
18 1378 1
18 1379 1
18 1380 1
18 1381 1
18 1382 1
18 1383 1
18 1384 1
18 1385 1
18 1386 1
18 1387 1
18 1388 1
18 1389 1
18 622 1
18 1391 1
18 1392 1
18 1393 1
18 1394 1
18 1395 1
18 1396 1
18 1397 1
18 1398 1
18 1399 1
18 1400 1
18 1401 1
18 1402 1
18 763 1
18 252 1
18 1405 1
18 1406 1
18 1407 1
19 1410 1
19 1411 1
19 1412 1
19 901 1
19 1414 1
19 1415 1
19 1416 1
19 1417 1
19 1034 1
19 1163 1
19 1420 1
19 1421 1
19 1422 1
19 1423 1
19 1424 1
19 1425 1
19 1426 1
19 1427 1
19 404 1
19 1429 1
19 1430 1
19 1431 1
19 1432 1
19 1433 1
19 1434 1
19 1435 1
19 1436 1
19 1437 1
19 1438 1
19 1413 1
19 1440 1
19 1441 1
19 1442 1
19 1443 1
19 1444 1
19 1445 1
19 1446 1
19 551 1
19 1448 1
19 1449 1
19 1450 1
19 1451 1
19 1452 1
19 1453 1
19 1454 1
19 1455 1
19 176 1
19 1288 1
19 1458 1
19 1459 1
19 1460 1
19 1461 1
19 694 1
19 1463 1
19 1464 1
19 1465 1
19 1462 1
19 1439 1
19 1468 1
19 1418 1
19 833 1
19 1419 1
19 1349 1
19 968 1
19 329 1
19 1226 1
19 1099 1
19 1456 1
19 1469 1
19 1466 1
19 478 1
19 98 1
19 1467 1
19 1447 1
19 623 1
19 1457 1
19 1428 1
19 764 1
19 253 1
20 1410 1
20 902 1
20 1289 1
20 1035 1
20 1164 1
20 1474 1
20 1528 1
20 1507 1
20 405 1
20 1519 1
20 1484 1
20 1520 1
20 1478 1
20 552 1
20 177 1
20 695 1
20 1503 1
20 1482 1
20 1470 1
20 1471 1
20 1472 1
20 1473 1
20 834 1
20 1475 1
20 1476 1
20 1477 1
20 1350 1
20 1479 1
20 1480 1
20 969 1
20 330 1
20 1227 1
20 1100 1
20 1485 1
20 1486 1
20 1487 1
20 1488 1
20 1489 1
20 1490 1
20 1491 1
20 1492 1
20 1493 1
20 1494 1
20 1495 1
20 1496 1
20 1497 1
20 1498 1
20 1499 1
20 1500 1
20 1501 1
20 1502 1
20 479 1
20 1504 1
20 1505 1
20 1506 1
20 99 1
20 1508 1
20 1509 1
20 1510 1
20 1511 1
20 1512 1
20 1513 1
20 1514 1
20 1515 1
20 1516 1
20 1517 1
20 1518 1
20 765 1
20 624 1
20 1521 1
20 1522 1
20 1523 1
20 1524 1
20 1525 1
20 1526 1
20 1527 1
20 1483 1
20 1481 1
20 254 1
21 1536 1
21 1537 1
21 1538 1
21 1539 1
21 1540 1
21 1541 1
21 1542 1
21 1543 1
21 1544 1
21 1545 1
21 1546 1
21 1547 1
21 1036 1
21 1165 1
21 1550 1
21 1551 1
21 1552 1
21 1553 1
21 1554 1
21 1411 1
21 1556 1
21 1557 1
21 406 1
21 1559 1
21 1560 1
21 1561 1
21 1562 1
21 1563 1
21 1564 1
21 1565 1
21 1566 1
21 1567 1
21 1568 1
21 1569 1
21 1570 1
21 1571 1
21 1572 1
21 1573 1
21 1574 1
21 1575 1
21 1576 1
21 553 1
21 1578 1
21 903 1
21 1580 1
21 1581 1
21 1582 1
21 1583 1
21 1584 1
21 1585 1
21 178 1
21 696 1
21 1290 1
21 1470 1
21 1579 1
21 835 1
21 1351 1
21 1548 1
21 970 1
21 331 1
21 1228 1
21 1101 1
21 1549 1
21 480 1
21 1586 1
21 100 1
21 255 1
21 625 1
21 1555 1
21 1558 1
21 766 1
21 1577 1
21 1529 1
21 1530 1
21 1531 1
21 1532 1
21 1533 1
21 1534 1
21 1535 1
22 256 1
22 1611 1
22 1412 1
22 904 1
22 1291 1
22 1037 1
22 1166 1
22 1637 1
22 407 1
22 1604 1
22 1612 1
22 1627 1
22 1608 1
22 554 1
22 1621 1
22 1587 1
22 179 1
22 1588 1
22 1589 1
22 1590 1
22 1591 1
22 1592 1
22 1593 1
22 1594 1
22 1595 1
22 1596 1
22 1597 1
22 1598 1
22 1599 1
22 1600 1
22 1601 1
22 1602 1
22 1603 1
22 836 1
22 1605 1
22 1606 1
22 1607 1
22 1352 1
22 1609 1
22 1610 1
22 971 1
22 332 1
22 1229 1
22 1102 1
22 1613 1
22 1616 1
22 1617 1
22 1618 1
22 1619 1
22 1620 1
22 1614 1
22 1622 1
22 697 1
22 1624 1
22 1625 1
22 1626 1
22 1615 1
22 1628 1
22 1629 1
22 1630 1
22 1631 1
22 1632 1
22 481 1
22 1634 1
22 1635 1
22 1636 1
22 101 1
22 1638 1
22 1639 1
22 1640 1
22 1641 1
22 1623 1
22 1643 1
22 626 1
22 1633 1
22 1529 1
22 1471 1
22 1642 1
22 767 1
23 768 1
23 257 1
23 1666 1
23 1667 1
23 1668 1
23 1413 1
23 1670 1
23 1665 1
23 1672 1
23 905 1
23 1674 1
23 1675 1
23 1292 1
23 1677 1
23 1038 1
23 1167 1
23 1680 1
23 1681 1
23 1682 1
23 627 1
23 1684 1
23 1685 1
23 1686 1
23 1687 1
23 408 1
23 1689 1
23 1688 1
23 1691 1
23 1692 1
23 1690 1
23 1694 1
23 1669 1
23 1696 1
23 1697 1
23 1676 1
23 1699 1
23 1664 1
23 555 1
23 1693 1
23 1587 1
23 180 1
23 1673 1
23 698 1
23 1695 1
23 1671 1
23 1472 1
23 837 1
23 1683 1
23 1353 1
23 972 1
23 333 1
23 1230 1
23 1103 1
23 1678 1
23 1679 1
23 1530 1
23 482 1
23 102 1
23 1698 1
23 1644 1
23 1645 1
23 1646 1
23 1647 1
23 1648 1
23 1649 1
23 1650 1
23 1651 1
23 1652 1
23 1653 1
23 1654 1
23 1655 1
23 1656 1
23 1657 1
23 1658 1
23 1659 1
23 1660 1
23 1661 1
23 1662 1
23 1663 1
24 769 1
24 258 1
24 1414 1
24 1729 1
24 1708 1
24 906 1
24 1751 1
24 1293 1
24 1039 1
24 1168 1
24 409 1
24 1727 1
24 1700 1
24 1701 1
24 1702 1
24 1703 1
24 1704 1
24 1705 1
24 1706 1
24 1707 1
24 556 1
24 1709 1
24 1710 1
24 1711 1
24 1712 1
24 1713 1
24 1714 1
24 1715 1
24 1716 1
24 181 1
24 1718 1
24 1719 1
24 1720 1
24 1588 1
24 1722 1
24 699 1
24 1724 1
24 1725 1
24 1726 1
24 1717 1
24 1728 1
24 1473 1
24 1730 1
24 1731 1
24 1732 1
24 1733 1
24 838 1
24 1735 1
24 1736 1
24 1723 1
24 1354 1
24 1739 1
24 1740 1
24 973 1
24 334 1
24 1231 1
24 1104 1
24 1745 1
24 1746 1
24 1747 1
24 1748 1
24 1742 1
24 1750 1
24 1721 1
24 1752 1
24 1753 1
24 1737 1
24 1743 1
24 1744 1
24 483 1
24 103 1
24 1738 1
24 1754 1
24 1644 1
24 1734 1
24 628 1
24 1531 1
24 1741 1
24 1749 1
25 1792 1
25 1793 1
25 770 1
25 259 1
25 1796 1
25 1797 1
25 1798 1
25 1415 1
25 1800 1
25 1801 1
25 1802 1
25 907 1
25 1804 1
25 1794 1
25 1294 1
25 1773 1
25 1040 1
25 1169 1
25 1795 1
25 410 1
25 1808 1
25 1700 1
25 1777 1
25 1799 1
25 557 1
25 1589 1
25 182 1
25 1807 1
25 700 1
25 1781 1
25 1474 1
25 1803 1
25 1805 1
25 1788 1
25 839 1
25 1355 1
25 974 1
25 335 1
25 1232 1
25 1105 1
25 1806 1
25 1764 1
25 1755 1
25 1756 1
25 1757 1
25 1758 1
25 1759 1
25 1760 1
25 1761 1
25 1762 1
25 1763 1
25 484 1
25 1765 1
25 1766 1
25 1767 1
25 104 1
25 1769 1
25 1770 1
25 1771 1
25 1772 1
25 1645 1
25 1774 1
25 1775 1
25 1776 1
25 1768 1
25 1778 1
25 1779 1
25 1780 1
25 629 1
25 1782 1
25 1783 1
25 1784 1
25 1785 1
25 1786 1
25 1787 1
25 1532 1
25 1789 1
25 1790 1
25 1791 1
26 771 1
26 260 1
26 1416 1
26 908 1
26 1295 1
26 1041 1
26 1170 1
26 1811 1
26 1812 1
26 1813 1
26 1814 1
26 1815 1
26 1816 1
26 1817 1
26 1818 1
26 411 1
26 1820 1
26 1821 1
26 1822 1
26 1823 1
26 1824 1
26 1825 1
26 1826 1
26 1819 1
26 1828 1
26 1701 1
26 1830 1
26 1831 1
26 1832 1
26 1833 1
26 1834 1
26 1835 1
26 1836 1
26 1837 1
26 558 1
26 1839 1
26 1840 1
26 1838 1
26 1842 1
26 1843 1
26 1844 1
26 1845 1
26 1590 1
26 183 1
26 1848 1
26 1849 1
26 1850 1
26 1851 1
26 1852 1
26 701 1
26 1854 1
26 1855 1
26 1856 1
26 1857 1
26 1858 1
26 1475 1
26 1860 1
26 1846 1
26 840 1
26 1847 1
26 1356 1
26 975 1
26 336 1
26 1233 1
26 1106 1
26 1827 1
26 1861 1
26 1755 1
26 1829 1
26 485 1
26 1809 1
26 105 1
26 1859 1
26 1810 1
26 1646 1
26 1853 1
26 1841 1
26 630 1
26 1533 1
27 1911 1
27 1899 1
27 772 1
27 261 1
27 1417 1
27 909 1
27 1901 1
27 1296 1
27 1809 1
27 1042 1
27 1171 1
27 1903 1
27 412 1
27 1889 1
27 1702 1
27 1884 1
27 841 1
27 559 1
27 1907 1
27 1894 1
27 1591 1
27 184 1
27 702 1
27 1888 1
27 1476 1
27 1862 1
27 1863 1
27 1864 1
27 1865 1
27 1866 1
27 1867 1
27 1868 1
27 1357 1
27 1870 1
27 1871 1
27 976 1
27 337 1
27 1234 1
27 1107 1
27 1876 1
27 1877 1
27 1878 1
27 1879 1
27 1880 1
27 1881 1
27 1882 1
27 1883 1
27 1756 1
27 1885 1
27 1886 1
27 1887 1
27 1869 1
27 1872 1
27 1890 1
27 1891 1
27 1892 1
27 1893 1
27 486 1
27 1873 1
27 1896 1
27 1897 1
27 106 1
27 1895 1
27 1900 1
27 1874 1
27 1902 1
27 1647 1
27 1904 1
27 1905 1
27 1906 1
27 1875 1
27 1908 1
27 1909 1
27 1910 1
27 631 1
27 1912 1
27 1913 1
27 1898 1
27 1534 1
28 1920 1
28 1921 1
28 1922 1
28 1923 1
28 1924 1
28 773 1
28 262 1
28 1927 1
28 1928 1
28 1929 1
28 1418 1
28 1931 1
28 1932 1
28 1933 1
28 910 1
28 1935 1
28 1936 1
28 1297 1
28 1810 1
28 1043 1
28 1172 1
28 1941 1
28 1942 1
28 1535 1
28 1944 1
28 1945 1
28 1946 1
28 1947 1
28 1948 1
28 413 1
28 1950 1
28 1925 1
28 1952 1
28 1953 1
28 1954 1
28 1955 1
28 1956 1
28 1926 1
28 1958 1
28 1703 1
28 1960 1
28 1961 1
28 1962 1
28 1959 1
28 1964 1
28 1949 1
28 560 1
28 1592 1
28 185 1
28 1951 1
28 1930 1
28 703 1
28 1937 1
28 1477 1
28 1862 1
28 842 1
28 1963 1
28 1358 1
28 977 1
28 338 1
28 1235 1
28 1108 1
28 1934 1
28 1757 1
28 1957 1
28 487 1
28 107 1
28 1938 1
28 1648 1
28 1939 1
28 1943 1
28 632 1
28 1940 1
28 1914 1
28 1915 1
28 1916 1
28 1917 1
28 1918 1
28 1919 1
29 1536 1
29 1984 1
29 774 1
29 263 1
29 1419 1
29 1995 1
29 911 1
29 1298 1
29 1811 1
29 1044 1
29 1173 1
29 2004 1
29 414 1
29 2011 1
29 1990 1
29 561 1
29 1704 1
29 2013 1
29 1991 1
29 1965 1
29 1966 1
29 1967 1
29 1968 1
29 1969 1
29 1970 1
29 1971 1
29 1972 1
29 1973 1
29 1974 1
29 1975 1
29 1976 1
29 1977 1
29 1978 1
29 1979 1
29 1980 1
29 1981 1
29 1982 1
29 1983 1
29 704 1
29 1985 1
29 1986 1
29 1987 1
29 1988 1
29 1989 1
29 1478 1
29 1863 1
29 1992 1
29 1993 1
29 1994 1
29 843 1
29 1996 1
29 1997 1
29 1998 1
29 1359 1
29 2000 1
29 2001 1
29 978 1
29 339 1
29 1236 1
29 1109 1
29 2006 1
29 1593 1
29 2008 1
29 2009 1
29 2010 1
29 1999 1
29 2012 1
29 186 1
29 1758 1
29 488 1
29 2014 1
29 108 1
29 2002 1
29 1649 1
29 2003 1
29 2007 1
29 633 1
29 1914 1
29 2005 1
30 2048 1
30 1537 1
30 2050 1
30 2051 1
30 2052 1
30 2053 1
30 2054 1
30 775 1
30 264 1
30 2057 1
30 2058 1
30 2059 1
30 1420 1
30 2061 1
30 2062 1
30 2029 1
30 912 1
30 1299 1
30 1812 1
30 1045 1
30 1174 1
30 415 1
30 2034 1
30 2049 1
30 1705 1
30 2055 1
30 1965 1
30 2043 1
30 2056 1
30 562 1
30 1594 1
30 1759 1
30 2037 1
30 705 1
30 1479 1
30 1864 1
30 2060 1
30 2039 1
30 844 1
30 1360 1
30 979 1
30 340 1
30 1237 1
30 1110 1
30 2063 1
30 2042 1
30 2015 1
30 2016 1
30 2017 1
30 2018 1
30 2019 1
30 2020 1
30 2021 1
30 2022 1
30 2023 1
30 2024 1
30 489 1
30 2026 1
30 2027 1
30 2028 1
30 109 1
30 2030 1
30 2031 1
30 2032 1
30 2033 1
30 1650 1
30 2035 1
30 2036 1
30 187 1
30 2038 1
30 2025 1
30 2040 1
30 2041 1
30 634 1
30 1915 1
30 2044 1
30 2045 1
30 2046 1
30 2047 1
31 1538 1
31 1046 1
31 776 1
31 265 1
31 2071 1
31 1421 1
31 2064 1
31 2065 1
31 2066 1
31 2067 1
31 2068 1
31 2069 1
31 2070 1
31 1175 1
31 2072 1
31 2073 1
31 2074 1
31 2075 1
31 2076 1
31 2077 1
31 2078 1
31 2079 1
31 416 1
31 2081 1
31 2082 1
31 2083 1
31 2084 1
31 2085 1
31 2086 1
31 2087 1
31 2088 1
31 2089 1
31 1706 1
31 2091 1
31 2092 1
31 2093 1
31 1966 1
31 2095 1
31 2096 1
31 2097 1
31 2098 1
31 563 1
31 2100 1
31 2101 1
31 2102 1
31 2103 1
31 2104 1
31 2105 1
31 2106 1
31 1595 1
31 188 1
31 2109 1
31 2110 1
31 2111 1
31 2080 1
31 706 1
31 1480 1
31 1865 1
31 845 1
31 2108 1
31 1361 1
31 980 1
31 341 1
31 1238 1
31 1111 1
31 2094 1
31 2015 1
31 1760 1
31 2107 1
31 913 1
31 2099 1
31 490 1
31 110 1
31 1651 1
31 1300 1
31 635 1
31 1916 1
31 2090 1
31 1813 1
32 1539 1
32 2134 1
32 777 1
32 266 1
32 2135 1
32 1422 1
32 2157 1
32 2064 1
32 2136 1
32 914 1
32 2115 1
32 1301 1
32 1814 1
32 1047 1
32 1176 1
32 417 1
32 2155 1
32 2145 1
32 1707 1
32 1967 1
32 2144 1
32 189 1
32 564 1
32 2121 1
32 1596 1
32 2122 1
32 2112 1
32 2113 1
32 2114 1
32 707 1
32 2116 1
32 2117 1
32 2118 1
32 2119 1
32 2120 1
32 1481 1
32 1866 1
32 2123 1
32 2124 1
32 2125 1
32 846 1
32 2127 1
32 2128 1
32 2129 1
32 1362 1
32 2131 1
32 2132 1
32 981 1
32 342 1
32 1239 1
32 1112 1
32 2137 1
32 2138 1
32 2139 1
32 2140 1
32 2141 1
32 2142 1
32 2143 1
32 2016 1
32 1761 1
32 2146 1
32 2147 1
32 2148 1
32 2149 1
32 2150 1
32 2151 1
32 2152 1
32 2153 1
32 2154 1
32 491 1
32 2126 1
32 2130 1
32 2158 1
32 111 1
32 2156 1
32 1652 1
32 636 1
32 1917 1
32 2133 1
33 2176 1
33 2177 1
33 2178 1
33 2179 1
33 1540 1
33 2181 1
33 2182 1
33 2183 1
33 2184 1
33 2185 1
33 778 1
33 267 1
33 2188 1
33 2174 1
33 2190 1
33 1423 1
33 2192 1
33 2065 1
33 2194 1
33 915 1
33 2196 1
33 2197 1
33 1302 1
33 1815 1
33 1048 1
33 1177 1
33 2200 1
33 2203 1
33 2204 1
33 2202 1
33 112 1
33 418 1
33 1708 1
33 2173 1
33 1968 1
33 565 1
33 2201 1
33 1597 1
33 190 1
33 1653 1
33 2112 1
33 2180 1
33 2187 1
33 708 1
33 2195 1
33 1482 1
33 1867 1
33 847 1
33 2189 1
33 2186 1
33 1363 1
33 982 1
33 343 1
33 1240 1
33 1113 1
33 2191 1
33 2199 1
33 2198 1
33 2017 1
33 1762 1
33 2193 1
33 492 1
33 2159 1
33 2160 1
33 2161 1
33 2162 1
33 2163 1
33 2164 1
33 2165 1
33 2166 1
33 2167 1
33 2168 1
33 2169 1
33 2170 1
33 2171 1
33 2172 1
33 637 1
33 1918 1
33 2175 1
34 1541 1
34 2241 1
34 2225 1
34 779 1
34 268 1
34 2221 1
34 1424 1
34 2245 1
34 2066 1
34 916 1
34 1303 1
34 1816 1
34 1049 1
34 1178 1
34 2205 1
34 2206 1
34 2207 1
34 2208 1
34 2209 1
34 2210 1
34 419 1
34 2212 1
34 2213 1
34 2214 1
34 2215 1
34 2216 1
34 2217 1
34 2218 1
34 2219 1
34 2220 1
34 1709 1
34 2222 1
34 2223 1
34 2224 1
34 1969 1
34 2226 1
34 2227 1
34 2228 1
34 2229 1
34 566 1
34 2231 1
34 2232 1
34 2233 1
34 2234 1
34 2235 1
34 2236 1
34 2237 1
34 1598 1
34 191 1
34 2240 1
34 2113 1
34 2242 1
34 2243 1
34 2244 1
34 709 1
34 2246 1
34 2247 1
34 2248 1
34 2249 1
34 1483 1
34 1868 1
34 848 1
34 2211 1
34 1364 1
34 983 1
34 344 1
34 1241 1
34 1114 1
34 2018 1
34 1763 1
34 493 1
34 2159 1
34 113 1
34 2230 1
34 2238 1
34 1654 1
34 2239 1
34 638 1
34 1919 1
35 1920 1
35 2261 1
35 2283 1
35 2276 1
35 1542 1
35 780 1
35 269 1
35 2285 1
35 1425 1
35 2067 1
35 917 1
35 2265 1
35 1304 1
35 1817 1
35 1050 1
35 1179 1
35 2264 1
35 2205 1
35 2275 1
35 2288 1
35 2267 1
35 420 1
35 2290 1
35 1710 1
35 2286 1
35 1970 1
35 567 1
35 2266 1
35 1599 1
35 192 1
35 2114 1
35 710 1
35 2252 1
35 2250 1
35 2251 1
35 1484 1
35 1869 1
35 2254 1
35 2255 1
35 2256 1
35 2257 1
35 2253 1
35 2259 1
35 2260 1
35 1365 1
35 2262 1
35 2263 1
35 984 1
35 345 1
35 1242 1
35 1115 1
35 2268 1
35 2269 1
35 2270 1
35 2271 1
35 2272 1
35 2273 1
35 2274 1
35 2019 1
35 1764 1
35 2277 1
35 2278 1
35 849 1
35 2280 1
35 2281 1
35 2282 1
35 2279 1
35 2284 1
35 2258 1
35 494 1
35 2287 1
35 2160 1
35 2289 1
35 114 1
35 2291 1
35 2292 1
35 2293 1
35 1655 1
35 639 1
36 640 1
36 1921 1
36 2306 1
36 2307 1
36 2308 1
36 2309 1
36 2310 1
36 1543 1
36 2312 1
36 2304 1
36 2314 1
36 2315 1
36 2316 1
36 781 1
36 270 1
36 2319 1
36 2320 1
36 2321 1
36 1426 1
36 2323 1
36 2068 1
36 2325 1
36 918 1
36 2327 1
36 2328 1
36 1305 1
36 1818 1
36 1051 1
36 1180 1
36 2330 1
36 2206 1
36 2335 1
36 2336 1
36 2331 1
36 421 1
36 2324 1
36 2332 1
36 2311 1
36 1711 1
36 1971 1
36 2333 1
36 2334 1
36 2313 1
36 568 1
36 2329 1
36 1600 1
36 193 1
36 2115 1
36 711 1
36 2250 1
36 1485 1
36 1870 1
36 2317 1
36 2296 1
36 850 1
36 2318 1
36 1366 1
36 985 1
36 346 1
36 1243 1
36 1116 1
36 2326 1
36 2020 1
36 1765 1
36 2305 1
36 2322 1
36 495 1
36 2161 1
36 115 1
36 2294 1
36 2295 1
36 1656 1
36 2297 1
36 2298 1
36 2299 1
36 2300 1
36 2301 1
36 2302 1
36 2303 1
37 641 1
37 1922 1
37 422 1
37 1544 1
37 2370 1
37 782 1
37 271 1
37 1427 1
37 2069 1
37 919 1
37 2372 1
37 1306 1
37 1819 1
37 1052 1
37 1181 1
37 2207 1
37 2337 1
37 2338 1
37 2339 1
37 2340 1
37 2341 1
37 2342 1
37 2343 1
37 2344 1
37 2345 1
37 2346 1
37 2347 1
37 2348 1
37 2349 1
37 2350 1
37 2351 1
37 1712 1
37 2353 1
37 2354 1
37 2355 1
37 1972 1
37 2357 1
37 2358 1
37 2359 1
37 2360 1
37 569 1
37 2362 1
37 2363 1
37 2364 1
37 2365 1
37 2366 1
37 2367 1
37 2368 1
37 1601 1
37 194 1
37 2371 1
37 2116 1
37 2373 1
37 2374 1
37 2375 1
37 712 1
37 2377 1
37 2378 1
37 2251 1
37 1486 1
37 1871 1
37 2376 1
37 851 1
37 1367 1
37 986 1
37 347 1
37 1244 1
37 1117 1
37 2021 1
37 1766 1
37 2356 1
37 2369 1
37 2352 1
37 496 1
37 2162 1
37 116 1
37 2294 1
37 1657 1
37 2361 1
38 642 1
38 1923 1
38 2417 1
38 1545 1
38 2406 1
38 783 1
38 272 1
38 2392 1
38 2383 1
38 1428 1
38 2070 1
38 920 1
38 1307 1
38 1820 1
38 1053 1
38 1182 1
38 2208 1
38 2337 1
38 2395 1
38 423 1
38 2396 1
38 2397 1
38 1713 1
38 2419 1
38 1973 1
38 2380 1
38 570 1
38 1602 1
38 195 1
38 2398 1
38 2117 1
38 2401 1
38 713 1
38 2411 1
38 2379 1
38 2252 1
38 2381 1
38 2382 1
38 1487 1
38 1872 1
38 2385 1
38 2386 1
38 2387 1
38 852 1
38 2389 1
38 2390 1
38 2391 1
38 1368 1
38 2393 1
38 2394 1
38 987 1
38 348 1
38 1245 1
38 1118 1
38 2399 1
38 2400 1
38 2384 1
38 2402 1
38 2403 1
38 2404 1
38 2405 1
38 2022 1
38 1767 1
38 2408 1
38 2409 1
38 2410 1
38 2407 1
38 2412 1
38 2413 1
38 2414 1
38 2415 1
38 2416 1
38 497 1
38 2418 1
38 2163 1
38 117 1
38 2295 1
38 2388 1
38 1658 1
39 2432 1
39 2433 1
39 2434 1
39 643 1
39 1924 1
39 2437 1
39 2438 1
39 2439 1
39 2440 1
39 2441 1
39 1546 1
39 2443 1
39 2444 1
39 2445 1
39 2446 1
39 2447 1
39 784 1
39 273 1
39 2450 1
39 2435 1
39 2452 1
39 1429 1
39 2454 1
39 2071 1
39 2456 1
39 921 1
39 2458 1
39 2459 1
39 1308 1
39 1821 1
39 1054 1
39 1183 1
39 2209 1
39 2338 1
39 424 1
39 1714 1
39 1974 1
39 2164 1
39 571 1
39 2442 1
39 2451 1
39 2457 1
39 1603 1
39 196 1
39 118 1
39 2118 1
39 2453 1
39 2448 1
39 714 1
39 2379 1
39 2253 1
39 1488 1
39 1873 1
39 853 1
39 1369 1
39 2455 1
39 988 1
39 349 1
39 1246 1
39 1119 1
39 2449 1
39 2424 1
39 2427 1
39 2023 1
39 1768 1
39 498 1
39 2436 1
39 2420 1
39 2421 1
39 2422 1
39 2423 1
39 2296 1
39 2425 1
39 2426 1
39 1659 1
39 2428 1
39 2429 1
39 2430 1
39 2431 1
40 644 1
40 1925 1
40 2497 1
40 1547 1
40 785 1
40 274 1
40 2483 1
40 1430 1
40 2072 1
40 922 1
40 2479 1
40 2460 1
40 2461 1
40 1822 1
40 1055 1
40 1184 1
40 2465 1
40 2210 1
40 2339 1
40 2468 1
40 2469 1
40 2470 1
40 2471 1
40 2472 1
40 425 1
40 2474 1
40 2475 1
40 2476 1
40 2477 1
40 2478 1
40 1309 1
40 2480 1
40 2481 1
40 2482 1
40 1715 1
40 2484 1
40 2462 1
40 2486 1
40 1975 1
40 2488 1
40 2489 1
40 2490 1
40 2463 1
40 572 1
40 2493 1
40 2494 1
40 2485 1
40 2496 1
40 2464 1
40 2498 1
40 1604 1
40 197 1
40 2119 1
40 2473 1
40 715 1
40 2380 1
40 2466 1
40 2254 1
40 1489 1
40 1874 1
40 2467 1
40 854 1
40 1370 1
40 2492 1
40 2487 1
40 989 1
40 350 1
40 1247 1
40 1120 1
40 2491 1
40 2024 1
40 1769 1
40 499 1
40 2420 1
40 2165 1
40 119 1
40 2297 1
40 2495 1
40 1660 1
41 645 1
41 1926 1
41 2519 1
41 1548 1
41 786 1
41 275 1
41 2501 1
41 2511 1
41 1431 1
41 2073 1
41 923 1
41 2460 1
41 2522 1
41 1310 1
41 1823 1
41 1056 1
41 1185 1
41 2211 1
41 2340 1
41 2502 1
41 426 1
41 2504 1
41 2529 1
41 1716 1
41 2526 1
41 1976 1
41 2527 1
41 2508 1
41 573 1
41 2528 1
41 2499 1
41 2500 1
41 1605 1
41 198 1
41 2503 1
41 2120 1
41 2505 1
41 2506 1
41 2507 1
41 716 1
41 2381 1
41 2510 1
41 2255 1
41 2512 1
41 2513 1
41 1490 1
41 1875 1
41 2516 1
41 2517 1
41 2518 1
41 855 1
41 2520 1
41 2521 1
41 2509 1
41 1371 1
41 2524 1
41 2525 1
41 990 1
41 351 1
41 1248 1
41 1121 1
41 2530 1
41 2531 1
41 2532 1
41 2533 1
41 2534 1
41 2535 1
41 2536 1
41 2025 1
41 1770 1
41 2514 1
41 2515 1
41 500 1
41 2421 1
41 2166 1
41 120 1
41 2298 1
41 1661 1
41 2523 1
42 2560 1
42 2561 1
42 2562 1
42 2539 1
42 2564 1
42 2565 1
42 646 1
42 1927 1
42 2568 1
42 2569 1
42 2566 1
42 2571 1
42 2572 1
42 1549 1
42 787 1
42 276 1
42 1432 1
42 2558 1
42 2074 1
42 924 1
42 2461 1
42 1311 1
42 1824 1
42 1057 1
42 1186 1
42 2212 1
42 2341 1
42 2567 1
42 427 1
42 2563 1
42 1717 1
42 1977 1
42 2570 1
42 574 1
42 2549 1
42 2499 1
42 2550 1
42 1606 1
42 199 1
42 2121 1
42 2551 1
42 717 1
42 2382 1
42 2573 1
42 2256 1
42 1491 1
42 1876 1
42 2553 1
42 856 1
42 1372 1
42 991 1
42 352 1
42 1249 1
42 1122 1
42 2555 1
42 2557 1
42 2537 1
42 2026 1
42 1771 1
42 2540 1
42 2541 1
42 2542 1
42 2543 1
42 2544 1
42 2545 1
42 2546 1
42 2547 1
42 2548 1
42 501 1
42 2422 1
42 2167 1
42 2552 1
42 121 1
42 2554 1
42 2299 1
42 2556 1
42 2538 1
42 1662 1
42 2559 1
43 2587 1
43 647 1
43 1928 1
43 2604 1
43 2593 1
43 1550 1
43 2575 1
43 2576 1
43 2577 1
43 2578 1
43 2579 1
43 788 1
43 277 1
43 2582 1
43 2583 1
43 2584 1
43 1433 1
43 2586 1
43 2075 1
43 2588 1
43 925 1
43 2462 1
43 2591 1
43 1312 1
43 1825 1
43 1058 1
43 1187 1
43 2596 1
43 2213 1
43 2342 1
43 2599 1
43 2600 1
43 2601 1
43 2602 1
43 2603 1
43 428 1
43 2605 1
43 2606 1
43 2589 1
43 2608 1
43 2609 1
43 2590 1
43 1718 1
43 1978 1
43 575 1
43 2607 1
43 2592 1
43 2500 1
43 1607 1
43 200 1
43 2122 1
43 2598 1
43 2581 1
43 2594 1
43 718 1
43 2383 1
43 2257 1
43 2595 1
43 1492 1
43 1877 1
43 2585 1
43 857 1
43 1373 1
43 2597 1
43 992 1
43 353 1
43 1250 1
43 1123 1
43 2574 1
43 2537 1
43 2027 1
43 1772 1
43 502 1
43 2423 1
43 2168 1
43 2580 1
43 122 1
43 2300 1
43 1663 1
44 1664 1
44 2624 1
44 2625 1
44 648 1
44 1929 1
44 2574 1
44 1551 1
44 789 1
44 278 1
44 1434 1
44 2640 1
44 2076 1
44 926 1
44 2463 1
44 1313 1
44 1826 1
44 1059 1
44 1188 1
44 2214 1
44 2343 1
44 429 1
44 2632 1
44 2610 1
44 2611 1
44 2612 1
44 2613 1
44 2614 1
44 1719 1
44 2616 1
44 2617 1
44 2618 1
44 1979 1
44 2620 1
44 2621 1
44 2622 1
44 2623 1
44 576 1
44 2619 1
44 2626 1
44 2627 1
44 2628 1
44 2501 1
44 2630 1
44 2631 1
44 1608 1
44 201 1
44 2634 1
44 2123 1
44 2636 1
44 2637 1
44 2638 1
44 719 1
44 2384 1
44 2641 1
44 2258 1
44 2643 1
44 2644 1
44 1493 1
44 1878 1
44 858 1
44 2639 1
44 1374 1
44 993 1
44 354 1
44 1251 1
44 1124 1
44 2633 1
44 2538 1
44 2635 1
44 2028 1
44 1773 1
44 2629 1
44 2615 1
44 2642 1
44 503 1
44 2424 1
44 2169 1
44 123 1
44 2301 1
45 1665 1
45 2651 1
45 2667 1
45 2646 1
45 649 1
45 1930 1
45 2647 1
45 2575 1
45 1552 1
45 2660 1
45 2670 1
45 790 1
45 279 1
45 1435 1
45 2077 1
45 2669 1
45 927 1
45 2464 1
45 1314 1
45 1827 1
45 1060 1
45 1189 1
45 2215 1
45 2344 1
45 430 1
45 2661 1
45 2610 1
45 2675 1
45 1720 1
45 2655 1
45 1980 1
45 577 1
45 2502 1
45 1609 1
45 202 1
45 2124 1
45 2658 1
45 720 1
45 2385 1
45 2259 1
45 2645 1
45 1494 1
45 1879 1
45 2648 1
45 2649 1
45 2650 1
45 859 1
45 2652 1
45 2653 1
45 2654 1
45 1375 1
45 2656 1
45 2657 1
45 994 1
45 355 1
45 1252 1
45 1125 1
45 2662 1
45 2663 1
45 2664 1
45 2665 1
45 2666 1
45 2539 1
45 2668 1
45 2029 1
45 1774 1
45 2671 1
45 2672 1
45 2673 1
45 2674 1
45 2659 1
45 2676 1
45 2677 1
45 2678 1
45 504 1
45 2425 1
45 2170 1
45 124 1
45 2302 1
46 2688 1
46 2689 1
46 1666 1
46 2691 1
46 2692 1
46 2693 1
46 2694 1
46 2681 1
46 2696 1
46 2697 1
46 650 1
46 1931 1
46 2700 1
46 2690 1
46 2702 1
46 2703 1
46 2576 1
46 1553 1
46 2706 1
46 2707 1
46 2708 1
46 2709 1
46 2710 1
46 791 1
46 280 1
46 1436 1
46 2078 1
46 928 1
46 2465 1
46 1315 1
46 1828 1
46 1061 1
46 1190 1
46 2216 1
46 2345 1
46 2695 1
46 431 1
46 2611 1
46 2699 1
46 1721 1
46 2687 1
46 2711 1
46 1981 1
46 2698 1
46 578 1
46 2683 1
46 2503 1
46 1610 1
46 203 1
46 2125 1
46 2701 1
46 721 1
46 2386 1
46 2260 1
46 2645 1
46 1495 1
46 1880 1
46 860 1
46 2682 1
46 1376 1
46 2704 1
46 995 1
46 356 1
46 1253 1
46 1126 1
46 2705 1
46 2540 1
46 2030 1
46 1775 1
46 2686 1
46 2679 1
46 2680 1
46 505 1
46 2426 1
46 2171 1
46 2684 1
46 125 1
46 2685 1
46 2303 1
47 2304 1
47 1667 1
47 651 1
47 1932 1
47 2577 1
47 1554 1
47 2724 1
47 2713 1
47 792 1
47 281 1
47 2714 1
47 2715 1
47 2716 1
47 1437 1
47 2718 1
47 2079 1
47 2712 1
47 929 1
47 2466 1
47 2723 1
47 1316 1
47 1829 1
47 1062 1
47 1191 1
47 2728 1
47 2217 1
47 2346 1
47 2731 1
47 2732 1
47 2733 1
47 2734 1
47 2717 1
47 432 1
47 2737 1
47 2738 1
47 2739 1
47 2612 1
47 2741 1
47 2742 1
47 2743 1
47 2740 1
47 1722 1
47 2719 1
47 1982 1
47 2720 1
47 579 1
47 2721 1
47 2504 1
47 1611 1
47 204 1
47 2722 1
47 2126 1
47 2726 1
47 2729 1
47 722 1
47 2387 1
47 2735 1
47 2261 1
47 2646 1
47 1496 1
47 1881 1
47 861 1
47 2725 1
47 1377 1
47 996 1
47 357 1
47 1254 1
47 1127 1
47 2736 1
47 2727 1
47 2541 1
47 2031 1
47 1776 1
47 2679 1
47 506 1
47 2427 1
47 2172 1
47 2730 1
47 126 1
48 2305 1
48 1668 1
48 2764 1
48 652 1
48 1933 1
48 2578 1
48 1555 1
48 2712 1
48 793 1
48 282 1
48 2773 1
48 1438 1
48 2080 1
48 930 1
48 2467 1
48 1317 1
48 1830 1
48 1063 1
48 1192 1
48 2218 1
48 2347 1
48 433 1
48 2774 1
48 2751 1
48 2613 1
48 2761 1
48 2744 1
48 2745 1
48 2746 1
48 1723 1
48 2748 1
48 2749 1
48 2750 1
48 1983 1
48 2752 1
48 2753 1
48 2754 1
48 2755 1
48 580 1
48 2757 1
48 2758 1
48 2759 1
48 2760 1
48 2505 1
48 2762 1
48 2763 1
48 1612 1
48 205 1
48 2766 1
48 2127 1
48 2768 1
48 2769 1
48 2770 1
48 723 1
48 2388 1
48 2756 1
48 2262 1
48 2647 1
48 1497 1
48 1882 1
48 2767 1
48 862 1
48 1378 1
48 2747 1
48 997 1
48 358 1
48 1255 1
48 1128 1
48 2765 1
48 2542 1
48 2032 1
48 1777 1
48 2771 1
48 2680 1
48 2772 1
48 507 1
48 2428 1
48 2173 1
48 127 1
49 128 1
49 2306 1
49 2795 1
49 1669 1
49 2779 1
49 2801 1
49 2775 1
49 653 1
49 1934 1
49 2776 1
49 2579 1
49 1556 1
49 2713 1
49 794 1
49 283 1
49 2778 1
49 1439 1
49 2081 1
49 931 1
49 2468 1
49 1318 1
49 1831 1
49 1064 1
49 1193 1
49 2219 1
49 2348 1
49 2802 1
49 434 1
49 2799 1
49 2614 1
49 2744 1
49 2783 1
49 1724 1
49 1984 1
49 2792 1
49 581 1
49 2506 1
49 1613 1
49 206 1
49 2128 1
49 2790 1
49 2787 1
49 724 1
49 2389 1
49 2263 1
49 2648 1
49 2777 1
49 1498 1
49 1883 1
49 2780 1
49 2781 1
49 2782 1
49 863 1
49 2784 1
49 2785 1
49 2786 1
49 1379 1
49 2788 1
49 2789 1
49 998 1
49 359 1
49 1256 1
49 1129 1
49 2794 1
49 2791 1
49 2796 1
49 2797 1
49 2798 1
49 2543 1
49 2800 1
49 2033 1
49 1778 1
49 2803 1
49 2804 1
49 2793 1
49 2681 1
49 508 1
49 2429 1
49 2174 1
50 2816 1
50 129 1
50 2818 1
50 2307 1
50 2820 1
50 2821 1
50 1670 1
50 2817 1
50 2824 1
50 2825 1
50 2826 1
50 2827 1
50 2828 1
50 2829 1
50 654 1
50 1935 1
50 2832 1
50 2833 1
50 2822 1
50 2819 1
50 2580 1
50 1557 1
50 2714 1
50 795 1
50 284 1
50 1440 1
50 2814 1
50 2082 1
50 2831 1
50 932 1
50 2469 1
50 1319 1
50 1832 1
50 1065 1
50 1194 1
50 2823 1
50 2220 1
50 2349 1
50 435 1
50 2615 1
50 2745 1
50 1725 1
50 2815 1
50 1985 1
50 2830 1
50 582 1
50 2507 1
50 1614 1
50 207 1
50 2129 1
50 725 1
50 2390 1
50 2775 1
50 2264 1
50 2649 1
50 1499 1
50 1884 1
50 2810 1
50 864 1
50 1380 1
50 999 1
50 360 1
50 1257 1
50 1130 1
50 2813 1
50 2544 1
50 2034 1
50 1779 1
50 2805 1
50 2806 1
50 2807 1
50 2808 1
50 2809 1
50 2682 1
50 2811 1
50 2812 1
50 509 1
50 2430 1
50 2175 1
51 2176 1
51 130 1
51 2859 1
51 2308 1
51 2838 1
51 1671 1
51 2843 1
51 655 1
51 1936 1
51 2834 1
51 2835 1
51 2836 1
51 2581 1
51 1558 1
51 2839 1
51 2840 1
51 2841 1
51 2842 1
51 2715 1
51 796 1
51 285 1
51 2846 1
51 2847 1
51 2848 1
51 1441 1
51 2850 1
51 2083 1
51 2852 1
51 933 1
51 2470 1
51 2855 1
51 1320 1
51 1833 1
51 1066 1
51 1195 1
51 2860 1
51 2221 1
51 2350 1
51 2845 1
51 436 1
51 2616 1
51 2854 1
51 2746 1
51 2861 1
51 2849 1
51 1726 1
51 2844 1
51 1986 1
51 583 1
51 2508 1
51 2856 1
51 1615 1
51 208 1
51 2130 1
51 2851 1
51 2837 1
51 726 1
51 2391 1
51 2776 1
51 2265 1
51 2650 1
51 1500 1
51 1885 1
51 2853 1
51 865 1
51 1381 1
51 1000 1
51 361 1
51 1258 1
51 1131 1
51 2545 1
51 2035 1
51 1780 1
51 2805 1
51 2857 1
51 2683 1
51 2858 1
51 510 1
51 2431 1
52 2432 1
52 2177 1
52 131 1
52 2309 1
52 1672 1
52 2873 1
52 2869 1
52 656 1
52 1937 1
52 2834 1
52 2883 1
52 2862 1
52 2582 1
52 1559 1
52 2863 1
52 2716 1
52 797 1
52 286 1
52 1442 1
52 2084 1
52 934 1
52 2471 1
52 1321 1
52 1834 1
52 1067 1
52 1196 1
52 2222 1
52 2351 1
52 2864 1
52 2865 1
52 2866 1
52 2867 1
52 2868 1
52 437 1
52 2870 1
52 2871 1
52 2872 1
52 2617 1
52 2874 1
52 2747 1
52 2876 1
52 2877 1
52 2878 1
52 1727 1
52 2880 1
52 2881 1
52 2882 1
52 1987 1
52 2884 1
52 2885 1
52 2886 1
52 2887 1
52 584 1
52 2509 1
52 1616 1
52 209 1
52 2131 1
52 727 1
52 2392 1
52 2777 1
52 2266 1
52 2651 1
52 1501 1
52 1886 1
52 2888 1
52 866 1
52 2875 1
52 1382 1
52 1001 1
52 362 1
52 1259 1
52 1132 1
52 2546 1
52 2036 1
52 1781 1
52 2806 1
52 2879 1
52 2684 1
52 511 1
53 512 1
53 2433 1
53 2178 1
53 132 1
53 2310 1
53 1673 1
53 2907 1
53 657 1
53 1938 1
53 2835 1
53 2905 1
53 2583 1
53 1560 1
53 2906 1
53 2717 1
53 798 1
53 287 1
53 1443 1
53 2085 1
53 935 1
53 2472 1
53 2908 1
53 1322 1
53 1835 1
53 1068 1
53 1197 1
53 2862 1
53 2223 1
53 2352 1
53 2910 1
53 438 1
53 2889 1
53 2618 1
53 2911 1
53 2748 1
53 2897 1
53 1728 1
53 2904 1
53 1988 1
53 585 1
53 2890 1
53 2891 1
53 2892 1
53 2893 1
53 2510 1
53 2895 1
53 2896 1
53 1617 1
53 210 1
53 2899 1
53 2132 1
53 2894 1
53 2902 1
53 2903 1
53 728 1
53 2393 1
53 2778 1
53 2267 1
53 2652 1
53 2909 1
53 1502 1
53 1887 1
53 2912 1
53 2913 1
53 2914 1
53 867 1
53 1383 1
53 1002 1
53 363 1
53 1260 1
53 1133 1
53 2547 1
53 2037 1
53 1782 1
53 2807 1
53 2900 1
53 2898 1
53 2685 1
53 2901 1
54 2916 1
54 513 1
54 2434 1
54 2179 1
54 133 1
54 2311 1
54 2924 1
54 1674 1
54 2925 1
54 658 1
54 1939 1
54 2836 1
54 2926 1
54 2584 1
54 1561 1
54 2923 1
54 2718 1
54 799 1
54 288 1
54 1444 1
54 2086 1
54 2929 1
54 936 1
54 2473 1
54 1323 1
54 1836 1
54 1069 1
54 1198 1
54 2863 1
54 2224 1
54 2353 1
54 2934 1
54 439 1
54 2932 1
54 2619 1
54 2749 1
54 1729 1
54 1989 1
54 2889 1
54 586 1
54 2935 1
54 2511 1
54 2936 1
54 1618 1
54 211 1
54 2133 1
54 729 1
54 2394 1
54 2779 1
54 2268 1
54 2653 1
54 1503 1
54 1888 1
54 2915 1
54 868 1
54 2917 1
54 2918 1
54 2919 1
54 1384 1
54 2921 1
54 2922 1
54 1003 1
54 364 1
54 1261 1
54 1134 1
54 2927 1
54 2928 1
54 2920 1
54 2930 1
54 2931 1
54 2548 1
54 2933 1
54 2038 1
54 1783 1
54 2808 1
54 2937 1
54 2938 1
54 2939 1
54 2686 1
55 2944 1
55 2945 1
55 514 1
55 2435 1
55 2180 1
55 2949 1
55 134 1
55 2951 1
55 2312 1
55 2953 1
55 2954 1
55 1675 1
55 2956 1
55 2946 1
55 2958 1
55 2959 1
55 2960 1
55 2961 1
55 2962 1
55 659 1
55 1940 1
55 2837 1
55 2950 1
55 2585 1
55 1562 1
55 2947 1
55 2719 1
55 800 1
55 289 1
55 1445 1
55 2087 1
55 937 1
55 2474 1
55 1324 1
55 1837 1
55 1070 1
55 1199 1
55 2864 1
55 2225 1
55 2354 1
55 440 1
55 2620 1
55 2750 1
55 1730 1
55 2955 1
55 2948 1
55 1990 1
55 2890 1
55 587 1
55 2957 1
55 2512 1
55 2952 1
55 1619 1
55 212 1
55 2134 1
55 730 1
55 2395 1
55 2780 1
55 2269 1
55 2654 1
55 1504 1
55 1889 1
55 2915 1
55 869 1
55 1385 1
55 1004 1
55 365 1
55 1262 1
55 1135 1
55 2963 1
55 2549 1
55 2039 1
55 1784 1
55 2809 1
55 2943 1
55 2940 1
55 2941 1
55 2942 1
55 2687 1
56 2688 1
56 515 1
56 2436 1
56 2181 1
56 135 1
56 2313 1
56 1676 1
56 660 1
56 1941 1
56 2838 1
56 2967 1
56 2968 1
56 2969 1
56 2586 1
56 1563 1
56 2972 1
56 2970 1
56 2974 1
56 2975 1
56 2720 1
56 801 1
56 290 1
56 2971 1
56 2980 1
56 2981 1
56 1446 1
56 2983 1
56 2088 1
56 2985 1
56 938 1
56 2475 1
56 2966 1
56 1325 1
56 1838 1
56 1071 1
56 1200 1
56 2865 1
56 2226 1
56 2355 1
56 441 1
56 2964 1
56 2621 1
56 2751 1
56 2976 1
56 1731 1
56 1991 1
56 2973 1
56 2891 1
56 588 1
56 2978 1
56 2513 1
56 2979 1
56 1620 1
56 213 1
56 2135 1
56 731 1
56 2396 1
56 2781 1
56 2270 1
56 2655 1
56 1505 1
56 1890 1
56 2916 1
56 2982 1
56 870 1
56 2977 1
56 1386 1
56 1005 1
56 366 1
56 1263 1
56 1136 1
56 2984 1
56 2550 1
56 2040 1
56 1785 1
56 2810 1
56 2940 1
56 2986 1
56 2965 1
57 2689 1
57 2987 1
57 516 1
57 2437 1
57 2182 1
57 136 1
57 2988 1
57 2314 1
57 1677 1
57 2992 1
57 2964 1
57 661 1
57 1942 1
57 2839 1
57 2587 1
57 1564 1
57 2721 1
57 802 1
57 291 1
57 1447 1
57 2993 1
57 2089 1
57 3002 1
57 939 1
57 2476 1
57 2989 1
57 1326 1
57 1839 1
57 1072 1
57 1201 1
57 2866 1
57 2227 1
57 2356 1
57 2997 1
57 2998 1
57 2999 1
57 3000 1
57 2996 1
57 442 1
57 3003 1
57 3004 1
57 3005 1
57 2622 1
57 2994 1
57 2752 1
57 1732 1
57 3007 1
57 2990 1
57 1992 1
57 2892 1
57 589 1
57 2514 1
57 2995 1
57 1621 1
57 214 1
57 3001 1
57 2136 1
57 732 1
57 2397 1
57 2782 1
57 2271 1
57 2656 1
57 1506 1
57 1891 1
57 3008 1
57 2917 1
57 871 1
57 1387 1
57 1006 1
57 367 1
57 1264 1
57 1137 1
57 3006 1
57 2551 1
57 2041 1
57 1786 1
57 2811 1
57 2991 1
57 2941 1
58 2690 1
58 517 1
58 2438 1
58 2183 1
58 137 1
58 2315 1
58 3009 1
58 1678 1
58 2965 1
58 662 1
58 1943 1
58 2840 1
58 2588 1
58 1565 1
58 3013 1
58 2722 1
58 803 1
58 292 1
58 1448 1
58 2090 1
58 2987 1
58 940 1
58 2477 1
58 1327 1
58 1840 1
58 1073 1
58 1202 1
58 2867 1
58 2228 1
58 2357 1
58 3017 1
58 443 1
58 2623 1
58 2753 1
58 3010 1
58 3011 1
58 3012 1
58 1733 1
58 3014 1
58 3015 1
58 3016 1
58 1993 1
58 3018 1
58 3019 1
58 3020 1
58 2893 1
58 590 1
58 3021 1
58 3024 1
58 3025 1
58 3026 1
58 2515 1
58 3028 1
58 3022 1
58 1622 1
58 215 1
58 2137 1
58 3023 1
58 733 1
58 2398 1
58 2783 1
58 2272 1
58 2657 1
58 1507 1
58 1892 1
58 2918 1
58 872 1
58 1388 1
58 1007 1
58 368 1
58 1265 1
58 1138 1
58 3027 1
58 2552 1
58 2042 1
58 1787 1
58 2812 1
58 2942 1
58 3029 1
59 3034 1
59 3049 1
59 2691 1
59 518 1
59 2439 1
59 2184 1
59 138 1
59 3031 1
59 2316 1
59 1679 1
59 3032 1
59 3044 1
59 3048 1
59 2966 1
59 663 1
59 1944 1
59 2841 1
59 2589 1
59 1566 1
59 2723 1
59 804 1
59 293 1
59 1449 1
59 3045 1
59 2091 1
59 2988 1
59 941 1
59 2478 1
59 1328 1
59 1841 1
59 1074 1
59 1203 1
59 2868 1
59 2229 1
59 2358 1
59 3039 1
59 444 1
59 2624 1
59 3009 1
59 2754 1
59 1734 1
59 3041 1
59 1994 1
59 3042 1
59 2894 1
59 591 1
59 2516 1
59 3030 1
59 1623 1
59 216 1
59 3033 1
59 2138 1
59 3035 1
59 3036 1
59 3037 1
59 734 1
59 2399 1
59 2784 1
59 2273 1
59 2658 1
59 3043 1
59 1508 1
59 1893 1
59 3046 1
59 2919 1
59 3038 1
59 873 1
59 3040 1
59 1389 1
59 1008 1
59 369 1
59 1266 1
59 1139 1
59 3047 1
59 2553 1
59 2043 1
59 1788 1
59 2813 1
59 2943 1
60 2944 1
60 2692 1
60 519 1
60 2440 1
60 2185 1
60 139 1
60 2317 1
60 1680 1
60 3054 1
60 2967 1
60 664 1
60 1945 1
60 2842 1
60 2590 1
60 1567 1
60 2724 1
60 805 1
60 294 1
60 3057 1
60 1450 1
60 2092 1
60 2989 1
60 942 1
60 2479 1
60 1329 1
60 1842 1
60 1075 1
60 1204 1
60 2869 1
60 2230 1
60 2359 1
60 3060 1
60 445 1
60 2625 1
60 3010 1
60 2755 1
60 1735 1
60 3058 1
60 1995 1
60 2895 1
60 592 1
60 3050 1
60 2517 1
60 3030 1
60 1624 1
60 217 1
60 2139 1
60 3066 1
60 3059 1
60 735 1
60 2400 1
60 2785 1
60 2274 1
60 2659 1
60 1509 1
60 1894 1
60 2920 1
60 3068 1
60 874 1
60 3051 1
60 3052 1
60 3053 1
60 1390 1
60 3055 1
60 3056 1
60 1009 1
60 370 1
60 1267 1
60 1140 1
60 3061 1
60 3062 1
60 3063 1
60 3064 1
60 3065 1
60 2554 1
60 3067 1
60 2044 1
60 1789 1
60 2814 1
61 3072 1
61 2945 1
61 3074 1
61 3075 1
61 3076 1
61 2693 1
61 3078 1
61 3073 1
61 520 1
61 2441 1
61 2186 1
61 3069 1
61 140 1
61 3085 1
61 2318 1
61 1681 1
61 2968 1
61 665 1
61 1946 1
61 2843 1
61 3079 1
61 2591 1
61 1568 1
61 2725 1
61 806 1
61 295 1
61 3070 1
61 1451 1
61 2093 1
61 2990 1
61 943 1
61 2480 1
61 3080 1
61 1330 1
61 1843 1
61 1076 1
61 1205 1
61 2870 1
61 2231 1
61 2360 1
61 3082 1
61 446 1
61 2626 1
61 3011 1
61 2756 1
61 3083 1
61 3071 1
61 1736 1
61 3084 1
61 3081 1
61 1996 1
61 2896 1
61 593 1
61 3086 1
61 2518 1
61 3031 1
61 1625 1
61 218 1
61 2140 1
61 736 1
61 2401 1
61 2786 1
61 2275 1
61 2660 1
61 1510 1
61 1895 1
61 2921 1
61 3050 1
61 875 1
61 1391 1
61 1010 1
61 371 1
61 1268 1
61 1141 1
61 2555 1
61 3077 1
61 2045 1
61 1790 1
61 2815 1
62 2816 1
62 3101 1
62 2946 1
62 2694 1
62 521 1
62 2442 1
62 2187 1
62 141 1
62 2319 1
62 3088 1
62 3089 1
62 1682 1
62 3091 1
62 3092 1
62 3093 1
62 3094 1
62 3095 1
62 3096 1
62 2969 1
62 666 1
62 1947 1
62 2844 1
62 3098 1
62 3102 1
62 3103 1
62 2592 1
62 1569 1
62 3099 1
62 2726 1
62 807 1
62 296 1
62 3100 1
62 1452 1
62 2094 1
62 2991 1
62 944 1
62 2481 1
62 1331 1
62 1844 1
62 1077 1
62 1206 1
62 2871 1
62 2232 1
62 2361 1
62 447 1
62 2627 1
62 3012 1
62 2757 1
62 1737 1
62 3087 1
62 1997 1
62 2897 1
62 594 1
62 3097 1
62 2519 1
62 3032 1
62 1626 1
62 219 1
62 2141 1
62 737 1
62 2402 1
62 2787 1
62 2276 1
62 2661 1
62 1511 1
62 1896 1
62 2922 1
62 3051 1
62 876 1
62 3090 1
62 1392 1
62 1011 1
62 372 1
62 1269 1
62 1142 1
62 2556 1
62 3069 1
62 2046 1
62 1791 1
63 1792 1
63 2817 1
63 2947 1
63 2695 1
63 522 1
63 2443 1
63 2188 1
63 3113 1
63 142 1
63 3087 1
63 2320 1
63 3119 1
63 1683 1
63 3112 1
63 2970 1
63 667 1
63 1948 1
63 2845 1
63 3104 1
63 2593 1
63 1570 1
63 3107 1
63 3108 1
63 3109 1
63 3110 1
63 2727 1
63 808 1
63 297 1
63 3114 1
63 3115 1
63 3116 1
63 1453 1
63 3118 1
63 2095 1
63 2992 1
63 945 1
63 2482 1
63 1332 1
63 1845 1
63 1078 1
63 1207 1
63 2872 1
63 2233 1
63 2362 1
63 448 1
63 2628 1
63 3013 1
63 2758 1
63 3105 1
63 1738 1
63 3106 1
63 1998 1
63 2898 1
63 595 1
63 2520 1
63 3033 1
63 1627 1
63 220 1
63 2142 1
63 738 1
63 2403 1
63 2788 1
63 2277 1
63 2662 1
63 1512 1
63 1897 1
63 2923 1
63 3052 1
63 877 1
63 1393 1
63 1012 1
63 373 1
63 1270 1
63 1143 1
63 3111 1
63 3117 1
63 2557 1
63 3070 1
63 2047 1
64 2048 1
64 1793 1
64 2818 1
64 3130 1
64 2948 1
64 2696 1
64 523 1
64 2444 1
64 2189 1
64 143 1
64 3088 1
64 2321 1
64 1684 1
64 3131 1
64 2971 1
64 668 1
64 1949 1
64 2846 1
64 3104 1
64 3120 1
64 2594 1
64 1571 1
64 3121 1
64 2728 1
64 809 1
64 298 1
64 3126 1
64 3122 1
64 1454 1
64 2096 1
64 2993 1
64 946 1
64 2483 1
64 3124 1
64 1333 1
64 1846 1
64 1079 1
64 1208 1
64 2873 1
64 2234 1
64 2363 1
64 3132 1
64 3133 1
64 3134 1
64 3125 1
64 449 1
64 2629 1
64 3014 1
64 2759 1
64 1739 1
64 3127 1
64 1999 1
64 3128 1
64 2899 1
64 596 1
64 3129 1
64 2521 1
64 3034 1
64 1628 1
64 221 1
64 2143 1
64 3123 1
64 739 1
64 2404 1
64 2789 1
64 2278 1
64 2663 1
64 1513 1
64 1898 1
64 2924 1
64 3053 1
64 878 1
64 1394 1
64 1013 1
64 374 1
64 1271 1
64 1144 1
64 2558 1
64 3071 1
65 3072 1
65 2049 1
65 1794 1
65 2819 1
65 2949 1
65 2697 1
65 524 1
65 2445 1
65 2190 1
65 144 1
65 3089 1
65 2322 1
65 3148 1
65 1685 1
65 3138 1
65 2972 1
65 669 1
65 1950 1
65 2847 1
65 3105 1
65 2595 1
65 1572 1
65 3142 1
65 3143 1
65 2729 1
65 810 1
65 299 1
65 1455 1
65 3120 1
65 2097 1
65 2994 1
65 947 1
65 2484 1
65 1334 1
65 1847 1
65 1080 1
65 1209 1
65 2874 1
65 2235 1
65 2364 1
65 3135 1
65 3136 1
65 3137 1
65 450 1
65 3139 1
65 3140 1
65 3141 1
65 2630 1
65 3015 1
65 2760 1
65 3145 1
65 3146 1
65 3147 1
65 1740 1
65 2000 1
65 2900 1
65 597 1
65 3144 1
65 2522 1
65 3035 1
65 1629 1
65 222 1
65 2144 1
65 740 1
65 2405 1
65 2790 1
65 2279 1
65 2664 1
65 1514 1
65 1899 1
65 2925 1
65 3054 1
65 879 1
65 1395 1
65 1014 1
65 375 1
65 1272 1
65 1145 1
65 2559 1
66 2560 1
66 3073 1
66 2050 1
66 1795 1
66 2820 1
66 3158 1
66 2950 1
66 2698 1
66 3153 1
66 525 1
66 2446 1
66 2191 1
66 145 1
66 3090 1
66 2323 1
66 1686 1
66 2973 1
66 670 1
66 1951 1
66 2848 1
66 3106 1
66 2596 1
66 1573 1
66 2730 1
66 811 1
66 300 1
66 3151 1
66 1456 1
66 3121 1
66 2098 1
66 2995 1
66 948 1
66 2485 1
66 1335 1
66 1848 1
66 1081 1
66 1210 1
66 2875 1
66 2236 1
66 2365 1
66 3135 1
66 451 1
66 2631 1
66 3016 1
66 2761 1
66 1741 1
66 3150 1
66 3149 1
66 3152 1
66 2001 1
66 3154 1
66 3155 1
66 3156 1
66 2901 1
66 598 1
66 3159 1
66 3160 1
66 3161 1
66 2523 1
66 3036 1
66 1630 1
66 223 1
66 2145 1
66 741 1
66 2406 1
66 2791 1
66 2280 1
66 2665 1
66 1515 1
66 1900 1
66 2926 1
66 3055 1
66 880 1
66 1396 1
66 1015 1
66 376 1
66 1273 1
66 1146 1
66 3157 1
67 2561 1
67 3074 1
67 2051 1
67 1796 1
67 2821 1
67 2951 1
67 3167 1
67 2699 1
67 526 1
67 2447 1
67 2192 1
67 146 1
67 3091 1
67 2324 1
67 1687 1
67 2974 1
67 671 1
67 1952 1
67 2849 1
67 3107 1
67 2597 1
67 1574 1
67 3164 1
67 2731 1
67 812 1
67 301 1
67 3165 1
67 1457 1
67 3122 1
67 2099 1
67 2996 1
67 949 1
67 2486 1
67 1336 1
67 1849 1
67 1082 1
67 1211 1
67 2876 1
67 2237 1
67 2366 1
67 3173 1
67 3136 1
67 3168 1
67 452 1
67 2632 1
67 3017 1
67 2762 1
67 3149 1
67 1742 1
67 2002 1
67 2902 1
67 599 1
67 3162 1
67 3163 1
67 2524 1
67 3037 1
67 3166 1
67 1631 1
67 224 1
67 3169 1
67 2146 1
67 3171 1
67 3172 1
67 3170 1
67 742 1
67 2407 1
67 2792 1
67 2281 1
67 2666 1
67 1516 1
67 1901 1
67 2927 1
67 3056 1
67 881 1
67 1397 1
67 1016 1
67 377 1
67 1274 1
67 1147 1
68 2562 1
68 3075 1
68 2052 1
68 1797 1
68 2822 1
68 2952 1
68 3184 1
68 2700 1
68 527 1
68 2448 1
68 2193 1
68 147 1
68 3092 1
68 2325 1
68 1688 1
68 3176 1
68 3175 1
68 2975 1
68 672 1
68 1953 1
68 2850 1
68 3108 1
68 2598 1
68 1575 1
68 2732 1
68 813 1
68 302 1
68 3181 1
68 1458 1
68 3123 1
68 2100 1
68 2997 1
68 950 1
68 2487 1
68 1337 1
68 1850 1
68 1083 1
68 1212 1
68 2877 1
68 2238 1
68 2367 1
68 3137 1
68 453 1
68 2633 1
68 3018 1
68 2763 1
68 3182 1
68 3150 1
68 1743 1
68 2003 1
68 2903 1
68 600 1
68 3162 1
68 2525 1
68 3038 1
68 1632 1
68 225 1
68 2147 1
68 3174 1
68 743 1
68 2408 1
68 2793 1
68 2282 1
68 2667 1
68 3180 1
68 1517 1
68 1902 1
68 3183 1
68 2928 1
68 3057 1
68 882 1
68 3179 1
68 1398 1
68 3177 1
68 1017 1
68 378 1
68 1275 1
68 1148 1
68 3178 1
69 2563 1
69 3076 1
69 2053 1
69 1798 1
69 2823 1
69 2953 1
69 2701 1
69 528 1
69 2449 1
69 2194 1
69 148 1
69 3093 1
69 2326 1
69 1689 1
69 2976 1
69 673 1
69 1954 1
69 2851 1
69 3109 1
69 2599 1
69 1576 1
69 2733 1
69 814 1
69 303 1
69 1459 1
69 3124 1
69 2101 1
69 2998 1
69 951 1
69 2488 1
69 1338 1
69 1851 1
69 1084 1
69 1213 1
69 2878 1
69 2239 1
69 2368 1
69 3138 1
69 3186 1
69 454 1
69 3185 1
69 2634 1
69 3019 1
69 2764 1
69 3151 1
69 1744 1
69 3192 1
69 2004 1
69 2904 1
69 601 1
69 3163 1
69 3194 1
69 2526 1
69 3039 1
69 1633 1
69 226 1
69 3187 1
69 2148 1
69 3174 1
69 744 1
69 2409 1
69 2794 1
69 2283 1
69 2668 1
69 1518 1
69 1903 1
69 2929 1
69 3058 1
69 883 1
69 3188 1
69 3189 1
69 3190 1
69 1399 1
69 3191 1
69 3193 1
69 1018 1
69 379 1
69 1276 1
69 1149 1
70 3200 1
70 3201 1
70 3202 1
70 3203 1
70 2564 1
70 3077 1
70 2054 1
70 1799 1
70 2824 1
70 2954 1
70 2702 1
70 3197 1
70 529 1
70 2450 1
70 2195 1
70 149 1
70 3094 1
70 2327 1
70 1690 1
70 3196 1
70 2977 1
70 674 1
70 1955 1
70 2852 1
70 3110 1
70 2600 1
70 1577 1
70 2734 1
70 815 1
70 304 1
70 1460 1
70 3125 1
70 2102 1
70 2999 1
70 952 1
70 2489 1
70 1339 1
70 1852 1
70 1085 1
70 1214 1
70 2879 1
70 2240 1
70 2369 1
70 3139 1
70 455 1
70 2635 1
70 3020 1
70 2765 1
70 3152 1
70 1745 1
70 3195 1
70 2005 1
70 2905 1
70 602 1
70 3164 1
70 2527 1
70 3040 1
70 1634 1
70 227 1
70 2149 1
70 3175 1
70 745 1
70 2410 1
70 2795 1
70 2284 1
70 2669 1
70 1519 1
70 1904 1
70 3185 1
70 2930 1
70 3059 1
70 884 1
70 3198 1
70 1400 1
70 1019 1
70 380 1
70 1277 1
70 1150 1
70 3199 1
71 3204 1
71 2565 1
71 3078 1
71 2055 1
71 1800 1
71 2825 1
71 3210 1
71 2955 1
71 2703 1
71 530 1
71 2451 1
71 2196 1
71 150 1
71 3095 1
71 2328 1
71 1691 1
71 3206 1
71 3205 1
71 2978 1
71 675 1
71 1956 1
71 2853 1
71 3111 1
71 2601 1
71 1578 1
71 3207 1
71 2735 1
71 816 1
71 305 1
71 1461 1
71 3126 1
71 2103 1
71 3000 1
71 953 1
71 2490 1
71 1340 1
71 1853 1
71 1086 1
71 1215 1
71 2880 1
71 2241 1
71 2370 1
71 3211 1
71 3140 1
71 3208 1
71 456 1
71 2636 1
71 3021 1
71 2766 1
71 3153 1
71 1746 1
71 2006 1
71 2906 1
71 603 1
71 3165 1
71 2528 1
71 3041 1
71 1635 1
71 228 1
71 2150 1
71 3176 1
71 746 1
71 2411 1
71 2796 1
71 2285 1
71 2670 1
71 1520 1
71 1905 1
71 3186 1
71 2931 1
71 3060 1
71 885 1
71 3209 1
71 1401 1
71 3195 1
71 1020 1
71 381 1
71 1278 1
71 1151 1
72 1152 1
72 3204 1
72 2566 1
72 3079 1
72 2056 1
72 1801 1
72 2826 1
72 2956 1
72 3213 1
72 3214 1
72 3215 1
72 2704 1
72 3217 1
72 3218 1
72 531 1
72 2452 1
72 2197 1
72 151 1
72 3096 1
72 2329 1
72 1692 1
72 3212 1
72 2979 1
72 676 1
72 1957 1
72 2854 1
72 3112 1
72 2602 1
72 1579 1
72 2736 1
72 817 1
72 306 1
72 1462 1
72 3127 1
72 2104 1
72 3001 1
72 954 1
72 2491 1
72 1341 1
72 1854 1
72 1087 1
72 1216 1
72 2881 1
72 2242 1
72 2371 1
72 3141 1
72 457 1
72 3216 1
72 2637 1
72 3022 1
72 2767 1
72 3154 1
72 1747 1
72 2007 1
72 2907 1
72 604 1
72 3166 1
72 2529 1
72 3042 1
72 1636 1
72 229 1
72 2151 1
72 3177 1
72 747 1
72 2412 1
72 2797 1
72 2286 1
72 2671 1
72 1521 1
72 1906 1
72 3187 1
72 2932 1
72 3061 1
72 886 1
72 1402 1
72 3196 1
72 1021 1
72 382 1
72 1279 1
73 1280 1
73 1153 1
73 3205 1
73 2567 1
73 3080 1
73 2057 1
73 1802 1
73 2827 1
73 3212 1
73 2957 1
73 2705 1
73 3219 1
73 532 1
73 2453 1
73 2198 1
73 3223 1
73 152 1
73 3097 1
73 2330 1
73 1693 1
73 2980 1
73 677 1
73 1958 1
73 2855 1
73 3113 1
73 2603 1
73 1580 1
73 3224 1
73 2737 1
73 818 1
73 307 1
73 1463 1
73 3128 1
73 2105 1
73 3002 1
73 955 1
73 2492 1
73 1342 1
73 1855 1
73 1088 1
73 1217 1
73 2882 1
73 2243 1
73 2372 1
73 3142 1
73 458 1
73 2638 1
73 3023 1
73 2768 1
73 3155 1
73 1748 1
73 2008 1
73 2908 1
73 605 1
73 3167 1
73 3221 1
73 2530 1
73 3043 1
73 1637 1
73 230 1
73 2152 1
73 3178 1
73 748 1
73 2413 1
73 2798 1
73 2287 1
73 2672 1
73 1522 1
73 1907 1
73 3188 1
73 2933 1
73 3062 1
73 887 1
73 3220 1
73 3222 1
73 1403 1
73 3197 1
73 1022 1
73 383 1
74 384 1
74 1281 1
74 1154 1
74 3206 1
74 2568 1
74 3081 1
74 2058 1
74 1803 1
74 2828 1
74 3213 1
74 2958 1
74 2706 1
74 3219 1
74 533 1
74 2454 1
74 2199 1
74 153 1
74 3098 1
74 2331 1
74 3228 1
74 3226 1
74 1694 1
74 3227 1
74 2981 1
74 678 1
74 1959 1
74 2856 1
74 3114 1
74 2604 1
74 1581 1
74 3229 1
74 2738 1
74 819 1
74 308 1
74 1464 1
74 3129 1
74 2106 1
74 3003 1
74 956 1
74 2493 1
74 1343 1
74 1856 1
74 1089 1
74 1218 1
74 2883 1
74 2244 1
74 2373 1
74 3143 1
74 459 1
74 2639 1
74 3024 1
74 2769 1
74 3156 1
74 1749 1
74 3225 1
74 2009 1
74 2909 1
74 606 1
74 3168 1
74 2531 1
74 3044 1
74 1638 1
74 231 1
74 2153 1
74 3179 1
74 749 1
74 2414 1
74 2799 1
74 2288 1
74 2673 1
74 1523 1
74 1908 1
74 3189 1
74 2934 1
74 3063 1
74 888 1
74 1404 1
74 3198 1
74 1023 1
75 1024 1
75 385 1
75 1282 1
75 1155 1
75 3207 1
75 2569 1
75 3082 1
75 2059 1
75 1804 1
75 2829 1
75 3214 1
75 2959 1
75 2707 1
75 3220 1
75 534 1
75 2455 1
75 2200 1
75 3225 1
75 154 1
75 3099 1
75 2332 1
75 3230 1
75 1695 1
75 3232 1
75 3233 1
75 2982 1
75 679 1
75 1960 1
75 2857 1
75 3115 1
75 2605 1
75 1582 1
75 2739 1
75 820 1
75 309 1
75 1465 1
75 3130 1
75 2107 1
75 3004 1
75 957 1
75 2494 1
75 1344 1
75 1857 1
75 1090 1
75 1219 1
75 2884 1
75 2245 1
75 2374 1
75 3144 1
75 460 1
75 2640 1
75 3025 1
75 2770 1
75 3157 1
75 1750 1
75 2010 1
75 3231 1
75 2910 1
75 607 1
75 3169 1
75 2532 1
75 3045 1
75 1639 1
75 232 1
75 2154 1
75 3180 1
75 750 1
75 2415 1
75 2800 1
75 2289 1
75 2674 1
75 1524 1
75 1909 1
75 3190 1
75 2935 1
75 3064 1
75 889 1
75 1405 1
75 3199 1
76 3200 1
76 1025 1
76 386 1
76 1283 1
76 1156 1
76 3208 1
76 2570 1
76 3083 1
76 2060 1
76 1805 1
76 2830 1
76 3215 1
76 2960 1
76 2708 1
76 3221 1
76 535 1
76 2456 1
76 2201 1
76 3226 1
76 155 1
76 3100 1
76 2333 1
76 3230 1
76 1696 1
76 3234 1
76 3235 1
76 3236 1
76 2983 1
76 680 1
76 1961 1
76 2858 1
76 3116 1
76 2606 1
76 1583 1
76 2740 1
76 821 1
76 310 1
76 1466 1
76 3131 1
76 2108 1
76 3005 1
76 958 1
76 2495 1
76 1345 1
76 1858 1
76 1091 1
76 1220 1
76 2885 1
76 2246 1
76 2375 1
76 3145 1
76 461 1
76 2641 1
76 3026 1
76 2771 1
76 3158 1
76 1751 1
76 2011 1
76 2911 1
76 608 1
76 3170 1
76 2533 1
76 3046 1
76 1640 1
76 233 1
76 2155 1
76 3181 1
76 751 1
76 2416 1
76 2801 1
76 2290 1
76 2675 1
76 1525 1
76 1910 1
76 3191 1
76 2936 1
76 3065 1
76 890 1
76 1406 1
77 3201 1
77 1026 1
77 387 1
77 1284 1
77 1157 1
77 3209 1
77 2571 1
77 3084 1
77 2061 1
77 1806 1
77 2831 1
77 3216 1
77 2961 1
77 2709 1
77 3222 1
77 536 1
77 2457 1
77 2202 1
77 3227 1
77 156 1
77 3101 1
77 2334 1
77 3231 1
77 1697 1
77 3234 1
77 3237 1
77 3238 1
77 2984 1
77 681 1
77 1962 1
77 2859 1
77 3117 1
77 2607 1
77 1584 1
77 2741 1
77 822 1
77 311 1
77 1467 1
77 3132 1
77 2109 1
77 3006 1
77 959 1
77 2496 1
77 1346 1
77 1859 1
77 1092 1
77 1221 1
77 2886 1
77 2247 1
77 2376 1
77 3146 1
77 462 1
77 2642 1
77 3027 1
77 2772 1
77 3159 1
77 1752 1
77 2012 1
77 2912 1
77 609 1
77 3171 1
77 2534 1
77 3047 1
77 1641 1
77 234 1
77 2156 1
77 3182 1
77 752 1
77 2417 1
77 2802 1
77 2291 1
77 2676 1
77 1526 1
77 1911 1
77 3192 1
77 2937 1
77 3066 1
77 891 1
77 1407 1
78 1408 1
78 3202 1
78 1027 1
78 388 1
78 1285 1
78 1158 1
78 3210 1
78 2572 1
78 3085 1
78 2062 1
78 1807 1
78 2832 1
78 3217 1
78 2962 1
78 2710 1
78 3223 1
78 537 1
78 2458 1
78 2203 1
78 3228 1
78 157 1
78 3102 1
78 2335 1
78 3232 1
78 1698 1
78 3235 1
78 3237 1
78 3239 1
78 2985 1
78 682 1
78 1963 1
78 2860 1
78 3118 1
78 2608 1
78 1585 1
78 2742 1
78 823 1
78 312 1
78 1468 1
78 3133 1
78 2110 1
78 3007 1
78 960 1
78 2497 1
78 1347 1
78 1860 1
78 1093 1
78 1222 1
78 2887 1
78 2248 1
78 2377 1
78 3147 1
78 463 1
78 2643 1
78 3028 1
78 2773 1
78 3160 1
78 1753 1
78 2013 1
78 2913 1
78 610 1
78 3172 1
78 2535 1
78 3048 1
78 1642 1
78 235 1
78 2157 1
78 3183 1
78 753 1
78 2418 1
78 2803 1
78 2292 1
78 2677 1
78 1527 1
78 1912 1
78 3193 1
78 2938 1
78 3067 1
78 892 1
79 1409 1
79 3203 1
79 1028 1
79 389 1
79 1286 1
79 1159 1
79 3211 1
79 2573 1
79 3086 1
79 2063 1
79 1808 1
79 2833 1
79 3218 1
79 2963 1
79 2711 1
79 3224 1
79 538 1
79 2459 1
79 2204 1
79 3229 1
79 158 1
79 3103 1
79 2336 1
79 3233 1
79 1699 1
79 3236 1
79 3238 1
79 3239 1
79 2986 1
79 683 1
79 1964 1
79 2861 1
79 3119 1
79 2609 1
79 1586 1
79 2743 1
79 824 1
79 313 1
79 1469 1
79 3134 1
79 2111 1
79 3008 1
79 961 1
79 2498 1
79 1348 1
79 1861 1
79 1094 1
79 1223 1
79 2888 1
79 2249 1
79 2378 1
79 3148 1
79 464 1
79 2644 1
79 3029 1
79 2774 1
79 3161 1
79 1754 1
79 2014 1
79 2914 1
79 611 1
79 3173 1
79 2536 1
79 3049 1
79 1643 1
79 236 1
79 2158 1
79 3184 1
79 754 1
79 2419 1
79 2804 1
79 2293 1
79 2678 1
79 1528 1
79 1913 1
79 3194 1
79 2939 1
79 3068 1
79 893 1
1
0 1 2 3 4 5 6 7 8 9 10 11 12 13 14 15 16 17 18 19
