Nodes
200
0 1
1 1
2 1
3 1
4 1
5 1
6 1
7 1
8 1
9 1
10 1
11 1
12 1
13 1
14 1
15 1
16 1
17 1
18 1
19 1
20 1
21 1
22 1
23 1
24 1
25 1
26 1
27 1
28 1
29 1
30 1
31 1
32 1
33 1
34 1
35 1
36 1
37 1
38 1
39 1
40 1
41 1
42 1
43 1
44 1
45 1
46 1
47 1
48 1
49 1
50 1
51 1
52 1
53 1
54 1
55 1
56 1
57 1
58 1
59 1
60 1
61 1
62 1
63 1
64 1
65 1
66 1
67 1
68 1
69 1
70 1
71 1
72 1
73 1
74 1
75 1
76 1
77 1
78 1
79 1
80 194
81 197
82 193
83 196
84 210
85 199
86 195
87 196
88 195
89 207
90 199
91 296
92 202
93 200
94 204
95 205
96 200
97 107
98 99
99 93
100 103
101 98
102 98
103 101
104 100
105 96
106 105
107 100
108 97
109 102
110 97
111 99
112 91
113 100
114 99
115 103
116 105
117 94
118 110
119 93
120 100
121 103
122 101
123 108
124 105
125 103
126 106
127 99
128 102
129 91
130 99
131 102
132 101
133 105
134 104
135 102
136 87
137 97
138 94
139 91
140 100
141 99
142 95
143 96
144 100
145 104
146 99
147 94
148 104
149 105
150 104
151 112
152 100
153 99
154 98
155 100
156 98
157 97
158 99
159 98
160 102
161 92
162 93
163 109
164 106
165 101
166 104
167 101
168 93
169 93
170 98
171 97
172 104
173 91
174 100
175 99
176 97
177 97
178 96
179 104
180 96
181 97
182 104
183 107
184 103
185 105
186 107
187 107
188 105
189 104
190 99
191 103
192 91
193 89
194 105
195 101
196 94
197 96
198 101
199 107
Edges
240
0 80 1
0 81 1
0 82 1
0 83 1
0 84 1
0 85 1
1 86 1
1 87 1
2 88 1
2 89 1
3 90 1
3 91 1
3 92 1
4 91 1
5 96 1
5 93 1
5 94 1
5 95 1
6 97 1
6 98 1
6 99 1
6 100 1
6 101 1
6 95 1
7 104 1
7 98 1
7 102 1
7 103 1
8 105 1
8 106 1
9 107 1
10 108 1
10 109 1
11 112 1
11 110 1
11 111 1
12 113 1
12 114 1
12 115 1
12 116 1
12 117 1
12 118 1
13 120 1
13 119 1
13 111 1
14 121 1
14 87 1
15 122 1
15 123 1
16 124 1
16 125 1
17 128 1
17 126 1
17 127 1
18 120 1
18 129 1
19 130 1
19 131 1
20 132 1
20 133 1
20 86 1
20 135 1
20 136 1
20 134 1
21 137 1
21 138 1
21 139 1
21 140 1
22 143 1
22 141 1
22 94 1
22 142 1
23 144 1
23 134 1
24 145 1
24 146 1
24 147 1
24 148 1
24 149 1
25 152 1
25 150 1
25 151 1
26 153 1
26 108 1
26 101 1
27 114 1
27 155 1
27 154 1
27 127 1
28 131 1
28 143 1
29 156 1
29 157 1
29 158 1
29 159 1
30 160 1
31 161 1
31 162 1
31 163 1
31 164 1
31 85 1
31 165 1
32 166 1
32 167 1
33 157 1
33 121 1
33 93 1
33 103 1
34 113 1
35 144 1
35 89 1
35 168 1
36 169 1
37 115 1
37 159 1
38 170 1
38 155 1
39 80 1
39 171 1
40 105 1
40 172 1
40 164 1
40 173 1
41 137 1
42 133 1
42 174 1
43 117 1
43 175 1
44 176 1
45 112 1
45 177 1
45 154 1
45 178 1
45 135 1
46 152 1
46 179 1
46 180 1
47 178 1
47 181 1
47 167 1
48 179 1
48 172 1
48 182 1
48 102 1
48 183 1
49 184 1
49 97 1
49 132 1
50 185 1
51 160 1
51 186 1
51 107 1
52 161 1
52 158 1
53 128 1
53 187 1
54 163 1
55 106 1
55 149 1
56 145 1
56 99 1
56 188 1
56 173 1
57 176 1
57 189 1
57 119 1
58 129 1
58 116 1
58 177 1
58 88 1
58 185 1
58 171 1
58 190 1
58 191 1
59 104 1
59 192 1
59 193 1
60 194 1
60 174 1
60 118 1
61 183 1
62 136 1
62 194 1
62 123 1
63 186 1
63 195 1
63 92 1
63 166 1
63 175 1
64 184 1
64 156 1
64 150 1
65 122 1
65 196 1
65 142 1
66 146 1
66 195 1
66 196 1
66 197 1
66 151 1
66 168 1
66 138 1
66 190 1
67 198 1
68 181 1
69 162 1
70 140 1
71 147 1
72 81 1
72 130 1
72 100 1
72 198 1
72 153 1
72 187 1
72 141 1
72 189 1
73 192 1
73 82 1
73 199 1
73 90 1
73 124 1
73 126 1
74 83 1
74 148 1
74 110 1
75 109 1
76 193 1
76 84 1
76 169 1
76 188 1
76 125 1
76 191 1
77 96 1
77 139 1
77 165 1
78 199 1
79 170 1
79 180 1
79 197 1
79 182 1
1
0 1 2 3 4 5
