Nodes
240
0 1
1 1
2 1
3 1
4 1
5 1
6 1
7 1
8 1
9 1
10 1
11 1
12 1
13 1
14 1
15 1
16 1
17 1
18 1
19 1
20 1
21 1
22 1
23 1
24 1
25 1
26 1
27 1
28 1
29 1
30 1
31 1
32 1
33 1
34 1
35 1
36 1
37 1
38 1
39 1
40 1
41 1
42 1
43 1
44 1
45 1
46 1
47 1
48 1
49 1
50 1
51 1
52 1
53 1
54 1
55 1
56 1
57 1
58 1
59 1
60 1
61 1
62 1
63 1
64 1
65 1
66 1
67 1
68 1
69 1
70 1
71 1
72 1
73 1
74 1
75 1
76 1
77 1
78 1
79 1
80 200
81 193
82 204
83 205
84 197
85 195
86 192
87 297
88 209
89 199
90 188
91 196
92 199
93 197
94 204
95 198
96 209
97 203
98 193
99 199
100 200
101 104
102 98
103 98
104 89
105 101
106 97
107 100
108 98
109 103
110 105
111 105
112 100
113 93
114 100
115 105
116 107
117 104
118 104
119 95
120 108
121 105
122 103
123 93
124 104
125 106
126 106
127 101
128 93
129 95
130 108
131 101
132 96
133 111
134 108
135 98
136 99
137 106
138 99
139 96
140 100
141 98
142 92
143 107
144 98
145 108
146 97
147 93
148 96
149 93
150 105
151 92
152 98
153 106
154 95
155 100
156 97
157 97
158 99
159 98
160 99
161 100
162 100
163 90
164 100
165 107
166 100
167 97
168 92
169 98
170 97
171 100
172 100
173 98
174 108
175 96
176 101
177 101
178 97
179 96
180 94
181 96
182 99
183 105
184 95
185 93
186 110
187 103
188 97
189 100
190 89
191 92
192 93
193 100
194 103
195 106
196 96
197 96
198 99
199 101
200 97
201 101
202 86
203 97
204 95
205 96
206 93
207 118
208 99
209 101
210 100
211 108
212 99
213 93
214 96
215 102
216 99
217 94
218 98
219 100
220 95
221 103
222 99
223 105
224 97
225 103
226 98
227 108
228 92
229 98
230 98
231 94
232 98
233 92
234 100
235 96
236 97
237 98
238 107
239 94
Edges
320
0 80 1
0 81 1
0 82 1
0 83 1
1 84 1
1 85 1
1 86 1
1 87 1
1 88 1
1 89 1
1 90 1
2 91 1
2 92 1
3 93 1
3 94 1
3 95 1
4 96 1
4 97 1
4 87 1
5 98 1
5 99 1
5 100 1
6 101 1
6 102 1
6 103 1
7 104 1
7 105 1
7 106 1
7 107 1
8 112 1
8 98 1
8 108 1
8 109 1
8 110 1
8 111 1
9 113 1
9 114 1
9 115 1
9 116 1
9 117 1
10 81 1
10 118 1
10 119 1
10 120 1
10 121 1
10 122 1
10 123 1
11 124 1
11 125 1
11 126 1
12 128 1
12 123 1
12 127 1
13 132 1
13 129 1
13 130 1
13 131 1
13 116 1
14 136 1
14 131 1
14 133 1
14 134 1
14 135 1
15 137 1
15 138 1
15 139 1
16 140 1
16 141 1
16 142 1
16 143 1
17 144 1
17 145 1
17 146 1
17 91 1
17 147 1
18 114 1
18 148 1
18 149 1
18 150 1
19 152 1
19 153 1
19 151 1
20 154 1
20 155 1
20 156 1
21 138 1
21 157 1
21 126 1
21 158 1
22 107 1
22 153 1
22 130 1
22 83 1
22 159 1
23 160 1
23 161 1
23 103 1
24 104 1
24 162 1
24 163 1
24 164 1
25 167 1
25 165 1
25 166 1
25 159 1
26 172 1
26 168 1
26 169 1
26 170 1
26 171 1
26 140 1
26 173 1
26 174 1
27 176 1
27 177 1
27 175 1
28 172 1
29 96 1
29 178 1
29 155 1
29 180 1
29 179 1
30 166 1
31 181 1
31 182 1
32 184 1
32 129 1
32 183 1
33 185 1
33 154 1
33 118 1
33 94 1
34 186 1
34 187 1
34 188 1
34 85 1
35 127 1
35 189 1
35 86 1
35 111 1
36 128 1
36 192 1
36 142 1
36 106 1
36 190 1
36 191 1
37 193 1
37 194 1
37 195 1
37 164 1
38 146 1
38 139 1
38 196 1
38 197 1
39 163 1
39 92 1
39 198 1
39 167 1
40 112 1
40 133 1
40 199 1
40 200 1
40 89 1
40 201 1
41 121 1
41 181 1
41 175 1
42 193 1
42 203 1
42 101 1
42 202 1
42 95 1
42 143 1
43 204 1
43 148 1
43 205 1
43 135 1
44 208 1
44 209 1
44 82 1
44 115 1
44 210 1
44 206 1
44 207 1
45 192 1
45 97 1
45 99 1
46 211 1
47 212 1
47 147 1
47 180 1
48 160 1
48 206 1
48 190 1
48 213 1
49 214 1
50 145 1
50 90 1
50 196 1
51 200 1
51 194 1
51 84 1
51 215 1
51 168 1
51 217 1
51 202 1
51 216 1
51 125 1
52 80 1
52 218 1
52 219 1
53 88 1
53 189 1
54 137 1
54 220 1
54 205 1
55 178 1
55 157 1
55 221 1
56 216 1
56 165 1
57 208 1
57 113 1
57 188 1
57 222 1
57 150 1
58 224 1
58 201 1
58 195 1
58 141 1
58 223 1
59 144 1
59 212 1
59 124 1
59 222 1
59 225 1
60 225 1
60 182 1
61 209 1
61 226 1
61 211 1
61 197 1
61 227 1
61 173 1
62 228 1
62 117 1
62 221 1
63 213 1
63 229 1
64 105 1
64 230 1
64 198 1
65 224 1
65 232 1
65 179 1
65 231 1
65 120 1
65 108 1
65 233 1
65 204 1
66 214 1
66 230 1
66 199 1
66 218 1
66 231 1
66 220 1
66 234 1
67 219 1
67 235 1
67 109 1
67 102 1
67 223 1
68 169 1
68 226 1
68 110 1
69 228 1
69 184 1
69 132 1
69 170 1
69 187 1
69 236 1
70 176 1
70 185 1
70 119 1
71 161 1
71 229 1
71 177 1
71 232 1
71 186 1
71 235 1
71 156 1
71 237 1
71 191 1
72 93 1
73 149 1
73 134 1
73 207 1
74 122 1
74 171 1
74 162 1
74 215 1
74 151 1
75 152 1
75 238 1
76 236 1
76 239 1
77 100 1
77 238 1
77 136 1
77 234 1
77 203 1
77 237 1
77 158 1
78 233 1
78 210 1
78 174 1
78 183 1
79 217 1
79 227 1
79 239 1
1
0 1 2 3 4 5
