Nodes
3240
0 1
1 1
2 1
3 1
4 1
5 1
6 1
7 1
8 1
9 1
10 1
11 1
12 1
13 1
14 1
15 1
16 1
17 1
18 1
19 1
20 1
21 1
22 1
23 1
24 1
25 1
26 1
27 1
28 1
29 1
30 1
31 1
32 1
33 1
34 1
35 1
36 1
37 1
38 1
39 1
40 1
41 1
42 1
43 1
44 1
45 1
46 1
47 1
48 1
49 1
50 1
51 1
52 1
53 1
54 1
55 1
56 1
57 1
58 1
59 1
60 1
61 1
62 1
63 1
64 1
65 1
66 1
67 1
68 1
69 1
70 1
71 1
72 1
73 1
74 1
75 1
76 1
77 1
78 1
79 1
80 296
81 301
82 305
83 306
84 297
85 299
86 306
87 310
88 292
89 305
90 296
91 288
92 299
93 291
94 299
95 298
96 303
97 293
98 303
99 197
100 208
101 192
102 204
103 204
104 204
105 202
106 192
107 199
108 197
109 198
110 198
111 198
112 194
113 207
114 197
115 200
116 195
117 207
118 199
119 204
120 197
121 198
122 203
123 208
124 200
125 194
126 201
127 197
128 205
129 199
130 194
131 207
132 196
133 204
134 199
135 189
136 193
137 202
138 194
139 184
140 201
141 204
142 211
143 199
144 204
145 192
146 206
147 204
148 203
149 202
150 196
151 196
152 200
153 199
154 201
155 201
156 198
157 200
158 196
159 303
160 302
161 287
162 297
163 301
164 294
165 302
166 302
167 291
168 293
169 298
170 286
171 297
172 295
173 297
174 300
175 310
176 301
177 201
178 198
179 199
180 198
181 205
182 199
183 193
184 205
185 199
186 200
187 212
188 191
189 202
190 202
191 203
192 198
193 195
194 201
195 205
196 200
197 201
198 202
199 201
200 189
201 195
202 197
203 188
204 200
205 192
206 197
207 189
208 207
209 199
210 206
211 196
212 202
213 204
214 198
215 198
216 199
217 208
218 204
219 188
220 197
221 201
222 198
223 199
224 195
225 202
226 209
227 202
228 200
229 202
230 209
231 199
232 190
233 193
234 210
235 198
236 201
237 306
238 303
239 302
240 294
241 305
242 300
243 295
244 302
245 300
246 296
247 302
248 298
249 295
250 292
251 301
252 297
253 300
254 203
255 198
256 190
257 196
258 201
259 198
260 204
261 204
262 211
263 203
264 201
265 195
266 203
267 194
268 196
269 200
270 209
271 202
272 199
273 197
274 191
275 201
276 201
277 197
278 202
279 200
280 208
281 210
282 193
283 203
284 191
285 196
286 202
287 196
288 204
289 203
290 198
291 196
292 199
293 193
294 204
295 188
296 190
297 199
298 211
299 200
300 200
301 201
302 196
303 213
304 198
305 195
306 192
307 198
308 196
309 209
310 204
311 206
312 196
313 200
314 294
315 293
316 301
317 296
318 295
319 303
320 297
321 296
322 301
323 300
324 302
325 308
326 289
327 296
328 307
329 301
330 196
331 197
332 194
333 198
334 206
335 196
336 200
337 196
338 197
339 204
340 205
341 204
342 200
343 205
344 200
345 201
346 192
347 190
348 204
349 206
350 202
351 193
352 195
353 195
354 196
355 196
356 201
357 199
358 197
359 206
360 206
361 197
362 206
363 197
364 194
365 203
366 197
367 195
368 205
369 201
370 203
371 198
372 196
373 203
374 198
375 199
376 213
377 202
378 199
379 198
380 203
381 203
382 199
383 193
384 206
385 192
386 198
387 198
388 193
389 199
390 307
391 304
392 300
393 296
394 306
395 294
396 294
397 296
398 298
399 296
400 300
401 296
402 300
403 300
404 298
405 204
406 195
407 200
408 201
409 208
410 206
411 202
412 187
413 201
414 210
415 203
416 199
417 201
418 202
419 197
420 192
421 205
422 197
423 203
424 200
425 191
426 198
427 209
428 202
429 201
430 190
431 218
432 195
433 199
434 200
435 208
436 199
437 209
438 203
439 197
440 199
441 190
442 197
443 201
444 201
445 196
446 204
447 204
448 194
449 197
450 195
451 198
452 203
453 205
454 196
455 199
456 196
457 199
458 201
459 188
460 202
461 199
462 201
463 199
464 192
465 308
466 297
467 284
468 294
469 296
470 291
471 298
472 298
473 298
474 303
475 301
476 299
477 295
478 299
479 190
480 199
481 202
482 198
483 203
484 200
485 205
486 200
487 189
488 197
489 193
490 200
491 195
492 199
493 198
494 197
495 203
496 208
497 192
498 200
499 202
500 192
501 203
502 212
503 204
504 204
505 197
506 197
507 202
508 207
509 201
510 189
511 195
512 191
513 195
514 194
515 205
516 202
517 206
518 198
519 193
520 195
521 202
522 199
523 195
524 204
525 199
526 211
527 207
528 200
529 200
530 199
531 200
532 191
533 209
534 195
535 197
536 207
537 192
538 195
539 302
540 298
541 295
542 302
543 300
544 297
545 299
546 299
547 298
548 294
549 308
550 310
551 302
552 202
553 198
554 194
555 199
556 197
557 204
558 200
559 195
560 195
561 200
562 210
563 205
564 201
565 202
566 211
567 196
568 200
569 199
570 206
571 205
572 204
573 200
574 194
575 194
576 200
577 197
578 192
579 206
580 197
581 199
582 206
583 194
584 204
585 197
586 198
587 196
588 202
589 203
590 205
591 194
592 196
593 206
594 208
595 200
596 188
597 197
598 192
599 199
600 195
601 194
602 197
603 198
604 197
605 192
606 208
607 198
608 199
609 197
610 203
611 200
612 303
613 296
614 295
615 301
616 306
617 301
618 300
619 299
620 300
621 301
622 301
623 308
624 196
625 201
626 200
627 200
628 195
629 200
630 200
631 196
632 195
633 204
634 192
635 193
636 205
637 198
638 212
639 195
640 200
641 194
642 193
643 196
644 200
645 199
646 199
647 201
648 192
649 196
650 203
651 195
652 203
653 198
654 195
655 197
656 198
657 202
658 198
659 203
660 204
661 190
662 200
663 198
664 195
665 199
666 196
667 204
668 209
669 182
670 203
671 206
672 197
673 201
674 192
675 200
676 196
677 197
678 202
679 204
680 199
681 201
682 196
683 203
684 300
685 297
686 306
687 302
688 300
689 296
690 293
691 301
692 298
693 305
694 289
695 204
696 195
697 204
698 195
699 198
700 195
701 197
702 194
703 196
704 205
705 183
706 192
707 197
708 201
709 199
710 207
711 199
712 196
713 192
714 192
715 200
716 195
717 204
718 194
719 185
720 200
721 200
722 197
723 204
724 191
725 200
726 205
727 201
728 195
729 201
730 200
731 198
732 200
733 203
734 205
735 197
736 204
737 204
738 204
739 200
740 211
741 191
742 201
743 194
744 200
745 197
746 203
747 189
748 191
749 196
750 195
751 198
752 213
753 202
754 203
755 301
756 303
757 296
758 299
759 301
760 308
761 291
762 299
763 300
764 296
765 200
766 205
767 195
768 203
769 193
770 197
771 198
772 196
773 208
774 198
775 196
776 194
777 205
778 200
779 191
780 199
781 206
782 202
783 207
784 207
785 198
786 196
787 200
788 203
789 202
790 210
791 208
792 204
793 194
794 204
795 197
796 209
797 206
798 201
799 206
800 207
801 205
802 199
803 199
804 204
805 210
806 203
807 204
808 198
809 192
810 201
811 200
812 208
813 194
814 202
815 207
816 195
817 205
818 195
819 205
820 192
821 205
822 199
823 189
824 206
825 306
826 297
827 299
828 296
829 296
830 302
831 300
832 296
833 302
834 205
835 201
836 195
837 191
838 197
839 190
840 204
841 190
842 192
843 195
844 200
845 196
846 196
847 199
848 201
849 206
850 195
851 194
852 202
853 198
854 193
855 194
856 198
857 208
858 205
859 202
860 192
861 204
862 204
863 204
864 205
865 196
866 191
867 200
868 202
869 202
870 189
871 199
872 192
873 204
874 194
875 193
876 205
877 201
878 209
879 197
880 211
881 201
882 200
883 196
884 204
885 203
886 198
887 201
888 193
889 202
890 202
891 195
892 197
893 210
894 299
895 296
896 297
897 302
898 307
899 299
900 301
901 303
902 209
903 202
904 208
905 196
906 207
907 203
908 203
909 197
910 202
911 205
912 191
913 202
914 206
915 203
916 197
917 196
918 198
919 204
920 200
921 200
922 201
923 201
924 201
925 203
926 205
927 200
928 197
929 202
930 191
931 197
932 202
933 199
934 197
935 207
936 210
937 201
938 199
939 202
940 204
941 200
942 197
943 199
944 198
945 206
946 198
947 190
948 204
949 198
950 197
951 208
952 194
953 202
954 207
955 201
956 201
957 191
958 199
959 200
960 204
961 198
962 292
963 304
964 306
965 309
966 303
967 300
968 291
969 194
970 200
971 205
972 198
973 199
974 203
975 207
976 203
977 202
978 205
979 201
980 199
981 197
982 199
983 212
984 199
985 199
986 203
987 189
988 193
989 199
990 207
991 202
992 198
993 201
994 203
995 200
996 205
997 209
998 198
999 203
1000 196
1001 198
1002 197
1003 194
1004 188
1005 202
1006 196
1007 199
1008 199
1009 197
1010 206
1011 202
1012 197
1013 202
1014 199
1015 205
1016 200
1017 199
1018 200
1019 203
1020 205
1021 197
1022 191
1023 198
1024 193
1025 204
1026 206
1027 203
1028 196
1029 303
1030 306
1031 287
1032 296
1033 303
1034 303
1035 202
1036 202
1037 191
1038 196
1039 200
1040 202
1041 200
1042 191
1043 210
1044 206
1045 205
1046 203
1047 198
1048 206
1049 197
1050 197
1051 195
1052 205
1053 208
1054 204
1055 205
1056 200
1057 206
1058 200
1059 199
1060 194
1061 203
1062 193
1063 199
1064 197
1065 198
1066 213
1067 200
1068 204
1069 191
1070 199
1071 198
1072 193
1073 190
1074 201
1075 193
1076 193
1077 190
1078 201
1079 200
1080 198
1081 194
1082 205
1083 203
1084 201
1085 205
1086 196
1087 203
1088 199
1089 207
1090 196
1091 194
1092 205
1093 192
1094 200
1095 292
1096 299
1097 301
1098 298
1099 294
1100 201
1101 202
1102 192
1103 204
1104 196
1105 194
1106 204
1107 197
1108 192
1109 201
1110 200
1111 198
1112 210
1113 198
1114 201
1115 201
1116 196
1117 208
1118 199
1119 198
1120 201
1121 191
1122 200
1123 207
1124 196
1125 196
1126 199
1127 197
1128 204
1129 195
1130 198
1131 199
1132 200
1133 196
1134 201
1135 196
1136 202
1137 202
1138 196
1139 192
1140 190
1141 198
1142 205
1143 199
1144 199
1145 202
1146 193
1147 202
1148 204
1149 200
1150 202
1151 200
1152 200
1153 199
1154 197
1155 203
1156 201
1157 192
1158 202
1159 195
1160 304
1161 297
1162 294
1163 300
1164 199
1165 205
1166 195
1167 196
1168 197
1169 198
1170 199
1171 204
1172 196
1173 194
1174 200
1175 199
1176 197
1177 198
1178 196
1179 191
1180 197
1181 198
1182 201
1183 205
1184 197
1185 198
1186 205
1187 196
1188 197
1189 198
1190 191
1191 201
1192 202
1193 192
1194 194
1195 194
1196 201
1197 204
1198 188
1199 198
1200 200
1201 193
1202 196
1203 196
1204 197
1205 201
1206 203
1207 193
1208 199
1209 201
1210 198
1211 203
1212 199
1213 201
1214 198
1215 209
1216 204
1217 197
1218 197
1219 210
1220 194
1221 204
1222 188
1223 181
1224 301
1225 299
1226 298
1227 199
1228 201
1229 200
1230 198
1231 202
1232 203
1233 201
1234 197
1235 199
1236 194
1237 201
1238 204
1239 200
1240 206
1241 205
1242 209
1243 195
1244 200
1245 202
1246 207
1247 202
1248 197
1249 200
1250 201
1251 203
1252 203
1253 199
1254 194
1255 203
1256 194
1257 207
1258 201
1259 203
1260 201
1261 199
1262 194
1263 207
1264 203
1265 194
1266 202
1267 198
1268 187
1269 199
1270 203
1271 203
1272 197
1273 207
1274 204
1275 197
1276 206
1277 196
1278 208
1279 197
1280 198
1281 200
1282 201
1283 194
1284 201
1285 194
1286 191
1287 295
1288 298
1289 201
1290 193
1291 198
1292 199
1293 206
1294 196
1295 194
1296 199
1297 204
1298 201
1299 204
1300 202
1301 193
1302 204
1303 200
1304 197
1305 203
1306 196
1307 202
1308 202
1309 191
1310 201
1311 197
1312 194
1313 196
1314 193
1315 202
1316 209
1317 202
1318 198
1319 191
1320 197
1321 205
1322 198
1323 202
1324 200
1325 195
1326 196
1327 200
1328 206
1329 190
1330 213
1331 193
1332 197
1333 198
1334 193
1335 200
1336 201
1337 205
1338 189
1339 200
1340 200
1341 206
1342 198
1343 197
1344 194
1345 195
1346 201
1347 205
1348 192
1349 299
1350 195
1351 199
1352 194
1353 200
1354 193
1355 200
1356 203
1357 194
1358 204
1359 202
1360 195
1361 194
1362 208
1363 203
1364 194
1365 201
1366 202
1367 198
1368 204
1369 204
1370 197
1371 198
1372 197
1373 206
1374 200
1375 202
1376 202
1377 209
1378 196
1379 199
1380 206
1381 205
1382 200
1383 206
1384 203
1385 195
1386 202
1387 200
1388 208
1389 198
1390 190
1391 189
1392 205
1393 194
1394 199
1395 196
1396 196
1397 195
1398 205
1399 191
1400 197
1401 197
1402 204
1403 209
1404 204
1405 203
1406 202
1407 200
1408 204
1409 200
1410 205
1411 188
1412 208
1413 196
1414 200
1415 190
1416 204
1417 207
1418 203
1419 199
1420 203
1421 195
1422 209
1423 201
1424 206
1425 210
1426 201
1427 197
1428 205
1429 201
1430 210
1431 193
1432 199
1433 202
1434 198
1435 207
1436 195
1437 206
1438 192
1439 204
1440 197
1441 206
1442 197
1443 198
1444 199
1445 205
1446 193
1447 198
1448 197
1449 197
1450 200
1451 204
1452 190
1453 179
1454 198
1455 197
1456 205
1457 195
1458 195
1459 202
1460 216
1461 200
1462 201
1463 204
1464 196
1465 195
1466 197
1467 200
1468 197
1469 197
1470 96
1471 101
1472 91
1473 99
1474 105
1475 90
1476 102
1477 104
1478 99
1479 99
1480 92
1481 104
1482 106
1483 100
1484 95
1485 104
1486 97
1487 96
1488 93
1489 93
1490 99
1491 103
1492 104
1493 96
1494 106
1495 99
1496 98
1497 101
1498 97
1499 108
1500 98
1501 102
1502 95
1503 98
1504 103
1505 97
1506 101
1507 105
1508 102
1509 96
1510 105
1511 96
1512 96
1513 99
1514 100
1515 105
1516 96
1517 97
1518 102
1519 94
1520 90
1521 108
1522 101
1523 105
1524 103
1525 95
1526 103
1527 91
1528 100
1529 105
1530 99
1531 98
1532 108
1533 105
1534 104
1535 101
1536 94
1537 99
1538 104
1539 101
1540 103
1541 102
1542 97
1543 98
1544 101
1545 100
1546 97
1547 103
1548 94
1549 106
1550 103
1551 105
1552 109
1553 100
1554 98
1555 92
1556 100
1557 100
1558 99
1559 110
1560 98
1561 90
1562 103
1563 101
1564 105
1565 97
1566 99
1567 99
1568 107
1569 103
1570 99
1571 110
1572 103
1573 96
1574 96
1575 102
1576 102
1577 94
1578 92
1579 93
1580 103
1581 103
1582 102
1583 107
1584 106
1585 105
1586 95
1587 90
1588 94
1589 96
1590 106
1591 96
1592 107
1593 98
1594 99
1595 102
1596 103
1597 99
1598 97
1599 99
1600 97
1601 93
1602 99
1603 97
1604 106
1605 103
1606 99
1607 101
1608 98
1609 105
1610 96
1611 96
1612 91
1613 97
1614 98
1615 104
1616 99
1617 92
1618 101
1619 98
1620 103
1621 89
1622 97
1623 98
1624 100
1625 97
1626 95
1627 106
1628 101
1629 102
1630 97
1631 107
1632 101
1633 97
1634 111
1635 99
1636 106
1637 95
1638 91
1639 96
1640 105
1641 102
1642 93
1643 102
1644 104
1645 100
1646 96
1647 90
1648 95
1649 104
1650 102
1651 101
1652 102
1653 113
1654 110
1655 105
1656 112
1657 102
1658 100
1659 97
1660 104
1661 104
1662 108
1663 102
1664 99
1665 105
1666 91
1667 101
1668 103
1669 103
1670 92
1671 102
1672 110
1673 100
1674 92
1675 98
1676 102
1677 96
1678 100
1679 94
1680 94
1681 95
1682 95
1683 99
1684 105
1685 101
1686 97
1687 97
1688 104
1689 109
1690 101
1691 104
1692 95
1693 96
1694 93
1695 93
1696 102
1697 98
1698 102
1699 94
1700 93
1701 104
1702 98
1703 103
1704 104
1705 100
1706 106
1707 95
1708 101
1709 101
1710 97
1711 103
1712 95
1713 102
1714 90
1715 95
1716 97
1717 98
1718 100
1719 98
1720 103
1721 106
1722 97
1723 103
1724 107
1725 112
1726 92
1727 97
1728 98
1729 104
1730 94
1731 97
1732 92
1733 102
1734 101
1735 96
1736 95
1737 95
1738 103
1739 93
1740 96
1741 103
1742 104
1743 99
1744 102
1745 96
1746 100
1747 102
1748 89
1749 94
1750 104
1751 103
1752 96
1753 102
1754 103
1755 101
1756 98
1757 91
1758 105
1759 104
1760 98
1761 108
1762 89
1763 100
1764 98
1765 96
1766 94
1767 97
1768 96
1769 97
1770 96
1771 101
1772 104
1773 93
1774 98
1775 108
1776 94
1777 95
1778 103
1779 97
1780 86
1781 105
1782 104
1783 98
1784 100
1785 105
1786 96
1787 97
1788 93
1789 102
1790 100
1791 105
1792 98
1793 109
1794 99
1795 101
1796 100
1797 101
1798 103
1799 85
1800 108
1801 104
1802 94
1803 101
1804 94
1805 93
1806 101
1807 88
1808 105
1809 96
1810 89
1811 95
1812 100
1813 96
1814 102
1815 100
1816 102
1817 103
1818 97
1819 107
1820 102
1821 94
1822 109
1823 96
1824 92
1825 101
1826 102
1827 104
1828 97
1829 98
1830 99
1831 105
1832 102
1833 111
1834 95
1835 99
1836 100
1837 100
1838 101
1839 106
1840 105
1841 103
1842 98
1843 115
1844 101
1845 103
1846 91
1847 95
1848 103
1849 100
1850 99
1851 101
1852 94
1853 98
1854 104
1855 99
1856 101
1857 102
1858 93
1859 106
1860 96
1861 99
1862 112
1863 99
1864 89
1865 102
1866 111
1867 95
1868 102
1869 96
1870 95
1871 97
1872 105
1873 103
1874 105
1875 102
1876 105
1877 95
1878 103
1879 99
1880 104
1881 109
1882 95
1883 105
1884 95
1885 106
1886 96
1887 105
1888 105
1889 95
1890 92
1891 98
1892 101
1893 107
1894 99
1895 97
1896 96
1897 101
1898 98
1899 96
1900 102
1901 101
1902 103
1903 104
1904 96
1905 97
1906 103
1907 98
1908 94
1909 93
1910 100
1911 99
1912 91
1913 107
1914 107
1915 98
1916 104
1917 111
1918 103
1919 99
1920 111
1921 102
1922 99
1923 99
1924 97
1925 100
1926 105
1927 99
1928 102
1929 98
1930 101
1931 96
1932 102
1933 99
1934 106
1935 106
1936 93
1937 100
1938 104
1939 99
1940 99
1941 103
1942 106
1943 104
1944 105
1945 100
1946 100
1947 101
1948 97
1949 94
1950 92
1951 103
1952 97
1953 96
1954 107
1955 106
1956 104
1957 93
1958 101
1959 104
1960 111
1961 92
1962 90
1963 97
1964 92
1965 95
1966 98
1967 95
1968 110
1969 101
1970 101
1971 102
1972 94
1973 96
1974 104
1975 91
1976 107
1977 100
1978 112
1979 102
1980 101
1981 95
1982 95
1983 90
1984 103
1985 101
1986 106
1987 107
1988 101
1989 101
1990 106
1991 101
1992 102
1993 100
1994 91
1995 104
1996 92
1997 101
1998 95
1999 91
2000 99
2001 95
2002 99
2003 106
2004 99
2005 107
2006 97
2007 103
2008 104
2009 105
2010 97
2011 102
2012 99
2013 91
2014 98
2015 104
2016 103
2017 104
2018 101
2019 91
2020 100
2021 95
2022 96
2023 97
2024 95
2025 100
2026 111
2027 93
2028 99
2029 101
2030 94
2031 98
2032 103
2033 105
2034 109
2035 99
2036 94
2037 95
2038 97
2039 95
2040 96
2041 99
2042 101
2043 102
2044 99
2045 101
2046 102
2047 98
2048 103
2049 105
2050 96
2051 103
2052 104
2053 97
2054 103
2055 98
2056 97
2057 104
2058 100
2059 95
2060 97
2061 100
2062 99
2063 105
2064 105
2065 92
2066 101
2067 103
2068 101
2069 107
2070 98
2071 98
2072 102
2073 96
2074 96
2075 108
2076 110
2077 99
2078 100
2079 103
2080 110
2081 102
2082 103
2083 97
2084 88
2085 104
2086 107
2087 91
2088 106
2089 102
2090 101
2091 107
2092 97
2093 103
2094 109
2095 97
2096 99
2097 104
2098 96
2099 101
2100 97
2101 97
2102 104
2103 100
2104 99
2105 92
2106 107
2107 101
2108 90
2109 94
2110 97
2111 105
2112 86
2113 102
2114 101
2115 100
2116 106
2117 102
2118 105
2119 93
2120 105
2121 98
2122 106
2123 98
2124 97
2125 103
2126 98
2127 95
2128 93
2129 98
2130 98
2131 104
2132 89
2133 97
2134 100
2135 99
2136 98
2137 99
2138 97
2139 104
2140 102
2141 95
2142 103
2143 93
2144 100
2145 93
2146 100
2147 101
2148 102
2149 89
2150 98
2151 100
2152 101
2153 94
2154 105
2155 101
2156 97
2157 101
2158 99
2159 98
2160 102
2161 101
2162 99
2163 98
2164 102
2165 99
2166 98
2167 102
2168 97
2169 94
2170 99
2171 101
2172 102
2173 97
2174 96
2175 102
2176 96
2177 100
2178 106
2179 105
2180 99
2181 94
2182 108
2183 98
2184 99
2185 93
2186 101
2187 106
2188 96
2189 89
2190 94
2191 103
2192 105
2193 98
2194 100
2195 96
2196 96
2197 100
2198 104
2199 102
2200 113
2201 100
2202 97
2203 89
2204 98
2205 102
2206 88
2207 96
2208 104
2209 98
2210 102
2211 102
2212 104
2213 97
2214 95
2215 102
2216 97
2217 95
2218 101
2219 99
2220 99
2221 97
2222 102
2223 102
2224 102
2225 99
2226 91
2227 96
2228 106
2229 99
2230 102
2231 99
2232 103
2233 97
2234 92
2235 110
2236 109
2237 102
2238 101
2239 98
2240 100
2241 104
2242 109
2243 96
2244 102
2245 101
2246 92
2247 96
2248 103
2249 109
2250 97
2251 102
2252 97
2253 105
2254 93
2255 101
2256 104
2257 106
2258 96
2259 103
2260 95
2261 106
2262 101
2263 95
2264 101
2265 94
2266 109
2267 105
2268 104
2269 102
2270 100
2271 101
2272 98
2273 93
2274 89
2275 107
2276 104
2277 103
2278 105
2279 108
2280 99
2281 95
2282 97
2283 105
2284 98
2285 110
2286 93
2287 98
2288 96
2289 99
2290 95
2291 99
2292 97
2293 101
2294 97
2295 98
2296 106
2297 93
2298 102
2299 93
2300 96
2301 103
2302 104
2303 106
2304 101
2305 108
2306 107
2307 101
2308 102
2309 103
2310 101
2311 99
2312 102
2313 105
2314 97
2315 86
2316 98
2317 95
2318 104
2319 102
2320 103
2321 106
2322 98
2323 91
2324 98
2325 98
2326 99
2327 94
2328 96
2329 95
2330 92
2331 105
2332 98
2333 109
2334 102
2335 100
2336 94
2337 97
2338 98
2339 98
2340 103
2341 92
2342 105
2343 99
2344 104
2345 104
2346 107
2347 102
2348 105
2349 99
2350 99
2351 100
2352 100
2353 95
2354 95
2355 97
2356 101
2357 93
2358 101
2359 103
2360 101
2361 98
2362 92
2363 93
2364 95
2365 94
2366 90
2367 97
2368 105
2369 102
2370 91
2371 100
2372 106
2373 100
2374 105
2375 101
2376 102
2377 102
2378 107
2379 106
2380 98
2381 104
2382 101
2383 103
2384 104
2385 109
2386 97
2387 94
2388 105
2389 94
2390 97
2391 96
2392 101
2393 94
2394 101
2395 102
2396 102
2397 97
2398 91
2399 104
2400 90
2401 98
2402 94
2403 91
2404 102
2405 95
2406 99
2407 97
2408 103
2409 100
2410 103
2411 95
2412 103
2413 100
2414 97
2415 109
2416 100
2417 86
2418 112
2419 103
2420 99
2421 94
2422 95
2423 94
2424 96
2425 98
2426 104
2427 99
2428 102
2429 99
2430 96
2431 99
2432 99
2433 106
2434 92
2435 91
2436 93
2437 95
2438 89
2439 93
2440 97
2441 101
2442 97
2443 94
2444 94
2445 100
2446 91
2447 98
2448 113
2449 96
2450 95
2451 99
2452 94
2453 112
2454 91
2455 102
2456 98
2457 94
2458 104
2459 105
2460 103
2461 106
2462 103
2463 100
2464 87
2465 110
2466 92
2467 98
2468 104
2469 99
2470 110
2471 102
2472 92
2473 100
2474 99
2475 98
2476 86
2477 102
2478 104
2479 98
2480 103
2481 103
2482 99
2483 99
2484 100
2485 100
2486 102
2487 96
2488 107
2489 116
2490 101
2491 99
2492 90
2493 103
2494 99
2495 101
2496 101
2497 88
2498 98
2499 99
2500 93
2501 101
2502 100
2503 98
2504 104
2505 100
2506 102
2507 93
2508 103
2509 105
2510 92
2511 91
2512 94
2513 108
2514 106
2515 106
2516 100
2517 101
2518 108
2519 92
2520 100
2521 93
2522 101
2523 104
2524 100
2525 102
2526 101
2527 103
2528 90
2529 105
2530 94
2531 101
2532 88
2533 91
2534 96
2535 96
2536 101
2537 104
2538 90
2539 102
2540 95
2541 105
2542 87
2543 98
2544 99
2545 102
2546 98
2547 103
2548 97
2549 101
2550 110
2551 96
2552 99
2553 104
2554 90
2555 100
2556 95
2557 100
2558 95
2559 104
2560 105
2561 104
2562 105
2563 94
2564 94
2565 103
2566 98
2567 88
2568 97
2569 107
2570 96
2571 107
2572 102
2573 103
2574 98
2575 113
2576 106
2577 92
2578 107
2579 104
2580 91
2581 95
2582 98
2583 97
2584 101
2585 106
2586 101
2587 101
2588 95
2589 100
2590 103
2591 97
2592 97
2593 88
2594 98
2595 90
2596 100
2597 96
2598 108
2599 101
2600 99
2601 98
2602 94
2603 103
2604 106
2605 94
2606 102
2607 97
2608 92
2609 99
2610 99
2611 100
2612 100
2613 106
2614 102
2615 97
2616 105
2617 101
2618 101
2619 102
2620 106
2621 95
2622 95
2623 96
2624 96
2625 93
2626 95
2627 99
2628 105
2629 99
2630 90
2631 99
2632 104
2633 101
2634 102
2635 90
2636 99
2637 104
2638 104
2639 91
2640 107
2641 103
2642 89
2643 99
2644 89
2645 99
2646 99
2647 98
2648 99
2649 99
2650 98
2651 98
2652 93
2653 95
2654 102
2655 98
2656 102
2657 108
2658 98
2659 89
2660 102
2661 98
2662 93
2663 106
2664 106
2665 97
2666 109
2667 92
2668 99
2669 99
2670 91
2671 100
2672 99
2673 111
2674 109
2675 94
2676 102
2677 99
2678 97
2679 103
2680 103
2681 103
2682 102
2683 106
2684 97
2685 98
2686 96
2687 100
2688 90
2689 104
2690 92
2691 98
2692 99
2693 102
2694 103
2695 101
2696 104
2697 94
2698 101
2699 104
2700 95
2701 99
2702 96
2703 105
2704 105
2705 100
2706 103
2707 103
2708 103
2709 99
2710 100
2711 91
2712 102
2713 103
2714 96
2715 98
2716 101
2717 99
2718 100
2719 102
2720 101
2721 91
2722 97
2723 104
2724 105
2725 102
2726 105
2727 101
2728 103
2729 96
2730 95
2731 94
2732 102
2733 99
2734 97
2735 100
2736 103
2737 92
2738 95
2739 101
2740 102
2741 107
2742 103
2743 92
2744 100
2745 91
2746 98
2747 95
2748 103
2749 96
2750 98
2751 94
2752 101
2753 97
2754 100
2755 99
2756 92
2757 100
2758 100
2759 93
2760 100
2761 104
2762 108
2763 100
2764 94
2765 99
2766 104
2767 98
2768 112
2769 97
2770 97
2771 95
2772 103
2773 98
2774 93
2775 97
2776 104
2777 102
2778 95
2779 94
2780 89
2781 92
2782 98
2783 107
2784 96
2785 104
2786 97
2787 89
2788 99
2789 97
2790 104
2791 95
2792 98
2793 94
2794 106
2795 94
2796 102
2797 94
2798 102
2799 94
2800 97
2801 104
2802 97
2803 103
2804 110
2805 105
2806 98
2807 106
2808 88
2809 104
2810 104
2811 100
2812 97
2813 94
2814 99
2815 97
2816 94
2817 97
2818 94
2819 97
2820 104
2821 102
2822 96
2823 97
2824 101
2825 107
2826 99
2827 99
2828 99
2829 92
2830 97
2831 96
2832 95
2833 106
2834 96
2835 102
2836 99
2837 99
2838 98
2839 99
2840 95
2841 98
2842 100
2843 96
2844 100
2845 101
2846 89
2847 93
2848 103
2849 95
2850 99
2851 98
2852 87
2853 93
2854 106
2855 97
2856 103
2857 100
2858 93
2859 92
2860 101
2861 102
2862 97
2863 99
2864 108
2865 98
2866 88
2867 96
2868 100
2869 92
2870 111
2871 97
2872 95
2873 106
2874 91
2875 98
2876 97
2877 104
2878 98
2879 101
2880 101
2881 100
2882 95
2883 101
2884 97
2885 103
2886 102
2887 102
2888 98
2889 93
2890 105
2891 105
2892 98
2893 103
2894 106
2895 101
2896 100
2897 95
2898 97
2899 105
2900 96
2901 96
2902 102
2903 95
2904 92
2905 99
2906 101
2907 91
2908 101
2909 94
2910 97
2911 87
2912 111
2913 100
2914 97
2915 102
2916 103
2917 100
2918 103
2919 95
2920 97
2921 103
2922 102
2923 99
2924 91
2925 97
2926 100
2927 106
2928 96
2929 101
2930 99
2931 104
2932 104
2933 91
2934 96
2935 107
2936 96
2937 96
2938 100
2939 87
2940 95
2941 83
2942 97
2943 99
2944 98
2945 102
2946 101
2947 98
2948 100
2949 114
2950 97
2951 102
2952 108
2953 87
2954 103
2955 101
2956 101
2957 95
2958 96
2959 105
2960 98
2961 97
2962 92
2963 97
2964 98
2965 100
2966 102
2967 99
2968 95
2969 94
2970 96
2971 105
2972 92
2973 101
2974 91
2975 98
2976 106
2977 100
2978 99
2979 95
2980 94
2981 99
2982 108
2983 108
2984 91
2985 97
2986 103
2987 95
2988 101
2989 98
2990 105
2991 100
2992 109
2993 106
2994 103
2995 90
2996 104
2997 106
2998 102
2999 99
3000 100
3001 99
3002 101
3003 91
3004 96
3005 101
3006 101
3007 95
3008 105
3009 103
3010 110
3011 104
3012 98
3013 101
3014 105
3015 106
3016 103
3017 106
3018 102
3019 95
3020 86
3021 97
3022 103
3023 97
3024 108
3025 101
3026 91
3027 99
3028 102
3029 104
3030 94
3031 108
3032 95
3033 104
3034 109
3035 102
3036 102
3037 103
3038 102
3039 108
3040 98
3041 101
3042 96
3043 103
3044 92
3045 96
3046 92
3047 102
3048 102
3049 96
3050 98
3051 106
3052 94
3053 93
3054 98
3055 107
3056 103
3057 92
3058 101
3059 101
3060 99
3061 97
3062 101
3063 103
3064 97
3065 100
3066 93
3067 94
3068 103
3069 99
3070 103
3071 97
3072 91
3073 96
3074 98
3075 102
3076 104
3077 99
3078 99
3079 98
3080 103
3081 103
3082 101
3083 99
3084 97
3085 94
3086 98
3087 100
3088 98
3089 98
3090 96
3091 95
3092 104
3093 103
3094 91
3095 94
3096 102
3097 99
3098 101
3099 97
3100 101
3101 91
3102 104
3103 98
3104 97
3105 105
3106 96
3107 98
3108 103
3109 105
3110 107
3111 101
3112 96
3113 96
3114 100
3115 106
3116 100
3117 101
3118 97
3119 96
3120 107
3121 99
3122 97
3123 91
3124 100
3125 97
3126 96
3127 101
3128 103
3129 97
3130 101
3131 96
3132 99
3133 95
3134 105
3135 96
3136 98
3137 106
3138 104
3139 96
3140 89
3141 91
3142 96
3143 93
3144 100
3145 95
3146 98
3147 106
3148 101
3149 94
3150 92
3151 88
3152 95
3153 103
3154 95
3155 95
3156 104
3157 100
3158 99
3159 100
3160 97
3161 98
3162 95
3163 101
3164 102
3165 103
3166 102
3167 97
3168 101
3169 105
3170 98
3171 108
3172 99
3173 90
3174 91
3175 100
3176 103
3177 111
3178 101
3179 107
3180 97
3181 100
3182 94
3183 99
3184 94
3185 100
3186 102
3187 97
3188 106
3189 102
3190 105
3191 98
3192 92
3193 97
3194 105
3195 93
3196 104
3197 100
3198 94
3199 90
3200 100
3201 97
3202 93
3203 95
3204 96
3205 93
3206 107
3207 98
3208 97
3209 106
3210 100
3211 97
3212 112
3213 102
3214 94
3215 106
3216 97
3217 109
3218 100
3219 99
3220 99
3221 96
3222 90
3223 98
3224 108
3225 103
3226 100
3227 98
3228 112
3229 96
3230 99
3231 97
3232 113
3233 101
3234 101
3235 104
3236 98
3237 104
3238 111
3239 105
Edges
6320
0 128 1
0 129 1
0 130 1
0 131 1
0 132 1
0 133 1
0 134 1
0 135 1
0 136 1
0 137 1
0 138 1
0 139 1
0 140 1
0 141 1
0 142 1
0 143 1
0 144 1
0 145 1
0 146 1
0 147 1
0 148 1
0 149 1
0 150 1
0 151 1
0 152 1
0 153 1
0 154 1
0 155 1
0 156 1
0 157 1
0 158 1
0 80 1
0 81 1
0 82 1
0 83 1
0 84 1
0 85 1
0 86 1
0 87 1
0 88 1
0 89 1
0 90 1
0 91 1
0 92 1
0 93 1
0 94 1
0 95 1
0 96 1
0 97 1
0 98 1
0 99 1
0 100 1
0 101 1
0 102 1
0 103 1
0 104 1
0 105 1
0 106 1
0 107 1
0 108 1
0 109 1
0 110 1
0 111 1
0 112 1
0 113 1
0 114 1
0 115 1
0 116 1
0 117 1
0 118 1
0 119 1
0 120 1
0 121 1
0 122 1
0 123 1
0 124 1
0 125 1
0 126 1
0 127 1
1 235 1
1 159 1
1 160 1
1 161 1
1 162 1
1 163 1
1 164 1
1 165 1
1 166 1
1 167 1
1 168 1
1 169 1
1 170 1
1 171 1
1 172 1
1 173 1
1 174 1
1 175 1
1 176 1
1 177 1
1 178 1
1 179 1
1 180 1
1 181 1
1 182 1
1 183 1
1 184 1
1 185 1
1 186 1
1 187 1
1 188 1
1 189 1
1 190 1
1 191 1
1 192 1
1 193 1
1 194 1
1 195 1
1 196 1
1 197 1
1 198 1
1 199 1
1 200 1
1 201 1
1 202 1
1 203 1
1 204 1
1 205 1
1 206 1
1 207 1
1 80 1
1 209 1
1 210 1
1 211 1
1 212 1
1 213 1
1 214 1
1 215 1
1 216 1
1 217 1
1 218 1
1 219 1
1 220 1
1 221 1
1 222 1
1 223 1
1 224 1
1 208 1
1 226 1
1 227 1
1 228 1
1 229 1
1 230 1
1 231 1
1 232 1
1 233 1
1 234 1
1 225 1
1 236 1
2 256 1
2 257 1
2 258 1
2 259 1
2 260 1
2 261 1
2 262 1
2 263 1
2 264 1
2 265 1
2 266 1
2 267 1
2 268 1
2 269 1
2 270 1
2 271 1
2 272 1
2 273 1
2 274 1
2 275 1
2 276 1
2 277 1
2 278 1
2 279 1
2 280 1
2 281 1
2 282 1
2 283 1
2 284 1
2 285 1
2 286 1
2 159 1
2 288 1
2 289 1
2 290 1
2 291 1
2 292 1
2 293 1
2 294 1
2 295 1
2 296 1
2 297 1
2 298 1
2 299 1
2 300 1
2 301 1
2 302 1
2 303 1
2 304 1
2 305 1
2 306 1
2 307 1
2 308 1
2 309 1
2 310 1
2 311 1
2 312 1
2 313 1
2 287 1
2 81 1
2 237 1
2 238 1
2 239 1
2 240 1
2 241 1
2 242 1
2 243 1
2 244 1
2 245 1
2 246 1
2 247 1
2 248 1
2 249 1
2 250 1
2 251 1
2 252 1
2 253 1
2 254 1
2 255 1
3 384 1
3 385 1
3 386 1
3 387 1
3 388 1
3 389 1
3 237 1
3 160 1
3 365 1
3 314 1
3 315 1
3 316 1
3 317 1
3 318 1
3 319 1
3 320 1
3 321 1
3 322 1
3 323 1
3 324 1
3 325 1
3 326 1
3 327 1
3 328 1
3 329 1
3 330 1
3 331 1
3 332 1
3 333 1
3 334 1
3 335 1
3 336 1
3 337 1
3 82 1
3 339 1
3 340 1
3 341 1
3 342 1
3 343 1
3 344 1
3 345 1
3 346 1
3 347 1
3 348 1
3 349 1
3 350 1
3 351 1
3 352 1
3 353 1
3 354 1
3 355 1
3 356 1
3 357 1
3 358 1
3 359 1
3 360 1
3 361 1
3 362 1
3 363 1
3 364 1
3 338 1
3 366 1
3 367 1
3 368 1
3 369 1
3 370 1
3 371 1
3 372 1
3 373 1
3 374 1
3 375 1
3 376 1
3 377 1
3 378 1
3 379 1
3 380 1
3 381 1
3 382 1
3 383 1
4 390 1
4 391 1
4 392 1
4 393 1
4 394 1
4 395 1
4 396 1
4 397 1
4 398 1
4 399 1
4 400 1
4 401 1
4 402 1
4 403 1
4 404 1
4 405 1
4 406 1
4 407 1
4 408 1
4 409 1
4 410 1
4 411 1
4 412 1
4 413 1
4 414 1
4 415 1
4 416 1
4 161 1
4 418 1
4 419 1
4 420 1
4 421 1
4 422 1
4 423 1
4 424 1
4 425 1
4 426 1
4 427 1
4 428 1
4 429 1
4 430 1
4 431 1
4 432 1
4 433 1
4 434 1
4 435 1
4 436 1
4 437 1
4 438 1
4 439 1
4 440 1
4 441 1
4 314 1
4 443 1
4 444 1
4 445 1
4 446 1
4 447 1
4 448 1
4 449 1
4 450 1
4 451 1
4 452 1
4 453 1
4 454 1
4 417 1
4 456 1
4 457 1
4 458 1
4 459 1
4 460 1
4 461 1
4 462 1
4 463 1
4 464 1
4 83 1
4 442 1
4 455 1
4 238 1
5 512 1
5 513 1
5 514 1
5 515 1
5 516 1
5 517 1
5 390 1
5 519 1
5 520 1
5 521 1
5 522 1
5 523 1
5 524 1
5 525 1
5 526 1
5 527 1
5 528 1
5 529 1
5 530 1
5 531 1
5 532 1
5 533 1
5 534 1
5 535 1
5 536 1
5 537 1
5 538 1
5 495 1
5 162 1
5 518 1
5 315 1
5 505 1
5 465 1
5 466 1
5 467 1
5 84 1
5 469 1
5 470 1
5 471 1
5 472 1
5 473 1
5 474 1
5 475 1
5 476 1
5 477 1
5 478 1
5 479 1
5 480 1
5 481 1
5 482 1
5 483 1
5 484 1
5 485 1
5 486 1
5 487 1
5 488 1
5 489 1
5 490 1
5 491 1
5 492 1
5 493 1
5 494 1
5 239 1
5 496 1
5 497 1
5 498 1
5 499 1
5 500 1
5 501 1
5 502 1
5 503 1
5 504 1
5 468 1
5 506 1
5 507 1
5 508 1
5 509 1
5 510 1
5 511 1
6 391 1
6 539 1
6 540 1
6 541 1
6 542 1
6 543 1
6 544 1
6 545 1
6 546 1
6 547 1
6 548 1
6 549 1
6 550 1
6 551 1
6 552 1
6 553 1
6 554 1
6 555 1
6 556 1
6 557 1
6 558 1
6 559 1
6 560 1
6 561 1
6 562 1
6 563 1
6 564 1
6 565 1
6 566 1
6 567 1
6 568 1
6 569 1
6 570 1
6 571 1
6 572 1
6 573 1
6 574 1
6 575 1
6 576 1
6 577 1
6 578 1
6 579 1
6 580 1
6 581 1
6 582 1
6 583 1
6 584 1
6 585 1
6 586 1
6 587 1
6 588 1
6 589 1
6 590 1
6 591 1
6 592 1
6 465 1
6 594 1
6 163 1
6 596 1
6 85 1
6 598 1
6 599 1
6 600 1
6 601 1
6 602 1
6 603 1
6 604 1
6 605 1
6 606 1
6 607 1
6 608 1
6 609 1
6 610 1
6 611 1
6 593 1
6 316 1
6 240 1
6 595 1
6 597 1
7 640 1
7 641 1
7 642 1
7 643 1
7 644 1
7 645 1
7 646 1
7 647 1
7 392 1
7 649 1
7 650 1
7 651 1
7 652 1
7 653 1
7 654 1
7 655 1
7 656 1
7 657 1
7 658 1
7 659 1
7 660 1
7 661 1
7 662 1
7 663 1
7 664 1
7 665 1
7 666 1
7 539 1
7 668 1
7 669 1
7 670 1
7 671 1
7 672 1
7 673 1
7 674 1
7 667 1
7 164 1
7 677 1
7 678 1
7 241 1
7 680 1
7 681 1
7 682 1
7 683 1
7 679 1
7 648 1
7 317 1
7 466 1
7 675 1
7 86 1
7 676 1
7 612 1
7 613 1
7 614 1
7 615 1
7 616 1
7 617 1
7 618 1
7 619 1
7 620 1
7 621 1
7 622 1
7 623 1
7 624 1
7 625 1
7 626 1
7 627 1
7 628 1
7 629 1
7 630 1
7 631 1
7 632 1
7 633 1
7 634 1
7 635 1
7 636 1
7 637 1
7 638 1
7 639 1
8 393 1
8 727 1
8 540 1
8 165 1
8 740 1
8 684 1
8 685 1
8 686 1
8 687 1
8 688 1
8 689 1
8 690 1
8 691 1
8 692 1
8 693 1
8 694 1
8 695 1
8 696 1
8 697 1
8 698 1
8 699 1
8 700 1
8 701 1
8 702 1
8 703 1
8 704 1
8 705 1
8 706 1
8 707 1
8 708 1
8 709 1
8 710 1
8 711 1
8 712 1
8 713 1
8 714 1
8 715 1
8 716 1
8 717 1
8 718 1
8 719 1
8 720 1
8 721 1
8 722 1
8 467 1
8 724 1
8 725 1
8 726 1
8 87 1
8 728 1
8 729 1
8 730 1
8 731 1
8 732 1
8 733 1
8 734 1
8 735 1
8 736 1
8 737 1
8 738 1
8 739 1
8 612 1
8 741 1
8 742 1
8 743 1
8 744 1
8 745 1
8 746 1
8 747 1
8 748 1
8 749 1
8 750 1
8 751 1
8 752 1
8 753 1
8 242 1
8 723 1
8 318 1
8 754 1
9 768 1
9 769 1
9 770 1
9 771 1
9 772 1
9 773 1
9 774 1
9 775 1
9 776 1
9 777 1
9 394 1
9 779 1
9 780 1
9 781 1
9 782 1
9 783 1
9 784 1
9 785 1
9 786 1
9 787 1
9 788 1
9 789 1
9 790 1
9 791 1
9 792 1
9 793 1
9 794 1
9 795 1
9 796 1
9 541 1
9 798 1
9 799 1
9 800 1
9 801 1
9 802 1
9 803 1
9 804 1
9 805 1
9 166 1
9 807 1
9 808 1
9 809 1
9 810 1
9 811 1
9 684 1
9 813 1
9 814 1
9 797 1
9 816 1
9 817 1
9 818 1
9 243 1
9 820 1
9 821 1
9 822 1
9 823 1
9 824 1
9 819 1
9 815 1
9 778 1
9 319 1
9 812 1
9 468 1
9 88 1
9 806 1
9 613 1
9 755 1
9 756 1
9 757 1
9 758 1
9 759 1
9 760 1
9 761 1
9 762 1
9 763 1
9 764 1
9 765 1
9 766 1
9 767 1
10 832 1
10 395 1
10 884 1
10 870 1
10 857 1
10 542 1
10 167 1
10 685 1
10 883 1
10 825 1
10 826 1
10 827 1
10 828 1
10 829 1
10 830 1
10 831 1
10 320 1
10 833 1
10 834 1
10 835 1
10 836 1
10 837 1
10 838 1
10 839 1
10 840 1
10 841 1
10 842 1
10 843 1
10 844 1
10 845 1
10 846 1
10 847 1
10 848 1
10 849 1
10 850 1
10 851 1
10 852 1
10 469 1
10 854 1
10 855 1
10 856 1
10 89 1
10 858 1
10 859 1
10 860 1
10 861 1
10 862 1
10 863 1
10 864 1
10 865 1
10 866 1
10 867 1
10 868 1
10 869 1
10 614 1
10 871 1
10 872 1
10 873 1
10 874 1
10 875 1
10 876 1
10 877 1
10 878 1
10 879 1
10 880 1
10 881 1
10 882 1
10 755 1
10 244 1
10 885 1
10 886 1
10 887 1
10 888 1
10 889 1
10 890 1
10 891 1
10 892 1
10 893 1
10 853 1
11 896 1
11 897 1
11 898 1
11 899 1
11 900 1
11 901 1
11 902 1
11 903 1
11 904 1
11 905 1
11 906 1
11 907 1
11 396 1
11 909 1
11 910 1
11 911 1
11 912 1
11 913 1
11 914 1
11 915 1
11 916 1
11 917 1
11 918 1
11 919 1
11 920 1
11 921 1
11 922 1
11 923 1
11 924 1
11 925 1
11 926 1
11 543 1
11 928 1
11 929 1
11 930 1
11 931 1
11 932 1
11 933 1
11 934 1
11 935 1
11 168 1
11 937 1
11 938 1
11 939 1
11 940 1
11 941 1
11 686 1
11 943 1
11 944 1
11 945 1
11 946 1
11 947 1
11 948 1
11 942 1
11 950 1
11 951 1
11 952 1
11 825 1
11 954 1
11 927 1
11 956 1
11 957 1
11 958 1
11 949 1
11 960 1
11 321 1
11 961 1
11 908 1
11 470 1
11 953 1
11 90 1
11 955 1
11 615 1
11 936 1
11 756 1
11 245 1
11 959 1
11 894 1
11 895 1
12 1024 1
12 1025 1
12 1026 1
12 1027 1
12 1028 1
12 983 1
12 322 1
12 1022 1
12 998 1
12 544 1
12 1017 1
12 987 1
12 1009 1
12 169 1
12 687 1
12 826 1
12 1013 1
12 962 1
12 963 1
12 964 1
12 965 1
12 966 1
12 967 1
12 968 1
12 969 1
12 970 1
12 971 1
12 972 1
12 973 1
12 974 1
12 397 1
12 976 1
12 977 1
12 978 1
12 979 1
12 980 1
12 981 1
12 982 1
12 471 1
12 984 1
12 985 1
12 986 1
12 91 1
12 988 1
12 989 1
12 990 1
12 991 1
12 992 1
12 993 1
12 994 1
12 995 1
12 996 1
12 997 1
12 975 1
12 999 1
12 616 1
12 1001 1
12 1002 1
12 1003 1
12 1004 1
12 1005 1
12 1006 1
12 1007 1
12 1008 1
12 1000 1
12 1010 1
12 1011 1
12 1012 1
12 757 1
12 246 1
12 1015 1
12 1016 1
12 1014 1
12 1018 1
12 1019 1
12 1020 1
12 1021 1
12 894 1
12 1023 1
13 1091 1
13 1029 1
13 1030 1
13 1031 1
13 1032 1
13 1033 1
13 1034 1
13 1035 1
13 1036 1
13 1037 1
13 398 1
13 1039 1
13 1040 1
13 1041 1
13 1042 1
13 1043 1
13 1044 1
13 1045 1
13 1046 1
13 1047 1
13 1048 1
13 1049 1
13 1050 1
13 1051 1
13 1052 1
13 1053 1
13 1054 1
13 1055 1
13 1056 1
13 545 1
13 1058 1
13 1059 1
13 1060 1
13 1061 1
13 1062 1
13 1063 1
13 1064 1
13 1065 1
13 170 1
13 1067 1
13 1068 1
13 1069 1
13 1070 1
13 1071 1
13 688 1
13 1073 1
13 1074 1
13 1075 1
13 1076 1
13 1077 1
13 1078 1
13 1079 1
13 1080 1
13 1081 1
13 1082 1
13 827 1
13 1084 1
13 1085 1
13 1086 1
13 1087 1
13 1088 1
13 1089 1
13 962 1
13 323 1
13 1092 1
13 1093 1
13 1094 1
13 1057 1
13 1038 1
13 472 1
13 92 1
13 1083 1
13 1090 1
13 1072 1
13 617 1
13 758 1
13 247 1
13 1066 1
13 895 1
14 896 1
14 1152 1
14 1154 1
14 1155 1
14 1156 1
14 1029 1
14 1158 1
14 1153 1
14 1149 1
14 399 1
14 1113 1
14 1143 1
14 1157 1
14 546 1
14 1159 1
14 171 1
14 1117 1
14 689 1
14 1144 1
14 828 1
14 963 1
14 324 1
14 1095 1
14 1096 1
14 1097 1
14 1098 1
14 1099 1
14 1100 1
14 1101 1
14 1102 1
14 1103 1
14 1104 1
14 1105 1
14 1106 1
14 1107 1
14 1108 1
14 1109 1
14 1110 1
14 1111 1
14 1112 1
14 473 1
14 1114 1
14 1115 1
14 1116 1
14 93 1
14 1118 1
14 1119 1
14 1120 1
14 1121 1
14 1122 1
14 1123 1
14 1124 1
14 1125 1
14 1126 1
14 1127 1
14 1128 1
14 1129 1
14 618 1
14 1131 1
14 1132 1
14 1133 1
14 1134 1
14 1135 1
14 1136 1
14 1137 1
14 1138 1
14 1139 1
14 1140 1
14 1141 1
14 1142 1
14 759 1
14 248 1
14 1145 1
14 1146 1
14 1147 1
14 1148 1
14 1130 1
14 1150 1
14 1151 1
15 897 1
15 1030 1
15 1202 1
15 1160 1
15 1161 1
15 1162 1
15 1163 1
15 1164 1
15 1165 1
15 1166 1
15 1167 1
15 400 1
15 1169 1
15 1170 1
15 1171 1
15 1172 1
15 1173 1
15 1174 1
15 1175 1
15 1176 1
15 1177 1
15 1178 1
15 1179 1
15 1180 1
15 1181 1
15 1182 1
15 1183 1
15 1184 1
15 1185 1
15 1186 1
15 547 1
15 1188 1
15 1189 1
15 1190 1
15 1191 1
15 1192 1
15 1193 1
15 1194 1
15 1195 1
15 172 1
15 1197 1
15 1198 1
15 1199 1
15 1200 1
15 1201 1
15 690 1
15 1203 1
15 1204 1
15 1205 1
15 1206 1
15 1207 1
15 1208 1
15 1209 1
15 1210 1
15 1211 1
15 1212 1
15 829 1
15 1214 1
15 1196 1
15 1216 1
15 1217 1
15 1218 1
15 1219 1
15 964 1
15 325 1
15 1222 1
15 1095 1
15 1220 1
15 1187 1
15 474 1
15 94 1
15 1168 1
15 619 1
15 1213 1
15 760 1
15 249 1
15 1215 1
15 1221 1
15 1223 1
16 1280 1
16 1281 1
16 898 1
16 1283 1
16 1284 1
16 1285 1
16 1286 1
16 1031 1
16 1160 1
16 1260 1
16 1274 1
16 1282 1
16 401 1
16 1243 1
16 548 1
16 1273 1
16 173 1
16 1224 1
16 691 1
16 1247 1
16 830 1
16 965 1
16 326 1
16 1096 1
16 1225 1
16 1226 1
16 1227 1
16 1228 1
16 1229 1
16 1230 1
16 1231 1
16 1232 1
16 1233 1
16 1234 1
16 1235 1
16 1236 1
16 1237 1
16 1238 1
16 1239 1
16 1240 1
16 1241 1
16 1242 1
16 475 1
16 1244 1
16 1245 1
16 1246 1
16 95 1
16 1248 1
16 1249 1
16 1250 1
16 1251 1
16 1252 1
16 1253 1
16 1254 1
16 1255 1
16 1256 1
16 1257 1
16 1258 1
16 1259 1
16 620 1
16 1261 1
16 1262 1
16 1263 1
16 1264 1
16 1265 1
16 1266 1
16 1267 1
16 1268 1
16 1269 1
16 1270 1
16 1271 1
16 1272 1
16 761 1
16 250 1
16 1275 1
16 1276 1
16 1277 1
16 1278 1
16 1279 1
17 899 1
17 1317 1
17 1287 1
17 1032 1
17 1289 1
17 1290 1
17 1291 1
17 1292 1
17 1293 1
17 1294 1
17 1295 1
17 1296 1
17 1297 1
17 1298 1
17 1299 1
17 1300 1
17 1301 1
17 1302 1
17 1303 1
17 1304 1
17 1305 1
17 1306 1
17 1307 1
17 1308 1
17 1309 1
17 1310 1
17 1311 1
17 1312 1
17 1313 1
17 1314 1
17 1315 1
17 1316 1
17 549 1
17 1318 1
17 1319 1
17 1320 1
17 1321 1
17 1322 1
17 1323 1
17 1324 1
17 1325 1
17 174 1
17 1327 1
17 1328 1
17 1288 1
17 1330 1
17 1331 1
17 692 1
17 1333 1
17 1334 1
17 1161 1
17 1336 1
17 1332 1
17 1338 1
17 1339 1
17 1340 1
17 1341 1
17 1342 1
17 831 1
17 1344 1
17 1345 1
17 1346 1
17 1347 1
17 1348 1
17 966 1
17 327 1
17 1224 1
17 1097 1
17 1335 1
17 1343 1
17 1337 1
17 476 1
17 621 1
17 96 1
17 1326 1
17 402 1
17 1329 1
17 762 1
17 251 1
18 1408 1
18 1409 1
18 900 1
18 1287 1
18 1033 1
18 1162 1
18 1377 1
18 403 1
18 1390 1
18 1373 1
18 1403 1
18 550 1
18 967 1
18 175 1
18 1352 1
18 693 1
18 1353 1
18 1404 1
18 1354 1
18 832 1
18 1349 1
18 1350 1
18 1351 1
18 328 1
18 1225 1
18 1098 1
18 1355 1
18 1356 1
18 1357 1
18 1358 1
18 1359 1
18 1360 1
18 1361 1
18 1362 1
18 1363 1
18 1364 1
18 1365 1
18 1366 1
18 1367 1
18 1368 1
18 1369 1
18 1370 1
18 1371 1
18 1372 1
18 477 1
18 1374 1
18 1375 1
18 1376 1
18 97 1
18 1378 1
18 1379 1
18 1380 1
18 1381 1
18 1382 1
18 1383 1
18 1384 1
18 1385 1
18 1386 1
18 1387 1
18 1388 1
18 1389 1
18 622 1
18 1391 1
18 1392 1
18 1393 1
18 1394 1
18 1395 1
18 1396 1
18 1397 1
18 1398 1
18 1399 1
18 1400 1
18 1401 1
18 1402 1
18 763 1
18 252 1
18 1405 1
18 1406 1
18 1407 1
19 1410 1
19 1411 1
19 1412 1
19 901 1
19 1414 1
19 1415 1
19 1416 1
19 1417 1
19 1034 1
19 1163 1
19 1420 1
19 1421 1
19 1422 1
19 1423 1
19 1424 1
19 1425 1
19 1426 1
19 1427 1
19 404 1
19 1429 1
19 1430 1
19 1431 1
19 1432 1
19 1433 1
19 1434 1
19 1435 1
19 1436 1
19 1437 1
19 1438 1
19 1413 1
19 1440 1
19 1441 1
19 1442 1
19 1443 1
19 1444 1
19 1445 1
19 1446 1
19 551 1
19 1448 1
19 1449 1
19 1450 1
19 1451 1
19 1452 1
19 1453 1
19 1454 1
19 1455 1
19 176 1
19 1288 1
19 1458 1
19 1459 1
19 1460 1
19 1461 1
19 694 1
19 1463 1
19 1464 1
19 1465 1
19 1462 1
19 1439 1
19 1468 1
19 1418 1
19 833 1
19 1419 1
19 1349 1
19 968 1
19 329 1
19 1226 1
19 1099 1
19 1456 1
19 1469 1
19 1466 1
19 478 1
19 98 1
19 1467 1
19 1447 1
19 623 1
19 1457 1
19 1428 1
19 764 1
19 253 1
20 1410 1
20 902 1
20 1289 1
20 1035 1
20 1164 1
20 1474 1
20 1528 1
20 1507 1
20 405 1
20 1519 1
20 1484 1
20 1520 1
20 1478 1
20 552 1
20 177 1
20 695 1
20 1503 1
20 1482 1
20 1470 1
20 1471 1
20 1472 1
20 1473 1
20 834 1
20 1475 1
20 1476 1
20 1477 1
20 1350 1
20 1479 1
20 1480 1
20 969 1
20 330 1
20 1227 1
20 1100 1
20 1485 1
20 1486 1
20 1487 1
20 1488 1
20 1489 1
20 1490 1
20 1491 1
20 1492 1
20 1493 1
20 1494 1
20 1495 1
20 1496 1
20 1497 1
20 1498 1
20 1499 1
20 1500 1
20 1501 1
20 1502 1
20 479 1
20 1504 1
20 1505 1
20 1506 1
20 99 1
20 1508 1
20 1509 1
20 1510 1
20 1511 1
20 1512 1
20 1513 1
20 1514 1
20 1515 1
20 1516 1
20 1517 1
20 1518 1
20 765 1
20 624 1
20 1521 1
20 1522 1
20 1523 1
20 1524 1
20 1525 1
20 1526 1
20 1527 1
20 1483 1
20 1481 1
20 254 1
21 1536 1
21 1537 1
21 1538 1
21 1539 1
21 1540 1
21 1541 1
21 1542 1
21 1543 1
21 1544 1
21 1545 1
21 1546 1
21 1547 1
21 1036 1
21 1165 1
21 1550 1
21 1551 1
21 1552 1
21 1553 1
21 1554 1
21 1411 1
21 1556 1
21 1557 1
21 406 1
21 1559 1
21 1560 1
21 1561 1
21 1562 1
21 1563 1
21 1564 1
21 1565 1
21 1566 1
21 1567 1
21 1568 1
21 1569 1
21 1570 1
21 1571 1
21 1572 1
21 1573 1
21 1574 1
21 1575 1
21 1576 1
21 553 1
21 1578 1
21 903 1
21 1580 1
21 1581 1
21 1582 1
21 1583 1
21 1584 1
21 1585 1
21 178 1
21 696 1
21 1290 1
21 1470 1
21 1579 1
21 835 1
21 1351 1
21 1548 1
21 970 1
21 331 1
21 1228 1
21 1101 1
21 1549 1
21 480 1
21 1586 1
21 100 1
21 255 1
21 625 1
21 1555 1
21 1558 1
21 766 1
21 1577 1
21 1529 1
21 1530 1
21 1531 1
21 1532 1
21 1533 1
21 1534 1
21 1535 1
22 256 1
22 1611 1
22 1412 1
22 904 1
22 1291 1
22 1037 1
22 1166 1
22 1637 1
22 407 1
22 1604 1
22 1612 1
22 1627 1
22 1608 1
22 554 1
22 1621 1
22 1587 1
22 179 1
22 1588 1
22 1589 1
22 1590 1
22 1591 1
22 1592 1
22 1593 1
22 1594 1
22 1595 1
22 1596 1
22 1597 1
22 1598 1
22 1599 1
22 1600 1
22 1601 1
22 1602 1
22 1603 1
22 836 1
22 1605 1
22 1606 1
22 1607 1
22 1352 1
22 1609 1
22 1610 1
22 971 1
22 332 1
22 1229 1
22 1102 1
22 1613 1
22 1616 1
22 1617 1
22 1618 1
22 1619 1
22 1620 1
22 1614 1
22 1622 1
22 697 1
22 1624 1
22 1625 1
22 1626 1
22 1615 1
22 1628 1
22 1629 1
22 1630 1
22 1631 1
22 1632 1
22 481 1
22 1634 1
22 1635 1
22 1636 1
22 101 1
22 1638 1
22 1639 1
22 1640 1
22 1641 1
22 1623 1
22 1643 1
22 626 1
22 1633 1
22 1529 1
22 1471 1
22 1642 1
22 767 1
23 768 1
23 257 1
23 1666 1
23 1667 1
23 1668 1
23 1413 1
23 1670 1
23 1665 1
23 1672 1
23 905 1
23 1674 1
23 1675 1
23 1292 1
23 1677 1
23 1038 1
23 1167 1
23 1680 1
23 1681 1
23 1682 1
23 627 1
23 1684 1
23 1685 1
23 1686 1
23 1687 1
23 408 1
23 1689 1
23 1688 1
23 1691 1
23 1692 1
23 1690 1
23 1694 1
23 1669 1
23 1696 1
23 1697 1
23 1676 1
23 1699 1
23 1664 1
23 555 1
23 1693 1
23 1587 1
23 180 1
23 1673 1
23 698 1
23 1695 1
23 1671 1
23 1472 1
23 837 1
23 1683 1
23 1353 1
23 972 1
23 333 1
23 1230 1
23 1103 1
23 1678 1
23 1679 1
23 1530 1
23 482 1
23 102 1
23 1698 1
23 1644 1
23 1645 1
23 1646 1
23 1647 1
23 1648 1
23 1649 1
23 1650 1
23 1651 1
23 1652 1
23 1653 1
23 1654 1
23 1655 1
23 1656 1
23 1657 1
23 1658 1
23 1659 1
23 1660 1
23 1661 1
23 1662 1
23 1663 1
24 769 1
24 258 1
24 1414 1
24 1729 1
24 1708 1
24 906 1
24 1751 1
24 1293 1
24 1039 1
24 1168 1
24 409 1
24 1727 1
24 1700 1
24 1701 1
24 1702 1
24 1703 1
24 1704 1
24 1705 1
24 1706 1
24 1707 1
24 556 1
24 1709 1
24 1710 1
24 1711 1
24 1712 1
24 1713 1
24 1714 1
24 1715 1
24 1716 1
24 181 1
24 1718 1
24 1719 1
24 1720 1
24 1588 1
24 1722 1
24 699 1
24 1724 1
24 1725 1
24 1726 1
24 1717 1
24 1728 1
24 1473 1
24 1730 1
24 1731 1
24 1732 1
24 1733 1
24 838 1
24 1735 1
24 1736 1
24 1723 1
24 1354 1
24 1739 1
24 1740 1
24 973 1
24 334 1
24 1231 1
24 1104 1
24 1745 1
24 1746 1
24 1747 1
24 1748 1
24 1742 1
24 1750 1
24 1721 1
24 1752 1
24 1753 1
24 1737 1
24 1743 1
24 1744 1
24 483 1
24 103 1
24 1738 1
24 1754 1
24 1644 1
24 1734 1
24 628 1
24 1531 1
24 1741 1
24 1749 1
25 1792 1
25 1793 1
25 770 1
25 259 1
25 1796 1
25 1797 1
25 1798 1
25 1415 1
25 1800 1
25 1801 1
25 1802 1
25 907 1
25 1804 1
25 1794 1
25 1294 1
25 1773 1
25 1040 1
25 1169 1
25 1795 1
25 410 1
25 1808 1
25 1700 1
25 1777 1
25 1799 1
25 557 1
25 1589 1
25 182 1
25 1807 1
25 700 1
25 1781 1
25 1474 1
25 1803 1
25 1805 1
25 1788 1
25 839 1
25 1355 1
25 974 1
25 335 1
25 1232 1
25 1105 1
25 1806 1
25 1764 1
25 1755 1
25 1756 1
25 1757 1
25 1758 1
25 1759 1
25 1760 1
25 1761 1
25 1762 1
25 1763 1
25 484 1
25 1765 1
25 1766 1
25 1767 1
25 104 1
25 1769 1
25 1770 1
25 1771 1
25 1772 1
25 1645 1
25 1774 1
25 1775 1
25 1776 1
25 1768 1
25 1778 1
25 1779 1
25 1780 1
25 629 1
25 1782 1
25 1783 1
25 1784 1
25 1785 1
25 1786 1
25 1787 1
25 1532 1
25 1789 1
25 1790 1
25 1791 1
26 771 1
26 260 1
26 1416 1
26 908 1
26 1295 1
26 1041 1
26 1170 1
26 1811 1
26 1812 1
26 1813 1
26 1814 1
26 1815 1
26 1816 1
26 1817 1
26 1818 1
26 411 1
26 1820 1
26 1821 1
26 1822 1
26 1823 1
26 1824 1
26 1825 1
26 1826 1
26 1819 1
26 1828 1
26 1701 1
26 1830 1
26 1831 1
26 1832 1
26 1833 1
26 1834 1
26 1835 1
26 1836 1
26 1837 1
26 558 1
26 1839 1
26 1840 1
26 1838 1
26 1842 1
26 1843 1
26 1844 1
26 1845 1
26 1590 1
26 183 1
26 1848 1
26 1849 1
26 1850 1
26 1851 1
26 1852 1
26 701 1
26 1854 1
26 1855 1
26 1856 1
26 1857 1
26 1858 1
26 1475 1
26 1860 1
26 1846 1
26 840 1
26 1847 1
26 1356 1
26 975 1
26 336 1
26 1233 1
26 1106 1
26 1827 1
26 1861 1
26 1755 1
26 1829 1
26 485 1
26 1809 1
26 105 1
26 1859 1
26 1810 1
26 1646 1
26 1853 1
26 1841 1
26 630 1
26 1533 1
27 1911 1
27 1899 1
27 772 1
27 261 1
27 1417 1
27 909 1
27 1901 1
27 1296 1
27 1809 1
27 1042 1
27 1171 1
27 1903 1
27 412 1
27 1889 1
27 1702 1
27 1884 1
27 841 1
27 559 1
27 1907 1
27 1894 1
27 1591 1
27 184 1
27 702 1
27 1888 1
27 1476 1
27 1862 1
27 1863 1
27 1864 1
27 1865 1
27 1866 1
27 1867 1
27 1868 1
27 1357 1
27 1870 1
27 1871 1
27 976 1
27 337 1
27 1234 1
27 1107 1
27 1876 1
27 1877 1
27 1878 1
27 1879 1
27 1880 1
27 1881 1
27 1882 1
27 1883 1
27 1756 1
27 1885 1
27 1886 1
27 1887 1
27 1869 1
27 1872 1
27 1890 1
27 1891 1
27 1892 1
27 1893 1
27 486 1
27 1873 1
27 1896 1
27 1897 1
27 106 1
27 1895 1
27 1900 1
27 1874 1
27 1902 1
27 1647 1
27 1904 1
27 1905 1
27 1906 1
27 1875 1
27 1908 1
27 1909 1
27 1910 1
27 631 1
27 1912 1
27 1913 1
27 1898 1
27 1534 1
28 1920 1
28 1921 1
28 1922 1
28 1923 1
28 1924 1
28 773 1
28 262 1
28 1927 1
28 1928 1
28 1929 1
28 1418 1
28 1931 1
28 1932 1
28 1933 1
28 910 1
28 1935 1
28 1936 1
28 1297 1
28 1810 1
28 1043 1
28 1172 1
28 1941 1
28 1942 1
28 1535 1
28 1944 1
28 1945 1
28 1946 1
28 1947 1
28 1948 1
28 413 1
28 1950 1
28 1925 1
28 1952 1
28 1953 1
28 1954 1
28 1955 1
28 1956 1
28 1926 1
28 1958 1
28 1703 1
28 1960 1
28 1961 1
28 1962 1
28 1959 1
28 1964 1
28 1949 1
28 560 1
28 1592 1
28 185 1
28 1951 1
28 1930 1
28 703 1
28 1937 1
28 1477 1
28 1862 1
28 842 1
28 1963 1
28 1358 1
28 977 1
28 338 1
28 1235 1
28 1108 1
28 1934 1
28 1757 1
28 1957 1
28 487 1
28 107 1
28 1938 1
28 1648 1
28 1939 1
28 1943 1
28 632 1
28 1940 1
28 1914 1
28 1915 1
28 1916 1
28 1917 1
28 1918 1
28 1919 1
29 1536 1
29 1984 1
29 774 1
29 263 1
29 1419 1
29 1995 1
29 911 1
29 1298 1
29 1811 1
29 1044 1
29 1173 1
29 2004 1
29 414 1
29 2011 1
29 1990 1
29 561 1
29 1704 1
29 2013 1
29 1991 1
29 1965 1
29 1966 1
29 1967 1
29 1968 1
29 1969 1
29 1970 1
29 1971 1
29 1972 1
29 1973 1
29 1974 1
29 1975 1
29 1976 1
29 1977 1
29 1978 1
29 1979 1
29 1980 1
29 1981 1
29 1982 1
29 1983 1
29 704 1
29 1985 1
29 1986 1
29 1987 1
29 1988 1
29 1989 1
29 1478 1
29 1863 1
29 1992 1
29 1993 1
29 1994 1
29 843 1
29 1996 1
29 1997 1
29 1998 1
29 1359 1
29 2000 1
29 2001 1
29 978 1
29 339 1
29 1236 1
29 1109 1
29 2006 1
29 1593 1
29 2008 1
29 2009 1
29 2010 1
29 1999 1
29 2012 1
29 186 1
29 1758 1
29 488 1
29 2014 1
29 108 1
29 2002 1
29 1649 1
29 2003 1
29 2007 1
29 633 1
29 1914 1
29 2005 1
30 2048 1
30 1537 1
30 2050 1
30 2051 1
30 2052 1
30 2053 1
30 2054 1
30 775 1
30 264 1
30 2057 1
30 2058 1
30 2059 1
30 1420 1
30 2061 1
30 2062 1
30 2029 1
30 912 1
30 1299 1
30 1812 1
30 1045 1
30 1174 1
30 415 1
30 2034 1
30 2049 1
30 1705 1
30 2055 1
30 1965 1
30 2043 1
30 2056 1
30 562 1
30 1594 1
30 1759 1
30 2037 1
30 705 1
30 1479 1
30 1864 1
30 2060 1
30 2039 1
30 844 1
30 1360 1
30 979 1
30 340 1
30 1237 1
30 1110 1
30 2063 1
30 2042 1
30 2015 1
30 2016 1
30 2017 1
30 2018 1
30 2019 1
30 2020 1
30 2021 1
30 2022 1
30 2023 1
30 2024 1
30 489 1
30 2026 1
30 2027 1
30 2028 1
30 109 1
30 2030 1
30 2031 1
30 2032 1
30 2033 1
30 1650 1
30 2035 1
30 2036 1
30 187 1
30 2038 1
30 2025 1
30 2040 1
30 2041 1
30 634 1
30 1915 1
30 2044 1
30 2045 1
30 2046 1
30 2047 1
31 1538 1
31 1046 1
31 776 1
31 265 1
31 2071 1
31 1421 1
31 2064 1
31 2065 1
31 2066 1
31 2067 1
31 2068 1
31 2069 1
31 2070 1
31 1175 1
31 2072 1
31 2073 1
31 2074 1
31 2075 1
31 2076 1
31 2077 1
31 2078 1
31 2079 1
31 416 1
31 2081 1
31 2082 1
31 2083 1
31 2084 1
31 2085 1
31 2086 1
31 2087 1
31 2088 1
31 2089 1
31 1706 1
31 2091 1
31 2092 1
31 2093 1
31 1966 1
31 2095 1
31 2096 1
31 2097 1
31 2098 1
31 563 1
31 2100 1
31 2101 1
31 2102 1
31 2103 1
31 2104 1
31 2105 1
31 2106 1
31 1595 1
31 188 1
31 2109 1
31 2110 1
31 2111 1
31 2080 1
31 706 1
31 1480 1
31 1865 1
31 845 1
31 2108 1
31 1361 1
31 980 1
31 341 1
31 1238 1
31 1111 1
31 2094 1
31 2015 1
31 1760 1
31 2107 1
31 913 1
31 2099 1
31 490 1
31 110 1
31 1651 1
31 1300 1
31 635 1
31 1916 1
31 2090 1
31 1813 1
32 1539 1
32 2134 1
32 777 1
32 266 1
32 2135 1
32 1422 1
32 2157 1
32 2064 1
32 2136 1
32 914 1
32 2115 1
32 1301 1
32 1814 1
32 1047 1
32 1176 1
32 417 1
32 2155 1
32 2145 1
32 1707 1
32 1967 1
32 2144 1
32 189 1
32 564 1
32 2121 1
32 1596 1
32 2122 1
32 2112 1
32 2113 1
32 2114 1
32 707 1
32 2116 1
32 2117 1
32 2118 1
32 2119 1
32 2120 1
32 1481 1
32 1866 1
32 2123 1
32 2124 1
32 2125 1
32 846 1
32 2127 1
32 2128 1
32 2129 1
32 1362 1
32 2131 1
32 2132 1
32 981 1
32 342 1
32 1239 1
32 1112 1
32 2137 1
32 2138 1
32 2139 1
32 2140 1
32 2141 1
32 2142 1
32 2143 1
32 2016 1
32 1761 1
32 2146 1
32 2147 1
32 2148 1
32 2149 1
32 2150 1
32 2151 1
32 2152 1
32 2153 1
32 2154 1
32 491 1
32 2126 1
32 2130 1
32 2158 1
32 111 1
32 2156 1
32 1652 1
32 636 1
32 1917 1
32 2133 1
33 2176 1
33 2177 1
33 2178 1
33 2179 1
33 1540 1
33 2181 1
33 2182 1
33 2183 1
33 2184 1
33 2185 1
33 778 1
33 267 1
33 2188 1
33 2174 1
33 2190 1
33 1423 1
33 2192 1
33 2065 1
33 2194 1
33 915 1
33 2196 1
33 2197 1
33 1302 1
33 1815 1
33 1048 1
33 1177 1
33 2200 1
33 2203 1
33 2204 1
33 2202 1
33 112 1
33 418 1
33 1708 1
33 2173 1
33 1968 1
33 565 1
33 2201 1
33 1597 1
33 190 1
33 1653 1
33 2112 1
33 2180 1
33 2187 1
33 708 1
33 2195 1
33 1482 1
33 1867 1
33 847 1
33 2189 1
33 2186 1
33 1363 1
33 982 1
33 343 1
33 1240 1
33 1113 1
33 2191 1
33 2199 1
33 2198 1
33 2017 1
33 1762 1
33 2193 1
33 492 1
33 2159 1
33 2160 1
33 2161 1
33 2162 1
33 2163 1
33 2164 1
33 2165 1
33 2166 1
33 2167 1
33 2168 1
33 2169 1
33 2170 1
33 2171 1
33 2172 1
33 637 1
33 1918 1
33 2175 1
34 1541 1
34 2241 1
34 2225 1
34 779 1
34 268 1
34 2221 1
34 1424 1
34 2245 1
34 2066 1
34 916 1
34 1303 1
34 1816 1
34 1049 1
34 1178 1
34 2205 1
34 2206 1
34 2207 1
34 2208 1
34 2209 1
34 2210 1
34 419 1
34 2212 1
34 2213 1
34 2214 1
34 2215 1
34 2216 1
34 2217 1
34 2218 1
34 2219 1
34 2220 1
34 1709 1
34 2222 1
34 2223 1
34 2224 1
34 1969 1
34 2226 1
34 2227 1
34 2228 1
34 2229 1
34 566 1
34 2231 1
34 2232 1
34 2233 1
34 2234 1
34 2235 1
34 2236 1
34 2237 1
34 1598 1
34 191 1
34 2240 1
34 2113 1
34 2242 1
34 2243 1
34 2244 1
34 709 1
34 2246 1
34 2247 1
34 2248 1
34 2249 1
34 1483 1
34 1868 1
34 848 1
34 2211 1
34 1364 1
34 983 1
34 344 1
34 1241 1
34 1114 1
34 2018 1
34 1763 1
34 493 1
34 2159 1
34 113 1
34 2230 1
34 2238 1
34 1654 1
34 2239 1
34 638 1
34 1919 1
35 1920 1
35 2261 1
35 2283 1
35 2276 1
35 1542 1
35 780 1
35 269 1
35 2285 1
35 1425 1
35 2067 1
35 917 1
35 2265 1
35 1304 1
35 1817 1
35 1050 1
35 1179 1
35 2264 1
35 2205 1
35 2275 1
35 2288 1
35 2267 1
35 420 1
35 2290 1
35 1710 1
35 2286 1
35 1970 1
35 567 1
35 2266 1
35 1599 1
35 192 1
35 2114 1
35 710 1
35 2252 1
35 2250 1
35 2251 1
35 1484 1
35 1869 1
35 2254 1
35 2255 1
35 2256 1
35 2257 1
35 2253 1
35 2259 1
35 2260 1
35 1365 1
35 2262 1
35 2263 1
35 984 1
35 345 1
35 1242 1
35 1115 1
35 2268 1
35 2269 1
35 2270 1
35 2271 1
35 2272 1
35 2273 1
35 2274 1
35 2019 1
35 1764 1
35 2277 1
35 2278 1
35 849 1
35 2280 1
35 2281 1
35 2282 1
35 2279 1
35 2284 1
35 2258 1
35 494 1
35 2287 1
35 2160 1
35 2289 1
35 114 1
35 2291 1
35 2292 1
35 2293 1
35 1655 1
35 639 1
36 640 1
36 1921 1
36 2306 1
36 2307 1
36 2308 1
36 2309 1
36 2310 1
36 1543 1
36 2312 1
36 2304 1
36 2314 1
36 2315 1
36 2316 1
36 781 1
36 270 1
36 2319 1
36 2320 1
36 2321 1
36 1426 1
36 2323 1
36 2068 1
36 2325 1
36 918 1
36 2327 1
36 2328 1
36 1305 1
36 1818 1
36 1051 1
36 1180 1
36 2330 1
36 2206 1
36 2335 1
36 2336 1
36 2331 1
36 421 1
36 2324 1
36 2332 1
36 2311 1
36 1711 1
36 1971 1
36 2333 1
36 2334 1
36 2313 1
36 568 1
36 2329 1
36 1600 1
36 193 1
36 2115 1
36 711 1
36 2250 1
36 1485 1
36 1870 1
36 2317 1
36 2296 1
36 850 1
36 2318 1
36 1366 1
36 985 1
36 346 1
36 1243 1
36 1116 1
36 2326 1
36 2020 1
36 1765 1
36 2305 1
36 2322 1
36 495 1
36 2161 1
36 115 1
36 2294 1
36 2295 1
36 1656 1
36 2297 1
36 2298 1
36 2299 1
36 2300 1
36 2301 1
36 2302 1
36 2303 1
37 641 1
37 1922 1
37 422 1
37 1544 1
37 2370 1
37 782 1
37 271 1
37 1427 1
37 2069 1
37 919 1
37 2372 1
37 1306 1
37 1819 1
37 1052 1
37 1181 1
37 2207 1
37 2337 1
37 2338 1
37 2339 1
37 2340 1
37 2341 1
37 2342 1
37 2343 1
37 2344 1
37 2345 1
37 2346 1
37 2347 1
37 2348 1
37 2349 1
37 2350 1
37 2351 1
37 1712 1
37 2353 1
37 2354 1
37 2355 1
37 1972 1
37 2357 1
37 2358 1
37 2359 1
37 2360 1
37 569 1
37 2362 1
37 2363 1
37 2364 1
37 2365 1
37 2366 1
37 2367 1
37 2368 1
37 1601 1
37 194 1
37 2371 1
37 2116 1
37 2373 1
37 2374 1
37 2375 1
37 712 1
37 2377 1
37 2378 1
37 2251 1
37 1486 1
37 1871 1
37 2376 1
37 851 1
37 1367 1
37 986 1
37 347 1
37 1244 1
37 1117 1
37 2021 1
37 1766 1
37 2356 1
37 2369 1
37 2352 1
37 496 1
37 2162 1
37 116 1
37 2294 1
37 1657 1
37 2361 1
38 642 1
38 1923 1
38 2417 1
38 1545 1
38 2406 1
38 783 1
38 272 1
38 2392 1
38 2383 1
38 1428 1
38 2070 1
38 920 1
38 1307 1
38 1820 1
38 1053 1
38 1182 1
38 2208 1
38 2337 1
38 2395 1
38 423 1
38 2396 1
38 2397 1
38 1713 1
38 2419 1
38 1973 1
38 2380 1
38 570 1
38 1602 1
38 195 1
38 2398 1
38 2117 1
38 2401 1
38 713 1
38 2411 1
38 2379 1
38 2252 1
38 2381 1
38 2382 1
38 1487 1
38 1872 1
38 2385 1
38 2386 1
38 2387 1
38 852 1
38 2389 1
38 2390 1
38 2391 1
38 1368 1
38 2393 1
38 2394 1
38 987 1
38 348 1
38 1245 1
38 1118 1
38 2399 1
38 2400 1
38 2384 1
38 2402 1
38 2403 1
38 2404 1
38 2405 1
38 2022 1
38 1767 1
38 2408 1
38 2409 1
38 2410 1
38 2407 1
38 2412 1
38 2413 1
38 2414 1
38 2415 1
38 2416 1
38 497 1
38 2418 1
38 2163 1
38 117 1
38 2295 1
38 2388 1
38 1658 1
39 2432 1
39 2433 1
39 2434 1
39 643 1
39 1924 1
39 2437 1
39 2438 1
39 2439 1
39 2440 1
39 2441 1
39 1546 1
39 2443 1
39 2444 1
39 2445 1
39 2446 1
39 2447 1
39 784 1
39 273 1
39 2450 1
39 2435 1
39 2452 1
39 1429 1
39 2454 1
39 2071 1
39 2456 1
39 921 1
39 2458 1
39 2459 1
39 1308 1
39 1821 1
39 1054 1
39 1183 1
39 2209 1
39 2338 1
39 424 1
39 1714 1
39 1974 1
39 2164 1
39 571 1
39 2442 1
39 2451 1
39 2457 1
39 1603 1
39 196 1
39 118 1
39 2118 1
39 2453 1
39 2448 1
39 714 1
39 2379 1
39 2253 1
39 1488 1
39 1873 1
39 853 1
39 1369 1
39 2455 1
39 988 1
39 349 1
39 1246 1
39 1119 1
39 2449 1
39 2424 1
39 2427 1
39 2023 1
39 1768 1
39 498 1
39 2436 1
39 2420 1
39 2421 1
39 2422 1
39 2423 1
39 2296 1
39 2425 1
39 2426 1
39 1659 1
39 2428 1
39 2429 1
39 2430 1
39 2431 1
40 644 1
40 1925 1
40 2497 1
40 1547 1
40 785 1
40 274 1
40 2483 1
40 1430 1
40 2072 1
40 922 1
40 2479 1
40 2460 1
40 2461 1
40 1822 1
40 1055 1
40 1184 1
40 2465 1
40 2210 1
40 2339 1
40 2468 1
40 2469 1
40 2470 1
40 2471 1
40 2472 1
40 425 1
40 2474 1
40 2475 1
40 2476 1
40 2477 1
40 2478 1
40 1309 1
40 2480 1
40 2481 1
40 2482 1
40 1715 1
40 2484 1
40 2462 1
40 2486 1
40 1975 1
40 2488 1
40 2489 1
40 2490 1
40 2463 1
40 572 1
40 2493 1
40 2494 1
40 2485 1
40 2496 1
40 2464 1
40 2498 1
40 1604 1
40 197 1
40 2119 1
40 2473 1
40 715 1
40 2380 1
40 2466 1
40 2254 1
40 1489 1
40 1874 1
40 2467 1
40 854 1
40 1370 1
40 2492 1
40 2487 1
40 989 1
40 350 1
40 1247 1
40 1120 1
40 2491 1
40 2024 1
40 1769 1
40 499 1
40 2420 1
40 2165 1
40 119 1
40 2297 1
40 2495 1
40 1660 1
41 645 1
41 1926 1
41 2519 1
41 1548 1
41 786 1
41 275 1
41 2501 1
41 2511 1
41 1431 1
41 2073 1
41 923 1
41 2460 1
41 2522 1
41 1310 1
41 1823 1
41 1056 1
41 1185 1
41 2211 1
41 2340 1
41 2502 1
41 426 1
41 2504 1
41 2529 1
41 1716 1
41 2526 1
41 1976 1
41 2527 1
41 2508 1
41 573 1
41 2528 1
41 2499 1
41 2500 1
41 1605 1
41 198 1
41 2503 1
41 2120 1
41 2505 1
41 2506 1
41 2507 1
41 716 1
41 2381 1
41 2510 1
41 2255 1
41 2512 1
41 2513 1
41 1490 1
41 1875 1
41 2516 1
41 2517 1
41 2518 1
41 855 1
41 2520 1
41 2521 1
41 2509 1
41 1371 1
41 2524 1
41 2525 1
41 990 1
41 351 1
41 1248 1
41 1121 1
41 2530 1
41 2531 1
41 2532 1
41 2533 1
41 2534 1
41 2535 1
41 2536 1
41 2025 1
41 1770 1
41 2514 1
41 2515 1
41 500 1
41 2421 1
41 2166 1
41 120 1
41 2298 1
41 1661 1
41 2523 1
42 2560 1
42 2561 1
42 2562 1
42 2539 1
42 2564 1
42 2565 1
42 646 1
42 1927 1
42 2568 1
42 2569 1
42 2566 1
42 2571 1
42 2572 1
42 1549 1
42 787 1
42 276 1
42 1432 1
42 2558 1
42 2074 1
42 924 1
42 2461 1
42 1311 1
42 1824 1
42 1057 1
42 1186 1
42 2212 1
42 2341 1
42 2567 1
42 427 1
42 2563 1
42 1717 1
42 1977 1
42 2570 1
42 574 1
42 2549 1
42 2499 1
42 2550 1
42 1606 1
42 199 1
42 2121 1
42 2551 1
42 717 1
42 2382 1
42 2573 1
42 2256 1
42 1491 1
42 1876 1
42 2553 1
42 856 1
42 1372 1
42 991 1
42 352 1
42 1249 1
42 1122 1
42 2555 1
42 2557 1
42 2537 1
42 2026 1
42 1771 1
42 2540 1
42 2541 1
42 2542 1
42 2543 1
42 2544 1
42 2545 1
42 2546 1
42 2547 1
42 2548 1
42 501 1
42 2422 1
42 2167 1
42 2552 1
42 121 1
42 2554 1
42 2299 1
42 2556 1
42 2538 1
42 1662 1
42 2559 1
43 2587 1
43 647 1
43 1928 1
43 2604 1
43 2593 1
43 1550 1
43 2575 1
43 2576 1
43 2577 1
43 2578 1
43 2579 1
43 788 1
43 277 1
43 2582 1
43 2583 1
43 2584 1
43 1433 1
43 2586 1
43 2075 1
43 2588 1
43 925 1
43 2462 1
43 2591 1
43 1312 1
43 1825 1
43 1058 1
43 1187 1
43 2596 1
43 2213 1
43 2342 1
43 2599 1
43 2600 1
43 2601 1
43 2602 1
43 2603 1
43 428 1
43 2605 1
43 2606 1
43 2589 1
43 2608 1
43 2609 1
43 2590 1
43 1718 1
43 1978 1
43 575 1
43 2607 1
43 2592 1
43 2500 1
43 1607 1
43 200 1
43 2122 1
43 2598 1
43 2581 1
43 2594 1
43 718 1
43 2383 1
43 2257 1
43 2595 1
43 1492 1
43 1877 1
43 2585 1
43 857 1
43 1373 1
43 2597 1
43 992 1
43 353 1
43 1250 1
43 1123 1
43 2574 1
43 2537 1
43 2027 1
43 1772 1
43 502 1
43 2423 1
43 2168 1
43 2580 1
43 122 1
43 2300 1
43 1663 1
44 1664 1
44 2624 1
44 2625 1
44 648 1
44 1929 1
44 2574 1
44 1551 1
44 789 1
44 278 1
44 1434 1
44 2640 1
44 2076 1
44 926 1
44 2463 1
44 1313 1
44 1826 1
44 1059 1
44 1188 1
44 2214 1
44 2343 1
44 429 1
44 2632 1
44 2610 1
44 2611 1
44 2612 1
44 2613 1
44 2614 1
44 1719 1
44 2616 1
44 2617 1
44 2618 1
44 1979 1
44 2620 1
44 2621 1
44 2622 1
44 2623 1
44 576 1
44 2619 1
44 2626 1
44 2627 1
44 2628 1
44 2501 1
44 2630 1
44 2631 1
44 1608 1
44 201 1
44 2634 1
44 2123 1
44 2636 1
44 2637 1
44 2638 1
44 719 1
44 2384 1
44 2641 1
44 2258 1
44 2643 1
44 2644 1
44 1493 1
44 1878 1
44 858 1
44 2639 1
44 1374 1
44 993 1
44 354 1
44 1251 1
44 1124 1
44 2633 1
44 2538 1
44 2635 1
44 2028 1
44 1773 1
44 2629 1
44 2615 1
44 2642 1
44 503 1
44 2424 1
44 2169 1
44 123 1
44 2301 1
45 1665 1
45 2651 1
45 2667 1
45 2646 1
45 649 1
45 1930 1
45 2647 1
45 2575 1
45 1552 1
45 2660 1
45 2670 1
45 790 1
45 279 1
45 1435 1
45 2077 1
45 2669 1
45 927 1
45 2464 1
45 1314 1
45 1827 1
45 1060 1
45 1189 1
45 2215 1
45 2344 1
45 430 1
45 2661 1
45 2610 1
45 2675 1
45 1720 1
45 2655 1
45 1980 1
45 577 1
45 2502 1
45 1609 1
45 202 1
45 2124 1
45 2658 1
45 720 1
45 2385 1
45 2259 1
45 2645 1
45 1494 1
45 1879 1
45 2648 1
45 2649 1
45 2650 1
45 859 1
45 2652 1
45 2653 1
45 2654 1
45 1375 1
45 2656 1
45 2657 1
45 994 1
45 355 1
45 1252 1
45 1125 1
45 2662 1
45 2663 1
45 2664 1
45 2665 1
45 2666 1
45 2539 1
45 2668 1
45 2029 1
45 1774 1
45 2671 1
45 2672 1
45 2673 1
45 2674 1
45 2659 1
45 2676 1
45 2677 1
45 2678 1
45 504 1
45 2425 1
45 2170 1
45 124 1
45 2302 1
46 2688 1
46 2689 1
46 1666 1
46 2691 1
46 2692 1
46 2693 1
46 2694 1
46 2681 1
46 2696 1
46 2697 1
46 650 1
46 1931 1
46 2700 1
46 2690 1
46 2702 1
46 2703 1
46 2576 1
46 1553 1
46 2706 1
46 2707 1
46 2708 1
46 2709 1
46 2710 1
46 791 1
46 280 1
46 1436 1
46 2078 1
46 928 1
46 2465 1
46 1315 1
46 1828 1
46 1061 1
46 1190 1
46 2216 1
46 2345 1
46 2695 1
46 431 1
46 2611 1
46 2699 1
46 1721 1
46 2687 1
46 2711 1
46 1981 1
46 2698 1
46 578 1
46 2683 1
46 2503 1
46 1610 1
46 203 1
46 2125 1
46 2701 1
46 721 1
46 2386 1
46 2260 1
46 2645 1
46 1495 1
46 1880 1
46 860 1
46 2682 1
46 1376 1
46 2704 1
46 995 1
46 356 1
46 1253 1
46 1126 1
46 2705 1
46 2540 1
46 2030 1
46 1775 1
46 2686 1
46 2679 1
46 2680 1
46 505 1
46 2426 1
46 2171 1
46 2684 1
46 125 1
46 2685 1
46 2303 1
47 2304 1
47 1667 1
47 651 1
47 1932 1
47 2577 1
47 1554 1
47 2724 1
47 2713 1
47 792 1
47 281 1
47 2714 1
47 2715 1
47 2716 1
47 1437 1
47 2718 1
47 2079 1
47 2712 1
47 929 1
47 2466 1
47 2723 1
47 1316 1
47 1829 1
47 1062 1
47 1191 1
47 2728 1
47 2217 1
47 2346 1
47 2731 1
47 2732 1
47 2733 1
47 2734 1
47 2717 1
47 432 1
47 2737 1
47 2738 1
47 2739 1
47 2612 1
47 2741 1
47 2742 1
47 2743 1
47 2740 1
47 1722 1
47 2719 1
47 1982 1
47 2720 1
47 579 1
47 2721 1
47 2504 1
47 1611 1
47 204 1
47 2722 1
47 2126 1
47 2726 1
47 2729 1
47 722 1
47 2387 1
47 2735 1
47 2261 1
47 2646 1
47 1496 1
47 1881 1
47 861 1
47 2725 1
47 1377 1
47 996 1
47 357 1
47 1254 1
47 1127 1
47 2736 1
47 2727 1
47 2541 1
47 2031 1
47 1776 1
47 2679 1
47 506 1
47 2427 1
47 2172 1
47 2730 1
47 126 1
48 2305 1
48 1668 1
48 2764 1
48 652 1
48 1933 1
48 2578 1
48 1555 1
48 2712 1
48 793 1
48 282 1
48 2773 1
48 1438 1
48 2080 1
48 930 1
48 2467 1
48 1317 1
48 1830 1
48 1063 1
48 1192 1
48 2218 1
48 2347 1
48 433 1
48 2774 1
48 2751 1
48 2613 1
48 2761 1
48 2744 1
48 2745 1
48 2746 1
48 1723 1
48 2748 1
48 2749 1
48 2750 1
48 1983 1
48 2752 1
48 2753 1
48 2754 1
48 2755 1
48 580 1
48 2757 1
48 2758 1
48 2759 1
48 2760 1
48 2505 1
48 2762 1
48 2763 1
48 1612 1
48 205 1
48 2766 1
48 2127 1
48 2768 1
48 2769 1
48 2770 1
48 723 1
48 2388 1
48 2756 1
48 2262 1
48 2647 1
48 1497 1
48 1882 1
48 2767 1
48 862 1
48 1378 1
48 2747 1
48 997 1
48 358 1
48 1255 1
48 1128 1
48 2765 1
48 2542 1
48 2032 1
48 1777 1
48 2771 1
48 2680 1
48 2772 1
48 507 1
48 2428 1
48 2173 1
48 127 1
49 128 1
49 2306 1
49 2795 1
49 1669 1
49 2779 1
49 2801 1
49 2775 1
49 653 1
49 1934 1
49 2776 1
49 2579 1
49 1556 1
49 2713 1
49 794 1
49 283 1
49 2778 1
49 1439 1
49 2081 1
49 931 1
49 2468 1
49 1318 1
49 1831 1
49 1064 1
49 1193 1
49 2219 1
49 2348 1
49 2802 1
49 434 1
49 2799 1
49 2614 1
49 2744 1
49 2783 1
49 1724 1
49 1984 1
49 2792 1
49 581 1
49 2506 1
49 1613 1
49 206 1
49 2128 1
49 2790 1
49 2787 1
49 724 1
49 2389 1
49 2263 1
49 2648 1
49 2777 1
49 1498 1
49 1883 1
49 2780 1
49 2781 1
49 2782 1
49 863 1
49 2784 1
49 2785 1
49 2786 1
49 1379 1
49 2788 1
49 2789 1
49 998 1
49 359 1
49 1256 1
49 1129 1
49 2794 1
49 2791 1
49 2796 1
49 2797 1
49 2798 1
49 2543 1
49 2800 1
49 2033 1
49 1778 1
49 2803 1
49 2804 1
49 2793 1
49 2681 1
49 508 1
49 2429 1
49 2174 1
50 2816 1
50 129 1
50 2818 1
50 2307 1
50 2820 1
50 2821 1
50 1670 1
50 2817 1
50 2824 1
50 2825 1
50 2826 1
50 2827 1
50 2828 1
50 2829 1
50 654 1
50 1935 1
50 2832 1
50 2833 1
50 2822 1
50 2819 1
50 2580 1
50 1557 1
50 2714 1
50 795 1
50 284 1
50 1440 1
50 2814 1
50 2082 1
50 2831 1
50 932 1
50 2469 1
50 1319 1
50 1832 1
50 1065 1
50 1194 1
50 2823 1
50 2220 1
50 2349 1
50 435 1
50 2615 1
50 2745 1
50 1725 1
50 2815 1
50 1985 1
50 2830 1
50 582 1
50 2507 1
50 1614 1
50 207 1
50 2129 1
50 725 1
50 2390 1
50 2775 1
50 2264 1
50 2649 1
50 1499 1
50 1884 1
50 2810 1
50 864 1
50 1380 1
50 999 1
50 360 1
50 1257 1
50 1130 1
50 2813 1
50 2544 1
50 2034 1
50 1779 1
50 2805 1
50 2806 1
50 2807 1
50 2808 1
50 2809 1
50 2682 1
50 2811 1
50 2812 1
50 509 1
50 2430 1
50 2175 1
51 2176 1
51 130 1
51 2859 1
51 2308 1
51 2838 1
51 1671 1
51 2843 1
51 655 1
51 1936 1
51 2834 1
51 2835 1
51 2836 1
51 2581 1
51 1558 1
51 2839 1
51 2840 1
51 2841 1
51 2842 1
51 2715 1
51 796 1
51 285 1
51 2846 1
51 2847 1
51 2848 1
51 1441 1
51 2850 1
51 2083 1
51 2852 1
51 933 1
51 2470 1
51 2855 1
51 1320 1
51 1833 1
51 1066 1
51 1195 1
51 2860 1
51 2221 1
51 2350 1
51 2845 1
51 436 1
51 2616 1
51 2854 1
51 2746 1
51 2861 1
51 2849 1
51 1726 1
51 2844 1
51 1986 1
51 583 1
51 2508 1
51 2856 1
51 1615 1
51 208 1
51 2130 1
51 2851 1
51 2837 1
51 726 1
51 2391 1
51 2776 1
51 2265 1
51 2650 1
51 1500 1
51 1885 1
51 2853 1
51 865 1
51 1381 1
51 1000 1
51 361 1
51 1258 1
51 1131 1
51 2545 1
51 2035 1
51 1780 1
51 2805 1
51 2857 1
51 2683 1
51 2858 1
51 510 1
51 2431 1
52 2432 1
52 2177 1
52 131 1
52 2309 1
52 1672 1
52 2873 1
52 2869 1
52 656 1
52 1937 1
52 2834 1
52 2883 1
52 2862 1
52 2582 1
52 1559 1
52 2863 1
52 2716 1
52 797 1
52 286 1
52 1442 1
52 2084 1
52 934 1
52 2471 1
52 1321 1
52 1834 1
52 1067 1
52 1196 1
52 2222 1
52 2351 1
52 2864 1
52 2865 1
52 2866 1
52 2867 1
52 2868 1
52 437 1
52 2870 1
52 2871 1
52 2872 1
52 2617 1
52 2874 1
52 2747 1
52 2876 1
52 2877 1
52 2878 1
52 1727 1
52 2880 1
52 2881 1
52 2882 1
52 1987 1
52 2884 1
52 2885 1
52 2886 1
52 2887 1
52 584 1
52 2509 1
52 1616 1
52 209 1
52 2131 1
52 727 1
52 2392 1
52 2777 1
52 2266 1
52 2651 1
52 1501 1
52 1886 1
52 2888 1
52 866 1
52 2875 1
52 1382 1
52 1001 1
52 362 1
52 1259 1
52 1132 1
52 2546 1
52 2036 1
52 1781 1
52 2806 1
52 2879 1
52 2684 1
52 511 1
53 512 1
53 2433 1
53 2178 1
53 132 1
53 2310 1
53 1673 1
53 2907 1
53 657 1
53 1938 1
53 2835 1
53 2905 1
53 2583 1
53 1560 1
53 2906 1
53 2717 1
53 798 1
53 287 1
53 1443 1
53 2085 1
53 935 1
53 2472 1
53 2908 1
53 1322 1
53 1835 1
53 1068 1
53 1197 1
53 2862 1
53 2223 1
53 2352 1
53 2910 1
53 438 1
53 2889 1
53 2618 1
53 2911 1
53 2748 1
53 2897 1
53 1728 1
53 2904 1
53 1988 1
53 585 1
53 2890 1
53 2891 1
53 2892 1
53 2893 1
53 2510 1
53 2895 1
53 2896 1
53 1617 1
53 210 1
53 2899 1
53 2132 1
53 2894 1
53 2902 1
53 2903 1
53 728 1
53 2393 1
53 2778 1
53 2267 1
53 2652 1
53 2909 1
53 1502 1
53 1887 1
53 2912 1
53 2913 1
53 2914 1
53 867 1
53 1383 1
53 1002 1
53 363 1
53 1260 1
53 1133 1
53 2547 1
53 2037 1
53 1782 1
53 2807 1
53 2900 1
53 2898 1
53 2685 1
53 2901 1
54 2916 1
54 513 1
54 2434 1
54 2179 1
54 133 1
54 2311 1
54 2924 1
54 1674 1
54 2925 1
54 658 1
54 1939 1
54 2836 1
54 2926 1
54 2584 1
54 1561 1
54 2923 1
54 2718 1
54 799 1
54 288 1
54 1444 1
54 2086 1
54 2929 1
54 936 1
54 2473 1
54 1323 1
54 1836 1
54 1069 1
54 1198 1
54 2863 1
54 2224 1
54 2353 1
54 2934 1
54 439 1
54 2932 1
54 2619 1
54 2749 1
54 1729 1
54 1989 1
54 2889 1
54 586 1
54 2935 1
54 2511 1
54 2936 1
54 1618 1
54 211 1
54 2133 1
54 729 1
54 2394 1
54 2779 1
54 2268 1
54 2653 1
54 1503 1
54 1888 1
54 2915 1
54 868 1
54 2917 1
54 2918 1
54 2919 1
54 1384 1
54 2921 1
54 2922 1
54 1003 1
54 364 1
54 1261 1
54 1134 1
54 2927 1
54 2928 1
54 2920 1
54 2930 1
54 2931 1
54 2548 1
54 2933 1
54 2038 1
54 1783 1
54 2808 1
54 2937 1
54 2938 1
54 2939 1
54 2686 1
55 2944 1
55 2945 1
55 514 1
55 2435 1
55 2180 1
55 2949 1
55 134 1
55 2951 1
55 2312 1
55 2953 1
55 2954 1
55 1675 1
55 2956 1
55 2946 1
55 2958 1
55 2959 1
55 2960 1
55 2961 1
55 2962 1
55 659 1
55 1940 1
55 2837 1
55 2950 1
55 2585 1
55 1562 1
55 2947 1
55 2719 1
55 800 1
55 289 1
55 1445 1
55 2087 1
55 937 1
55 2474 1
55 1324 1
55 1837 1
55 1070 1
55 1199 1
55 2864 1
55 2225 1
55 2354 1
55 440 1
55 2620 1
55 2750 1
55 1730 1
55 2955 1
55 2948 1
55 1990 1
55 2890 1
55 587 1
55 2957 1
55 2512 1
55 2952 1
55 1619 1
55 212 1
55 2134 1
55 730 1
55 2395 1
55 2780 1
55 2269 1
55 2654 1
55 1504 1
55 1889 1
55 2915 1
55 869 1
55 1385 1
55 1004 1
55 365 1
55 1262 1
55 1135 1
55 2963 1
55 2549 1
55 2039 1
55 1784 1
55 2809 1
55 2943 1
55 2940 1
55 2941 1
55 2942 1
55 2687 1
56 2688 1
56 515 1
56 2436 1
56 2181 1
56 135 1
56 2313 1
56 1676 1
56 660 1
56 1941 1
56 2838 1
56 2967 1
56 2968 1
56 2969 1
56 2586 1
56 1563 1
56 2972 1
56 2970 1
56 2974 1
56 2975 1
56 2720 1
56 801 1
56 290 1
56 2971 1
56 2980 1
56 2981 1
56 1446 1
56 2983 1
56 2088 1
56 2985 1
56 938 1
56 2475 1
56 2966 1
56 1325 1
56 1838 1
56 1071 1
56 1200 1
56 2865 1
56 2226 1
56 2355 1
56 441 1
56 2964 1
56 2621 1
56 2751 1
56 2976 1
56 1731 1
56 1991 1
56 2973 1
56 2891 1
56 588 1
56 2978 1
56 2513 1
56 2979 1
56 1620 1
56 213 1
56 2135 1
56 731 1
56 2396 1
56 2781 1
56 2270 1
56 2655 1
56 1505 1
56 1890 1
56 2916 1
56 2982 1
56 870 1
56 2977 1
56 1386 1
56 1005 1
56 366 1
56 1263 1
56 1136 1
56 2984 1
56 2550 1
56 2040 1
56 1785 1
56 2810 1
56 2940 1
56 2986 1
56 2965 1
57 2689 1
57 2987 1
57 516 1
57 2437 1
57 2182 1
57 136 1
57 2988 1
57 2314 1
57 1677 1
57 2992 1
57 2964 1
57 661 1
57 1942 1
57 2839 1
57 2587 1
57 1564 1
57 2721 1
57 802 1
57 291 1
57 1447 1
57 2993 1
57 2089 1
57 3002 1
57 939 1
57 2476 1
57 2989 1
57 1326 1
57 1839 1
57 1072 1
57 1201 1
57 2866 1
57 2227 1
57 2356 1
57 2997 1
57 2998 1
57 2999 1
57 3000 1
57 2996 1
57 442 1
57 3003 1
57 3004 1
57 3005 1
57 2622 1
57 2994 1
57 2752 1
57 1732 1
57 3007 1
57 2990 1
57 1992 1
57 2892 1
57 589 1
57 2514 1
57 2995 1
57 1621 1
57 214 1
57 3001 1
57 2136 1
57 732 1
57 2397 1
57 2782 1
57 2271 1
57 2656 1
57 1506 1
57 1891 1
57 3008 1
57 2917 1
57 871 1
57 1387 1
57 1006 1
57 367 1
57 1264 1
57 1137 1
57 3006 1
57 2551 1
57 2041 1
57 1786 1
57 2811 1
57 2991 1
57 2941 1
58 2690 1
58 517 1
58 2438 1
58 2183 1
58 137 1
58 2315 1
58 3009 1
58 1678 1
58 2965 1
58 662 1
58 1943 1
58 2840 1
58 2588 1
58 1565 1
58 3013 1
58 2722 1
58 803 1
58 292 1
58 1448 1
58 2090 1
58 2987 1
58 940 1
58 2477 1
58 1327 1
58 1840 1
58 1073 1
58 1202 1
58 2867 1
58 2228 1
58 2357 1
58 3017 1
58 443 1
58 2623 1
58 2753 1
58 3010 1
58 3011 1
58 3012 1
58 1733 1
58 3014 1
58 3015 1
58 3016 1
58 1993 1
58 3018 1
58 3019 1
58 3020 1
58 2893 1
58 590 1
58 3021 1
58 3024 1
58 3025 1
58 3026 1
58 2515 1
58 3028 1
58 3022 1
58 1622 1
58 215 1
58 2137 1
58 3023 1
58 733 1
58 2398 1
58 2783 1
58 2272 1
58 2657 1
58 1507 1
58 1892 1
58 2918 1
58 872 1
58 1388 1
58 1007 1
58 368 1
58 1265 1
58 1138 1
58 3027 1
58 2552 1
58 2042 1
58 1787 1
58 2812 1
58 2942 1
58 3029 1
59 3034 1
59 3049 1
59 2691 1
59 518 1
59 2439 1
59 2184 1
59 138 1
59 3031 1
59 2316 1
59 1679 1
59 3032 1
59 3044 1
59 3048 1
59 2966 1
59 663 1
59 1944 1
59 2841 1
59 2589 1
59 1566 1
59 2723 1
59 804 1
59 293 1
59 1449 1
59 3045 1
59 2091 1
59 2988 1
59 941 1
59 2478 1
59 1328 1
59 1841 1
59 1074 1
59 1203 1
59 2868 1
59 2229 1
59 2358 1
59 3039 1
59 444 1
59 2624 1
59 3009 1
59 2754 1
59 1734 1
59 3041 1
59 1994 1
59 3042 1
59 2894 1
59 591 1
59 2516 1
59 3030 1
59 1623 1
59 216 1
59 3033 1
59 2138 1
59 3035 1
59 3036 1
59 3037 1
59 734 1
59 2399 1
59 2784 1
59 2273 1
59 2658 1
59 3043 1
59 1508 1
59 1893 1
59 3046 1
59 2919 1
59 3038 1
59 873 1
59 3040 1
59 1389 1
59 1008 1
59 369 1
59 1266 1
59 1139 1
59 3047 1
59 2553 1
59 2043 1
59 1788 1
59 2813 1
59 2943 1
60 2944 1
60 2692 1
60 519 1
60 2440 1
60 2185 1
60 139 1
60 2317 1
60 1680 1
60 3054 1
60 2967 1
60 664 1
60 1945 1
60 2842 1
60 2590 1
60 1567 1
60 2724 1
60 805 1
60 294 1
60 3057 1
60 1450 1
60 2092 1
60 2989 1
60 942 1
60 2479 1
60 1329 1
60 1842 1
60 1075 1
60 1204 1
60 2869 1
60 2230 1
60 2359 1
60 3060 1
60 445 1
60 2625 1
60 3010 1
60 2755 1
60 1735 1
60 3058 1
60 1995 1
60 2895 1
60 592 1
60 3050 1
60 2517 1
60 3030 1
60 1624 1
60 217 1
60 2139 1
60 3066 1
60 3059 1
60 735 1
60 2400 1
60 2785 1
60 2274 1
60 2659 1
60 1509 1
60 1894 1
60 2920 1
60 3068 1
60 874 1
60 3051 1
60 3052 1
60 3053 1
60 1390 1
60 3055 1
60 3056 1
60 1009 1
60 370 1
60 1267 1
60 1140 1
60 3061 1
60 3062 1
60 3063 1
60 3064 1
60 3065 1
60 2554 1
60 3067 1
60 2044 1
60 1789 1
60 2814 1
61 3072 1
61 2945 1
61 3074 1
61 3075 1
61 3076 1
61 2693 1
61 3078 1
61 3073 1
61 520 1
61 2441 1
61 2186 1
61 3069 1
61 140 1
61 3085 1
61 2318 1
61 1681 1
61 2968 1
61 665 1
61 1946 1
61 2843 1
61 3079 1
61 2591 1
61 1568 1
61 2725 1
61 806 1
61 295 1
61 3070 1
61 1451 1
61 2093 1
61 2990 1
61 943 1
61 2480 1
61 3080 1
61 1330 1
61 1843 1
61 1076 1
61 1205 1
61 2870 1
61 2231 1
61 2360 1
61 3082 1
61 446 1
61 2626 1
61 3011 1
61 2756 1
61 3083 1
61 3071 1
61 1736 1
61 3084 1
61 3081 1
61 1996 1
61 2896 1
61 593 1
61 3086 1
61 2518 1
61 3031 1
61 1625 1
61 218 1
61 2140 1
61 736 1
61 2401 1
61 2786 1
61 2275 1
61 2660 1
61 1510 1
61 1895 1
61 2921 1
61 3050 1
61 875 1
61 1391 1
61 1010 1
61 371 1
61 1268 1
61 1141 1
61 2555 1
61 3077 1
61 2045 1
61 1790 1
61 2815 1
62 2816 1
62 3101 1
62 2946 1
62 2694 1
62 521 1
62 2442 1
62 2187 1
62 141 1
62 2319 1
62 3088 1
62 3089 1
62 1682 1
62 3091 1
62 3092 1
62 3093 1
62 3094 1
62 3095 1
62 3096 1
62 2969 1
62 666 1
62 1947 1
62 2844 1
62 3098 1
62 3102 1
62 3103 1
62 2592 1
62 1569 1
62 3099 1
62 2726 1
62 807 1
62 296 1
62 3100 1
62 1452 1
62 2094 1
62 2991 1
62 944 1
62 2481 1
62 1331 1
62 1844 1
62 1077 1
62 1206 1
62 2871 1
62 2232 1
62 2361 1
62 447 1
62 2627 1
62 3012 1
62 2757 1
62 1737 1
62 3087 1
62 1997 1
62 2897 1
62 594 1
62 3097 1
62 2519 1
62 3032 1
62 1626 1
62 219 1
62 2141 1
62 737 1
62 2402 1
62 2787 1
62 2276 1
62 2661 1
62 1511 1
62 1896 1
62 2922 1
62 3051 1
62 876 1
62 3090 1
62 1392 1
62 1011 1
62 372 1
62 1269 1
62 1142 1
62 2556 1
62 3069 1
62 2046 1
62 1791 1
63 1792 1
63 2817 1
63 2947 1
63 2695 1
63 522 1
63 2443 1
63 2188 1
63 3113 1
63 142 1
63 3087 1
63 2320 1
63 3119 1
63 1683 1
63 3112 1
63 2970 1
63 667 1
63 1948 1
63 2845 1
63 3104 1
63 2593 1
63 1570 1
63 3107 1
63 3108 1
63 3109 1
63 3110 1
63 2727 1
63 808 1
63 297 1
63 3114 1
63 3115 1
63 3116 1
63 1453 1
63 3118 1
63 2095 1
63 2992 1
63 945 1
63 2482 1
63 1332 1
63 1845 1
63 1078 1
63 1207 1
63 2872 1
63 2233 1
63 2362 1
63 448 1
63 2628 1
63 3013 1
63 2758 1
63 3105 1
63 1738 1
63 3106 1
63 1998 1
63 2898 1
63 595 1
63 2520 1
63 3033 1
63 1627 1
63 220 1
63 2142 1
63 738 1
63 2403 1
63 2788 1
63 2277 1
63 2662 1
63 1512 1
63 1897 1
63 2923 1
63 3052 1
63 877 1
63 1393 1
63 1012 1
63 373 1
63 1270 1
63 1143 1
63 3111 1
63 3117 1
63 2557 1
63 3070 1
63 2047 1
64 2048 1
64 1793 1
64 2818 1
64 3130 1
64 2948 1
64 2696 1
64 523 1
64 2444 1
64 2189 1
64 143 1
64 3088 1
64 2321 1
64 1684 1
64 3131 1
64 2971 1
64 668 1
64 1949 1
64 2846 1
64 3104 1
64 3120 1
64 2594 1
64 1571 1
64 3121 1
64 2728 1
64 809 1
64 298 1
64 3126 1
64 3122 1
64 1454 1
64 2096 1
64 2993 1
64 946 1
64 2483 1
64 3124 1
64 1333 1
64 1846 1
64 1079 1
64 1208 1
64 2873 1
64 2234 1
64 2363 1
64 3132 1
64 3133 1
64 3134 1
64 3125 1
64 449 1
64 2629 1
64 3014 1
64 2759 1
64 1739 1
64 3127 1
64 1999 1
64 3128 1
64 2899 1
64 596 1
64 3129 1
64 2521 1
64 3034 1
64 1628 1
64 221 1
64 2143 1
64 3123 1
64 739 1
64 2404 1
64 2789 1
64 2278 1
64 2663 1
64 1513 1
64 1898 1
64 2924 1
64 3053 1
64 878 1
64 1394 1
64 1013 1
64 374 1
64 1271 1
64 1144 1
64 2558 1
64 3071 1
65 3072 1
65 2049 1
65 1794 1
65 2819 1
65 2949 1
65 2697 1
65 524 1
65 2445 1
65 2190 1
65 144 1
65 3089 1
65 2322 1
65 3148 1
65 1685 1
65 3138 1
65 2972 1
65 669 1
65 1950 1
65 2847 1
65 3105 1
65 2595 1
65 1572 1
65 3142 1
65 3143 1
65 2729 1
65 810 1
65 299 1
65 1455 1
65 3120 1
65 2097 1
65 2994 1
65 947 1
65 2484 1
65 1334 1
65 1847 1
65 1080 1
65 1209 1
65 2874 1
65 2235 1
65 2364 1
65 3135 1
65 3136 1
65 3137 1
65 450 1
65 3139 1
65 3140 1
65 3141 1
65 2630 1
65 3015 1
65 2760 1
65 3145 1
65 3146 1
65 3147 1
65 1740 1
65 2000 1
65 2900 1
65 597 1
65 3144 1
65 2522 1
65 3035 1
65 1629 1
65 222 1
65 2144 1
65 740 1
65 2405 1
65 2790 1
65 2279 1
65 2664 1
65 1514 1
65 1899 1
65 2925 1
65 3054 1
65 879 1
65 1395 1
65 1014 1
65 375 1
65 1272 1
65 1145 1
65 2559 1
66 2560 1
66 3073 1
66 2050 1
66 1795 1
66 2820 1
66 3158 1
66 2950 1
66 2698 1
66 3153 1
66 525 1
66 2446 1
66 2191 1
66 145 1
66 3090 1
66 2323 1
66 1686 1
66 2973 1
66 670 1
66 1951 1
66 2848 1
66 3106 1
66 2596 1
66 1573 1
66 2730 1
66 811 1
66 300 1
66 3151 1
66 1456 1
66 3121 1
66 2098 1
66 2995 1
66 948 1
66 2485 1
66 1335 1
66 1848 1
66 1081 1
66 1210 1
66 2875 1
66 2236 1
66 2365 1
66 3135 1
66 451 1
66 2631 1
66 3016 1
66 2761 1
66 1741 1
66 3150 1
66 3149 1
66 3152 1
66 2001 1
66 3154 1
66 3155 1
66 3156 1
66 2901 1
66 598 1
66 3159 1
66 3160 1
66 3161 1
66 2523 1
66 3036 1
66 1630 1
66 223 1
66 2145 1
66 741 1
66 2406 1
66 2791 1
66 2280 1
66 2665 1
66 1515 1
66 1900 1
66 2926 1
66 3055 1
66 880 1
66 1396 1
66 1015 1
66 376 1
66 1273 1
66 1146 1
66 3157 1
67 2561 1
67 3074 1
67 2051 1
67 1796 1
67 2821 1
67 2951 1
67 3167 1
67 2699 1
67 526 1
67 2447 1
67 2192 1
67 146 1
67 3091 1
67 2324 1
67 1687 1
67 2974 1
67 671 1
67 1952 1
67 2849 1
67 3107 1
67 2597 1
67 1574 1
67 3164 1
67 2731 1
67 812 1
67 301 1
67 3165 1
67 1457 1
67 3122 1
67 2099 1
67 2996 1
67 949 1
67 2486 1
67 1336 1
67 1849 1
67 1082 1
67 1211 1
67 2876 1
67 2237 1
67 2366 1
67 3173 1
67 3136 1
67 3168 1
67 452 1
67 2632 1
67 3017 1
67 2762 1
67 3149 1
67 1742 1
67 2002 1
67 2902 1
67 599 1
67 3162 1
67 3163 1
67 2524 1
67 3037 1
67 3166 1
67 1631 1
67 224 1
67 3169 1
67 2146 1
67 3171 1
67 3172 1
67 3170 1
67 742 1
67 2407 1
67 2792 1
67 2281 1
67 2666 1
67 1516 1
67 1901 1
67 2927 1
67 3056 1
67 881 1
67 1397 1
67 1016 1
67 377 1
67 1274 1
67 1147 1
68 2562 1
68 3075 1
68 2052 1
68 1797 1
68 2822 1
68 2952 1
68 3184 1
68 2700 1
68 527 1
68 2448 1
68 2193 1
68 147 1
68 3092 1
68 2325 1
68 1688 1
68 3176 1
68 3175 1
68 2975 1
68 672 1
68 1953 1
68 2850 1
68 3108 1
68 2598 1
68 1575 1
68 2732 1
68 813 1
68 302 1
68 3181 1
68 1458 1
68 3123 1
68 2100 1
68 2997 1
68 950 1
68 2487 1
68 1337 1
68 1850 1
68 1083 1
68 1212 1
68 2877 1
68 2238 1
68 2367 1
68 3137 1
68 453 1
68 2633 1
68 3018 1
68 2763 1
68 3182 1
68 3150 1
68 1743 1
68 2003 1
68 2903 1
68 600 1
68 3162 1
68 2525 1
68 3038 1
68 1632 1
68 225 1
68 2147 1
68 3174 1
68 743 1
68 2408 1
68 2793 1
68 2282 1
68 2667 1
68 3180 1
68 1517 1
68 1902 1
68 3183 1
68 2928 1
68 3057 1
68 882 1
68 3179 1
68 1398 1
68 3177 1
68 1017 1
68 378 1
68 1275 1
68 1148 1
68 3178 1
69 2563 1
69 3076 1
69 2053 1
69 1798 1
69 2823 1
69 2953 1
69 2701 1
69 528 1
69 2449 1
69 2194 1
69 148 1
69 3093 1
69 2326 1
69 1689 1
69 2976 1
69 673 1
69 1954 1
69 2851 1
69 3109 1
69 2599 1
69 1576 1
69 2733 1
69 814 1
69 303 1
69 1459 1
69 3124 1
69 2101 1
69 2998 1
69 951 1
69 2488 1
69 1338 1
69 1851 1
69 1084 1
69 1213 1
69 2878 1
69 2239 1
69 2368 1
69 3138 1
69 3186 1
69 454 1
69 3185 1
69 2634 1
69 3019 1
69 2764 1
69 3151 1
69 1744 1
69 3192 1
69 2004 1
69 2904 1
69 601 1
69 3163 1
69 3194 1
69 2526 1
69 3039 1
69 1633 1
69 226 1
69 3187 1
69 2148 1
69 3174 1
69 744 1
69 2409 1
69 2794 1
69 2283 1
69 2668 1
69 1518 1
69 1903 1
69 2929 1
69 3058 1
69 883 1
69 3188 1
69 3189 1
69 3190 1
69 1399 1
69 3191 1
69 3193 1
69 1018 1
69 379 1
69 1276 1
69 1149 1
70 3200 1
70 3201 1
70 3202 1
70 3203 1
70 2564 1
70 3077 1
70 2054 1
70 1799 1
70 2824 1
70 2954 1
70 2702 1
70 3197 1
70 529 1
70 2450 1
70 2195 1
70 149 1
70 3094 1
70 2327 1
70 1690 1
70 3196 1
70 2977 1
70 674 1
70 1955 1
70 2852 1
70 3110 1
70 2600 1
70 1577 1
70 2734 1
70 815 1
70 304 1
70 1460 1
70 3125 1
70 2102 1
70 2999 1
70 952 1
70 2489 1
70 1339 1
70 1852 1
70 1085 1
70 1214 1
70 2879 1
70 2240 1
70 2369 1
70 3139 1
70 455 1
70 2635 1
70 3020 1
70 2765 1
70 3152 1
70 1745 1
70 3195 1
70 2005 1
70 2905 1
70 602 1
70 3164 1
70 2527 1
70 3040 1
70 1634 1
70 227 1
70 2149 1
70 3175 1
70 745 1
70 2410 1
70 2795 1
70 2284 1
70 2669 1
70 1519 1
70 1904 1
70 3185 1
70 2930 1
70 3059 1
70 884 1
70 3198 1
70 1400 1
70 1019 1
70 380 1
70 1277 1
70 1150 1
70 3199 1
71 3204 1
71 2565 1
71 3078 1
71 2055 1
71 1800 1
71 2825 1
71 3210 1
71 2955 1
71 2703 1
71 530 1
71 2451 1
71 2196 1
71 150 1
71 3095 1
71 2328 1
71 1691 1
71 3206 1
71 3205 1
71 2978 1
71 675 1
71 1956 1
71 2853 1
71 3111 1
71 2601 1
71 1578 1
71 3207 1
71 2735 1
71 816 1
71 305 1
71 1461 1
71 3126 1
71 2103 1
71 3000 1
71 953 1
71 2490 1
71 1340 1
71 1853 1
71 1086 1
71 1215 1
71 2880 1
71 2241 1
71 2370 1
71 3211 1
71 3140 1
71 3208 1
71 456 1
71 2636 1
71 3021 1
71 2766 1
71 3153 1
71 1746 1
71 2006 1
71 2906 1
71 603 1
71 3165 1
71 2528 1
71 3041 1
71 1635 1
71 228 1
71 2150 1
71 3176 1
71 746 1
71 2411 1
71 2796 1
71 2285 1
71 2670 1
71 1520 1
71 1905 1
71 3186 1
71 2931 1
71 3060 1
71 885 1
71 3209 1
71 1401 1
71 3195 1
71 1020 1
71 381 1
71 1278 1
71 1151 1
72 1152 1
72 3204 1
72 2566 1
72 3079 1
72 2056 1
72 1801 1
72 2826 1
72 2956 1
72 3213 1
72 3214 1
72 3215 1
72 2704 1
72 3217 1
72 3218 1
72 531 1
72 2452 1
72 2197 1
72 151 1
72 3096 1
72 2329 1
72 1692 1
72 3212 1
72 2979 1
72 676 1
72 1957 1
72 2854 1
72 3112 1
72 2602 1
72 1579 1
72 2736 1
72 817 1
72 306 1
72 1462 1
72 3127 1
72 2104 1
72 3001 1
72 954 1
72 2491 1
72 1341 1
72 1854 1
72 1087 1
72 1216 1
72 2881 1
72 2242 1
72 2371 1
72 3141 1
72 457 1
72 3216 1
72 2637 1
72 3022 1
72 2767 1
72 3154 1
72 1747 1
72 2007 1
72 2907 1
72 604 1
72 3166 1
72 2529 1
72 3042 1
72 1636 1
72 229 1
72 2151 1
72 3177 1
72 747 1
72 2412 1
72 2797 1
72 2286 1
72 2671 1
72 1521 1
72 1906 1
72 3187 1
72 2932 1
72 3061 1
72 886 1
72 1402 1
72 3196 1
72 1021 1
72 382 1
72 1279 1
73 1280 1
73 1153 1
73 3205 1
73 2567 1
73 3080 1
73 2057 1
73 1802 1
73 2827 1
73 3212 1
73 2957 1
73 2705 1
73 3219 1
73 532 1
73 2453 1
73 2198 1
73 3223 1
73 152 1
73 3097 1
73 2330 1
73 1693 1
73 2980 1
73 677 1
73 1958 1
73 2855 1
73 3113 1
73 2603 1
73 1580 1
73 3224 1
73 2737 1
73 818 1
73 307 1
73 1463 1
73 3128 1
73 2105 1
73 3002 1
73 955 1
73 2492 1
73 1342 1
73 1855 1
73 1088 1
73 1217 1
73 2882 1
73 2243 1
73 2372 1
73 3142 1
73 458 1
73 2638 1
73 3023 1
73 2768 1
73 3155 1
73 1748 1
73 2008 1
73 2908 1
73 605 1
73 3167 1
73 3221 1
73 2530 1
73 3043 1
73 1637 1
73 230 1
73 2152 1
73 3178 1
73 748 1
73 2413 1
73 2798 1
73 2287 1
73 2672 1
73 1522 1
73 1907 1
73 3188 1
73 2933 1
73 3062 1
73 887 1
73 3220 1
73 3222 1
73 1403 1
73 3197 1
73 1022 1
73 383 1
74 384 1
74 1281 1
74 1154 1
74 3206 1
74 2568 1
74 3081 1
74 2058 1
74 1803 1
74 2828 1
74 3213 1
74 2958 1
74 2706 1
74 3219 1
74 533 1
74 2454 1
74 2199 1
74 153 1
74 3098 1
74 2331 1
74 3228 1
74 3226 1
74 1694 1
74 3227 1
74 2981 1
74 678 1
74 1959 1
74 2856 1
74 3114 1
74 2604 1
74 1581 1
74 3229 1
74 2738 1
74 819 1
74 308 1
74 1464 1
74 3129 1
74 2106 1
74 3003 1
74 956 1
74 2493 1
74 1343 1
74 1856 1
74 1089 1
74 1218 1
74 2883 1
74 2244 1
74 2373 1
74 3143 1
74 459 1
74 2639 1
74 3024 1
74 2769 1
74 3156 1
74 1749 1
74 3225 1
74 2009 1
74 2909 1
74 606 1
74 3168 1
74 2531 1
74 3044 1
74 1638 1
74 231 1
74 2153 1
74 3179 1
74 749 1
74 2414 1
74 2799 1
74 2288 1
74 2673 1
74 1523 1
74 1908 1
74 3189 1
74 2934 1
74 3063 1
74 888 1
74 1404 1
74 3198 1
74 1023 1
75 1024 1
75 385 1
75 1282 1
75 1155 1
75 3207 1
75 2569 1
75 3082 1
75 2059 1
75 1804 1
75 2829 1
75 3214 1
75 2959 1
75 2707 1
75 3220 1
75 534 1
75 2455 1
75 2200 1
75 3225 1
75 154 1
75 3099 1
75 2332 1
75 3230 1
75 1695 1
75 3232 1
75 3233 1
75 2982 1
75 679 1
75 1960 1
75 2857 1
75 3115 1
75 2605 1
75 1582 1
75 2739 1
75 820 1
75 309 1
75 1465 1
75 3130 1
75 2107 1
75 3004 1
75 957 1
75 2494 1
75 1344 1
75 1857 1
75 1090 1
75 1219 1
75 2884 1
75 2245 1
75 2374 1
75 3144 1
75 460 1
75 2640 1
75 3025 1
75 2770 1
75 3157 1
75 1750 1
75 2010 1
75 3231 1
75 2910 1
75 607 1
75 3169 1
75 2532 1
75 3045 1
75 1639 1
75 232 1
75 2154 1
75 3180 1
75 750 1
75 2415 1
75 2800 1
75 2289 1
75 2674 1
75 1524 1
75 1909 1
75 3190 1
75 2935 1
75 3064 1
75 889 1
75 1405 1
75 3199 1
76 3200 1
76 1025 1
76 386 1
76 1283 1
76 1156 1
76 3208 1
76 2570 1
76 3083 1
76 2060 1
76 1805 1
76 2830 1
76 3215 1
76 2960 1
76 2708 1
76 3221 1
76 535 1
76 2456 1
76 2201 1
76 3226 1
76 155 1
76 3100 1
76 2333 1
76 3230 1
76 1696 1
76 3234 1
76 3235 1
76 3236 1
76 2983 1
76 680 1
76 1961 1
76 2858 1
76 3116 1
76 2606 1
76 1583 1
76 2740 1
76 821 1
76 310 1
76 1466 1
76 3131 1
76 2108 1
76 3005 1
76 958 1
76 2495 1
76 1345 1
76 1858 1
76 1091 1
76 1220 1
76 2885 1
76 2246 1
76 2375 1
76 3145 1
76 461 1
76 2641 1
76 3026 1
76 2771 1
76 3158 1
76 1751 1
76 2011 1
76 2911 1
76 608 1
76 3170 1
76 2533 1
76 3046 1
76 1640 1
76 233 1
76 2155 1
76 3181 1
76 751 1
76 2416 1
76 2801 1
76 2290 1
76 2675 1
76 1525 1
76 1910 1
76 3191 1
76 2936 1
76 3065 1
76 890 1
76 1406 1
77 3201 1
77 1026 1
77 387 1
77 1284 1
77 1157 1
77 3209 1
77 2571 1
77 3084 1
77 2061 1
77 1806 1
77 2831 1
77 3216 1
77 2961 1
77 2709 1
77 3222 1
77 536 1
77 2457 1
77 2202 1
77 3227 1
77 156 1
77 3101 1
77 2334 1
77 3231 1
77 1697 1
77 3234 1
77 3237 1
77 3238 1
77 2984 1
77 681 1
77 1962 1
77 2859 1
77 3117 1
77 2607 1
77 1584 1
77 2741 1
77 822 1
77 311 1
77 1467 1
77 3132 1
77 2109 1
77 3006 1
77 959 1
77 2496 1
77 1346 1
77 1859 1
77 1092 1
77 1221 1
77 2886 1
77 2247 1
77 2376 1
77 3146 1
77 462 1
77 2642 1
77 3027 1
77 2772 1
77 3159 1
77 1752 1
77 2012 1
77 2912 1
77 609 1
77 3171 1
77 2534 1
77 3047 1
77 1641 1
77 234 1
77 2156 1
77 3182 1
77 752 1
77 2417 1
77 2802 1
77 2291 1
77 2676 1
77 1526 1
77 1911 1
77 3192 1
77 2937 1
77 3066 1
77 891 1
77 1407 1
78 1408 1
78 3202 1
78 1027 1
78 388 1
78 1285 1
78 1158 1
78 3210 1
78 2572 1
78 3085 1
78 2062 1
78 1807 1
78 2832 1
78 3217 1
78 2962 1
78 2710 1
78 3223 1
78 537 1
78 2458 1
78 2203 1
78 3228 1
78 157 1
78 3102 1
78 2335 1
78 3232 1
78 1698 1
78 3235 1
78 3237 1
78 3239 1
78 2985 1
78 682 1
78 1963 1
78 2860 1
78 3118 1
78 2608 1
78 1585 1
78 2742 1
78 823 1
78 312 1
78 1468 1
78 3133 1
78 2110 1
78 3007 1
78 960 1
78 2497 1
78 1347 1
78 1860 1
78 1093 1
78 1222 1
78 2887 1
78 2248 1
78 2377 1
78 3147 1
78 463 1
78 2643 1
78 3028 1
78 2773 1
78 3160 1
78 1753 1
78 2013 1
78 2913 1
78 610 1
78 3172 1
78 2535 1
78 3048 1
78 1642 1
78 235 1
78 2157 1
78 3183 1
78 753 1
78 2418 1
78 2803 1
78 2292 1
78 2677 1
78 1527 1
78 1912 1
78 3193 1
78 2938 1
78 3067 1
78 892 1
79 1409 1
79 3203 1
79 1028 1
79 389 1
79 1286 1
79 1159 1
79 3211 1
79 2573 1
79 3086 1
79 2063 1
79 1808 1
79 2833 1
79 3218 1
79 2963 1
79 2711 1
79 3224 1
79 538 1
79 2459 1
79 2204 1
79 3229 1
79 158 1
79 3103 1
79 2336 1
79 3233 1
79 1699 1
79 3236 1
79 3238 1
79 3239 1
79 2986 1
79 683 1
79 1964 1
79 2861 1
79 3119 1
79 2609 1
79 1586 1
79 2743 1
79 824 1
79 313 1
79 1469 1
79 3134 1
79 2111 1
79 3008 1
79 961 1
79 2498 1
79 1348 1
79 1861 1
79 1094 1
79 1223 1
79 2888 1
79 2249 1
79 2378 1
79 3148 1
79 464 1
79 2644 1
79 3029 1
79 2774 1
79 3161 1
79 1754 1
79 2014 1
79 2914 1
79 611 1
79 3173 1
79 2536 1
79 3049 1
79 1643 1
79 236 1
79 2158 1
79 3184 1
79 754 1
79 2419 1
79 2804 1
79 2293 1
79 2678 1
79 1528 1
79 1913 1
79 3194 1
79 2939 1
79 3068 1
79 893 1
1
0 1 2 3 4 5 6 7 8 9 10 11 12 13 14 15 16 17 18 19
