Nodes
712
0 1
1 1
2 1
3 1
4 1
5 1
6 1
7 1
8 1
9 1
10 1
11 1
12 1
13 1
14 1
15 1
16 1
17 1
18 1
19 1
20 1
21 1
22 1
23 1
24 1
25 1
26 1
27 1
28 1
29 1
30 1
31 1
32 1
33 1
34 1
35 1
36 1
37 1
38 1
39 1
40 1
41 1
42 1
43 1
44 1
45 1
46 1
47 1
48 1
49 1
50 1
51 1
52 1
53 1
54 1
55 1
56 1
57 1
58 1
59 1
60 1
61 1
62 1
63 1
64 1
65 1
66 1
67 1
68 1
69 1
70 1
71 1
72 1
73 1
74 1
75 1
76 1
77 1
78 1
79 1
80 194
81 199
82 299
83 200
84 196
85 290
86 204
87 204
88 202
89 206
90 204
91 196
92 207
93 197
94 196
95 206
96 195
97 198
98 201
99 288
100 291
101 196
102 208
103 200
104 208
105 198
106 194
107 195
108 204
109 209
110 194
111 197
112 198
113 197
114 301
115 199
116 213
117 205
118 196
119 197
120 194
121 206
122 195
123 201
124 202
125 200
126 198
127 206
128 191
129 299
130 207
131 297
132 304
133 208
134 201
135 192
136 200
137 198
138 200
139 204
140 196
141 200
142 211
143 202
144 198
145 196
146 297
147 200
148 195
149 196
150 208
151 204
152 198
153 192
154 187
155 202
156 203
157 200
158 195
159 204
160 198
161 201
162 292
163 300
164 208
165 201
166 199
167 201
168 204
169 206
170 202
171 206
172 186
173 200
174 193
175 204
176 194
177 206
178 192
179 205
180 191
181 211
182 199
183 193
184 296
185 304
186 198
187 194
188 296
189 300
190 203
191 199
192 196
193 201
194 201
195 196
196 200
197 192
198 191
199 298
200 206
201 297
202 190
203 197
204 209
205 195
206 200
207 197
208 196
209 205
210 202
211 203
212 195
213 198
214 208
215 207
216 198
217 196
218 197
219 201
220 205
221 203
222 205
223 203
224 201
225 205
226 189
227 203
228 198
229 203
230 194
231 198
232 196
233 199
234 209
235 201
236 202
237 205
238 197
239 197
240 198
241 195
242 192
243 195
244 202
245 200
246 198
247 204
248 202
249 201
250 202
251 198
252 205
253 196
254 196
255 192
256 201
257 191
258 198
259 202
260 200
261 198
262 198
263 198
264 198
265 200
266 195
267 207
268 199
269 207
270 206
271 194
272 208
273 200
274 195
275 195
276 197
277 204
278 201
279 203
280 208
281 206
282 202
283 205
284 202
285 197
286 204
287 201
288 204
289 203
290 202
291 199
292 199
293 199
294 191
295 195
296 195
297 204
298 202
299 209
300 209
301 194
302 202
303 205
304 198
305 199
306 202
307 207
308 193
309 195
310 101
311 99
312 99
313 92
314 104
315 100
316 97
317 82
318 100
319 96
320 94
321 99
322 94
323 99
324 91
325 97
326 97
327 94
328 103
329 97
330 93
331 98
332 100
333 103
334 102
335 103
336 106
337 96
338 99
339 105
340 91
341 101
342 98
343 99
344 101
345 101
346 98
347 97
348 104
349 100
350 109
351 95
352 105
353 99
354 104
355 101
356 102
357 101
358 93
359 103
360 92
361 102
362 98
363 95
364 92
365 97
366 103
367 93
368 105
369 93
370 99
371 92
372 102
373 101
374 91
375 97
376 100
377 105
378 101
379 104
380 101
381 101
382 94
383 102
384 99
385 99
386 98
387 95
388 110
389 100
390 95
391 99
392 93
393 105
394 97
395 102
396 102
397 102
398 94
399 94
400 96
401 103
402 93
403 98
404 109
405 96
406 108
407 117
408 102
409 100
410 98
411 94
412 91
413 98
414 104
415 94
416 104
417 96
418 107
419 100
420 101
421 102
422 102
423 101
424 95
425 96
426 93
427 101
428 98
429 102
430 97
431 95
432 101
433 96
434 98
435 112
436 95
437 108
438 109
439 99
440 104
441 97
442 92
443 99
444 97
445 104
446 107
447 108
448 99
449 104
450 96
451 96
452 99
453 99
454 109
455 102
456 103
457 96
458 102
459 109
460 105
461 98
462 96
463 90
464 94
465 99
466 101
467 101
468 98
469 99
470 96
471 94
472 96
473 97
474 103
475 94
476 100
477 101
478 92
479 97
480 99
481 108
482 106
483 113
484 99
485 95
486 98
487 102
488 97
489 108
490 102
491 98
492 99
493 102
494 101
495 99
496 101
497 104
498 105
499 109
500 100
501 92
502 96
503 98
504 100
505 97
506 97
507 107
508 103
509 101
510 95
511 106
512 102
513 108
514 94
515 88
516 100
517 102
518 108
519 88
520 102
521 99
522 99
523 98
524 101
525 103
526 102
527 101
528 102
529 105
530 94
531 96
532 98
533 107
534 101
535 94
536 96
537 101
538 92
539 106
540 89
541 96
542 93
543 96
544 103
545 104
546 92
547 105
548 103
549 87
550 106
551 99
552 100
553 96
554 102
555 103
556 103
557 99
558 101
559 94
560 102
561 94
562 97
563 108
564 94
565 94
566 100
567 101
568 97
569 98
570 95
571 101
572 97
573 100
574 94
575 103
576 100
577 98
578 90
579 99
580 99
581 93
582 101
583 94
584 100
585 99
586 100
587 104
588 101
589 102
590 102
591 105
592 91
593 96
594 87
595 101
596 103
597 104
598 101
599 94
600 99
601 104
602 107
603 98
604 96
605 99
606 98
607 107
608 96
609 109
610 99
611 95
612 98
613 105
614 104
615 99
616 102
617 100
618 102
619 95
620 101
621 103
622 86
623 103
624 102
625 102
626 94
627 99
628 106
629 102
630 100
631 99
632 108
633 92
634 95
635 98
636 94
637 101
638 97
639 106
640 98
641 96
642 91
643 99
644 101
645 107
646 103
647 88
648 101
649 106
650 98
651 115
652 103
653 101
654 98
655 96
656 113
657 93
658 100
659 91
660 98
661 98
662 98
663 95
664 105
665 92
666 95
667 97
668 109
669 107
670 96
671 104
672 106
673 97
674 95
675 99
676 98
677 98
678 105
679 100
680 102
681 100
682 96
683 100
684 109
685 92
686 101
687 96
688 107
689 98
690 87
691 101
692 98
693 101
694 92
695 104
696 98
697 100
698 102
699 96
700 90
701 104
702 106
703 106
704 93
705 95
706 105
707 102
708 96
709 99
710 92
711 105
Edges
1264
0 80 1
0 81 1
0 82 1
0 83 1
0 84 1
0 85 1
0 86 1
0 87 1
0 88 1
0 89 1
0 90 1
0 91 1
0 92 1
0 93 1
0 94 1
1 96 1
1 97 1
1 98 1
1 99 1
1 100 1
1 101 1
1 102 1
1 103 1
1 104 1
1 105 1
1 106 1
1 107 1
1 108 1
1 109 1
1 110 1
1 95 1
2 111 1
2 112 1
2 113 1
2 114 1
2 115 1
2 116 1
2 117 1
2 118 1
2 119 1
2 120 1
2 121 1
2 122 1
2 123 1
2 124 1
2 125 1
3 128 1
3 129 1
3 130 1
3 131 1
3 132 1
3 133 1
3 134 1
3 135 1
3 136 1
3 137 1
3 138 1
3 139 1
3 140 1
3 141 1
3 142 1
3 143 1
3 82 1
3 126 1
3 127 1
4 144 1
4 145 1
4 146 1
4 147 1
4 148 1
4 149 1
4 150 1
4 151 1
4 152 1
4 153 1
4 154 1
4 155 1
4 156 1
5 160 1
5 161 1
5 162 1
5 163 1
5 164 1
5 165 1
5 166 1
5 167 1
5 168 1
5 169 1
5 157 1
5 158 1
5 159 1
6 170 1
6 171 1
6 172 1
6 173 1
6 174 1
6 175 1
6 176 1
6 177 1
6 178 1
6 179 1
6 180 1
6 181 1
7 192 1
7 129 1
7 194 1
7 195 1
7 193 1
7 114 1
7 182 1
7 183 1
7 184 1
7 185 1
7 186 1
7 187 1
7 188 1
7 189 1
7 190 1
7 191 1
8 196 1
8 197 1
8 198 1
8 199 1
8 200 1
8 201 1
8 202 1
8 203 1
8 204 1
8 205 1
8 206 1
8 207 1
8 208 1
8 209 1
8 210 1
8 211 1
8 212 1
8 184 1
9 213 1
9 214 1
9 215 1
9 216 1
9 217 1
9 218 1
9 219 1
10 224 1
10 225 1
10 226 1
10 99 1
10 227 1
10 228 1
10 230 1
10 199 1
10 232 1
10 233 1
10 234 1
10 231 1
10 229 1
10 131 1
10 85 1
10 235 1
10 185 1
10 220 1
10 221 1
10 222 1
10 223 1
11 251 1
11 132 1
11 236 1
11 237 1
11 238 1
11 239 1
11 240 1
11 241 1
11 242 1
11 243 1
11 244 1
11 245 1
11 246 1
11 247 1
11 248 1
11 100 1
11 250 1
11 249 1
11 252 1
12 256 1
12 257 1
12 162 1
12 259 1
12 260 1
12 261 1
12 262 1
12 263 1
12 264 1
12 201 1
12 266 1
12 267 1
12 258 1
12 265 1
12 253 1
12 254 1
12 255 1
13 272 1
13 273 1
13 146 1
13 275 1
13 276 1
13 274 1
13 268 1
13 269 1
13 270 1
13 271 1
14 288 1
14 289 1
14 290 1
14 163 1
14 292 1
14 284 1
14 291 1
14 277 1
14 278 1
14 279 1
14 280 1
14 281 1
14 282 1
14 283 1
14 188 1
14 285 1
14 286 1
14 287 1
15 293 1
15 294 1
15 295 1
15 296 1
15 297 1
15 298 1
15 299 1
15 300 1
15 301 1
15 302 1
15 303 1
15 304 1
15 305 1
15 306 1
15 307 1
15 308 1
15 309 1
15 189 1
16 320 1
16 321 1
16 322 1
16 134 1
16 317 1
16 88 1
16 242 1
16 310 1
16 311 1
16 312 1
16 313 1
16 314 1
16 315 1
16 316 1
16 285 1
16 318 1
16 319 1
17 323 1
17 260 1
17 325 1
17 326 1
17 327 1
17 328 1
17 329 1
17 330 1
17 204 1
17 243 1
17 324 1
17 190 1
18 331 1
18 332 1
18 333 1
18 334 1
18 335 1
18 336 1
18 337 1
18 338 1
18 339 1
18 340 1
18 341 1
18 342 1
18 343 1
18 317 1
19 352 1
19 353 1
19 354 1
19 261 1
19 103 1
19 136 1
19 157 1
19 176 1
19 339 1
19 350 1
19 349 1
19 344 1
19 345 1
19 90 1
19 347 1
19 348 1
19 346 1
19 318 1
19 351 1
20 355 1
20 356 1
20 357 1
20 358 1
20 359 1
20 360 1
20 137 1
20 362 1
20 363 1
20 364 1
20 365 1
20 366 1
20 303 1
20 367 1
20 340 1
20 361 1
20 91 1
21 229 1
21 369 1
21 271 1
21 368 1
21 177 1
21 370 1
21 371 1
21 372 1
21 373 1
21 374 1
21 375 1
21 376 1
21 377 1
21 287 1
22 384 1
22 385 1
22 386 1
22 387 1
22 388 1
22 389 1
22 390 1
22 391 1
22 392 1
22 393 1
22 394 1
22 206 1
22 288 1
22 230 1
22 104 1
22 247 1
22 120 1
22 378 1
22 379 1
22 380 1
22 381 1
22 382 1
22 383 1
23 192 1
23 263 1
23 395 1
23 396 1
23 402 1
23 398 1
23 397 1
23 400 1
23 401 1
23 178 1
23 403 1
23 404 1
23 405 1
23 406 1
23 399 1
24 193 1
24 289 1
24 106 1
24 207 1
24 403 1
24 341 1
24 407 1
24 408 1
24 409 1
24 410 1
24 411 1
24 412 1
24 413 1
24 414 1
24 415 1
25 416 1
25 417 1
25 418 1
25 419 1
25 420 1
25 421 1
25 422 1
25 423 1
25 168 1
25 330 1
25 365 1
25 424 1
25 273 1
25 319 1
26 264 1
26 425 1
26 426 1
26 427 1
26 428 1
26 429 1
26 430 1
26 431 1
26 432 1
26 433 1
26 434 1
26 404 1
26 217 1
26 249 1
26 154 1
26 351 1
27 443 1
27 107 1
27 366 1
27 435 1
27 436 1
27 437 1
27 438 1
27 439 1
27 440 1
27 441 1
27 442 1
27 155 1
27 444 1
27 445 1
28 448 1
28 449 1
28 450 1
28 451 1
28 452 1
28 453 1
28 454 1
28 423 1
28 265 1
28 108 1
28 141 1
28 367 1
28 210 1
28 308 1
28 381 1
28 446 1
28 447 1
29 321 1
29 455 1
29 456 1
29 457 1
29 458 1
29 459 1
29 460 1
29 461 1
29 462 1
29 463 1
29 211 1
29 117 1
29 233 1
29 169 1
30 475 1
30 472 1
30 110 1
30 464 1
30 465 1
30 466 1
30 467 1
30 468 1
30 309 1
30 470 1
30 471 1
30 376 1
30 473 1
30 474 1
30 251 1
30 469 1
31 480 1
31 481 1
31 482 1
31 478 1
31 473 1
31 477 1
31 479 1
31 252 1
31 476 1
31 94 1
31 143 1
32 464 1
32 483 1
32 484 1
32 485 1
32 486 1
32 487 1
32 488 1
32 489 1
32 490 1
32 491 1
32 492 1
32 493 1
32 494 1
32 495 1
32 368 1
32 382 1
33 355 1
33 278 1
33 502 1
33 466 1
33 499 1
33 496 1
33 497 1
33 498 1
33 83 1
33 500 1
33 437 1
33 182 1
33 503 1
33 504 1
33 505 1
33 506 1
33 501 1
34 395 1
34 510 1
34 511 1
34 344 1
34 457 1
34 187 1
34 507 1
34 508 1
34 509 1
34 383 1
35 512 1
35 513 1
35 514 1
35 515 1
35 228 1
35 329 1
35 516 1
36 96 1
36 485 1
36 294 1
36 519 1
36 520 1
36 521 1
36 518 1
36 523 1
36 524 1
36 525 1
36 526 1
36 527 1
36 434 1
36 179 1
36 408 1
36 127 1
36 522 1
36 478 1
36 517 1
37 128 1
37 354 1
37 529 1
37 424 1
37 295 1
37 332 1
37 532 1
37 528 1
37 497 1
37 530 1
37 531 1
37 276 1
37 409 1
37 221 1
38 384 1
38 416 1
38 325 1
38 536 1
38 369 1
38 296 1
38 535 1
38 428 1
38 113 1
38 498 1
38 529 1
38 533 1
38 534 1
38 215 1
38 312 1
38 537 1
38 410 1
38 539 1
38 538 1
38 517 1
39 240 1
39 530 1
39 86 1
39 543 1
39 345 1
39 138 1
39 541 1
39 540 1
39 413 1
39 542 1
39 509 1
40 160 1
40 544 1
40 130 1
40 547 1
40 548 1
40 357 1
40 550 1
40 385 1
40 546 1
40 144 1
40 545 1
40 313 1
40 549 1
41 386 1
41 358 1
41 551 1
41 552 1
41 553 1
41 554 1
41 555 1
41 556 1
41 333 1
41 430 1
41 557 1
41 558 1
41 281 1
41 314 1
41 411 1
42 256 1
42 518 1
42 142 1
42 563 1
42 412 1
42 359 1
42 554 1
42 109 1
42 559 1
42 560 1
42 561 1
42 562 1
42 499 1
42 564 1
42 565 1
42 566 1
42 567 1
42 568 1
42 569 1
42 570 1
42 571 1
42 447 1
43 576 1
43 161 1
43 578 1
43 387 1
43 545 1
43 200 1
43 489 1
43 399 1
43 579 1
43 564 1
43 577 1
43 186 1
43 572 1
43 573 1
43 574 1
43 575 1
44 515 1
44 580 1
44 581 1
44 582 1
44 519 1
44 584 1
44 585 1
44 490 1
44 299 1
44 583 1
44 372 1
44 586 1
44 87 1
44 388 1
44 573 1
45 449 1
45 116 1
45 583 1
45 300 1
45 587 1
45 588 1
45 589 1
45 590 1
45 591 1
45 592 1
45 593 1
45 148 1
45 441 1
45 537 1
45 218 1
45 574 1
46 594 1
46 595 1
46 596 1
46 565 1
46 479 1
46 597 1
46 521 1
46 491 1
46 414 1
46 511 1
47 226 1
47 259 1
47 598 1
47 601 1
47 585 1
47 203 1
47 301 1
47 566 1
47 599 1
47 600 1
47 315 1
47 602 1
47 443 1
47 603 1
48 608 1
48 609 1
48 450 1
48 165 1
48 102 1
48 551 1
48 492 1
48 610 1
48 238 1
48 175 1
48 80 1
48 149 1
48 604 1
48 605 1
48 606 1
48 607 1
49 546 1
49 227 1
49 612 1
49 502 1
49 614 1
49 615 1
49 616 1
49 617 1
49 618 1
49 269 1
49 302 1
49 613 1
49 400 1
49 338 1
49 611 1
49 150 1
49 89 1
49 286 1
49 575 1
50 547 1
50 421 1
50 360 1
50 522 1
50 619 1
50 620 1
50 621 1
50 270 1
50 401 1
50 622 1
50 118 1
50 191 1
50 606 1
50 543 1
51 166 1
51 331 1
51 556 1
51 205 1
51 590 1
51 623 1
51 624 1
51 625 1
51 626 1
51 627 1
51 628 1
51 245 1
51 503 1
51 444 1
51 629 1
51 126 1
51 469 1
52 433 1
52 274 1
52 633 1
52 389 1
52 630 1
52 631 1
52 152 1
52 632 1
52 634 1
52 306 1
52 557 1
53 451 1
53 292 1
53 362 1
53 567 1
53 637 1
53 635 1
53 402 1
53 627 1
53 532 1
53 373 1
53 246 1
53 119 1
53 632 1
53 475 1
53 636 1
53 349 1
53 638 1
54 640 1
54 641 1
54 642 1
54 643 1
54 644 1
54 262 1
54 614 1
54 525 1
54 646 1
54 645 1
54 374 1
54 280 1
54 607 1
54 390 1
54 639 1
55 257 1
55 194 1
55 568 1
55 167 1
55 600 1
55 105 1
55 648 1
55 363 1
55 647 1
55 305 1
55 644 1
55 628 1
55 470 1
55 375 1
55 248 1
55 121 1
55 507 1
56 652 1
56 649 1
56 650 1
56 651 1
56 364 1
56 653 1
56 654 1
56 655 1
56 350 1
56 569 1
56 216 1
56 505 1
56 122 1
56 92 1
56 508 1
56 153 1
57 513 1
57 452 1
57 662 1
57 391 1
57 471 1
57 647 1
57 658 1
57 494 1
57 208 1
57 657 1
57 594 1
57 659 1
57 660 1
57 174 1
57 342 1
57 633 1
57 548 1
57 656 1
57 635 1
57 661 1
58 480 1
58 577 1
58 549 1
58 615 1
58 596 1
58 510 1
58 663 1
58 472 1
58 601 1
58 570 1
58 445 1
58 638 1
59 608 1
59 290 1
59 645 1
59 422 1
59 625 1
59 392 1
59 140 1
59 621 1
59 655 1
59 592 1
59 465 1
59 307 1
59 180 1
59 661 1
59 664 1
59 665 1
59 666 1
59 667 1
60 320 1
60 672 1
60 514 1
60 646 1
60 673 1
60 232 1
60 393 1
60 668 1
60 460 1
60 526 1
60 669 1
60 670 1
60 602 1
60 123 1
60 284 1
60 93 1
60 542 1
60 671 1
61 674 1
61 291 1
61 454 1
61 405 1
61 617 1
61 663 1
61 629 1
61 461 1
61 622 1
61 495 1
61 593 1
61 181 1
61 343 1
61 250 1
61 527 1
61 124 1
61 415 1
62 673 1
62 675 1
62 676 1
62 677 1
62 678 1
62 618 1
62 462 1
62 304 1
62 657 1
62 275 1
62 212 1
62 597 1
62 504 1
62 474 1
62 571 1
62 156 1
62 234 1
63 322 1
63 579 1
63 662 1
63 550 1
63 679 1
63 648 1
63 394 1
63 459 1
63 558 1
63 406 1
63 235 1
63 603 1
63 377 1
63 539 1
63 125 1
64 483 1
64 196 1
64 683 1
64 582 1
64 682 1
64 680 1
64 604 1
64 650 1
64 587 1
64 684 1
64 476 1
64 675 1
64 277 1
64 681 1
64 668 1
64 253 1
64 639 1
65 640 1
65 656 1
65 610 1
65 323 1
65 680 1
65 425 1
65 685 1
65 686 1
65 111 1
65 496 1
65 254 1
65 598 1
65 183 1
65 687 1
65 222 1
66 544 1
66 688 1
66 611 1
66 580 1
66 293 1
66 681 1
66 170 1
66 236 1
66 653 1
66 687 1
66 112 1
66 81 1
66 572 1
67 279 1
67 523 1
67 324 1
67 689 1
67 649 1
67 426 1
67 619 1
67 690 1
67 591 1
67 664 1
67 626 1
67 563 1
67 407 1
67 631 1
67 158 1
68 197 1
68 220 1
68 682 1
68 171 1
68 694 1
68 623 1
68 693 1
68 691 1
68 692 1
68 213 1
68 310 1
68 695 1
68 665 1
68 378 1
68 559 1
68 540 1
68 255 1
69 581 1
69 198 1
69 353 1
69 267 1
69 463 1
69 272 1
69 609 1
69 214 1
69 676 1
69 97 1
69 356 1
69 231 1
69 552 1
69 172 1
69 690 1
69 691 1
69 436 1
69 528 1
69 311 1
69 696 1
69 697 1
69 446 1
70 352 1
70 512 1
70 683 1
70 486 1
70 679 1
70 520 1
70 553 1
70 427 1
70 237 1
70 685 1
70 533 1
70 695 1
70 506 1
70 636 1
71 224 1
71 417 1
71 195 1
71 612 1
71 699 1
71 455 1
71 396 1
71 139 1
71 588 1
71 429 1
71 439 1
71 641 1
71 666 1
71 347 1
71 698 1
71 159 1
72 576 1
72 669 1
72 642 1
72 684 1
72 613 1
72 701 1
72 135 1
72 328 1
72 297 1
72 586 1
72 652 1
72 397 1
72 637 1
72 560 1
72 700 1
72 370 1
72 694 1
72 696 1
72 316 1
72 541 1
73 98 1
73 298 1
73 173 1
73 654 1
73 418 1
73 432 1
73 561 1
73 371 1
73 84 1
73 686 1
73 438 1
73 667 1
73 700 1
73 703 1
73 670 1
73 702 1
74 704 1
74 481 1
74 578 1
74 630 1
74 678 1
74 705 1
74 488 1
74 458 1
74 706 1
74 334 1
74 239 1
74 624 1
74 145 1
74 534 1
74 599 1
74 697 1
74 282 1
74 703 1
74 266 1
74 223 1
75 448 1
75 706 1
75 707 1
75 484 1
75 708 1
75 326 1
75 456 1
75 620 1
75 435 1
75 335 1
75 688 1
75 689 1
75 709 1
75 595 1
75 244 1
75 535 1
75 692 1
75 477 1
75 702 1
75 95 1
76 705 1
76 283 1
76 101 1
76 710 1
76 487 1
76 707 1
76 268 1
76 419 1
76 398 1
76 589 1
76 336 1
76 536 1
76 658 1
76 115 1
76 468 1
76 643 1
76 440 1
76 346 1
76 379 1
76 634 1
76 677 1
77 258 1
77 147 1
77 133 1
77 710 1
77 327 1
77 584 1
77 482 1
77 337 1
77 531 1
77 659 1
77 501 1
77 693 1
77 420 1
77 698 1
77 219 1
77 671 1
78 225 1
78 674 1
78 709 1
78 711 1
78 361 1
78 202 1
78 524 1
78 493 1
78 241 1
78 500 1
78 538 1
78 699 1
78 380 1
78 442 1
79 672 1
79 701 1
79 651 1
79 164 1
79 453 1
79 711 1
79 616 1
79 555 1
79 704 1
79 431 1
79 209 1
79 562 1
79 467 1
79 660 1
79 151 1
79 516 1
79 708 1
79 348 1
79 605 1
1
0 1 2 3 4 5 6 7 8 9 10 11 12 13 14 15
