1392
0 3 1
0 11 1
0 14 1
0 15 1
0 16 1
0 23 1
0 24 1
0 32 1
0 36 1
0 39 1
0 45 1
0 51 1
0 52 1
0 56 1
0 59 1
0 60 1
0 67 1
0 68 1
0 73 1
0 74 1
0 89 1
0 94 1
0 109 1
0 113 1
0 115 1
0 116 1
0 118 1
0 122 1
0 138 1
1 12 1
1 22 1
1 29 1
1 34 1
1 47 1
1 49 1
1 56 1
1 64 1
1 69 1
1 70 1
1 78 1
1 80 1
1 86 1
1 90 1
1 96 1
1 103 1
1 111 1
1 112 1
1 127 1
1 129 1
1 134 1
2 7 1
2 9 1
2 41 1
2 66 1
2 81 1
2 91 1
2 92 1
2 105 1
2 117 1
2 121 1
2 122 1
2 129 1
2 131 1
2 137 1
3 4 1
3 17 1
3 20 1
3 21 1
3 41 1
3 51 1
3 57 1
3 61 1
3 62 1
3 70 1
3 76 1
3 81 1
3 84 1
3 101 1
3 109 1
3 120 1
4 9 1
4 20 1
4 37 1
4 45 1
4 55 1
4 76 1
4 79 1
4 88 1
4 91 1
4 103 1
4 111 1
4 116 1
4 121 1
4 133 1
4 136 1
5 8 1
5 14 1
5 34 1
5 47 1
5 49 1
5 52 1
5 55 1
5 58 1
5 68 1
5 75 1
5 79 1
5 80 1
5 88 1
5 92 1
5 103 1
5 104 1
5 105 1
5 110 1
5 118 1
5 121 1
5 133 1
5 136 1
5 138 1
6 13 1
6 21 1
6 24 1
6 50 1
6 66 1
6 79 1
6 81 1
6 89 1
6 93 1
6 95 1
6 101 1
6 103 1
6 112 1
6 115 1
6 126 1
6 132 1
6 133 1
6 134 1
7 10 1
7 12 1
7 18 1
7 27 1
7 29 1
7 37 1
7 38 1
7 42 1
7 45 1
7 49 1
7 51 1
7 56 1
7 61 1
7 62 1
7 64 1
7 80 1
7 82 1
7 88 1
7 89 1
7 103 1
7 119 1
7 137 1
8 9 1
8 10 1
8 19 1
8 32 1
8 38 1
8 41 1
8 43 1
8 44 1
8 45 1
8 46 1
8 47 1
8 59 1
8 66 1
8 79 1
8 85 1
8 86 1
8 91 1
8 94 1
8 106 1
8 110 1
8 130 1
9 12 1
9 15 1
9 38 1
9 43 1
9 53 1
9 75 1
9 78 1
9 92 1
9 95 1
9 100 1
9 110 1
9 113 1
9 117 1
9 125 1
9 132 1
9 138 1
9 139 1
10 15 1
10 27 1
10 33 1
10 43 1
10 44 1
10 56 1
10 60 1
10 72 1
10 78 1
10 79 1
10 81 1
10 82 1
10 104 1
10 128 1
11 13 1
11 23 1
11 57 1
11 63 1
11 69 1
11 72 1
11 97 1
11 104 1
11 119 1
11 136 1
12 19 1
12 23 1
12 36 1
12 38 1
12 41 1
12 44 1
12 51 1
12 56 1
12 59 1
12 62 1
12 65 1
12 67 1
12 73 1
12 83 1
12 92 1
12 113 1
12 121 1
12 123 1
12 126 1
12 128 1
12 130 1
13 16 1
13 18 1
13 19 1
13 39 1
13 46 1
13 49 1
13 55 1
13 62 1
13 81 1
13 87 1
13 92 1
13 94 1
13 105 1
13 107 1
13 114 1
13 117 1
13 121 1
13 123 1
14 18 1
14 24 1
14 27 1
14 29 1
14 32 1
14 39 1
14 77 1
14 88 1
14 92 1
14 108 1
14 120 1
14 132 1
15 22 1
15 28 1
15 29 1
15 44 1
15 55 1
15 64 1
15 66 1
15 69 1
15 82 1
15 84 1
15 87 1
15 90 1
15 91 1
15 96 1
15 103 1
15 111 1
15 129 1
15 138 1
16 17 1
16 18 1
16 29 1
16 30 1
16 39 1
16 47 1
16 52 1
16 53 1
16 55 1
16 64 1
16 66 1
16 70 1
16 71 1
16 72 1
16 73 1
16 76 1
16 80 1
16 89 1
16 90 1
16 95 1
16 99 1
16 112 1
16 118 1
16 120 1
16 127 1
16 128 1
16 137 1
17 18 1
17 25 1
17 28 1
17 31 1
17 46 1
17 48 1
17 50 1
17 63 1
17 72 1
17 75 1
17 90 1
17 113 1
17 118 1
17 120 1
17 125 1
17 127 1
17 128 1
17 137 1
18 20 1
18 49 1
18 55 1
18 66 1
18 69 1
18 72 1
18 77 1
18 81 1
18 91 1
18 97 1
18 102 1
18 108 1
18 112 1
18 135 1
19 20 1
19 22 1
19 30 1
19 36 1
19 39 1
19 69 1
19 70 1
19 85 1
19 90 1
19 93 1
19 94 1
19 95 1
19 96 1
19 99 1
19 103 1
19 109 1
19 117 1
19 120 1
19 131 1
20 40 1
20 47 1
20 55 1
20 58 1
20 61 1
20 79 1
20 85 1
20 86 1
20 89 1
20 91 1
20 93 1
20 107 1
20 113 1
20 121 1
20 129 1
20 130 1
20 137 1
20 139 1
21 35 1
21 37 1
21 39 1
21 52 1
21 53 1
21 54 1
21 81 1
21 86 1
21 88 1
21 93 1
21 98 1
21 135 1
21 137 1
22 29 1
22 31 1
22 34 1
22 38 1
22 43 1
22 56 1
22 61 1
22 63 1
22 95 1
22 99 1
22 104 1
22 109 1
22 115 1
22 120 1
22 122 1
22 126 1
22 130 1
22 138 1
22 139 1
23 32 1
23 39 1
23 42 1
23 53 1
23 57 1
23 61 1
23 66 1
23 76 1
23 78 1
23 82 1
23 84 1
23 94 1
23 109 1
23 113 1
23 116 1
23 122 1
23 133 1
23 139 1
24 35 1
24 45 1
24 110 1
25 34 1
25 43 1
25 47 1
25 67 1
25 69 1
25 80 1
25 82 1
25 94 1
25 100 1
25 101 1
25 106 1
25 111 1
25 118 1
25 119 1
25 125 1
25 127 1
25 135 1
26 29 1
26 30 1
26 48 1
26 49 1
26 56 1
26 57 1
26 63 1
26 73 1
26 74 1
26 76 1
26 88 1
26 94 1
26 96 1
26 102 1
26 113 1
26 118 1
26 120 1
26 126 1
26 131 1
27 32 1
27 44 1
27 50 1
27 56 1
27 58 1
27 63 1
27 75 1
27 77 1
27 99 1
27 102 1
27 108 1
27 122 1
27 127 1
27 135 1
27 136 1
28 33 1
28 36 1
28 52 1
28 72 1
28 82 1
28 86 1
28 106 1
28 110 1
28 121 1
28 125 1
28 129 1
28 130 1
28 138 1
29 31 1
29 34 1
29 36 1
29 38 1
29 44 1
29 58 1
29 59 1
29 69 1
29 72 1
29 78 1
29 80 1
29 81 1
29 83 1
29 86 1
29 87 1
29 90 1
29 92 1
29 115 1
29 124 1
29 129 1
30 31 1
30 39 1
30 69 1
30 82 1
30 83 1
30 84 1
30 86 1
30 89 1
30 96 1
30 99 1
30 101 1
30 108 1
30 114 1
30 117 1
30 128 1
30 138 1
31 35 1
31 44 1
31 48 1
31 61 1
31 67 1
31 75 1
31 78 1
31 82 1
31 84 1
31 94 1
31 107 1
31 109 1
31 113 1
31 114 1
31 123 1
31 125 1
31 126 1
32 36 1
32 44 1
32 56 1
32 60 1
32 72 1
32 83 1
32 86 1
32 87 1
32 109 1
32 112 1
32 116 1
32 122 1
32 130 1
33 35 1
33 36 1
33 43 1
33 45 1
33 46 1
33 53 1
33 77 1
33 80 1
33 91 1
33 94 1
33 98 1
33 112 1
33 116 1
33 120 1
33 130 1
33 137 1
33 138 1
34 43 1
34 50 1
34 60 1
34 77 1
34 80 1
34 99 1
34 115 1
34 118 1
34 126 1
34 129 1
34 131 1
34 132 1
35 38 1
35 40 1
35 62 1
35 64 1
35 71 1
35 77 1
35 93 1
35 104 1
35 121 1
35 125 1
35 138 1
36 38 1
36 40 1
36 60 1
36 62 1
36 63 1
36 70 1
36 74 1
36 75 1
36 79 1
36 89 1
36 93 1
36 105 1
36 122 1
36 131 1
36 134 1
36 135 1
37 42 1
37 51 1
37 60 1
37 74 1
37 77 1
37 80 1
37 81 1
37 88 1
37 91 1
37 94 1
37 111 1
37 112 1
37 119 1
37 121 1
37 129 1
37 139 1
38 44 1
38 51 1
38 59 1
38 62 1
38 65 1
38 72 1
38 74 1
38 75 1
38 78 1
38 82 1
38 92 1
38 100 1
38 102 1
38 104 1
38 109 1
38 115 1
38 129 1
38 130 1
39 40 1
39 42 1
39 47 1
39 52 1
39 61 1
39 71 1
39 72 1
39 75 1
39 76 1
39 83 1
39 91 1
39 100 1
39 109 1
39 112 1
39 117 1
39 118 1
39 132 1
40 49 1
40 57 1
40 67 1
40 84 1
40 95 1
40 101 1
40 104 1
40 116 1
40 131 1
40 132 1
40 136 1
41 47 1
41 49 1
41 61 1
41 70 1
41 74 1
41 87 1
41 89 1
41 96 1
41 99 1
41 101 1
41 102 1
41 110 1
41 130 1
42 43 1
42 47 1
42 50 1
42 57 1
42 71 1
42 73 1
42 81 1
42 83 1
42 86 1
42 87 1
42 89 1
42 100 1
42 103 1
42 106 1
42 113 1
42 119 1
42 130 1
42 131 1
43 57 1
43 64 1
43 69 1
43 72 1
43 75 1
43 78 1
43 89 1
43 98 1
43 106 1
43 107 1
43 123 1
43 132 1
43 134 1
43 139 1
44 55 1
44 56 1
44 82 1
44 84 1
44 89 1
44 95 1
44 99 1
44 114 1
44 118 1
44 122 1
44 128 1
44 133 1
45 50 1
45 54 1
45 61 1
45 65 1
45 78 1
45 80 1
45 93 1
45 99 1
45 106 1
45 109 1
45 111 1
45 113 1
45 139 1
46 49 1
46 54 1
46 55 1
46 63 1
46 64 1
46 73 1
46 79 1
46 86 1
46 92 1
46 107 1
46 114 1
46 116 1
46 128 1
47 57 1
47 58 1
47 69 1
47 93 1
47 95 1
47 97 1
47 103 1
47 112 1
47 114 1
47 115 1
47 121 1
47 126 1
47 127 1
47 129 1
47 133 1
47 134 1
47 137 1
48 57 1
48 58 1
48 62 1
48 66 1
48 67 1
48 85 1
48 86 1
48 92 1
48 93 1
48 103 1
48 122 1
48 132 1
49 76 1
49 80 1
49 83 1
49 89 1
49 95 1
49 99 1
49 106 1
49 122 1
49 123 1
49 126 1
49 136 1
50 51 1
50 56 1
50 60 1
50 71 1
50 90 1
50 96 1
50 103 1
50 117 1
50 123 1
50 127 1
50 128 1
50 136 1
51 76 1
51 104 1
51 109 1
51 137 1
52 64 1
52 69 1
52 75 1
52 76 1
52 80 1
52 95 1
52 108 1
52 111 1
52 115 1
52 132 1
52 135 1
53 55 1
53 59 1
53 61 1
53 65 1
53 67 1
53 84 1
53 92 1
53 94 1
53 96 1
53 107 1
53 111 1
53 112 1
53 115 1
53 128 1
54 59 1
54 63 1
54 72 1
54 82 1
54 100 1
54 104 1
54 105 1
54 113 1
54 114 1
54 133 1
54 134 1
54 135 1
55 64 1
55 68 1
55 72 1
55 75 1
55 76 1
55 80 1
55 82 1
55 83 1
55 95 1
55 106 1
55 123 1
55 137 1
56 89 1
56 90 1
56 94 1
56 98 1
56 102 1
56 108 1
56 118 1
56 120 1
56 121 1
56 124 1
56 125 1
56 135 1
56 139 1
57 61 1
57 69 1
57 71 1
57 76 1
57 80 1
57 83 1
57 88 1
57 95 1
57 110 1
57 131 1
57 132 1
58 59 1
58 67 1
58 69 1
58 75 1
58 77 1
58 78 1
58 79 1
58 103 1
58 116 1
58 120 1
58 121 1
58 129 1
58 138 1
59 65 1
59 66 1
59 70 1
59 76 1
59 82 1
59 88 1
59 94 1
59 101 1
59 106 1
59 108 1
59 117 1
59 121 1
59 127 1
60 70 1
60 82 1
60 88 1
60 101 1
60 112 1
60 118 1
60 123 1
60 126 1
61 68 1
61 78 1
61 79 1
61 99 1
61 100 1
61 113 1
61 114 1
61 122 1
61 124 1
61 125 1
61 131 1
62 64 1
62 67 1
62 68 1
62 72 1
62 76 1
62 79 1
62 88 1
62 96 1
62 103 1
62 106 1
62 108 1
62 109 1
62 110 1
62 119 1
62 128 1
62 135 1
62 136 1
62 139 1
63 64 1
63 68 1
63 69 1
63 87 1
63 102 1
63 106 1
63 107 1
63 108 1
63 113 1
63 115 1
63 125 1
63 132 1
63 133 1
63 137 1
64 82 1
64 85 1
64 86 1
64 89 1
64 91 1
64 102 1
64 110 1
64 117 1
64 137 1
65 74 1
65 76 1
65 77 1
65 79 1
65 93 1
65 94 1
65 98 1
65 100 1
65 104 1
65 116 1
65 125 1
65 126 1
65 139 1
66 69 1
66 76 1
66 114 1
66 136 1
67 71 1
67 75 1
67 79 1
67 92 1
67 94 1
67 98 1
67 103 1
67 112 1
67 129 1
67 130 1
67 136 1
68 74 1
68 77 1
68 96 1
68 101 1
68 134 1
68 136 1
68 137 1
69 71 1
69 73 1
69 77 1
69 82 1
69 90 1
69 94 1
69 105 1
69 107 1
69 111 1
69 123 1
69 124 1
69 128 1
69 133 1
69 135 1
69 136 1
70 92 1
70 99 1
70 104 1
70 112 1
70 114 1
70 115 1
70 117 1
70 120 1
70 121 1
70 125 1
70 128 1
71 75 1
71 80 1
71 87 1
71 90 1
71 92 1
71 93 1
71 102 1
71 126 1
71 130 1
71 131 1
71 136 1
71 137 1
71 139 1
72 81 1
72 84 1
72 89 1
72 93 1
72 96 1
72 103 1
72 104 1
72 111 1
72 119 1
72 123 1
72 124 1
72 130 1
72 132 1
73 82 1
73 83 1
73 86 1
73 92 1
73 95 1
73 101 1
73 103 1
73 108 1
73 118 1
73 123 1
73 124 1
74 80 1
74 82 1
74 94 1
74 100 1
74 129 1
74 131 1
74 138 1
75 101 1
75 105 1
75 115 1
75 127 1
75 138 1
76 78 1
76 79 1
76 102 1
76 119 1
76 122 1
76 124 1
76 126 1
76 135 1
77 80 1
77 85 1
77 88 1
77 92 1
77 100 1
77 108 1
77 120 1
77 122 1
77 123 1
77 126 1
77 128 1
77 131 1
77 138 1
78 83 1
78 88 1
78 91 1
78 99 1
78 104 1
78 117 1
78 119 1
78 134 1
78 137 1
79 80 1
79 87 1
79 88 1
79 90 1
79 97 1
79 109 1
79 111 1
79 112 1
79 115 1
79 120 1
79 124 1
79 129 1
79 133 1
80 97 1
80 105 1
80 106 1
80 107 1
80 113 1
80 130 1
80 131 1
80 132 1
81 90 1
81 91 1
81 93 1
81 94 1
81 109 1
81 112 1
81 115 1
81 122 1
81 124 1
81 132 1
82 88 1
82 101 1
82 105 1
82 119 1
82 131 1
82 132 1
83 84 1
83 94 1
83 98 1
83 100 1
83 104 1
83 106 1
83 136 1
83 139 1
84 91 1
84 93 1
84 95 1
84 98 1
84 101 1
84 107 1
84 108 1
84 122 1
84 133 1
84 136 1
84 138 1
85 93 1
85 96 1
85 103 1
85 116 1
85 118 1
85 121 1
85 126 1
85 132 1
85 138 1
86 89 1
86 94 1
86 97 1
86 119 1
86 135 1
87 89 1
87 90 1
87 96 1
87 103 1
87 105 1
87 106 1
87 107 1
87 111 1
87 115 1
87 117 1
87 118 1
87 134 1
87 137 1
87 138 1
88 98 1
88 101 1
88 104 1
88 111 1
88 121 1
88 125 1
88 127 1
88 130 1
89 100 1
89 104 1
89 115 1
89 125 1
89 128 1
89 137 1
90 92 1
90 96 1
90 98 1
90 109 1
90 129 1
90 133 1
90 137 1
90 139 1
91 94 1
91 100 1
91 106 1
92 105 1
92 122 1
92 128 1
92 134 1
92 135 1
92 139 1
93 111 1
93 112 1
93 136 1
94 96 1
94 107 1
94 117 1
94 128 1
94 137 1
95 104 1
95 112 1
95 125 1
95 128 1
95 133 1
95 137 1
96 110 1
96 121 1
96 133 1
96 139 1
97 98 1
97 100 1
97 102 1
97 109 1
97 110 1
97 116 1
97 127 1
97 134 1
97 137 1
98 113 1
98 118 1
98 136 1
99 105 1
99 114 1
99 119 1
99 124 1
99 129 1
99 138 1
99 139 1
100 101 1
100 113 1
100 125 1
100 128 1
100 132 1
100 136 1
101 109 1
101 116 1
101 117 1
101 126 1
101 135 1
102 106 1
102 107 1
102 112 1
102 121 1
102 122 1
102 127 1
102 134 1
102 137 1
103 108 1
103 115 1
103 116 1
104 107 1
104 115 1
104 117 1
104 121 1
104 131 1
104 132 1
105 124 1
105 133 1
105 136 1
106 115 1
106 116 1
106 125 1
106 126 1
106 134 1
107 110 1
107 120 1
107 128 1
107 139 1
108 111 1
108 112 1
108 113 1
108 116 1
108 126 1
109 112 1
109 116 1
109 137 1
109 139 1
110 114 1
110 121 1
110 124 1
110 128 1
110 135 1
110 139 1
111 112 1
111 114 1
111 117 1
111 123 1
111 130 1
112 121 1
112 124 1
113 118 1
113 127 1
113 132 1
113 138 1
114 121 1
114 122 1
115 122 1
115 123 1
115 127 1
116 117 1
116 119 1
116 121 1
116 131 1
116 137 1
117 118 1
117 122 1
117 127 1
117 130 1
117 131 1
117 136 1
118 123 1
118 125 1
118 131 1
119 127 1
119 130 1
119 131 1
119 132 1
120 129 1
121 122 1
121 125 1
122 128 1
122 131 1
122 137 1
123 125 1
123 131 1
123 137 1
124 127 1
125 128 1
125 137 1
126 130 1
126 135 1
126 137 1
127 131 1
128 129 1
128 137 1
129 131 1
129 139 1
130 131 1
131 134 1
132 137 1
132 138 1
132 139 1
136 137 1
136 139 1
1
125 60 129 53 134 111 59 21 57 127 112 18 38 6
