685
0 8 1
0 19 1
0 20 1
0 22 1
0 26 1
0 29 1
0 30 1
0 36 1
0 38 1
0 41 1
0 47 1
0 57 1
0 59 1
0 62 1
0 63 1
0 75 1
1 3 1
1 9 1
1 18 1
1 19 1
1 28 1
1 30 1
1 31 1
1 37 1
1 42 1
1 43 1
1 44 1
1 46 1
1 49 1
1 58 1
1 59 1
1 60 1
1 62 1
1 64 1
1 71 1
1 72 1
1 74 1
1 78 1
2 9 1
2 11 1
2 13 1
2 14 1
2 15 1
2 16 1
2 32 1
2 36 1
2 38 1
2 39 1
2 54 1
2 57 1
2 58 1
2 59 1
2 62 1
2 63 1
2 74 1
2 76 1
2 77 1
3 6 1
3 11 1
3 12 1
3 13 1
3 14 1
3 30 1
3 33 1
3 35 1
3 39 1
3 40 1
3 41 1
3 43 1
3 45 1
3 46 1
3 55 1
3 58 1
3 75 1
3 77 1
4 7 1
4 12 1
4 17 1
4 21 1
4 35 1
4 44 1
4 47 1
4 61 1
4 67 1
4 74 1
4 77 1
5 9 1
5 21 1
5 23 1
5 24 1
5 26 1
5 28 1
5 29 1
5 30 1
5 38 1
5 50 1
5 58 1
5 61 1
5 79 1
6 13 1
6 22 1
6 23 1
6 26 1
6 27 1
6 35 1
6 37 1
6 40 1
6 50 1
6 51 1
6 52 1
6 53 1
6 58 1
6 64 1
7 21 1
7 33 1
7 34 1
7 35 1
7 45 1
7 48 1
7 52 1
7 58 1
7 67 1
7 68 1
7 70 1
7 73 1
7 77 1
8 17 1
8 20 1
8 23 1
8 32 1
8 37 1
8 43 1
8 44 1
8 48 1
8 50 1
8 58 1
8 60 1
8 70 1
8 71 1
8 72 1
9 11 1
9 13 1
9 14 1
9 19 1
9 27 1
9 33 1
9 37 1
9 41 1
9 52 1
9 59 1
9 63 1
9 65 1
9 67 1
9 68 1
9 73 1
9 77 1
10 12 1
10 15 1
10 24 1
10 27 1
10 28 1
10 46 1
10 47 1
10 48 1
10 54 1
10 55 1
10 65 1
10 69 1
10 76 1
10 78 1
11 31 1
11 32 1
11 39 1
11 40 1
11 43 1
11 44 1
11 46 1
11 47 1
11 50 1
11 56 1
11 60 1
11 63 1
11 64 1
11 72 1
11 73 1
11 76 1
12 13 1
12 26 1
12 37 1
12 43 1
12 49 1
12 50 1
12 54 1
12 56 1
12 58 1
12 64 1
12 65 1
12 71 1
12 72 1
13 17 1
13 18 1
13 21 1
13 29 1
13 38 1
13 49 1
13 55 1
13 64 1
13 68 1
13 71 1
14 16 1
14 20 1
14 25 1
14 27 1
14 32 1
14 36 1
14 42 1
14 48 1
14 55 1
14 56 1
14 57 1
14 62 1
14 69 1
14 73 1
14 74 1
14 76 1
14 77 1
14 78 1
15 16 1
15 20 1
15 21 1
15 23 1
15 26 1
15 36 1
15 38 1
15 46 1
15 47 1
15 50 1
15 58 1
15 62 1
15 74 1
15 75 1
16 20 1
16 24 1
16 25 1
16 26 1
16 30 1
16 33 1
16 41 1
16 55 1
16 58 1
16 60 1
16 61 1
16 63 1
16 64 1
16 66 1
16 68 1
16 70 1
16 74 1
17 31 1
17 35 1
17 39 1
17 49 1
17 50 1
17 52 1
17 54 1
17 55 1
17 64 1
17 65 1
17 76 1
18 21 1
18 27 1
18 41 1
18 43 1
18 44 1
18 45 1
18 54 1
18 56 1
18 60 1
18 61 1
18 63 1
18 64 1
18 70 1
19 24 1
19 27 1
19 30 1
19 40 1
19 45 1
19 47 1
19 53 1
19 56 1
19 57 1
19 59 1
19 60 1
19 72 1
19 76 1
19 78 1
20 24 1
20 28 1
20 40 1
20 42 1
20 44 1
20 46 1
20 55 1
20 57 1
20 60 1
20 68 1
20 75 1
21 23 1
21 28 1
21 30 1
21 36 1
21 38 1
21 39 1
21 41 1
21 44 1
21 46 1
21 47 1
21 49 1
21 50 1
21 60 1
21 65 1
21 66 1
21 70 1
21 72 1
22 30 1
22 31 1
22 33 1
22 35 1
22 39 1
22 43 1
22 49 1
22 50 1
22 53 1
22 66 1
22 73 1
22 78 1
23 28 1
23 29 1
23 30 1
23 32 1
23 41 1
23 63 1
23 64 1
23 68 1
23 74 1
23 75 1
23 76 1
23 79 1
24 26 1
24 29 1
24 31 1
24 32 1
24 34 1
24 38 1
24 39 1
24 43 1
24 56 1
24 58 1
24 66 1
24 71 1
24 75 1
24 76 1
24 77 1
25 33 1
25 34 1
25 35 1
25 36 1
25 38 1
25 44 1
25 48 1
25 51 1
25 54 1
25 57 1
25 61 1
25 62 1
25 64 1
25 65 1
25 66 1
25 73 1
25 77 1
25 79 1
26 29 1
26 32 1
26 33 1
26 34 1
26 41 1
26 42 1
26 45 1
26 49 1
26 50 1
26 51 1
26 53 1
26 55 1
26 57 1
26 59 1
26 62 1
26 64 1
26 65 1
26 66 1
26 68 1
26 71 1
26 77 1
27 34 1
27 39 1
27 47 1
27 50 1
27 53 1
27 63 1
27 65 1
27 71 1
27 72 1
27 76 1
28 34 1
28 44 1
28 45 1
28 52 1
28 56 1
28 64 1
28 66 1
28 73 1
29 35 1
29 40 1
29 52 1
29 53 1
29 61 1
29 79 1
30 38 1
30 43 1
30 46 1
30 61 1
30 78 1
31 38 1
31 44 1
31 51 1
31 52 1
31 57 1
31 58 1
31 60 1
31 61 1
31 63 1
31 65 1
31 67 1
31 68 1
31 73 1
31 77 1
32 33 1
32 37 1
32 48 1
32 49 1
32 57 1
32 61 1
32 63 1
32 68 1
32 71 1
32 75 1
33 35 1
33 42 1
33 46 1
33 51 1
33 55 1
33 69 1
33 72 1
33 75 1
33 76 1
34 37 1
34 43 1
34 45 1
34 53 1
34 56 1
34 57 1
34 62 1
34 65 1
34 66 1
34 79 1
35 38 1
35 46 1
35 50 1
35 52 1
35 53 1
35 56 1
35 68 1
35 71 1
36 37 1
36 40 1
36 52 1
36 57 1
36 60 1
36 63 1
36 69 1
36 72 1
36 78 1
37 40 1
37 41 1
37 42 1
37 46 1
37 51 1
37 53 1
37 55 1
37 56 1
37 59 1
37 60 1
37 61 1
37 63 1
37 77 1
38 43 1
38 44 1
38 48 1
38 52 1
38 57 1
38 79 1
39 42 1
39 44 1
39 47 1
39 60 1
39 61 1
39 67 1
39 75 1
40 46 1
40 47 1
40 64 1
40 67 1
40 68 1
40 75 1
40 79 1
41 45 1
41 57 1
41 61 1
41 69 1
41 72 1
41 73 1
42 53 1
42 58 1
42 60 1
42 64 1
42 66 1
42 69 1
42 70 1
42 73 1
43 45 1
43 46 1
43 55 1
43 57 1
43 65 1
43 69 1
43 76 1
43 78 1
44 45 1
44 54 1
44 62 1
44 65 1
44 66 1
44 76 1
44 77 1
45 59 1
45 61 1
45 62 1
45 69 1
45 71 1
45 72 1
45 74 1
46 47 1
46 49 1
46 52 1
46 54 1
46 56 1
46 62 1
46 64 1
46 67 1
46 70 1
47 55 1
47 68 1
47 69 1
47 73 1
47 76 1
48 49 1
48 54 1
48 55 1
48 66 1
48 68 1
48 74 1
48 77 1
49 50 1
49 53 1
49 61 1
49 63 1
49 64 1
49 66 1
49 69 1
49 71 1
49 79 1
50 57 1
50 65 1
50 74 1
50 75 1
50 76 1
51 56 1
51 59 1
51 65 1
51 69 1
51 70 1
51 78 1
52 61 1
52 63 1
52 67 1
52 72 1
52 75 1
52 79 1
53 56 1
53 57 1
53 64 1
53 66 1
53 67 1
54 55 1
54 56 1
54 66 1
54 75 1
55 56 1
55 58 1
55 62 1
55 70 1
55 76 1
55 77 1
55 78 1
55 79 1
56 63 1
56 66 1
56 67 1
56 68 1
56 75 1
57 60 1
57 61 1
57 63 1
57 65 1
57 69 1
57 71 1
57 75 1
57 77 1
57 78 1
58 59 1
58 62 1
58 68 1
58 70 1
58 73 1
58 76 1
59 60 1
59 62 1
59 72 1
60 65 1
60 71 1
60 74 1
61 62 1
61 69 1
61 76 1
62 64 1
62 65 1
62 66 1
62 73 1
62 74 1
63 64 1
64 71 1
65 72 1
65 73 1
65 75 1
65 76 1
65 78 1
66 69 1
66 71 1
66 72 1
68 70 1
68 79 1
69 79 1
70 74 1
70 76 1
71 74 1
71 76 1
72 75 1
72 77 1
72 78 1
72 79 1
73 79 1
74 76 1
74 79 1
75 77 1
75 78 1
77 79 1
1
33 79 34 20 46 57 70 65
