189
0 2 1
0 7 1
0 8 1
0 11 1
0 14 1
0 17 1
0 18 1
0 19 1
0 24 1
0 26 1
0 27 1
1 3 1
1 5 1
1 7 1
1 8 1
1 9 1
1 11 1
1 12 1
1 14 1
1 15 1
1 16 1
1 18 1
1 22 1
1 26 1
1 27 1
1 29 1
2 3 1
2 7 1
2 8 1
2 18 1
2 19 1
2 23 1
2 24 1
2 28 1
2 29 1
3 5 1
3 7 1
3 9 1
3 11 1
3 13 1
3 15 1
3 18 1
3 20 1
3 24 1
3 25 1
3 26 1
3 27 1
3 28 1
4 6 1
4 9 1
4 15 1
4 20 1
4 24 1
4 26 1
4 29 1
5 7 1
5 12 1
5 15 1
5 18 1
5 19 1
5 22 1
5 26 1
5 28 1
6 10 1
6 11 1
6 12 1
6 13 1
6 16 1
6 19 1
6 20 1
6 21 1
6 23 1
6 27 1
6 28 1
6 29 1
7 8 1
7 13 1
7 17 1
7 18 1
7 20 1
7 22 1
7 24 1
7 27 1
7 29 1
8 10 1
8 14 1
8 17 1
8 19 1
8 20 1
8 21 1
8 22 1
8 29 1
9 10 1
9 13 1
9 16 1
9 17 1
9 20 1
9 21 1
9 22 1
9 25 1
9 26 1
9 27 1
9 28 1
10 11 1
10 14 1
10 18 1
10 19 1
10 23 1
10 24 1
10 25 1
10 26 1
10 28 1
10 29 1
11 14 1
11 16 1
11 19 1
11 22 1
11 24 1
11 26 1
12 13 1
12 15 1
12 16 1
12 26 1
12 28 1
12 29 1
13 17 1
13 18 1
13 19 1
13 21 1
13 22 1
13 23 1
13 25 1
13 26 1
14 16 1
14 18 1
14 19 1
14 20 1
14 22 1
14 24 1
14 28 1
14 29 1
15 16 1
15 20 1
15 22 1
15 23 1
15 29 1
16 18 1
16 19 1
16 21 1
16 23 1
16 24 1
16 27 1
16 29 1
17 18 1
17 20 1
17 23 1
17 28 1
18 20 1
18 23 1
18 25 1
18 26 1
19 20 1
19 21 1
19 22 1
19 23 1
19 24 1
19 26 1
19 27 1
20 21 1
20 23 1
20 24 1
20 27 1
20 28 1
21 24 1
21 26 1
21 27 1
21 28 1
22 25 1
23 25 1
23 26 1
23 27 1
23 28 1
23 29 1
24 27 1
24 28 1
25 29 1
26 28 1
26 29 1
27 29 1
1
20 5 0
