225
0 3 1
0 5 1
0 8 1
0 11 1
0 14 1
0 17 1
0 21 1
0 22 1
1 6 1
1 7 1
1 8 1
1 9 1
1 11 1
1 12 1
1 15 1
1 19 1
1 21 1
1 22 1
1 24 1
1 25 1
1 26 1
1 27 1
1 28 1
1 29 1
2 4 1
2 5 1
2 6 1
2 7 1
2 10 1
2 12 1
2 14 1
2 15 1
2 17 1
2 19 1
2 20 1
2 23 1
2 25 1
2 26 1
2 27 1
2 28 1
3 5 1
3 6 1
3 9 1
3 10 1
3 11 1
3 13 1
3 15 1
3 16 1
3 17 1
3 20 1
3 24 1
3 26 1
3 28 1
3 29 1
4 5 1
4 6 1
4 8 1
4 9 1
4 10 1
4 11 1
4 14 1
4 16 1
4 18 1
4 23 1
4 27 1
4 29 1
5 6 1
5 10 1
5 11 1
5 12 1
5 13 1
5 16 1
5 18 1
5 19 1
5 20 1
5 21 1
5 23 1
5 26 1
5 28 1
6 8 1
6 13 1
6 17 1
6 18 1
6 19 1
6 20 1
6 22 1
6 23 1
6 26 1
6 29 1
7 8 1
7 10 1
7 12 1
7 13 1
7 14 1
7 15 1
7 17 1
7 18 1
7 19 1
7 22 1
7 24 1
7 25 1
7 28 1
7 29 1
8 10 1
8 13 1
8 16 1
8 17 1
8 20 1
8 21 1
8 23 1
8 24 1
8 26 1
8 27 1
9 11 1
9 13 1
9 15 1
9 17 1
9 18 1
9 19 1
9 20 1
9 25 1
9 26 1
9 27 1
9 28 1
10 11 1
10 17 1
10 18 1
10 21 1
10 23 1
10 24 1
10 26 1
10 27 1
10 28 1
11 16 1
11 17 1
11 18 1
11 19 1
11 20 1
11 21 1
11 22 1
11 23 1
11 24 1
11 25 1
11 26 1
11 27 1
11 28 1
11 29 1
12 15 1
12 16 1
12 19 1
12 20 1
12 22 1
12 24 1
12 25 1
12 28 1
12 29 1
13 14 1
13 17 1
13 19 1
13 20 1
13 21 1
13 23 1
13 24 1
13 25 1
13 27 1
13 28 1
13 29 1
14 15 1
14 16 1
14 17 1
14 18 1
14 20 1
14 21 1
14 23 1
14 24 1
14 25 1
14 27 1
15 17 1
15 19 1
15 21 1
15 23 1
15 24 1
15 25 1
15 28 1
15 29 1
16 22 1
16 23 1
16 24 1
16 25 1
16 27 1
16 29 1
17 19 1
17 23 1
17 25 1
17 28 1
18 20 1
18 21 1
18 22 1
18 23 1
18 27 1
18 28 1
18 29 1
19 28 1
19 29 1
20 21 1
20 22 1
20 23 1
20 25 1
20 26 1
20 29 1
21 22 1
21 23 1
21 26 1
22 24 1
22 26 1
22 27 1
22 28 1
23 25 1
24 25 1
24 27 1
25 28 1
25 29 1
26 27 1
27 28 1
28 29 1
1
24 25 21
