1592
0 3 1
0 16 1
0 17 1
0 23 1
0 29 1
0 41 1
0 43 1
0 51 1
0 66 1
0 67 1
0 70 1
0 74 1
0 101 1
0 106 1
0 121 1
0 123 1
0 128 1
0 148 1
0 150 1
1 4 1
1 11 1
1 12 1
1 33 1
1 34 1
1 46 1
1 54 1
1 60 1
1 75 1
1 77 1
1 81 1
1 87 1
1 91 1
1 95 1
1 97 1
1 105 1
1 106 1
1 110 1
1 113 1
1 120 1
1 124 1
1 140 1
1 147 1
1 155 1
2 3 1
2 12 1
2 22 1
2 31 1
2 33 1
2 37 1
2 41 1
2 45 1
2 48 1
2 55 1
2 56 1
2 69 1
2 70 1
2 76 1
2 86 1
2 107 1
2 142 1
2 151 1
3 21 1
3 26 1
3 39 1
3 44 1
3 45 1
3 59 1
3 61 1
3 83 1
3 95 1
3 106 1
3 111 1
3 117 1
3 125 1
3 127 1
3 144 1
3 147 1
4 6 1
4 47 1
4 52 1
4 54 1
4 60 1
4 64 1
4 72 1
4 77 1
4 80 1
4 85 1
4 97 1
4 103 1
4 108 1
4 128 1
4 139 1
4 146 1
4 150 1
4 156 1
4 157 1
5 22 1
5 33 1
5 39 1
5 40 1
5 47 1
5 50 1
5 69 1
5 77 1
5 86 1
5 90 1
5 100 1
5 141 1
5 143 1
5 150 1
6 18 1
6 25 1
6 31 1
6 36 1
6 39 1
6 44 1
6 63 1
6 67 1
6 92 1
6 96 1
6 105 1
6 106 1
6 110 1
6 113 1
6 128 1
6 129 1
6 135 1
6 138 1
6 139 1
6 142 1
6 146 1
6 149 1
6 153 1
6 155 1
7 12 1
7 13 1
7 28 1
7 31 1
7 32 1
7 43 1
7 44 1
7 47 1
7 56 1
7 72 1
7 78 1
7 79 1
7 89 1
7 93 1
7 96 1
7 122 1
7 132 1
7 148 1
7 154 1
8 14 1
8 17 1
8 33 1
8 55 1
8 61 1
8 69 1
8 78 1
8 79 1
8 85 1
8 86 1
8 90 1
8 93 1
8 107 1
8 112 1
8 116 1
8 120 1
8 123 1
8 128 1
8 136 1
8 147 1
9 32 1
9 44 1
9 46 1
9 47 1
9 50 1
9 58 1
9 66 1
9 71 1
9 76 1
9 83 1
9 84 1
9 100 1
9 109 1
9 111 1
9 116 1
9 117 1
9 119 1
9 130 1
9 153 1
9 156 1
9 159 1
10 15 1
10 21 1
10 27 1
10 28 1
10 29 1
10 42 1
10 50 1
10 72 1
10 81 1
10 82 1
10 119 1
10 135 1
10 147 1
10 148 1
10 157 1
11 12 1
11 13 1
11 19 1
11 22 1
11 39 1
11 49 1
11 51 1
11 71 1
11 78 1
11 89 1
11 90 1
11 99 1
11 105 1
11 111 1
11 130 1
11 139 1
11 142 1
11 144 1
11 149 1
11 150 1
11 153 1
12 15 1
12 16 1
12 17 1
12 29 1
12 42 1
12 44 1
12 61 1
12 69 1
12 70 1
12 92 1
12 109 1
12 122 1
12 123 1
12 124 1
12 135 1
12 137 1
12 148 1
12 149 1
12 152 1
12 153 1
13 24 1
13 40 1
13 44 1
13 46 1
13 49 1
13 61 1
13 63 1
13 70 1
13 74 1
13 82 1
13 83 1
13 97 1
13 98 1
13 100 1
13 105 1
13 112 1
13 118 1
13 123 1
13 124 1
13 125 1
13 127 1
13 129 1
13 130 1
13 139 1
13 140 1
13 151 1
13 155 1
14 20 1
14 40 1
14 63 1
14 78 1
14 85 1
14 101 1
14 116 1
14 119 1
14 128 1
14 129 1
14 140 1
14 146 1
14 156 1
14 157 1
15 26 1
15 28 1
15 48 1
15 51 1
15 53 1
15 54 1
15 69 1
15 72 1
15 93 1
15 94 1
15 112 1
15 121 1
15 133 1
15 142 1
15 156 1
16 26 1
16 35 1
16 55 1
16 57 1
16 63 1
16 69 1
16 76 1
16 80 1
16 82 1
16 85 1
16 88 1
16 92 1
16 112 1
16 114 1
16 118 1
16 120 1
16 128 1
16 134 1
16 139 1
16 141 1
16 152 1
16 155 1
17 24 1
17 39 1
17 46 1
17 47 1
17 62 1
17 70 1
17 79 1
17 101 1
17 104 1
17 108 1
17 110 1
17 118 1
17 131 1
17 138 1
17 141 1
17 143 1
17 146 1
18 24 1
18 25 1
18 29 1
18 40 1
18 64 1
18 66 1
18 73 1
18 78 1
18 81 1
18 86 1
18 95 1
18 99 1
18 105 1
18 124 1
18 137 1
19 21 1
19 25 1
19 31 1
19 34 1
19 38 1
19 39 1
19 47 1
19 49 1
19 64 1
19 66 1
19 70 1
19 72 1
19 73 1
19 74 1
19 84 1
19 88 1
19 89 1
19 90 1
19 105 1
19 114 1
19 127 1
19 133 1
19 134 1
19 139 1
19 142 1
19 150 1
20 29 1
20 30 1
20 31 1
20 33 1
20 41 1
20 47 1
20 66 1
20 67 1
20 73 1
20 82 1
20 84 1
20 91 1
20 95 1
20 102 1
20 104 1
20 108 1
20 111 1
20 112 1
20 120 1
20 124 1
20 126 1
20 138 1
20 142 1
20 146 1
20 153 1
21 24 1
21 32 1
21 33 1
21 40 1
21 41 1
21 47 1
21 49 1
21 56 1
21 70 1
21 100 1
21 121 1
21 125 1
21 139 1
21 155 1
21 156 1
22 30 1
22 35 1
22 40 1
22 42 1
22 55 1
22 70 1
22 78 1
22 79 1
22 85 1
22 95 1
22 109 1
22 121 1
22 136 1
22 138 1
22 142 1
22 147 1
22 153 1
22 159 1
23 31 1
23 33 1
23 44 1
23 58 1
23 78 1
23 81 1
23 82 1
23 85 1
23 95 1
23 103 1
23 108 1
23 111 1
23 122 1
23 132 1
23 135 1
24 35 1
24 36 1
24 49 1
24 54 1
24 56 1
24 64 1
24 68 1
24 71 1
24 72 1
24 86 1
24 94 1
24 107 1
24 108 1
24 112 1
24 115 1
24 117 1
24 136 1
24 140 1
24 142 1
24 159 1
25 48 1
25 56 1
25 59 1
25 64 1
25 82 1
25 84 1
25 86 1
25 87 1
25 90 1
25 109 1
25 118 1
25 122 1
25 127 1
25 142 1
25 153 1
26 28 1
26 36 1
26 43 1
26 44 1
26 47 1
26 48 1
26 49 1
26 63 1
26 67 1
26 70 1
26 73 1
26 78 1
26 84 1
26 87 1
26 88 1
26 93 1
26 95 1
26 96 1
26 101 1
26 108 1
26 113 1
26 116 1
26 136 1
26 145 1
26 150 1
26 158 1
27 35 1
27 38 1
27 39 1
27 48 1
27 49 1
27 64 1
27 66 1
27 85 1
27 94 1
27 98 1
27 125 1
27 129 1
27 134 1
27 136 1
27 151 1
27 157 1
28 31 1
28 32 1
28 39 1
28 42 1
28 52 1
28 53 1
28 55 1
28 58 1
28 67 1
28 68 1
28 71 1
28 73 1
28 82 1
28 100 1
28 111 1
28 124 1
28 134 1
28 136 1
28 147 1
28 151 1
29 39 1
29 51 1
29 69 1
29 72 1
29 73 1
29 74 1
29 78 1
29 80 1
29 86 1
29 87 1
29 103 1
29 108 1
29 119 1
29 132 1
29 139 1
30 32 1
30 38 1
30 39 1
30 41 1
30 45 1
30 52 1
30 54 1
30 70 1
30 71 1
30 80 1
30 81 1
30 83 1
30 85 1
30 86 1
30 91 1
30 108 1
30 121 1
30 122 1
30 126 1
30 130 1
30 132 1
30 134 1
30 146 1
31 34 1
31 39 1
31 55 1
31 63 1
31 67 1
31 72 1
31 84 1
31 104 1
31 105 1
31 128 1
31 145 1
31 146 1
31 153 1
31 155 1
31 159 1
32 61 1
32 68 1
32 75 1
32 90 1
32 99 1
32 130 1
32 146 1
32 147 1
33 34 1
33 35 1
33 45 1
33 63 1
33 83 1
33 84 1
33 88 1
33 93 1
33 99 1
33 101 1
33 119 1
33 129 1
33 130 1
33 145 1
33 152 1
34 35 1
34 40 1
34 48 1
34 52 1
34 53 1
34 56 1
34 58 1
34 68 1
34 82 1
34 88 1
34 89 1
34 94 1
34 105 1
34 106 1
34 110 1
34 114 1
34 120 1
34 128 1
34 134 1
34 142 1
34 148 1
34 158 1
34 159 1
35 38 1
35 43 1
35 46 1
35 47 1
35 50 1
35 51 1
35 61 1
35 67 1
35 69 1
35 72 1
35 77 1
35 79 1
35 89 1
35 92 1
35 99 1
35 100 1
35 110 1
35 116 1
35 118 1
35 126 1
35 150 1
35 155 1
36 38 1
36 39 1
36 40 1
36 43 1
36 62 1
36 73 1
36 75 1
36 78 1
36 80 1
36 81 1
36 89 1
36 91 1
36 105 1
36 107 1
36 109 1
36 119 1
36 124 1
36 132 1
36 135 1
36 140 1
36 141 1
36 145 1
36 152 1
36 153 1
37 40 1
37 41 1
37 47 1
37 53 1
37 65 1
37 69 1
37 73 1
37 79 1
37 91 1
37 100 1
37 108 1
37 123 1
37 125 1
37 130 1
37 133 1
37 145 1
37 156 1
38 42 1
38 55 1
38 60 1
38 65 1
38 73 1
38 75 1
38 85 1
38 87 1
38 89 1
38 101 1
38 107 1
38 110 1
38 128 1
38 130 1
38 141 1
38 151 1
39 40 1
39 42 1
39 51 1
39 58 1
39 60 1
39 64 1
39 70 1
39 74 1
39 76 1
39 88 1
39 90 1
39 98 1
39 109 1
39 116 1
39 123 1
39 129 1
39 138 1
39 149 1
40 41 1
40 43 1
40 45 1
40 47 1
40 48 1
40 54 1
40 56 1
40 62 1
40 64 1
40 65 1
40 72 1
40 73 1
40 81 1
40 89 1
40 90 1
40 103 1
40 117 1
40 128 1
40 131 1
40 132 1
40 139 1
40 150 1
41 49 1
41 61 1
41 71 1
41 90 1
41 99 1
41 105 1
41 109 1
41 116 1
41 117 1
41 133 1
41 134 1
41 140 1
41 154 1
41 156 1
42 43 1
42 47 1
42 75 1
42 106 1
42 113 1
42 130 1
42 135 1
42 136 1
42 138 1
42 145 1
42 148 1
42 150 1
42 152 1
43 67 1
43 75 1
43 81 1
43 88 1
43 98 1
43 101 1
43 103 1
43 109 1
43 151 1
43 154 1
43 156 1
44 45 1
44 49 1
44 90 1
44 92 1
44 97 1
44 98 1
44 113 1
44 122 1
44 123 1
44 125 1
44 133 1
44 141 1
44 144 1
44 151 1
45 50 1
45 75 1
45 76 1
45 81 1
45 118 1
45 119 1
45 126 1
45 137 1
45 142 1
45 148 1
45 155 1
45 157 1
46 49 1
46 67 1
46 68 1
46 69 1
46 79 1
46 83 1
46 85 1
46 97 1
46 117 1
46 120 1
46 129 1
46 153 1
47 49 1
47 50 1
47 63 1
47 97 1
47 100 1
47 104 1
47 112 1
47 113 1
47 120 1
47 124 1
47 129 1
47 138 1
47 142 1
47 157 1
48 55 1
48 67 1
48 72 1
48 88 1
48 111 1
48 128 1
48 131 1
48 144 1
49 50 1
49 52 1
49 58 1
49 59 1
49 70 1
49 91 1
49 109 1
49 110 1
49 111 1
49 117 1
49 148 1
49 159 1
50 54 1
50 58 1
50 64 1
50 65 1
50 97 1
50 100 1
50 103 1
50 105 1
50 110 1
50 116 1
50 129 1
50 137 1
50 150 1
50 153 1
50 157 1
50 158 1
51 63 1
51 67 1
51 68 1
51 74 1
51 83 1
51 84 1
51 86 1
51 87 1
51 103 1
51 130 1
51 134 1
51 135 1
51 136 1
51 140 1
51 141 1
51 150 1
52 56 1
52 70 1
52 75 1
52 80 1
52 93 1
52 94 1
52 99 1
52 113 1
52 126 1
52 127 1
52 136 1
52 138 1
52 143 1
52 145 1
53 55 1
53 56 1
53 76 1
53 81 1
53 89 1
53 91 1
53 93 1
53 95 1
53 101 1
53 108 1
53 112 1
53 119 1
53 131 1
53 139 1
54 57 1
54 59 1
54 68 1
54 69 1
54 70 1
54 83 1
54 92 1
54 95 1
54 107 1
54 125 1
54 129 1
54 132 1
54 136 1
54 137 1
54 148 1
54 156 1
55 58 1
55 68 1
55 79 1
55 89 1
55 90 1
55 93 1
55 130 1
55 140 1
55 158 1
56 67 1
56 73 1
56 76 1
56 84 1
56 85 1
56 87 1
56 88 1
56 96 1
56 107 1
56 109 1
56 127 1
56 140 1
56 141 1
56 146 1
57 71 1
57 72 1
57 75 1
57 79 1
57 83 1
57 99 1
57 106 1
57 112 1
57 122 1
57 128 1
57 142 1
57 155 1
57 156 1
57 159 1
58 69 1
58 73 1
58 80 1
58 92 1
58 100 1
58 116 1
58 150 1
58 158 1
59 66 1
59 89 1
59 96 1
59 104 1
59 112 1
59 117 1
59 125 1
59 128 1
59 134 1
59 138 1
59 147 1
59 148 1
59 149 1
59 152 1
59 153 1
59 154 1
59 158 1
60 69 1
60 90 1
60 93 1
60 127 1
60 140 1
60 143 1
60 144 1
61 64 1
61 75 1
61 77 1
61 90 1
61 94 1
61 105 1
61 120 1
61 124 1
61 141 1
61 147 1
61 155 1
62 65 1
62 79 1
62 91 1
62 102 1
62 113 1
62 121 1
62 128 1
62 137 1
62 148 1
62 150 1
62 156 1
62 159 1
63 69 1
63 106 1
63 116 1
63 124 1
63 128 1
63 142 1
63 148 1
63 152 1
63 158 1
64 70 1
64 74 1
64 91 1
64 94 1
64 100 1
64 101 1
64 112 1
64 116 1
64 117 1
64 124 1
64 127 1
64 132 1
64 157 1
65 66 1
65 71 1
65 72 1
65 87 1
65 92 1
65 95 1
65 100 1
65 102 1
65 111 1
65 114 1
65 140 1
66 73 1
66 79 1
66 84 1
66 91 1
66 92 1
66 94 1
66 106 1
66 126 1
66 138 1
66 143 1
66 145 1
67 78 1
67 79 1
67 86 1
67 91 1
67 104 1
67 109 1
67 128 1
67 143 1
67 146 1
67 148 1
68 80 1
68 82 1
68 84 1
68 85 1
68 88 1
68 100 1
68 109 1
68 112 1
68 118 1
68 123 1
68 130 1
68 139 1
68 145 1
69 74 1
69 83 1
69 88 1
69 94 1
69 97 1
69 103 1
69 109 1
69 113 1
69 118 1
69 123 1
69 124 1
69 130 1
69 146 1
69 158 1
70 81 1
70 100 1
70 114 1
70 126 1
70 135 1
70 142 1
70 143 1
70 154 1
70 158 1
71 92 1
71 93 1
71 96 1
71 97 1
71 100 1
71 111 1
71 113 1
71 118 1
71 125 1
71 134 1
71 140 1
71 144 1
71 150 1
71 154 1
72 73 1
72 75 1
72 81 1
72 92 1
72 94 1
72 95 1
72 97 1
72 101 1
72 105 1
72 106 1
72 108 1
72 113 1
72 116 1
72 117 1
72 122 1
72 125 1
72 127 1
72 133 1
72 140 1
73 74 1
73 95 1
73 104 1
73 106 1
73 118 1
73 121 1
73 130 1
73 136 1
73 145 1
73 146 1
73 149 1
73 154 1
74 78 1
74 86 1
74 101 1
74 112 1
74 129 1
74 130 1
74 135 1
74 139 1
74 158 1
75 81 1
75 90 1
75 95 1
75 96 1
75 108 1
75 113 1
75 120 1
75 121 1
75 133 1
75 134 1
75 135 1
75 137 1
75 153 1
75 158 1
75 159 1
76 86 1
76 110 1
76 130 1
76 131 1
76 135 1
76 153 1
76 156 1
77 85 1
77 108 1
77 129 1
77 131 1
77 133 1
77 134 1
77 140 1
77 155 1
78 81 1
78 82 1
78 83 1
78 84 1
78 102 1
78 105 1
78 114 1
78 119 1
78 148 1
78 156 1
79 81 1
79 87 1
79 90 1
79 101 1
79 107 1
79 111 1
79 116 1
79 119 1
79 127 1
79 141 1
79 150 1
79 156 1
80 84 1
80 92 1
80 98 1
80 103 1
80 106 1
80 111 1
80 114 1
80 119 1
80 123 1
80 137 1
80 154 1
80 159 1
81 89 1
81 100 1
81 108 1
81 117 1
81 123 1
81 134 1
81 153 1
82 91 1
82 97 1
82 101 1
82 107 1
82 111 1
82 116 1
82 124 1
82 132 1
82 134 1
82 158 1
83 90 1
83 92 1
83 102 1
83 111 1
83 124 1
83 137 1
83 151 1
84 86 1
84 88 1
84 92 1
84 96 1
84 108 1
84 111 1
84 115 1
84 122 1
84 126 1
84 130 1
84 137 1
84 151 1
84 159 1
85 88 1
85 128 1
85 145 1
85 148 1
86 94 1
86 120 1
86 125 1
86 133 1
86 135 1
86 139 1
87 89 1
87 102 1
87 115 1
87 117 1
87 120 1
87 142 1
87 156 1
88 107 1
88 109 1
88 123 1
88 144 1
88 153 1
89 98 1
89 114 1
89 116 1
89 124 1
89 130 1
89 141 1
89 144 1
90 100 1
90 117 1
90 124 1
90 128 1
90 130 1
90 139 1
90 146 1
90 155 1
91 119 1
91 123 1
91 132 1
91 142 1
91 150 1
92 105 1
92 108 1
92 114 1
92 126 1
92 144 1
92 148 1
92 151 1
92 152 1
92 153 1
92 158 1
93 96 1
93 97 1
93 106 1
93 140 1
93 146 1
93 159 1
94 97 1
94 108 1
94 116 1
94 119 1
94 120 1
94 126 1
94 128 1
94 135 1
94 151 1
94 156 1
95 103 1
95 112 1
95 118 1
95 142 1
95 149 1
95 156 1
95 159 1
96 105 1
96 107 1
96 116 1
96 120 1
96 122 1
96 129 1
96 131 1
96 137 1
96 138 1
96 140 1
96 141 1
96 149 1
97 111 1
97 149 1
97 154 1
97 156 1
98 107 1
98 129 1
98 143 1
98 158 1
99 100 1
99 101 1
99 107 1
99 108 1
99 123 1
99 125 1
99 129 1
99 151 1
100 102 1
100 108 1
100 120 1
100 140 1
100 150 1
100 159 1
101 103 1
101 110 1
101 118 1
101 123 1
101 134 1
101 137 1
101 144 1
101 153 1
101 155 1
101 156 1
102 111 1
102 116 1
102 117 1
102 126 1
102 135 1
102 150 1
102 154 1
102 155 1
103 111 1
103 114 1
103 142 1
103 144 1
103 148 1
103 155 1
104 107 1
104 140 1
104 151 1
105 109 1
105 113 1
105 122 1
105 141 1
106 114 1
106 129 1
106 133 1
106 135 1
106 142 1
106 153 1
106 157 1
106 158 1
107 116 1
107 119 1
107 123 1
107 132 1
107 154 1
108 114 1
108 116 1
108 117 1
108 134 1
108 151 1
108 158 1
109 111 1
109 125 1
109 127 1
109 135 1
109 146 1
109 147 1
109 149 1
109 158 1
110 111 1
110 112 1
110 114 1
110 131 1
110 135 1
110 147 1
111 116 1
111 138 1
111 147 1
112 115 1
112 123 1
112 140 1
112 148 1
112 157 1
113 132 1
113 142 1
113 149 1
113 150 1
114 127 1
114 136 1
114 144 1
115 119 1
115 126 1
115 128 1
115 131 1
115 147 1
116 121 1
116 129 1
116 148 1
116 157 1
117 131 1
118 125 1
118 145 1
118 158 1
119 122 1
119 124 1
119 130 1
119 132 1
119 134 1
119 140 1
119 144 1
119 152 1
120 122 1
120 128 1
120 149 1
120 150 1
120 159 1
121 123 1
121 127 1
121 130 1
121 133 1
121 142 1
122 132 1
122 139 1
122 146 1
122 151 1
123 124 1
123 125 1
123 145 1
123 158 1
123 159 1
124 135 1
124 143 1
124 144 1
124 153 1
125 129 1
125 135 1
125 145 1
125 150 1
126 132 1
126 137 1
126 157 1
127 134 1
127 140 1
127 144 1
127 152 1
128 130 1
129 134 1
129 142 1
129 148 1
129 155 1
130 143 1
130 152 1
130 157 1
131 156 1
131 157 1
132 144 1
132 152 1
133 138 1
133 142 1
133 149 1
134 142 1
134 149 1
134 154 1
134 158 1
134 159 1
135 145 1
135 147 1
135 151 1
136 147 1
137 152 1
138 140 1
138 147 1
138 153 1
138 155 1
138 157 1
141 147 1
141 157 1
143 144 1
143 151 1
143 156 1
144 146 1
144 151 1
144 156 1
145 148 1
145 153 1
145 158 1
146 151 1
146 154 1
148 156 1
149 158 1
150 153 1
150 159 1
151 159 1
152 154 1
152 155 1
156 157 1
156 158 1
1
158 87 70 101 39 93 157 85 44 115 33 78 47 131 10 21
