947
0 10 1
0 13 1
0 21 1
0 26 1
0 35 1
0 39 1
0 42 1
0 45 1
0 48 1
0 49 1
0 51 1
0 54 1
0 57 1
0 59 1
0 63 1
0 65 1
0 74 1
0 77 1
1 5 1
1 23 1
1 29 1
1 43 1
1 44 1
1 47 1
1 50 1
1 55 1
1 60 1
1 68 1
1 69 1
1 90 1
1 94 1
1 96 1
1 99 1
2 5 1
2 7 1
2 18 1
2 26 1
2 28 1
2 30 1
2 32 1
2 51 1
2 55 1
2 57 1
2 66 1
2 72 1
2 78 1
2 83 1
2 91 1
2 92 1
3 14 1
3 19 1
3 25 1
3 30 1
3 31 1
3 32 1
3 41 1
3 49 1
3 53 1
3 63 1
3 79 1
3 85 1
3 89 1
3 98 1
4 7 1
4 20 1
4 36 1
4 39 1
4 42 1
4 54 1
4 62 1
4 76 1
4 86 1
4 90 1
4 91 1
4 94 1
5 16 1
5 22 1
5 44 1
5 52 1
5 58 1
5 59 1
5 61 1
5 69 1
5 71 1
5 75 1
5 76 1
5 77 1
5 78 1
5 83 1
5 84 1
5 87 1
5 89 1
5 94 1
5 97 1
6 9 1
6 11 1
6 23 1
6 27 1
6 38 1
6 57 1
6 59 1
6 60 1
6 63 1
6 83 1
6 89 1
6 90 1
6 94 1
7 8 1
7 13 1
7 21 1
7 23 1
7 25 1
7 26 1
7 27 1
7 29 1
7 35 1
7 38 1
7 52 1
7 61 1
7 63 1
7 64 1
7 69 1
7 83 1
7 91 1
7 93 1
7 95 1
8 11 1
8 13 1
8 14 1
8 17 1
8 26 1
8 31 1
8 40 1
8 51 1
8 57 1
8 62 1
8 66 1
8 67 1
8 69 1
8 73 1
8 77 1
8 78 1
8 95 1
9 14 1
9 15 1
9 29 1
9 31 1
9 38 1
9 39 1
9 45 1
9 53 1
9 58 1
9 69 1
9 71 1
9 72 1
9 73 1
9 74 1
9 76 1
9 86 1
9 89 1
9 95 1
10 14 1
10 15 1
10 16 1
10 25 1
10 26 1
10 39 1
10 42 1
10 48 1
10 52 1
10 67 1
10 68 1
10 70 1
10 71 1
10 86 1
10 90 1
10 94 1
11 17 1
11 31 1
11 33 1
11 40 1
11 43 1
11 52 1
11 62 1
11 69 1
11 70 1
11 72 1
11 73 1
11 77 1
11 79 1
11 81 1
11 82 1
11 84 1
11 86 1
12 14 1
12 26 1
12 32 1
12 34 1
12 36 1
12 45 1
12 53 1
12 62 1
12 64 1
12 68 1
12 71 1
12 79 1
12 93 1
12 97 1
12 99 1
13 15 1
13 18 1
13 20 1
13 24 1
13 29 1
13 35 1
13 38 1
13 48 1
13 49 1
13 51 1
13 64 1
13 69 1
13 78 1
13 81 1
13 83 1
13 89 1
13 96 1
13 99 1
14 15 1
14 21 1
14 28 1
14 37 1
14 39 1
14 42 1
14 44 1
14 56 1
14 59 1
14 78 1
14 81 1
14 82 1
14 85 1
14 91 1
14 96 1
15 20 1
15 22 1
15 25 1
15 31 1
15 33 1
15 35 1
15 42 1
15 52 1
15 53 1
15 55 1
15 63 1
15 67 1
15 88 1
15 90 1
15 94 1
16 17 1
16 18 1
16 24 1
16 26 1
16 27 1
16 31 1
16 37 1
16 39 1
16 47 1
16 56 1
16 58 1
16 60 1
16 61 1
16 72 1
16 75 1
16 78 1
16 81 1
16 86 1
16 87 1
17 19 1
17 27 1
17 28 1
17 39 1
17 45 1
17 51 1
17 52 1
17 54 1
17 57 1
17 59 1
17 62 1
17 68 1
17 72 1
17 79 1
17 81 1
17 83 1
17 89 1
17 90 1
17 96 1
17 99 1
18 19 1
18 30 1
18 36 1
18 37 1
18 55 1
18 56 1
18 68 1
18 70 1
18 83 1
18 84 1
18 99 1
19 24 1
19 33 1
19 36 1
19 37 1
19 41 1
19 42 1
19 56 1
19 68 1
19 72 1
19 74 1
19 78 1
19 81 1
19 84 1
19 87 1
19 89 1
19 98 1
20 26 1
20 34 1
20 39 1
20 42 1
20 46 1
20 47 1
20 50 1
20 54 1
20 55 1
20 59 1
20 63 1
20 64 1
20 73 1
20 79 1
20 81 1
20 86 1
20 96 1
21 22 1
21 24 1
21 34 1
21 42 1
21 47 1
21 49 1
21 58 1
21 68 1
21 83 1
21 85 1
21 89 1
21 91 1
21 94 1
22 32 1
22 39 1
22 43 1
22 66 1
22 67 1
22 69 1
22 72 1
22 80 1
22 87 1
22 94 1
22 95 1
22 97 1
23 36 1
23 38 1
23 44 1
23 46 1
23 47 1
23 48 1
23 51 1
23 53 1
23 55 1
23 56 1
23 58 1
23 67 1
23 68 1
23 69 1
23 90 1
23 92 1
24 32 1
24 34 1
24 38 1
24 41 1
24 43 1
24 44 1
24 48 1
24 50 1
24 53 1
24 55 1
24 56 1
24 61 1
24 62 1
24 84 1
24 89 1
25 54 1
25 57 1
25 58 1
25 60 1
25 63 1
25 69 1
25 85 1
25 86 1
25 88 1
25 91 1
26 30 1
26 35 1
26 38 1
26 44 1
26 45 1
26 56 1
26 60 1
26 72 1
26 76 1
26 87 1
26 99 1
27 37 1
27 42 1
27 45 1
27 47 1
27 49 1
27 54 1
27 56 1
27 57 1
27 63 1
27 64 1
27 65 1
27 66 1
27 72 1
27 74 1
27 76 1
27 83 1
27 97 1
28 32 1
28 35 1
28 51 1
28 52 1
28 69 1
28 74 1
28 95 1
28 97 1
28 99 1
29 31 1
29 32 1
29 37 1
29 43 1
29 52 1
29 62 1
29 64 1
29 71 1
29 74 1
30 32 1
30 33 1
30 59 1
30 60 1
30 68 1
30 72 1
30 83 1
30 87 1
30 90 1
31 32 1
31 34 1
31 39 1
31 41 1
31 43 1
31 50 1
31 52 1
31 54 1
31 65 1
31 72 1
31 73 1
31 78 1
31 88 1
31 90 1
31 91 1
32 43 1
32 46 1
32 49 1
32 53 1
32 83 1
32 85 1
32 87 1
32 98 1
32 99 1
33 46 1
33 49 1
33 51 1
33 53 1
33 57 1
33 59 1
33 65 1
33 70 1
33 73 1
33 79 1
33 95 1
33 99 1
34 35 1
34 40 1
34 44 1
34 45 1
34 46 1
34 47 1
34 52 1
34 53 1
34 61 1
34 62 1
34 64 1
34 67 1
34 71 1
34 72 1
34 77 1
34 84 1
34 85 1
34 96 1
34 99 1
35 52 1
35 55 1
35 57 1
35 61 1
35 63 1
35 65 1
35 66 1
35 69 1
35 74 1
35 76 1
35 78 1
35 85 1
35 90 1
35 92 1
35 93 1
35 96 1
35 97 1
35 99 1
36 38 1
36 44 1
36 51 1
36 53 1
36 55 1
36 61 1
36 64 1
36 66 1
36 72 1
36 78 1
36 82 1
36 83 1
36 86 1
36 90 1
36 94 1
37 39 1
37 41 1
37 53 1
37 55 1
37 56 1
37 57 1
37 58 1
37 64 1
37 78 1
37 80 1
37 82 1
37 88 1
37 94 1
38 41 1
38 55 1
38 56 1
38 57 1
38 62 1
38 73 1
38 75 1
38 80 1
38 95 1
39 40 1
39 48 1
39 49 1
39 54 1
39 61 1
39 64 1
39 65 1
39 67 1
39 70 1
39 74 1
39 82 1
39 85 1
39 87 1
39 88 1
39 98 1
39 99 1
40 41 1
40 46 1
40 53 1
40 56 1
40 64 1
40 65 1
40 72 1
40 81 1
40 84 1
40 92 1
40 95 1
41 45 1
41 60 1
41 64 1
41 73 1
41 79 1
41 88 1
41 96 1
42 53 1
42 55 1
42 57 1
42 58 1
42 59 1
42 61 1
42 63 1
42 71 1
43 44 1
43 48 1
43 63 1
43 64 1
43 68 1
43 69 1
43 81 1
43 85 1
43 94 1
43 97 1
44 46 1
44 49 1
44 68 1
44 80 1
44 84 1
44 97 1
45 46 1
45 50 1
45 55 1
45 56 1
45 60 1
45 62 1
45 79 1
45 80 1
45 85 1
45 88 1
45 90 1
45 91 1
45 94 1
45 95 1
45 98 1
46 54 1
46 55 1
46 56 1
46 69 1
46 70 1
46 74 1
46 77 1
46 81 1
46 86 1
46 89 1
46 97 1
47 48 1
47 56 1
47 58 1
47 65 1
47 71 1
47 74 1
47 78 1
47 80 1
47 88 1
47 90 1
47 92 1
47 93 1
47 94 1
48 50 1
48 51 1
48 52 1
48 54 1
48 56 1
48 68 1
48 70 1
48 74 1
48 79 1
48 82 1
48 83 1
48 84 1
48 87 1
48 88 1
48 96 1
48 97 1
49 53 1
49 61 1
49 64 1
49 75 1
49 77 1
49 81 1
49 87 1
49 92 1
49 96 1
49 97 1
50 52 1
50 55 1
50 72 1
50 81 1
50 83 1
50 86 1
50 91 1
51 52 1
51 54 1
51 55 1
51 63 1
51 66 1
51 67 1
51 68 1
51 76 1
51 77 1
51 81 1
51 82 1
51 87 1
51 88 1
51 91 1
51 96 1
52 53 1
52 55 1
52 66 1
52 73 1
52 75 1
52 80 1
52 82 1
52 91 1
52 94 1
52 99 1
53 59 1
53 76 1
53 82 1
53 84 1
53 88 1
53 90 1
53 93 1
53 97 1
53 99 1
54 55 1
54 56 1
54 58 1
54 63 1
54 73 1
54 83 1
54 84 1
54 86 1
54 90 1
54 93 1
55 57 1
55 58 1
55 62 1
55 68 1
55 70 1
55 80 1
55 82 1
55 87 1
55 90 1
55 92 1
55 97 1
55 99 1
56 60 1
56 62 1
56 65 1
56 66 1
56 68 1
56 69 1
56 70 1
56 72 1
56 79 1
56 82 1
56 92 1
56 97 1
57 75 1
57 89 1
57 92 1
57 94 1
57 97 1
57 98 1
58 94 1
59 63 1
59 64 1
59 70 1
59 76 1
59 82 1
59 84 1
59 91 1
59 93 1
59 97 1
60 63 1
60 64 1
60 65 1
60 68 1
60 70 1
60 80 1
60 84 1
60 86 1
60 99 1
61 70 1
61 82 1
61 89 1
62 63 1
62 66 1
62 69 1
62 73 1
62 77 1
62 79 1
62 92 1
62 93 1
62 95 1
62 97 1
63 69 1
63 70 1
63 72 1
63 79 1
63 82 1
63 87 1
63 93 1
63 96 1
63 98 1
64 67 1
64 68 1
64 76 1
64 78 1
64 86 1
64 88 1
64 92 1
64 95 1
65 67 1
65 85 1
65 93 1
65 95 1
65 97 1
66 77 1
66 80 1
66 82 1
66 85 1
66 92 1
66 93 1
66 94 1
66 99 1
67 70 1
67 76 1
67 85 1
67 90 1
67 94 1
67 97 1
67 98 1
68 78 1
68 84 1
68 93 1
68 97 1
68 99 1
69 70 1
69 77 1
69 79 1
69 82 1
69 83 1
69 88 1
69 89 1
69 93 1
70 72 1
70 88 1
70 91 1
70 97 1
70 98 1
71 74 1
71 75 1
71 91 1
71 95 1
72 82 1
72 83 1
72 84 1
72 87 1
72 92 1
72 95 1
73 76 1
73 77 1
73 80 1
73 82 1
73 87 1
73 88 1
73 89 1
74 81 1
74 82 1
74 87 1
74 95 1
74 96 1
75 77 1
75 82 1
75 84 1
75 85 1
75 93 1
76 83 1
76 94 1
76 96 1
76 97 1
77 90 1
77 91 1
77 93 1
77 94 1
78 93 1
78 97 1
79 85 1
79 92 1
79 93 1
79 94 1
79 97 1
80 83 1
80 85 1
80 86 1
80 91 1
80 92 1
81 84 1
81 87 1
81 91 1
81 96 1
82 98 1
82 99 1
83 91 1
83 92 1
83 98 1
84 92 1
84 95 1
84 98 1
85 86 1
85 90 1
85 92 1
85 94 1
86 90 1
87 92 1
87 93 1
87 94 1
87 95 1
87 99 1
88 96 1
88 99 1
89 93 1
90 93 1
90 98 1
91 95 1
91 99 1
92 93 1
92 95 1
92 97 1
92 98 1
93 95 1
93 96 1
93 97 1
93 99 1
94 98 1
1
28 10 5 68 66 43 14 50 31 52
