572
0 4 1
0 7 1
0 8 1
0 9 1
0 11 1
0 21 1
0 28 1
0 30 1
0 39 1
0 52 1
0 58 1
0 61 1
0 63 1
0 66 1
1 2 1
1 7 1
1 8 1
1 13 1
1 19 1
1 21 1
1 24 1
1 30 1
1 45 1
1 50 1
1 62 1
1 66 1
2 3 1
2 4 1
2 8 1
2 9 1
2 10 1
2 12 1
2 25 1
2 27 1
2 28 1
2 38 1
2 45 1
2 50 1
2 55 1
2 59 1
2 63 1
2 64 1
3 4 1
3 7 1
3 17 1
3 19 1
3 22 1
3 25 1
3 27 1
3 28 1
3 31 1
3 37 1
3 39 1
3 42 1
3 44 1
3 47 1
3 48 1
3 51 1
3 54 1
3 55 1
3 67 1
4 7 1
4 13 1
4 15 1
4 17 1
4 18 1
4 25 1
4 27 1
4 41 1
4 43 1
4 44 1
4 51 1
4 52 1
4 58 1
5 8 1
5 9 1
5 11 1
5 12 1
5 14 1
5 16 1
5 18 1
5 21 1
5 25 1
5 28 1
5 33 1
5 34 1
5 40 1
5 46 1
5 50 1
5 53 1
5 56 1
5 57 1
5 62 1
5 63 1
5 66 1
6 11 1
6 14 1
6 15 1
6 20 1
6 21 1
6 28 1
6 34 1
6 38 1
6 39 1
6 44 1
6 52 1
6 56 1
6 58 1
6 59 1
6 64 1
6 65 1
7 10 1
7 15 1
7 16 1
7 18 1
7 25 1
7 26 1
7 30 1
7 36 1
7 43 1
7 47 1
7 51 1
7 58 1
7 60 1
7 63 1
8 12 1
8 21 1
8 24 1
8 29 1
8 34 1
8 38 1
8 39 1
8 45 1
8 53 1
8 56 1
8 60 1
8 69 1
9 15 1
9 16 1
9 22 1
9 26 1
9 33 1
9 35 1
9 36 1
9 38 1
9 41 1
9 43 1
9 54 1
9 55 1
9 59 1
9 60 1
9 63 1
10 28 1
10 31 1
10 40 1
10 49 1
10 50 1
10 51 1
10 57 1
10 61 1
10 62 1
10 66 1
10 67 1
10 69 1
11 13 1
11 14 1
11 20 1
11 24 1
11 27 1
11 30 1
11 37 1
11 39 1
11 40 1
11 44 1
11 48 1
11 53 1
11 56 1
11 57 1
11 61 1
11 63 1
11 68 1
12 13 1
12 14 1
12 19 1
12 21 1
12 25 1
12 26 1
12 28 1
12 31 1
12 32 1
12 33 1
12 35 1
12 36 1
12 39 1
12 41 1
12 43 1
12 44 1
12 57 1
12 59 1
12 66 1
12 69 1
13 36 1
13 45 1
13 55 1
13 57 1
13 60 1
13 67 1
14 15 1
14 20 1
14 27 1
14 33 1
14 37 1
14 40 1
14 43 1
14 48 1
14 52 1
14 57 1
14 61 1
15 16 1
15 19 1
15 23 1
15 24 1
15 25 1
15 26 1
15 30 1
15 33 1
15 34 1
15 37 1
15 39 1
15 51 1
15 57 1
15 66 1
15 69 1
16 21 1
16 28 1
16 36 1
16 38 1
16 40 1
16 43 1
16 54 1
16 61 1
16 62 1
17 19 1
17 26 1
17 28 1
17 41 1
17 44 1
17 48 1
17 53 1
17 56 1
17 60 1
17 61 1
17 69 1
18 20 1
18 30 1
18 32 1
18 36 1
18 40 1
18 42 1
18 46 1
18 48 1
18 49 1
18 56 1
18 60 1
18 61 1
18 63 1
19 31 1
19 33 1
19 34 1
19 43 1
19 54 1
19 55 1
19 69 1
20 25 1
20 26 1
20 31 1
20 33 1
20 35 1
20 36 1
20 40 1
20 42 1
20 44 1
20 46 1
20 47 1
20 50 1
20 51 1
20 59 1
20 60 1
20 63 1
20 64 1
20 68 1
21 23 1
21 26 1
21 27 1
21 29 1
21 34 1
21 35 1
21 38 1
21 41 1
21 45 1
21 53 1
21 61 1
21 66 1
22 24 1
22 25 1
22 30 1
22 31 1
22 34 1
22 35 1
22 36 1
22 38 1
22 41 1
22 42 1
22 44 1
22 46 1
22 47 1
22 58 1
22 66 1
22 69 1
23 25 1
23 26 1
23 41 1
23 44 1
23 45 1
23 49 1
23 50 1
23 51 1
23 52 1
23 64 1
24 28 1
24 29 1
24 32 1
24 38 1
24 41 1
24 42 1
24 43 1
24 46 1
24 48 1
24 49 1
24 52 1
24 67 1
25 26 1
25 28 1
25 33 1
25 36 1
25 40 1
25 41 1
25 42 1
25 46 1
25 50 1
25 54 1
25 60 1
25 65 1
25 69 1
26 28 1
26 30 1
26 36 1
26 40 1
26 45 1
26 49 1
26 54 1
26 58 1
26 60 1
26 61 1
26 64 1
27 34 1
27 39 1
27 42 1
27 49 1
27 51 1
27 53 1
27 55 1
27 61 1
27 63 1
27 67 1
27 68 1
28 29 1
28 30 1
28 37 1
28 38 1
28 56 1
28 62 1
29 32 1
29 33 1
29 37 1
29 40 1
29 42 1
29 47 1
29 49 1
29 58 1
29 63 1
29 65 1
29 69 1
30 37 1
30 38 1
30 39 1
30 41 1
30 44 1
30 47 1
30 49 1
30 50 1
30 54 1
30 55 1
30 56 1
30 60 1
30 64 1
30 65 1
30 66 1
31 35 1
31 42 1
31 43 1
31 44 1
31 46 1
31 55 1
31 60 1
31 66 1
32 35 1
32 37 1
32 39 1
32 40 1
32 41 1
32 46 1
32 54 1
32 66 1
32 68 1
33 35 1
33 36 1
33 37 1
33 43 1
33 51 1
33 60 1
33 67 1
34 35 1
34 42 1
34 44 1
34 46 1
34 49 1
34 50 1
34 51 1
34 55 1
34 56 1
34 57 1
35 40 1
35 42 1
35 43 1
35 44 1
35 45 1
35 48 1
35 49 1
35 51 1
35 53 1
35 54 1
35 60 1
35 65 1
35 66 1
36 38 1
36 39 1
36 44 1
36 47 1
36 48 1
36 50 1
36 51 1
36 53 1
36 55 1
36 56 1
36 57 1
36 58 1
36 59 1
36 65 1
36 67 1
37 41 1
37 43 1
37 51 1
37 67 1
38 41 1
38 44 1
38 48 1
38 51 1
38 56 1
38 59 1
38 61 1
38 69 1
39 61 1
39 64 1
40 41 1
40 56 1
40 63 1
41 43 1
41 45 1
41 55 1
41 58 1
42 43 1
42 44 1
42 45 1
42 47 1
42 54 1
42 56 1
42 58 1
42 59 1
42 64 1
42 65 1
42 69 1
43 46 1
43 49 1
43 51 1
43 62 1
43 69 1
44 48 1
44 50 1
44 51 1
44 52 1
44 56 1
44 58 1
44 61 1
44 63 1
44 67 1
45 57 1
45 58 1
45 60 1
45 63 1
46 47 1
46 48 1
46 59 1
46 62 1
46 67 1
47 50 1
47 53 1
47 64 1
48 50 1
48 53 1
48 64 1
49 52 1
49 54 1
49 59 1
49 63 1
49 64 1
49 69 1
50 55 1
50 56 1
50 59 1
50 65 1
50 66 1
51 64 1
51 66 1
52 59 1
52 64 1
52 66 1
52 69 1
53 67 1
55 64 1
56 58 1
56 60 1
56 61 1
56 63 1
57 61 1
57 67 1
58 59 1
58 60 1
58 61 1
58 63 1
58 69 1
59 62 1
59 65 1
59 68 1
59 69 1
61 64 1
61 65 1
62 63 1
62 68 1
65 67 1
65 69 1
68 69 1
1
41 25 28 64 3 15 7
