365
0 1 1
0 2 1
0 3 1
0 5 1
0 9 1
0 11 1
0 15 1
0 19 1
0 20 1
0 21 1
0 22 1
0 23 1
0 26 1
0 32 1
0 33 1
0 36 1
0 37 1
0 39 1
0 47 1
1 7 1
1 16 1
1 17 1
1 20 1
1 21 1
1 25 1
1 33 1
1 34 1
1 35 1
1 36 1
1 38 1
1 42 1
1 45 1
2 5 1
2 6 1
2 9 1
2 10 1
2 11 1
2 16 1
2 21 1
2 22 1
2 27 1
2 31 1
2 34 1
2 38 1
2 41 1
2 49 1
3 4 1
3 7 1
3 9 1
3 15 1
3 17 1
3 18 1
3 21 1
3 25 1
3 28 1
3 35 1
3 38 1
3 40 1
3 41 1
3 44 1
3 48 1
4 5 1
4 7 1
4 8 1
4 10 1
4 11 1
4 14 1
4 20 1
4 22 1
4 25 1
4 26 1
4 29 1
4 38 1
4 49 1
5 8 1
5 12 1
5 18 1
5 20 1
5 21 1
5 25 1
5 27 1
5 30 1
5 34 1
5 35 1
5 38 1
5 40 1
5 42 1
5 49 1
6 11 1
6 13 1
6 14 1
6 16 1
6 17 1
6 23 1
6 26 1
6 30 1
6 32 1
6 37 1
6 41 1
6 44 1
6 47 1
7 10 1
7 11 1
7 13 1
7 15 1
7 18 1
7 20 1
7 25 1
7 26 1
7 31 1
7 35 1
7 37 1
7 42 1
8 10 1
8 12 1
8 24 1
8 28 1
8 31 1
8 33 1
8 34 1
8 35 1
8 38 1
8 40 1
8 42 1
8 43 1
8 46 1
8 48 1
9 14 1
9 15 1
9 17 1
9 25 1
9 28 1
9 36 1
9 38 1
9 39 1
9 42 1
9 43 1
9 45 1
9 46 1
9 47 1
9 49 1
10 11 1
10 15 1
10 16 1
10 18 1
10 19 1
10 30 1
10 33 1
10 34 1
10 35 1
10 37 1
10 38 1
10 47 1
10 48 1
11 12 1
11 14 1
11 18 1
11 21 1
11 28 1
11 30 1
11 40 1
11 43 1
11 45 1
11 48 1
12 13 1
12 15 1
12 22 1
12 26 1
12 27 1
12 28 1
12 38 1
12 41 1
12 43 1
12 47 1
13 31 1
13 32 1
13 34 1
13 37 1
13 41 1
13 47 1
14 17 1
14 19 1
14 20 1
14 22 1
14 23 1
14 28 1
14 42 1
14 43 1
14 44 1
14 48 1
15 16 1
15 17 1
15 19 1
15 25 1
15 29 1
15 33 1
15 36 1
15 43 1
15 45 1
15 48 1
15 49 1
16 18 1
16 19 1
16 21 1
16 28 1
16 36 1
16 38 1
16 41 1
16 47 1
16 48 1
17 23 1
17 29 1
17 34 1
17 37 1
17 45 1
18 21 1
18 22 1
18 29 1
18 30 1
18 32 1
18 36 1
18 38 1
18 40 1
18 43 1
18 44 1
18 47 1
19 20 1
19 25 1
19 28 1
19 29 1
19 32 1
19 33 1
19 35 1
19 37 1
19 40 1
20 24 1
20 27 1
20 42 1
20 43 1
20 45 1
20 48 1
21 22 1
21 26 1
21 31 1
21 32 1
21 37 1
21 39 1
21 44 1
21 45 1
21 48 1
22 29 1
22 32 1
22 33 1
22 35 1
22 36 1
22 38 1
22 42 1
22 45 1
22 46 1
22 47 1
22 49 1
23 27 1
23 29 1
23 31 1
23 34 1
23 37 1
23 39 1
23 45 1
24 25 1
24 30 1
24 31 1
24 34 1
24 37 1
24 40 1
24 44 1
24 47 1
25 26 1
25 28 1
25 32 1
25 37 1
25 44 1
26 29 1
26 35 1
26 40 1
26 43 1
26 47 1
26 49 1
27 28 1
27 31 1
27 33 1
27 35 1
27 40 1
27 49 1
28 30 1
28 32 1
28 34 1
28 37 1
28 38 1
28 39 1
28 42 1
28 43 1
28 47 1
28 48 1
29 32 1
29 37 1
30 35 1
30 37 1
30 41 1
30 43 1
31 40 1
32 33 1
32 35 1
32 36 1
32 38 1
32 40 1
32 41 1
32 46 1
32 48 1
32 49 1
33 38 1
33 40 1
33 41 1
33 43 1
33 44 1
33 48 1
34 35 1
34 36 1
34 44 1
34 48 1
34 49 1
35 41 1
35 42 1
35 46 1
36 39 1
36 40 1
36 41 1
36 42 1
36 43 1
36 47 1
37 41 1
38 41 1
38 42 1
38 46 1
38 48 1
38 49 1
39 42 1
39 44 1
39 45 1
39 46 1
39 48 1
39 49 1
40 43 1
40 45 1
41 42 1
41 43 1
41 46 1
42 43 1
42 49 1
43 44 1
43 46 1
43 47 1
43 48 1
44 45 1
45 47 1
47 48 1
1
21 25 38 24 9
