599
0 2 1
0 9 1
0 13 1
0 14 1
0 15 1
0 17 1
0 18 1
0 20 1
0 23 1
0 27 1
0 28 1
0 29 1
0 33 1
0 35 1
0 42 1
0 48 1
0 52 1
0 54 1
0 56 1
0 66 1
1 4 1
1 6 1
1 10 1
1 14 1
1 15 1
1 17 1
1 27 1
1 36 1
1 48 1
1 52 1
1 57 1
1 59 1
1 61 1
2 6 1
2 10 1
2 11 1
2 12 1
2 13 1
2 26 1
2 35 1
2 39 1
2 46 1
2 49 1
2 50 1
2 56 1
2 58 1
2 59 1
3 4 1
3 9 1
3 18 1
3 23 1
3 24 1
3 27 1
3 28 1
3 38 1
3 42 1
3 47 1
3 48 1
3 49 1
3 51 1
3 56 1
3 57 1
3 64 1
3 69 1
4 12 1
4 15 1
4 22 1
4 31 1
4 35 1
4 43 1
4 46 1
4 47 1
4 48 1
4 49 1
4 54 1
4 65 1
4 66 1
4 67 1
5 13 1
5 14 1
5 20 1
5 26 1
5 29 1
5 34 1
5 42 1
5 45 1
5 50 1
5 56 1
5 68 1
6 10 1
6 13 1
6 15 1
6 16 1
6 31 1
6 32 1
6 33 1
6 45 1
6 52 1
6 53 1
6 54 1
6 56 1
6 62 1
6 67 1
6 68 1
7 9 1
7 10 1
7 17 1
7 18 1
7 19 1
7 21 1
7 25 1
7 26 1
7 28 1
7 32 1
7 41 1
7 45 1
7 47 1
7 48 1
7 54 1
7 57 1
7 58 1
7 61 1
7 63 1
7 66 1
8 10 1
8 14 1
8 22 1
8 32 1
8 36 1
8 38 1
8 39 1
8 43 1
8 45 1
8 55 1
8 59 1
8 61 1
8 64 1
9 21 1
9 28 1
9 29 1
9 30 1
9 37 1
9 45 1
9 50 1
9 51 1
9 59 1
9 63 1
9 64 1
9 67 1
10 11 1
10 13 1
10 16 1
10 18 1
10 20 1
10 23 1
10 26 1
10 28 1
10 30 1
10 35 1
10 39 1
10 56 1
10 57 1
10 60 1
10 62 1
10 69 1
11 14 1
11 15 1
11 17 1
11 18 1
11 22 1
11 28 1
11 29 1
11 30 1
11 32 1
11 33 1
11 35 1
11 39 1
11 48 1
11 50 1
11 51 1
11 53 1
11 55 1
11 69 1
12 13 1
12 14 1
12 16 1
12 21 1
12 24 1
12 26 1
12 30 1
12 33 1
12 34 1
12 37 1
12 51 1
12 52 1
12 58 1
12 62 1
12 66 1
13 17 1
13 18 1
13 26 1
13 30 1
13 40 1
13 41 1
13 45 1
13 46 1
13 56 1
13 58 1
13 61 1
13 69 1
14 21 1
14 24 1
14 25 1
14 29 1
14 30 1
14 31 1
14 33 1
14 35 1
14 36 1
14 42 1
14 48 1
14 53 1
14 54 1
14 56 1
14 62 1
14 69 1
15 17 1
15 19 1
15 24 1
15 29 1
15 30 1
15 31 1
15 35 1
15 38 1
15 45 1
15 48 1
15 51 1
15 60 1
16 17 1
16 21 1
16 22 1
16 28 1
16 29 1
16 32 1
16 34 1
16 37 1
16 39 1
16 40 1
16 41 1
16 48 1
16 50 1
16 53 1
16 54 1
16 60 1
16 67 1
16 69 1
17 19 1
17 20 1
17 22 1
17 24 1
17 28 1
17 37 1
17 39 1
17 44 1
17 52 1
17 53 1
17 55 1
17 60 1
17 61 1
17 62 1
17 66 1
17 68 1
17 69 1
18 19 1
18 28 1
18 32 1
18 37 1
18 40 1
18 48 1
18 56 1
18 59 1
18 60 1
18 62 1
18 63 1
18 68 1
18 69 1
19 20 1
19 23 1
19 33 1
19 37 1
19 38 1
19 39 1
19 40 1
19 52 1
19 53 1
19 57 1
19 60 1
19 66 1
19 67 1
20 21 1
20 23 1
20 24 1
20 26 1
20 27 1
20 28 1
20 33 1
20 34 1
20 35 1
20 44 1
20 50 1
20 51 1
20 57 1
20 61 1
20 63 1
20 66 1
21 23 1
21 27 1
21 29 1
21 39 1
21 55 1
21 58 1
21 66 1
22 31 1
22 38 1
22 40 1
22 41 1
22 52 1
22 58 1
22 61 1
22 67 1
23 26 1
23 32 1
23 34 1
23 45 1
23 49 1
23 52 1
23 53 1
23 55 1
23 56 1
23 65 1
24 28 1
24 31 1
24 33 1
24 37 1
24 38 1
24 40 1
24 43 1
24 54 1
24 55 1
24 56 1
24 59 1
25 28 1
25 30 1
25 35 1
25 43 1
25 45 1
25 48 1
25 49 1
25 50 1
25 51 1
25 53 1
25 67 1
25 69 1
26 27 1
26 32 1
26 35 1
26 36 1
26 40 1
26 42 1
26 43 1
26 44 1
26 45 1
26 46 1
26 48 1
26 49 1
26 53 1
26 57 1
26 59 1
26 60 1
26 61 1
26 63 1
26 66 1
26 68 1
26 69 1
27 38 1
27 42 1
27 46 1
27 49 1
27 54 1
27 58 1
27 68 1
28 31 1
28 37 1
28 38 1
28 39 1
28 42 1
28 43 1
28 44 1
28 52 1
28 63 1
28 65 1
28 67 1
28 69 1
29 35 1
29 41 1
29 42 1
29 50 1
29 53 1
29 55 1
29 56 1
29 58 1
29 60 1
29 63 1
29 66 1
29 67 1
30 35 1
30 36 1
30 39 1
30 42 1
30 47 1
30 48 1
30 52 1
30 53 1
30 64 1
30 68 1
31 35 1
31 37 1
31 41 1
31 44 1
31 47 1
31 52 1
31 56 1
31 59 1
31 62 1
31 64 1
31 65 1
31 66 1
31 67 1
32 35 1
32 42 1
32 43 1
32 44 1
32 46 1
32 51 1
32 53 1
32 56 1
32 67 1
33 35 1
33 36 1
33 37 1
33 38 1
33 39 1
33 40 1
33 41 1
33 49 1
34 36 1
34 38 1
34 39 1
34 43 1
34 50 1
34 56 1
34 57 1
34 58 1
34 61 1
34 64 1
34 69 1
35 36 1
35 37 1
35 53 1
35 54 1
35 58 1
35 61 1
36 37 1
36 39 1
36 41 1
36 42 1
36 43 1
36 46 1
36 50 1
36 57 1
36 61 1
36 62 1
36 64 1
36 68 1
37 41 1
37 50 1
37 52 1
37 61 1
37 69 1
38 42 1
38 44 1
38 45 1
38 58 1
38 65 1
38 69 1
39 41 1
39 45 1
39 46 1
39 48 1
39 49 1
39 50 1
39 62 1
39 64 1
39 65 1
40 43 1
40 52 1
40 57 1
40 61 1
40 69 1
41 44 1
41 50 1
41 53 1
41 64 1
41 69 1
42 43 1
42 52 1
42 54 1
42 63 1
42 67 1
42 68 1
43 44 1
43 47 1
43 49 1
43 50 1
43 53 1
43 59 1
43 62 1
43 64 1
43 69 1
44 46 1
44 49 1
44 55 1
44 63 1
44 66 1
44 67 1
45 52 1
45 53 1
45 56 1
45 57 1
45 61 1
45 63 1
45 66 1
46 47 1
46 49 1
46 57 1
46 59 1
46 60 1
46 61 1
46 64 1
46 67 1
47 62 1
47 65 1
48 55 1
48 61 1
48 62 1
48 65 1
49 65 1
50 55 1
50 56 1
50 57 1
50 59 1
50 60 1
50 65 1
51 52 1
51 54 1
51 58 1
51 62 1
51 65 1
51 66 1
51 67 1
51 68 1
52 54 1
52 56 1
52 59 1
52 61 1
52 62 1
53 58 1
53 60 1
53 63 1
53 67 1
54 58 1
54 63 1
54 65 1
55 59 1
55 63 1
56 65 1
56 66 1
56 69 1
58 62 1
58 63 1
58 65 1
59 60 1
59 65 1
59 69 1
60 67 1
60 68 1
64 66 1
64 69 1
66 68 1
1
10 34 56 38 46 36 60
