1646
0 4 1
0 33 1
0 39 1
0 40 1
0 58 1
0 62 1
0 75 1
0 81 1
0 82 1
0 149 1
0 153 1
0 158 1
0 164 1
0 165 1
0 169 1
1 15 1
1 26 1
1 37 1
1 42 1
1 44 1
1 51 1
1 57 1
1 65 1
1 69 1
1 70 1
1 85 1
1 88 1
1 96 1
1 102 1
1 139 1
1 142 1
1 161 1
1 164 1
2 12 1
2 23 1
2 25 1
2 40 1
2 51 1
2 61 1
2 64 1
2 74 1
2 78 1
2 80 1
2 82 1
2 97 1
2 113 1
2 122 1
2 130 1
2 138 1
2 151 1
2 155 1
2 160 1
3 23 1
3 45 1
3 53 1
3 54 1
3 61 1
3 90 1
3 103 1
3 136 1
3 137 1
3 143 1
3 165 1
4 7 1
4 9 1
4 11 1
4 13 1
4 20 1
4 28 1
4 39 1
4 42 1
4 53 1
4 66 1
4 67 1
4 69 1
4 93 1
4 94 1
4 99 1
4 119 1
4 123 1
4 141 1
4 147 1
4 160 1
4 167 1
5 22 1
5 26 1
5 31 1
5 38 1
5 39 1
5 47 1
5 58 1
5 69 1
5 104 1
5 132 1
5 136 1
5 165 1
5 167 1
6 8 1
6 11 1
6 17 1
6 20 1
6 43 1
6 52 1
6 63 1
6 71 1
6 77 1
6 121 1
6 128 1
6 130 1
6 141 1
6 146 1
6 169 1
7 11 1
7 12 1
7 17 1
7 28 1
7 31 1
7 49 1
7 58 1
7 60 1
7 61 1
7 70 1
7 74 1
7 79 1
7 80 1
7 83 1
7 108 1
7 111 1
7 127 1
7 129 1
7 140 1
7 142 1
7 161 1
7 164 1
8 13 1
8 21 1
8 23 1
8 28 1
8 47 1
8 63 1
8 64 1
8 68 1
8 70 1
8 101 1
8 102 1
8 120 1
8 127 1
8 129 1
8 143 1
8 151 1
8 154 1
8 165 1
9 13 1
9 19 1
9 38 1
9 52 1
9 63 1
9 75 1
9 93 1
9 96 1
9 102 1
9 107 1
9 126 1
9 129 1
9 142 1
9 167 1
10 13 1
10 17 1
10 18 1
10 23 1
10 48 1
10 63 1
10 70 1
10 80 1
10 84 1
10 88 1
10 93 1
10 96 1
10 100 1
10 102 1
10 107 1
10 149 1
10 160 1
10 162 1
10 167 1
11 24 1
11 30 1
11 32 1
11 33 1
11 40 1
11 74 1
11 79 1
11 81 1
11 84 1
11 98 1
11 109 1
11 120 1
11 127 1
11 130 1
11 141 1
11 146 1
11 154 1
11 158 1
11 159 1
11 167 1
12 15 1
12 19 1
12 20 1
12 23 1
12 29 1
12 35 1
12 48 1
12 52 1
12 55 1
12 67 1
12 68 1
12 69 1
12 88 1
12 104 1
12 111 1
12 112 1
12 131 1
12 132 1
12 136 1
12 141 1
12 142 1
12 151 1
12 157 1
12 160 1
12 161 1
13 20 1
13 23 1
13 26 1
13 34 1
13 37 1
13 38 1
13 69 1
13 71 1
13 73 1
13 86 1
13 95 1
13 109 1
13 111 1
13 120 1
13 149 1
13 160 1
13 169 1
14 17 1
14 19 1
14 26 1
14 41 1
14 49 1
14 54 1
14 59 1
14 63 1
14 74 1
14 80 1
14 87 1
14 95 1
14 97 1
14 129 1
14 133 1
14 142 1
14 154 1
14 160 1
14 161 1
14 164 1
15 20 1
15 23 1
15 41 1
15 45 1
15 48 1
15 51 1
15 71 1
15 73 1
15 77 1
15 82 1
15 83 1
15 84 1
15 92 1
15 110 1
15 116 1
15 119 1
15 128 1
15 139 1
15 149 1
15 151 1
16 20 1
16 31 1
16 33 1
16 39 1
16 50 1
16 53 1
16 65 1
16 68 1
16 72 1
16 76 1
16 96 1
16 98 1
16 102 1
16 112 1
16 132 1
16 135 1
16 137 1
16 151 1
16 152 1
16 168 1
17 21 1
17 24 1
17 31 1
17 32 1
17 36 1
17 42 1
17 48 1
17 54 1
17 56 1
17 58 1
17 67 1
17 74 1
17 79 1
17 90 1
17 97 1
17 107 1
17 140 1
17 148 1
17 155 1
18 26 1
18 46 1
18 51 1
18 62 1
18 64 1
18 66 1
18 68 1
18 84 1
18 100 1
18 136 1
18 146 1
18 166 1
19 24 1
19 33 1
19 41 1
19 45 1
19 50 1
19 64 1
19 72 1
19 78 1
19 80 1
19 100 1
19 121 1
19 128 1
19 135 1
19 136 1
19 139 1
19 142 1
19 147 1
19 164 1
20 24 1
20 25 1
20 29 1
20 32 1
20 34 1
20 42 1
20 46 1
20 52 1
20 55 1
20 70 1
20 80 1
20 91 1
20 93 1
20 108 1
20 118 1
20 129 1
20 142 1
20 151 1
20 154 1
20 163 1
21 30 1
21 40 1
21 70 1
21 79 1
21 86 1
21 87 1
21 91 1
21 106 1
21 109 1
21 115 1
21 139 1
21 140 1
21 148 1
21 163 1
22 23 1
22 30 1
22 32 1
22 37 1
22 39 1
22 62 1
22 67 1
22 69 1
22 79 1
22 84 1
22 94 1
22 126 1
22 139 1
22 154 1
22 162 1
23 29 1
23 36 1
23 43 1
23 51 1
23 74 1
23 77 1
23 86 1
23 91 1
23 96 1
23 103 1
23 117 1
23 131 1
23 149 1
23 155 1
23 161 1
23 167 1
24 30 1
24 43 1
24 65 1
24 69 1
24 75 1
24 78 1
24 95 1
24 101 1
24 126 1
24 135 1
24 139 1
24 141 1
24 153 1
24 164 1
25 31 1
25 38 1
25 47 1
25 57 1
25 91 1
25 113 1
25 127 1
25 129 1
25 138 1
25 141 1
25 146 1
25 149 1
26 27 1
26 30 1
26 38 1
26 40 1
26 43 1
26 49 1
26 70 1
26 74 1
26 100 1
26 113 1
26 115 1
26 120 1
26 124 1
26 152 1
26 154 1
27 35 1
27 44 1
27 45 1
27 70 1
27 87 1
27 97 1
27 111 1
27 116 1
27 127 1
27 137 1
27 139 1
27 154 1
27 156 1
27 168 1
27 169 1
28 59 1
28 76 1
28 79 1
28 82 1
28 94 1
28 95 1
28 107 1
28 112 1
28 117 1
28 124 1
28 129 1
28 131 1
28 140 1
28 167 1
28 168 1
29 39 1
29 40 1
29 46 1
29 47 1
29 63 1
29 71 1
29 80 1
29 96 1
29 110 1
29 113 1
29 152 1
29 158 1
30 33 1
30 35 1
30 46 1
30 54 1
30 89 1
30 91 1
30 106 1
30 114 1
30 118 1
30 124 1
30 135 1
30 156 1
30 165 1
31 42 1
31 45 1
31 52 1
31 57 1
31 58 1
31 59 1
31 63 1
31 67 1
31 72 1
31 81 1
31 91 1
31 101 1
31 104 1
31 111 1
31 115 1
31 122 1
31 132 1
31 143 1
31 165 1
31 167 1
32 40 1
32 43 1
32 51 1
32 58 1
32 75 1
32 83 1
32 89 1
32 103 1
32 107 1
32 108 1
32 109 1
32 110 1
32 118 1
32 122 1
32 130 1
33 45 1
33 46 1
33 53 1
33 65 1
33 77 1
33 91 1
33 100 1
33 124 1
33 134 1
33 135 1
33 165 1
34 40 1
34 42 1
34 61 1
34 67 1
34 77 1
34 87 1
34 90 1
34 102 1
34 103 1
34 111 1
34 118 1
34 130 1
34 148 1
34 157 1
35 48 1
35 72 1
35 76 1
35 83 1
35 87 1
35 106 1
35 135 1
35 140 1
35 142 1
35 145 1
35 168 1
36 39 1
36 61 1
36 64 1
36 75 1
36 86 1
36 94 1
36 98 1
36 101 1
36 103 1
36 110 1
36 116 1
36 123 1
36 132 1
36 138 1
36 139 1
36 161 1
37 48 1
37 59 1
37 64 1
37 71 1
37 74 1
37 79 1
37 81 1
37 90 1
37 94 1
37 98 1
37 102 1
37 115 1
37 116 1
37 127 1
37 128 1
37 140 1
37 141 1
37 142 1
37 146 1
37 154 1
37 166 1
38 54 1
38 56 1
38 61 1
38 62 1
38 68 1
38 89 1
38 98 1
38 100 1
38 111 1
38 115 1
38 117 1
38 129 1
38 138 1
38 150 1
39 43 1
39 45 1
39 46 1
39 77 1
39 78 1
39 81 1
39 83 1
39 86 1
39 92 1
39 93 1
39 99 1
39 108 1
39 109 1
39 124 1
39 129 1
39 134 1
39 147 1
39 151 1
39 156 1
39 161 1
40 53 1
40 61 1
40 62 1
40 64 1
40 65 1
40 67 1
40 76 1
40 89 1
40 91 1
40 108 1
40 109 1
40 113 1
40 124 1
40 145 1
40 147 1
40 159 1
40 160 1
40 161 1
40 163 1
40 168 1
41 42 1
41 44 1
41 48 1
41 49 1
41 70 1
41 79 1
41 80 1
41 86 1
41 93 1
41 111 1
41 127 1
41 133 1
41 140 1
41 158 1
41 163 1
41 168 1
42 66 1
42 78 1
42 83 1
42 85 1
42 96 1
42 98 1
42 100 1
42 101 1
42 116 1
42 119 1
42 133 1
42 153 1
42 156 1
42 159 1
42 164 1
43 47 1
43 52 1
43 75 1
43 86 1
43 87 1
43 89 1
43 98 1
43 118 1
43 123 1
43 129 1
43 139 1
43 141 1
43 153 1
44 71 1
44 72 1
44 79 1
44 93 1
44 115 1
44 132 1
44 142 1
44 153 1
44 161 1
45 51 1
45 54 1
45 57 1
45 59 1
45 67 1
45 85 1
45 96 1
45 98 1
45 105 1
45 111 1
45 112 1
45 120 1
45 122 1
45 129 1
45 143 1
45 146 1
45 150 1
46 50 1
46 80 1
46 88 1
46 101 1
46 106 1
46 107 1
46 115 1
46 125 1
46 149 1
46 158 1
46 160 1
46 161 1
46 162 1
46 164 1
46 168 1
47 60 1
47 61 1
47 64 1
47 69 1
47 73 1
47 87 1
47 88 1
47 89 1
47 127 1
47 130 1
47 134 1
48 54 1
48 56 1
48 81 1
48 87 1
48 108 1
48 120 1
48 125 1
48 129 1
48 134 1
48 136 1
48 137 1
48 151 1
48 156 1
48 158 1
48 159 1
49 55 1
49 72 1
49 73 1
49 78 1
49 88 1
49 94 1
49 101 1
49 115 1
49 119 1
49 123 1
49 129 1
49 146 1
49 149 1
49 150 1
49 160 1
49 166 1
50 51 1
50 67 1
50 78 1
50 79 1
50 88 1
50 110 1
50 115 1
50 117 1
50 120 1
50 123 1
50 140 1
50 150 1
50 155 1
50 156 1
51 57 1
51 79 1
51 84 1
51 86 1
51 91 1
51 107 1
51 127 1
51 140 1
51 141 1
51 150 1
51 159 1
51 167 1
51 169 1
52 61 1
52 64 1
52 66 1
52 69 1
52 75 1
52 81 1
52 86 1
52 94 1
52 108 1
52 109 1
52 110 1
52 120 1
52 124 1
52 125 1
52 142 1
52 149 1
53 81 1
53 91 1
53 92 1
53 97 1
53 106 1
53 116 1
53 127 1
53 129 1
53 135 1
53 141 1
53 142 1
53 169 1
54 59 1
54 95 1
54 107 1
54 117 1
54 124 1
54 156 1
54 165 1
55 63 1
55 66 1
55 75 1
55 81 1
55 88 1
55 90 1
55 103 1
55 119 1
55 121 1
55 128 1
55 133 1
55 144 1
55 156 1
55 163 1
56 57 1
56 65 1
56 98 1
56 107 1
56 118 1
56 119 1
56 141 1
56 145 1
56 150 1
56 159 1
56 164 1
56 166 1
57 65 1
57 66 1
57 69 1
57 70 1
57 97 1
57 98 1
57 103 1
57 104 1
57 119 1
57 124 1
57 126 1
57 130 1
57 133 1
57 138 1
57 144 1
57 152 1
57 160 1
58 70 1
58 84 1
58 88 1
58 95 1
58 102 1
58 110 1
58 117 1
58 118 1
58 121 1
58 134 1
58 139 1
58 143 1
58 159 1
58 163 1
59 76 1
59 82 1
59 84 1
59 92 1
59 103 1
59 111 1
59 113 1
59 115 1
59 121 1
59 136 1
59 157 1
60 70 1
60 83 1
60 85 1
60 90 1
60 93 1
60 104 1
60 108 1
60 111 1
60 126 1
60 128 1
60 133 1
60 140 1
60 149 1
60 153 1
60 163 1
61 75 1
61 90 1
61 98 1
61 99 1
61 104 1
61 116 1
61 118 1
61 119 1
61 149 1
61 165 1
62 66 1
62 100 1
62 102 1
62 119 1
62 126 1
62 135 1
62 137 1
62 161 1
63 64 1
63 87 1
63 93 1
63 99 1
63 103 1
63 125 1
63 129 1
63 139 1
63 142 1
63 155 1
63 156 1
63 169 1
64 70 1
64 71 1
64 73 1
64 85 1
64 112 1
64 126 1
64 129 1
64 133 1
64 141 1
64 145 1
64 153 1
64 157 1
65 73 1
65 78 1
65 82 1
65 84 1
65 88 1
65 89 1
65 97 1
65 100 1
65 101 1
65 106 1
65 125 1
65 136 1
65 140 1
65 142 1
65 148 1
65 149 1
65 159 1
65 165 1
66 79 1
66 86 1
66 101 1
66 102 1
66 112 1
66 128 1
66 138 1
66 143 1
66 145 1
66 147 1
66 154 1
66 164 1
67 75 1
67 78 1
67 84 1
67 90 1
67 95 1
67 105 1
67 107 1
67 118 1
67 123 1
67 126 1
67 128 1
67 138 1
67 143 1
67 154 1
67 159 1
67 165 1
67 166 1
67 167 1
68 71 1
68 97 1
68 101 1
68 117 1
68 119 1
68 126 1
68 129 1
68 136 1
68 137 1
68 138 1
68 164 1
68 167 1
69 70 1
69 89 1
69 90 1
69 106 1
69 122 1
69 135 1
69 143 1
69 144 1
69 147 1
69 154 1
70 77 1
70 79 1
70 87 1
70 98 1
70 110 1
70 115 1
70 121 1
70 123 1
70 147 1
70 155 1
70 168 1
71 89 1
71 90 1
71 92 1
71 100 1
71 115 1
71 121 1
71 146 1
71 154 1
71 165 1
72 82 1
72 86 1
72 90 1
72 96 1
72 97 1
72 98 1
72 102 1
72 110 1
72 124 1
72 135 1
72 136 1
72 158 1
72 159 1
72 160 1
73 74 1
73 92 1
73 93 1
73 109 1
73 113 1
73 125 1
73 137 1
73 147 1
73 164 1
73 165 1
74 75 1
74 79 1
74 95 1
74 100 1
74 108 1
74 116 1
74 121 1
74 127 1
74 149 1
74 150 1
74 151 1
74 155 1
74 166 1
74 167 1
75 81 1
75 91 1
75 97 1
75 98 1
75 106 1
75 109 1
75 128 1
75 130 1
75 131 1
75 138 1
75 139 1
75 141 1
75 148 1
76 79 1
76 91 1
76 95 1
76 110 1
76 116 1
76 123 1
76 124 1
76 130 1
76 142 1
76 167 1
77 85 1
77 95 1
77 108 1
77 117 1
77 132 1
78 105 1
78 106 1
78 107 1
78 108 1
78 114 1
78 124 1
78 128 1
78 142 1
78 169 1
79 82 1
79 102 1
79 127 1
79 146 1
79 155 1
79 158 1
79 168 1
80 95 1
80 101 1
80 103 1
80 113 1
80 114 1
80 117 1
80 151 1
80 154 1
80 156 1
80 157 1
80 161 1
80 162 1
81 83 1
81 93 1
81 103 1
81 106 1
81 115 1
81 121 1
81 133 1
81 137 1
81 140 1
81 154 1
81 168 1
82 89 1
82 99 1
82 114 1
82 116 1
82 120 1
82 148 1
82 150 1
82 155 1
82 157 1
82 159 1
82 160 1
82 165 1
82 167 1
82 169 1
83 87 1
83 91 1
83 104 1
83 105 1
83 116 1
83 122 1
83 124 1
83 127 1
83 129 1
83 130 1
83 135 1
83 154 1
83 156 1
83 167 1
84 114 1
84 116 1
84 124 1
84 141 1
84 153 1
84 159 1
84 164 1
85 88 1
85 89 1
85 92 1
85 112 1
85 120 1
85 129 1
85 130 1
85 134 1
85 142 1
85 162 1
85 164 1
85 165 1
86 103 1
86 113 1
86 116 1
86 121 1
86 124 1
86 126 1
86 129 1
86 148 1
86 152 1
87 90 1
87 99 1
87 102 1
87 109 1
87 115 1
87 132 1
87 144 1
87 151 1
87 158 1
87 161 1
87 168 1
88 105 1
88 123 1
88 140 1
88 142 1
88 147 1
88 148 1
88 157 1
89 98 1
89 104 1
89 105 1
89 116 1
89 124 1
89 125 1
89 129 1
89 141 1
89 147 1
89 149 1
89 150 1
89 156 1
89 163 1
90 100 1
90 113 1
90 114 1
90 120 1
90 132 1
90 142 1
90 161 1
90 162 1
91 94 1
91 96 1
91 98 1
91 105 1
91 119 1
91 126 1
91 136 1
91 138 1
91 141 1
91 148 1
91 166 1
91 168 1
92 111 1
92 118 1
92 119 1
92 124 1
92 138 1
92 139 1
92 145 1
92 152 1
92 169 1
93 113 1
93 139 1
93 140 1
93 150 1
93 153 1
93 157 1
93 160 1
94 96 1
94 98 1
94 107 1
94 111 1
94 119 1
94 124 1
94 130 1
94 131 1
94 132 1
94 139 1
94 140 1
94 142 1
94 151 1
94 165 1
95 106 1
95 118 1
95 120 1
95 125 1
95 133 1
95 150 1
95 160 1
96 100 1
96 101 1
96 112 1
96 117 1
96 124 1
96 134 1
96 141 1
96 149 1
96 152 1
97 104 1
97 122 1
97 124 1
97 126 1
97 137 1
97 162 1
98 101 1
98 112 1
98 134 1
98 149 1
98 150 1
98 154 1
98 163 1
98 169 1
99 106 1
99 135 1
99 142 1
99 145 1
99 154 1
100 129 1
100 143 1
100 146 1
101 108 1
101 122 1
101 131 1
101 135 1
101 146 1
101 156 1
101 157 1
101 161 1
102 126 1
102 134 1
102 168 1
103 106 1
103 112 1
103 113 1
103 117 1
103 146 1
103 151 1
103 158 1
104 109 1
104 110 1
104 114 1
104 120 1
104 124 1
104 130 1
104 141 1
104 143 1
104 151 1
104 161 1
104 162 1
104 167 1
105 107 1
105 109 1
105 118 1
105 121 1
105 135 1
105 145 1
105 154 1
105 156 1
105 163 1
105 165 1
106 107 1
106 109 1
106 117 1
106 120 1
106 124 1
106 135 1
106 138 1
106 145 1
107 108 1
107 120 1
107 141 1
107 146 1
108 113 1
108 132 1
108 145 1
108 149 1
108 156 1
108 164 1
108 165 1
108 169 1
109 110 1
109 123 1
109 131 1
109 154 1
109 158 1
109 160 1
110 111 1
110 115 1
110 117 1
110 120 1
110 129 1
110 130 1
110 131 1
110 142 1
110 144 1
110 154 1
110 162 1
110 164 1
111 114 1
111 119 1
111 132 1
111 154 1
111 162 1
111 163 1
112 116 1
112 129 1
112 132 1
112 149 1
112 154 1
112 157 1
112 160 1
112 163 1
112 169 1
113 117 1
113 126 1
113 166 1
114 125 1
114 134 1
114 136 1
114 141 1
114 144 1
114 147 1
114 162 1
114 168 1
115 121 1
115 126 1
115 130 1
115 136 1
115 138 1
115 140 1
115 141 1
115 151 1
115 153 1
115 154 1
115 165 1
116 117 1
116 119 1
116 137 1
116 138 1
116 140 1
116 141 1
116 154 1
116 165 1
117 118 1
117 124 1
117 132 1
117 134 1
117 136 1
117 141 1
118 128 1
118 147 1
118 148 1
119 130 1
119 158 1
119 159 1
119 163 1
120 131 1
120 134 1
120 135 1
120 147 1
120 149 1
120 156 1
121 130 1
121 133 1
121 142 1
121 144 1
121 149 1
121 151 1
121 165 1
122 140 1
122 149 1
122 162 1
123 127 1
123 128 1
123 153 1
123 164 1
124 125 1
124 128 1
124 137 1
124 139 1
124 143 1
124 151 1
124 152 1
124 168 1
124 169 1
125 144 1
125 147 1
125 156 1
125 163 1
125 167 1
126 128 1
126 138 1
126 140 1
126 142 1
126 150 1
126 151 1
126 161 1
126 169 1
127 133 1
127 140 1
127 149 1
127 152 1
128 134 1
128 140 1
128 142 1
128 144 1
128 166 1
129 154 1
129 167 1
130 134 1
130 138 1
130 139 1
130 146 1
130 151 1
130 158 1
130 163 1
131 132 1
131 134 1
131 146 1
131 148 1
131 149 1
131 162 1
132 136 1
132 138 1
132 140 1
132 143 1
132 155 1
133 134 1
133 150 1
133 155 1
133 161 1
133 162 1
134 146 1
134 151 1
134 163 1
134 168 1
135 137 1
135 143 1
135 146 1
135 155 1
135 164 1
135 167 1
135 169 1
136 137 1
136 143 1
136 151 1
136 155 1
136 157 1
137 159 1
137 160 1
138 150 1
138 154 1
138 155 1
139 143 1
139 147 1
139 151 1
139 154 1
139 159 1
140 145 1
140 147 1
140 159 1
140 165 1
140 167 1
141 156 1
141 165 1
142 147 1
143 147 1
143 159 1
143 169 1
144 148 1
144 165 1
145 147 1
145 153 1
145 160 1
145 165 1
146 149 1
146 151 1
146 161 1
147 149 1
147 155 1
148 160 1
149 150 1
149 152 1
149 154 1
149 156 1
149 165 1
150 151 1
151 153 1
151 154 1
153 167 1
153 169 1
154 157 1
154 161 1
154 167 1
155 157 1
155 161 1
156 161 1
159 165 1
160 165 1
160 166 1
161 166 1
162 164 1
166 167 1
1
90 32 0 149 55 44 49 60 81 147 14 11 50 76 75 65 58
