1607
0 2 1
0 4 1
0 7 1
0 10 1
0 13 1
0 18 1
0 24 1
0 26 1
0 40 1
0 44 1
0 47 1
0 54 1
0 57 1
0 61 1
0 63 1
0 65 1
0 71 1
0 77 1
0 78 1
0 92 1
0 95 1
0 96 1
0 97 1
0 114 1
0 117 1
0 120 1
0 127 1
0 128 1
0 129 1
0 138 1
1 2 1
1 7 1
1 15 1
1 20 1
1 28 1
1 33 1
1 58 1
1 67 1
1 71 1
1 85 1
1 98 1
1 99 1
1 103 1
1 106 1
1 109 1
1 110 1
1 128 1
1 134 1
1 136 1
1 143 1
1 146 1
2 11 1
2 21 1
2 36 1
2 45 1
2 47 1
2 51 1
2 73 1
2 78 1
2 81 1
2 92 1
2 105 1
2 108 1
2 118 1
2 121 1
2 129 1
2 146 1
2 159 1
3 23 1
3 25 1
3 38 1
3 41 1
3 55 1
3 69 1
3 76 1
3 88 1
3 106 1
3 119 1
3 125 1
3 128 1
3 133 1
3 138 1
3 156 1
4 11 1
4 15 1
4 16 1
4 17 1
4 27 1
4 56 1
4 60 1
4 66 1
4 73 1
4 86 1
4 88 1
4 90 1
4 95 1
4 96 1
4 98 1
4 101 1
4 111 1
4 121 1
4 134 1
4 147 1
4 158 1
5 9 1
5 15 1
5 16 1
5 79 1
5 88 1
5 94 1
5 101 1
5 108 1
5 110 1
5 111 1
5 112 1
5 148 1
5 157 1
5 159 1
6 8 1
6 10 1
6 14 1
6 22 1
6 24 1
6 42 1
6 43 1
6 50 1
6 77 1
6 81 1
6 85 1
6 110 1
6 114 1
6 123 1
6 128 1
6 132 1
6 138 1
6 140 1
6 148 1
6 150 1
6 152 1
7 22 1
7 30 1
7 46 1
7 54 1
7 55 1
7 59 1
7 65 1
7 75 1
7 91 1
7 97 1
7 104 1
7 112 1
7 114 1
7 121 1
7 138 1
7 145 1
7 152 1
7 158 1
8 9 1
8 22 1
8 28 1
8 29 1
8 30 1
8 40 1
8 48 1
8 53 1
8 58 1
8 61 1
8 93 1
8 101 1
8 102 1
8 112 1
8 131 1
8 132 1
8 138 1
8 142 1
8 153 1
8 154 1
8 155 1
8 157 1
9 15 1
9 23 1
9 30 1
9 36 1
9 40 1
9 46 1
9 50 1
9 58 1
9 61 1
9 64 1
9 73 1
9 78 1
9 82 1
9 83 1
9 85 1
9 90 1
9 95 1
9 96 1
9 101 1
9 118 1
9 124 1
9 125 1
9 127 1
9 134 1
9 139 1
9 141 1
9 149 1
9 151 1
10 16 1
10 32 1
10 39 1
10 51 1
10 53 1
10 111 1
10 113 1
10 116 1
10 117 1
10 125 1
10 129 1
10 132 1
10 138 1
10 141 1
10 147 1
10 153 1
10 154 1
10 156 1
11 34 1
11 43 1
11 44 1
11 54 1
11 57 1
11 60 1
11 62 1
11 65 1
11 74 1
11 80 1
11 90 1
11 94 1
11 96 1
11 112 1
11 130 1
11 131 1
11 132 1
11 138 1
11 144 1
12 17 1
12 21 1
12 22 1
12 38 1
12 39 1
12 43 1
12 47 1
12 67 1
12 68 1
12 70 1
12 97 1
12 102 1
12 113 1
12 127 1
12 142 1
12 143 1
12 146 1
12 152 1
13 14 1
13 20 1
13 36 1
13 38 1
13 44 1
13 61 1
13 102 1
13 114 1
13 124 1
13 127 1
13 134 1
13 140 1
13 150 1
13 157 1
14 15 1
14 34 1
14 56 1
14 65 1
14 75 1
14 89 1
14 100 1
14 109 1
14 113 1
14 130 1
14 147 1
14 150 1
15 16 1
15 26 1
15 31 1
15 38 1
15 45 1
15 73 1
15 76 1
15 88 1
15 90 1
15 95 1
15 101 1
15 111 1
15 117 1
15 123 1
15 130 1
15 136 1
15 142 1
15 146 1
15 150 1
16 27 1
16 28 1
16 36 1
16 38 1
16 41 1
16 42 1
16 48 1
16 60 1
16 72 1
16 86 1
16 88 1
16 121 1
16 141 1
16 142 1
16 143 1
16 145 1
16 147 1
16 149 1
16 150 1
17 26 1
17 29 1
17 57 1
17 82 1
17 96 1
17 99 1
17 106 1
17 124 1
17 126 1
17 135 1
17 140 1
17 143 1
17 149 1
17 153 1
18 20 1
18 43 1
18 47 1
18 48 1
18 56 1
18 74 1
18 75 1
18 77 1
18 79 1
18 86 1
18 92 1
18 94 1
18 101 1
18 106 1
18 108 1
18 109 1
18 110 1
18 117 1
18 120 1
18 129 1
18 135 1
18 157 1
19 31 1
19 37 1
19 50 1
19 53 1
19 56 1
19 58 1
19 66 1
19 68 1
19 69 1
19 73 1
19 78 1
19 84 1
19 89 1
19 101 1
19 113 1
19 120 1
19 121 1
19 124 1
19 130 1
19 134 1
19 144 1
19 146 1
19 150 1
20 21 1
20 26 1
20 31 1
20 32 1
20 36 1
20 42 1
20 66 1
20 71 1
20 76 1
20 82 1
20 92 1
20 93 1
20 99 1
20 106 1
20 113 1
20 121 1
20 124 1
20 132 1
20 150 1
20 157 1
20 158 1
21 34 1
21 45 1
21 50 1
21 54 1
21 63 1
21 71 1
21 72 1
21 74 1
21 80 1
21 87 1
21 93 1
21 105 1
21 110 1
21 113 1
21 114 1
21 124 1
21 131 1
21 133 1
21 135 1
21 141 1
21 144 1
21 146 1
21 157 1
22 40 1
22 44 1
22 50 1
22 71 1
22 74 1
22 76 1
22 87 1
22 104 1
22 109 1
22 123 1
22 141 1
22 159 1
23 34 1
23 47 1
23 56 1
23 72 1
23 80 1
23 83 1
23 88 1
23 95 1
23 97 1
23 99 1
23 119 1
23 135 1
23 158 1
24 26 1
24 46 1
24 54 1
24 55 1
24 58 1
24 61 1
24 65 1
24 67 1
24 69 1
24 70 1
24 73 1
24 76 1
24 78 1
24 104 1
24 116 1
24 123 1
24 151 1
24 154 1
24 158 1
25 49 1
25 50 1
25 59 1
25 62 1
25 68 1
25 72 1
25 85 1
25 93 1
25 104 1
25 121 1
25 135 1
25 138 1
25 144 1
25 146 1
25 150 1
25 153 1
25 154 1
25 155 1
26 29 1
26 30 1
26 33 1
26 36 1
26 37 1
26 40 1
26 43 1
26 51 1
26 57 1
26 68 1
26 71 1
26 83 1
26 95 1
26 101 1
26 108 1
26 122 1
26 125 1
26 127 1
26 131 1
26 135 1
26 137 1
26 141 1
26 144 1
26 156 1
26 157 1
26 159 1
27 33 1
27 34 1
27 35 1
27 41 1
27 42 1
27 43 1
27 44 1
27 75 1
27 95 1
27 101 1
27 115 1
27 118 1
27 122 1
27 130 1
28 36 1
28 37 1
28 62 1
28 80 1
28 86 1
28 88 1
28 94 1
28 97 1
28 100 1
28 119 1
28 123 1
28 145 1
28 150 1
29 36 1
29 52 1
29 61 1
29 67 1
29 68 1
29 73 1
29 79 1
29 81 1
29 87 1
29 88 1
29 91 1
29 109 1
29 131 1
29 132 1
29 144 1
29 154 1
30 32 1
30 39 1
30 42 1
30 50 1
30 56 1
30 85 1
30 92 1
30 108 1
30 111 1
30 120 1
30 133 1
30 138 1
30 140 1
30 153 1
30 154 1
31 35 1
31 56 1
31 69 1
31 70 1
31 77 1
31 82 1
31 91 1
31 94 1
31 98 1
31 104 1
31 111 1
31 114 1
31 122 1
31 124 1
31 151 1
32 53 1
32 59 1
32 74 1
32 84 1
32 109 1
32 117 1
32 118 1
32 123 1
32 125 1
32 132 1
32 139 1
32 152 1
32 153 1
32 155 1
33 46 1
33 49 1
33 51 1
33 60 1
33 62 1
33 68 1
33 69 1
33 78 1
33 90 1
33 98 1
33 99 1
33 100 1
33 102 1
33 109 1
33 112 1
33 116 1
33 127 1
34 43 1
34 46 1
34 48 1
34 53 1
34 58 1
34 59 1
34 66 1
34 68 1
34 78 1
34 90 1
34 93 1
34 99 1
34 102 1
34 108 1
34 111 1
34 112 1
34 119 1
34 125 1
34 130 1
34 134 1
34 154 1
35 36 1
35 39 1
35 41 1
35 54 1
35 71 1
35 73 1
35 74 1
35 84 1
35 105 1
35 119 1
35 124 1
35 147 1
35 157 1
36 46 1
36 53 1
36 61 1
36 66 1
36 73 1
36 75 1
36 77 1
36 82 1
36 92 1
36 106 1
36 112 1
36 117 1
36 135 1
36 138 1
36 144 1
37 44 1
37 54 1
37 57 1
37 86 1
37 102 1
37 114 1
37 139 1
37 143 1
37 150 1
38 42 1
38 44 1
38 51 1
38 54 1
38 61 1
38 80 1
38 83 1
38 95 1
38 104 1
38 109 1
38 128 1
38 143 1
38 146 1
38 147 1
38 156 1
39 49 1
39 55 1
39 64 1
39 66 1
39 67 1
39 81 1
39 83 1
39 108 1
39 114 1
39 128 1
39 129 1
39 144 1
39 148 1
39 157 1
40 46 1
40 50 1
40 65 1
40 66 1
40 71 1
40 85 1
40 91 1
40 100 1
40 102 1
40 110 1
40 125 1
40 126 1
40 128 1
40 156 1
41 42 1
41 52 1
41 61 1
41 69 1
41 87 1
41 106 1
41 111 1
41 115 1
41 123 1
41 125 1
41 127 1
41 128 1
41 129 1
41 137 1
41 152 1
42 44 1
42 45 1
42 48 1
42 69 1
42 71 1
42 81 1
42 84 1
42 88 1
42 95 1
42 103 1
42 120 1
42 123 1
42 127 1
42 130 1
42 131 1
42 135 1
42 138 1
42 151 1
43 44 1
43 51 1
43 56 1
43 63 1
43 64 1
43 68 1
43 82 1
43 99 1
43 100 1
43 126 1
43 128 1
43 145 1
43 155 1
43 158 1
44 45 1
44 47 1
44 49 1
44 51 1
44 54 1
44 62 1
44 63 1
44 70 1
44 98 1
44 105 1
44 112 1
44 119 1
44 130 1
44 134 1
44 135 1
44 137 1
44 147 1
45 56 1
45 58 1
45 65 1
45 66 1
45 70 1
45 74 1
45 79 1
45 81 1
45 93 1
45 104 1
45 111 1
45 114 1
45 119 1
45 120 1
45 121 1
45 128 1
45 144 1
45 146 1
45 149 1
46 48 1
46 56 1
46 60 1
46 61 1
46 79 1
46 81 1
46 93 1
46 98 1
46 101 1
46 111 1
46 113 1
46 114 1
46 116 1
46 124 1
46 126 1
46 135 1
46 141 1
46 142 1
46 145 1
46 148 1
47 54 1
47 105 1
47 107 1
47 110 1
47 111 1
47 116 1
47 117 1
47 121 1
47 134 1
47 137 1
47 147 1
47 155 1
47 156 1
47 157 1
47 158 1
48 50 1
48 63 1
48 77 1
48 81 1
48 86 1
48 111 1
48 138 1
48 140 1
48 154 1
48 158 1
49 58 1
49 63 1
49 74 1
49 94 1
49 99 1
49 101 1
49 103 1
49 109 1
49 110 1
49 112 1
49 113 1
49 124 1
49 127 1
49 134 1
49 144 1
49 155 1
49 157 1
49 159 1
50 61 1
50 84 1
50 89 1
50 94 1
50 116 1
50 120 1
50 126 1
50 136 1
50 145 1
50 147 1
50 153 1
51 67 1
51 75 1
51 91 1
51 103 1
51 108 1
51 124 1
51 128 1
51 136 1
51 139 1
51 140 1
51 145 1
51 149 1
52 53 1
52 69 1
52 82 1
52 85 1
52 91 1
52 93 1
52 99 1
52 101 1
52 105 1
52 110 1
52 114 1
52 118 1
52 134 1
52 137 1
52 140 1
52 147 1
52 150 1
52 157 1
53 64 1
53 66 1
53 109 1
53 110 1
53 114 1
53 115 1
53 121 1
53 131 1
53 139 1
53 141 1
53 147 1
53 152 1
53 159 1
54 58 1
54 70 1
54 75 1
54 96 1
54 101 1
54 102 1
54 114 1
54 132 1
54 136 1
54 143 1
54 156 1
54 157 1
55 61 1
55 62 1
55 70 1
55 82 1
55 88 1
55 95 1
55 97 1
55 99 1
55 108 1
55 114 1
55 134 1
55 142 1
55 145 1
55 150 1
55 151 1
55 153 1
55 154 1
55 158 1
56 57 1
56 60 1
56 68 1
56 75 1
56 105 1
56 114 1
56 115 1
56 117 1
56 118 1
56 119 1
56 136 1
56 145 1
56 146 1
57 68 1
57 75 1
57 76 1
57 84 1
57 105 1
57 106 1
57 118 1
57 123 1
57 157 1
57 158 1
58 61 1
58 92 1
58 94 1
58 99 1
58 113 1
58 128 1
58 146 1
58 149 1
59 60 1
59 61 1
59 66 1
59 68 1
59 69 1
59 81 1
59 83 1
59 85 1
59 92 1
59 94 1
59 97 1
59 98 1
59 102 1
59 103 1
59 124 1
59 127 1
59 139 1
59 153 1
60 67 1
60 85 1
60 95 1
60 97 1
60 101 1
60 130 1
60 134 1
60 138 1
60 145 1
60 147 1
60 149 1
60 150 1
61 71 1
61 108 1
61 113 1
61 129 1
61 132 1
61 144 1
61 149 1
61 150 1
62 71 1
62 72 1
62 81 1
62 87 1
62 89 1
62 90 1
62 96 1
62 106 1
62 119 1
62 125 1
62 127 1
62 136 1
62 137 1
62 151 1
62 158 1
63 92 1
63 100 1
63 102 1
63 110 1
63 112 1
63 121 1
63 131 1
63 144 1
63 147 1
63 149 1
64 87 1
64 120 1
64 124 1
64 130 1
64 135 1
64 139 1
64 144 1
64 145 1
64 146 1
64 150 1
64 153 1
65 73 1
65 87 1
65 89 1
65 104 1
65 108 1
65 114 1
65 117 1
65 119 1
65 124 1
65 132 1
65 134 1
65 136 1
65 138 1
65 151 1
65 155 1
66 68 1
66 74 1
66 109 1
66 120 1
66 140 1
66 141 1
66 143 1
66 150 1
66 152 1
67 68 1
67 77 1
67 86 1
67 88 1
67 112 1
67 115 1
67 128 1
67 143 1
67 154 1
67 159 1
68 75 1
68 82 1
68 86 1
68 114 1
68 118 1
68 120 1
68 137 1
68 154 1
69 89 1
69 93 1
69 102 1
69 104 1
69 107 1
69 119 1
69 127 1
69 129 1
69 132 1
69 133 1
69 135 1
69 146 1
69 148 1
69 151 1
69 152 1
69 158 1
70 71 1
70 83 1
70 84 1
70 100 1
70 101 1
70 110 1
70 122 1
70 124 1
70 129 1
70 134 1
70 151 1
71 84 1
71 98 1
71 103 1
71 112 1
71 115 1
71 121 1
71 132 1
71 150 1
72 73 1
72 100 1
72 111 1
72 116 1
72 125 1
72 131 1
72 135 1
72 138 1
72 143 1
72 148 1
72 158 1
73 74 1
73 84 1
73 89 1
73 93 1
73 99 1
73 118 1
73 121 1
73 134 1
73 154 1
74 83 1
74 96 1
74 127 1
74 152 1
74 158 1
75 76 1
75 78 1
75 94 1
75 96 1
75 109 1
75 126 1
75 131 1
75 138 1
76 77 1
76 86 1
76 90 1
76 93 1
76 95 1
76 111 1
76 116 1
76 136 1
76 137 1
76 149 1
76 150 1
77 88 1
77 89 1
77 98 1
77 100 1
77 102 1
77 104 1
77 127 1
77 133 1
77 138 1
77 146 1
77 148 1
78 82 1
78 87 1
78 102 1
78 109 1
78 125 1
78 133 1
78 135 1
78 136 1
78 145 1
78 146 1
79 87 1
79 91 1
79 113 1
79 115 1
79 118 1
79 128 1
79 132 1
79 139 1
79 148 1
79 159 1
80 82 1
80 86 1
80 88 1
80 107 1
80 110 1
80 113 1
80 114 1
80 126 1
80 129 1
80 155 1
81 88 1
81 95 1
81 101 1
81 114 1
81 116 1
81 118 1
81 125 1
81 131 1
81 143 1
81 150 1
82 87 1
82 102 1
82 122 1
82 129 1
82 130 1
82 140 1
82 146 1
82 150 1
82 159 1
83 84 1
83 89 1
83 96 1
83 105 1
83 106 1
83 109 1
83 111 1
83 115 1
83 121 1
83 135 1
83 143 1
84 89 1
84 97 1
84 99 1
84 101 1
84 103 1
84 107 1
84 108 1
84 122 1
84 125 1
84 127 1
84 141 1
84 143 1
84 149 1
84 155 1
85 112 1
85 116 1
85 129 1
85 133 1
85 134 1
85 137 1
85 153 1
85 155 1
85 158 1
86 93 1
86 97 1
86 116 1
86 122 1
86 125 1
86 135 1
86 144 1
86 146 1
86 152 1
86 157 1
87 88 1
87 91 1
87 96 1
87 99 1
87 107 1
87 110 1
87 139 1
87 144 1
87 146 1
87 150 1
87 151 1
87 154 1
87 156 1
88 90 1
88 113 1
88 115 1
88 121 1
88 125 1
88 134 1
88 145 1
88 146 1
89 93 1
89 101 1
89 104 1
89 120 1
89 129 1
89 131 1
89 144 1
89 146 1
89 150 1
89 152 1
89 153 1
89 156 1
89 157 1
90 96 1
90 109 1
90 112 1
90 124 1
90 133 1
90 140 1
90 150 1
90 151 1
90 158 1
91 98 1
91 102 1
91 110 1
91 121 1
91 139 1
91 147 1
91 152 1
91 156 1
92 131 1
92 145 1
93 95 1
93 110 1
93 120 1
93 125 1
93 134 1
93 139 1
93 141 1
93 150 1
94 109 1
94 129 1
94 139 1
94 145 1
94 149 1
94 154 1
94 155 1
95 125 1
95 126 1
95 131 1
95 132 1
95 154 1
95 159 1
96 114 1
96 127 1
96 140 1
96 142 1
96 145 1
96 148 1
96 150 1
96 155 1
97 103 1
97 116 1
97 121 1
97 134 1
97 139 1
97 147 1
97 150 1
97 154 1
97 158 1
97 159 1
98 100 1
98 101 1
98 106 1
98 112 1
98 116 1
98 125 1
98 138 1
98 140 1
98 141 1
98 156 1
99 108 1
99 114 1
99 129 1
99 147 1
99 148 1
99 149 1
99 151 1
100 107 1
100 113 1
100 115 1
100 136 1
101 112 1
101 125 1
101 128 1
101 135 1
101 143 1
101 153 1
102 115 1
102 124 1
102 136 1
102 158 1
103 106 1
103 113 1
103 120 1
103 129 1
103 142 1
103 145 1
103 154 1
103 157 1
104 105 1
104 108 1
104 117 1
104 124 1
104 145 1
104 146 1
104 151 1
104 154 1
104 155 1
105 111 1
105 122 1
105 130 1
105 136 1
105 137 1
105 157 1
106 114 1
106 115 1
106 124 1
106 126 1
106 127 1
106 128 1
106 131 1
106 137 1
106 138 1
107 109 1
107 111 1
107 113 1
107 117 1
107 124 1
107 132 1
107 133 1
107 135 1
107 139 1
107 147 1
107 150 1
108 109 1
108 112 1
108 113 1
108 117 1
108 119 1
108 123 1
108 141 1
108 146 1
109 131 1
109 136 1
109 144 1
109 147 1
110 114 1
110 116 1
110 118 1
110 123 1
110 127 1
110 130 1
110 138 1
110 139 1
110 147 1
111 118 1
111 124 1
111 141 1
111 147 1
112 130 1
112 140 1
112 144 1
112 152 1
113 115 1
113 122 1
113 135 1
113 138 1
113 140 1
113 155 1
114 123 1
114 128 1
114 134 1
114 144 1
114 145 1
114 154 1
115 116 1
115 117 1
115 124 1
115 130 1
115 139 1
116 120 1
116 129 1
116 130 1
116 148 1
117 131 1
117 135 1
117 138 1
117 147 1
117 150 1
117 152 1
117 154 1
117 157 1
117 158 1
118 120 1
118 136 1
118 140 1
118 141 1
118 150 1
119 120 1
119 133 1
119 137 1
119 141 1
119 149 1
119 150 1
119 155 1
119 159 1
120 128 1
120 135 1
121 132 1
121 140 1
121 149 1
121 152 1
122 127 1
122 136 1
122 144 1
122 148 1
123 126 1
123 145 1
123 148 1
123 155 1
124 132 1
124 134 1
124 146 1
124 151 1
125 128 1
125 141 1
125 143 1
125 150 1
126 132 1
126 138 1
126 155 1
126 156 1
126 157 1
126 159 1
127 135 1
127 140 1
127 147 1
127 154 1
128 135 1
128 136 1
128 149 1
129 132 1
129 144 1
130 150 1
130 155 1
130 156 1
130 159 1
131 134 1
131 136 1
131 147 1
131 155 1
131 156 1
131 158 1
132 141 1
132 142 1
133 136 1
133 148 1
133 158 1
134 145 1
134 156 1
135 139 1
135 148 1
135 153 1
135 158 1
136 144 1
136 155 1
136 156 1
136 157 1
137 145 1
137 157 1
138 140 1
138 143 1
138 145 1
138 150 1
139 142 1
139 146 1
139 157 1
140 145 1
143 154 1
143 155 1
144 147 1
144 158 1
145 155 1
146 155 1
146 156 1
146 158 1
147 159 1
148 156 1
150 153 1
151 152 1
151 154 1
152 154 1
152 156 1
1
57 91 111 65 58 100 126 24 67 70 125 51 133 25 118 115
