1984
0 6 1
0 7 1
0 22 1
0 25 1
0 26 1
0 38 1
0 45 1
0 47 1
0 51 1
0 57 1
0 68 1
0 71 1
0 79 1
0 82 1
0 88 1
0 92 1
0 94 1
0 117 1
0 135 1
0 153 1
0 168 1
0 171 1
0 183 1
1 14 1
1 15 1
1 16 1
1 24 1
1 45 1
1 49 1
1 52 1
1 58 1
1 63 1
1 84 1
1 98 1
1 102 1
1 104 1
1 112 1
1 116 1
1 122 1
1 127 1
1 140 1
1 163 1
1 181 1
1 185 1
2 17 1
2 23 1
2 30 1
2 31 1
2 43 1
2 52 1
2 69 1
2 75 1
2 77 1
2 91 1
2 95 1
2 98 1
2 104 1
2 106 1
2 114 1
2 118 1
2 122 1
2 126 1
2 150 1
2 164 1
2 165 1
2 167 1
2 174 1
2 179 1
2 187 1
2 188 1
3 25 1
3 32 1
3 35 1
3 42 1
3 59 1
3 67 1
3 93 1
3 108 1
3 129 1
3 131 1
3 139 1
3 158 1
3 160 1
3 182 1
3 189 1
4 9 1
4 13 1
4 20 1
4 33 1
4 54 1
4 67 1
4 69 1
4 88 1
4 93 1
4 94 1
4 103 1
4 114 1
4 119 1
4 122 1
4 128 1
4 130 1
4 131 1
4 132 1
4 138 1
4 140 1
4 143 1
4 164 1
4 178 1
4 188 1
5 7 1
5 11 1
5 19 1
5 20 1
5 36 1
5 44 1
5 46 1
5 55 1
5 59 1
5 61 1
5 72 1
5 74 1
5 82 1
5 93 1
5 97 1
5 106 1
5 122 1
5 169 1
5 171 1
5 178 1
5 179 1
5 180 1
5 186 1
6 7 1
6 13 1
6 18 1
6 20 1
6 25 1
6 28 1
6 68 1
6 69 1
6 70 1
6 75 1
6 81 1
6 82 1
6 88 1
6 101 1
6 103 1
6 113 1
6 118 1
6 140 1
6 145 1
6 153 1
6 155 1
6 157 1
6 165 1
6 166 1
6 179 1
6 187 1
7 14 1
7 34 1
7 102 1
7 107 1
7 114 1
7 125 1
7 133 1
7 134 1
7 135 1
7 141 1
7 143 1
7 155 1
7 166 1
7 168 1
8 10 1
8 20 1
8 21 1
8 24 1
8 36 1
8 37 1
8 41 1
8 51 1
8 56 1
8 58 1
8 67 1
8 69 1
8 81 1
8 82 1
8 96 1
8 100 1
8 104 1
8 105 1
8 108 1
8 113 1
8 114 1
8 116 1
8 117 1
8 118 1
8 126 1
8 130 1
8 137 1
8 142 1
8 143 1
8 147 1
8 169 1
8 170 1
8 178 1
9 17 1
9 18 1
9 30 1
9 36 1
9 41 1
9 53 1
9 54 1
9 56 1
9 83 1
9 109 1
9 123 1
9 134 1
9 136 1
9 144 1
9 146 1
9 151 1
9 152 1
9 153 1
9 159 1
9 165 1
9 183 1
9 186 1
10 19 1
10 27 1
10 31 1
10 32 1
10 56 1
10 80 1
10 95 1
10 99 1
10 100 1
10 104 1
10 132 1
10 140 1
10 150 1
10 151 1
10 157 1
10 170 1
10 172 1
10 173 1
10 178 1
11 31 1
11 32 1
11 36 1
11 41 1
11 75 1
11 82 1
11 95 1
11 105 1
11 108 1
11 110 1
11 130 1
11 133 1
11 137 1
11 141 1
11 157 1
11 160 1
11 161 1
11 173 1
11 176 1
11 177 1
11 184 1
12 14 1
12 28 1
12 38 1
12 41 1
12 45 1
12 62 1
12 63 1
12 66 1
12 113 1
12 114 1
12 135 1
12 156 1
12 160 1
12 163 1
12 180 1
12 185 1
13 15 1
13 17 1
13 20 1
13 21 1
13 22 1
13 27 1
13 30 1
13 33 1
13 34 1
13 38 1
13 50 1
13 56 1
13 86 1
13 89 1
13 104 1
13 124 1
13 130 1
13 133 1
13 145 1
13 168 1
13 175 1
14 17 1
14 20 1
14 39 1
14 53 1
14 65 1
14 67 1
14 69 1
14 76 1
14 78 1
14 82 1
14 87 1
14 91 1
14 106 1
14 110 1
14 112 1
14 131 1
14 133 1
14 137 1
14 138 1
14 148 1
14 174 1
14 180 1
15 36 1
15 41 1
15 53 1
15 58 1
15 59 1
15 62 1
15 77 1
15 78 1
15 91 1
15 102 1
15 112 1
15 120 1
15 122 1
15 139 1
15 141 1
15 174 1
15 178 1
15 187 1
16 22 1
16 33 1
16 45 1
16 51 1
16 58 1
16 70 1
16 71 1
16 73 1
16 76 1
16 77 1
16 78 1
16 80 1
16 83 1
16 91 1
16 103 1
16 109 1
16 121 1
16 133 1
16 135 1
16 156 1
17 18 1
17 36 1
17 63 1
17 79 1
17 84 1
17 104 1
17 136 1
17 144 1
17 147 1
17 148 1
17 155 1
17 166 1
17 172 1
17 173 1
17 177 1
17 180 1
17 189 1
18 21 1
18 29 1
18 39 1
18 43 1
18 46 1
18 58 1
18 71 1
18 131 1
18 133 1
18 135 1
18 141 1
18 143 1
18 144 1
18 146 1
18 147 1
18 182 1
19 28 1
19 33 1
19 44 1
19 48 1
19 60 1
19 61 1
19 75 1
19 78 1
19 100 1
19 117 1
19 128 1
19 133 1
19 136 1
19 139 1
19 145 1
19 154 1
19 157 1
19 174 1
19 176 1
20 39 1
20 48 1
20 55 1
20 57 1
20 74 1
20 75 1
20 86 1
20 89 1
20 94 1
20 98 1
20 112 1
20 123 1
20 128 1
20 133 1
20 145 1
20 146 1
20 152 1
20 157 1
20 160 1
20 173 1
21 27 1
21 33 1
21 45 1
21 47 1
21 48 1
21 69 1
21 84 1
21 87 1
21 89 1
21 90 1
21 107 1
21 111 1
21 116 1
21 123 1
21 135 1
21 139 1
21 173 1
22 49 1
22 50 1
22 59 1
22 63 1
22 79 1
22 85 1
22 88 1
22 103 1
22 112 1
22 125 1
22 129 1
22 131 1
22 147 1
22 153 1
22 174 1
22 180 1
23 28 1
23 35 1
23 51 1
23 57 1
23 64 1
23 68 1
23 70 1
23 86 1
23 92 1
23 106 1
23 107 1
23 114 1
23 126 1
23 141 1
23 142 1
23 145 1
23 160 1
23 161 1
23 170 1
23 179 1
24 27 1
24 67 1
24 76 1
24 90 1
24 97 1
24 101 1
24 102 1
24 117 1
24 119 1
24 127 1
24 146 1
24 153 1
24 167 1
24 172 1
24 181 1
24 187 1
25 28 1
25 38 1
25 45 1
25 59 1
25 69 1
25 70 1
25 78 1
25 89 1
25 95 1
25 101 1
25 110 1
25 114 1
25 143 1
25 151 1
25 162 1
25 173 1
25 178 1
25 181 1
26 32 1
26 35 1
26 49 1
26 57 1
26 64 1
26 72 1
26 77 1
26 88 1
26 100 1
26 102 1
26 136 1
26 139 1
26 149 1
26 153 1
26 186 1
27 29 1
27 31 1
27 39 1
27 54 1
27 55 1
27 63 1
27 74 1
27 97 1
27 113 1
27 114 1
27 135 1
27 142 1
27 147 1
27 154 1
27 164 1
27 177 1
27 178 1
27 189 1
28 29 1
28 37 1
28 38 1
28 39 1
28 70 1
28 74 1
28 84 1
28 89 1
28 96 1
28 101 1
28 103 1
28 104 1
28 106 1
28 117 1
28 122 1
28 134 1
28 152 1
28 154 1
28 158 1
28 160 1
28 161 1
28 162 1
28 171 1
28 174 1
29 37 1
29 42 1
29 49 1
29 56 1
29 75 1
29 88 1
29 98 1
29 117 1
29 123 1
29 140 1
29 163 1
29 166 1
29 167 1
29 184 1
29 186 1
30 38 1
30 46 1
30 47 1
30 50 1
30 53 1
30 57 1
30 73 1
30 87 1
30 93 1
30 105 1
30 130 1
30 142 1
30 143 1
30 147 1
30 152 1
30 156 1
30 164 1
30 173 1
30 177 1
30 181 1
30 182 1
30 185 1
30 189 1
31 40 1
31 42 1
31 62 1
31 66 1
31 73 1
31 75 1
31 82 1
31 92 1
31 94 1
31 96 1
31 102 1
31 107 1
31 114 1
31 128 1
31 135 1
31 156 1
31 165 1
31 168 1
31 174 1
31 176 1
31 178 1
32 33 1
32 55 1
32 66 1
32 91 1
32 97 1
32 118 1
32 123 1
32 131 1
32 135 1
32 139 1
32 149 1
32 156 1
32 157 1
32 159 1
32 169 1
32 176 1
32 184 1
33 36 1
33 51 1
33 52 1
33 56 1
33 62 1
33 105 1
33 106 1
33 114 1
33 118 1
33 137 1
33 143 1
33 149 1
33 151 1
33 163 1
33 180 1
33 181 1
33 184 1
34 39 1
34 52 1
34 64 1
34 78 1
34 83 1
34 92 1
34 114 1
34 127 1
34 132 1
34 152 1
34 171 1
34 179 1
34 182 1
35 41 1
35 47 1
35 60 1
35 67 1
35 83 1
35 86 1
35 106 1
35 113 1
35 115 1
35 142 1
35 143 1
35 156 1
35 160 1
35 178 1
36 42 1
36 50 1
36 51 1
36 53 1
36 59 1
36 97 1
36 125 1
36 144 1
36 145 1
36 164 1
36 168 1
36 178 1
36 184 1
37 42 1
37 55 1
37 71 1
37 80 1
37 87 1
37 103 1
37 109 1
37 122 1
37 130 1
37 145 1
37 147 1
37 154 1
37 161 1
37 169 1
38 42 1
38 45 1
38 51 1
38 54 1
38 64 1
38 66 1
38 69 1
38 77 1
38 92 1
38 102 1
38 106 1
38 122 1
38 128 1
38 134 1
38 184 1
38 186 1
38 189 1
39 49 1
39 61 1
39 65 1
39 75 1
39 103 1
39 109 1
39 125 1
39 156 1
39 163 1
40 58 1
40 70 1
40 82 1
40 86 1
40 89 1
40 103 1
40 107 1
40 114 1
40 118 1
40 151 1
40 153 1
40 155 1
40 164 1
40 172 1
40 184 1
40 189 1
41 54 1
41 64 1
41 65 1
41 66 1
41 83 1
41 102 1
41 117 1
41 127 1
41 133 1
41 141 1
41 147 1
41 148 1
41 154 1
41 157 1
41 160 1
41 182 1
42 52 1
42 55 1
42 57 1
42 80 1
42 88 1
42 94 1
42 107 1
42 108 1
42 116 1
42 138 1
42 151 1
42 183 1
42 184 1
43 44 1
43 56 1
43 57 1
43 71 1
43 75 1
43 76 1
43 95 1
43 105 1
43 106 1
43 110 1
43 121 1
43 128 1
43 153 1
43 166 1
43 186 1
44 54 1
44 60 1
44 61 1
44 65 1
44 66 1
44 89 1
44 91 1
44 98 1
44 117 1
44 122 1
44 125 1
44 144 1
44 153 1
44 181 1
45 46 1
45 50 1
45 56 1
45 58 1
45 66 1
45 74 1
45 77 1
45 96 1
45 151 1
45 175 1
45 182 1
45 187 1
46 49 1
46 53 1
46 61 1
46 89 1
46 109 1
46 127 1
46 129 1
46 149 1
46 156 1
46 166 1
46 167 1
46 168 1
46 178 1
46 187 1
46 188 1
47 49 1
47 55 1
47 58 1
47 61 1
47 63 1
47 80 1
47 95 1
47 100 1
47 111 1
47 113 1
47 115 1
47 123 1
47 131 1
47 138 1
47 157 1
47 172 1
47 180 1
48 67 1
48 102 1
48 109 1
48 117 1
48 118 1
48 133 1
48 137 1
48 164 1
48 169 1
48 171 1
48 180 1
48 181 1
48 185 1
48 188 1
48 189 1
49 56 1
49 67 1
49 72 1
49 87 1
49 100 1
49 114 1
49 129 1
49 149 1
49 165 1
49 172 1
49 174 1
49 177 1
49 187 1
50 52 1
50 66 1
50 67 1
50 69 1
50 74 1
50 81 1
50 84 1
50 102 1
50 103 1
50 105 1
50 106 1
50 109 1
50 111 1
50 121 1
50 125 1
50 135 1
50 137 1
50 157 1
50 163 1
50 174 1
50 178 1
50 187 1
50 188 1
51 56 1
51 74 1
51 75 1
51 119 1
51 120 1
51 140 1
51 148 1
51 152 1
51 162 1
51 167 1
52 58 1
52 68 1
52 70 1
52 76 1
52 100 1
52 104 1
52 106 1
52 108 1
52 117 1
52 119 1
52 120 1
52 145 1
52 154 1
52 157 1
53 72 1
53 84 1
53 111 1
53 125 1
53 129 1
53 143 1
53 152 1
53 157 1
53 158 1
53 162 1
53 167 1
53 187 1
53 189 1
54 66 1
54 69 1
54 78 1
54 89 1
54 94 1
54 111 1
54 120 1
54 129 1
54 131 1
54 132 1
54 141 1
54 144 1
54 154 1
54 161 1
54 172 1
54 177 1
54 187 1
55 85 1
55 99 1
55 110 1
55 112 1
55 134 1
55 136 1
55 137 1
55 139 1
55 149 1
55 152 1
55 160 1
55 163 1
55 164 1
55 169 1
55 172 1
55 179 1
55 183 1
55 188 1
56 57 1
56 59 1
56 72 1
56 73 1
56 82 1
56 101 1
56 118 1
56 128 1
56 161 1
56 177 1
57 58 1
57 64 1
57 68 1
57 76 1
57 80 1
57 82 1
57 113 1
57 120 1
57 122 1
57 133 1
57 136 1
57 146 1
57 152 1
57 153 1
57 156 1
57 168 1
57 175 1
57 186 1
58 71 1
58 75 1
58 85 1
58 87 1
58 112 1
58 113 1
58 115 1
58 140 1
58 142 1
58 174 1
58 178 1
58 186 1
59 72 1
59 84 1
59 91 1
59 93 1
59 102 1
59 104 1
59 116 1
59 120 1
59 122 1
59 138 1
59 164 1
59 167 1
59 185 1
59 188 1
60 70 1
60 74 1
60 77 1
60 79 1
60 80 1
60 81 1
60 87 1
60 91 1
60 107 1
60 117 1
60 118 1
60 129 1
60 134 1
60 135 1
60 151 1
60 152 1
60 154 1
60 162 1
60 174 1
60 177 1
60 185 1
61 80 1
61 94 1
61 102 1
61 103 1
61 118 1
61 120 1
61 124 1
61 138 1
61 141 1
61 156 1
61 165 1
61 168 1
61 180 1
62 66 1
62 76 1
62 83 1
62 88 1
62 142 1
62 146 1
62 156 1
62 163 1
62 173 1
62 186 1
63 69 1
63 78 1
63 82 1
63 84 1
63 92 1
63 117 1
63 129 1
63 138 1
63 145 1
63 155 1
63 167 1
63 172 1
63 185 1
64 68 1
64 77 1
64 78 1
64 85 1
64 90 1
64 99 1
64 116 1
64 139 1
64 154 1
64 156 1
64 160 1
64 169 1
64 174 1
64 182 1
64 183 1
64 189 1
65 68 1
65 71 1
65 81 1
65 84 1
65 91 1
65 97 1
65 98 1
65 122 1
65 133 1
65 134 1
65 143 1
65 153 1
65 158 1
65 164 1
65 169 1
65 170 1
65 178 1
65 180 1
66 76 1
66 78 1
66 86 1
66 87 1
66 100 1
66 106 1
66 113 1
66 122 1
66 134 1
66 165 1
66 169 1
66 173 1
66 181 1
66 183 1
66 185 1
66 189 1
67 78 1
67 82 1
67 85 1
67 91 1
67 107 1
67 166 1
67 168 1
67 176 1
68 84 1
68 91 1
68 107 1
68 121 1
68 139 1
68 141 1
68 155 1
68 156 1
68 161 1
68 168 1
68 170 1
68 188 1
68 189 1
69 70 1
69 80 1
69 84 1
69 88 1
69 90 1
69 107 1
69 122 1
69 124 1
69 133 1
69 151 1
69 167 1
69 176 1
69 181 1
69 187 1
70 74 1
70 78 1
70 86 1
70 90 1
70 110 1
70 112 1
70 113 1
70 115 1
70 132 1
70 142 1
70 145 1
70 151 1
70 160 1
70 179 1
70 184 1
70 185 1
70 189 1
71 76 1
71 77 1
71 88 1
71 92 1
71 94 1
71 95 1
71 106 1
71 109 1
71 117 1
71 131 1
71 136 1
71 181 1
71 182 1
72 76 1
72 81 1
72 93 1
72 98 1
72 102 1
72 114 1
72 118 1
72 119 1
72 120 1
72 123 1
72 127 1
72 132 1
72 137 1
72 151 1
72 159 1
72 164 1
72 166 1
72 176 1
72 184 1
73 87 1
73 90 1
73 99 1
73 111 1
73 122 1
73 128 1
73 129 1
73 130 1
73 136 1
73 137 1
73 141 1
73 149 1
73 153 1
73 158 1
73 175 1
73 176 1
74 80 1
74 93 1
74 95 1
74 103 1
74 107 1
74 111 1
74 116 1
74 140 1
74 145 1
74 146 1
74 149 1
74 155 1
74 174 1
74 177 1
74 186 1
74 187 1
75 83 1
75 95 1
75 96 1
75 106 1
75 107 1
75 109 1
75 112 1
75 123 1
75 127 1
75 131 1
75 139 1
75 140 1
75 142 1
75 148 1
75 160 1
75 165 1
75 181 1
75 185 1
75 187 1
76 91 1
76 93 1
76 107 1
76 110 1
76 113 1
76 130 1
76 131 1
76 139 1
76 145 1
76 157 1
76 163 1
76 167 1
76 176 1
77 79 1
77 82 1
77 94 1
77 102 1
77 134 1
77 145 1
77 158 1
77 160 1
77 173 1
77 174 1
78 84 1
78 107 1
78 110 1
78 113 1
78 126 1
78 146 1
78 154 1
79 94 1
79 98 1
79 116 1
79 120 1
79 126 1
79 143 1
79 148 1
79 169 1
79 182 1
80 93 1
80 94 1
80 95 1
80 96 1
80 104 1
80 137 1
80 140 1
80 146 1
80 169 1
80 173 1
81 84 1
81 86 1
81 98 1
81 106 1
81 114 1
81 123 1
81 167 1
81 175 1
81 178 1
82 87 1
82 88 1
82 100 1
82 106 1
82 112 1
82 120 1
82 121 1
82 126 1
82 127 1
82 149 1
82 152 1
82 186 1
83 88 1
83 95 1
83 114 1
83 148 1
83 161 1
83 179 1
83 182 1
84 124 1
84 128 1
84 135 1
84 145 1
84 149 1
84 152 1
84 157 1
84 178 1
84 179 1
85 97 1
85 113 1
85 127 1
85 128 1
85 141 1
85 142 1
85 144 1
85 145 1
85 159 1
85 173 1
85 183 1
85 184 1
86 92 1
86 98 1
86 118 1
86 126 1
86 132 1
86 174 1
86 175 1
86 177 1
87 104 1
87 116 1
87 120 1
87 121 1
87 137 1
87 140 1
87 149 1
87 153 1
87 158 1
87 159 1
87 164 1
87 176 1
87 187 1
88 95 1
88 99 1
88 126 1
88 130 1
88 131 1
88 141 1
88 147 1
88 155 1
88 167 1
88 168 1
88 177 1
88 188 1
89 93 1
89 98 1
89 103 1
89 113 1
89 123 1
89 127 1
89 133 1
89 157 1
89 169 1
90 121 1
90 122 1
90 129 1
90 137 1
90 142 1
90 148 1
90 161 1
90 173 1
90 188 1
91 110 1
91 114 1
91 119 1
91 125 1
91 127 1
91 130 1
91 153 1
91 157 1
91 162 1
91 170 1
91 178 1
92 95 1
92 101 1
92 130 1
92 133 1
92 151 1
92 160 1
92 163 1
92 172 1
93 100 1
93 103 1
93 107 1
93 124 1
93 129 1
93 147 1
93 177 1
93 183 1
93 184 1
94 96 1
94 97 1
94 99 1
94 100 1
94 103 1
94 116 1
94 153 1
94 154 1
94 162 1
94 173 1
94 182 1
95 102 1
95 108 1
95 112 1
95 126 1
95 142 1
95 151 1
95 155 1
95 173 1
95 181 1
95 182 1
95 184 1
96 99 1
96 105 1
96 108 1
96 110 1
96 115 1
96 120 1
96 123 1
96 125 1
96 131 1
96 144 1
96 153 1
96 162 1
96 189 1
97 101 1
97 116 1
97 118 1
97 123 1
97 134 1
97 146 1
97 150 1
97 163 1
97 164 1
97 165 1
97 166 1
97 168 1
97 169 1
97 188 1
98 101 1
98 106 1
98 108 1
98 114 1
98 118 1
98 144 1
98 145 1
98 148 1
98 165 1
98 166 1
98 170 1
98 176 1
98 179 1
98 187 1
98 188 1
99 101 1
99 109 1
99 114 1
99 116 1
99 121 1
99 129 1
99 132 1
99 145 1
99 147 1
99 153 1
99 169 1
99 173 1
99 185 1
99 189 1
100 108 1
100 115 1
100 117 1
100 119 1
100 132 1
100 135 1
100 139 1
100 147 1
100 153 1
100 170 1
100 175 1
100 180 1
101 105 1
101 116 1
101 123 1
101 135 1
101 143 1
102 104 1
102 107 1
102 110 1
102 119 1
102 128 1
102 129 1
102 130 1
102 145 1
102 153 1
102 154 1
102 162 1
102 184 1
102 187 1
103 115 1
103 120 1
103 121 1
103 129 1
103 130 1
103 135 1
103 138 1
103 139 1
103 165 1
103 172 1
103 179 1
104 107 1
104 127 1
104 129 1
104 131 1
104 172 1
104 176 1
104 185 1
105 106 1
105 112 1
105 113 1
105 114 1
105 122 1
105 125 1
105 126 1
105 134 1
105 144 1
105 146 1
105 166 1
105 168 1
105 176 1
105 189 1
106 114 1
106 134 1
106 158 1
106 167 1
106 168 1
106 176 1
106 178 1
106 187 1
106 188 1
107 110 1
107 112 1
107 116 1
107 137 1
107 139 1
107 150 1
107 157 1
107 158 1
107 164 1
107 172 1
107 178 1
107 180 1
107 183 1
108 117 1
108 120 1
108 124 1
108 131 1
108 132 1
108 138 1
108 161 1
109 188 1
109 189 1
110 131 1
110 137 1
110 140 1
110 146 1
110 155 1
110 169 1
111 125 1
111 128 1
111 143 1
111 149 1
111 152 1
111 154 1
111 189 1
112 114 1
112 119 1
112 122 1
112 139 1
112 147 1
112 152 1
112 153 1
112 154 1
112 159 1
112 164 1
112 184 1
113 121 1
113 123 1
113 147 1
113 148 1
113 160 1
113 161 1
113 164 1
113 176 1
114 116 1
114 117 1
114 125 1
114 146 1
114 157 1
114 165 1
114 166 1
115 118 1
115 143 1
115 151 1
115 153 1
115 189 1
116 119 1
116 128 1
116 130 1
116 151 1
116 160 1
116 164 1
116 167 1
116 173 1
116 176 1
116 178 1
116 182 1
116 188 1
117 128 1
117 129 1
117 138 1
117 139 1
117 142 1
117 147 1
117 153 1
117 170 1
117 175 1
117 176 1
117 177 1
118 120 1
118 121 1
118 123 1
118 131 1
118 149 1
118 157 1
118 167 1
118 169 1
118 186 1
118 189 1
119 134 1
119 141 1
119 146 1
119 171 1
120 122 1
120 124 1
120 126 1
120 131 1
120 152 1
120 153 1
120 159 1
120 174 1
120 184 1
120 187 1
121 136 1
121 143 1
121 145 1
121 147 1
121 152 1
121 159 1
121 168 1
121 176 1
122 130 1
122 133 1
122 137 1
122 139 1
122 158 1
122 162 1
122 172 1
122 186 1
122 189 1
123 132 1
123 141 1
123 155 1
123 159 1
123 162 1
123 168 1
123 170 1
123 179 1
124 129 1
124 147 1
124 163 1
124 170 1
124 181 1
125 128 1
125 138 1
125 147 1
125 162 1
125 163 1
125 173 1
125 176 1
125 179 1
126 127 1
126 128 1
126 137 1
126 153 1
126 161 1
126 164 1
126 183 1
126 187 1
126 188 1
127 136 1
127 140 1
127 159 1
127 169 1
127 171 1
127 180 1
127 188 1
128 133 1
128 147 1
128 173 1
129 135 1
129 157 1
129 163 1
129 170 1
129 173 1
130 137 1
130 141 1
130 151 1
130 165 1
130 166 1
130 176 1
130 179 1
131 148 1
131 156 1
131 170 1
131 175 1
131 177 1
132 136 1
132 142 1
132 155 1
132 161 1
132 169 1
133 135 1
133 142 1
133 147 1
133 154 1
133 156 1
133 163 1
133 167 1
133 180 1
134 136 1
134 137 1
134 138 1
134 144 1
134 154 1
134 158 1
134 160 1
134 167 1
135 142 1
135 147 1
135 153 1
135 158 1
135 173 1
135 182 1
136 141 1
136 143 1
136 149 1
136 150 1
136 152 1
136 154 1
136 183 1
137 140 1
137 163 1
137 167 1
137 170 1
138 149 1
138 150 1
138 171 1
138 174 1
138 189 1
139 140 1
139 154 1
139 156 1
139 157 1
139 170 1
139 176 1
139 182 1
140 158 1
140 161 1
140 165 1
140 182 1
140 186 1
141 154 1
141 158 1
141 187 1
142 146 1
142 148 1
142 163 1
142 172 1
142 177 1
142 185 1
143 144 1
143 162 1
143 181 1
143 186 1
144 153 1
144 163 1
144 166 1
144 167 1
144 169 1
145 152 1
145 160 1
145 175 1
145 178 1
145 186 1
145 187 1
146 150 1
146 155 1
146 164 1
146 184 1
147 155 1
147 156 1
147 161 1
147 171 1
147 176 1
147 183 1
148 169 1
148 186 1
149 150 1
149 151 1
149 154 1
149 170 1
149 171 1
149 182 1
150 155 1
150 177 1
150 186 1
151 166 1
151 169 1
151 171 1
151 172 1
151 174 1
151 182 1
152 153 1
152 167 1
152 168 1
152 174 1
152 182 1
152 187 1
152 189 1
153 173 1
153 178 1
153 188 1
154 155 1
154 169 1
154 172 1
154 187 1
154 188 1
155 160 1
155 167 1
155 184 1
156 166 1
156 177 1
156 178 1
156 187 1
157 159 1
157 164 1
157 172 1
157 176 1
157 177 1
158 167 1
158 184 1
159 166 1
159 173 1
159 181 1
159 182 1
159 187 1
160 176 1
160 177 1
160 184 1
160 185 1
160 189 1
161 162 1
161 178 1
161 184 1
161 188 1
162 165 1
162 171 1
162 181 1
162 189 1
163 175 1
163 178 1
164 167 1
164 184 1
165 181 1
166 177 1
166 183 1
166 185 1
168 171 1
168 172 1
168 176 1
168 178 1
168 179 1
169 171 1
169 185 1
170 171 1
170 181 1
170 184 1
172 182 1
173 178 1
175 176 1
176 186 1
179 180 1
180 181 1
180 186 1
181 185 1
184 187 1
188 189 1
1
157 51 57 148 160 163 26 175 23 121 47 173 56 151 45 59 64 16 181
