611
0 2 1
0 7 1
0 8 1
0 12 1
0 18 1
0 21 1
0 24 1
0 28 1
0 31 1
0 32 1
0 38 1
0 39 1
0 46 1
0 47 1
0 48 1
0 51 1
0 57 1
0 63 1
0 68 1
0 69 1
1 11 1
1 12 1
1 14 1
1 15 1
1 23 1
1 26 1
1 27 1
1 30 1
1 33 1
1 39 1
1 41 1
1 47 1
1 56 1
1 60 1
2 11 1
2 13 1
2 16 1
2 18 1
2 27 1
2 29 1
2 30 1
2 32 1
2 35 1
2 47 1
2 48 1
2 51 1
2 57 1
2 58 1
2 62 1
2 66 1
2 69 1
3 5 1
3 7 1
3 8 1
3 19 1
3 20 1
3 23 1
3 28 1
3 29 1
3 30 1
3 31 1
3 34 1
3 38 1
3 49 1
3 51 1
3 53 1
3 54 1
3 57 1
3 61 1
3 63 1
4 6 1
4 12 1
4 16 1
4 23 1
4 30 1
4 33 1
4 35 1
4 38 1
4 39 1
4 40 1
4 41 1
4 45 1
4 48 1
4 50 1
4 53 1
4 55 1
4 58 1
4 60 1
5 9 1
5 21 1
5 23 1
5 29 1
5 30 1
5 31 1
5 32 1
5 34 1
5 39 1
5 43 1
5 46 1
5 49 1
5 54 1
5 59 1
6 11 1
6 12 1
6 19 1
6 26 1
6 40 1
6 42 1
6 45 1
6 60 1
6 62 1
6 69 1
7 8 1
7 11 1
7 13 1
7 16 1
7 17 1
7 19 1
7 23 1
7 26 1
7 27 1
7 31 1
7 36 1
7 41 1
7 44 1
7 45 1
7 52 1
7 53 1
7 58 1
7 60 1
7 66 1
8 9 1
8 10 1
8 12 1
8 13 1
8 25 1
8 27 1
8 30 1
8 35 1
8 45 1
8 46 1
8 47 1
8 55 1
8 58 1
8 61 1
8 66 1
8 69 1
9 13 1
9 29 1
9 34 1
9 36 1
9 38 1
9 43 1
9 44 1
9 48 1
9 49 1
9 53 1
9 59 1
9 61 1
9 63 1
9 66 1
10 11 1
10 15 1
10 17 1
10 27 1
10 38 1
10 40 1
10 43 1
10 47 1
10 52 1
10 57 1
10 58 1
10 62 1
10 67 1
11 12 1
11 14 1
11 17 1
11 20 1
11 26 1
11 33 1
11 34 1
11 39 1
11 43 1
11 54 1
11 55 1
11 58 1
11 59 1
11 65 1
11 66 1
11 68 1
12 25 1
12 31 1
12 35 1
12 42 1
12 46 1
12 47 1
12 48 1
12 52 1
12 58 1
12 60 1
12 64 1
12 67 1
13 16 1
13 19 1
13 21 1
13 27 1
13 28 1
13 31 1
13 36 1
13 40 1
13 53 1
13 57 1
13 64 1
13 67 1
14 24 1
14 27 1
14 36 1
14 38 1
14 41 1
14 42 1
14 44 1
14 46 1
14 50 1
14 51 1
14 54 1
14 57 1
14 62 1
14 63 1
14 69 1
15 18 1
15 22 1
15 28 1
15 30 1
15 31 1
15 32 1
15 33 1
15 34 1
15 39 1
15 43 1
15 47 1
15 53 1
15 54 1
15 56 1
15 63 1
16 17 1
16 19 1
16 20 1
16 23 1
16 25 1
16 26 1
16 33 1
16 35 1
16 37 1
16 39 1
16 44 1
16 46 1
16 48 1
16 50 1
16 54 1
16 58 1
16 60 1
16 66 1
16 67 1
17 24 1
17 31 1
17 40 1
17 41 1
17 43 1
17 45 1
17 48 1
17 52 1
17 56 1
17 57 1
17 58 1
17 60 1
17 61 1
17 68 1
18 20 1
18 22 1
18 25 1
18 27 1
18 35 1
18 37 1
18 38 1
18 39 1
18 43 1
18 49 1
18 57 1
18 63 1
18 64 1
18 66 1
18 67 1
18 69 1
19 30 1
19 34 1
19 36 1
19 38 1
19 39 1
19 46 1
19 47 1
19 49 1
19 50 1
19 51 1
19 52 1
19 53 1
19 55 1
19 59 1
19 65 1
19 67 1
20 29 1
20 32 1
20 33 1
20 37 1
20 38 1
20 42 1
20 50 1
20 55 1
20 59 1
20 66 1
21 27 1
21 28 1
21 29 1
21 31 1
21 32 1
21 33 1
21 34 1
21 37 1
21 49 1
21 50 1
21 55 1
21 56 1
21 61 1
21 63 1
21 65 1
21 66 1
22 32 1
22 33 1
22 36 1
22 39 1
22 41 1
22 45 1
22 46 1
22 47 1
22 61 1
22 65 1
22 69 1
23 24 1
23 27 1
23 29 1
23 31 1
23 32 1
23 34 1
23 35 1
23 40 1
23 42 1
23 47 1
23 65 1
23 67 1
24 25 1
24 30 1
24 34 1
24 39 1
24 47 1
24 51 1
24 55 1
24 56 1
24 60 1
24 67 1
25 26 1
25 27 1
25 32 1
25 39 1
25 65 1
25 67 1
25 68 1
26 29 1
26 30 1
26 44 1
26 47 1
26 59 1
26 60 1
26 61 1
26 63 1
26 65 1
26 66 1
26 69 1
27 29 1
27 32 1
27 36 1
27 38 1
27 40 1
27 52 1
27 54 1
27 57 1
27 66 1
27 69 1
28 32 1
28 33 1
28 36 1
28 45 1
28 46 1
28 58 1
28 60 1
28 61 1
28 64 1
28 65 1
28 68 1
29 32 1
29 51 1
29 52 1
29 59 1
29 60 1
30 33 1
30 41 1
30 42 1
30 43 1
30 44 1
30 46 1
30 48 1
30 50 1
30 56 1
30 59 1
30 60 1
30 62 1
30 63 1
30 64 1
30 66 1
31 42 1
31 47 1
31 48 1
31 51 1
31 55 1
31 60 1
31 61 1
31 63 1
31 68 1
32 46 1
32 50 1
32 54 1
32 55 1
32 66 1
32 69 1
33 40 1
33 43 1
33 44 1
33 48 1
33 50 1
33 53 1
33 62 1
33 65 1
33 69 1
34 36 1
34 38 1
34 41 1
34 42 1
34 43 1
34 44 1
34 47 1
34 53 1
34 58 1
34 65 1
34 66 1
35 38 1
35 51 1
35 54 1
35 55 1
35 56 1
35 59 1
35 62 1
35 63 1
36 44 1
36 46 1
36 52 1
36 62 1
36 68 1
37 54 1
37 57 1
37 68 1
38 42 1
38 44 1
38 46 1
38 52 1
38 57 1
38 59 1
38 60 1
39 41 1
39 42 1
39 43 1
39 45 1
39 46 1
39 47 1
39 48 1
39 50 1
39 52 1
39 57 1
39 60 1
39 69 1
40 48 1
40 52 1
40 53 1
40 54 1
40 58 1
40 60 1
40 63 1
41 51 1
41 53 1
41 63 1
41 64 1
41 65 1
41 67 1
42 46 1
42 47 1
42 49 1
42 52 1
42 59 1
42 61 1
43 47 1
43 48 1
43 62 1
43 63 1
43 65 1
44 51 1
44 56 1
44 58 1
44 61 1
44 65 1
44 66 1
44 68 1
45 47 1
45 54 1
45 57 1
45 63 1
45 65 1
45 66 1
45 68 1
46 47 1
46 48 1
46 55 1
46 57 1
46 61 1
46 62 1
46 65 1
46 66 1
47 48 1
47 50 1
47 53 1
47 60 1
47 61 1
47 65 1
47 68 1
48 57 1
48 61 1
48 63 1
48 65 1
49 52 1
49 60 1
49 65 1
49 67 1
50 55 1
50 57 1
50 59 1
50 61 1
50 65 1
51 52 1
51 59 1
51 61 1
51 63 1
51 65 1
51 68 1
52 57 1
52 64 1
52 67 1
52 69 1
53 62 1
53 64 1
53 67 1
53 69 1
54 55 1
54 59 1
54 63 1
54 67 1
54 69 1
55 67 1
55 69 1
56 57 1
56 62 1
57 61 1
57 62 1
57 63 1
57 65 1
57 66 1
58 65 1
58 66 1
58 69 1
59 61 1
59 65 1
60 63 1
60 65 1
60 66 1
60 67 1
60 69 1
61 63 1
62 63 1
62 66 1
63 67 1
64 65 1
64 66 1
64 69 1
66 68 1
67 68 1
68 69 1
1
16 54 50 34 3 41 42
