994
0 11 1
0 17 1
0 25 1
0 27 1
0 35 1
0 37 1
0 43 1
0 44 1
0 47 1
0 53 1
0 54 1
0 61 1
0 76 1
0 90 1
0 97 1
0 98 1
0 103 1
1 4 1
1 7 1
1 9 1
1 22 1
1 26 1
1 35 1
1 36 1
1 40 1
1 67 1
1 78 1
1 83 1
1 96 1
1 106 1
2 3 1
2 11 1
2 14 1
2 18 1
2 20 1
2 24 1
2 26 1
2 33 1
2 38 1
2 39 1
2 40 1
2 42 1
2 46 1
2 49 1
2 61 1
2 66 1
2 68 1
2 73 1
2 77 1
2 94 1
2 109 1
3 10 1
3 11 1
3 22 1
3 27 1
3 33 1
3 44 1
3 68 1
3 75 1
3 95 1
3 97 1
3 99 1
3 107 1
4 15 1
4 18 1
4 21 1
4 23 1
4 26 1
4 37 1
4 45 1
4 47 1
4 48 1
4 51 1
4 57 1
4 66 1
4 68 1
4 88 1
4 95 1
4 97 1
4 102 1
5 22 1
5 30 1
5 32 1
5 35 1
5 49 1
5 52 1
5 54 1
5 65 1
5 74 1
5 81 1
5 85 1
5 86 1
5 87 1
5 91 1
5 98 1
5 101 1
6 15 1
6 19 1
6 27 1
6 49 1
6 51 1
6 57 1
6 65 1
6 69 1
6 77 1
6 86 1
6 93 1
6 109 1
7 10 1
7 11 1
7 14 1
7 22 1
7 30 1
7 49 1
7 50 1
7 57 1
7 67 1
7 72 1
7 75 1
7 95 1
7 102 1
7 108 1
8 11 1
8 12 1
8 20 1
8 23 1
8 33 1
8 39 1
8 44 1
8 50 1
8 56 1
8 58 1
8 61 1
8 69 1
8 70 1
8 72 1
8 81 1
8 82 1
8 91 1
8 92 1
8 93 1
8 94 1
8 105 1
9 17 1
9 19 1
9 21 1
9 30 1
9 35 1
9 45 1
9 81 1
9 85 1
9 93 1
9 99 1
9 104 1
9 109 1
10 13 1
10 14 1
10 18 1
10 22 1
10 25 1
10 28 1
10 31 1
10 36 1
10 41 1
10 47 1
10 62 1
10 64 1
10 65 1
10 72 1
10 87 1
10 95 1
10 96 1
10 102 1
10 106 1
11 12 1
11 16 1
11 19 1
11 21 1
11 27 1
11 38 1
11 72 1
11 77 1
11 84 1
11 91 1
11 93 1
11 94 1
11 96 1
11 107 1
12 19 1
12 25 1
12 34 1
12 35 1
12 37 1
12 47 1
12 51 1
12 58 1
12 61 1
12 67 1
12 78 1
12 82 1
12 83 1
12 87 1
12 88 1
12 89 1
12 91 1
12 93 1
12 95 1
12 106 1
13 14 1
13 28 1
13 29 1
13 39 1
13 40 1
13 46 1
13 57 1
13 60 1
13 62 1
13 63 1
13 64 1
13 74 1
13 75 1
13 84 1
13 89 1
13 94 1
13 95 1
13 104 1
13 107 1
14 27 1
14 43 1
14 50 1
14 56 1
14 67 1
14 68 1
14 70 1
14 81 1
14 90 1
14 92 1
14 103 1
14 104 1
15 22 1
15 27 1
15 28 1
15 36 1
15 37 1
15 42 1
15 43 1
15 44 1
15 45 1
15 46 1
15 47 1
15 60 1
15 65 1
15 75 1
15 78 1
15 83 1
15 84 1
15 88 1
15 89 1
15 91 1
15 92 1
15 103 1
15 104 1
15 107 1
16 23 1
16 31 1
16 32 1
16 42 1
16 47 1
16 48 1
16 50 1
16 53 1
16 54 1
16 58 1
16 60 1
16 67 1
16 75 1
16 77 1
16 83 1
16 94 1
16 96 1
16 102 1
17 20 1
17 37 1
17 38 1
17 39 1
17 41 1
17 55 1
17 58 1
17 63 1
17 68 1
17 70 1
17 71 1
17 73 1
17 75 1
17 77 1
17 81 1
17 101 1
17 106 1
17 109 1
18 26 1
18 29 1
18 32 1
18 34 1
18 35 1
18 39 1
18 46 1
18 56 1
18 59 1
18 91 1
18 100 1
18 104 1
18 105 1
18 106 1
19 30 1
19 31 1
19 38 1
19 42 1
19 44 1
19 46 1
19 48 1
19 55 1
19 57 1
19 62 1
19 65 1
19 68 1
19 71 1
19 74 1
19 80 1
19 81 1
19 82 1
19 96 1
19 98 1
19 105 1
19 107 1
20 38 1
20 55 1
20 56 1
20 57 1
20 59 1
20 72 1
20 76 1
20 78 1
20 86 1
20 87 1
20 91 1
20 93 1
20 107 1
21 38 1
21 41 1
21 43 1
21 44 1
21 48 1
21 50 1
21 51 1
21 57 1
21 72 1
21 73 1
21 75 1
21 79 1
21 80 1
22 31 1
22 36 1
22 45 1
22 47 1
22 48 1
22 54 1
22 55 1
22 58 1
22 59 1
22 82 1
22 84 1
22 99 1
22 103 1
22 104 1
23 44 1
23 55 1
23 57 1
23 69 1
23 75 1
23 86 1
23 90 1
23 101 1
23 109 1
24 26 1
24 32 1
24 36 1
24 38 1
24 52 1
24 57 1
24 73 1
24 76 1
24 94 1
24 99 1
24 100 1
24 102 1
25 32 1
25 33 1
25 35 1
25 56 1
25 57 1
25 60 1
25 67 1
25 68 1
25 73 1
25 79 1
25 84 1
25 87 1
25 89 1
25 101 1
25 106 1
26 30 1
26 40 1
26 46 1
26 47 1
26 48 1
26 53 1
26 60 1
26 64 1
26 68 1
26 71 1
26 72 1
26 77 1
26 86 1
26 91 1
26 100 1
26 104 1
27 60 1
27 64 1
27 67 1
27 73 1
27 81 1
27 95 1
27 96 1
27 107 1
28 29 1
28 30 1
28 33 1
28 39 1
28 66 1
28 103 1
28 104 1
28 108 1
29 31 1
29 48 1
29 59 1
29 61 1
29 62 1
29 64 1
29 65 1
29 66 1
29 75 1
29 80 1
29 84 1
29 87 1
29 90 1
29 92 1
29 98 1
29 107 1
30 37 1
30 42 1
30 48 1
30 56 1
30 61 1
30 62 1
30 64 1
30 65 1
30 67 1
30 68 1
30 69 1
30 70 1
30 71 1
30 73 1
30 92 1
30 94 1
30 97 1
31 32 1
31 33 1
31 40 1
31 42 1
31 48 1
31 59 1
31 63 1
31 73 1
31 79 1
31 84 1
31 85 1
31 86 1
31 90 1
31 95 1
31 99 1
32 50 1
32 51 1
32 67 1
32 78 1
32 81 1
32 83 1
32 85 1
32 87 1
32 100 1
32 103 1
32 106 1
32 109 1
33 36 1
33 41 1
33 43 1
33 48 1
33 50 1
33 56 1
33 61 1
33 65 1
33 69 1
33 82 1
33 89 1
33 92 1
33 93 1
33 98 1
33 105 1
34 38 1
34 51 1
34 52 1
34 61 1
34 63 1
34 72 1
34 73 1
34 80 1
34 82 1
34 85 1
34 93 1
34 95 1
34 108 1
35 39 1
35 44 1
35 53 1
35 57 1
35 59 1
35 61 1
35 67 1
35 75 1
35 83 1
35 96 1
35 98 1
35 108 1
36 51 1
36 54 1
36 59 1
36 63 1
36 65 1
36 66 1
36 68 1
36 74 1
36 93 1
36 100 1
36 101 1
36 103 1
36 105 1
36 106 1
36 109 1
37 42 1
37 45 1
37 50 1
37 59 1
37 60 1
37 63 1
37 75 1
37 98 1
38 52 1
38 53 1
38 64 1
38 70 1
38 73 1
38 75 1
38 84 1
38 88 1
38 101 1
38 105 1
38 107 1
39 51 1
39 71 1
39 73 1
39 78 1
39 84 1
39 90 1
39 91 1
39 92 1
39 102 1
39 103 1
39 107 1
40 46 1
40 50 1
40 54 1
40 56 1
40 65 1
40 70 1
40 82 1
40 94 1
40 95 1
40 104 1
40 107 1
41 45 1
41 46 1
41 52 1
41 56 1
41 66 1
41 70 1
41 71 1
41 74 1
41 81 1
41 86 1
41 96 1
41 99 1
41 106 1
41 108 1
42 43 1
42 55 1
42 57 1
42 60 1
42 63 1
42 70 1
42 79 1
42 89 1
42 98 1
42 103 1
42 104 1
43 49 1
43 53 1
43 71 1
43 84 1
43 85 1
43 91 1
43 96 1
43 97 1
43 98 1
43 99 1
43 106 1
44 60 1
44 62 1
44 64 1
44 65 1
44 66 1
44 73 1
44 87 1
44 94 1
44 97 1
44 104 1
45 46 1
45 49 1
45 76 1
45 77 1
45 80 1
45 82 1
45 83 1
45 89 1
45 96 1
45 105 1
45 107 1
46 48 1
46 52 1
46 60 1
46 81 1
46 88 1
46 89 1
46 99 1
46 107 1
47 56 1
47 64 1
47 70 1
47 75 1
47 85 1
47 87 1
47 88 1
47 106 1
47 109 1
48 60 1
48 63 1
48 77 1
48 78 1
48 80 1
48 81 1
48 84 1
48 88 1
48 93 1
48 98 1
48 104 1
49 50 1
49 78 1
49 82 1
49 85 1
49 89 1
49 92 1
49 108 1
49 109 1
50 74 1
50 93 1
50 100 1
51 60 1
51 78 1
51 84 1
51 88 1
51 102 1
51 105 1
51 107 1
52 55 1
52 58 1
52 59 1
52 69 1
52 83 1
52 84 1
52 89 1
52 101 1
52 103 1
53 55 1
53 65 1
53 68 1
53 69 1
53 77 1
53 81 1
53 83 1
53 101 1
53 104 1
53 109 1
54 61 1
54 70 1
54 75 1
54 81 1
54 85 1
54 94 1
54 100 1
55 57 1
55 66 1
55 72 1
55 77 1
55 85 1
55 87 1
55 93 1
55 97 1
55 102 1
56 57 1
56 58 1
56 64 1
56 67 1
56 68 1
56 88 1
56 99 1
56 102 1
57 61 1
57 63 1
57 72 1
57 75 1
57 79 1
57 88 1
57 89 1
57 102 1
58 61 1
58 66 1
58 74 1
58 87 1
58 93 1
58 98 1
58 100 1
58 102 1
58 104 1
59 67 1
59 75 1
59 78 1
59 83 1
59 93 1
59 97 1
59 98 1
59 106 1
59 108 1
59 109 1
60 68 1
60 71 1
60 72 1
60 84 1
60 85 1
60 95 1
60 104 1
61 78 1
61 82 1
61 84 1
61 87 1
61 91 1
61 92 1
61 97 1
61 100 1
61 105 1
61 107 1
62 67 1
62 72 1
62 73 1
62 84 1
62 98 1
62 103 1
63 67 1
63 73 1
63 74 1
63 79 1
63 83 1
63 87 1
63 91 1
63 93 1
63 102 1
63 104 1
64 65 1
64 70 1
64 79 1
64 80 1
64 81 1
64 88 1
64 90 1
64 96 1
65 72 1
65 74 1
65 78 1
65 79 1
65 81 1
65 82 1
65 83 1
65 84 1
65 89 1
65 107 1
66 75 1
66 83 1
66 95 1
66 104 1
66 105 1
66 107 1
66 109 1
67 70 1
67 76 1
67 78 1
67 79 1
67 82 1
67 84 1
67 94 1
67 97 1
67 98 1
67 100 1
67 102 1
67 107 1
67 109 1
68 70 1
68 74 1
68 78 1
68 88 1
68 102 1
68 104 1
69 75 1
69 77 1
69 81 1
69 88 1
69 93 1
69 95 1
69 108 1
70 76 1
70 84 1
70 101 1
70 108 1
71 78 1
71 81 1
71 85 1
71 88 1
71 92 1
71 99 1
71 104 1
72 73 1
72 76 1
72 77 1
72 83 1
72 86 1
72 93 1
72 106 1
73 80 1
73 103 1
73 105 1
74 80 1
74 90 1
74 91 1
74 93 1
74 94 1
74 96 1
74 100 1
74 102 1
75 81 1
75 83 1
75 100 1
75 108 1
75 109 1
76 77 1
76 98 1
76 105 1
77 78 1
77 82 1
77 90 1
77 92 1
77 95 1
77 101 1
77 104 1
78 86 1
78 89 1
78 98 1
78 105 1
79 80 1
79 85 1
79 104 1
79 107 1
79 109 1
80 85 1
80 101 1
80 105 1
80 106 1
81 94 1
81 95 1
81 99 1
81 106 1
82 91 1
82 93 1
82 94 1
82 96 1
82 100 1
82 104 1
82 105 1
82 108 1
83 93 1
83 95 1
83 97 1
83 100 1
83 101 1
83 105 1
84 86 1
84 89 1
84 91 1
84 93 1
84 97 1
84 99 1
84 101 1
84 109 1
85 93 1
86 88 1
86 90 1
86 92 1
86 94 1
86 104 1
86 105 1
87 90 1
87 96 1
87 100 1
87 103 1
87 105 1
88 89 1
88 98 1
88 100 1
88 103 1
89 91 1
89 102 1
89 105 1
90 98 1
90 99 1
90 108 1
91 95 1
91 98 1
91 102 1
92 106 1
92 109 1
93 96 1
93 99 1
93 104 1
93 107 1
94 95 1
94 97 1
94 98 1
94 101 1
94 104 1
94 109 1
95 99 1
95 104 1
95 105 1
95 106 1
97 99 1
97 102 1
97 105 1
99 103 1
99 105 1
99 107 1
100 103 1
100 104 1
100 108 1
101 102 1
101 107 1
102 107 1
104 105 1
104 109 1
105 106 1
1
27 37 100 74 8 17 97 93 32 6 18
