1422
0 3 1
0 7 1
0 19 1
0 29 1
0 34 1
0 36 1
0 38 1
0 40 1
0 41 1
0 81 1
0 90 1
0 93 1
0 102 1
0 105 1
0 124 1
0 126 1
0 128 1
0 140 1
0 141 1
0 147 1
1 4 1
1 9 1
1 21 1
1 33 1
1 41 1
1 49 1
1 53 1
1 59 1
1 62 1
1 65 1
1 67 1
1 71 1
1 74 1
1 85 1
1 88 1
1 90 1
1 104 1
1 109 1
1 143 1
2 3 1
2 10 1
2 16 1
2 19 1
2 24 1
2 25 1
2 26 1
2 35 1
2 44 1
2 52 1
2 60 1
2 67 1
2 68 1
2 71 1
2 73 1
2 105 1
2 111 1
2 113 1
2 117 1
2 118 1
2 120 1
2 131 1
2 135 1
2 145 1
3 13 1
3 19 1
3 46 1
3 55 1
3 60 1
3 63 1
3 68 1
3 71 1
3 89 1
3 91 1
3 98 1
3 106 1
3 108 1
3 111 1
3 112 1
3 115 1
3 122 1
3 127 1
3 129 1
3 132 1
3 134 1
3 137 1
3 138 1
4 6 1
4 13 1
4 21 1
4 27 1
4 30 1
4 35 1
4 39 1
4 77 1
4 78 1
4 100 1
4 102 1
4 107 1
4 115 1
4 118 1
4 119 1
4 121 1
4 122 1
4 131 1
4 132 1
4 141 1
4 144 1
5 6 1
5 12 1
5 14 1
5 15 1
5 18 1
5 19 1
5 20 1
5 37 1
5 40 1
5 45 1
5 50 1
5 66 1
5 70 1
5 74 1
5 77 1
5 79 1
5 91 1
5 92 1
5 98 1
5 99 1
5 118 1
5 128 1
5 129 1
5 135 1
5 136 1
5 139 1
5 142 1
6 22 1
6 29 1
6 39 1
6 42 1
6 65 1
6 69 1
6 73 1
6 92 1
6 95 1
6 98 1
6 109 1
6 123 1
6 127 1
7 10 1
7 12 1
7 17 1
7 25 1
7 26 1
7 29 1
7 44 1
7 49 1
7 52 1
7 53 1
7 54 1
7 55 1
7 56 1
7 59 1
7 70 1
7 75 1
7 76 1
7 81 1
7 83 1
7 96 1
7 107 1
7 115 1
7 121 1
7 122 1
7 124 1
7 129 1
7 139 1
7 141 1
7 145 1
8 11 1
8 47 1
8 49 1
8 57 1
8 59 1
8 65 1
8 71 1
8 78 1
8 81 1
8 91 1
8 111 1
8 114 1
8 115 1
8 121 1
8 122 1
8 125 1
8 132 1
8 135 1
8 143 1
9 18 1
9 20 1
9 30 1
9 61 1
9 62 1
9 66 1
9 67 1
9 80 1
9 85 1
9 96 1
9 102 1
9 112 1
9 124 1
9 145 1
10 19 1
10 30 1
10 33 1
10 37 1
10 39 1
10 51 1
10 61 1
10 69 1
10 89 1
10 108 1
10 112 1
10 114 1
10 120 1
10 123 1
10 134 1
10 138 1
10 142 1
10 145 1
10 146 1
11 14 1
11 19 1
11 23 1
11 36 1
11 46 1
11 47 1
11 54 1
11 63 1
11 73 1
11 80 1
11 97 1
11 109 1
11 118 1
11 125 1
11 126 1
11 133 1
11 136 1
12 15 1
12 23 1
12 27 1
12 41 1
12 42 1
12 63 1
12 65 1
12 67 1
12 73 1
12 79 1
12 85 1
12 86 1
12 87 1
12 88 1
12 96 1
12 100 1
12 113 1
12 122 1
12 140 1
12 142 1
12 146 1
13 14 1
13 29 1
13 45 1
13 49 1
13 55 1
13 59 1
13 70 1
13 77 1
13 98 1
13 103 1
13 131 1
13 141 1
13 145 1
14 17 1
14 21 1
14 33 1
14 41 1
14 57 1
14 82 1
14 95 1
14 100 1
14 104 1
14 112 1
14 127 1
14 135 1
14 137 1
14 143 1
14 147 1
14 149 1
15 26 1
15 29 1
15 32 1
15 33 1
15 35 1
15 37 1
15 49 1
15 56 1
15 71 1
15 77 1
15 81 1
15 98 1
15 117 1
15 121 1
15 123 1
15 125 1
16 17 1
16 18 1
16 31 1
16 40 1
16 46 1
16 62 1
16 96 1
16 99 1
16 106 1
16 115 1
16 117 1
16 120 1
16 127 1
16 135 1
17 18 1
17 22 1
17 33 1
17 45 1
17 47 1
17 56 1
17 63 1
17 66 1
17 79 1
17 83 1
17 93 1
17 112 1
17 126 1
17 133 1
18 26 1
18 31 1
18 71 1
18 74 1
18 80 1
18 87 1
18 90 1
18 92 1
18 96 1
18 109 1
18 111 1
18 112 1
18 127 1
18 131 1
18 134 1
18 143 1
18 144 1
18 148 1
19 21 1
19 47 1
19 50 1
19 57 1
19 64 1
19 69 1
19 72 1
19 92 1
19 95 1
19 115 1
19 119 1
19 132 1
19 137 1
19 148 1
20 38 1
20 42 1
20 47 1
20 49 1
20 59 1
20 76 1
20 90 1
20 91 1
20 98 1
20 104 1
20 123 1
20 135 1
21 28 1
21 41 1
21 49 1
21 51 1
21 84 1
21 90 1
21 98 1
21 103 1
21 106 1
21 113 1
21 122 1
21 123 1
21 142 1
21 143 1
22 38 1
22 39 1
22 44 1
22 61 1
22 70 1
22 87 1
22 89 1
22 97 1
22 98 1
22 109 1
22 119 1
22 124 1
22 128 1
22 129 1
22 134 1
22 136 1
22 140 1
23 25 1
23 46 1
23 48 1
23 57 1
23 59 1
23 68 1
23 71 1
23 81 1
23 82 1
23 97 1
23 108 1
23 111 1
23 121 1
23 122 1
23 131 1
23 138 1
23 142 1
24 30 1
24 39 1
24 70 1
24 73 1
24 83 1
24 84 1
24 93 1
24 103 1
24 110 1
24 113 1
24 115 1
24 123 1
24 128 1
25 31 1
25 35 1
25 38 1
25 53 1
25 55 1
25 70 1
25 71 1
25 77 1
25 81 1
25 83 1
25 84 1
25 91 1
25 102 1
25 104 1
25 106 1
25 122 1
25 124 1
25 127 1
25 135 1
25 138 1
25 143 1
25 145 1
26 31 1
26 33 1
26 43 1
26 53 1
26 68 1
26 77 1
26 81 1
26 87 1
26 99 1
26 107 1
26 121 1
26 128 1
26 142 1
26 144 1
26 147 1
27 28 1
27 41 1
27 51 1
27 54 1
27 57 1
27 58 1
27 63 1
27 85 1
27 90 1
27 91 1
27 94 1
27 95 1
27 96 1
27 102 1
27 111 1
27 117 1
27 119 1
27 130 1
27 131 1
27 143 1
28 45 1
28 52 1
28 57 1
28 58 1
28 66 1
28 79 1
28 83 1
28 86 1
28 102 1
28 111 1
28 119 1
28 121 1
28 130 1
28 133 1
28 138 1
28 142 1
28 145 1
29 43 1
29 46 1
29 54 1
29 56 1
29 72 1
29 76 1
29 84 1
29 93 1
29 102 1
29 106 1
29 108 1
29 113 1
29 123 1
29 128 1
29 135 1
30 31 1
30 43 1
30 45 1
30 47 1
30 48 1
30 51 1
30 60 1
30 94 1
30 96 1
30 99 1
30 106 1
30 108 1
30 112 1
30 120 1
30 121 1
30 123 1
30 129 1
30 136 1
31 44 1
31 47 1
31 52 1
31 54 1
31 55 1
31 82 1
31 99 1
31 103 1
31 107 1
31 121 1
31 123 1
31 131 1
31 134 1
32 33 1
32 50 1
32 51 1
32 53 1
32 54 1
32 64 1
32 73 1
32 76 1
32 85 1
32 87 1
32 88 1
32 96 1
32 101 1
32 106 1
32 108 1
32 121 1
32 124 1
32 125 1
32 131 1
32 132 1
32 135 1
32 144 1
33 36 1
33 37 1
33 38 1
33 49 1
33 56 1
33 74 1
33 86 1
33 90 1
33 95 1
33 104 1
33 114 1
33 119 1
33 126 1
33 131 1
33 136 1
33 137 1
33 145 1
34 38 1
34 39 1
34 41 1
34 42 1
34 45 1
34 49 1
34 51 1
34 53 1
34 59 1
34 63 1
34 69 1
34 70 1
34 88 1
34 102 1
34 116 1
34 128 1
34 131 1
34 136 1
34 143 1
34 149 1
35 41 1
35 43 1
35 64 1
35 72 1
35 85 1
35 87 1
35 88 1
35 89 1
35 93 1
35 103 1
35 104 1
35 111 1
35 113 1
35 115 1
35 116 1
35 117 1
35 119 1
35 127 1
35 132 1
35 146 1
36 45 1
36 49 1
36 53 1
36 68 1
36 69 1
36 70 1
36 76 1
36 90 1
36 95 1
36 98 1
36 104 1
36 109 1
36 120 1
37 61 1
37 62 1
37 64 1
37 82 1
37 86 1
37 91 1
37 97 1
37 100 1
37 103 1
37 116 1
37 122 1
37 138 1
38 51 1
38 56 1
38 92 1
38 95 1
38 100 1
38 105 1
38 114 1
38 118 1
39 58 1
39 66 1
39 74 1
39 75 1
39 78 1
39 80 1
39 88 1
39 92 1
39 97 1
39 101 1
39 105 1
39 106 1
39 108 1
39 111 1
39 112 1
39 116 1
39 124 1
39 131 1
39 136 1
39 138 1
39 143 1
39 149 1
40 48 1
40 49 1
40 67 1
40 69 1
40 77 1
40 86 1
40 95 1
40 119 1
40 125 1
40 136 1
40 144 1
40 148 1
41 44 1
41 49 1
41 53 1
41 58 1
41 68 1
41 82 1
41 88 1
41 105 1
41 126 1
41 134 1
41 136 1
41 137 1
41 138 1
42 53 1
42 58 1
42 60 1
42 67 1
42 77 1
42 92 1
42 109 1
42 116 1
42 117 1
42 119 1
42 131 1
42 134 1
42 136 1
42 142 1
43 49 1
43 54 1
43 60 1
43 67 1
43 74 1
43 76 1
43 80 1
43 81 1
43 86 1
43 95 1
43 96 1
43 97 1
43 98 1
43 100 1
43 125 1
43 134 1
43 135 1
43 138 1
43 141 1
43 147 1
44 46 1
44 48 1
44 53 1
44 54 1
44 61 1
44 66 1
44 76 1
44 83 1
44 84 1
44 91 1
44 97 1
44 101 1
44 103 1
44 109 1
44 115 1
44 126 1
44 128 1
44 130 1
44 134 1
44 136 1
44 137 1
44 142 1
44 144 1
45 52 1
45 55 1
45 57 1
45 58 1
45 61 1
45 77 1
45 78 1
45 81 1
45 88 1
45 106 1
45 116 1
45 129 1
45 131 1
45 134 1
46 49 1
46 61 1
46 62 1
46 64 1
46 73 1
46 78 1
46 84 1
46 87 1
46 100 1
46 104 1
46 114 1
46 135 1
46 149 1
47 62 1
47 70 1
47 77 1
47 84 1
47 85 1
47 86 1
47 88 1
47 89 1
47 94 1
47 108 1
47 113 1
47 122 1
47 125 1
47 126 1
47 133 1
48 63 1
48 69 1
48 74 1
48 77 1
48 79 1
48 94 1
48 99 1
48 109 1
48 112 1
48 119 1
48 121 1
48 143 1
49 54 1
49 59 1
49 75 1
49 101 1
49 108 1
49 113 1
49 119 1
49 120 1
50 56 1
50 61 1
50 66 1
50 72 1
50 75 1
50 83 1
50 90 1
50 103 1
50 109 1
50 114 1
50 142 1
51 53 1
51 58 1
51 67 1
51 74 1
51 78 1
51 127 1
51 128 1
51 136 1
51 138 1
51 140 1
52 54 1
52 80 1
52 90 1
52 92 1
52 95 1
52 110 1
52 113 1
52 115 1
52 129 1
53 56 1
53 74 1
53 83 1
53 89 1
53 91 1
53 98 1
53 112 1
53 113 1
53 129 1
53 147 1
53 149 1
54 72 1
54 77 1
54 83 1
54 86 1
54 94 1
54 95 1
54 99 1
54 100 1
54 105 1
54 114 1
54 119 1
54 128 1
54 132 1
54 133 1
54 138 1
55 62 1
55 73 1
55 88 1
55 96 1
55 97 1
55 122 1
55 131 1
55 134 1
55 135 1
55 146 1
56 66 1
56 68 1
56 82 1
56 106 1
56 111 1
56 119 1
56 121 1
56 141 1
56 145 1
57 75 1
57 86 1
57 90 1
57 96 1
57 114 1
57 115 1
57 122 1
57 141 1
57 148 1
58 60 1
58 70 1
58 81 1
58 105 1
58 111 1
58 115 1
58 118 1
58 121 1
58 126 1
58 136 1
59 66 1
59 70 1
59 75 1
59 78 1
59 79 1
59 84 1
59 90 1
59 96 1
59 101 1
59 104 1
59 123 1
59 126 1
59 127 1
59 135 1
59 139 1
59 142 1
59 149 1
60 67 1
60 84 1
60 95 1
60 105 1
60 114 1
60 123 1
60 125 1
60 141 1
60 145 1
60 149 1
61 66 1
61 71 1
61 72 1
61 97 1
61 98 1
61 117 1
61 121 1
61 133 1
62 65 1
62 66 1
62 67 1
62 74 1
62 79 1
62 85 1
62 92 1
62 98 1
62 103 1
62 118 1
62 136 1
62 138 1
62 139 1
62 140 1
62 142 1
63 70 1
63 71 1
63 97 1
63 103 1
63 107 1
63 109 1
63 115 1
63 120 1
63 124 1
63 129 1
63 138 1
64 76 1
64 82 1
64 92 1
64 95 1
64 103 1
64 126 1
64 129 1
65 81 1
65 84 1
65 87 1
65 88 1
65 92 1
65 97 1
65 100 1
65 108 1
65 113 1
65 135 1
65 139 1
65 143 1
66 71 1
66 75 1
66 82 1
66 114 1
66 118 1
66 132 1
66 134 1
66 136 1
66 137 1
66 140 1
66 148 1
67 70 1
67 80 1
67 89 1
67 123 1
67 134 1
67 141 1
68 73 1
68 78 1
68 82 1
68 86 1
68 88 1
68 94 1
68 112 1
68 123 1
68 141 1
68 146 1
68 147 1
69 82 1
69 84 1
69 89 1
69 114 1
69 117 1
69 144 1
69 145 1
70 71 1
70 73 1
70 79 1
70 95 1
70 99 1
70 109 1
70 112 1
70 118 1
70 125 1
70 141 1
71 77 1
71 84 1
71 89 1
71 110 1
71 121 1
71 125 1
71 131 1
71 134 1
71 142 1
72 105 1
72 111 1
72 119 1
72 123 1
72 141 1
72 144 1
73 82 1
73 85 1
73 86 1
73 95 1
73 99 1
73 109 1
73 125 1
73 130 1
73 132 1
74 84 1
74 85 1
74 96 1
74 104 1
74 110 1
74 113 1
74 120 1
74 121 1
74 129 1
74 142 1
74 143 1
74 144 1
74 149 1
75 103 1
75 104 1
75 111 1
75 114 1
75 116 1
75 119 1
75 125 1
75 129 1
75 138 1
75 143 1
76 84 1
76 93 1
76 95 1
76 96 1
76 98 1
76 101 1
76 105 1
76 107 1
76 109 1
76 120 1
77 85 1
77 100 1
77 113 1
77 130 1
77 134 1
77 135 1
77 137 1
77 143 1
77 149 1
78 80 1
78 86 1
78 93 1
78 107 1
78 110 1
78 149 1
79 85 1
79 86 1
79 94 1
79 111 1
79 116 1
79 120 1
79 124 1
79 125 1
79 130 1
79 136 1
79 144 1
80 82 1
80 85 1
80 127 1
80 133 1
81 82 1
81 93 1
81 104 1
81 140 1
81 141 1
82 94 1
82 112 1
82 114 1
82 143 1
83 90 1
83 94 1
83 99 1
83 108 1
83 111 1
83 115 1
83 116 1
83 117 1
83 123 1
83 126 1
83 131 1
83 132 1
83 134 1
83 148 1
83 149 1
84 93 1
84 98 1
84 100 1
84 106 1
84 110 1
84 114 1
84 117 1
84 129 1
84 134 1
84 139 1
84 140 1
85 108 1
85 112 1
85 118 1
85 121 1
85 125 1
85 135 1
85 137 1
86 87 1
86 102 1
86 105 1
86 137 1
87 88 1
87 96 1
87 105 1
87 107 1
87 113 1
87 115 1
87 120 1
87 122 1
87 139 1
87 145 1
88 90 1
88 98 1
88 101 1
88 108 1
88 118 1
88 121 1
88 126 1
88 129 1
88 130 1
88 133 1
88 138 1
88 142 1
88 143 1
89 98 1
89 105 1
89 127 1
89 141 1
89 148 1
90 95 1
90 113 1
90 115 1
90 116 1
90 122 1
90 131 1
90 135 1
90 140 1
90 141 1
91 95 1
91 101 1
91 108 1
91 109 1
91 112 1
91 116 1
91 119 1
91 134 1
91 135 1
91 146 1
92 93 1
92 129 1
92 131 1
93 126 1
93 128 1
93 135 1
93 142 1
93 144 1
93 145 1
93 147 1
94 95 1
94 110 1
94 117 1
94 119 1
94 124 1
94 127 1
95 148 1
96 98 1
96 106 1
96 108 1
96 109 1
96 119 1
96 136 1
96 148 1
97 105 1
97 106 1
97 109 1
97 142 1
98 104 1
98 106 1
98 111 1
98 113 1
98 121 1
98 123 1
98 131 1
98 132 1
98 135 1
98 136 1
98 137 1
98 138 1
98 139 1
98 144 1
98 146 1
99 100 1
99 126 1
99 127 1
99 130 1
99 143 1
99 146 1
100 106 1
100 109 1
100 117 1
100 127 1
100 128 1
100 149 1
101 106 1
101 112 1
101 116 1
101 119 1
101 120 1
101 130 1
101 131 1
101 148 1
102 121 1
102 133 1
103 115 1
103 130 1
103 137 1
103 141 1
103 148 1
104 116 1
104 118 1
104 124 1
104 128 1
104 131 1
104 142 1
105 109 1
105 113 1
105 118 1
105 136 1
105 140 1
106 119 1
106 131 1
106 134 1
106 135 1
106 149 1
107 119 1
107 120 1
107 126 1
107 133 1
107 138 1
107 147 1
107 149 1
108 109 1
108 110 1
108 113 1
108 122 1
108 126 1
108 141 1
109 113 1
109 114 1
109 122 1
109 126 1
109 142 1
109 146 1
109 147 1
110 131 1
110 134 1
110 135 1
110 143 1
111 116 1
111 120 1
111 122 1
111 134 1
111 144 1
112 139 1
112 141 1
113 119 1
114 118 1
114 128 1
114 141 1
115 145 1
116 119 1
116 128 1
116 130 1
116 147 1
116 148 1
117 121 1
117 127 1
117 131 1
117 138 1
117 143 1
118 135 1
118 136 1
118 140 1
118 147 1
118 148 1
119 128 1
119 142 1
120 144 1
121 135 1
121 140 1
121 143 1
122 127 1
122 141 1
122 147 1
123 127 1
123 134 1
123 147 1
124 143 1
125 128 1
125 133 1
125 143 1
126 131 1
126 149 1
127 139 1
127 144 1
127 146 1
128 141 1
128 142 1
129 135 1
129 145 1
129 149 1
131 135 1
132 134 1
132 144 1
132 146 1
132 147 1
132 149 1
134 136 1
134 138 1
135 137 1
136 144 1
136 149 1
138 142 1
138 145 1
142 144 1
143 144 1
143 146 1
143 147 1
145 147 1
1
45 41 111 133 65 146 115 44 42 110 17 99 12 32 61
