281
0 1 1
0 3 1
0 4 1
0 5 1
0 10 1
0 11 1
0 13 1
0 16 1
0 19 1
0 21 1
0 22 1
0 23 1
0 24 1
0 25 1
0 30 1
1 2 1
1 7 1
1 9 1
1 14 1
1 16 1
1 17 1
1 18 1
1 21 1
1 31 1
1 33 1
1 38 1
1 39 1
2 5 1
2 6 1
2 11 1
2 12 1
2 13 1
2 17 1
2 19 1
2 21 1
2 25 1
2 26 1
2 27 1
2 28 1
2 30 1
2 34 1
2 35 1
2 39 1
3 5 1
3 9 1
3 16 1
3 17 1
3 18 1
3 19 1
3 20 1
3 23 1
3 27 1
3 29 1
3 30 1
4 5 1
4 11 1
4 12 1
4 13 1
4 16 1
4 17 1
4 21 1
4 24 1
4 30 1
4 32 1
4 34 1
4 35 1
4 39 1
5 7 1
5 9 1
5 12 1
5 13 1
5 19 1
5 20 1
5 21 1
5 24 1
5 25 1
5 27 1
5 28 1
5 30 1
5 32 1
5 35 1
5 38 1
5 39 1
6 9 1
6 10 1
6 11 1
6 17 1
6 19 1
6 26 1
6 27 1
6 29 1
6 31 1
6 37 1
7 8 1
7 10 1
7 11 1
7 15 1
7 18 1
7 19 1
7 22 1
7 23 1
7 28 1
7 29 1
7 30 1
7 35 1
7 36 1
7 38 1
7 39 1
8 12 1
8 13 1
8 22 1
8 25 1
8 26 1
8 28 1
8 30 1
8 32 1
8 36 1
8 37 1
8 38 1
9 12 1
9 16 1
9 17 1
9 18 1
9 32 1
9 35 1
9 36 1
9 37 1
9 39 1
10 11 1
10 13 1
10 18 1
10 20 1
10 23 1
10 24 1
10 29 1
10 30 1
10 31 1
10 34 1
11 13 1
11 17 1
11 19 1
11 22 1
11 33 1
11 34 1
11 35 1
11 37 1
11 38 1
12 15 1
12 19 1
12 26 1
12 31 1
12 34 1
12 36 1
12 37 1
12 39 1
13 19 1
13 30 1
13 33 1
13 37 1
13 38 1
13 39 1
14 16 1
14 17 1
14 23 1
14 24 1
14 25 1
14 27 1
14 28 1
14 33 1
14 37 1
14 39 1
15 17 1
15 20 1
15 24 1
15 25 1
15 27 1
15 31 1
15 39 1
16 18 1
16 19 1
16 20 1
16 24 1
16 26 1
16 33 1
16 35 1
16 38 1
16 39 1
17 20 1
17 21 1
17 25 1
17 26 1
17 30 1
17 31 1
17 33 1
17 34 1
17 37 1
18 19 1
18 23 1
18 25 1
18 26 1
18 29 1
18 30 1
18 32 1
18 33 1
18 34 1
18 35 1
18 37 1
19 22 1
19 23 1
19 28 1
19 29 1
19 39 1
20 21 1
20 22 1
20 25 1
20 28 1
20 30 1
20 33 1
20 36 1
20 37 1
20 38 1
20 39 1
21 23 1
21 25 1
21 28 1
21 31 1
21 33 1
21 34 1
21 35 1
21 37 1
22 25 1
22 28 1
22 30 1
22 32 1
22 33 1
22 36 1
22 38 1
23 24 1
23 26 1
23 29 1
23 34 1
23 35 1
23 36 1
24 29 1
24 31 1
24 34 1
24 36 1
25 27 1
25 28 1
25 30 1
25 31 1
25 33 1
25 39 1
26 33 1
26 34 1
26 36 1
26 37 1
26 39 1
27 30 1
27 38 1
27 39 1
28 31 1
28 35 1
28 37 1
29 30 1
29 34 1
29 36 1
29 37 1
30 32 1
30 34 1
30 36 1
30 38 1
31 33 1
32 36 1
32 37 1
32 38 1
33 37 1
34 35 1
36 37 1
37 38 1
38 39 1
1
36 33 17 38
