1683
0 6 1
0 18 1
0 22 1
0 36 1
0 46 1
0 48 1
0 54 1
0 69 1
0 78 1
0 81 1
0 87 1
0 98 1
0 108 1
0 111 1
0 113 1
0 133 1
0 145 1
1 2 1
1 10 1
1 12 1
1 15 1
1 17 1
1 20 1
1 21 1
1 36 1
1 43 1
1 49 1
1 61 1
1 93 1
1 95 1
1 97 1
1 104 1
1 112 1
1 120 1
1 145 1
1 154 1
1 164 1
2 29 1
2 31 1
2 42 1
2 52 1
2 55 1
2 58 1
2 59 1
2 75 1
2 78 1
2 86 1
2 87 1
2 96 1
2 113 1
2 129 1
2 131 1
2 147 1
2 151 1
2 154 1
2 155 1
2 165 1
3 7 1
3 21 1
3 30 1
3 41 1
3 52 1
3 61 1
3 65 1
3 71 1
3 95 1
3 103 1
3 110 1
3 111 1
3 141 1
3 145 1
3 152 1
3 160 1
3 168 1
4 8 1
4 14 1
4 23 1
4 30 1
4 35 1
4 36 1
4 37 1
4 40 1
4 65 1
4 84 1
4 92 1
4 97 1
4 104 1
4 111 1
4 115 1
4 118 1
4 129 1
4 133 1
4 152 1
4 156 1
4 166 1
4 167 1
5 10 1
5 70 1
5 83 1
5 92 1
5 96 1
5 113 1
5 114 1
5 116 1
5 119 1
5 121 1
5 123 1
5 124 1
5 129 1
5 130 1
5 136 1
5 147 1
5 154 1
5 156 1
5 160 1
5 161 1
5 167 1
6 7 1
6 12 1
6 14 1
6 20 1
6 37 1
6 41 1
6 50 1
6 52 1
6 57 1
6 59 1
6 60 1
6 67 1
6 70 1
6 95 1
6 105 1
6 128 1
6 137 1
6 156 1
6 159 1
6 162 1
7 10 1
7 12 1
7 36 1
7 56 1
7 57 1
7 61 1
7 62 1
7 103 1
7 121 1
7 127 1
7 129 1
7 130 1
7 136 1
7 143 1
7 151 1
7 156 1
7 162 1
8 12 1
8 19 1
8 32 1
8 34 1
8 38 1
8 57 1
8 70 1
8 75 1
8 94 1
8 98 1
8 104 1
8 122 1
8 123 1
8 124 1
8 125 1
8 137 1
8 157 1
8 158 1
8 160 1
8 167 1
9 14 1
9 29 1
9 32 1
9 49 1
9 51 1
9 68 1
9 73 1
9 89 1
9 91 1
9 101 1
9 111 1
9 120 1
9 122 1
9 135 1
9 145 1
9 152 1
9 157 1
9 160 1
9 161 1
9 169 1
10 14 1
10 36 1
10 56 1
10 64 1
10 65 1
10 88 1
10 97 1
10 102 1
10 103 1
10 104 1
10 105 1
10 124 1
10 132 1
10 136 1
10 156 1
10 158 1
10 165 1
11 30 1
11 43 1
11 53 1
11 60 1
11 62 1
11 67 1
11 71 1
11 79 1
11 85 1
11 87 1
11 88 1
11 91 1
11 93 1
11 96 1
11 102 1
11 103 1
11 117 1
11 123 1
11 146 1
11 155 1
12 25 1
12 33 1
12 39 1
12 69 1
12 79 1
12 81 1
12 84 1
12 90 1
12 101 1
12 102 1
12 128 1
12 146 1
12 150 1
12 156 1
12 164 1
13 14 1
13 18 1
13 56 1
13 58 1
13 70 1
13 72 1
13 83 1
13 92 1
13 101 1
13 113 1
13 117 1
13 126 1
13 127 1
13 130 1
13 161 1
14 29 1
14 32 1
14 33 1
14 49 1
14 56 1
14 58 1
14 65 1
14 79 1
14 83 1
14 86 1
14 89 1
14 101 1
14 115 1
14 127 1
14 146 1
14 150 1
14 163 1
15 22 1
15 27 1
15 36 1
15 48 1
15 50 1
15 60 1
15 72 1
15 74 1
15 87 1
15 99 1
15 120 1
15 127 1
15 128 1
15 134 1
15 161 1
15 163 1
15 164 1
15 167 1
16 27 1
16 36 1
16 43 1
16 44 1
16 48 1
16 56 1
16 68 1
16 71 1
16 84 1
16 95 1
16 100 1
16 103 1
16 109 1
16 138 1
16 152 1
17 18 1
17 36 1
17 57 1
17 63 1
17 69 1
17 74 1
17 94 1
17 136 1
17 165 1
17 169 1
18 26 1
18 32 1
18 33 1
18 43 1
18 51 1
18 78 1
18 87 1
18 94 1
18 121 1
18 123 1
18 125 1
18 129 1
18 134 1
18 139 1
18 146 1
18 147 1
19 23 1
19 41 1
19 63 1
19 64 1
19 78 1
19 82 1
19 89 1
19 91 1
19 99 1
19 106 1
19 113 1
19 120 1
19 140 1
19 150 1
19 153 1
19 155 1
20 30 1
20 36 1
20 38 1
20 42 1
20 52 1
20 69 1
20 77 1
20 86 1
20 93 1
20 99 1
20 117 1
20 119 1
20 121 1
20 129 1
20 139 1
20 158 1
20 163 1
21 24 1
21 32 1
21 38 1
21 47 1
21 55 1
21 56 1
21 62 1
21 72 1
21 77 1
21 79 1
21 80 1
21 121 1
21 122 1
21 126 1
21 148 1
21 154 1
21 160 1
22 23 1
22 29 1
22 31 1
22 36 1
22 40 1
22 50 1
22 54 1
22 57 1
22 59 1
22 61 1
22 80 1
22 100 1
22 114 1
22 118 1
22 120 1
22 124 1
22 131 1
22 135 1
22 137 1
22 141 1
22 147 1
22 149 1
22 150 1
22 153 1
22 154 1
22 158 1
22 163 1
23 24 1
23 26 1
23 30 1
23 32 1
23 37 1
23 41 1
23 51 1
23 61 1
23 70 1
23 80 1
23 82 1
23 83 1
23 97 1
23 104 1
23 105 1
23 108 1
23 114 1
23 116 1
23 120 1
23 122 1
23 127 1
23 131 1
24 31 1
24 35 1
24 40 1
24 54 1
24 58 1
24 95 1
24 98 1
24 104 1
24 106 1
24 111 1
24 132 1
24 135 1
24 148 1
24 160 1
24 169 1
25 29 1
25 30 1
25 40 1
25 42 1
25 48 1
25 52 1
25 53 1
25 55 1
25 70 1
25 73 1
25 74 1
25 77 1
25 82 1
25 92 1
25 100 1
25 114 1
25 120 1
25 128 1
25 129 1
25 130 1
25 136 1
25 139 1
25 148 1
26 31 1
26 34 1
26 42 1
26 45 1
26 71 1
26 77 1
26 80 1
26 82 1
26 95 1
26 97 1
26 105 1
26 108 1
26 111 1
26 114 1
26 124 1
26 142 1
26 155 1
26 166 1
27 31 1
27 34 1
27 36 1
27 43 1
27 56 1
27 59 1
27 73 1
27 79 1
27 94 1
27 97 1
27 99 1
27 110 1
27 129 1
27 131 1
27 139 1
27 142 1
27 143 1
27 155 1
28 30 1
28 33 1
28 39 1
28 45 1
28 58 1
28 63 1
28 75 1
28 86 1
28 96 1
28 116 1
28 119 1
28 135 1
28 159 1
28 168 1
29 42 1
29 47 1
29 54 1
29 63 1
29 73 1
29 76 1
29 83 1
29 95 1
29 99 1
29 106 1
29 112 1
29 113 1
29 119 1
29 120 1
29 134 1
29 141 1
29 145 1
29 149 1
30 41 1
30 53 1
30 71 1
30 84 1
30 89 1
30 101 1
30 112 1
30 121 1
30 127 1
30 138 1
30 147 1
30 151 1
30 154 1
30 158 1
30 166 1
31 36 1
31 37 1
31 43 1
31 48 1
31 58 1
31 81 1
31 94 1
31 104 1
31 107 1
31 121 1
31 127 1
31 128 1
31 133 1
31 141 1
31 144 1
31 148 1
31 165 1
32 39 1
32 49 1
32 55 1
32 64 1
32 73 1
32 77 1
32 82 1
32 91 1
32 95 1
32 98 1
32 116 1
32 131 1
32 137 1
32 145 1
32 156 1
32 158 1
32 162 1
33 40 1
33 48 1
33 81 1
33 89 1
33 106 1
33 115 1
33 118 1
33 120 1
33 129 1
33 133 1
33 141 1
33 155 1
33 163 1
33 169 1
34 36 1
34 38 1
34 41 1
34 63 1
34 66 1
34 73 1
34 99 1
34 101 1
34 102 1
34 105 1
34 115 1
34 126 1
34 135 1
34 140 1
34 141 1
34 143 1
34 145 1
34 164 1
35 42 1
35 65 1
35 66 1
35 68 1
35 77 1
35 78 1
35 84 1
35 95 1
35 98 1
35 104 1
35 112 1
35 123 1
35 127 1
35 129 1
35 130 1
35 136 1
35 140 1
35 149 1
35 156 1
35 163 1
36 37 1
36 38 1
36 41 1
36 53 1
36 57 1
36 68 1
36 79 1
36 83 1
36 105 1
36 116 1
36 118 1
36 131 1
36 167 1
37 38 1
37 47 1
37 48 1
37 50 1
37 60 1
37 67 1
37 68 1
37 76 1
37 77 1
37 103 1
37 106 1
37 107 1
37 110 1
37 135 1
37 136 1
37 146 1
37 150 1
37 159 1
38 42 1
38 61 1
38 70 1
38 74 1
38 75 1
38 79 1
38 96 1
38 102 1
38 104 1
38 128 1
38 158 1
39 54 1
39 56 1
39 71 1
39 81 1
39 82 1
39 94 1
39 96 1
39 99 1
39 107 1
39 108 1
39 111 1
39 125 1
39 154 1
39 169 1
40 41 1
40 42 1
40 66 1
40 67 1
40 70 1
40 115 1
40 124 1
40 157 1
40 163 1
41 45 1
41 47 1
41 54 1
41 55 1
41 57 1
41 66 1
41 83 1
41 84 1
41 91 1
41 93 1
41 108 1
41 114 1
41 115 1
41 124 1
41 126 1
41 138 1
41 144 1
41 148 1
41 167 1
42 44 1
42 48 1
42 62 1
42 64 1
42 73 1
42 75 1
42 95 1
42 106 1
42 109 1
42 127 1
42 132 1
42 135 1
42 148 1
42 155 1
43 57 1
43 71 1
43 75 1
43 81 1
43 91 1
43 95 1
43 102 1
43 117 1
43 129 1
43 132 1
43 139 1
43 140 1
43 141 1
43 146 1
43 153 1
43 162 1
43 167 1
44 46 1
44 66 1
44 72 1
44 81 1
44 87 1
44 95 1
44 101 1
44 104 1
44 108 1
44 111 1
44 115 1
44 135 1
44 151 1
44 152 1
44 163 1
45 54 1
45 66 1
45 82 1
45 90 1
45 96 1
45 99 1
45 104 1
45 109 1
45 110 1
45 123 1
45 131 1
45 134 1
45 135 1
45 160 1
45 166 1
46 60 1
46 65 1
46 84 1
46 86 1
46 113 1
46 121 1
46 132 1
46 149 1
46 150 1
46 157 1
46 161 1
46 169 1
47 49 1
47 54 1
47 57 1
47 71 1
47 74 1
47 85 1
47 100 1
47 101 1
47 109 1
47 128 1
47 130 1
47 133 1
47 147 1
47 150 1
48 51 1
48 56 1
48 61 1
48 65 1
48 70 1
48 79 1
48 85 1
48 86 1
48 89 1
48 96 1
48 97 1
48 99 1
48 110 1
48 120 1
48 126 1
49 62 1
49 75 1
49 83 1
49 90 1
49 96 1
49 101 1
49 126 1
49 130 1
49 132 1
50 64 1
50 75 1
50 94 1
50 110 1
50 126 1
50 130 1
50 142 1
50 144 1
50 147 1
50 155 1
50 156 1
51 63 1
51 72 1
51 83 1
51 84 1
51 85 1
51 97 1
51 122 1
51 128 1
51 143 1
51 145 1
51 154 1
51 155 1
51 158 1
52 61 1
52 62 1
52 68 1
52 69 1
52 78 1
52 84 1
52 100 1
52 106 1
52 107 1
52 123 1
52 125 1
52 136 1
52 147 1
52 159 1
52 161 1
52 166 1
53 56 1
53 74 1
53 82 1
53 101 1
53 107 1
53 117 1
53 118 1
53 127 1
53 130 1
53 143 1
53 155 1
53 159 1
53 167 1
54 59 1
54 86 1
54 87 1
54 92 1
54 96 1
54 104 1
54 107 1
54 114 1
54 119 1
54 128 1
54 130 1
54 138 1
54 144 1
54 152 1
54 154 1
54 156 1
54 165 1
54 166 1
54 167 1
54 168 1
55 58 1
55 63 1
55 67 1
55 70 1
55 75 1
55 76 1
55 78 1
55 84 1
55 112 1
55 129 1
55 132 1
55 146 1
55 152 1
55 166 1
56 60 1
56 63 1
56 70 1
56 78 1
56 80 1
56 93 1
56 98 1
56 102 1
56 103 1
56 114 1
56 121 1
56 127 1
56 134 1
56 143 1
56 148 1
56 150 1
56 161 1
57 61 1
57 65 1
57 75 1
57 114 1
57 126 1
57 136 1
57 151 1
57 154 1
57 163 1
58 69 1
58 71 1
58 72 1
58 85 1
58 87 1
58 91 1
58 95 1
58 120 1
58 121 1
58 128 1
58 129 1
58 133 1
58 134 1
58 144 1
58 148 1
59 82 1
59 92 1
59 95 1
59 104 1
59 112 1
59 123 1
59 129 1
59 151 1
59 156 1
59 160 1
59 163 1
59 167 1
60 65 1
60 69 1
60 82 1
60 109 1
60 120 1
60 133 1
60 137 1
60 145 1
60 154 1
60 168 1
61 77 1
61 83 1
61 100 1
61 115 1
61 116 1
61 118 1
61 121 1
61 128 1
61 130 1
61 149 1
62 79 1
62 81 1
62 86 1
62 88 1
62 94 1
62 104 1
62 110 1
62 127 1
62 138 1
62 140 1
62 151 1
62 156 1
62 163 1
62 167 1
63 90 1
63 91 1
63 92 1
63 95 1
63 102 1
63 115 1
63 119 1
63 123 1
63 134 1
63 146 1
63 150 1
64 69 1
64 97 1
64 118 1
64 130 1
64 143 1
64 160 1
64 162 1
64 165 1
64 167 1
64 168 1
65 74 1
65 76 1
65 81 1
65 85 1
65 100 1
65 106 1
65 116 1
65 127 1
65 131 1
65 156 1
65 161 1
66 75 1
66 88 1
66 98 1
66 100 1
66 101 1
66 102 1
66 110 1
66 134 1
66 139 1
66 148 1
66 152 1
66 153 1
66 155 1
66 167 1
67 75 1
67 94 1
67 117 1
67 141 1
67 143 1
67 144 1
67 146 1
67 149 1
67 156 1
67 157 1
68 86 1
68 91 1
68 99 1
68 108 1
68 112 1
68 113 1
68 121 1
68 122 1
68 131 1
68 134 1
68 136 1
68 144 1
68 149 1
69 77 1
69 84 1
69 86 1
69 90 1
69 91 1
69 102 1
69 109 1
69 138 1
69 143 1
69 144 1
69 166 1
70 82 1
70 90 1
70 113 1
70 115 1
70 121 1
70 139 1
70 145 1
70 163 1
71 92 1
71 111 1
71 119 1
71 122 1
71 131 1
71 132 1
71 152 1
71 156 1
71 164 1
72 85 1
72 99 1
72 107 1
72 115 1
72 119 1
72 126 1
72 143 1
72 148 1
72 159 1
72 163 1
73 75 1
73 76 1
73 78 1
73 79 1
73 107 1
73 115 1
73 117 1
73 122 1
73 127 1
73 132 1
73 145 1
73 147 1
73 161 1
74 85 1
74 87 1
74 88 1
74 118 1
74 119 1
74 127 1
74 138 1
74 142 1
75 82 1
75 92 1
75 93 1
75 95 1
75 104 1
75 111 1
75 116 1
75 121 1
75 130 1
75 164 1
75 167 1
75 169 1
76 80 1
76 92 1
76 98 1
76 106 1
76 108 1
76 111 1
76 129 1
76 133 1
76 135 1
76 136 1
76 138 1
76 150 1
76 154 1
76 160 1
76 162 1
77 80 1
77 82 1
77 94 1
77 99 1
77 106 1
77 112 1
77 114 1
77 121 1
77 138 1
77 141 1
77 144 1
77 165 1
77 169 1
78 79 1
78 85 1
78 90 1
78 92 1
78 94 1
78 105 1
78 106 1
78 108 1
78 113 1
78 116 1
78 127 1
78 129 1
78 131 1
78 133 1
78 137 1
78 141 1
78 156 1
78 164 1
79 81 1
79 107 1
79 115 1
79 118 1
79 130 1
79 132 1
79 134 1
79 136 1
79 137 1
79 140 1
79 152 1
79 154 1
79 156 1
79 161 1
79 163 1
80 85 1
80 89 1
80 111 1
80 113 1
80 121 1
80 125 1
80 131 1
80 142 1
80 150 1
81 88 1
81 94 1
81 109 1
81 115 1
81 135 1
81 137 1
81 146 1
81 151 1
81 162 1
81 166 1
81 167 1
81 169 1
82 86 1
82 91 1
82 93 1
82 99 1
82 101 1
82 107 1
82 117 1
82 133 1
82 139 1
82 153 1
82 159 1
83 88 1
83 100 1
83 119 1
83 120 1
83 129 1
83 138 1
84 104 1
84 119 1
84 129 1
84 130 1
84 135 1
84 153 1
84 154 1
84 156 1
84 165 1
84 168 1
85 88 1
85 104 1
85 109 1
85 113 1
85 114 1
85 115 1
85 116 1
85 117 1
85 127 1
85 151 1
85 155 1
85 162 1
86 93 1
86 96 1
86 97 1
86 100 1
86 109 1
86 114 1
86 117 1
86 123 1
86 127 1
86 128 1
86 139 1
86 146 1
86 156 1
87 94 1
87 105 1
87 118 1
87 121 1
87 131 1
87 138 1
87 142 1
87 143 1
87 147 1
87 151 1
88 108 1
88 113 1
88 116 1
88 144 1
88 145 1
88 166 1
89 92 1
89 98 1
89 104 1
89 117 1
89 127 1
89 129 1
89 132 1
89 142 1
89 150 1
89 152 1
89 158 1
89 163 1
89 169 1
90 95 1
90 106 1
90 112 1
90 113 1
90 121 1
90 134 1
90 137 1
90 139 1
90 146 1
90 153 1
90 169 1
91 112 1
91 131 1
91 132 1
91 139 1
91 153 1
91 158 1
91 164 1
92 96 1
92 99 1
92 100 1
92 104 1
92 109 1
92 116 1
92 129 1
92 130 1
92 132 1
92 135 1
92 139 1
92 151 1
92 158 1
92 160 1
92 166 1
93 122 1
93 124 1
93 129 1
93 139 1
93 143 1
93 151 1
93 154 1
93 155 1
93 163 1
93 167 1
94 98 1
94 111 1
94 118 1
94 124 1
94 141 1
94 151 1
94 155 1
94 166 1
94 168 1
95 99 1
95 113 1
95 115 1
95 143 1
95 152 1
95 156 1
95 157 1
95 160 1
95 163 1
96 102 1
96 105 1
96 106 1
96 108 1
96 110 1
96 112 1
96 126 1
96 138 1
96 156 1
96 161 1
96 165 1
97 103 1
97 105 1
97 118 1
97 124 1
97 128 1
97 129 1
97 132 1
97 160 1
97 161 1
98 110 1
98 123 1
98 126 1
98 133 1
98 134 1
98 135 1
98 139 1
98 146 1
98 149 1
98 154 1
99 105 1
99 110 1
99 133 1
99 139 1
99 147 1
100 101 1
100 136 1
100 159 1
100 167 1
101 111 1
101 114 1
101 119 1
101 124 1
101 126 1
101 130 1
101 132 1
101 136 1
101 139 1
101 144 1
101 156 1
101 161 1
102 111 1
102 116 1
102 119 1
102 122 1
102 128 1
102 129 1
102 144 1
102 147 1
102 148 1
102 149 1
102 160 1
103 144 1
103 147 1
103 152 1
104 109 1
104 112 1
104 119 1
104 124 1
104 134 1
104 139 1
104 142 1
104 144 1
104 145 1
104 155 1
104 157 1
104 169 1
105 111 1
105 112 1
105 127 1
105 137 1
105 138 1
105 153 1
105 163 1
106 111 1
106 128 1
106 145 1
106 154 1
106 168 1
106 169 1
107 122 1
107 123 1
107 127 1
107 131 1
107 132 1
107 145 1
107 168 1
108 111 1
108 120 1
108 153 1
108 162 1
109 134 1
109 135 1
109 141 1
109 146 1
109 149 1
109 153 1
109 158 1
109 163 1
109 169 1
110 117 1
110 136 1
110 138 1
110 142 1
110 150 1
110 154 1
110 164 1
111 112 1
111 128 1
111 131 1
111 135 1
111 138 1
111 144 1
111 148 1
111 163 1
112 115 1
112 122 1
112 143 1
112 144 1
112 145 1
113 121 1
113 125 1
113 127 1
113 128 1
113 130 1
113 132 1
113 136 1
113 142 1
113 150 1
113 159 1
114 129 1
114 144 1
114 151 1
114 153 1
114 169 1
115 120 1
115 123 1
115 133 1
115 136 1
115 139 1
115 140 1
115 149 1
115 150 1
115 163 1
116 123 1
116 139 1
116 146 1
116 149 1
116 162 1
117 127 1
117 129 1
117 133 1
117 139 1
117 143 1
117 152 1
117 156 1
117 169 1
118 125 1
118 128 1
118 133 1
118 150 1
118 169 1
119 120 1
119 123 1
119 126 1
119 127 1
119 128 1
119 143 1
120 121 1
120 135 1
120 139 1
120 157 1
121 141 1
121 151 1
121 152 1
121 155 1
121 157 1
121 158 1
122 134 1
122 139 1
122 143 1
122 149 1
122 160 1
122 164 1
123 133 1
123 141 1
123 148 1
123 152 1
123 159 1
123 160 1
123 168 1
124 151 1
125 136 1
125 137 1
126 135 1
126 141 1
126 143 1
126 157 1
127 129 1
127 135 1
127 139 1
127 142 1
127 146 1
127 148 1
127 149 1
127 152 1
128 156 1
128 163 1
129 137 1
129 160 1
130 144 1
130 146 1
130 169 1
131 132 1
131 133 1
131 143 1
131 164 1
132 138 1
132 140 1
132 141 1
132 142 1
132 145 1
132 150 1
132 154 1
132 167 1
133 137 1
133 168 1
134 135 1
134 138 1
134 139 1
134 143 1
134 154 1
134 156 1
135 143 1
135 152 1
136 149 1
136 151 1
136 152 1
136 154 1
136 157 1
137 144 1
137 145 1
137 157 1
138 145 1
138 146 1
138 149 1
138 153 1
138 156 1
138 158 1
138 159 1
138 164 1
138 166 1
139 161 1
139 162 1
139 169 1
140 155 1
140 165 1
140 168 1
141 153 1
141 154 1
141 159 1
142 144 1
143 148 1
143 155 1
143 162 1
144 145 1
144 150 1
144 160 1
144 167 1
145 147 1
145 160 1
146 148 1
146 157 1
146 164 1
147 165 1
147 168 1
148 150 1
148 163 1
148 167 1
149 158 1
150 154 1
150 161 1
150 163 1
151 152 1
151 154 1
153 155 1
154 156 1
154 162 1
154 166 1
154 169 1
156 167 1
159 168 1
161 162 1
162 163 1
162 169 1
163 164 1
165 168 1
1
40 93 75 126 153 132 127 166 142 12 1 158 68 18 9 150 135
