1023
0 3 1
0 6 1
0 17 1
0 24 1
0 31 1
0 32 1
0 44 1
0 45 1
0 50 1
0 67 1
0 69 1
0 73 1
0 80 1
0 81 1
0 93 1
0 96 1
0 99 1
0 101 1
0 102 1
0 104 1
0 109 1
1 3 1
1 4 1
1 6 1
1 10 1
1 13 1
1 14 1
1 19 1
1 20 1
1 24 1
1 27 1
1 30 1
1 32 1
1 34 1
1 35 1
1 36 1
1 37 1
1 40 1
1 43 1
1 45 1
1 50 1
1 54 1
1 55 1
1 58 1
1 65 1
1 66 1
1 72 1
1 73 1
1 75 1
1 76 1
1 82 1
1 93 1
1 100 1
1 106 1
2 5 1
2 26 1
2 45 1
2 73 1
2 74 1
2 75 1
2 87 1
2 90 1
2 109 1
3 4 1
3 14 1
3 15 1
3 26 1
3 29 1
3 30 1
3 52 1
3 55 1
3 63 1
3 72 1
3 77 1
3 80 1
3 95 1
3 97 1
3 98 1
3 103 1
3 106 1
3 107 1
4 12 1
4 20 1
4 24 1
4 27 1
4 35 1
4 36 1
4 37 1
4 38 1
4 40 1
4 51 1
4 52 1
4 77 1
4 79 1
4 86 1
4 100 1
4 104 1
4 106 1
4 107 1
4 108 1
5 6 1
5 7 1
5 17 1
5 22 1
5 37 1
5 40 1
5 52 1
5 56 1
5 57 1
5 59 1
5 60 1
5 67 1
5 85 1
5 87 1
5 88 1
5 89 1
5 108 1
6 10 1
6 11 1
6 21 1
6 34 1
6 36 1
6 39 1
6 46 1
6 53 1
6 58 1
6 60 1
6 73 1
6 74 1
6 83 1
6 95 1
6 103 1
7 16 1
7 28 1
7 32 1
7 33 1
7 44 1
7 55 1
7 59 1
7 64 1
7 67 1
7 71 1
7 81 1
7 88 1
7 92 1
7 93 1
7 97 1
7 102 1
7 105 1
7 106 1
8 20 1
8 21 1
8 25 1
8 27 1
8 30 1
8 31 1
8 50 1
8 52 1
8 61 1
8 67 1
8 68 1
8 69 1
8 72 1
8 75 1
8 79 1
8 84 1
8 86 1
8 88 1
8 91 1
8 95 1
8 97 1
8 101 1
8 102 1
9 13 1
9 14 1
9 16 1
9 19 1
9 20 1
9 25 1
9 36 1
9 37 1
9 66 1
9 71 1
9 80 1
9 82 1
9 87 1
9 96 1
9 103 1
9 106 1
9 108 1
10 14 1
10 19 1
10 20 1
10 22 1
10 29 1
10 34 1
10 36 1
10 37 1
10 48 1
10 49 1
10 54 1
10 57 1
10 62 1
10 63 1
10 78 1
10 80 1
10 83 1
10 89 1
10 90 1
10 96 1
10 97 1
10 98 1
10 102 1
10 108 1
11 15 1
11 21 1
11 22 1
11 29 1
11 37 1
11 44 1
11 48 1
11 52 1
11 60 1
11 64 1
11 70 1
11 73 1
11 77 1
11 78 1
11 82 1
11 84 1
11 86 1
11 106 1
12 13 1
12 26 1
12 28 1
12 33 1
12 37 1
12 45 1
12 60 1
12 68 1
12 78 1
12 88 1
12 91 1
12 93 1
12 94 1
12 97 1
12 98 1
12 102 1
13 15 1
13 18 1
13 23 1
13 24 1
13 33 1
13 35 1
13 36 1
13 48 1
13 50 1
13 55 1
13 57 1
13 61 1
13 63 1
13 65 1
13 66 1
13 69 1
13 75 1
13 81 1
13 83 1
13 86 1
13 87 1
13 94 1
13 101 1
14 20 1
14 22 1
14 26 1
14 35 1
14 40 1
14 43 1
14 44 1
14 51 1
14 61 1
14 62 1
14 66 1
14 68 1
14 82 1
14 94 1
14 96 1
14 103 1
14 104 1
14 109 1
15 16 1
15 23 1
15 36 1
15 45 1
15 46 1
15 61 1
15 62 1
15 72 1
15 73 1
15 85 1
15 87 1
15 91 1
15 97 1
15 104 1
16 21 1
16 27 1
16 29 1
16 39 1
16 40 1
16 48 1
16 49 1
16 53 1
16 57 1
16 58 1
16 68 1
16 69 1
16 73 1
16 79 1
16 81 1
16 91 1
16 101 1
16 102 1
16 105 1
16 106 1
17 19 1
17 21 1
17 24 1
17 27 1
17 31 1
17 34 1
17 36 1
17 45 1
17 54 1
17 55 1
17 56 1
17 59 1
17 66 1
17 71 1
17 73 1
17 77 1
17 80 1
17 95 1
17 98 1
17 103 1
17 106 1
17 108 1
17 109 1
18 30 1
18 31 1
18 33 1
18 46 1
18 53 1
18 55 1
18 58 1
18 59 1
18 60 1
18 67 1
18 71 1
18 76 1
18 91 1
18 93 1
18 99 1
18 102 1
19 20 1
19 29 1
19 34 1
19 41 1
19 47 1
19 52 1
19 53 1
19 56 1
19 60 1
19 78 1
19 87 1
19 90 1
19 94 1
19 98 1
19 100 1
19 101 1
20 24 1
20 34 1
20 37 1
20 38 1
20 51 1
20 53 1
20 58 1
20 68 1
20 69 1
20 77 1
20 79 1
20 82 1
20 89 1
20 104 1
20 107 1
21 30 1
21 44 1
21 45 1
21 51 1
21 54 1
21 60 1
21 61 1
21 63 1
21 65 1
21 66 1
21 69 1
21 78 1
21 84 1
21 87 1
21 95 1
21 98 1
21 101 1
21 103 1
21 106 1
22 30 1
22 31 1
22 38 1
22 46 1
22 47 1
22 48 1
22 53 1
22 55 1
22 56 1
22 58 1
22 59 1
22 60 1
22 61 1
22 73 1
22 80 1
22 87 1
22 103 1
23 37 1
23 41 1
23 53 1
23 59 1
23 64 1
23 65 1
23 66 1
23 87 1
23 91 1
23 93 1
23 97 1
23 105 1
23 109 1
24 25 1
24 33 1
24 35 1
24 39 1
24 42 1
24 56 1
24 57 1
24 63 1
24 67 1
24 70 1
24 71 1
24 75 1
24 80 1
24 88 1
24 92 1
24 98 1
24 106 1
25 27 1
25 33 1
25 45 1
25 49 1
25 60 1
25 61 1
25 63 1
25 65 1
25 67 1
25 74 1
25 75 1
25 81 1
25 90 1
25 95 1
25 98 1
25 100 1
25 101 1
25 104 1
26 31 1
26 32 1
26 34 1
26 40 1
26 42 1
26 47 1
26 51 1
26 53 1
26 62 1
26 74 1
26 82 1
26 84 1
26 99 1
26 109 1
27 30 1
27 40 1
27 48 1
27 68 1
27 81 1
27 89 1
27 90 1
27 93 1
28 34 1
28 37 1
28 42 1
28 45 1
28 48 1
28 49 1
28 53 1
28 56 1
28 63 1
28 70 1
28 72 1
28 85 1
28 87 1
28 90 1
28 95 1
28 98 1
29 43 1
29 51 1
29 52 1
29 68 1
29 76 1
29 88 1
29 90 1
29 93 1
29 96 1
30 31 1
30 32 1
30 40 1
30 43 1
30 44 1
30 50 1
30 55 1
30 62 1
30 70 1
30 73 1
30 85 1
30 86 1
30 90 1
30 91 1
30 97 1
30 98 1
30 101 1
30 105 1
31 32 1
31 38 1
31 40 1
31 46 1
31 48 1
31 51 1
31 52 1
31 53 1
31 88 1
31 91 1
31 93 1
31 102 1
32 40 1
32 46 1
32 47 1
32 51 1
32 58 1
32 62 1
32 64 1
32 76 1
32 84 1
32 89 1
32 101 1
32 102 1
32 103 1
32 104 1
33 36 1
33 45 1
33 53 1
33 54 1
33 55 1
33 61 1
33 66 1
33 78 1
33 81 1
33 82 1
33 87 1
33 89 1
33 91 1
33 93 1
33 94 1
33 96 1
33 97 1
33 101 1
33 105 1
34 35 1
34 39 1
34 47 1
34 51 1
34 93 1
34 95 1
34 100 1
34 106 1
35 36 1
35 37 1
35 45 1
35 51 1
35 64 1
35 73 1
35 79 1
35 81 1
35 94 1
35 98 1
35 107 1
36 39 1
36 44 1
36 46 1
36 47 1
36 50 1
36 52 1
36 55 1
36 56 1
36 66 1
36 77 1
36 80 1
36 91 1
36 94 1
37 39 1
37 41 1
37 52 1
37 65 1
37 72 1
37 78 1
37 95 1
37 97 1
37 98 1
37 107 1
37 109 1
38 47 1
38 63 1
38 66 1
38 69 1
38 76 1
38 82 1
38 87 1
38 88 1
38 101 1
39 45 1
39 52 1
39 53 1
39 60 1
39 62 1
39 74 1
39 89 1
39 96 1
39 109 1
40 52 1
40 70 1
40 71 1
40 73 1
40 74 1
40 78 1
40 88 1
40 89 1
40 101 1
40 103 1
40 105 1
41 46 1
41 51 1
41 57 1
41 65 1
41 71 1
41 88 1
41 89 1
41 104 1
42 50 1
42 51 1
42 54 1
42 57 1
42 58 1
42 61 1
42 76 1
42 85 1
42 90 1
43 46 1
43 54 1
43 58 1
43 63 1
43 70 1
43 74 1
43 77 1
43 90 1
43 97 1
44 49 1
44 56 1
44 68 1
44 70 1
44 80 1
44 95 1
45 50 1
45 54 1
45 58 1
45 69 1
45 75 1
45 91 1
45 96 1
45 102 1
45 104 1
46 47 1
46 56 1
46 65 1
46 75 1
46 76 1
46 91 1
46 101 1
46 108 1
47 54 1
47 56 1
47 57 1
47 65 1
47 67 1
47 69 1
47 70 1
47 71 1
47 90 1
47 92 1
47 103 1
47 107 1
47 108 1
48 51 1
48 57 1
48 96 1
48 100 1
49 52 1
49 55 1
49 76 1
49 79 1
49 82 1
49 83 1
49 89 1
49 97 1
49 98 1
49 109 1
50 52 1
50 64 1
50 65 1
50 74 1
50 81 1
50 82 1
50 84 1
50 87 1
50 100 1
50 101 1
51 54 1
51 63 1
51 64 1
51 87 1
51 97 1
51 106 1
52 60 1
52 63 1
52 66 1
52 77 1
52 79 1
52 85 1
52 94 1
52 104 1
52 109 1
53 55 1
53 62 1
53 73 1
53 74 1
53 78 1
53 82 1
53 88 1
53 99 1
54 59 1
54 60 1
54 75 1
54 78 1
54 85 1
54 94 1
54 96 1
55 83 1
55 102 1
56 58 1
56 59 1
56 64 1
56 70 1
56 78 1
56 79 1
56 96 1
57 63 1
57 72 1
57 83 1
57 84 1
57 87 1
57 95 1
57 102 1
58 73 1
58 75 1
58 87 1
58 94 1
58 95 1
58 97 1
58 98 1
58 99 1
58 100 1
59 68 1
59 71 1
59 72 1
59 76 1
59 81 1
59 86 1
59 94 1
59 104 1
60 64 1
60 70 1
60 75 1
60 91 1
60 94 1
60 95 1
60 107 1
61 72 1
61 76 1
61 81 1
61 96 1
61 97 1
61 98 1
62 63 1
62 68 1
62 74 1
62 77 1
62 83 1
62 102 1
62 104 1
62 106 1
62 107 1
62 109 1
63 69 1
63 74 1
63 76 1
63 83 1
63 84 1
63 85 1
63 89 1
63 92 1
63 99 1
64 65 1
64 66 1
64 89 1
64 105 1
65 66 1
65 70 1
65 71 1
65 76 1
65 84 1
65 96 1
65 102 1
66 68 1
66 72 1
66 73 1
66 75 1
66 77 1
66 89 1
66 93 1
66 97 1
66 106 1
66 107 1
67 68 1
67 70 1
67 73 1
67 84 1
67 94 1
67 100 1
67 101 1
67 103 1
67 107 1
67 109 1
68 78 1
68 85 1
68 94 1
68 98 1
68 99 1
68 100 1
68 105 1
68 106 1
69 76 1
69 79 1
69 81 1
69 84 1
69 86 1
69 88 1
69 107 1
69 108 1
69 109 1
70 75 1
70 81 1
70 87 1
70 88 1
70 92 1
70 99 1
71 72 1
71 73 1
71 77 1
71 83 1
71 92 1
71 95 1
71 104 1
72 74 1
72 76 1
72 79 1
72 80 1
72 84 1
72 99 1
73 81 1
73 83 1
73 85 1
73 88 1
73 90 1
73 99 1
73 109 1
74 78 1
74 82 1
74 86 1
74 89 1
75 86 1
75 96 1
75 97 1
75 100 1
75 108 1
76 77 1
76 78 1
76 85 1
76 86 1
76 90 1
76 95 1
76 101 1
76 103 1
77 78 1
77 92 1
77 93 1
77 98 1
77 100 1
77 105 1
78 85 1
78 89 1
78 93 1
78 107 1
79 82 1
79 92 1
79 95 1
79 105 1
80 84 1
80 94 1
80 96 1
80 106 1
80 107 1
81 83 1
81 89 1
81 101 1
81 108 1
82 87 1
82 94 1
82 99 1
83 88 1
83 91 1
83 99 1
83 106 1
83 108 1
84 85 1
84 89 1
84 102 1
84 105 1
84 108 1
85 91 1
85 106 1
86 88 1
86 90 1
86 94 1
86 105 1
86 108 1
87 89 1
87 90 1
87 104 1
87 105 1
87 106 1
88 89 1
88 97 1
88 99 1
88 101 1
89 92 1
89 94 1
89 98 1
89 102 1
90 91 1
90 93 1
90 95 1
90 96 1
90 101 1
90 103 1
90 106 1
91 93 1
91 96 1
91 100 1
91 102 1
92 95 1
92 99 1
92 100 1
92 101 1
92 102 1
93 94 1
93 97 1
93 100 1
93 101 1
93 102 1
94 101 1
94 108 1
96 107 1
96 108 1
97 104 1
97 109 1
98 99 1
99 103 1
99 108 1
100 102 1
100 103 1
100 109 1
101 108 1
102 109 1
104 105 1
1
91 6 103 64 62 83 20 0 25 52 2
