295
0 4 1
0 6 1
0 9 1
0 10 1
0 13 1
0 14 1
0 16 1
0 20 1
0 25 1
0 27 1
0 28 1
0 31 1
0 35 1
1 3 1
1 6 1
1 25 1
1 29 1
2 4 1
2 7 1
2 8 1
2 10 1
2 11 1
2 17 1
2 18 1
2 19 1
2 22 1
2 24 1
2 25 1
2 28 1
2 30 1
2 33 1
2 34 1
2 36 1
2 37 1
2 38 1
2 39 1
3 8 1
3 9 1
3 10 1
3 14 1
3 16 1
3 18 1
3 20 1
3 23 1
3 24 1
3 27 1
3 31 1
3 32 1
3 33 1
3 36 1
3 39 1
4 5 1
4 7 1
4 10 1
4 12 1
4 14 1
4 17 1
4 19 1
4 20 1
4 22 1
4 26 1
4 28 1
4 29 1
4 30 1
4 31 1
4 32 1
4 34 1
4 35 1
4 37 1
4 39 1
5 6 1
5 9 1
5 10 1
5 11 1
5 13 1
5 16 1
5 17 1
5 23 1
5 27 1
5 28 1
5 38 1
6 7 1
6 8 1
6 9 1
6 19 1
6 25 1
6 26 1
6 27 1
6 28 1
6 31 1
6 33 1
6 38 1
7 11 1
7 15 1
7 17 1
7 19 1
7 21 1
7 24 1
7 25 1
7 26 1
7 30 1
7 35 1
7 36 1
7 37 1
7 38 1
8 10 1
8 11 1
8 15 1
8 23 1
8 26 1
8 27 1
8 28 1
8 29 1
8 31 1
8 36 1
8 37 1
9 12 1
9 14 1
9 15 1
9 19 1
9 20 1
9 22 1
9 25 1
9 26 1
9 27 1
9 28 1
9 30 1
9 36 1
10 14 1
10 15 1
10 16 1
10 18 1
10 19 1
10 20 1
10 21 1
10 23 1
10 27 1
10 29 1
10 32 1
10 35 1
11 21 1
11 23 1
11 26 1
11 27 1
11 29 1
11 30 1
11 33 1
11 36 1
12 13 1
12 16 1
12 18 1
12 22 1
12 24 1
12 27 1
12 30 1
12 31 1
12 35 1
12 39 1
13 22 1
13 23 1
13 32 1
13 33 1
13 34 1
13 36 1
13 37 1
14 15 1
14 18 1
14 19 1
14 20 1
14 27 1
14 28 1
14 30 1
14 32 1
14 33 1
14 34 1
14 35 1
14 37 1
15 19 1
15 21 1
15 23 1
15 24 1
15 25 1
15 27 1
15 28 1
15 29 1
15 32 1
15 36 1
16 17 1
16 18 1
16 19 1
16 20 1
16 21 1
16 22 1
16 23 1
16 24 1
16 34 1
16 36 1
16 37 1
16 39 1
17 18 1
17 19 1
17 24 1
17 30 1
17 33 1
17 34 1
18 23 1
18 24 1
18 27 1
18 28 1
18 34 1
18 36 1
18 38 1
18 39 1
19 20 1
19 23 1
19 25 1
19 31 1
19 35 1
19 37 1
20 21 1
20 22 1
20 24 1
20 26 1
20 27 1
20 31 1
20 36 1
20 38 1
20 39 1
21 23 1
21 24 1
21 25 1
21 27 1
21 29 1
21 34 1
21 38 1
22 24 1
22 30 1
22 31 1
22 32 1
22 33 1
22 34 1
22 36 1
22 39 1
23 25 1
23 29 1
23 30 1
23 31 1
23 32 1
23 33 1
23 35 1
23 36 1
24 25 1
24 26 1
24 27 1
24 31 1
24 33 1
24 35 1
24 37 1
25 28 1
25 29 1
25 30 1
25 32 1
25 38 1
26 28 1
26 29 1
26 34 1
26 35 1
26 36 1
27 29 1
27 31 1
27 32 1
27 33 1
27 37 1
28 30 1
28 32 1
28 34 1
28 36 1
28 38 1
29 32 1
29 33 1
29 34 1
29 35 1
29 36 1
29 38 1
30 34 1
30 37 1
31 35 1
31 36 1
31 38 1
32 36 1
32 39 1
33 38 1
36 37 1
36 38 1
37 38 1
1
3 21 31 27
