1711
0 9 1
0 25 1
0 26 1
0 28 1
0 30 1
0 53 1
0 63 1
0 67 1
0 71 1
0 106 1
0 138 1
0 157 1
0 161 1
0 169 1
1 3 1
1 6 1
1 8 1
1 11 1
1 17 1
1 18 1
1 29 1
1 32 1
1 40 1
1 54 1
1 58 1
1 63 1
1 71 1
1 88 1
1 89 1
1 100 1
1 101 1
1 103 1
1 106 1
1 107 1
1 108 1
1 110 1
1 115 1
1 118 1
1 122 1
1 125 1
1 126 1
1 128 1
1 133 1
1 160 1
2 21 1
2 44 1
2 69 1
2 70 1
2 80 1
2 81 1
2 90 1
2 101 1
2 102 1
2 108 1
2 114 1
2 130 1
2 132 1
2 145 1
2 156 1
3 9 1
3 17 1
3 20 1
3 23 1
3 24 1
3 32 1
3 35 1
3 40 1
3 43 1
3 53 1
3 76 1
3 90 1
3 92 1
3 98 1
3 103 1
3 112 1
3 126 1
3 128 1
3 133 1
3 139 1
3 147 1
3 148 1
3 155 1
4 10 1
4 14 1
4 15 1
4 26 1
4 44 1
4 47 1
4 49 1
4 52 1
4 75 1
4 78 1
4 86 1
4 87 1
4 97 1
4 112 1
4 121 1
4 139 1
4 146 1
4 161 1
5 7 1
5 11 1
5 16 1
5 32 1
5 45 1
5 50 1
5 52 1
5 53 1
5 60 1
5 67 1
5 68 1
5 73 1
5 76 1
5 77 1
5 85 1
5 95 1
5 105 1
5 107 1
5 109 1
5 114 1
5 119 1
5 124 1
5 137 1
5 142 1
5 148 1
5 152 1
5 160 1
6 11 1
6 19 1
6 21 1
6 24 1
6 29 1
6 38 1
6 39 1
6 47 1
6 48 1
6 51 1
6 77 1
6 81 1
6 85 1
6 98 1
6 99 1
6 101 1
6 102 1
6 111 1
6 115 1
6 121 1
6 122 1
6 133 1
6 138 1
6 143 1
6 168 1
7 16 1
7 39 1
7 42 1
7 47 1
7 48 1
7 62 1
7 65 1
7 90 1
7 101 1
7 110 1
7 123 1
7 130 1
7 145 1
7 156 1
7 161 1
7 162 1
7 163 1
8 31 1
8 37 1
8 42 1
8 45 1
8 49 1
8 71 1
8 75 1
8 79 1
8 87 1
8 91 1
8 94 1
8 96 1
8 106 1
8 136 1
8 148 1
8 152 1
8 153 1
8 169 1
9 23 1
9 25 1
9 35 1
9 49 1
9 56 1
9 61 1
9 64 1
9 67 1
9 119 1
9 133 1
9 142 1
9 150 1
9 153 1
9 159 1
9 162 1
10 17 1
10 19 1
10 25 1
10 26 1
10 51 1
10 57 1
10 60 1
10 62 1
10 63 1
10 64 1
10 68 1
10 73 1
10 78 1
10 87 1
10 96 1
10 101 1
10 109 1
10 110 1
10 113 1
10 125 1
10 135 1
10 139 1
10 142 1
10 145 1
10 158 1
10 165 1
10 167 1
11 22 1
11 33 1
11 38 1
11 46 1
11 47 1
11 48 1
11 49 1
11 62 1
11 63 1
11 82 1
11 84 1
11 90 1
11 93 1
11 99 1
11 103 1
11 106 1
11 113 1
11 119 1
11 123 1
11 140 1
11 143 1
12 15 1
12 17 1
12 30 1
12 31 1
12 33 1
12 42 1
12 53 1
12 58 1
12 64 1
12 69 1
12 72 1
12 78 1
12 97 1
12 105 1
12 110 1
12 117 1
12 118 1
12 119 1
12 122 1
12 143 1
12 152 1
12 163 1
12 165 1
13 20 1
13 21 1
13 33 1
13 34 1
13 69 1
13 72 1
13 73 1
13 106 1
13 116 1
13 118 1
13 120 1
13 140 1
13 150 1
13 152 1
13 158 1
13 163 1
14 16 1
14 17 1
14 29 1
14 30 1
14 66 1
14 81 1
14 82 1
14 94 1
14 108 1
14 113 1
14 134 1
14 137 1
14 139 1
14 140 1
14 143 1
14 148 1
14 151 1
14 167 1
15 31 1
15 48 1
15 49 1
15 76 1
15 79 1
15 97 1
15 136 1
15 139 1
15 150 1
15 156 1
16 28 1
16 37 1
16 53 1
16 54 1
16 58 1
16 81 1
16 87 1
16 95 1
16 120 1
16 137 1
16 148 1
16 155 1
16 156 1
16 157 1
16 162 1
16 163 1
17 24 1
17 25 1
17 27 1
17 28 1
17 29 1
17 41 1
17 43 1
17 47 1
17 51 1
17 79 1
17 86 1
17 105 1
17 109 1
17 120 1
17 138 1
17 149 1
17 152 1
17 157 1
18 19 1
18 27 1
18 44 1
18 47 1
18 56 1
18 82 1
18 90 1
18 91 1
18 107 1
18 114 1
18 130 1
18 141 1
18 151 1
18 159 1
19 23 1
19 25 1
19 29 1
19 34 1
19 54 1
19 56 1
19 65 1
19 82 1
19 97 1
19 101 1
19 110 1
19 112 1
19 120 1
19 125 1
19 129 1
19 138 1
19 150 1
19 153 1
19 160 1
20 31 1
20 38 1
20 39 1
20 45 1
20 52 1
20 61 1
20 74 1
20 84 1
20 91 1
20 100 1
20 102 1
20 112 1
20 113 1
20 114 1
20 127 1
20 133 1
20 148 1
20 165 1
21 23 1
21 34 1
21 40 1
21 45 1
21 47 1
21 72 1
21 78 1
21 81 1
21 114 1
21 142 1
21 145 1
21 146 1
21 152 1
21 154 1
21 161 1
21 166 1
21 167 1
21 168 1
22 26 1
22 69 1
22 71 1
22 73 1
22 103 1
22 128 1
22 136 1
22 143 1
22 148 1
22 150 1
22 152 1
22 153 1
22 158 1
22 159 1
22 163 1
23 26 1
23 27 1
23 38 1
23 41 1
23 53 1
23 62 1
23 70 1
23 75 1
23 81 1
23 83 1
23 87 1
23 89 1
23 103 1
23 105 1
23 115 1
23 132 1
23 133 1
23 141 1
23 143 1
23 150 1
23 159 1
23 169 1
24 30 1
24 42 1
24 45 1
24 70 1
24 73 1
24 81 1
24 84 1
24 95 1
24 99 1
24 124 1
24 135 1
24 148 1
24 158 1
24 169 1
25 32 1
25 36 1
25 37 1
25 43 1
25 45 1
25 52 1
25 58 1
25 59 1
25 69 1
25 71 1
25 75 1
25 76 1
25 93 1
25 94 1
25 97 1
25 105 1
25 109 1
25 131 1
25 136 1
25 139 1
25 160 1
25 168 1
26 37 1
26 38 1
26 52 1
26 65 1
26 69 1
26 75 1
26 79 1
26 83 1
26 85 1
26 93 1
26 118 1
26 119 1
26 122 1
26 125 1
26 126 1
26 129 1
26 137 1
26 147 1
26 152 1
26 160 1
26 164 1
27 59 1
27 70 1
27 81 1
27 82 1
27 83 1
27 95 1
27 109 1
27 114 1
27 145 1
28 33 1
28 41 1
28 79 1
28 91 1
28 94 1
28 104 1
28 107 1
28 108 1
28 129 1
28 135 1
28 140 1
28 144 1
28 153 1
28 158 1
28 167 1
29 32 1
29 41 1
29 43 1
29 48 1
29 61 1
29 62 1
29 80 1
29 81 1
29 90 1
29 96 1
29 98 1
29 99 1
29 101 1
29 112 1
29 129 1
29 133 1
29 140 1
29 164 1
29 167 1
30 34 1
30 46 1
30 51 1
30 64 1
30 73 1
30 92 1
30 93 1
30 109 1
30 115 1
30 132 1
30 142 1
30 145 1
30 148 1
30 155 1
30 157 1
31 32 1
31 44 1
31 45 1
31 57 1
31 83 1
31 84 1
31 91 1
31 94 1
31 113 1
31 120 1
31 130 1
31 134 1
31 138 1
31 147 1
31 156 1
31 169 1
32 35 1
32 41 1
32 46 1
32 50 1
32 51 1
32 52 1
32 70 1
32 73 1
32 75 1
32 78 1
32 83 1
32 95 1
32 101 1
32 102 1
32 107 1
32 123 1
32 158 1
32 161 1
33 35 1
33 48 1
33 55 1
33 57 1
33 71 1
33 72 1
33 84 1
33 102 1
33 104 1
33 115 1
33 120 1
33 121 1
33 124 1
33 139 1
33 153 1
33 155 1
34 36 1
34 39 1
34 40 1
34 42 1
34 46 1
34 55 1
34 61 1
34 79 1
34 80 1
34 83 1
34 103 1
34 111 1
34 112 1
34 116 1
34 132 1
34 146 1
34 151 1
35 43 1
35 48 1
35 76 1
35 81 1
35 85 1
35 93 1
35 107 1
35 120 1
35 126 1
35 128 1
35 137 1
35 146 1
35 148 1
36 39 1
36 54 1
36 62 1
36 90 1
36 97 1
36 99 1
36 113 1
36 120 1
36 121 1
36 130 1
36 133 1
36 137 1
36 151 1
36 164 1
37 56 1
37 62 1
37 89 1
37 95 1
37 96 1
37 97 1
37 104 1
37 110 1
37 118 1
37 124 1
37 126 1
37 127 1
37 133 1
37 143 1
37 158 1
37 166 1
38 42 1
38 46 1
38 56 1
38 63 1
38 76 1
38 99 1
38 118 1
38 124 1
38 127 1
38 136 1
38 146 1
38 161 1
38 169 1
39 42 1
39 43 1
39 62 1
39 78 1
39 86 1
39 88 1
39 99 1
39 100 1
39 101 1
39 109 1
39 117 1
39 126 1
39 128 1
39 139 1
39 151 1
39 168 1
40 45 1
40 56 1
40 67 1
40 71 1
40 72 1
40 88 1
40 89 1
40 117 1
40 118 1
40 120 1
40 121 1
40 123 1
40 141 1
40 148 1
40 153 1
41 56 1
41 61 1
41 62 1
41 89 1
41 90 1
41 91 1
41 93 1
41 105 1
41 108 1
41 112 1
41 142 1
41 143 1
41 150 1
41 151 1
41 158 1
41 169 1
42 65 1
42 67 1
42 74 1
42 88 1
42 92 1
42 97 1
42 108 1
42 109 1
42 114 1
42 119 1
42 122 1
42 129 1
42 135 1
42 146 1
42 157 1
42 160 1
42 167 1
43 45 1
43 49 1
43 55 1
43 60 1
43 61 1
43 71 1
43 75 1
43 77 1
43 115 1
43 117 1
43 124 1
43 138 1
43 143 1
43 148 1
43 151 1
43 155 1
43 161 1
44 48 1
44 49 1
44 78 1
44 89 1
44 91 1
44 96 1
44 97 1
44 117 1
44 121 1
44 141 1
44 146 1
44 147 1
44 150 1
44 164 1
44 165 1
45 47 1
45 60 1
45 71 1
45 83 1
45 87 1
45 89 1
45 91 1
45 95 1
45 103 1
45 109 1
45 120 1
45 122 1
45 129 1
45 131 1
45 139 1
45 166 1
45 167 1
46 57 1
46 58 1
46 63 1
46 64 1
46 65 1
46 74 1
46 99 1
46 104 1
46 105 1
46 118 1
46 131 1
46 139 1
46 152 1
46 159 1
46 161 1
47 49 1
47 51 1
47 62 1
47 64 1
47 66 1
47 80 1
47 87 1
47 98 1
47 123 1
47 125 1
47 140 1
47 150 1
47 159 1
48 58 1
48 66 1
48 67 1
48 77 1
48 104 1
48 105 1
48 109 1
48 114 1
48 121 1
48 134 1
48 140 1
48 146 1
48 148 1
48 150 1
48 155 1
48 160 1
48 164 1
48 167 1
49 54 1
49 63 1
49 65 1
49 68 1
49 82 1
49 100 1
49 128 1
49 138 1
49 143 1
49 144 1
49 146 1
49 164 1
49 168 1
50 53 1
50 55 1
50 59 1
50 63 1
50 71 1
50 75 1
50 96 1
50 100 1
50 122 1
50 129 1
50 142 1
50 149 1
50 158 1
50 159 1
50 160 1
50 161 1
50 163 1
51 77 1
51 80 1
51 82 1
51 84 1
51 86 1
51 87 1
51 92 1
51 95 1
51 104 1
51 111 1
51 120 1
51 127 1
51 159 1
51 161 1
51 163 1
52 90 1
52 95 1
52 96 1
52 102 1
52 114 1
52 142 1
52 144 1
52 161 1
52 164 1
52 169 1
53 58 1
53 66 1
53 80 1
53 84 1
53 91 1
53 117 1
53 124 1
53 136 1
53 140 1
53 142 1
53 146 1
53 148 1
53 151 1
53 163 1
53 165 1
54 60 1
54 68 1
54 84 1
54 87 1
54 105 1
54 127 1
54 139 1
54 142 1
54 144 1
55 60 1
55 73 1
55 83 1
55 86 1
55 88 1
55 90 1
55 91 1
55 106 1
55 127 1
55 130 1
55 137 1
55 142 1
55 143 1
55 149 1
55 153 1
55 160 1
55 164 1
55 168 1
56 64 1
56 67 1
56 69 1
56 74 1
56 85 1
56 92 1
56 99 1
56 100 1
56 131 1
56 139 1
56 164 1
56 167 1
57 79 1
57 93 1
57 100 1
57 113 1
57 115 1
57 122 1
57 129 1
57 132 1
57 136 1
57 137 1
57 138 1
57 141 1
57 142 1
57 155 1
57 163 1
58 59 1
58 62 1
58 64 1
58 77 1
58 82 1
58 89 1
58 97 1
58 131 1
58 148 1
58 156 1
58 162 1
59 61 1
59 63 1
59 71 1
59 80 1
59 92 1
59 95 1
59 98 1
59 106 1
59 112 1
59 115 1
59 140 1
59 146 1
59 152 1
59 153 1
59 162 1
60 65 1
60 66 1
60 79 1
60 89 1
60 95 1
60 96 1
60 118 1
60 150 1
60 152 1
60 157 1
60 158 1
60 159 1
60 161 1
61 69 1
61 77 1
61 82 1
61 96 1
61 98 1
61 99 1
61 100 1
61 103 1
61 121 1
61 122 1
61 127 1
61 153 1
61 154 1
61 160 1
61 163 1
61 168 1
62 71 1
62 73 1
62 76 1
62 87 1
62 100 1
62 105 1
62 112 1
62 115 1
62 116 1
62 120 1
62 123 1
62 126 1
62 140 1
62 143 1
62 150 1
62 165 1
63 64 1
63 68 1
63 106 1
63 138 1
63 144 1
63 159 1
63 167 1
64 65 1
64 75 1
64 89 1
64 95 1
64 103 1
64 115 1
64 121 1
64 132 1
64 136 1
64 137 1
64 139 1
64 142 1
64 143 1
64 146 1
64 149 1
65 72 1
65 73 1
65 108 1
65 127 1
65 133 1
65 139 1
65 149 1
66 73 1
66 81 1
66 83 1
66 86 1
66 87 1
66 97 1
66 100 1
66 111 1
66 121 1
66 134 1
66 137 1
66 142 1
66 149 1
66 159 1
67 71 1
67 84 1
67 87 1
67 89 1
67 92 1
67 101 1
67 115 1
67 141 1
67 154 1
67 158 1
68 70 1
68 74 1
68 75 1
68 84 1
68 87 1
68 98 1
68 104 1
68 115 1
68 119 1
68 131 1
68 164 1
69 97 1
69 98 1
69 128 1
69 141 1
69 147 1
69 149 1
69 154 1
69 165 1
69 166 1
70 76 1
70 80 1
70 94 1
70 102 1
70 131 1
70 155 1
70 158 1
70 159 1
70 163 1
70 164 1
70 165 1
70 168 1
71 92 1
71 101 1
71 113 1
71 114 1
71 122 1
71 136 1
71 139 1
71 140 1
71 156 1
71 161 1
71 169 1
72 73 1
72 82 1
72 95 1
72 99 1
72 106 1
72 130 1
72 141 1
72 149 1
72 154 1
72 161 1
73 88 1
73 90 1
73 93 1
73 96 1
73 104 1
73 116 1
73 130 1
73 131 1
73 141 1
73 145 1
73 153 1
73 168 1
74 79 1
74 88 1
74 96 1
74 102 1
74 126 1
74 129 1
74 137 1
74 140 1
74 144 1
74 153 1
74 154 1
74 160 1
75 88 1
75 98 1
75 106 1
75 112 1
75 124 1
75 126 1
75 132 1
75 146 1
75 147 1
75 167 1
76 91 1
76 121 1
76 130 1
76 131 1
76 132 1
76 145 1
76 148 1
76 149 1
76 162 1
77 82 1
77 84 1
77 98 1
77 106 1
77 117 1
77 121 1
77 128 1
77 134 1
77 138 1
77 139 1
77 147 1
77 152 1
77 156 1
77 168 1
78 81 1
78 88 1
78 100 1
78 104 1
78 113 1
78 124 1
78 143 1
78 147 1
78 153 1
78 155 1
79 86 1
79 118 1
79 126 1
79 151 1
79 156 1
79 164 1
80 105 1
80 106 1
80 109 1
80 121 1
80 123 1
80 142 1
80 148 1
80 159 1
81 82 1
81 83 1
81 96 1
81 98 1
81 102 1
81 109 1
81 117 1
81 124 1
81 126 1
81 130 1
81 134 1
81 139 1
81 144 1
82 89 1
82 90 1
82 93 1
82 94 1
82 97 1
82 99 1
82 106 1
82 110 1
82 113 1
82 116 1
82 117 1
82 119 1
82 126 1
82 131 1
82 133 1
82 136 1
82 138 1
82 140 1
82 159 1
82 167 1
83 91 1
83 102 1
83 111 1
83 113 1
83 118 1
83 126 1
83 136 1
83 137 1
83 140 1
83 164 1
84 112 1
84 124 1
84 126 1
84 128 1
84 142 1
85 103 1
85 124 1
85 155 1
85 156 1
86 89 1
86 92 1
86 105 1
86 107 1
86 112 1
86 120 1
86 127 1
86 137 1
86 146 1
86 149 1
86 160 1
86 161 1
87 101 1
87 113 1
87 120 1
87 130 1
87 141 1
87 147 1
87 148 1
87 161 1
88 98 1
88 108 1
88 120 1
88 130 1
88 132 1
88 133 1
88 134 1
88 135 1
88 147 1
88 149 1
88 153 1
88 155 1
88 156 1
88 157 1
89 93 1
89 96 1
89 123 1
89 137 1
89 140 1
89 144 1
89 151 1
89 155 1
89 161 1
89 167 1
90 91 1
90 93 1
90 101 1
90 102 1
90 115 1
90 117 1
90 136 1
90 150 1
90 151 1
90 153 1
91 104 1
91 105 1
91 110 1
91 168 1
92 106 1
92 119 1
92 120 1
92 139 1
92 140 1
92 148 1
92 155 1
92 160 1
93 98 1
93 104 1
93 128 1
93 145 1
93 151 1
93 155 1
93 161 1
94 100 1
94 106 1
94 115 1
94 118 1
94 121 1
94 126 1
94 129 1
94 134 1
94 157 1
94 160 1
94 168 1
95 96 1
95 102 1
95 109 1
95 114 1
95 116 1
95 131 1
95 139 1
95 145 1
95 149 1
95 156 1
95 158 1
95 160 1
95 164 1
95 166 1
95 169 1
96 101 1
96 106 1
96 108 1
96 109 1
96 121 1
96 123 1
96 127 1
96 130 1
96 134 1
96 153 1
96 154 1
96 155 1
96 162 1
96 164 1
96 168 1
97 110 1
97 111 1
97 127 1
97 141 1
97 149 1
97 154 1
98 106 1
98 130 1
98 143 1
98 145 1
98 151 1
99 103 1
99 109 1
99 118 1
99 133 1
99 135 1
99 141 1
99 143 1
99 145 1
99 149 1
99 156 1
99 157 1
99 162 1
100 113 1
100 117 1
100 119 1
100 120 1
100 122 1
100 125 1
100 126 1
100 134 1
100 145 1
100 162 1
100 165 1
100 167 1
101 107 1
101 117 1
101 133 1
101 135 1
101 164 1
102 127 1
102 129 1
102 150 1
102 161 1
102 163 1
103 107 1
103 108 1
103 116 1
103 130 1
103 132 1
103 136 1
103 155 1
104 105 1
104 111 1
104 114 1
104 132 1
104 135 1
105 108 1
105 114 1
105 124 1
105 137 1
105 147 1
105 154 1
105 155 1
105 161 1
105 166 1
105 167 1
106 118 1
106 120 1
106 123 1
106 126 1
106 130 1
106 134 1
106 154 1
106 161 1
106 166 1
107 115 1
107 119 1
107 139 1
107 158 1
107 163 1
107 168 1
108 109 1
108 116 1
108 117 1
108 120 1
108 127 1
108 128 1
108 130 1
108 133 1
108 154 1
108 155 1
108 161 1
108 165 1
108 169 1
109 117 1
109 131 1
109 148 1
109 161 1
110 115 1
110 119 1
110 122 1
110 124 1
110 125 1
110 127 1
110 129 1
110 133 1
110 134 1
110 158 1
111 115 1
111 118 1
111 124 1
111 128 1
111 131 1
111 137 1
111 138 1
111 145 1
111 157 1
111 159 1
112 115 1
112 119 1
112 121 1
112 122 1
112 132 1
112 135 1
112 158 1
112 165 1
113 124 1
113 126 1
113 130 1
113 132 1
113 153 1
113 154 1
113 155 1
113 157 1
113 160 1
114 120 1
114 123 1
114 131 1
114 134 1
114 139 1
114 141 1
114 144 1
114 147 1
114 156 1
115 126 1
115 131 1
115 139 1
115 141 1
115 148 1
115 151 1
115 154 1
115 160 1
115 163 1
116 117 1
116 124 1
116 126 1
116 129 1
116 141 1
116 147 1
116 149 1
117 118 1
117 127 1
117 132 1
117 140 1
117 147 1
117 158 1
117 164 1
118 120 1
118 133 1
118 139 1
118 144 1
118 162 1
118 167 1
119 135 1
119 146 1
119 148 1
120 121 1
120 124 1
120 156 1
120 161 1
121 123 1
121 124 1
121 135 1
122 158 1
122 168 1
123 125 1
123 132 1
123 147 1
123 148 1
123 150 1
123 153 1
123 156 1
123 162 1
124 137 1
124 145 1
124 147 1
124 152 1
124 159 1
125 144 1
125 145 1
125 151 1
125 155 1
125 157 1
125 163 1
126 139 1
126 144 1
126 157 1
126 161 1
126 168 1
127 137 1
127 158 1
127 159 1
127 168 1
128 156 1
128 158 1
128 160 1
128 167 1
129 134 1
129 141 1
129 149 1
129 153 1
129 157 1
129 158 1
129 162 1
130 134 1
130 135 1
130 145 1
131 132 1
131 133 1
131 157 1
131 159 1
131 167 1
131 168 1
132 135 1
133 139 1
133 166 1
133 168 1
134 138 1
134 162 1
135 139 1
135 142 1
136 139 1
136 149 1
136 153 1
136 155 1
137 152 1
137 155 1
137 163 1
137 165 1
138 150 1
138 151 1
138 155 1
138 161 1
138 167 1
138 168 1
139 140 1
139 144 1
139 145 1
139 154 1
139 168 1
140 157 1
141 151 1
141 163 1
141 165 1
142 148 1
142 165 1
142 167 1
142 169 1
143 146 1
143 158 1
143 161 1
144 151 1
145 150 1
145 154 1
145 160 1
145 162 1
147 157 1
148 151 1
148 159 1
149 153 1
150 151 1
150 154 1
150 157 1
150 167 1
150 168 1
151 159 1
151 163 1
152 162 1
153 155 1
153 168 1
154 162 1
155 157 1
155 159 1
155 163 1
156 167 1
156 168 1
157 166 1
158 159 1
158 163 1
158 168 1
160 161 1
161 162 1
161 167 1
161 169 1
162 163 1
162 169 1
163 165 1
166 169 1
1
104 138 73 10 20 144 151 87 65 126 12 17 2 54 75 61 0
