1887
0 5 1
0 43 1
0 50 1
0 67 1
0 80 1
0 103 1
0 106 1
0 121 1
0 122 1
0 128 1
0 138 1
0 141 1
0 154 1
0 156 1
0 168 1
0 176 1
1 10 1
1 19 1
1 25 1
1 26 1
1 49 1
1 50 1
1 57 1
1 60 1
1 66 1
1 76 1
1 78 1
1 92 1
1 103 1
1 109 1
1 117 1
1 122 1
1 138 1
1 146 1
1 151 1
1 163 1
1 166 1
1 168 1
2 8 1
2 19 1
2 35 1
2 43 1
2 46 1
2 58 1
2 70 1
2 75 1
2 99 1
2 100 1
2 112 1
2 133 1
2 135 1
2 141 1
2 142 1
2 152 1
3 11 1
3 19 1
3 21 1
3 28 1
3 36 1
3 39 1
3 40 1
3 45 1
3 57 1
3 73 1
3 91 1
3 98 1
3 102 1
3 105 1
3 124 1
3 132 1
3 134 1
3 139 1
3 140 1
3 149 1
3 150 1
3 151 1
3 154 1
3 160 1
3 167 1
4 15 1
4 28 1
4 29 1
4 33 1
4 45 1
4 47 1
4 52 1
4 88 1
4 90 1
4 101 1
4 102 1
4 120 1
4 129 1
4 136 1
4 137 1
4 141 1
4 169 1
4 173 1
5 8 1
5 11 1
5 23 1
5 28 1
5 32 1
5 41 1
5 45 1
5 52 1
5 57 1
5 61 1
5 67 1
5 69 1
5 77 1
5 118 1
5 125 1
5 138 1
5 145 1
5 159 1
5 163 1
5 168 1
5 172 1
5 177 1
6 10 1
6 30 1
6 34 1
6 44 1
6 54 1
6 84 1
6 89 1
6 94 1
6 123 1
6 130 1
6 142 1
6 160 1
6 162 1
7 8 1
7 34 1
7 56 1
7 83 1
7 88 1
7 89 1
7 91 1
7 93 1
7 94 1
7 100 1
7 106 1
7 111 1
7 118 1
7 121 1
7 124 1
7 125 1
7 138 1
7 139 1
7 141 1
7 148 1
7 149 1
7 160 1
7 175 1
8 11 1
8 33 1
8 35 1
8 65 1
8 72 1
8 76 1
8 82 1
8 83 1
8 88 1
8 94 1
8 96 1
8 106 1
8 109 1
8 116 1
8 121 1
8 124 1
8 131 1
8 133 1
8 137 1
8 143 1
8 145 1
8 150 1
8 154 1
8 160 1
8 170 1
9 15 1
9 17 1
9 27 1
9 31 1
9 32 1
9 40 1
9 55 1
9 57 1
9 60 1
9 62 1
9 64 1
9 65 1
9 71 1
9 74 1
9 83 1
9 85 1
9 86 1
9 89 1
9 101 1
9 108 1
9 118 1
9 131 1
9 138 1
9 139 1
9 159 1
9 160 1
9 161 1
9 179 1
10 18 1
10 26 1
10 33 1
10 38 1
10 43 1
10 45 1
10 46 1
10 49 1
10 51 1
10 53 1
10 55 1
10 60 1
10 62 1
10 89 1
10 93 1
10 97 1
10 107 1
10 117 1
10 119 1
10 120 1
10 131 1
10 137 1
10 140 1
10 146 1
10 152 1
10 154 1
10 158 1
10 166 1
10 169 1
10 173 1
10 178 1
11 17 1
11 22 1
11 33 1
11 36 1
11 57 1
11 73 1
11 83 1
11 96 1
11 108 1
11 112 1
11 120 1
11 125 1
11 128 1
11 132 1
11 135 1
11 137 1
11 138 1
11 141 1
11 145 1
11 167 1
12 17 1
12 18 1
12 25 1
12 30 1
12 31 1
12 35 1
12 44 1
12 45 1
12 50 1
12 58 1
12 61 1
12 63 1
12 104 1
12 105 1
12 108 1
12 115 1
12 122 1
12 126 1
12 128 1
12 137 1
12 142 1
12 150 1
12 151 1
12 158 1
12 165 1
12 168 1
12 171 1
13 63 1
13 74 1
13 80 1
13 81 1
13 82 1
13 83 1
13 85 1
13 96 1
13 103 1
13 118 1
13 120 1
13 134 1
13 145 1
13 161 1
13 164 1
13 173 1
13 179 1
14 34 1
14 37 1
14 70 1
14 74 1
14 83 1
14 86 1
14 90 1
14 104 1
14 106 1
14 109 1
14 114 1
14 115 1
14 116 1
14 117 1
14 125 1
14 154 1
14 158 1
14 159 1
14 164 1
14 172 1
14 173 1
14 177 1
15 19 1
15 21 1
15 31 1
15 43 1
15 60 1
15 77 1
15 96 1
15 102 1
15 115 1
15 125 1
15 133 1
15 136 1
15 153 1
15 162 1
16 21 1
16 25 1
16 30 1
16 31 1
16 49 1
16 51 1
16 68 1
16 70 1
16 71 1
16 86 1
16 113 1
16 134 1
16 136 1
16 143 1
16 145 1
16 147 1
16 156 1
16 164 1
16 165 1
16 170 1
16 177 1
17 21 1
17 57 1
17 78 1
17 84 1
17 87 1
17 98 1
17 101 1
17 104 1
17 106 1
17 110 1
17 112 1
17 113 1
17 114 1
17 124 1
17 127 1
17 139 1
17 152 1
17 158 1
17 162 1
17 163 1
17 167 1
18 21 1
18 48 1
18 66 1
18 79 1
18 84 1
18 96 1
18 102 1
18 112 1
18 126 1
18 134 1
18 141 1
18 143 1
18 157 1
18 172 1
19 22 1
19 32 1
19 34 1
19 35 1
19 50 1
19 58 1
19 67 1
19 76 1
19 87 1
19 106 1
19 108 1
19 112 1
19 122 1
19 123 1
19 128 1
19 137 1
19 176 1
19 179 1
20 30 1
20 61 1
20 64 1
20 65 1
20 72 1
20 78 1
20 97 1
20 121 1
20 130 1
20 131 1
20 135 1
20 138 1
20 147 1
20 149 1
20 165 1
20 170 1
20 177 1
21 23 1
21 41 1
21 49 1
21 55 1
21 58 1
21 69 1
21 74 1
21 114 1
21 144 1
21 153 1
21 164 1
21 173 1
21 176 1
22 24 1
22 29 1
22 30 1
22 37 1
22 45 1
22 62 1
22 78 1
22 97 1
22 104 1
22 129 1
22 144 1
22 161 1
22 165 1
23 33 1
23 40 1
23 46 1
23 52 1
23 56 1
23 57 1
23 60 1
23 62 1
23 63 1
23 95 1
23 97 1
23 99 1
23 107 1
23 118 1
23 138 1
23 156 1
23 177 1
24 25 1
24 35 1
24 64 1
24 66 1
24 74 1
24 77 1
24 81 1
24 92 1
24 94 1
24 121 1
24 131 1
24 133 1
24 140 1
24 141 1
24 154 1
24 156 1
24 159 1
24 174 1
24 178 1
25 29 1
25 45 1
25 55 1
25 56 1
25 67 1
25 80 1
25 105 1
25 126 1
25 134 1
25 140 1
25 151 1
25 170 1
26 43 1
26 45 1
26 47 1
26 58 1
26 94 1
26 102 1
26 105 1
26 121 1
26 123 1
26 131 1
26 149 1
26 150 1
26 160 1
26 176 1
26 177 1
27 55 1
27 62 1
27 71 1
27 92 1
27 99 1
27 110 1
27 112 1
27 113 1
27 115 1
27 135 1
27 147 1
27 156 1
28 40 1
28 41 1
28 49 1
28 50 1
28 60 1
28 89 1
28 90 1
28 94 1
28 109 1
28 134 1
28 138 1
28 141 1
28 148 1
28 149 1
28 150 1
28 164 1
28 176 1
28 179 1
29 52 1
29 53 1
29 56 1
29 70 1
29 88 1
29 93 1
29 99 1
29 103 1
29 107 1
29 115 1
29 138 1
29 143 1
29 150 1
29 162 1
29 171 1
29 172 1
29 178 1
29 179 1
30 36 1
30 38 1
30 48 1
30 52 1
30 64 1
30 74 1
30 80 1
30 84 1
30 88 1
30 96 1
30 100 1
30 105 1
30 111 1
30 118 1
30 120 1
30 121 1
30 141 1
31 37 1
31 40 1
31 51 1
31 63 1
31 64 1
31 65 1
31 66 1
31 71 1
31 104 1
31 119 1
31 123 1
31 126 1
31 127 1
31 147 1
31 170 1
31 177 1
32 33 1
32 41 1
32 43 1
32 44 1
32 45 1
32 52 1
32 69 1
32 75 1
32 83 1
32 85 1
32 92 1
32 94 1
32 96 1
32 97 1
32 110 1
32 122 1
32 130 1
32 131 1
32 134 1
32 139 1
32 141 1
32 157 1
32 170 1
32 171 1
33 39 1
33 54 1
33 56 1
33 63 1
33 73 1
33 84 1
33 96 1
33 102 1
33 103 1
33 108 1
33 113 1
33 115 1
33 119 1
33 125 1
33 128 1
33 130 1
33 157 1
33 160 1
33 167 1
33 175 1
34 39 1
34 42 1
34 112 1
34 117 1
34 120 1
34 125 1
34 136 1
34 138 1
34 140 1
34 141 1
34 143 1
34 154 1
34 161 1
34 162 1
34 163 1
34 168 1
34 169 1
34 173 1
35 52 1
35 62 1
35 67 1
35 80 1
35 81 1
35 96 1
35 98 1
35 121 1
35 129 1
35 134 1
35 139 1
35 141 1
35 151 1
35 162 1
35 170 1
35 176 1
35 177 1
36 56 1
36 57 1
36 59 1
36 66 1
36 78 1
36 82 1
36 85 1
36 91 1
36 94 1
36 101 1
36 136 1
36 144 1
36 164 1
36 179 1
37 38 1
37 58 1
37 62 1
37 68 1
37 69 1
37 84 1
37 93 1
37 98 1
37 102 1
37 112 1
37 117 1
37 121 1
37 146 1
37 149 1
38 39 1
38 60 1
38 62 1
38 70 1
38 73 1
38 139 1
38 144 1
38 145 1
38 152 1
38 159 1
38 168 1
38 178 1
39 43 1
39 47 1
39 51 1
39 54 1
39 65 1
39 82 1
39 94 1
39 95 1
39 97 1
39 102 1
39 114 1
39 129 1
39 143 1
39 147 1
39 151 1
39 153 1
39 171 1
39 173 1
40 75 1
40 76 1
40 78 1
40 96 1
40 97 1
40 123 1
40 140 1
40 146 1
40 152 1
40 153 1
40 159 1
40 160 1
40 174 1
41 52 1
41 56 1
41 64 1
41 77 1
41 86 1
41 93 1
41 104 1
41 107 1
41 113 1
41 123 1
41 125 1
41 143 1
41 154 1
41 156 1
41 165 1
42 50 1
42 61 1
42 62 1
42 67 1
42 87 1
42 107 1
42 109 1
42 114 1
42 119 1
42 136 1
42 148 1
42 149 1
42 155 1
42 170 1
42 179 1
43 45 1
43 49 1
43 73 1
43 74 1
43 75 1
43 77 1
43 84 1
43 93 1
43 106 1
43 117 1
43 118 1
43 127 1
43 135 1
43 141 1
43 142 1
43 147 1
43 156 1
43 172 1
44 51 1
44 53 1
44 54 1
44 67 1
44 71 1
44 78 1
44 91 1
44 105 1
44 106 1
44 113 1
44 144 1
44 155 1
44 159 1
44 160 1
44 162 1
44 168 1
45 47 1
45 50 1
45 67 1
45 68 1
45 76 1
45 89 1
45 97 1
45 98 1
45 121 1
45 124 1
45 132 1
45 136 1
46 52 1
46 59 1
46 62 1
46 64 1
46 83 1
46 106 1
46 113 1
46 126 1
46 139 1
46 150 1
46 156 1
46 175 1
47 65 1
47 70 1
47 73 1
47 76 1
47 78 1
47 81 1
47 110 1
47 118 1
47 119 1
47 123 1
47 126 1
47 159 1
48 93 1
48 95 1
48 99 1
48 131 1
48 148 1
48 157 1
48 160 1
48 164 1
48 174 1
49 61 1
49 73 1
49 74 1
49 80 1
49 91 1
49 133 1
49 136 1
49 137 1
49 141 1
49 142 1
49 153 1
49 155 1
49 162 1
49 163 1
49 171 1
50 70 1
50 74 1
50 78 1
50 83 1
50 90 1
50 96 1
50 102 1
50 112 1
50 114 1
50 120 1
50 142 1
50 151 1
50 162 1
50 167 1
50 170 1
50 174 1
50 178 1
51 55 1
51 59 1
51 62 1
51 66 1
51 72 1
51 103 1
51 117 1
51 123 1
51 132 1
51 139 1
51 155 1
52 63 1
52 71 1
52 75 1
52 95 1
52 99 1
52 103 1
52 109 1
52 112 1
52 113 1
52 122 1
52 132 1
52 138 1
52 147 1
52 154 1
52 162 1
52 173 1
53 55 1
53 61 1
53 70 1
53 87 1
53 93 1
53 103 1
53 114 1
53 117 1
53 120 1
53 134 1
53 151 1
53 155 1
53 159 1
53 161 1
53 166 1
53 170 1
53 172 1
53 174 1
54 58 1
54 61 1
54 70 1
54 85 1
54 87 1
54 97 1
54 103 1
54 105 1
54 107 1
54 109 1
54 124 1
54 127 1
54 135 1
54 136 1
54 142 1
54 164 1
55 57 1
55 62 1
55 85 1
55 86 1
55 96 1
55 99 1
55 102 1
55 108 1
55 115 1
55 120 1
55 131 1
55 143 1
55 154 1
55 155 1
55 163 1
55 175 1
56 63 1
56 72 1
56 81 1
56 85 1
56 99 1
56 104 1
56 118 1
56 131 1
56 133 1
56 138 1
56 147 1
56 149 1
56 156 1
56 158 1
56 160 1
56 164 1
56 166 1
56 169 1
56 177 1
57 66 1
57 71 1
57 79 1
57 80 1
57 87 1
57 94 1
57 96 1
57 103 1
57 106 1
57 109 1
57 111 1
57 113 1
57 118 1
57 119 1
57 120 1
57 124 1
57 141 1
57 153 1
57 154 1
57 156 1
57 164 1
57 176 1
57 177 1
58 79 1
58 80 1
58 86 1
58 98 1
58 150 1
58 154 1
58 160 1
58 163 1
58 172 1
58 177 1
59 60 1
59 65 1
59 74 1
59 80 1
59 107 1
59 129 1
59 134 1
59 138 1
59 140 1
59 144 1
59 146 1
59 155 1
59 156 1
59 157 1
60 74 1
60 88 1
60 91 1
60 101 1
60 103 1
60 106 1
60 115 1
60 120 1
60 141 1
60 143 1
60 150 1
60 151 1
60 155 1
60 164 1
60 165 1
60 168 1
60 177 1
61 65 1
61 70 1
61 82 1
61 94 1
61 115 1
61 120 1
61 128 1
61 129 1
61 133 1
61 134 1
61 136 1
61 147 1
61 169 1
61 173 1
62 88 1
62 90 1
62 96 1
62 103 1
62 121 1
62 126 1
62 130 1
62 136 1
62 146 1
62 151 1
62 153 1
62 161 1
62 170 1
63 64 1
63 81 1
63 90 1
63 92 1
63 94 1
63 96 1
63 102 1
63 114 1
63 115 1
63 123 1
63 141 1
63 151 1
63 163 1
64 82 1
64 86 1
64 88 1
64 93 1
64 95 1
64 99 1
64 107 1
64 111 1
64 114 1
64 130 1
64 150 1
64 158 1
64 170 1
64 176 1
65 84 1
65 91 1
65 92 1
65 106 1
65 113 1
65 115 1
65 124 1
65 134 1
65 136 1
65 142 1
65 144 1
65 154 1
65 156 1
66 67 1
66 81 1
66 88 1
66 112 1
66 116 1
66 117 1
66 118 1
66 139 1
66 140 1
66 150 1
66 151 1
66 157 1
66 171 1
66 176 1
66 178 1
67 74 1
67 78 1
67 106 1
67 116 1
67 137 1
67 139 1
67 141 1
67 146 1
67 147 1
67 149 1
67 153 1
67 154 1
67 173 1
67 175 1
67 177 1
68 93 1
68 115 1
68 116 1
68 119 1
68 143 1
68 155 1
68 167 1
68 174 1
68 177 1
69 75 1
69 80 1
69 90 1
69 96 1
69 98 1
69 108 1
69 125 1
69 137 1
69 139 1
69 144 1
69 157 1
69 162 1
69 172 1
69 174 1
70 75 1
70 80 1
70 92 1
70 106 1
70 108 1
70 120 1
70 131 1
70 142 1
70 143 1
70 149 1
70 157 1
70 167 1
70 175 1
70 176 1
71 78 1
71 83 1
71 87 1
71 89 1
71 91 1
71 103 1
71 114 1
71 133 1
71 141 1
71 145 1
71 155 1
71 163 1
72 78 1
72 85 1
72 104 1
72 117 1
72 122 1
72 130 1
72 137 1
72 140 1
72 147 1
72 150 1
72 158 1
72 160 1
72 161 1
72 163 1
72 166 1
72 176 1
73 75 1
73 82 1
73 105 1
73 114 1
73 120 1
73 129 1
73 131 1
73 135 1
73 137 1
73 176 1
74 79 1
74 84 1
74 97 1
74 102 1
74 115 1
74 134 1
74 136 1
74 140 1
74 163 1
74 177 1
75 85 1
75 89 1
75 91 1
75 111 1
75 118 1
75 121 1
75 122 1
75 128 1
75 149 1
75 152 1
75 153 1
75 157 1
75 161 1
75 162 1
75 176 1
76 78 1
76 88 1
76 89 1
76 91 1
76 113 1
76 121 1
76 138 1
76 140 1
76 143 1
76 155 1
76 163 1
77 85 1
77 87 1
77 91 1
77 100 1
77 101 1
77 136 1
77 162 1
78 86 1
78 87 1
78 88 1
78 89 1
78 91 1
78 92 1
78 95 1
78 98 1
78 102 1
78 106 1
78 111 1
78 113 1
78 139 1
78 140 1
78 144 1
78 149 1
78 157 1
78 162 1
78 172 1
79 81 1
79 83 1
79 94 1
79 98 1
79 106 1
79 121 1
79 127 1
79 139 1
79 143 1
79 149 1
79 159 1
80 82 1
80 96 1
80 112 1
80 121 1
80 143 1
80 146 1
80 157 1
80 162 1
80 169 1
80 178 1
81 90 1
81 93 1
81 99 1
81 108 1
81 110 1
81 114 1
81 126 1
81 135 1
81 148 1
81 149 1
81 161 1
81 162 1
81 163 1
81 170 1
82 87 1
82 95 1
82 113 1
82 145 1
82 146 1
82 149 1
82 153 1
82 154 1
82 155 1
82 156 1
83 91 1
83 92 1
83 106 1
83 123 1
83 125 1
83 131 1
83 132 1
83 135 1
83 147 1
83 149 1
83 162 1
83 171 1
83 173 1
83 175 1
84 92 1
84 103 1
84 104 1
84 124 1
84 125 1
84 130 1
84 131 1
84 137 1
84 160 1
85 86 1
85 97 1
85 99 1
85 116 1
85 119 1
85 127 1
85 151 1
85 158 1
85 166 1
86 90 1
86 94 1
86 95 1
86 119 1
86 120 1
86 125 1
86 132 1
86 133 1
86 141 1
86 149 1
86 160 1
87 96 1
87 115 1
87 118 1
87 135 1
87 142 1
87 161 1
87 164 1
87 165 1
87 167 1
87 175 1
88 89 1
88 106 1
88 107 1
88 113 1
88 129 1
88 138 1
88 142 1
88 147 1
88 158 1
89 106 1
89 123 1
89 138 1
89 145 1
89 152 1
89 153 1
89 159 1
89 166 1
90 92 1
90 93 1
90 106 1
90 115 1
90 122 1
90 127 1
90 140 1
90 143 1
90 145 1
90 146 1
90 157 1
90 164 1
90 166 1
90 172 1
90 177 1
91 95 1
91 101 1
91 103 1
91 122 1
91 130 1
91 132 1
91 159 1
91 176 1
92 93 1
92 97 1
92 105 1
92 115 1
92 121 1
92 146 1
92 156 1
92 173 1
93 96 1
93 103 1
93 105 1
93 115 1
93 118 1
93 121 1
93 140 1
93 154 1
94 95 1
94 102 1
94 103 1
94 119 1
94 123 1
94 130 1
94 131 1
94 132 1
94 135 1
94 157 1
95 96 1
95 98 1
95 99 1
95 100 1
95 115 1
95 116 1
95 118 1
95 137 1
95 138 1
95 141 1
95 145 1
95 147 1
95 154 1
95 167 1
96 121 1
96 123 1
96 124 1
96 135 1
96 145 1
96 146 1
96 147 1
96 161 1
96 166 1
96 169 1
97 104 1
97 106 1
97 119 1
97 126 1
97 129 1
97 136 1
97 137 1
97 142 1
97 145 1
97 147 1
97 149 1
97 151 1
97 177 1
98 102 1
98 108 1
98 109 1
98 137 1
98 140 1
98 145 1
98 149 1
98 159 1
99 107 1
99 110 1
99 114 1
99 118 1
99 123 1
99 128 1
99 137 1
99 148 1
99 164 1
99 179 1
100 112 1
100 149 1
100 165 1
100 168 1
101 109 1
101 128 1
101 144 1
101 145 1
101 147 1
101 152 1
101 159 1
101 163 1
101 171 1
101 176 1
102 104 1
102 112 1
102 139 1
102 177 1
103 112 1
103 118 1
103 125 1
103 126 1
103 172 1
104 105 1
104 107 1
104 116 1
104 119 1
104 120 1
104 124 1
104 127 1
104 131 1
104 139 1
104 145 1
104 151 1
104 153 1
104 154 1
104 156 1
104 166 1
105 107 1
105 115 1
105 120 1
105 131 1
105 142 1
105 148 1
105 150 1
105 154 1
105 165 1
105 167 1
106 121 1
106 124 1
106 125 1
106 171 1
106 174 1
107 110 1
107 114 1
107 123 1
107 128 1
107 137 1
107 142 1
107 147 1
107 154 1
107 156 1
107 165 1
107 178 1
108 110 1
108 121 1
108 134 1
108 138 1
108 142 1
108 155 1
109 113 1
109 114 1
109 117 1
109 127 1
109 129 1
109 133 1
109 142 1
109 145 1
109 146 1
109 166 1
109 171 1
110 113 1
110 117 1
110 123 1
110 135 1
110 142 1
110 152 1
110 155 1
110 157 1
110 167 1
110 168 1
111 146 1
111 149 1
111 178 1
111 179 1
112 113 1
112 119 1
112 131 1
112 132 1
112 136 1
112 137 1
112 142 1
112 161 1
112 164 1
112 169 1
112 177 1
112 178 1
112 179 1
113 125 1
113 133 1
113 139 1
113 162 1
113 169 1
113 173 1
113 175 1
113 177 1
113 178 1
114 117 1
114 127 1
114 130 1
114 134 1
114 146 1
114 149 1
114 152 1
114 167 1
114 171 1
114 174 1
114 178 1
114 179 1
115 116 1
115 119 1
115 121 1
115 136 1
115 144 1
115 148 1
115 159 1
115 164 1
115 165 1
116 122 1
116 127 1
116 139 1
116 141 1
116 144 1
116 147 1
116 159 1
116 162 1
116 173 1
116 176 1
116 177 1
117 130 1
117 138 1
117 139 1
117 143 1
117 146 1
117 149 1
117 150 1
117 151 1
117 153 1
117 158 1
117 161 1
117 162 1
118 120 1
118 137 1
118 143 1
118 144 1
118 152 1
118 153 1
118 157 1
118 167 1
118 172 1
118 176 1
119 137 1
119 155 1
119 157 1
120 133 1
120 142 1
120 144 1
120 149 1
120 155 1
120 160 1
120 166 1
120 168 1
120 172 1
120 177 1
121 130 1
121 134 1
121 138 1
121 139 1
121 157 1
121 160 1
121 162 1
121 163 1
121 164 1
121 176 1
122 138 1
122 149 1
122 150 1
122 152 1
122 166 1
122 169 1
122 171 1
123 137 1
123 140 1
123 160 1
123 169 1
124 135 1
124 147 1
124 153 1
124 155 1
124 156 1
124 158 1
124 162 1
124 166 1
124 168 1
124 173 1
124 175 1
124 179 1
125 127 1
125 134 1
125 170 1
125 178 1
126 132 1
126 137 1
126 160 1
126 171 1
127 140 1
127 162 1
127 163 1
128 137 1
128 144 1
128 157 1
128 166 1
128 174 1
129 139 1
129 143 1
129 149 1
129 161 1
129 173 1
129 179 1
130 133 1
130 146 1
130 147 1
130 148 1
130 166 1
131 133 1
131 142 1
131 149 1
131 154 1
131 178 1
131 179 1
132 133 1
132 146 1
132 149 1
132 156 1
132 159 1
132 162 1
133 139 1
133 142 1
133 144 1
133 145 1
133 157 1
133 161 1
133 176 1
134 143 1
134 144 1
134 157 1
134 160 1
134 162 1
134 177 1
134 179 1
135 144 1
135 150 1
135 151 1
135 152 1
135 161 1
135 167 1
135 179 1
136 143 1
136 162 1
137 140 1
137 144 1
137 145 1
137 148 1
137 154 1
137 156 1
137 157 1
138 158 1
138 160 1
138 174 1
138 175 1
139 142 1
139 149 1
139 158 1
139 165 1
139 170 1
139 176 1
140 150 1
140 152 1
140 155 1
140 165 1
141 160 1
142 147 1
142 162 1
142 171 1
143 151 1
143 161 1
143 173 1
144 150 1
144 152 1
144 154 1
144 155 1
144 157 1
145 146 1
145 149 1
145 162 1
145 163 1
145 176 1
146 167 1
146 171 1
147 158 1
147 161 1
147 179 1
148 156 1
148 165 1
148 170 1
148 171 1
149 155 1
149 156 1
149 168 1
150 153 1
150 158 1
150 161 1
150 175 1
151 153 1
151 163 1
151 177 1
151 179 1
152 161 1
152 172 1
152 173 1
152 176 1
154 158 1
154 163 1
154 173 1
155 156 1
156 163 1
156 169 1
156 171 1
156 174 1
157 161 1
158 176 1
159 162 1
159 173 1
159 174 1
160 162 1
160 163 1
160 176 1
161 166 1
161 170 1
163 164 1
163 170 1
164 178 1
166 167 1
166 172 1
166 177 1
167 171 1
167 172 1
167 173 1
167 175 1
167 179 1
168 172 1
168 173 1
168 178 1
169 171 1
169 175 1
169 176 1
170 174 1
170 177 1
171 174 1
171 175 1
171 177 1
176 177 1
176 178 1
1
142 94 4 169 116 22 150 152 176 86 107 55 164 5 103 32 114 82
