1138
0 9 1
0 12 1
0 13 1
0 25 1
0 27 1
0 36 1
0 39 1
0 42 1
0 45 1
0 56 1
0 61 1
0 66 1
0 68 1
0 74 1
0 85 1
0 91 1
0 109 1
1 4 1
1 20 1
1 24 1
1 25 1
1 27 1
1 28 1
1 44 1
1 63 1
1 69 1
1 76 1
1 78 1
1 85 1
1 95 1
1 99 1
1 106 1
1 110 1
1 114 1
2 8 1
2 13 1
2 16 1
2 17 1
2 32 1
2 43 1
2 50 1
2 54 1
2 64 1
2 82 1
2 86 1
2 90 1
2 92 1
2 100 1
2 102 1
2 103 1
2 108 1
3 10 1
3 14 1
3 16 1
3 25 1
3 30 1
3 38 1
3 49 1
3 51 1
3 59 1
3 62 1
3 65 1
3 67 1
3 78 1
3 87 1
3 93 1
3 97 1
3 98 1
3 112 1
4 5 1
4 18 1
4 50 1
4 59 1
4 65 1
4 84 1
4 90 1
4 115 1
4 119 1
5 16 1
5 24 1
5 26 1
5 32 1
5 43 1
5 51 1
5 77 1
5 99 1
5 100 1
5 103 1
5 119 1
6 14 1
6 16 1
6 17 1
6 24 1
6 33 1
6 48 1
6 53 1
6 71 1
6 72 1
6 73 1
6 80 1
6 86 1
6 89 1
6 102 1
6 106 1
7 9 1
7 23 1
7 27 1
7 44 1
7 48 1
7 56 1
7 66 1
7 69 1
7 72 1
7 84 1
7 87 1
7 89 1
7 94 1
7 104 1
7 108 1
7 113 1
7 114 1
7 116 1
8 14 1
8 16 1
8 18 1
8 19 1
8 30 1
8 35 1
8 50 1
8 56 1
8 64 1
8 71 1
8 85 1
8 93 1
8 94 1
8 98 1
9 10 1
9 21 1
9 34 1
9 48 1
9 53 1
9 56 1
9 66 1
9 75 1
9 78 1
9 80 1
9 83 1
9 92 1
9 96 1
9 98 1
9 109 1
9 117 1
10 14 1
10 18 1
10 25 1
10 32 1
10 36 1
10 38 1
10 42 1
10 44 1
10 45 1
10 46 1
10 60 1
10 76 1
10 98 1
10 101 1
10 102 1
10 106 1
10 115 1
10 118 1
11 15 1
11 30 1
11 31 1
11 33 1
11 35 1
11 38 1
11 43 1
11 50 1
11 55 1
11 57 1
11 61 1
11 63 1
11 76 1
11 99 1
11 100 1
11 105 1
12 13 1
12 21 1
12 25 1
12 27 1
12 36 1
12 48 1
12 58 1
12 64 1
12 72 1
12 76 1
12 77 1
12 79 1
12 88 1
12 91 1
12 96 1
12 97 1
12 98 1
12 102 1
12 115 1
13 18 1
13 23 1
13 24 1
13 30 1
13 37 1
13 41 1
13 45 1
13 47 1
13 49 1
13 51 1
13 65 1
13 72 1
13 81 1
13 85 1
13 99 1
13 112 1
13 117 1
14 15 1
14 19 1
14 22 1
14 23 1
14 25 1
14 26 1
14 27 1
14 29 1
14 34 1
14 37 1
14 38 1
14 43 1
14 47 1
14 50 1
14 54 1
14 58 1
14 73 1
14 82 1
14 90 1
14 91 1
14 110 1
15 20 1
15 21 1
15 27 1
15 29 1
15 33 1
15 44 1
15 47 1
15 55 1
15 60 1
15 64 1
15 69 1
15 73 1
15 78 1
15 83 1
15 86 1
15 92 1
15 93 1
15 99 1
15 109 1
15 115 1
15 117 1
16 23 1
16 28 1
16 32 1
16 36 1
16 40 1
16 45 1
16 53 1
16 61 1
16 62 1
16 66 1
16 102 1
16 109 1
16 119 1
17 18 1
17 24 1
17 36 1
17 39 1
17 50 1
17 60 1
17 65 1
17 66 1
17 69 1
17 78 1
17 79 1
17 88 1
17 90 1
17 93 1
17 96 1
17 102 1
17 119 1
18 20 1
18 27 1
18 30 1
18 33 1
18 35 1
18 36 1
18 37 1
18 47 1
18 51 1
18 52 1
18 56 1
18 58 1
18 69 1
18 74 1
18 82 1
18 83 1
18 84 1
18 88 1
18 90 1
18 92 1
18 103 1
18 110 1
19 32 1
19 33 1
19 40 1
19 44 1
19 46 1
19 52 1
19 54 1
19 58 1
19 76 1
19 77 1
19 83 1
19 85 1
19 90 1
19 96 1
19 103 1
19 111 1
19 113 1
19 117 1
20 23 1
20 24 1
20 30 1
20 33 1
20 34 1
20 38 1
20 46 1
20 51 1
20 53 1
20 55 1
20 65 1
20 81 1
20 84 1
20 90 1
20 91 1
20 97 1
20 98 1
20 102 1
20 108 1
20 111 1
20 117 1
21 30 1
21 41 1
21 77 1
21 82 1
21 88 1
21 110 1
21 114 1
21 117 1
22 32 1
22 37 1
22 44 1
22 63 1
22 70 1
22 79 1
22 84 1
22 85 1
22 92 1
22 98 1
22 110 1
22 111 1
22 119 1
23 25 1
23 26 1
23 27 1
23 32 1
23 37 1
23 45 1
23 57 1
23 59 1
23 64 1
23 66 1
23 68 1
23 70 1
23 73 1
23 75 1
23 79 1
23 82 1
23 86 1
23 93 1
23 101 1
23 105 1
23 115 1
23 116 1
24 34 1
24 39 1
24 42 1
24 51 1
24 55 1
24 59 1
24 69 1
24 77 1
24 79 1
24 80 1
24 89 1
24 95 1
24 97 1
24 107 1
24 110 1
25 32 1
25 37 1
25 43 1
25 45 1
25 46 1
25 50 1
25 53 1
25 54 1
25 60 1
25 61 1
25 62 1
25 65 1
25 70 1
25 78 1
25 81 1
25 92 1
25 94 1
25 95 1
25 97 1
25 119 1
26 28 1
26 36 1
26 41 1
26 44 1
26 65 1
26 79 1
26 80 1
26 81 1
26 85 1
26 86 1
26 105 1
26 106 1
26 111 1
27 32 1
27 34 1
27 36 1
27 40 1
27 42 1
27 43 1
27 45 1
27 46 1
27 51 1
27 53 1
27 54 1
27 56 1
27 61 1
27 65 1
27 71 1
27 88 1
27 89 1
27 103 1
27 105 1
27 109 1
27 111 1
28 45 1
28 46 1
28 48 1
28 54 1
28 67 1
28 68 1
28 76 1
28 81 1
28 84 1
28 99 1
28 103 1
29 39 1
29 45 1
29 47 1
29 50 1
29 56 1
29 58 1
29 60 1
29 61 1
29 63 1
29 72 1
29 73 1
29 80 1
29 81 1
29 92 1
29 96 1
29 100 1
29 107 1
29 110 1
29 117 1
30 35 1
30 38 1
30 42 1
30 45 1
30 61 1
30 62 1
30 63 1
30 65 1
30 71 1
30 82 1
30 90 1
30 96 1
30 99 1
30 102 1
30 112 1
30 116 1
31 32 1
31 38 1
31 41 1
31 43 1
31 45 1
31 53 1
31 63 1
31 75 1
31 77 1
31 78 1
31 79 1
31 89 1
31 91 1
31 103 1
31 104 1
31 111 1
31 117 1
32 33 1
32 41 1
32 42 1
32 51 1
32 77 1
32 81 1
32 86 1
32 89 1
32 90 1
32 92 1
32 93 1
32 99 1
32 101 1
32 107 1
32 111 1
32 119 1
33 39 1
33 49 1
33 58 1
33 73 1
33 74 1
33 88 1
33 90 1
33 99 1
33 103 1
33 107 1
33 111 1
33 115 1
34 37 1
34 40 1
34 57 1
34 63 1
34 74 1
34 88 1
34 94 1
34 107 1
34 109 1
34 112 1
34 117 1
35 38 1
35 39 1
35 46 1
35 47 1
35 50 1
35 59 1
35 61 1
35 71 1
35 74 1
35 79 1
35 81 1
35 82 1
35 85 1
35 95 1
35 96 1
35 99 1
35 101 1
35 102 1
35 104 1
35 107 1
35 111 1
35 115 1
36 41 1
36 62 1
36 67 1
36 68 1
36 75 1
36 79 1
36 80 1
36 82 1
36 85 1
36 86 1
36 95 1
36 98 1
37 40 1
37 57 1
37 60 1
37 76 1
37 82 1
37 96 1
37 100 1
37 112 1
37 114 1
37 118 1
38 46 1
38 50 1
38 51 1
38 55 1
38 58 1
38 71 1
38 72 1
38 75 1
38 79 1
38 80 1
38 81 1
38 88 1
38 92 1
38 99 1
38 101 1
38 102 1
38 111 1
39 50 1
39 57 1
39 63 1
39 67 1
39 82 1
39 89 1
39 91 1
39 94 1
39 98 1
39 104 1
39 114 1
39 119 1
40 46 1
40 49 1
40 50 1
40 62 1
40 91 1
40 95 1
40 96 1
40 103 1
40 112 1
41 47 1
41 50 1
41 53 1
41 58 1
41 63 1
41 65 1
41 69 1
41 73 1
41 96 1
41 100 1
41 107 1
42 47 1
42 54 1
42 55 1
42 64 1
42 65 1
42 69 1
42 71 1
42 73 1
42 78 1
42 79 1
42 98 1
42 117 1
43 46 1
43 56 1
43 57 1
43 58 1
43 63 1
43 64 1
43 66 1
43 70 1
43 75 1
43 76 1
43 92 1
43 100 1
43 101 1
43 107 1
44 49 1
44 52 1
44 53 1
44 54 1
44 63 1
44 70 1
44 74 1
44 75 1
44 80 1
44 82 1
44 91 1
45 50 1
45 51 1
45 54 1
45 61 1
45 65 1
45 66 1
45 68 1
45 77 1
45 78 1
45 91 1
45 95 1
45 111 1
45 113 1
45 115 1
45 119 1
46 51 1
46 53 1
46 75 1
46 85 1
46 88 1
46 93 1
46 100 1
46 105 1
46 110 1
46 114 1
46 117 1
47 51 1
47 53 1
47 56 1
47 58 1
47 61 1
47 69 1
47 76 1
47 79 1
47 88 1
47 91 1
47 95 1
47 102 1
47 105 1
47 108 1
47 111 1
48 55 1
48 58 1
48 69 1
48 90 1
48 92 1
48 93 1
48 110 1
48 119 1
49 51 1
49 53 1
49 54 1
49 58 1
49 60 1
49 86 1
49 91 1
49 92 1
49 95 1
49 97 1
49 113 1
49 115 1
50 67 1
50 89 1
50 91 1
50 92 1
50 95 1
50 117 1
51 63 1
51 67 1
51 72 1
51 77 1
51 83 1
51 91 1
51 94 1
51 98 1
51 99 1
51 118 1
52 72 1
52 80 1
52 85 1
52 86 1
52 89 1
52 91 1
52 95 1
52 99 1
52 114 1
53 54 1
53 58 1
53 63 1
53 74 1
53 78 1
53 84 1
53 95 1
53 100 1
53 109 1
53 112 1
53 119 1
54 85 1
54 86 1
54 90 1
54 96 1
54 100 1
54 103 1
54 105 1
55 56 1
55 57 1
55 59 1
55 82 1
55 88 1
55 94 1
55 102 1
55 104 1
55 114 1
55 115 1
55 119 1
56 62 1
56 77 1
56 78 1
56 80 1
56 84 1
56 90 1
56 97 1
56 103 1
56 106 1
56 109 1
57 59 1
57 61 1
57 71 1
57 74 1
57 82 1
57 83 1
57 84 1
57 99 1
57 116 1
58 63 1
58 64 1
58 66 1
58 72 1
58 79 1
58 83 1
58 87 1
58 94 1
58 97 1
58 103 1
58 104 1
58 112 1
59 62 1
59 67 1
59 70 1
59 83 1
59 89 1
59 91 1
59 92 1
59 97 1
59 109 1
59 119 1
60 75 1
60 76 1
60 93 1
60 96 1
60 112 1
60 115 1
60 119 1
61 64 1
61 69 1
61 70 1
61 79 1
61 89 1
61 93 1
61 98 1
61 99 1
61 104 1
61 110 1
61 114 1
62 67 1
62 87 1
62 89 1
62 96 1
62 102 1
62 114 1
62 116 1
63 74 1
63 86 1
63 93 1
63 105 1
63 110 1
63 112 1
63 115 1
64 71 1
64 96 1
64 101 1
64 102 1
64 106 1
64 113 1
64 119 1
65 75 1
65 78 1
65 82 1
65 83 1
65 85 1
65 90 1
65 93 1
65 111 1
66 72 1
66 78 1
66 92 1
66 97 1
66 99 1
66 109 1
67 68 1
67 90 1
67 92 1
67 98 1
67 101 1
67 108 1
67 109 1
67 116 1
68 76 1
68 79 1
68 80 1
68 89 1
68 92 1
68 95 1
68 98 1
68 103 1
68 107 1
68 108 1
68 109 1
68 117 1
69 80 1
69 81 1
69 85 1
69 86 1
69 91 1
69 100 1
69 102 1
69 107 1
69 108 1
69 115 1
69 117 1
69 119 1
70 79 1
70 83 1
70 92 1
70 98 1
70 100 1
70 109 1
70 113 1
71 80 1
71 93 1
71 98 1
71 103 1
71 115 1
71 118 1
72 74 1
72 78 1
72 80 1
72 90 1
72 105 1
72 114 1
72 116 1
72 119 1
73 78 1
73 82 1
73 96 1
73 101 1
73 102 1
73 103 1
73 104 1
74 86 1
74 97 1
74 113 1
74 114 1
74 115 1
75 79 1
75 91 1
75 100 1
75 107 1
75 108 1
75 117 1
76 80 1
76 81 1
76 86 1
76 88 1
76 90 1
76 106 1
76 119 1
77 80 1
77 81 1
77 84 1
77 87 1
77 98 1
77 100 1
77 109 1
78 83 1
78 85 1
78 87 1
78 93 1
78 107 1
78 109 1
78 111 1
78 118 1
79 80 1
79 81 1
79 83 1
79 101 1
79 118 1
80 86 1
80 87 1
80 92 1
80 102 1
81 98 1
81 102 1
81 105 1
81 107 1
81 110 1
81 111 1
81 119 1
82 83 1
82 87 1
82 95 1
82 98 1
82 109 1
82 115 1
83 85 1
83 86 1
83 87 1
83 95 1
83 99 1
83 101 1
83 112 1
84 94 1
84 99 1
84 102 1
84 117 1
85 95 1
85 97 1
85 102 1
85 106 1
86 105 1
86 118 1
87 90 1
87 94 1
87 102 1
87 107 1
87 109 1
87 117 1
87 118 1
88 95 1
88 97 1
88 98 1
88 101 1
88 102 1
88 108 1
88 114 1
88 119 1
89 91 1
89 94 1
89 106 1
89 110 1
90 95 1
90 97 1
90 98 1
90 101 1
90 104 1
90 112 1
90 114 1
90 117 1
91 93 1
91 99 1
91 102 1
91 108 1
91 112 1
92 103 1
92 108 1
92 111 1
92 116 1
92 118 1
93 95 1
93 109 1
93 114 1
93 115 1
93 118 1
94 100 1
94 103 1
94 104 1
94 105 1
94 116 1
95 101 1
95 103 1
95 106 1
95 111 1
95 114 1
96 97 1
96 98 1
96 108 1
96 114 1
96 118 1
97 98 1
97 103 1
97 116 1
97 119 1
98 100 1
98 102 1
98 108 1
98 117 1
99 113 1
99 116 1
99 119 1
100 102 1
100 109 1
100 115 1
100 116 1
100 117 1
101 105 1
101 112 1
101 115 1
103 107 1
103 112 1
103 114 1
103 115 1
103 116 1
103 118 1
103 119 1
104 106 1
104 110 1
105 108 1
105 110 1
105 115 1
106 116 1
106 118 1
108 119 1
109 112 1
109 114 1
110 117 1
110 118 1
111 116 1
112 117 1
116 118 1
1
53 97 45 117 8 3 66 90 70 83 69 96
