2006
0 3 1
0 6 1
0 14 1
0 20 1
0 24 1
0 26 1
0 28 1
0 38 1
0 40 1
0 41 1
0 49 1
0 52 1
0 53 1
0 61 1
0 72 1
0 73 1
0 74 1
0 88 1
0 102 1
0 106 1
0 113 1
0 132 1
0 138 1
0 143 1
0 154 1
0 157 1
1 6 1
1 7 1
1 9 1
1 14 1
1 29 1
1 35 1
1 39 1
1 44 1
1 57 1
1 59 1
1 67 1
1 68 1
1 74 1
1 82 1
1 93 1
1 107 1
1 108 1
1 110 1
1 121 1
1 124 1
1 131 1
1 132 1
1 149 1
1 151 1
1 171 1
1 178 1
1 179 1
2 11 1
2 20 1
2 33 1
2 42 1
2 46 1
2 47 1
2 52 1
2 79 1
2 84 1
2 85 1
2 92 1
2 103 1
2 132 1
2 136 1
2 138 1
2 141 1
2 151 1
2 152 1
2 159 1
2 160 1
3 10 1
3 13 1
3 16 1
3 31 1
3 53 1
3 62 1
3 70 1
3 82 1
3 90 1
3 93 1
3 97 1
3 105 1
3 115 1
3 134 1
3 141 1
3 145 1
3 150 1
3 155 1
3 162 1
3 170 1
3 176 1
3 178 1
3 179 1
4 16 1
4 19 1
4 23 1
4 25 1
4 36 1
4 43 1
4 48 1
4 62 1
4 65 1
4 76 1
4 77 1
4 91 1
4 105 1
4 106 1
4 116 1
4 119 1
4 123 1
4 126 1
4 145 1
4 153 1
4 156 1
4 157 1
5 6 1
5 7 1
5 11 1
5 17 1
5 38 1
5 42 1
5 45 1
5 74 1
5 82 1
5 85 1
5 87 1
5 104 1
5 106 1
5 133 1
5 137 1
5 148 1
5 160 1
5 162 1
5 166 1
6 11 1
6 23 1
6 66 1
6 72 1
6 77 1
6 80 1
6 87 1
6 93 1
6 94 1
6 109 1
6 111 1
6 122 1
6 129 1
6 130 1
6 135 1
6 140 1
6 149 1
6 156 1
6 160 1
6 165 1
6 166 1
6 169 1
6 174 1
6 177 1
7 10 1
7 23 1
7 24 1
7 48 1
7 58 1
7 61 1
7 67 1
7 74 1
7 76 1
7 90 1
7 91 1
7 95 1
7 97 1
7 124 1
7 149 1
7 156 1
7 158 1
8 16 1
8 19 1
8 28 1
8 35 1
8 41 1
8 56 1
8 60 1
8 61 1
8 78 1
8 95 1
8 99 1
8 109 1
8 111 1
8 122 1
8 126 1
8 128 1
8 129 1
8 138 1
8 141 1
8 154 1
8 165 1
9 20 1
9 28 1
9 29 1
9 30 1
9 32 1
9 48 1
9 49 1
9 58 1
9 59 1
9 60 1
9 63 1
9 70 1
9 93 1
9 116 1
9 119 1
9 128 1
9 153 1
10 16 1
10 24 1
10 26 1
10 39 1
10 41 1
10 49 1
10 62 1
10 64 1
10 75 1
10 80 1
10 83 1
10 99 1
10 101 1
10 113 1
10 128 1
10 130 1
10 138 1
10 139 1
10 140 1
10 143 1
10 155 1
10 159 1
10 161 1
10 177 1
10 179 1
11 28 1
11 50 1
11 53 1
11 55 1
11 60 1
11 61 1
11 62 1
11 68 1
11 73 1
11 78 1
11 83 1
11 84 1
11 101 1
11 104 1
11 110 1
11 124 1
11 131 1
11 145 1
11 153 1
11 158 1
11 164 1
11 167 1
12 23 1
12 38 1
12 42 1
12 57 1
12 61 1
12 65 1
12 74 1
12 91 1
12 97 1
12 108 1
12 109 1
12 129 1
12 139 1
12 149 1
13 19 1
13 20 1
13 22 1
13 36 1
13 40 1
13 55 1
13 57 1
13 82 1
13 93 1
13 107 1
13 116 1
13 117 1
13 118 1
13 122 1
13 123 1
13 125 1
13 136 1
13 144 1
13 154 1
13 157 1
14 20 1
14 21 1
14 41 1
14 50 1
14 60 1
14 62 1
14 76 1
14 94 1
14 106 1
14 115 1
14 118 1
14 136 1
14 137 1
14 140 1
14 143 1
14 150 1
14 151 1
14 161 1
15 16 1
15 19 1
15 37 1
15 50 1
15 51 1
15 52 1
15 58 1
15 59 1
15 67 1
15 71 1
15 75 1
15 78 1
15 80 1
15 92 1
15 105 1
15 115 1
15 124 1
15 127 1
15 138 1
15 141 1
15 155 1
15 160 1
15 164 1
15 166 1
16 18 1
16 22 1
16 35 1
16 37 1
16 42 1
16 44 1
16 45 1
16 48 1
16 65 1
16 80 1
16 81 1
16 94 1
16 120 1
16 128 1
16 137 1
16 144 1
16 147 1
16 155 1
16 158 1
16 162 1
17 27 1
17 33 1
17 41 1
17 48 1
17 51 1
17 76 1
17 84 1
17 87 1
17 89 1
17 95 1
17 96 1
17 105 1
17 108 1
17 109 1
17 111 1
17 116 1
17 117 1
17 123 1
17 144 1
17 161 1
17 163 1
17 167 1
17 174 1
17 179 1
18 21 1
18 26 1
18 27 1
18 29 1
18 49 1
18 51 1
18 52 1
18 58 1
18 62 1
18 81 1
18 84 1
18 89 1
18 93 1
18 117 1
18 120 1
18 128 1
18 160 1
18 165 1
18 173 1
18 176 1
19 21 1
19 38 1
19 58 1
19 59 1
19 70 1
19 76 1
19 77 1
19 95 1
19 113 1
19 121 1
19 130 1
19 149 1
19 153 1
19 170 1
20 28 1
20 33 1
20 40 1
20 44 1
20 53 1
20 73 1
20 75 1
20 81 1
20 82 1
20 91 1
20 109 1
20 111 1
20 116 1
20 121 1
20 134 1
20 147 1
20 155 1
20 164 1
20 174 1
21 41 1
21 51 1
21 59 1
21 60 1
21 68 1
21 69 1
21 70 1
21 80 1
21 86 1
21 98 1
21 102 1
21 105 1
21 107 1
21 110 1
21 121 1
21 137 1
21 151 1
21 153 1
21 155 1
21 161 1
21 164 1
22 30 1
22 35 1
22 38 1
22 43 1
22 55 1
22 74 1
22 77 1
22 80 1
22 83 1
22 121 1
22 137 1
22 139 1
22 151 1
22 153 1
22 158 1
22 161 1
22 162 1
22 171 1
22 179 1
23 42 1
23 68 1
23 77 1
23 81 1
23 90 1
23 91 1
23 92 1
23 94 1
23 97 1
23 121 1
23 122 1
23 127 1
23 128 1
23 130 1
23 137 1
23 141 1
23 152 1
23 167 1
23 168 1
23 177 1
24 29 1
24 36 1
24 40 1
24 56 1
24 70 1
24 80 1
24 103 1
24 106 1
24 109 1
24 111 1
24 113 1
24 131 1
24 132 1
24 138 1
24 145 1
24 166 1
24 167 1
24 172 1
24 176 1
25 30 1
25 44 1
25 51 1
25 55 1
25 63 1
25 65 1
25 68 1
25 79 1
25 96 1
25 108 1
25 112 1
25 116 1
25 128 1
25 140 1
25 141 1
25 154 1
25 158 1
25 159 1
25 162 1
25 163 1
25 165 1
26 36 1
26 50 1
26 57 1
26 66 1
26 67 1
26 74 1
26 81 1
26 91 1
26 98 1
26 107 1
26 131 1
26 147 1
26 157 1
26 161 1
26 164 1
26 174 1
27 37 1
27 45 1
27 46 1
27 49 1
27 54 1
27 60 1
27 64 1
27 69 1
27 70 1
27 71 1
27 79 1
27 87 1
27 110 1
27 159 1
27 174 1
27 175 1
27 176 1
28 34 1
28 39 1
28 42 1
28 49 1
28 65 1
28 69 1
28 76 1
28 86 1
28 87 1
28 89 1
28 93 1
28 96 1
28 117 1
28 118 1
28 130 1
28 131 1
28 133 1
28 136 1
28 148 1
28 156 1
28 157 1
28 159 1
28 161 1
28 164 1
28 168 1
29 38 1
29 39 1
29 43 1
29 44 1
29 56 1
29 61 1
29 63 1
29 89 1
29 93 1
29 94 1
29 108 1
29 123 1
29 126 1
29 130 1
29 139 1
29 142 1
29 158 1
29 162 1
29 174 1
30 43 1
30 48 1
30 55 1
30 62 1
30 65 1
30 66 1
30 80 1
30 109 1
30 122 1
30 130 1
30 131 1
30 134 1
30 140 1
30 142 1
30 143 1
30 156 1
30 159 1
30 166 1
30 176 1
30 179 1
31 35 1
31 41 1
31 47 1
31 54 1
31 71 1
31 75 1
31 77 1
31 80 1
31 85 1
31 87 1
31 91 1
31 101 1
31 103 1
31 114 1
31 119 1
31 122 1
31 123 1
31 128 1
31 150 1
31 152 1
31 157 1
31 161 1
31 165 1
31 167 1
31 174 1
31 175 1
31 176 1
32 34 1
32 42 1
32 44 1
32 47 1
32 53 1
32 60 1
32 71 1
32 76 1
32 82 1
32 85 1
32 96 1
32 112 1
32 128 1
32 131 1
32 135 1
32 142 1
32 148 1
32 162 1
32 176 1
33 41 1
33 44 1
33 56 1
33 61 1
33 80 1
33 86 1
33 88 1
33 104 1
33 106 1
33 114 1
33 115 1
33 123 1
33 129 1
33 135 1
33 136 1
33 149 1
33 151 1
33 154 1
33 157 1
33 159 1
33 165 1
33 174 1
33 177 1
34 41 1
34 44 1
34 60 1
34 66 1
34 67 1
34 80 1
34 88 1
34 99 1
34 104 1
34 105 1
34 108 1
34 120 1
34 125 1
34 126 1
34 130 1
34 131 1
34 137 1
34 153 1
34 166 1
34 177 1
35 47 1
35 55 1
35 68 1
35 89 1
35 92 1
35 93 1
35 96 1
35 97 1
35 107 1
35 114 1
35 123 1
35 129 1
35 130 1
35 133 1
35 134 1
35 145 1
35 147 1
35 148 1
35 152 1
35 164 1
35 169 1
35 171 1
36 67 1
36 75 1
36 84 1
36 88 1
36 107 1
36 109 1
36 117 1
36 118 1
36 130 1
36 139 1
36 142 1
36 147 1
36 152 1
36 176 1
37 50 1
37 54 1
37 71 1
37 80 1
37 86 1
37 99 1
37 119 1
37 131 1
37 133 1
37 134 1
37 140 1
37 143 1
37 148 1
37 157 1
37 164 1
37 176 1
37 177 1
38 42 1
38 44 1
38 67 1
38 81 1
38 82 1
38 87 1
38 90 1
38 92 1
38 93 1
38 116 1
38 129 1
38 131 1
38 132 1
38 135 1
38 144 1
38 154 1
38 156 1
38 159 1
38 162 1
38 166 1
38 179 1
39 41 1
39 56 1
39 65 1
39 70 1
39 77 1
39 85 1
39 90 1
39 91 1
39 113 1
39 114 1
39 124 1
39 129 1
39 132 1
39 139 1
39 144 1
39 154 1
39 163 1
39 167 1
40 50 1
40 54 1
40 57 1
40 58 1
40 59 1
40 60 1
40 61 1
40 65 1
40 71 1
40 74 1
40 77 1
40 85 1
40 104 1
40 122 1
40 143 1
40 153 1
40 161 1
40 163 1
40 170 1
40 171 1
41 56 1
41 57 1
41 67 1
41 91 1
41 115 1
41 118 1
41 129 1
41 140 1
41 153 1
41 164 1
41 169 1
42 49 1
42 55 1
42 75 1
42 80 1
42 81 1
42 82 1
42 87 1
42 92 1
42 96 1
42 99 1
42 115 1
42 119 1
42 122 1
42 132 1
42 139 1
42 141 1
42 142 1
42 144 1
42 146 1
42 155 1
42 157 1
42 161 1
43 44 1
43 53 1
43 73 1
43 77 1
43 83 1
43 86 1
43 99 1
43 140 1
43 147 1
43 168 1
43 172 1
43 175 1
44 51 1
44 60 1
44 63 1
44 84 1
44 86 1
44 90 1
44 99 1
44 104 1
44 106 1
44 123 1
44 131 1
44 138 1
44 156 1
44 169 1
44 175 1
44 177 1
45 53 1
45 54 1
45 57 1
45 61 1
45 76 1
45 78 1
45 85 1
45 106 1
45 121 1
45 126 1
45 127 1
45 134 1
45 142 1
45 145 1
45 173 1
45 178 1
46 50 1
46 66 1
46 68 1
46 72 1
46 76 1
46 81 1
46 88 1
46 97 1
46 101 1
46 104 1
46 131 1
46 139 1
46 141 1
46 142 1
46 146 1
46 150 1
46 173 1
47 61 1
47 70 1
47 73 1
47 87 1
47 88 1
47 92 1
47 97 1
47 105 1
47 123 1
47 127 1
47 132 1
47 134 1
47 138 1
47 140 1
47 146 1
47 149 1
47 161 1
47 164 1
47 174 1
47 179 1
48 60 1
48 69 1
48 82 1
48 83 1
48 104 1
48 106 1
48 109 1
48 128 1
48 135 1
48 139 1
48 156 1
48 157 1
48 159 1
48 167 1
48 169 1
48 170 1
48 179 1
49 52 1
49 57 1
49 68 1
49 80 1
49 92 1
49 94 1
49 95 1
49 108 1
49 122 1
49 125 1
49 136 1
49 137 1
49 143 1
49 146 1
49 150 1
49 151 1
49 153 1
49 156 1
49 162 1
49 170 1
50 65 1
50 71 1
50 83 1
50 94 1
50 97 1
50 111 1
50 112 1
50 117 1
50 126 1
50 127 1
50 131 1
50 134 1
50 136 1
50 140 1
50 141 1
50 151 1
50 152 1
50 174 1
50 178 1
51 57 1
51 68 1
51 89 1
51 99 1
51 107 1
51 115 1
51 116 1
51 118 1
51 121 1
51 126 1
51 127 1
51 133 1
51 144 1
51 145 1
51 177 1
52 57 1
52 68 1
52 73 1
52 74 1
52 77 1
52 87 1
52 103 1
52 110 1
52 130 1
52 134 1
52 145 1
52 151 1
52 155 1
52 175 1
53 55 1
53 58 1
53 59 1
53 74 1
53 76 1
53 90 1
53 93 1
53 129 1
53 139 1
53 142 1
53 149 1
53 154 1
53 158 1
53 160 1
53 161 1
53 169 1
54 65 1
54 77 1
54 82 1
54 86 1
54 87 1
54 88 1
54 93 1
54 106 1
54 113 1
54 122 1
54 128 1
54 130 1
54 132 1
54 141 1
54 145 1
54 146 1
54 157 1
54 175 1
54 176 1
55 62 1
55 65 1
55 66 1
55 67 1
55 70 1
55 72 1
55 81 1
55 90 1
55 96 1
55 101 1
55 103 1
55 106 1
55 107 1
55 116 1
55 124 1
55 125 1
55 145 1
55 147 1
55 157 1
55 169 1
55 177 1
56 59 1
56 80 1
56 88 1
56 101 1
56 106 1
56 115 1
56 116 1
56 118 1
56 119 1
56 124 1
56 132 1
56 133 1
56 153 1
56 156 1
56 164 1
56 165 1
56 167 1
56 173 1
57 65 1
57 67 1
57 68 1
57 73 1
57 82 1
57 83 1
57 98 1
57 116 1
57 131 1
57 137 1
57 139 1
57 148 1
57 152 1
57 164 1
57 167 1
57 179 1
58 64 1
58 77 1
58 86 1
58 91 1
58 97 1
58 105 1
58 112 1
58 114 1
58 116 1
58 123 1
58 141 1
58 142 1
58 155 1
58 157 1
58 160 1
58 173 1
59 61 1
59 67 1
59 78 1
59 82 1
59 96 1
59 105 1
59 111 1
59 113 1
59 114 1
59 120 1
59 128 1
59 134 1
59 137 1
59 142 1
59 153 1
59 159 1
59 172 1
59 173 1
59 179 1
60 72 1
60 81 1
60 86 1
60 101 1
60 107 1
60 111 1
60 119 1
60 124 1
60 155 1
60 167 1
61 67 1
61 76 1
61 78 1
61 81 1
61 89 1
61 94 1
61 98 1
61 100 1
61 104 1
61 106 1
61 109 1
61 111 1
61 129 1
61 138 1
61 143 1
61 150 1
61 162 1
61 167 1
61 168 1
61 172 1
62 65 1
62 76 1
62 82 1
62 84 1
62 89 1
62 90 1
62 93 1
62 99 1
62 102 1
62 111 1
62 113 1
62 119 1
62 122 1
62 128 1
62 129 1
62 131 1
62 138 1
62 150 1
62 152 1
62 158 1
63 68 1
63 69 1
63 77 1
63 82 1
63 94 1
63 119 1
63 130 1
63 133 1
63 139 1
63 140 1
63 177 1
63 178 1
64 73 1
64 79 1
64 81 1
64 84 1
64 87 1
64 140 1
64 143 1
64 148 1
64 150 1
64 163 1
64 167 1
64 172 1
65 98 1
65 104 1
65 105 1
65 107 1
65 110 1
65 120 1
65 122 1
65 124 1
65 131 1
65 136 1
65 140 1
65 150 1
65 163 1
65 171 1
65 178 1
66 71 1
66 73 1
66 79 1
66 90 1
66 105 1
66 111 1
66 113 1
66 120 1
66 121 1
66 167 1
66 169 1
66 177 1
66 178 1
67 76 1
67 81 1
67 84 1
67 90 1
67 114 1
67 144 1
67 152 1
67 156 1
67 164 1
67 166 1
68 78 1
68 82 1
68 86 1
68 92 1
68 99 1
68 101 1
68 109 1
68 118 1
68 126 1
68 128 1
68 137 1
68 139 1
68 148 1
68 153 1
68 155 1
68 160 1
68 165 1
68 174 1
69 71 1
69 72 1
69 77 1
69 99 1
69 102 1
69 112 1
69 114 1
69 123 1
69 124 1
69 132 1
69 141 1
69 156 1
69 158 1
69 167 1
69 168 1
69 175 1
69 176 1
70 100 1
70 108 1
70 113 1
70 114 1
70 120 1
70 125 1
70 135 1
70 139 1
70 149 1
70 158 1
70 170 1
70 174 1
70 176 1
71 74 1
71 79 1
71 83 1
71 88 1
71 101 1
71 110 1
71 120 1
71 122 1
71 125 1
71 137 1
71 162 1
71 163 1
71 178 1
72 80 1
72 81 1
72 84 1
72 85 1
72 88 1
72 92 1
72 95 1
72 97 1
72 102 1
72 162 1
72 169 1
73 75 1
73 78 1
73 95 1
73 109 1
73 127 1
73 136 1
73 138 1
73 142 1
73 145 1
73 147 1
73 149 1
73 150 1
73 156 1
73 162 1
73 168 1
73 170 1
74 82 1
74 108 1
74 116 1
74 118 1
74 139 1
74 142 1
74 150 1
74 151 1
74 153 1
74 155 1
75 85 1
75 92 1
75 95 1
75 111 1
75 113 1
75 135 1
75 165 1
75 170 1
75 176 1
75 178 1
76 77 1
76 78 1
76 80 1
76 86 1
76 96 1
76 105 1
76 118 1
76 119 1
76 125 1
76 134 1
76 145 1
76 163 1
76 165 1
76 167 1
76 173 1
77 81 1
77 84 1
77 99 1
77 110 1
77 117 1
77 135 1
77 137 1
77 153 1
77 156 1
77 158 1
77 164 1
77 172 1
78 79 1
78 96 1
78 119 1
78 136 1
78 144 1
78 148 1
78 161 1
78 167 1
78 170 1
78 173 1
79 95 1
79 100 1
79 102 1
79 104 1
79 114 1
79 123 1
79 132 1
79 148 1
79 153 1
79 173 1
80 90 1
80 100 1
80 101 1
80 107 1
80 115 1
80 123 1
80 125 1
80 137 1
80 143 1
80 149 1
80 157 1
80 161 1
80 163 1
80 165 1
80 177 1
81 82 1
81 109 1
81 116 1
81 119 1
81 121 1
81 128 1
81 129 1
81 138 1
81 145 1
81 156 1
81 158 1
81 171 1
81 176 1
82 100 1
82 102 1
82 143 1
82 146 1
82 166 1
82 174 1
82 176 1
83 85 1
83 107 1
83 112 1
83 124 1
83 127 1
83 144 1
83 163 1
83 176 1
84 101 1
84 107 1
84 113 1
84 114 1
84 119 1
84 138 1
84 151 1
84 164 1
84 176 1
84 178 1
85 92 1
85 96 1
85 98 1
85 115 1
85 119 1
85 127 1
85 129 1
85 135 1
85 140 1
85 141 1
85 173 1
85 174 1
86 90 1
86 95 1
86 109 1
86 115 1
86 130 1
86 150 1
86 151 1
86 152 1
86 156 1
86 164 1
87 90 1
87 100 1
87 166 1
87 178 1
88 92 1
88 94 1
88 105 1
88 111 1
88 116 1
88 118 1
88 132 1
88 149 1
88 171 1
88 175 1
89 90 1
89 93 1
89 94 1
89 97 1
89 120 1
89 125 1
89 130 1
89 144 1
89 145 1
89 150 1
89 152 1
89 155 1
89 159 1
89 171 1
89 173 1
89 174 1
90 92 1
90 101 1
90 107 1
90 108 1
90 122 1
90 124 1
90 150 1
90 176 1
91 102 1
91 113 1
91 117 1
91 145 1
91 172 1
91 177 1
92 94 1
92 99 1
92 127 1
92 128 1
92 130 1
92 136 1
92 141 1
92 151 1
92 154 1
92 157 1
92 175 1
92 179 1
93 103 1
93 107 1
93 108 1
93 117 1
93 125 1
93 126 1
93 135 1
93 136 1
93 160 1
93 161 1
94 99 1
94 100 1
94 116 1
94 136 1
94 154 1
94 156 1
95 96 1
95 99 1
95 107 1
95 120 1
95 123 1
95 129 1
95 132 1
95 142 1
95 159 1
95 162 1
96 114 1
96 115 1
96 122 1
96 125 1
96 128 1
96 134 1
96 135 1
96 141 1
96 148 1
96 149 1
96 159 1
96 164 1
96 175 1
97 107 1
97 117 1
97 123 1
97 138 1
97 140 1
97 143 1
97 150 1
97 169 1
97 175 1
97 177 1
98 101 1
98 104 1
98 118 1
98 130 1
98 143 1
98 147 1
98 151 1
98 153 1
98 154 1
98 155 1
98 156 1
98 166 1
98 176 1
99 109 1
99 114 1
99 151 1
99 160 1
99 172 1
99 174 1
100 116 1
100 130 1
100 132 1
100 135 1
100 137 1
100 164 1
100 168 1
100 169 1
100 172 1
100 176 1
101 111 1
101 118 1
101 122 1
101 131 1
101 132 1
101 145 1
101 149 1
101 156 1
101 159 1
101 164 1
102 104 1
102 106 1
102 115 1
102 122 1
102 142 1
102 155 1
102 156 1
102 166 1
102 168 1
103 112 1
103 124 1
103 128 1
103 132 1
103 137 1
103 146 1
103 151 1
103 155 1
103 157 1
103 158 1
104 105 1
104 108 1
104 113 1
104 118 1
104 120 1
104 121 1
104 136 1
104 139 1
104 150 1
104 152 1
104 176 1
105 134 1
105 169 1
105 175 1
105 177 1
105 179 1
106 123 1
106 126 1
106 128 1
106 129 1
106 130 1
106 134 1
106 143 1
106 146 1
106 154 1
106 164 1
106 165 1
106 177 1
107 113 1
107 122 1
107 123 1
107 137 1
107 140 1
107 143 1
107 161 1
107 163 1
107 165 1
108 126 1
108 143 1
108 145 1
108 149 1
108 165 1
108 168 1
108 171 1
108 178 1
109 111 1
109 116 1
109 118 1
109 127 1
109 128 1
109 132 1
109 135 1
109 142 1
109 152 1
109 157 1
110 119 1
110 124 1
110 129 1
110 141 1
110 146 1
110 159 1
110 163 1
110 168 1
110 169 1
111 113 1
111 116 1
111 118 1
111 119 1
111 120 1
111 125 1
111 131 1
111 150 1
111 155 1
111 163 1
111 170 1
111 179 1
112 114 1
112 116 1
112 118 1
112 122 1
112 126 1
112 135 1
112 138 1
112 142 1
112 152 1
112 153 1
112 155 1
112 164 1
113 138 1
113 142 1
113 148 1
113 152 1
113 157 1
113 166 1
115 123 1
115 125 1
115 130 1
115 131 1
115 133 1
115 137 1
115 141 1
115 143 1
115 147 1
115 148 1
115 156 1
115 157 1
115 158 1
115 166 1
115 169 1
116 119 1
116 125 1
116 132 1
116 137 1
116 153 1
116 164 1
116 175 1
117 120 1
117 128 1
117 133 1
117 149 1
117 155 1
117 158 1
117 160 1
117 164 1
117 172 1
118 122 1
118 132 1
118 137 1
118 146 1
118 151 1
118 160 1
118 161 1
118 173 1
118 174 1
119 131 1
119 135 1
119 148 1
119 154 1
119 173 1
119 178 1
120 123 1
120 140 1
120 145 1
120 153 1
120 154 1
120 160 1
120 178 1
121 127 1
121 131 1
121 148 1
121 152 1
121 164 1
121 166 1
121 168 1
121 176 1
122 123 1
122 128 1
122 134 1
122 143 1
122 151 1
122 159 1
122 165 1
122 169 1
122 178 1
123 125 1
123 131 1
123 134 1
123 139 1
123 146 1
123 147 1
123 159 1
123 162 1
123 165 1
124 134 1
125 130 1
125 131 1
125 138 1
125 139 1
125 152 1
125 161 1
125 167 1
125 170 1
125 172 1
125 175 1
126 140 1
126 160 1
126 173 1
126 175 1
126 176 1
127 129 1
127 145 1
128 140 1
128 158 1
128 161 1
128 170 1
129 148 1
129 153 1
129 157 1
129 162 1
129 166 1
130 131 1
130 150 1
130 155 1
130 165 1
130 177 1
130 179 1
131 141 1
131 142 1
131 143 1
131 145 1
131 147 1
131 163 1
131 165 1
132 134 1
132 136 1
132 147 1
132 150 1
132 151 1
132 154 1
132 172 1
132 177 1
133 144 1
133 150 1
133 160 1
133 179 1
134 148 1
134 149 1
134 161 1
134 174 1
134 177 1
135 138 1
135 152 1
135 163 1
135 171 1
135 173 1
135 178 1
136 137 1
136 170 1
136 177 1
136 178 1
137 143 1
137 144 1
137 149 1
137 155 1
137 161 1
137 168 1
137 179 1
138 142 1
138 144 1
138 147 1
138 148 1
138 164 1
139 150 1
139 160 1
140 144 1
140 159 1
140 162 1
140 177 1
141 143 1
141 144 1
141 154 1
141 156 1
141 159 1
141 162 1
141 163 1
141 164 1
141 176 1
142 152 1
142 155 1
142 162 1
142 175 1
142 178 1
143 144 1
143 154 1
143 162 1
143 174 1
145 162 1
145 174 1
146 164 1
146 173 1
146 175 1
146 178 1
147 151 1
147 152 1
147 156 1
148 153 1
148 154 1
148 171 1
148 176 1
149 150 1
149 154 1
149 163 1
149 174 1
149 178 1
150 155 1
150 156 1
150 158 1
150 168 1
150 169 1
151 156 1
151 158 1
151 169 1
152 165 1
152 178 1
153 157 1
153 158 1
153 161 1
153 163 1
153 165 1
153 172 1
154 158 1
154 161 1
156 159 1
156 161 1
156 176 1
157 160 1
157 163 1
157 169 1
157 175 1
158 162 1
158 169 1
159 160 1
159 162 1
159 171 1
159 177 1
160 173 1
161 165 1
161 168 1
161 177 1
162 174 1
162 179 1
163 169 1
165 169 1
165 170 1
165 173 1
166 169 1
168 179 1
170 171 1
170 178 1
170 179 1
172 175 1
172 178 1
174 175 1
1
120 125 6 164 151 168 124 88 93 154 130 97 81 153 132 176 8 78
