1762
0 4 1
0 9 1
0 15 1
0 16 1
0 28 1
0 33 1
0 34 1
0 43 1
0 46 1
0 51 1
0 56 1
0 57 1
0 63 1
0 70 1
0 75 1
0 88 1
0 97 1
0 100 1
0 114 1
0 116 1
0 120 1
0 129 1
0 142 1
0 143 1
0 144 1
0 149 1
0 151 1
0 154 1
1 6 1
1 17 1
1 30 1
1 31 1
1 47 1
1 62 1
1 64 1
1 65 1
1 75 1
1 82 1
1 122 1
1 125 1
1 128 1
1 133 1
1 134 1
1 139 1
1 140 1
1 142 1
1 144 1
1 153 1
1 166 1
1 167 1
1 169 1
2 29 1
2 33 1
2 37 1
2 38 1
2 50 1
2 61 1
2 71 1
2 77 1
2 89 1
2 92 1
2 93 1
2 100 1
2 104 1
2 108 1
2 113 1
2 114 1
2 129 1
2 130 1
2 139 1
2 149 1
2 157 1
2 168 1
3 4 1
3 35 1
3 61 1
3 80 1
3 97 1
3 105 1
3 110 1
3 113 1
3 142 1
3 150 1
4 11 1
4 16 1
4 18 1
4 23 1
4 34 1
4 35 1
4 36 1
4 46 1
4 56 1
4 59 1
4 60 1
4 70 1
4 89 1
4 91 1
4 105 1
4 114 1
4 140 1
4 150 1
4 155 1
4 157 1
4 159 1
4 161 1
4 164 1
4 168 1
5 11 1
5 22 1
5 47 1
5 62 1
5 67 1
5 74 1
5 81 1
5 85 1
5 97 1
5 113 1
5 115 1
5 120 1
5 121 1
5 138 1
5 142 1
5 162 1
5 165 1
5 169 1
6 14 1
6 17 1
6 23 1
6 43 1
6 51 1
6 57 1
6 79 1
6 89 1
6 90 1
6 100 1
6 108 1
6 111 1
6 129 1
6 142 1
6 167 1
7 10 1
7 17 1
7 34 1
7 42 1
7 44 1
7 46 1
7 48 1
7 53 1
7 70 1
7 76 1
7 89 1
7 134 1
7 152 1
7 157 1
7 167 1
8 17 1
8 23 1
8 24 1
8 28 1
8 30 1
8 49 1
8 54 1
8 61 1
8 71 1
8 75 1
8 85 1
8 88 1
8 99 1
8 102 1
8 129 1
8 133 1
8 140 1
8 145 1
9 14 1
9 43 1
9 46 1
9 54 1
9 57 1
9 62 1
9 63 1
9 70 1
9 77 1
9 87 1
9 90 1
9 95 1
9 97 1
9 122 1
9 133 1
9 134 1
9 139 1
9 151 1
9 158 1
9 163 1
9 169 1
10 16 1
10 18 1
10 31 1
10 36 1
10 40 1
10 74 1
10 75 1
10 81 1
10 89 1
10 90 1
10 91 1
10 97 1
10 103 1
10 112 1
10 118 1
10 119 1
10 145 1
11 17 1
11 18 1
11 32 1
11 37 1
11 53 1
11 54 1
11 61 1
11 63 1
11 86 1
11 97 1
11 120 1
11 128 1
11 130 1
11 134 1
11 139 1
11 146 1
11 166 1
12 15 1
12 23 1
12 25 1
12 29 1
12 36 1
12 49 1
12 55 1
12 82 1
12 95 1
12 109 1
12 113 1
12 114 1
12 121 1
12 133 1
12 144 1
12 146 1
12 153 1
12 158 1
13 14 1
13 26 1
13 37 1
13 54 1
13 60 1
13 74 1
13 75 1
13 85 1
13 89 1
13 92 1
13 93 1
13 100 1
13 102 1
13 105 1
13 107 1
13 110 1
13 120 1
13 121 1
13 122 1
13 144 1
13 153 1
13 160 1
13 166 1
13 169 1
14 26 1
14 33 1
14 36 1
14 67 1
14 69 1
14 72 1
14 75 1
14 76 1
14 77 1
14 80 1
14 81 1
14 94 1
14 104 1
14 109 1
14 111 1
14 116 1
14 120 1
14 128 1
14 137 1
14 142 1
14 152 1
14 159 1
14 160 1
14 166 1
14 168 1
15 22 1
15 25 1
15 35 1
15 36 1
15 41 1
15 44 1
15 45 1
15 47 1
15 55 1
15 72 1
15 83 1
15 97 1
15 98 1
15 104 1
15 115 1
15 139 1
15 141 1
15 146 1
16 44 1
16 53 1
16 74 1
16 82 1
16 87 1
16 94 1
16 104 1
16 109 1
16 130 1
16 135 1
16 136 1
16 166 1
17 21 1
17 24 1
17 47 1
17 56 1
17 57 1
17 63 1
17 68 1
17 74 1
17 79 1
17 82 1
17 84 1
17 88 1
17 105 1
17 108 1
17 122 1
17 125 1
17 134 1
17 140 1
17 155 1
17 158 1
17 162 1
18 20 1
18 23 1
18 33 1
18 55 1
18 58 1
18 61 1
18 65 1
18 87 1
18 95 1
18 110 1
18 120 1
18 133 1
18 135 1
18 139 1
18 168 1
19 40 1
19 48 1
19 50 1
19 57 1
19 73 1
19 77 1
19 83 1
19 90 1
19 92 1
19 109 1
19 110 1
19 121 1
19 123 1
19 127 1
19 128 1
19 131 1
19 132 1
19 144 1
19 147 1
19 169 1
20 27 1
20 33 1
20 37 1
20 46 1
20 53 1
20 60 1
20 62 1
20 71 1
20 72 1
20 73 1
20 79 1
20 82 1
20 95 1
20 108 1
20 110 1
20 122 1
20 133 1
20 134 1
20 142 1
20 143 1
20 145 1
20 164 1
20 166 1
21 22 1
21 30 1
21 34 1
21 43 1
21 44 1
21 48 1
21 69 1
21 77 1
21 80 1
21 83 1
21 87 1
21 89 1
21 91 1
21 93 1
21 104 1
21 113 1
21 120 1
21 121 1
21 126 1
21 135 1
21 137 1
21 155 1
21 165 1
22 30 1
22 33 1
22 66 1
22 91 1
22 94 1
22 99 1
22 107 1
22 109 1
22 117 1
22 127 1
22 132 1
22 147 1
22 160 1
22 169 1
23 25 1
23 26 1
23 48 1
23 60 1
23 66 1
23 73 1
23 92 1
23 102 1
23 107 1
23 116 1
23 118 1
23 119 1
23 121 1
23 125 1
23 127 1
23 140 1
23 166 1
24 31 1
24 32 1
24 34 1
24 49 1
24 52 1
24 53 1
24 57 1
24 59 1
24 66 1
24 74 1
24 87 1
24 95 1
24 101 1
24 123 1
24 125 1
24 126 1
24 132 1
24 134 1
24 142 1
24 155 1
25 29 1
25 30 1
25 60 1
25 61 1
25 65 1
25 66 1
25 67 1
25 79 1
25 102 1
25 111 1
25 118 1
25 128 1
25 140 1
25 141 1
25 160 1
25 161 1
25 165 1
25 166 1
25 167 1
26 39 1
26 49 1
26 63 1
26 64 1
26 73 1
26 85 1
26 101 1
26 104 1
26 107 1
26 113 1
26 115 1
26 121 1
26 156 1
26 157 1
26 167 1
26 168 1
26 169 1
27 29 1
27 31 1
27 40 1
27 42 1
27 66 1
27 90 1
27 101 1
27 103 1
27 105 1
27 110 1
27 160 1
28 37 1
28 41 1
28 44 1
28 45 1
28 46 1
28 69 1
28 72 1
28 93 1
28 95 1
28 110 1
28 124 1
28 125 1
28 131 1
28 136 1
28 139 1
28 140 1
28 145 1
28 160 1
29 38 1
29 55 1
29 56 1
29 69 1
29 74 1
29 85 1
29 86 1
29 91 1
29 98 1
29 99 1
29 115 1
29 117 1
29 128 1
29 134 1
29 143 1
29 150 1
29 156 1
29 160 1
29 161 1
30 32 1
30 34 1
30 41 1
30 43 1
30 47 1
30 74 1
30 75 1
30 78 1
30 100 1
30 113 1
30 119 1
30 128 1
30 130 1
30 151 1
30 157 1
30 168 1
31 37 1
31 46 1
31 57 1
31 58 1
31 76 1
31 89 1
31 100 1
31 115 1
31 123 1
31 131 1
31 136 1
31 141 1
31 143 1
31 153 1
31 167 1
31 169 1
32 37 1
32 43 1
32 45 1
32 58 1
32 59 1
32 61 1
32 71 1
32 86 1
32 88 1
32 90 1
32 93 1
32 101 1
32 111 1
32 120 1
32 131 1
32 134 1
32 140 1
32 146 1
33 40 1
33 41 1
33 48 1
33 56 1
33 68 1
33 69 1
33 99 1
33 119 1
33 120 1
33 128 1
33 140 1
33 146 1
33 154 1
33 160 1
34 37 1
34 38 1
34 41 1
34 45 1
34 48 1
34 54 1
34 55 1
34 56 1
34 68 1
34 88 1
34 93 1
34 96 1
34 111 1
34 115 1
34 117 1
34 124 1
34 141 1
34 145 1
34 160 1
34 168 1
35 40 1
35 58 1
35 60 1
35 89 1
35 92 1
35 96 1
35 106 1
35 115 1
35 119 1
35 127 1
35 144 1
35 145 1
35 148 1
35 152 1
35 157 1
35 159 1
35 164 1
36 38 1
36 45 1
36 47 1
36 63 1
36 84 1
36 92 1
36 93 1
36 95 1
36 110 1
36 118 1
36 125 1
36 127 1
36 139 1
36 147 1
36 156 1
36 163 1
36 164 1
36 165 1
37 45 1
37 58 1
37 61 1
37 62 1
37 64 1
37 65 1
37 79 1
37 86 1
37 94 1
37 131 1
37 132 1
37 138 1
37 141 1
37 149 1
38 39 1
38 54 1
38 80 1
38 83 1
38 117 1
38 121 1
38 122 1
38 126 1
38 131 1
38 134 1
38 143 1
38 146 1
38 160 1
38 165 1
38 168 1
39 40 1
39 45 1
39 61 1
39 67 1
39 70 1
39 74 1
39 82 1
39 89 1
39 112 1
39 113 1
39 118 1
39 122 1
39 139 1
39 141 1
39 143 1
39 144 1
39 166 1
40 47 1
40 52 1
40 68 1
40 79 1
40 82 1
40 84 1
40 102 1
40 110 1
40 127 1
40 143 1
40 164 1
40 165 1
40 166 1
41 54 1
41 59 1
41 62 1
41 74 1
41 87 1
41 90 1
41 97 1
41 108 1
41 110 1
41 142 1
41 143 1
41 149 1
41 168 1
42 43 1
42 45 1
42 68 1
42 79 1
42 88 1
42 92 1
42 113 1
42 127 1
42 129 1
42 131 1
42 157 1
42 161 1
42 167 1
42 168 1
43 46 1
43 48 1
43 64 1
43 79 1
43 83 1
43 89 1
43 92 1
43 94 1
43 113 1
43 133 1
43 144 1
43 147 1
43 152 1
43 169 1
44 47 1
44 56 1
44 60 1
44 64 1
44 70 1
44 71 1
44 77 1
44 82 1
44 88 1
44 89 1
44 91 1
44 97 1
44 98 1
44 100 1
44 115 1
44 116 1
44 117 1
44 127 1
44 134 1
44 140 1
44 144 1
44 145 1
44 149 1
44 154 1
44 155 1
44 159 1
45 58 1
45 62 1
45 68 1
45 71 1
45 74 1
45 79 1
45 82 1
45 86 1
45 88 1
45 94 1
45 127 1
45 133 1
45 144 1
45 145 1
45 147 1
45 151 1
45 152 1
45 166 1
45 167 1
46 52 1
46 55 1
46 61 1
46 75 1
46 76 1
46 81 1
46 101 1
46 109 1
46 113 1
46 116 1
46 120 1
46 128 1
46 158 1
46 159 1
47 48 1
47 49 1
47 51 1
47 53 1
47 56 1
47 58 1
47 66 1
47 75 1
47 78 1
47 87 1
47 89 1
47 107 1
47 155 1
47 161 1
47 164 1
47 166 1
47 169 1
48 54 1
48 66 1
48 69 1
48 70 1
48 91 1
48 95 1
48 100 1
48 102 1
48 107 1
48 110 1
48 112 1
48 113 1
48 126 1
48 127 1
48 136 1
48 149 1
48 151 1
48 159 1
48 160 1
48 162 1
48 169 1
49 62 1
49 66 1
49 76 1
49 148 1
49 150 1
49 152 1
49 155 1
49 165 1
50 59 1
50 75 1
50 82 1
50 84 1
50 88 1
50 93 1
50 98 1
50 109 1
50 111 1
50 115 1
50 119 1
50 127 1
50 134 1
50 137 1
50 146 1
50 157 1
50 158 1
50 159 1
50 162 1
51 66 1
51 69 1
51 71 1
51 72 1
51 78 1
51 83 1
51 87 1
51 100 1
51 112 1
51 122 1
51 130 1
51 132 1
51 135 1
51 148 1
51 152 1
52 59 1
52 68 1
52 81 1
52 88 1
52 107 1
52 122 1
52 124 1
52 127 1
52 129 1
52 136 1
52 150 1
52 161 1
52 164 1
52 169 1
53 56 1
53 58 1
53 75 1
53 76 1
53 96 1
53 121 1
53 123 1
53 133 1
53 154 1
54 66 1
54 68 1
54 86 1
54 90 1
54 92 1
54 103 1
54 105 1
54 109 1
54 113 1
54 122 1
54 136 1
54 137 1
54 142 1
54 143 1
54 147 1
54 157 1
55 56 1
55 64 1
55 80 1
55 81 1
55 87 1
55 94 1
55 95 1
55 96 1
55 108 1
55 111 1
55 120 1
55 122 1
55 123 1
55 143 1
55 152 1
56 62 1
56 64 1
56 67 1
56 76 1
56 88 1
56 101 1
56 107 1
56 115 1
56 122 1
56 156 1
56 166 1
57 65 1
57 69 1
57 72 1
57 89 1
57 92 1
57 96 1
57 106 1
57 116 1
57 118 1
57 125 1
57 129 1
57 134 1
57 146 1
57 148 1
57 154 1
57 157 1
57 159 1
57 160 1
57 164 1
58 61 1
58 77 1
58 81 1
58 82 1
58 95 1
58 99 1
58 125 1
58 144 1
58 163 1
59 64 1
59 71 1
59 82 1
59 84 1
59 88 1
59 111 1
59 121 1
59 125 1
59 136 1
59 137 1
59 138 1
59 152 1
60 72 1
60 94 1
60 97 1
60 104 1
60 105 1
60 107 1
60 121 1
60 135 1
60 147 1
60 151 1
60 169 1
61 62 1
61 65 1
61 79 1
61 97 1
61 121 1
61 124 1
61 126 1
61 137 1
61 143 1
61 145 1
61 151 1
61 157 1
61 158 1
61 164 1
62 63 1
62 114 1
62 115 1
62 125 1
62 133 1
62 137 1
62 150 1
63 67 1
63 73 1
63 133 1
63 140 1
63 143 1
63 144 1
63 162 1
63 165 1
64 66 1
64 67 1
64 73 1
64 78 1
64 82 1
64 85 1
64 89 1
64 117 1
64 122 1
64 125 1
64 128 1
64 134 1
64 139 1
64 146 1
64 147 1
65 66 1
65 73 1
65 78 1
65 92 1
65 94 1
65 99 1
65 105 1
65 116 1
65 117 1
65 121 1
65 128 1
65 129 1
65 141 1
65 146 1
65 156 1
65 164 1
65 168 1
66 70 1
66 77 1
66 87 1
66 92 1
66 93 1
66 117 1
66 122 1
66 127 1
66 134 1
66 142 1
66 145 1
66 146 1
66 148 1
66 164 1
67 79 1
67 80 1
67 92 1
67 94 1
67 96 1
67 106 1
67 108 1
67 110 1
67 111 1
67 112 1
67 113 1
67 114 1
67 137 1
67 143 1
67 144 1
67 146 1
67 158 1
67 162 1
68 81 1
68 91 1
68 93 1
68 94 1
68 97 1
68 110 1
68 124 1
68 135 1
68 143 1
68 147 1
68 153 1
68 155 1
68 156 1
68 164 1
69 81 1
69 85 1
69 86 1
69 89 1
69 95 1
69 99 1
69 111 1
69 131 1
69 135 1
69 145 1
69 161 1
69 164 1
70 73 1
70 79 1
70 103 1
70 104 1
70 109 1
70 113 1
70 119 1
70 122 1
70 129 1
70 140 1
70 151 1
70 152 1
70 155 1
70 162 1
70 167 1
71 84 1
71 87 1
71 109 1
71 114 1
71 127 1
71 140 1
71 144 1
71 169 1
72 75 1
72 76 1
72 85 1
72 87 1
72 97 1
72 100 1
72 124 1
72 126 1
72 127 1
72 136 1
72 141 1
72 142 1
72 163 1
72 165 1
73 91 1
73 93 1
73 98 1
73 114 1
73 125 1
73 128 1
73 130 1
73 139 1
73 142 1
73 151 1
73 161 1
73 162 1
74 80 1
74 88 1
74 90 1
74 97 1
74 104 1
74 105 1
74 127 1
74 131 1
74 135 1
74 136 1
74 137 1
74 146 1
74 156 1
75 83 1
75 84 1
75 89 1
75 95 1
75 119 1
75 127 1
75 137 1
75 145 1
75 149 1
75 150 1
76 79 1
76 93 1
76 94 1
76 98 1
76 108 1
76 142 1
76 154 1
76 158 1
76 164 1
76 166 1
77 83 1
77 87 1
77 94 1
77 102 1
77 103 1
77 104 1
77 107 1
77 108 1
77 115 1
77 118 1
77 119 1
77 146 1
77 155 1
77 157 1
77 161 1
78 90 1
78 92 1
78 94 1
78 99 1
78 112 1
78 117 1
78 118 1
78 123 1
78 145 1
78 152 1
78 156 1
78 159 1
78 164 1
79 83 1
79 90 1
79 110 1
79 112 1
79 115 1
79 120 1
79 124 1
79 133 1
79 134 1
79 137 1
79 139 1
79 145 1
79 157 1
79 166 1
79 168 1
80 114 1
80 126 1
80 145 1
80 146 1
80 155 1
80 158 1
80 169 1
81 84 1
81 85 1
81 114 1
81 116 1
81 120 1
81 123 1
81 129 1
81 132 1
81 134 1
81 155 1
81 163 1
82 90 1
82 103 1
82 107 1
82 121 1
82 124 1
82 136 1
82 141 1
82 150 1
82 168 1
83 88 1
83 108 1
83 114 1
83 120 1
83 123 1
83 126 1
83 127 1
83 131 1
83 152 1
83 153 1
83 164 1
83 165 1
84 89 1
84 92 1
84 95 1
84 96 1
84 110 1
84 115 1
84 127 1
84 139 1
84 144 1
84 156 1
84 169 1
85 89 1
85 102 1
85 110 1
85 126 1
85 151 1
85 163 1
86 97 1
86 108 1
86 111 1
86 114 1
86 116 1
86 117 1
86 118 1
86 119 1
86 125 1
86 133 1
86 134 1
86 146 1
86 154 1
86 163 1
86 165 1
87 122 1
87 144 1
87 148 1
87 149 1
87 158 1
87 162 1
87 168 1
88 91 1
88 96 1
88 100 1
88 102 1
88 126 1
88 136 1
88 142 1
88 151 1
88 157 1
88 163 1
88 165 1
89 97 1
89 113 1
89 114 1
89 120 1
89 122 1
89 130 1
89 141 1
89 150 1
89 152 1
89 164 1
89 167 1
90 118 1
90 128 1
90 131 1
90 132 1
90 135 1
90 138 1
90 152 1
90 158 1
91 95 1
91 97 1
91 100 1
91 112 1
91 125 1
91 129 1
91 149 1
91 153 1
91 162 1
92 93 1
92 96 1
92 97 1
92 100 1
92 102 1
92 114 1
92 123 1
92 133 1
92 154 1
92 163 1
92 166 1
93 94 1
93 111 1
93 116 1
93 120 1
93 153 1
94 99 1
94 106 1
94 115 1
94 120 1
94 127 1
94 134 1
94 143 1
94 145 1
94 153 1
94 158 1
94 160 1
94 164 1
94 165 1
95 96 1
95 110 1
95 116 1
95 134 1
95 142 1
95 143 1
95 145 1
95 148 1
95 150 1
95 158 1
95 160 1
95 162 1
95 167 1
96 98 1
96 103 1
96 108 1
96 130 1
96 136 1
96 149 1
96 164 1
97 105 1
97 107 1
97 112 1
97 115 1
97 117 1
97 118 1
97 121 1
97 122 1
97 137 1
97 138 1
97 159 1
97 160 1
98 100 1
98 117 1
98 125 1
98 136 1
98 140 1
98 154 1
98 155 1
98 159 1
98 166 1
99 104 1
99 110 1
99 112 1
99 147 1
99 148 1
99 150 1
99 160 1
99 164 1
99 165 1
99 167 1
100 101 1
100 104 1
100 109 1
100 111 1
100 128 1
100 132 1
100 141 1
100 143 1
100 147 1
100 155 1
100 160 1
100 162 1
100 165 1
101 107 1
101 137 1
101 158 1
101 160 1
102 107 1
102 110 1
102 134 1
102 152 1
102 161 1
103 124 1
103 126 1
103 127 1
103 132 1
103 156 1
104 108 1
104 133 1
104 134 1
104 142 1
104 152 1
104 160 1
105 107 1
105 112 1
105 133 1
105 137 1
106 111 1
106 120 1
106 121 1
106 125 1
106 127 1
106 134 1
106 136 1
106 138 1
106 144 1
106 147 1
106 163 1
107 113 1
107 116 1
107 136 1
107 149 1
107 166 1
108 127 1
108 134 1
108 136 1
108 142 1
108 145 1
108 152 1
108 168 1
109 117 1
109 120 1
109 136 1
109 137 1
109 142 1
109 145 1
109 149 1
109 153 1
109 161 1
109 162 1
110 123 1
110 124 1
110 135 1
110 141 1
110 158 1
110 160 1
110 161 1
110 162 1
111 113 1
111 117 1
111 129 1
111 130 1
111 133 1
111 143 1
111 144 1
111 163 1
111 168 1
112 116 1
112 121 1
112 122 1
112 129 1
112 149 1
112 150 1
112 160 1
112 169 1
113 117 1
113 126 1
113 148 1
113 162 1
113 167 1
113 168 1
114 117 1
114 121 1
114 129 1
114 136 1
114 149 1
114 166 1
115 120 1
115 128 1
115 129 1
115 130 1
115 132 1
115 138 1
115 140 1
115 147 1
115 159 1
115 166 1
116 118 1
116 121 1
116 124 1
116 126 1
116 128 1
116 138 1
116 145 1
116 151 1
117 121 1
117 147 1
117 151 1
117 161 1
117 164 1
118 122 1
118 134 1
118 139 1
118 161 1
118 164 1
119 123 1
119 143 1
119 166 1
120 127 1
120 132 1
120 136 1
120 146 1
121 122 1
121 127 1
121 136 1
121 150 1
121 159 1
121 163 1
121 169 1
122 126 1
122 130 1
122 139 1
122 152 1
122 156 1
123 134 1
123 138 1
123 146 1
124 152 1
124 168 1
125 128 1
125 155 1
125 164 1
126 135 1
126 144 1
126 148 1
126 162 1
126 169 1
127 142 1
127 151 1
127 166 1
128 162 1
128 163 1
128 167 1
129 146 1
129 147 1
129 149 1
129 150 1
129 163 1
129 167 1
130 135 1
130 137 1
130 141 1
130 142 1
130 156 1
130 167 1
131 134 1
131 143 1
131 152 1
131 158 1
131 159 1
131 162 1
132 137 1
132 140 1
132 142 1
132 146 1
132 158 1
132 160 1
133 135 1
133 137 1
133 163 1
133 165 1
133 168 1
134 142 1
134 146 1
134 147 1
134 148 1
134 154 1
134 156 1
134 161 1
134 166 1
135 140 1
135 145 1
135 160 1
135 167 1
136 137 1
136 138 1
136 146 1
136 154 1
136 161 1
137 139 1
137 157 1
137 158 1
137 161 1
137 163 1
137 165 1
137 166 1
139 144 1
139 148 1
139 159 1
139 167 1
140 146 1
140 151 1
140 152 1
140 155 1
140 159 1
140 162 1
140 165 1
141 142 1
141 146 1
141 161 1
141 162 1
142 152 1
142 156 1
142 157 1
142 158 1
142 166 1
143 144 1
143 152 1
143 156 1
143 165 1
143 168 1
143 169 1
144 152 1
145 159 1
145 160 1
146 147 1
146 152 1
146 163 1
147 148 1
147 163 1
148 167 1
149 155 1
150 152 1
150 153 1
150 165 1
151 162 1
151 163 1
152 169 1
154 162 1
154 163 1
154 165 1
154 168 1
155 164 1
158 162 1
158 163 1
158 165 1
158 167 1
159 163 1
159 166 1
161 162 1
161 163 1
161 167 1
163 169 1
165 166 1
168 169 1
1
122 61 37 6 85 66 126 17 121 120 15 58 135 55 153 99 16
