1481
0 11 1
0 15 1
0 20 1
0 23 1
0 28 1
0 32 1
0 36 1
0 47 1
0 58 1
0 62 1
0 67 1
0 79 1
0 87 1
0 90 1
0 93 1
0 100 1
0 114 1
0 116 1
0 121 1
0 124 1
0 133 1
0 138 1
0 139 1
0 144 1
1 12 1
1 25 1
1 32 1
1 49 1
1 53 1
1 64 1
1 72 1
1 82 1
1 83 1
1 97 1
1 98 1
1 102 1
1 106 1
1 111 1
1 117 1
1 126 1
1 129 1
1 141 1
1 148 1
2 3 1
2 10 1
2 16 1
2 18 1
2 35 1
2 58 1
2 86 1
2 89 1
2 94 1
2 98 1
2 106 1
2 110 1
2 111 1
2 119 1
2 126 1
2 127 1
2 135 1
2 142 1
2 149 1
3 7 1
3 18 1
3 19 1
3 22 1
3 29 1
3 48 1
3 54 1
3 56 1
3 63 1
3 67 1
3 70 1
3 72 1
3 78 1
3 81 1
3 92 1
3 97 1
3 101 1
3 104 1
3 109 1
3 118 1
3 119 1
3 123 1
3 125 1
3 136 1
3 138 1
3 146 1
4 5 1
4 10 1
4 17 1
4 28 1
4 30 1
4 38 1
4 48 1
4 53 1
4 54 1
4 57 1
4 61 1
4 62 1
4 73 1
4 86 1
4 96 1
4 101 1
4 116 1
4 130 1
4 135 1
4 137 1
4 139 1
4 147 1
5 11 1
5 15 1
5 25 1
5 36 1
5 48 1
5 54 1
5 58 1
5 65 1
5 66 1
5 87 1
5 95 1
5 100 1
5 111 1
5 122 1
5 132 1
5 134 1
5 137 1
5 144 1
5 146 1
6 12 1
6 17 1
6 21 1
6 24 1
6 26 1
6 30 1
6 32 1
6 47 1
6 51 1
6 57 1
6 71 1
6 90 1
6 99 1
6 100 1
6 103 1
6 104 1
6 106 1
6 111 1
6 113 1
6 115 1
6 116 1
6 118 1
6 119 1
6 121 1
6 122 1
6 134 1
6 142 1
6 147 1
6 148 1
7 36 1
7 40 1
7 42 1
7 50 1
7 59 1
7 72 1
7 77 1
7 85 1
7 91 1
7 95 1
7 96 1
7 98 1
7 103 1
7 126 1
7 135 1
7 149 1
8 9 1
8 25 1
8 27 1
8 31 1
8 36 1
8 39 1
8 53 1
8 55 1
8 66 1
8 70 1
8 79 1
8 82 1
8 85 1
8 92 1
8 95 1
8 96 1
8 100 1
8 117 1
8 118 1
8 121 1
8 122 1
8 124 1
8 129 1
8 131 1
9 10 1
9 16 1
9 70 1
9 71 1
9 82 1
9 91 1
9 99 1
9 108 1
9 109 1
9 112 1
9 120 1
9 135 1
9 137 1
9 143 1
10 24 1
10 33 1
10 58 1
10 62 1
10 75 1
10 91 1
10 95 1
10 104 1
10 125 1
10 127 1
10 131 1
10 132 1
10 136 1
10 137 1
10 144 1
10 145 1
10 148 1
10 149 1
11 26 1
11 36 1
11 39 1
11 41 1
11 44 1
11 53 1
11 77 1
11 83 1
11 89 1
11 102 1
11 110 1
11 114 1
11 122 1
11 126 1
12 27 1
12 36 1
12 38 1
12 39 1
12 45 1
12 47 1
12 51 1
12 54 1
12 62 1
12 64 1
12 70 1
12 73 1
12 78 1
12 82 1
12 95 1
12 96 1
12 101 1
12 104 1
12 108 1
12 116 1
12 120 1
12 129 1
12 135 1
12 146 1
13 36 1
13 58 1
13 61 1
13 66 1
13 71 1
13 72 1
13 74 1
13 78 1
13 83 1
13 90 1
13 91 1
13 100 1
13 104 1
13 111 1
13 116 1
13 120 1
13 123 1
13 130 1
13 136 1
14 22 1
14 39 1
14 40 1
14 43 1
14 50 1
14 68 1
14 103 1
14 106 1
14 109 1
14 111 1
14 118 1
14 122 1
14 124 1
14 134 1
14 137 1
14 138 1
14 147 1
14 148 1
15 32 1
15 40 1
15 49 1
15 53 1
15 54 1
15 60 1
15 75 1
15 76 1
15 89 1
15 90 1
15 92 1
15 111 1
16 21 1
16 27 1
16 32 1
16 34 1
16 51 1
16 57 1
16 59 1
16 69 1
16 72 1
16 76 1
16 79 1
16 89 1
16 92 1
16 95 1
16 109 1
16 114 1
16 123 1
16 126 1
16 128 1
16 137 1
16 139 1
16 140 1
16 146 1
17 19 1
17 25 1
17 30 1
17 37 1
17 56 1
17 76 1
17 83 1
17 91 1
17 99 1
17 109 1
17 111 1
17 112 1
17 116 1
17 123 1
17 131 1
17 133 1
17 137 1
17 143 1
18 23 1
18 42 1
18 51 1
18 55 1
18 56 1
18 57 1
18 60 1
18 61 1
18 65 1
18 66 1
18 67 1
18 74 1
18 78 1
18 84 1
18 106 1
18 112 1
18 114 1
18 122 1
18 132 1
18 144 1
19 22 1
19 25 1
19 31 1
19 43 1
19 51 1
19 65 1
19 67 1
19 79 1
19 80 1
19 103 1
19 104 1
19 111 1
19 115 1
19 120 1
19 128 1
19 130 1
19 143 1
19 148 1
20 23 1
20 26 1
20 37 1
20 42 1
20 47 1
20 53 1
20 71 1
20 74 1
20 81 1
20 82 1
20 84 1
20 89 1
20 92 1
20 95 1
20 99 1
20 101 1
20 108 1
20 114 1
20 119 1
20 137 1
21 29 1
21 30 1
21 45 1
21 46 1
21 48 1
21 63 1
21 67 1
21 72 1
21 86 1
21 88 1
21 95 1
21 98 1
21 103 1
21 105 1
21 111 1
21 115 1
21 123 1
22 29 1
22 30 1
22 31 1
22 34 1
22 39 1
22 54 1
22 59 1
22 61 1
22 70 1
22 94 1
22 104 1
22 110 1
22 131 1
22 140 1
23 28 1
23 33 1
23 42 1
23 44 1
23 47 1
23 55 1
23 71 1
23 78 1
23 79 1
23 89 1
23 99 1
23 101 1
23 106 1
23 107 1
23 111 1
23 115 1
23 120 1
23 121 1
23 129 1
23 133 1
23 139 1
23 143 1
23 147 1
23 149 1
24 39 1
24 46 1
24 63 1
24 64 1
24 66 1
24 76 1
24 85 1
24 87 1
24 89 1
24 100 1
24 108 1
24 109 1
24 110 1
24 130 1
24 134 1
24 136 1
25 44 1
25 45 1
25 53 1
25 57 1
25 78 1
25 81 1
25 83 1
25 86 1
25 90 1
25 91 1
25 95 1
25 103 1
25 105 1
25 106 1
25 112 1
25 115 1
25 116 1
25 126 1
25 127 1
25 136 1
25 144 1
25 146 1
25 149 1
26 37 1
26 49 1
26 62 1
26 68 1
26 70 1
26 76 1
26 84 1
26 89 1
26 103 1
26 124 1
26 129 1
26 141 1
26 145 1
27 28 1
27 39 1
27 42 1
27 44 1
27 49 1
27 50 1
27 70 1
27 79 1
27 81 1
27 113 1
27 114 1
27 117 1
27 118 1
27 119 1
27 125 1
27 136 1
27 137 1
27 143 1
28 34 1
28 36 1
28 50 1
28 60 1
28 70 1
28 72 1
28 77 1
28 98 1
28 100 1
28 101 1
28 102 1
28 103 1
28 106 1
28 116 1
28 126 1
28 128 1
28 130 1
28 133 1
28 136 1
28 138 1
28 145 1
29 39 1
29 41 1
29 44 1
29 45 1
29 57 1
29 67 1
29 68 1
29 88 1
29 102 1
29 108 1
29 127 1
29 132 1
29 141 1
29 148 1
30 31 1
30 32 1
30 40 1
30 43 1
30 46 1
30 48 1
30 53 1
30 65 1
30 67 1
30 73 1
30 79 1
30 93 1
30 105 1
30 111 1
30 116 1
30 120 1
30 124 1
30 128 1
30 130 1
30 131 1
31 32 1
31 45 1
31 46 1
31 58 1
31 67 1
31 83 1
31 103 1
31 107 1
31 108 1
31 115 1
31 136 1
31 142 1
31 146 1
32 37 1
32 40 1
32 48 1
32 55 1
32 57 1
32 73 1
32 83 1
32 85 1
32 107 1
32 110 1
32 121 1
32 122 1
32 124 1
33 41 1
33 56 1
33 57 1
33 58 1
33 72 1
33 78 1
33 85 1
33 87 1
33 90 1
33 91 1
33 99 1
33 102 1
33 103 1
33 112 1
33 117 1
33 123 1
33 141 1
34 52 1
34 70 1
34 85 1
34 92 1
34 109 1
34 129 1
34 130 1
34 131 1
34 133 1
34 135 1
34 142 1
34 146 1
35 54 1
35 62 1
35 76 1
35 77 1
35 91 1
35 105 1
35 108 1
35 115 1
35 118 1
35 122 1
35 138 1
35 144 1
36 41 1
36 53 1
36 56 1
36 72 1
36 75 1
36 78 1
36 82 1
36 105 1
36 118 1
36 126 1
37 39 1
37 42 1
37 43 1
37 54 1
37 55 1
37 68 1
37 72 1
37 80 1
37 84 1
37 88 1
37 89 1
37 94 1
37 95 1
37 100 1
37 103 1
37 104 1
37 107 1
37 126 1
37 133 1
37 134 1
38 81 1
38 82 1
38 85 1
38 90 1
38 101 1
38 112 1
38 123 1
38 125 1
38 133 1
38 135 1
39 47 1
39 52 1
39 61 1
39 74 1
39 75 1
39 81 1
39 83 1
39 97 1
39 99 1
39 109 1
39 135 1
39 141 1
39 143 1
39 144 1
39 147 1
40 42 1
40 55 1
40 64 1
40 66 1
40 77 1
40 81 1
40 91 1
40 108 1
40 115 1
40 116 1
40 120 1
40 122 1
40 126 1
40 128 1
40 129 1
40 145 1
41 46 1
41 63 1
41 69 1
41 73 1
41 84 1
41 91 1
41 98 1
41 104 1
41 115 1
41 122 1
41 126 1
41 128 1
41 133 1
41 137 1
41 144 1
41 147 1
41 148 1
42 46 1
42 56 1
42 61 1
42 68 1
42 72 1
42 78 1
42 79 1
42 81 1
42 84 1
42 98 1
42 99 1
42 119 1
42 130 1
42 136 1
42 142 1
43 45 1
43 69 1
43 80 1
43 81 1
43 82 1
43 87 1
43 105 1
43 106 1
43 114 1
43 120 1
43 142 1
44 48 1
44 51 1
44 57 1
44 58 1
44 68 1
44 69 1
44 70 1
44 106 1
44 109 1
44 113 1
44 121 1
44 122 1
44 147 1
45 60 1
45 87 1
45 89 1
45 94 1
45 99 1
45 114 1
45 119 1
45 132 1
45 139 1
45 141 1
45 149 1
46 63 1
46 87 1
46 92 1
46 94 1
46 103 1
46 104 1
46 113 1
46 123 1
46 125 1
46 131 1
46 135 1
46 144 1
46 146 1
47 68 1
47 74 1
47 81 1
47 86 1
47 95 1
47 99 1
47 107 1
47 109 1
47 117 1
47 125 1
47 132 1
47 137 1
47 140 1
48 50 1
48 69 1
48 77 1
48 79 1
48 86 1
48 93 1
48 101 1
48 112 1
48 114 1
48 120 1
48 121 1
48 127 1
48 149 1
49 63 1
49 66 1
49 79 1
49 81 1
49 89 1
49 98 1
49 99 1
49 103 1
49 107 1
49 112 1
49 117 1
49 131 1
49 137 1
49 146 1
50 60 1
50 73 1
50 88 1
50 90 1
50 96 1
50 109 1
50 125 1
50 137 1
50 140 1
50 143 1
50 144 1
50 148 1
50 149 1
51 65 1
51 66 1
51 67 1
51 71 1
51 83 1
51 84 1
51 89 1
51 94 1
51 99 1
51 112 1
51 115 1
51 124 1
51 134 1
51 138 1
51 141 1
51 145 1
52 68 1
52 72 1
52 91 1
52 96 1
52 113 1
52 114 1
52 117 1
52 120 1
52 122 1
52 138 1
52 143 1
53 58 1
53 88 1
53 89 1
53 107 1
53 116 1
53 117 1
53 131 1
53 141 1
53 142 1
53 146 1
54 68 1
54 80 1
54 81 1
54 86 1
54 87 1
54 95 1
54 97 1
54 106 1
54 109 1
54 111 1
54 114 1
54 116 1
54 137 1
55 58 1
55 59 1
55 61 1
55 82 1
55 85 1
55 100 1
55 106 1
55 118 1
55 134 1
56 59 1
56 60 1
56 61 1
56 73 1
56 77 1
56 79 1
56 89 1
56 101 1
56 109 1
56 132 1
56 136 1
56 146 1
57 66 1
57 73 1
57 74 1
57 78 1
57 79 1
57 82 1
57 91 1
57 92 1
57 107 1
57 119 1
57 131 1
57 139 1
57 141 1
58 59 1
58 67 1
58 98 1
58 104 1
58 105 1
58 120 1
58 121 1
58 124 1
59 92 1
59 97 1
59 134 1
59 135 1
59 140 1
59 144 1
60 69 1
60 77 1
60 83 1
60 100 1
60 101 1
60 102 1
60 114 1
60 122 1
60 126 1
60 127 1
60 137 1
60 139 1
60 142 1
61 83 1
61 89 1
61 94 1
61 100 1
61 110 1
61 111 1
61 124 1
61 132 1
61 142 1
62 71 1
62 72 1
62 91 1
62 101 1
62 103 1
62 117 1
62 118 1
62 140 1
62 142 1
63 64 1
63 65 1
63 66 1
63 81 1
63 83 1
63 105 1
63 128 1
63 134 1
63 138 1
63 141 1
63 142 1
63 146 1
63 148 1
64 67 1
64 86 1
64 87 1
64 96 1
64 98 1
64 100 1
64 101 1
64 108 1
64 110 1
64 116 1
64 117 1
64 139 1
64 148 1
64 149 1
65 69 1
65 71 1
65 80 1
65 89 1
65 95 1
65 100 1
65 114 1
65 131 1
65 134 1
65 142 1
65 143 1
65 144 1
66 69 1
66 87 1
66 97 1
66 98 1
66 99 1
66 110 1
66 117 1
66 122 1
66 126 1
66 137 1
67 70 1
67 79 1
67 80 1
67 98 1
67 103 1
67 116 1
67 134 1
67 137 1
67 147 1
68 85 1
68 90 1
68 98 1
68 106 1
68 111 1
68 114 1
68 121 1
68 124 1
68 126 1
68 135 1
68 139 1
68 149 1
69 78 1
69 94 1
69 100 1
69 101 1
69 103 1
69 108 1
69 111 1
69 139 1
69 140 1
69 146 1
70 76 1
70 85 1
70 89 1
70 101 1
70 125 1
70 132 1
70 135 1
70 136 1
70 139 1
70 141 1
70 148 1
71 76 1
71 82 1
71 86 1
71 88 1
71 89 1
71 90 1
71 104 1
71 112 1
71 120 1
71 136 1
71 140 1
72 92 1
72 94 1
72 100 1
72 109 1
72 115 1
72 118 1
72 120 1
72 137 1
73 81 1
73 87 1
73 88 1
73 91 1
73 108 1
73 114 1
73 138 1
73 144 1
74 95 1
74 101 1
74 102 1
74 104 1
74 128 1
74 130 1
74 139 1
74 140 1
75 79 1
75 80 1
75 86 1
75 88 1
75 89 1
75 97 1
75 101 1
75 104 1
75 111 1
75 115 1
75 117 1
75 134 1
75 142 1
76 84 1
76 92 1
76 95 1
76 101 1
76 102 1
76 119 1
76 121 1
76 143 1
76 144 1
77 83 1
77 95 1
77 105 1
77 127 1
77 128 1
77 130 1
77 143 1
78 101 1
78 103 1
78 107 1
78 119 1
78 120 1
78 122 1
78 123 1
78 127 1
78 129 1
78 130 1
78 138 1
79 83 1
79 89 1
79 93 1
79 108 1
79 126 1
79 133 1
79 138 1
80 85 1
80 90 1
80 96 1
80 108 1
80 131 1
80 135 1
80 137 1
80 140 1
80 146 1
80 149 1
81 85 1
81 90 1
81 91 1
81 92 1
81 105 1
81 120 1
81 126 1
81 127 1
81 128 1
81 131 1
81 138 1
81 139 1
81 146 1
81 149 1
82 84 1
82 97 1
82 101 1
82 114 1
82 130 1
82 131 1
82 141 1
83 84 1
83 93 1
83 94 1
83 113 1
83 127 1
83 149 1
84 90 1
84 97 1
84 111 1
84 112 1
84 123 1
84 128 1
84 132 1
84 135 1
84 137 1
84 141 1
84 145 1
85 86 1
85 90 1
85 114 1
85 123 1
85 138 1
86 88 1
86 91 1
86 120 1
86 122 1
86 131 1
86 134 1
87 96 1
87 121 1
87 128 1
87 130 1
87 142 1
87 145 1
87 148 1
88 94 1
88 107 1
88 115 1
88 127 1
88 133 1
88 146 1
88 147 1
89 92 1
89 99 1
89 115 1
89 123 1
89 131 1
89 133 1
89 141 1
89 148 1
90 95 1
90 112 1
90 120 1
90 125 1
90 127 1
90 129 1
90 137 1
90 144 1
91 101 1
91 123 1
91 125 1
91 135 1
91 138 1
92 96 1
92 101 1
92 108 1
92 110 1
92 112 1
92 127 1
92 135 1
92 140 1
92 142 1
92 144 1
92 149 1
93 105 1
93 106 1
93 112 1
93 113 1
93 116 1
93 120 1
93 126 1
93 127 1
93 128 1
93 145 1
93 147 1
94 95 1
94 102 1
94 104 1
94 117 1
94 118 1
94 128 1
94 134 1
94 142 1
94 143 1
95 96 1
95 109 1
95 130 1
95 142 1
95 148 1
96 100 1
96 110 1
96 114 1
96 128 1
96 129 1
96 131 1
96 135 1
96 139 1
96 141 1
96 142 1
97 98 1
97 112 1
97 113 1
97 115 1
97 119 1
97 126 1
97 129 1
97 131 1
98 105 1
98 110 1
98 113 1
98 117 1
98 131 1
98 137 1
98 138 1
98 145 1
99 106 1
99 107 1
99 122 1
100 109 1
100 133 1
100 137 1
100 143 1
101 105 1
101 109 1
101 113 1
101 115 1
101 123 1
101 137 1
101 142 1
101 147 1
102 110 1
102 116 1
102 133 1
102 138 1
102 142 1
102 143 1
102 144 1
103 107 1
103 115 1
103 127 1
103 140 1
103 142 1
103 147 1
104 105 1
104 108 1
104 116 1
104 117 1
104 130 1
104 141 1
104 146 1
105 106 1
105 115 1
105 122 1
105 125 1
105 132 1
105 135 1
105 138 1
105 146 1
106 113 1
106 129 1
106 131 1
106 133 1
106 135 1
107 110 1
107 116 1
107 118 1
107 123 1
107 124 1
108 117 1
108 120 1
108 122 1
108 124 1
108 134 1
108 137 1
109 113 1
109 137 1
109 142 1
109 149 1
110 128 1
110 131 1
110 142 1
111 118 1
111 127 1
111 130 1
111 132 1
111 138 1
111 149 1
112 114 1
112 117 1
112 133 1
113 127 1
113 135 1
113 136 1
114 132 1
114 135 1
115 131 1
115 147 1
116 131 1
116 133 1
117 119 1
117 123 1
117 125 1
117 132 1
117 138 1
117 145 1
118 130 1
118 133 1
118 143 1
118 144 1
118 145 1
119 126 1
119 130 1
119 131 1
119 134 1
119 139 1
119 140 1
119 143 1
119 144 1
119 145 1
120 148 1
121 136 1
123 130 1
123 139 1
123 143 1
123 146 1
124 125 1
124 130 1
124 139 1
124 146 1
124 147 1
125 131 1
126 127 1
126 139 1
127 139 1
127 146 1
128 132 1
128 139 1
128 140 1
128 146 1
128 147 1
129 130 1
129 141 1
130 134 1
130 136 1
130 149 1
131 141 1
131 142 1
131 149 1
132 144 1
132 145 1
134 143 1
134 144 1
134 146 1
135 142 1
135 144 1
135 146 1
136 142 1
136 148 1
138 140 1
138 146 1
138 148 1
140 141 1
140 146 1
141 142 1
141 144 1
142 144 1
142 146 1
142 149 1
143 144 1
143 147 1
144 146 1
1
51 149 127 59 63 58 107 19 94 105 119 55 24 9 108
