510
0 5 1
0 8 1
0 17 1
0 20 1
0 23 1
0 25 1
0 30 1
0 32 1
0 36 1
0 38 1
0 45 1
0 50 1
0 53 1
0 55 1
0 57 1
1 4 1
1 5 1
1 7 1
1 11 1
1 17 1
1 24 1
1 25 1
1 33 1
1 47 1
1 51 1
1 56 1
1 57 1
1 58 1
2 5 1
2 9 1
2 15 1
2 19 1
2 23 1
2 28 1
2 36 1
2 45 1
2 46 1
2 48 1
2 49 1
3 5 1
3 13 1
3 18 1
3 32 1
3 36 1
3 45 1
3 46 1
3 52 1
3 54 1
3 55 1
3 56 1
3 57 1
4 5 1
4 18 1
4 26 1
4 29 1
4 35 1
4 39 1
4 41 1
4 42 1
4 56 1
4 59 1
5 6 1
5 7 1
5 8 1
5 9 1
5 11 1
5 18 1
5 20 1
5 21 1
5 22 1
5 32 1
5 34 1
5 41 1
5 43 1
5 44 1
5 53 1
5 56 1
5 57 1
5 58 1
6 19 1
6 23 1
6 26 1
6 31 1
6 32 1
6 34 1
6 35 1
6 40 1
6 43 1
6 44 1
6 47 1
6 52 1
6 53 1
6 54 1
6 56 1
6 57 1
6 58 1
6 59 1
7 11 1
7 13 1
7 15 1
7 30 1
7 34 1
7 37 1
7 40 1
7 43 1
7 45 1
7 50 1
7 51 1
7 52 1
7 55 1
7 58 1
7 59 1
8 12 1
8 13 1
8 15 1
8 20 1
8 21 1
8 22 1
8 28 1
8 29 1
8 30 1
8 43 1
8 44 1
8 48 1
8 51 1
8 53 1
8 55 1
8 56 1
9 11 1
9 16 1
9 17 1
9 24 1
9 29 1
9 32 1
9 33 1
9 37 1
9 40 1
9 45 1
9 49 1
9 50 1
10 11 1
10 12 1
10 14 1
10 16 1
10 17 1
10 18 1
10 20 1
10 23 1
10 31 1
10 32 1
10 33 1
10 34 1
10 46 1
10 47 1
10 48 1
10 49 1
10 50 1
10 54 1
10 56 1
11 20 1
11 26 1
11 38 1
11 39 1
11 42 1
11 43 1
11 47 1
11 49 1
11 50 1
11 59 1
12 17 1
12 30 1
12 33 1
12 41 1
12 42 1
12 43 1
12 48 1
12 49 1
12 51 1
12 52 1
12 54 1
12 56 1
13 17 1
13 23 1
13 24 1
13 28 1
13 32 1
13 33 1
13 36 1
13 44 1
13 47 1
13 50 1
13 51 1
13 53 1
13 55 1
13 56 1
14 19 1
14 20 1
14 23 1
14 32 1
14 34 1
14 37 1
14 45 1
14 52 1
15 18 1
15 26 1
15 33 1
15 36 1
15 38 1
15 40 1
15 42 1
15 43 1
15 46 1
15 47 1
15 49 1
15 57 1
16 17 1
16 18 1
16 21 1
16 29 1
16 30 1
16 35 1
16 38 1
16 39 1
16 41 1
16 48 1
16 51 1
16 53 1
16 55 1
16 56 1
16 57 1
17 18 1
17 22 1
17 26 1
17 28 1
17 32 1
17 34 1
17 41 1
17 42 1
17 44 1
17 45 1
17 50 1
17 52 1
17 56 1
17 57 1
18 19 1
18 21 1
18 37 1
18 40 1
18 41 1
18 49 1
18 51 1
18 52 1
18 53 1
18 55 1
18 58 1
18 59 1
19 20 1
19 22 1
19 23 1
19 25 1
19 27 1
19 28 1
19 29 1
19 32 1
19 33 1
19 47 1
19 54 1
19 55 1
20 31 1
20 32 1
20 34 1
20 37 1
20 41 1
20 46 1
20 47 1
20 58 1
21 22 1
21 23 1
21 24 1
21 36 1
21 41 1
21 43 1
21 44 1
21 50 1
21 52 1
21 55 1
21 59 1
22 23 1
22 33 1
22 37 1
22 38 1
22 40 1
22 46 1
22 50 1
22 51 1
22 52 1
23 25 1
23 33 1
23 34 1
23 36 1
23 39 1
23 46 1
23 47 1
23 49 1
23 54 1
24 28 1
24 39 1
24 40 1
24 43 1
24 45 1
24 48 1
24 56 1
25 26 1
25 28 1
25 29 1
25 30 1
25 33 1
25 35 1
25 39 1
25 42 1
25 45 1
25 49 1
25 51 1
25 56 1
26 29 1
26 30 1
26 38 1
26 40 1
26 44 1
26 47 1
26 51 1
26 52 1
26 53 1
26 56 1
27 28 1
27 32 1
27 39 1
27 40 1
27 41 1
27 44 1
27 46 1
27 50 1
27 55 1
27 56 1
27 57 1
27 59 1
28 30 1
28 32 1
28 33 1
28 35 1
28 36 1
28 37 1
28 42 1
28 43 1
28 51 1
28 55 1
28 59 1
29 35 1
29 36 1
29 38 1
29 41 1
29 42 1
29 45 1
29 47 1
29 49 1
29 50 1
29 54 1
29 58 1
30 32 1
30 33 1
30 35 1
30 38 1
30 41 1
30 43 1
30 44 1
30 51 1
30 55 1
30 57 1
30 59 1
31 34 1
31 38 1
31 42 1
31 45 1
31 56 1
31 58 1
32 33 1
32 34 1
32 38 1
32 41 1
32 42 1
32 43 1
32 44 1
32 46 1
32 47 1
32 51 1
32 57 1
32 59 1
33 39 1
33 43 1
33 50 1
33 59 1
34 37 1
34 39 1
34 42 1
34 44 1
34 47 1
34 54 1
34 57 1
34 59 1
35 37 1
35 41 1
35 43 1
35 44 1
35 46 1
35 47 1
35 49 1
35 54 1
35 55 1
35 57 1
36 51 1
36 53 1
36 54 1
36 55 1
37 39 1
37 41 1
37 42 1
37 44 1
37 48 1
37 51 1
37 57 1
38 44 1
38 47 1
38 54 1
38 55 1
39 43 1
39 51 1
39 55 1
39 56 1
39 58 1
40 45 1
40 46 1
40 47 1
40 48 1
40 49 1
40 50 1
40 52 1
40 53 1
41 47 1
41 48 1
41 50 1
41 52 1
41 54 1
41 56 1
41 59 1
42 44 1
42 48 1
42 49 1
42 50 1
42 57 1
42 58 1
42 59 1
43 47 1
43 48 1
43 51 1
43 53 1
43 54 1
43 59 1
44 46 1
44 48 1
44 51 1
44 54 1
44 57 1
45 48 1
45 49 1
45 52 1
45 53 1
45 56 1
46 48 1
46 49 1
46 52 1
46 53 1
46 55 1
47 48 1
47 51 1
47 53 1
47 56 1
47 57 1
48 51 1
48 52 1
48 59 1
49 51 1
49 52 1
49 54 1
49 56 1
49 57 1
49 58 1
49 59 1
50 55 1
50 59 1
51 53 1
51 58 1
52 55 1
52 58 1
52 59 1
53 55 1
54 55 1
54 56 1
54 58 1
55 59 1
56 57 1
1
6 41 37 39 56 20
