574
0 11 1
0 22 1
0 23 1
0 26 1
0 31 1
0 32 1
0 33 1
0 42 1
0 43 1
0 44 1
0 45 1
0 48 1
0 50 1
0 51 1
0 52 1
0 54 1
0 56 1
0 63 1
1 5 1
1 7 1
1 10 1
1 11 1
1 13 1
1 15 1
1 20 1
1 27 1
1 36 1
1 37 1
1 44 1
1 45 1
1 46 1
1 47 1
1 48 1
1 50 1
1 54 1
1 62 1
1 63 1
1 66 1
1 68 1
2 4 1
2 9 1
2 10 1
2 15 1
2 16 1
2 21 1
2 25 1
2 27 1
2 38 1
2 43 1
2 48 1
2 52 1
2 61 1
3 11 1
3 19 1
3 20 1
3 22 1
3 24 1
3 25 1
3 39 1
3 43 1
3 44 1
3 49 1
3 52 1
3 58 1
3 62 1
3 64 1
3 66 1
3 69 1
4 11 1
4 13 1
4 16 1
4 28 1
4 43 1
4 45 1
4 46 1
4 53 1
4 55 1
4 58 1
4 59 1
4 61 1
4 64 1
4 65 1
4 68 1
5 6 1
5 8 1
5 13 1
5 21 1
5 22 1
5 26 1
5 27 1
5 28 1
5 29 1
5 32 1
5 37 1
5 42 1
5 46 1
5 49 1
5 54 1
5 55 1
5 58 1
5 65 1
5 68 1
6 10 1
6 14 1
6 25 1
6 28 1
6 30 1
6 38 1
6 45 1
6 55 1
6 58 1
6 61 1
6 65 1
6 67 1
6 68 1
7 10 1
7 16 1
7 18 1
7 24 1
7 25 1
7 36 1
7 44 1
7 49 1
7 51 1
7 62 1
7 63 1
7 67 1
8 9 1
8 10 1
8 16 1
8 17 1
8 22 1
8 24 1
8 25 1
8 35 1
8 37 1
8 42 1
8 44 1
8 46 1
8 57 1
8 60 1
8 63 1
8 65 1
9 14 1
9 19 1
9 20 1
9 31 1
9 34 1
9 36 1
9 43 1
9 45 1
9 48 1
9 54 1
9 59 1
9 62 1
9 66 1
9 69 1
10 13 1
10 14 1
10 15 1
10 27 1
10 30 1
10 33 1
10 39 1
10 46 1
10 52 1
10 57 1
10 58 1
10 60 1
10 63 1
10 64 1
11 14 1
11 16 1
11 18 1
11 20 1
11 21 1
11 24 1
11 26 1
11 27 1
11 29 1
11 36 1
11 40 1
11 46 1
11 51 1
11 53 1
11 56 1
11 68 1
11 69 1
12 15 1
12 22 1
12 23 1
12 27 1
12 31 1
12 32 1
12 35 1
12 37 1
12 42 1
12 49 1
12 58 1
12 59 1
12 61 1
12 65 1
12 67 1
13 20 1
13 22 1
13 34 1
13 36 1
13 46 1
13 59 1
13 60 1
13 65 1
14 17 1
14 19 1
14 34 1
14 36 1
14 48 1
14 54 1
14 58 1
14 59 1
14 67 1
14 69 1
15 21 1
15 29 1
15 30 1
15 32 1
15 38 1
15 40 1
15 44 1
15 45 1
15 56 1
15 60 1
15 62 1
15 63 1
15 66 1
16 19 1
16 26 1
16 28 1
16 33 1
16 51 1
16 65 1
16 67 1
16 68 1
17 23 1
17 34 1
17 38 1
17 39 1
17 42 1
17 43 1
17 45 1
17 48 1
17 59 1
17 64 1
18 21 1
18 29 1
18 32 1
18 38 1
18 51 1
18 54 1
18 55 1
18 56 1
18 59 1
18 60 1
18 61 1
18 63 1
18 65 1
18 67 1
19 32 1
19 36 1
19 41 1
19 44 1
19 45 1
19 52 1
19 57 1
19 58 1
20 40 1
20 43 1
20 44 1
20 48 1
20 50 1
20 53 1
20 56 1
20 57 1
20 58 1
20 64 1
20 67 1
21 22 1
21 23 1
21 24 1
21 25 1
21 29 1
21 37 1
21 38 1
21 39 1
21 40 1
21 42 1
21 43 1
21 45 1
21 51 1
21 64 1
21 65 1
21 66 1
21 68 1
21 69 1
22 27 1
22 28 1
22 32 1
22 35 1
22 36 1
22 43 1
22 46 1
22 49 1
22 53 1
22 58 1
22 60 1
22 62 1
22 65 1
23 27 1
23 32 1
23 33 1
23 38 1
23 41 1
23 43 1
23 44 1
23 45 1
23 48 1
23 49 1
23 54 1
23 58 1
23 59 1
23 61 1
23 63 1
24 37 1
24 39 1
24 40 1
24 43 1
24 45 1
24 46 1
24 49 1
24 55 1
24 57 1
24 65 1
24 68 1
25 26 1
25 30 1
25 38 1
25 39 1
25 49 1
25 56 1
25 63 1
25 66 1
25 68 1
26 27 1
26 30 1
26 36 1
26 40 1
26 45 1
26 47 1
26 48 1
26 50 1
26 55 1
26 56 1
26 62 1
26 63 1
26 67 1
27 32 1
27 35 1
27 38 1
27 39 1
27 40 1
27 48 1
27 49 1
27 50 1
27 52 1
27 53 1
27 63 1
28 32 1
28 36 1
28 38 1
28 40 1
28 42 1
28 45 1
28 46 1
28 47 1
28 48 1
28 55 1
28 57 1
29 36 1
29 37 1
29 40 1
29 43 1
29 51 1
29 56 1
29 59 1
29 63 1
29 66 1
29 67 1
30 42 1
30 48 1
30 56 1
30 58 1
30 65 1
30 66 1
30 67 1
31 33 1
31 43 1
31 45 1
31 47 1
31 55 1
31 56 1
31 60 1
31 61 1
31 62 1
31 63 1
31 64 1
32 33 1
32 34 1
32 37 1
32 40 1
32 45 1
32 47 1
32 55 1
32 58 1
32 61 1
32 62 1
33 35 1
33 38 1
33 42 1
33 49 1
33 50 1
33 53 1
33 57 1
33 58 1
33 60 1
33 61 1
34 42 1
34 43 1
34 45 1
34 46 1
34 51 1
34 53 1
34 54 1
34 55 1
34 62 1
34 65 1
34 66 1
35 40 1
35 41 1
35 43 1
35 50 1
35 52 1
35 53 1
35 58 1
35 60 1
35 62 1
35 69 1
36 37 1
36 38 1
36 44 1
36 46 1
36 49 1
36 52 1
36 56 1
36 57 1
36 69 1
37 42 1
37 43 1
37 49 1
37 50 1
37 52 1
37 54 1
37 62 1
37 64 1
37 65 1
37 69 1
38 39 1
38 45 1
38 46 1
38 47 1
38 65 1
38 66 1
38 68 1
38 69 1
39 42 1
39 45 1
39 52 1
39 53 1
39 54 1
39 55 1
39 60 1
39 62 1
39 64 1
40 42 1
40 46 1
40 48 1
40 49 1
40 52 1
40 54 1
40 61 1
40 64 1
41 50 1
41 51 1
41 54 1
41 65 1
41 67 1
41 68 1
41 69 1
42 49 1
42 60 1
43 45 1
43 47 1
43 50 1
43 54 1
43 56 1
43 58 1
43 60 1
43 65 1
44 49 1
44 53 1
44 62 1
44 63 1
44 66 1
44 67 1
45 47 1
45 56 1
45 57 1
45 63 1
45 65 1
45 66 1
45 69 1
46 59 1
46 64 1
46 67 1
47 48 1
47 67 1
47 69 1
48 55 1
48 56 1
48 59 1
48 60 1
48 66 1
48 67 1
48 68 1
49 52 1
49 54 1
49 55 1
49 58 1
49 60 1
49 62 1
49 65 1
51 60 1
51 61 1
51 63 1
52 53 1
52 57 1
52 62 1
54 62 1
54 63 1
54 66 1
56 59 1
56 65 1
56 69 1
57 68 1
58 63 1
58 66 1
59 65 1
59 68 1
60 63 1
61 64 1
61 66 1
62 63 1
62 65 1
62 66 1
64 68 1
64 69 1
1
1 55 58 43 49 46 0
