1807
0 5 1
0 23 1
0 32 1
0 41 1
0 46 1
0 82 1
0 90 1
0 103 1
0 130 1
0 168 1
1 2 1
1 4 1
1 7 1
1 10 1
1 16 1
1 17 1
1 27 1
1 29 1
1 60 1
1 74 1
1 79 1
1 81 1
1 86 1
1 87 1
1 93 1
1 99 1
1 111 1
1 123 1
1 126 1
1 131 1
1 135 1
1 143 1
1 158 1
1 160 1
1 175 1
1 179 1
2 6 1
2 14 1
2 26 1
2 34 1
2 42 1
2 47 1
2 60 1
2 63 1
2 66 1
2 84 1
2 89 1
2 90 1
2 92 1
2 93 1
2 94 1
2 95 1
2 115 1
2 125 1
2 140 1
2 164 1
2 169 1
2 170 1
3 12 1
3 22 1
3 33 1
3 45 1
3 56 1
3 87 1
3 89 1
3 138 1
3 164 1
3 165 1
4 9 1
4 10 1
4 21 1
4 30 1
4 46 1
4 48 1
4 59 1
4 65 1
4 66 1
4 78 1
4 81 1
4 82 1
4 93 1
4 106 1
4 115 1
4 121 1
4 131 1
4 178 1
5 39 1
5 49 1
5 51 1
5 80 1
5 89 1
5 91 1
5 121 1
5 126 1
5 127 1
5 137 1
5 139 1
5 140 1
5 141 1
5 147 1
5 171 1
6 9 1
6 17 1
6 24 1
6 48 1
6 49 1
6 60 1
6 61 1
6 78 1
6 115 1
6 138 1
6 146 1
6 158 1
6 165 1
6 166 1
7 10 1
7 12 1
7 27 1
7 43 1
7 50 1
7 96 1
7 97 1
7 109 1
7 118 1
7 128 1
7 133 1
7 141 1
7 148 1
7 153 1
7 154 1
7 159 1
7 166 1
7 171 1
8 18 1
8 19 1
8 26 1
8 29 1
8 58 1
8 63 1
8 64 1
8 65 1
8 82 1
8 99 1
8 107 1
8 113 1
8 115 1
8 127 1
8 164 1
9 13 1
9 41 1
9 43 1
9 56 1
9 61 1
9 68 1
9 70 1
9 73 1
9 75 1
9 89 1
9 94 1
9 108 1
9 109 1
9 121 1
9 139 1
9 147 1
9 158 1
9 164 1
9 165 1
9 166 1
9 167 1
9 174 1
9 176 1
10 12 1
10 19 1
10 27 1
10 50 1
10 51 1
10 65 1
10 82 1
10 87 1
10 107 1
10 114 1
10 125 1
10 130 1
10 131 1
10 150 1
10 155 1
10 157 1
10 168 1
10 177 1
11 20 1
11 23 1
11 26 1
11 29 1
11 31 1
11 33 1
11 35 1
11 47 1
11 50 1
11 58 1
11 62 1
11 65 1
11 66 1
11 68 1
11 81 1
11 84 1
11 98 1
11 100 1
11 116 1
11 118 1
11 120 1
11 122 1
11 132 1
11 134 1
11 137 1
11 151 1
11 159 1
11 166 1
11 178 1
12 15 1
12 19 1
12 25 1
12 29 1
12 34 1
12 38 1
12 53 1
12 58 1
12 60 1
12 65 1
12 67 1
12 78 1
12 94 1
12 96 1
12 119 1
12 121 1
12 124 1
12 142 1
12 147 1
12 148 1
12 162 1
12 163 1
12 169 1
12 171 1
13 26 1
13 54 1
13 58 1
13 128 1
13 144 1
13 146 1
13 161 1
13 170 1
13 178 1
13 179 1
14 24 1
14 26 1
14 27 1
14 30 1
14 32 1
14 33 1
14 43 1
14 45 1
14 52 1
14 56 1
14 58 1
14 72 1
14 80 1
14 81 1
14 86 1
14 103 1
14 104 1
14 106 1
14 115 1
14 127 1
14 164 1
14 177 1
15 28 1
15 31 1
15 36 1
15 39 1
15 55 1
15 57 1
15 63 1
15 69 1
15 75 1
15 91 1
15 96 1
15 102 1
15 105 1
15 110 1
15 127 1
15 131 1
15 150 1
15 157 1
15 160 1
15 174 1
16 21 1
16 31 1
16 32 1
16 33 1
16 44 1
16 73 1
16 79 1
16 81 1
16 102 1
16 126 1
16 136 1
16 137 1
16 141 1
16 160 1
16 169 1
16 174 1
16 175 1
16 177 1
17 20 1
17 32 1
17 57 1
17 58 1
17 59 1
17 60 1
17 67 1
17 75 1
17 82 1
17 83 1
17 98 1
17 110 1
17 111 1
17 141 1
17 142 1
17 148 1
17 153 1
17 156 1
18 43 1
18 51 1
18 56 1
18 62 1
18 63 1
18 85 1
18 100 1
18 117 1
18 128 1
18 154 1
18 157 1
18 161 1
18 170 1
19 39 1
19 42 1
19 68 1
19 71 1
19 77 1
19 90 1
19 111 1
19 116 1
19 125 1
19 128 1
19 133 1
19 137 1
19 140 1
19 149 1
19 150 1
19 159 1
19 160 1
20 23 1
20 42 1
20 48 1
20 49 1
20 53 1
20 54 1
20 57 1
20 63 1
20 66 1
20 72 1
20 74 1
20 83 1
20 92 1
20 97 1
20 106 1
20 113 1
20 119 1
20 124 1
20 150 1
20 172 1
21 26 1
21 37 1
21 50 1
21 55 1
21 71 1
21 75 1
21 81 1
21 85 1
21 86 1
21 87 1
21 89 1
21 117 1
21 121 1
21 123 1
21 132 1
21 134 1
21 146 1
21 151 1
21 152 1
21 167 1
21 169 1
21 171 1
22 43 1
22 46 1
22 48 1
22 57 1
22 68 1
22 77 1
22 79 1
22 106 1
22 109 1
22 139 1
22 167 1
23 31 1
23 46 1
23 75 1
23 79 1
23 88 1
23 93 1
23 110 1
23 111 1
23 122 1
23 126 1
23 146 1
23 149 1
23 159 1
23 170 1
23 173 1
24 41 1
24 44 1
24 48 1
24 58 1
24 103 1
24 109 1
24 117 1
24 121 1
24 123 1
24 124 1
24 130 1
24 143 1
24 150 1
24 152 1
24 155 1
24 173 1
24 175 1
25 43 1
25 47 1
25 71 1
25 72 1
25 74 1
25 87 1
25 90 1
25 97 1
25 100 1
25 112 1
25 114 1
25 129 1
25 137 1
25 140 1
25 152 1
25 162 1
25 171 1
26 40 1
26 47 1
26 55 1
26 90 1
26 91 1
26 101 1
26 118 1
26 122 1
26 138 1
26 145 1
26 157 1
26 163 1
26 171 1
26 176 1
27 28 1
27 36 1
27 43 1
27 44 1
27 45 1
27 48 1
27 50 1
27 52 1
27 65 1
27 81 1
27 91 1
27 97 1
27 111 1
27 117 1
27 119 1
27 124 1
27 136 1
27 140 1
27 142 1
27 143 1
27 152 1
27 155 1
27 157 1
27 158 1
27 162 1
27 174 1
28 29 1
28 35 1
28 36 1
28 54 1
28 56 1
28 60 1
28 76 1
28 97 1
28 115 1
28 133 1
28 134 1
28 136 1
28 153 1
28 160 1
29 36 1
29 43 1
29 45 1
29 57 1
29 59 1
29 66 1
29 72 1
29 94 1
29 95 1
29 108 1
29 109 1
29 118 1
29 121 1
29 122 1
29 125 1
29 134 1
29 138 1
29 146 1
29 147 1
29 158 1
29 162 1
29 167 1
29 168 1
30 32 1
30 43 1
30 51 1
30 68 1
30 69 1
30 70 1
30 76 1
30 81 1
30 97 1
30 101 1
30 102 1
30 120 1
30 126 1
30 132 1
30 136 1
30 137 1
30 143 1
30 153 1
30 157 1
30 166 1
30 178 1
31 33 1
31 34 1
31 35 1
31 67 1
31 88 1
31 93 1
31 100 1
31 116 1
31 120 1
31 136 1
31 143 1
31 161 1
31 164 1
31 168 1
31 174 1
31 175 1
32 36 1
32 40 1
32 61 1
32 75 1
32 87 1
32 89 1
32 96 1
32 99 1
32 109 1
32 111 1
32 121 1
32 122 1
32 127 1
32 134 1
32 143 1
32 165 1
32 170 1
32 171 1
32 173 1
33 38 1
33 41 1
33 51 1
33 52 1
33 65 1
33 92 1
33 99 1
33 103 1
33 105 1
33 107 1
33 114 1
33 122 1
33 124 1
33 134 1
33 137 1
33 138 1
33 143 1
33 145 1
33 151 1
33 155 1
33 164 1
33 168 1
33 169 1
33 171 1
33 174 1
33 175 1
34 43 1
34 73 1
34 93 1
34 96 1
34 104 1
34 112 1
34 131 1
34 136 1
34 140 1
34 141 1
34 143 1
34 146 1
34 147 1
34 159 1
34 162 1
34 167 1
34 177 1
35 52 1
35 54 1
35 60 1
35 101 1
35 112 1
35 125 1
35 134 1
35 168 1
35 179 1
36 57 1
36 59 1
36 60 1
36 66 1
36 83 1
36 108 1
36 109 1
36 122 1
36 123 1
36 125 1
36 127 1
36 130 1
36 146 1
36 162 1
37 52 1
37 60 1
37 63 1
37 101 1
37 103 1
37 117 1
37 121 1
37 122 1
37 124 1
37 125 1
37 139 1
37 141 1
37 147 1
37 157 1
37 158 1
37 169 1
38 56 1
38 65 1
38 71 1
38 73 1
38 84 1
38 88 1
38 103 1
38 111 1
38 115 1
38 116 1
38 121 1
38 130 1
38 131 1
38 145 1
38 169 1
39 51 1
39 64 1
39 65 1
39 76 1
39 91 1
39 111 1
39 113 1
39 116 1
39 153 1
39 156 1
39 167 1
40 42 1
40 53 1
40 56 1
40 69 1
40 77 1
40 78 1
40 81 1
40 83 1
40 90 1
40 96 1
40 105 1
40 106 1
40 120 1
40 124 1
40 135 1
40 145 1
41 44 1
41 62 1
41 73 1
41 76 1
41 87 1
41 93 1
41 99 1
41 125 1
41 131 1
41 134 1
41 140 1
41 142 1
41 147 1
41 150 1
41 151 1
41 167 1
41 178 1
42 49 1
42 66 1
42 81 1
42 96 1
42 104 1
42 114 1
42 138 1
42 150 1
42 156 1
42 164 1
42 167 1
42 178 1
43 58 1
43 74 1
43 79 1
43 86 1
43 94 1
43 100 1
43 111 1
43 112 1
43 119 1
43 129 1
43 133 1
43 138 1
43 155 1
43 168 1
43 172 1
44 52 1
44 67 1
44 68 1
44 85 1
44 93 1
44 112 1
44 113 1
44 114 1
44 125 1
44 127 1
44 134 1
44 136 1
44 146 1
44 177 1
45 51 1
45 52 1
45 60 1
45 67 1
45 83 1
45 124 1
45 128 1
45 150 1
45 160 1
45 172 1
45 176 1
46 53 1
46 70 1
46 71 1
46 73 1
46 110 1
46 113 1
46 121 1
46 135 1
46 137 1
46 144 1
46 146 1
46 158 1
46 167 1
46 176 1
47 70 1
47 74 1
47 79 1
47 92 1
47 94 1
47 107 1
47 112 1
47 114 1
47 129 1
47 142 1
47 147 1
47 167 1
47 168 1
47 174 1
47 177 1
47 178 1
47 179 1
48 51 1
48 53 1
48 55 1
48 57 1
48 75 1
48 89 1
48 95 1
48 104 1
48 108 1
48 109 1
48 114 1
48 130 1
48 140 1
48 141 1
48 151 1
48 158 1
48 166 1
48 179 1
49 51 1
49 67 1
49 89 1
49 93 1
49 108 1
49 110 1
49 111 1
49 121 1
49 124 1
49 125 1
49 127 1
49 130 1
49 137 1
49 141 1
49 151 1
49 152 1
49 169 1
50 51 1
50 63 1
50 76 1
50 80 1
50 81 1
50 85 1
50 90 1
50 104 1
50 114 1
50 146 1
50 150 1
50 165 1
50 166 1
50 169 1
50 176 1
50 178 1
50 179 1
51 53 1
51 56 1
51 70 1
51 72 1
51 79 1
51 97 1
51 123 1
51 145 1
51 156 1
51 176 1
52 60 1
52 64 1
52 72 1
52 78 1
52 91 1
52 102 1
52 111 1
52 112 1
52 122 1
52 137 1
52 144 1
52 150 1
52 164 1
53 63 1
53 65 1
53 82 1
53 83 1
53 90 1
53 98 1
53 108 1
53 111 1
53 121 1
53 130 1
53 134 1
53 143 1
53 148 1
53 149 1
53 155 1
53 163 1
53 165 1
53 168 1
54 77 1
54 112 1
54 125 1
54 130 1
54 131 1
54 143 1
54 155 1
54 163 1
54 164 1
54 166 1
55 72 1
55 78 1
55 87 1
55 91 1
55 128 1
55 131 1
55 143 1
55 146 1
56 57 1
56 62 1
56 68 1
56 69 1
56 79 1
56 81 1
56 97 1
56 98 1
56 106 1
56 107 1
56 111 1
56 118 1
56 121 1
56 130 1
56 137 1
56 141 1
57 60 1
57 64 1
57 78 1
57 92 1
57 102 1
57 107 1
57 116 1
57 127 1
57 131 1
57 137 1
57 157 1
57 172 1
57 174 1
57 176 1
58 74 1
58 82 1
58 90 1
58 97 1
58 104 1
58 114 1
58 121 1
58 123 1
58 126 1
58 130 1
58 140 1
58 151 1
58 157 1
58 163 1
58 164 1
58 173 1
58 179 1
59 71 1
59 80 1
59 93 1
59 104 1
59 117 1
59 119 1
59 122 1
59 139 1
59 140 1
59 144 1
59 149 1
59 168 1
59 169 1
59 176 1
60 77 1
60 89 1
60 97 1
60 99 1
60 103 1
60 107 1
60 109 1
60 118 1
60 123 1
60 128 1
60 131 1
60 150 1
60 165 1
60 169 1
61 69 1
61 75 1
61 76 1
61 92 1
61 93 1
61 94 1
61 98 1
61 107 1
61 113 1
61 129 1
61 133 1
61 138 1
61 139 1
61 142 1
61 145 1
61 148 1
61 164 1
61 179 1
62 70 1
62 72 1
62 82 1
62 84 1
62 92 1
62 101 1
62 105 1
62 111 1
62 113 1
62 115 1
62 120 1
62 136 1
62 141 1
62 150 1
62 155 1
63 64 1
63 71 1
63 75 1
63 80 1
63 83 1
63 84 1
63 102 1
63 107 1
63 120 1
63 144 1
63 163 1
63 168 1
63 174 1
63 178 1
64 72 1
64 87 1
64 97 1
64 98 1
64 99 1
64 102 1
64 115 1
64 122 1
64 124 1
64 125 1
64 131 1
64 139 1
64 153 1
64 161 1
64 163 1
64 169 1
64 176 1
65 72 1
65 75 1
65 78 1
65 81 1
65 89 1
65 93 1
65 96 1
65 111 1
65 113 1
65 124 1
65 145 1
65 149 1
65 150 1
65 160 1
65 165 1
65 167 1
65 174 1
66 79 1
66 87 1
66 89 1
66 101 1
66 104 1
66 118 1
66 122 1
66 139 1
66 166 1
66 168 1
66 170 1
66 171 1
67 74 1
67 80 1
67 90 1
67 101 1
67 105 1
67 109 1
67 120 1
67 129 1
67 133 1
67 135 1
68 70 1
68 76 1
68 85 1
68 94 1
68 100 1
68 150 1
68 154 1
68 175 1
69 73 1
69 82 1
69 92 1
69 93 1
69 103 1
69 107 1
69 113 1
69 114 1
69 117 1
69 138 1
69 152 1
69 163 1
69 165 1
69 168 1
69 171 1
69 176 1
69 177 1
70 71 1
70 75 1
70 79 1
70 83 1
70 88 1
70 107 1
70 110 1
70 111 1
70 121 1
70 138 1
70 145 1
70 148 1
70 151 1
70 158 1
70 161 1
70 179 1
71 78 1
71 79 1
71 82 1
71 90 1
71 116 1
71 146 1
71 149 1
71 163 1
72 73 1
72 78 1
72 89 1
72 115 1
72 121 1
72 123 1
72 125 1
72 128 1
72 141 1
72 145 1
72 146 1
72 168 1
72 174 1
72 175 1
73 87 1
73 102 1
73 110 1
73 135 1
73 151 1
73 156 1
73 157 1
73 159 1
73 161 1
73 162 1
73 178 1
74 86 1
74 124 1
74 125 1
74 127 1
74 138 1
74 142 1
74 156 1
74 157 1
74 164 1
74 166 1
74 170 1
74 174 1
74 176 1
75 85 1
75 88 1
75 101 1
75 102 1
75 120 1
75 126 1
75 144 1
75 150 1
75 154 1
75 156 1
75 163 1
75 171 1
75 177 1
76 97 1
76 104 1
76 105 1
76 109 1
76 112 1
76 114 1
76 125 1
76 127 1
76 154 1
76 161 1
76 175 1
76 177 1
77 93 1
77 108 1
77 111 1
77 115 1
77 121 1
77 140 1
77 145 1
77 161 1
77 169 1
78 84 1
78 88 1
78 89 1
78 92 1
78 99 1
78 103 1
78 104 1
78 135 1
78 148 1
78 150 1
78 154 1
78 166 1
78 170 1
78 174 1
79 81 1
79 84 1
79 89 1
79 93 1
79 104 1
79 122 1
79 126 1
79 128 1
79 134 1
79 161 1
79 166 1
79 168 1
79 170 1
79 172 1
79 175 1
80 94 1
80 100 1
80 106 1
80 114 1
80 122 1
80 133 1
80 140 1
80 158 1
80 162 1
80 167 1
80 172 1
81 82 1
81 85 1
81 97 1
81 99 1
81 124 1
81 129 1
81 133 1
81 149 1
81 151 1
81 167 1
81 172 1
81 173 1
82 83 1
82 110 1
82 113 1
82 120 1
82 123 1
82 125 1
82 126 1
82 132 1
82 146 1
82 149 1
82 179 1
83 87 1
83 90 1
83 103 1
83 104 1
83 109 1
83 118 1
83 140 1
83 153 1
83 160 1
83 164 1
83 170 1
84 91 1
84 95 1
84 98 1
84 102 1
84 105 1
84 118 1
84 124 1
84 125 1
84 126 1
84 152 1
85 86 1
85 90 1
85 96 1
85 99 1
85 108 1
85 118 1
85 121 1
85 128 1
85 140 1
85 150 1
85 160 1
85 174 1
85 177 1
86 103 1
86 109 1
86 117 1
86 118 1
86 123 1
86 126 1
86 130 1
86 139 1
86 145 1
86 170 1
86 178 1
87 92 1
87 96 1
87 100 1
87 108 1
87 110 1
87 111 1
87 144 1
87 153 1
87 158 1
88 95 1
88 110 1
88 112 1
88 113 1
88 124 1
88 127 1
88 135 1
88 138 1
88 140 1
88 146 1
88 171 1
89 95 1
89 103 1
89 108 1
89 111 1
89 118 1
89 127 1
89 134 1
89 147 1
89 148 1
89 149 1
89 177 1
90 92 1
90 107 1
90 120 1
90 122 1
90 141 1
90 155 1
90 170 1
91 94 1
91 97 1
91 114 1
91 145 1
91 147 1
91 148 1
91 158 1
91 163 1
91 165 1
91 175 1
92 103 1
92 110 1
92 111 1
92 117 1
92 118 1
92 137 1
92 144 1
92 156 1
92 158 1
92 174 1
93 98 1
93 100 1
93 110 1
93 113 1
93 130 1
93 134 1
93 140 1
93 143 1
93 149 1
94 96 1
94 113 1
94 144 1
94 162 1
94 176 1
95 109 1
95 131 1
95 142 1
95 163 1
95 175 1
96 121 1
96 133 1
96 134 1
96 135 1
96 139 1
96 143 1
96 144 1
96 146 1
97 99 1
97 117 1
97 122 1
97 127 1
97 162 1
97 166 1
98 103 1
98 110 1
98 114 1
98 121 1
98 137 1
98 156 1
98 162 1
98 163 1
98 166 1
98 173 1
99 103 1
99 116 1
99 158 1
99 163 1
99 170 1
99 174 1
99 176 1
99 177 1
100 122 1
100 129 1
100 136 1
100 140 1
100 162 1
100 171 1
100 177 1
100 179 1
101 103 1
101 111 1
101 114 1
101 117 1
101 131 1
101 133 1
101 143 1
101 146 1
101 162 1
101 174 1
102 130 1
102 133 1
102 138 1
102 151 1
103 105 1
103 110 1
103 113 1
103 117 1
103 121 1
103 123 1
103 151 1
103 153 1
103 157 1
103 158 1
103 171 1
103 173 1
104 136 1
104 157 1
104 169 1
104 173 1
104 178 1
105 110 1
105 112 1
105 113 1
105 123 1
105 129 1
105 138 1
105 141 1
105 148 1
105 169 1
105 170 1
106 113 1
106 117 1
106 121 1
106 130 1
106 131 1
106 133 1
106 138 1
106 140 1
106 147 1
106 150 1
106 158 1
106 163 1
106 171 1
106 172 1
106 174 1
107 123 1
107 124 1
107 154 1
107 158 1
107 175 1
107 179 1
108 110 1
108 111 1
108 131 1
108 132 1
108 135 1
108 137 1
108 141 1
108 153 1
108 154 1
108 179 1
109 118 1
109 126 1
109 134 1
109 144 1
109 145 1
109 148 1
109 159 1
109 161 1
109 169 1
109 176 1
110 119 1
110 136 1
110 140 1
110 148 1
110 168 1
110 169 1
111 120 1
111 121 1
111 124 1
111 128 1
111 129 1
111 135 1
111 136 1
111 139 1
111 146 1
111 152 1
111 166 1
111 175 1
111 178 1
112 137 1
112 140 1
112 157 1
112 162 1
112 174 1
113 143 1
113 153 1
113 155 1
113 157 1
113 159 1
113 168 1
113 173 1
113 177 1
114 131 1
114 150 1
114 157 1
115 121 1
115 136 1
115 147 1
115 149 1
115 154 1
115 158 1
115 164 1
116 143 1
116 174 1
116 175 1
116 177 1
117 151 1
117 152 1
118 139 1
118 147 1
118 159 1
118 163 1
118 178 1
118 179 1
119 130 1
119 146 1
119 152 1
119 174 1
119 178 1
120 123 1
120 129 1
120 135 1
120 136 1
120 140 1
120 145 1
120 148 1
120 152 1
120 158 1
120 167 1
120 170 1
121 134 1
121 172 1
121 179 1
122 124 1
122 125 1
122 128 1
122 133 1
122 151 1
122 155 1
122 159 1
123 124 1
123 139 1
123 156 1
123 163 1
124 130 1
124 131 1
124 136 1
124 141 1
124 151 1
124 168 1
124 177 1
125 130 1
125 143 1
125 148 1
125 159 1
125 160 1
125 168 1
125 169 1
126 127 1
126 130 1
126 164 1
127 137 1
127 139 1
127 143 1
127 159 1
127 160 1
127 161 1
127 172 1
128 129 1
128 143 1
128 144 1
128 147 1
128 151 1
128 157 1
128 160 1
128 178 1
128 179 1
129 134 1
129 137 1
129 156 1
129 173 1
129 175 1
129 177 1
130 138 1
130 155 1
130 156 1
130 157 1
130 162 1
130 167 1
130 168 1
130 175 1
130 179 1
131 154 1
131 156 1
131 165 1
131 166 1
131 174 1
132 135 1
132 142 1
132 143 1
132 144 1
132 163 1
133 142 1
133 146 1
133 151 1
133 158 1
133 160 1
133 174 1
134 136 1
134 157 1
135 137 1
135 143 1
135 149 1
135 153 1
135 161 1
135 170 1
135 173 1
135 177 1
135 178 1
136 145 1
136 157 1
136 165 1
136 166 1
136 167 1
136 175 1
137 141 1
137 148 1
137 150 1
137 151 1
137 156 1
137 158 1
137 162 1
138 146 1
138 152 1
138 154 1
138 167 1
139 142 1
139 148 1
139 159 1
139 177 1
140 141 1
140 154 1
140 163 1
140 164 1
140 178 1
141 150 1
141 163 1
142 148 1
142 164 1
142 170 1
142 176 1
143 144 1
143 159 1
143 161 1
143 177 1
143 178 1
144 161 1
144 170 1
145 147 1
145 150 1
145 168 1
145 177 1
146 165 1
146 173 1
146 177 1
147 162 1
147 172 1
147 175 1
148 153 1
148 158 1
148 159 1
149 155 1
149 167 1
149 172 1
150 152 1
150 161 1
150 179 1
151 164 1
151 169 1
151 175 1
152 155 1
152 159 1
152 160 1
152 162 1
152 168 1
152 173 1
153 156 1
153 168 1
153 169 1
153 172 1
154 160 1
154 162 1
154 168 1
154 175 1
154 176 1
155 157 1
155 162 1
155 176 1
156 162 1
156 163 1
156 171 1
157 175 1
157 178 1
158 161 1
158 162 1
158 168 1
158 176 1
159 163 1
159 165 1
159 175 1
159 177 1
160 161 1
160 165 1
160 168 1
160 170 1
160 179 1
162 164 1
162 177 1
164 177 1
165 170 1
165 172 1
167 171 1
167 173 1
168 175 1
169 173 1
169 176 1
170 172 1
172 176 1
174 177 1
176 177 1
178 179 1
1
74 148 1 27 55 9 40 19 161 111 149 125 130 163 23 49 45 3
