884
0 2 1
0 3 1
0 11 1
0 23 1
0 28 1
0 29 1
0 37 1
0 38 1
0 42 1
0 48 1
0 64 1
0 65 1
0 69 1
0 70 1
0 83 1
0 86 1
1 8 1
1 11 1
1 19 1
1 35 1
1 40 1
1 46 1
1 57 1
1 60 1
1 62 1
1 71 1
1 78 1
1 79 1
1 93 1
1 95 1
1 98 1
2 3 1
2 11 1
2 23 1
2 24 1
2 27 1
2 29 1
2 34 1
2 37 1
2 48 1
2 54 1
2 61 1
2 62 1
2 63 1
2 72 1
2 74 1
2 84 1
2 87 1
2 89 1
2 96 1
3 13 1
3 15 1
3 16 1
3 19 1
3 20 1
3 28 1
3 29 1
3 30 1
3 31 1
3 34 1
3 36 1
3 38 1
3 52 1
3 53 1
3 62 1
3 76 1
3 80 1
3 86 1
3 92 1
3 93 1
4 20 1
4 23 1
4 38 1
4 47 1
4 59 1
4 60 1
4 61 1
4 63 1
4 66 1
4 73 1
4 75 1
4 77 1
4 79 1
4 97 1
5 8 1
5 15 1
5 21 1
5 32 1
5 33 1
5 35 1
5 43 1
5 44 1
5 61 1
5 72 1
5 75 1
6 12 1
6 24 1
6 25 1
6 29 1
6 32 1
6 33 1
6 43 1
6 56 1
6 57 1
6 65 1
6 67 1
6 71 1
6 76 1
6 92 1
6 93 1
6 98 1
7 11 1
7 16 1
7 27 1
7 29 1
7 35 1
7 47 1
7 50 1
7 63 1
7 65 1
7 71 1
7 81 1
7 82 1
7 90 1
7 96 1
7 97 1
7 98 1
8 10 1
8 20 1
8 21 1
8 22 1
8 28 1
8 35 1
8 39 1
8 54 1
8 59 1
8 60 1
8 69 1
8 77 1
8 78 1
8 88 1
8 93 1
8 99 1
9 11 1
9 14 1
9 18 1
9 20 1
9 23 1
9 26 1
9 32 1
9 34 1
9 57 1
9 59 1
9 61 1
9 62 1
9 64 1
9 67 1
9 70 1
9 86 1
9 87 1
9 90 1
9 92 1
9 97 1
10 20 1
10 29 1
10 36 1
10 37 1
10 43 1
10 47 1
10 66 1
10 70 1
10 76 1
10 82 1
10 86 1
10 87 1
10 90 1
10 94 1
11 12 1
11 17 1
11 22 1
11 24 1
11 42 1
11 50 1
11 56 1
11 60 1
11 66 1
11 74 1
11 89 1
12 15 1
12 16 1
12 21 1
12 23 1
12 29 1
12 31 1
12 39 1
12 48 1
12 49 1
12 55 1
12 60 1
12 62 1
12 65 1
12 69 1
12 75 1
12 82 1
12 87 1
12 97 1
12 98 1
12 99 1
13 17 1
13 21 1
13 25 1
13 32 1
13 35 1
13 38 1
13 47 1
13 49 1
13 50 1
13 67 1
13 78 1
13 79 1
13 85 1
13 86 1
13 87 1
13 91 1
13 92 1
13 95 1
14 17 1
14 22 1
14 23 1
14 31 1
14 36 1
14 40 1
14 41 1
14 54 1
14 63 1
14 64 1
14 75 1
14 76 1
14 77 1
14 85 1
15 22 1
15 28 1
15 40 1
15 45 1
15 50 1
15 58 1
15 60 1
15 65 1
15 77 1
15 83 1
15 90 1
15 96 1
15 99 1
16 22 1
16 23 1
16 28 1
16 29 1
16 31 1
16 42 1
16 46 1
16 73 1
16 87 1
16 93 1
16 98 1
17 19 1
17 22 1
17 26 1
17 31 1
17 45 1
17 48 1
17 62 1
17 69 1
17 74 1
18 29 1
18 34 1
18 54 1
18 66 1
18 69 1
18 75 1
18 76 1
18 78 1
18 82 1
18 92 1
18 93 1
19 21 1
19 30 1
19 31 1
19 32 1
19 34 1
19 42 1
19 45 1
19 48 1
19 54 1
19 61 1
19 65 1
19 68 1
19 69 1
19 73 1
19 74 1
19 76 1
19 91 1
19 96 1
19 97 1
20 28 1
20 30 1
20 31 1
20 32 1
20 38 1
20 40 1
20 57 1
20 59 1
20 81 1
20 90 1
20 93 1
21 25 1
21 31 1
21 38 1
21 45 1
21 47 1
21 48 1
21 53 1
21 59 1
21 60 1
21 62 1
21 75 1
21 83 1
21 95 1
21 97 1
21 98 1
22 23 1
22 25 1
22 36 1
22 42 1
22 50 1
22 51 1
22 57 1
22 60 1
22 63 1
22 65 1
22 70 1
22 71 1
22 80 1
22 84 1
22 96 1
22 99 1
23 25 1
23 32 1
23 40 1
23 45 1
23 51 1
23 53 1
23 54 1
23 69 1
23 75 1
23 94 1
24 26 1
24 31 1
24 34 1
24 38 1
24 39 1
24 44 1
24 46 1
24 48 1
24 59 1
24 63 1
24 70 1
24 74 1
24 80 1
24 82 1
24 89 1
24 95 1
24 97 1
25 29 1
25 34 1
25 35 1
25 36 1
25 73 1
25 78 1
25 85 1
26 28 1
26 34 1
26 43 1
26 45 1
26 50 1
26 54 1
26 61 1
26 63 1
26 67 1
26 68 1
26 73 1
26 75 1
26 79 1
26 81 1
26 89 1
26 90 1
26 91 1
26 92 1
27 30 1
27 32 1
27 34 1
27 40 1
27 45 1
27 50 1
27 51 1
27 80 1
27 83 1
27 85 1
27 91 1
28 32 1
28 33 1
28 35 1
28 38 1
28 40 1
28 46 1
28 61 1
28 64 1
28 67 1
28 80 1
28 81 1
28 84 1
28 85 1
28 86 1
28 90 1
28 97 1
29 34 1
29 40 1
29 52 1
29 67 1
29 68 1
29 69 1
29 77 1
29 79 1
29 86 1
29 88 1
30 33 1
30 37 1
30 40 1
30 53 1
30 57 1
30 66 1
30 76 1
30 77 1
30 84 1
30 87 1
31 32 1
31 35 1
31 38 1
31 50 1
31 53 1
31 54 1
31 55 1
31 58 1
31 60 1
31 68 1
31 75 1
31 76 1
31 78 1
31 80 1
31 81 1
31 86 1
31 92 1
32 43 1
32 46 1
32 55 1
32 56 1
32 59 1
32 61 1
32 64 1
32 65 1
32 78 1
32 79 1
32 84 1
33 34 1
33 35 1
33 42 1
33 44 1
33 46 1
33 58 1
33 64 1
33 67 1
33 71 1
33 74 1
33 76 1
33 78 1
33 96 1
33 98 1
34 42 1
34 47 1
34 57 1
34 65 1
34 70 1
34 71 1
34 73 1
34 76 1
34 77 1
34 78 1
34 82 1
34 84 1
34 88 1
34 90 1
34 93 1
35 44 1
35 49 1
35 55 1
35 57 1
35 60 1
35 69 1
35 74 1
35 75 1
35 77 1
35 83 1
35 84 1
35 87 1
36 38 1
36 45 1
36 50 1
36 53 1
36 55 1
36 69 1
36 74 1
36 91 1
36 97 1
37 41 1
37 61 1
37 65 1
37 69 1
37 71 1
37 74 1
37 79 1
37 80 1
37 83 1
37 91 1
37 97 1
38 40 1
38 45 1
38 47 1
38 51 1
38 56 1
38 61 1
38 62 1
38 67 1
38 71 1
38 83 1
38 92 1
38 98 1
39 44 1
39 49 1
39 51 1
39 55 1
39 59 1
39 60 1
39 67 1
39 68 1
39 71 1
39 82 1
39 83 1
39 85 1
39 94 1
39 96 1
39 98 1
40 41 1
40 43 1
40 63 1
40 72 1
40 73 1
40 89 1
41 46 1
41 49 1
41 50 1
41 51 1
41 54 1
41 65 1
41 69 1
41 75 1
41 79 1
41 89 1
41 93 1
42 45 1
42 46 1
42 47 1
42 49 1
42 52 1
42 58 1
42 60 1
42 63 1
42 70 1
42 84 1
43 53 1
43 54 1
43 56 1
43 57 1
43 62 1
43 65 1
43 71 1
43 72 1
43 77 1
43 82 1
43 84 1
43 87 1
43 90 1
44 57 1
44 58 1
44 64 1
44 66 1
44 67 1
44 75 1
44 76 1
44 78 1
44 82 1
44 83 1
44 99 1
45 47 1
45 49 1
45 51 1
45 53 1
45 55 1
45 82 1
46 53 1
46 55 1
46 57 1
46 69 1
46 74 1
46 76 1
46 78 1
46 80 1
46 82 1
46 88 1
46 95 1
47 52 1
47 56 1
47 57 1
47 62 1
47 69 1
47 71 1
47 78 1
47 79 1
47 84 1
47 86 1
47 90 1
47 95 1
48 56 1
48 66 1
48 68 1
48 82 1
49 51 1
49 61 1
49 65 1
49 72 1
49 83 1
49 87 1
49 89 1
49 92 1
49 93 1
49 94 1
49 99 1
50 53 1
50 56 1
50 60 1
50 61 1
50 69 1
50 70 1
50 73 1
50 75 1
50 80 1
50 99 1
51 55 1
51 57 1
51 60 1
51 66 1
51 69 1
51 70 1
51 74 1
51 75 1
51 85 1
51 91 1
51 98 1
51 99 1
52 55 1
52 56 1
52 60 1
52 64 1
52 65 1
52 71 1
52 76 1
52 82 1
52 86 1
52 96 1
52 97 1
53 61 1
53 63 1
53 64 1
53 73 1
53 76 1
53 80 1
53 93 1
53 96 1
53 97 1
53 98 1
54 64 1
54 68 1
54 83 1
54 88 1
54 99 1
55 64 1
55 76 1
55 85 1
55 88 1
55 97 1
56 59 1
56 62 1
56 63 1
56 67 1
56 68 1
56 69 1
56 75 1
56 77 1
57 59 1
57 60 1
57 67 1
57 70 1
57 76 1
57 77 1
57 80 1
57 93 1
58 59 1
58 63 1
58 71 1
58 74 1
58 77 1
58 90 1
58 99 1
59 73 1
59 74 1
59 75 1
59 90 1
59 95 1
60 65 1
60 67 1
60 70 1
60 74 1
60 81 1
60 89 1
60 94 1
61 71 1
61 74 1
61 88 1
61 91 1
61 92 1
61 98 1
62 68 1
62 69 1
62 82 1
62 95 1
62 99 1
63 70 1
63 74 1
64 67 1
64 68 1
64 89 1
64 90 1
65 66 1
65 67 1
65 69 1
65 78 1
65 80 1
65 92 1
65 93 1
65 94 1
65 96 1
65 98 1
66 79 1
66 80 1
66 82 1
66 83 1
66 85 1
66 86 1
67 70 1
67 79 1
67 86 1
68 74 1
68 79 1
68 80 1
68 89 1
68 95 1
69 75 1
69 76 1
69 78 1
69 81 1
69 82 1
69 95 1
69 96 1
69 98 1
70 75 1
70 76 1
70 78 1
70 81 1
70 85 1
70 97 1
71 73 1
71 74 1
71 75 1
71 78 1
71 82 1
71 83 1
71 85 1
71 87 1
71 88 1
71 92 1
71 99 1
72 73 1
72 81 1
72 87 1
72 89 1
72 94 1
73 84 1
73 87 1
73 90 1
73 91 1
73 94 1
74 78 1
74 83 1
74 86 1
74 87 1
74 88 1
74 95 1
74 98 1
74 99 1
75 85 1
75 89 1
75 90 1
75 98 1
76 80 1
76 86 1
76 96 1
76 97 1
76 98 1
77 82 1
77 90 1
77 96 1
77 98 1
78 79 1
78 84 1
78 87 1
78 88 1
78 96 1
79 85 1
79 95 1
79 99 1
80 88 1
80 89 1
80 92 1
80 94 1
80 95 1
82 87 1
82 88 1
82 89 1
82 92 1
82 95 1
82 98 1
82 99 1
83 88 1
84 86 1
84 87 1
84 89 1
84 93 1
84 94 1
86 87 1
86 91 1
86 98 1
87 92 1
87 95 1
88 94 1
89 90 1
89 93 1
89 99 1
90 95 1
90 97 1
91 98 1
92 94 1
93 96 1
93 99 1
94 97 1
94 98 1
97 98 1
1
43 85 30 18 88 78 73 1 52 9
