307
0 4 1
0 5 1
0 6 1
0 7 1
0 9 1
0 11 1
0 13 1
0 15 1
0 17 1
0 19 1
0 28 1
0 30 1
0 31 1
0 35 1
0 37 1
0 38 1
0 39 1
1 3 1
1 12 1
1 13 1
1 16 1
1 17 1
1 20 1
1 24 1
1 26 1
1 27 1
1 28 1
1 31 1
1 34 1
1 36 1
2 3 1
2 7 1
2 11 1
2 12 1
2 13 1
2 17 1
2 24 1
2 28 1
2 29 1
2 34 1
2 37 1
2 39 1
3 8 1
3 11 1
3 14 1
3 24 1
3 27 1
3 28 1
3 29 1
3 32 1
3 33 1
4 7 1
4 10 1
4 13 1
4 16 1
4 20 1
4 21 1
4 22 1
4 25 1
4 29 1
4 31 1
4 34 1
4 39 1
5 7 1
5 11 1
5 12 1
5 15 1
5 19 1
5 21 1
5 24 1
5 25 1
5 26 1
5 29 1
5 37 1
5 39 1
6 12 1
6 13 1
6 15 1
6 16 1
6 20 1
6 21 1
6 26 1
6 28 1
7 8 1
7 17 1
7 20 1
7 23 1
7 26 1
7 28 1
7 32 1
7 38 1
8 9 1
8 10 1
8 12 1
8 13 1
8 14 1
8 16 1
8 19 1
8 20 1
8 22 1
8 24 1
8 26 1
8 28 1
8 29 1
8 37 1
8 38 1
9 10 1
9 13 1
9 17 1
9 18 1
9 19 1
9 21 1
9 23 1
9 26 1
9 32 1
9 33 1
9 34 1
9 37 1
9 38 1
9 39 1
10 11 1
10 12 1
10 16 1
10 17 1
10 21 1
10 22 1
10 23 1
10 24 1
10 25 1
10 28 1
10 29 1
10 31 1
10 32 1
10 35 1
10 36 1
10 37 1
10 38 1
11 14 1
11 17 1
11 18 1
11 19 1
11 28 1
11 31 1
11 32 1
12 13 1
12 15 1
12 17 1
12 18 1
12 19 1
12 22 1
12 27 1
12 28 1
12 36 1
12 38 1
12 39 1
13 15 1
13 16 1
13 17 1
13 18 1
13 21 1
13 31 1
13 32 1
13 33 1
14 16 1
14 18 1
14 21 1
14 22 1
14 23 1
14 25 1
14 26 1
14 27 1
14 28 1
14 30 1
14 31 1
14 32 1
14 33 1
14 34 1
14 35 1
14 36 1
14 37 1
14 38 1
14 39 1
15 16 1
15 17 1
15 20 1
15 22 1
15 23 1
15 24 1
15 25 1
15 26 1
15 27 1
15 28 1
15 31 1
15 35 1
15 38 1
16 18 1
16 19 1
16 23 1
16 24 1
16 28 1
16 31 1
16 32 1
16 33 1
16 34 1
16 35 1
17 20 1
17 21 1
17 22 1
17 24 1
17 26 1
17 28 1
17 29 1
17 32 1
17 35 1
17 36 1
17 38 1
18 21 1
18 22 1
18 23 1
18 27 1
18 28 1
18 29 1
18 33 1
18 34 1
18 35 1
18 36 1
18 37 1
18 39 1
19 22 1
19 25 1
19 28 1
19 29 1
19 31 1
19 33 1
19 34 1
19 36 1
19 39 1
20 22 1
20 24 1
20 27 1
20 32 1
20 34 1
20 36 1
20 37 1
20 38 1
20 39 1
21 26 1
21 27 1
21 29 1
21 31 1
21 33 1
21 34 1
21 36 1
21 38 1
21 39 1
22 23 1
22 24 1
22 27 1
22 28 1
22 31 1
22 34 1
22 37 1
22 38 1
23 29 1
23 37 1
23 38 1
23 39 1
24 26 1
24 27 1
24 31 1
24 32 1
24 39 1
25 27 1
25 28 1
25 31 1
25 32 1
25 33 1
25 39 1
26 29 1
26 30 1
26 32 1
26 33 1
26 35 1
26 39 1
27 30 1
27 34 1
27 36 1
27 37 1
27 39 1
28 35 1
28 37 1
28 38 1
29 33 1
29 35 1
29 37 1
29 39 1
30 31 1
30 32 1
30 33 1
30 37 1
30 38 1
31 35 1
32 33 1
34 35 1
35 38 1
36 38 1
36 39 1
1
15 36 9 19
