607
0 1 1
0 14 1
0 16 1
0 21 1
0 24 1
0 26 1
0 28 1
0 36 1
0 37 1
0 50 1
0 55 1
0 58 1
0 60 1
0 62 1
1 2 1
1 5 1
1 6 1
1 7 1
1 9 1
1 11 1
1 14 1
1 22 1
1 24 1
1 25 1
1 26 1
1 29 1
1 30 1
1 45 1
1 46 1
1 47 1
1 53 1
1 57 1
1 58 1
1 60 1
1 62 1
1 64 1
1 65 1
2 9 1
2 12 1
2 16 1
2 17 1
2 21 1
2 24 1
2 26 1
2 34 1
2 38 1
2 39 1
2 43 1
2 45 1
2 47 1
2 52 1
2 53 1
2 59 1
3 5 1
3 8 1
3 9 1
3 12 1
3 14 1
3 15 1
3 17 1
3 26 1
3 32 1
3 41 1
3 44 1
3 48 1
3 49 1
3 50 1
3 55 1
3 57 1
3 58 1
3 61 1
3 63 1
3 67 1
4 5 1
4 10 1
4 11 1
4 13 1
4 14 1
4 15 1
4 17 1
4 19 1
4 24 1
4 27 1
4 33 1
4 39 1
4 41 1
4 45 1
4 46 1
4 51 1
4 52 1
4 53 1
4 56 1
4 57 1
4 63 1
4 64 1
4 68 1
4 69 1
5 6 1
5 13 1
5 15 1
5 16 1
5 24 1
5 30 1
5 35 1
5 37 1
5 40 1
5 48 1
5 57 1
5 59 1
5 62 1
5 68 1
6 11 1
6 21 1
6 22 1
6 23 1
6 24 1
6 30 1
6 31 1
6 32 1
6 34 1
6 35 1
6 38 1
6 40 1
6 42 1
6 44 1
6 46 1
6 49 1
6 50 1
6 56 1
6 65 1
6 68 1
7 13 1
7 15 1
7 16 1
7 19 1
7 23 1
7 29 1
7 30 1
7 33 1
7 36 1
7 40 1
7 42 1
7 44 1
7 47 1
7 50 1
7 51 1
7 56 1
7 57 1
7 58 1
7 62 1
7 64 1
8 11 1
8 13 1
8 25 1
8 26 1
8 29 1
8 30 1
8 31 1
8 35 1
8 36 1
8 38 1
8 45 1
8 51 1
8 54 1
8 55 1
8 58 1
8 61 1
8 63 1
8 64 1
8 66 1
8 69 1
9 14 1
9 16 1
9 20 1
9 25 1
9 29 1
9 32 1
9 33 1
9 36 1
9 38 1
9 39 1
9 41 1
9 42 1
9 46 1
9 47 1
9 56 1
9 57 1
9 69 1
10 13 1
10 14 1
10 15 1
10 17 1
10 26 1
10 27 1
10 35 1
10 41 1
10 42 1
10 44 1
10 45 1
10 47 1
10 55 1
10 58 1
10 63 1
10 65 1
11 12 1
11 13 1
11 15 1
11 18 1
11 24 1
11 25 1
11 32 1
11 36 1
11 38 1
11 40 1
11 47 1
11 49 1
11 52 1
11 57 1
12 22 1
12 26 1
12 34 1
12 37 1
12 44 1
12 45 1
12 48 1
12 49 1
12 58 1
12 65 1
13 25 1
13 27 1
13 29 1
13 30 1
13 34 1
13 36 1
13 42 1
13 50 1
13 56 1
13 57 1
13 58 1
13 63 1
14 27 1
14 36 1
14 41 1
14 49 1
14 66 1
15 21 1
15 24 1
15 40 1
15 44 1
15 48 1
15 49 1
15 50 1
15 55 1
15 66 1
16 17 1
16 18 1
16 20 1
16 29 1
16 35 1
16 36 1
16 47 1
16 51 1
16 53 1
16 55 1
17 23 1
17 27 1
17 31 1
17 32 1
17 34 1
17 36 1
17 37 1
17 39 1
17 41 1
17 46 1
17 47 1
17 52 1
17 54 1
17 56 1
17 62 1
17 63 1
17 68 1
18 20 1
18 23 1
18 28 1
18 29 1
18 40 1
18 47 1
18 50 1
18 51 1
18 52 1
18 55 1
18 63 1
19 27 1
19 35 1
19 36 1
19 38 1
19 41 1
19 42 1
19 45 1
19 47 1
19 51 1
19 53 1
19 60 1
20 21 1
20 23 1
20 35 1
20 38 1
20 50 1
20 56 1
20 69 1
21 25 1
21 32 1
21 33 1
21 37 1
21 40 1
21 46 1
21 54 1
21 64 1
21 68 1
22 32 1
22 35 1
22 44 1
22 46 1
22 49 1
22 56 1
22 59 1
22 61 1
22 64 1
23 24 1
23 25 1
23 26 1
23 27 1
23 30 1
23 34 1
23 40 1
23 44 1
23 56 1
24 28 1
24 29 1
24 36 1
24 40 1
24 41 1
24 44 1
24 45 1
24 49 1
24 50 1
24 59 1
24 60 1
24 61 1
24 65 1
24 66 1
24 68 1
25 30 1
25 35 1
25 38 1
25 39 1
25 42 1
25 46 1
25 50 1
25 53 1
25 54 1
25 55 1
25 68 1
26 29 1
26 36 1
26 41 1
26 44 1
26 49 1
26 50 1
26 54 1
26 56 1
26 57 1
26 67 1
26 69 1
27 28 1
27 29 1
27 31 1
27 33 1
27 41 1
27 45 1
27 52 1
27 53 1
27 54 1
27 61 1
27 62 1
27 63 1
27 65 1
27 66 1
28 30 1
28 33 1
28 40 1
28 41 1
28 43 1
28 51 1
28 55 1
28 57 1
28 61 1
28 66 1
28 69 1
29 31 1
29 33 1
29 34 1
29 39 1
29 41 1
29 47 1
29 48 1
29 53 1
29 60 1
30 31 1
30 35 1
30 38 1
30 46 1
30 51 1
30 53 1
30 54 1
30 56 1
30 60 1
31 32 1
31 35 1
31 37 1
31 44 1
31 59 1
31 60 1
31 63 1
31 67 1
32 33 1
32 36 1
32 39 1
32 42 1
32 45 1
32 46 1
32 48 1
32 56 1
32 63 1
32 64 1
32 65 1
33 34 1
33 36 1
33 40 1
33 41 1
33 44 1
33 53 1
33 61 1
33 62 1
34 35 1
34 45 1
34 48 1
34 49 1
34 51 1
34 57 1
34 60 1
35 36 1
35 39 1
35 40 1
35 45 1
35 46 1
35 50 1
35 51 1
35 55 1
35 62 1
35 67 1
36 39 1
36 45 1
36 48 1
36 50 1
36 54 1
36 55 1
36 57 1
36 59 1
36 62 1
37 38 1
37 39 1
37 40 1
37 41 1
37 43 1
37 50 1
37 54 1
37 55 1
37 59 1
37 61 1
37 63 1
37 65 1
38 44 1
38 46 1
38 53 1
38 56 1
38 57 1
38 58 1
38 68 1
39 49 1
39 55 1
39 57 1
39 60 1
39 63 1
39 66 1
39 69 1
40 44 1
40 45 1
40 48 1
40 50 1
40 61 1
41 45 1
41 47 1
41 50 1
41 53 1
41 57 1
41 58 1
41 59 1
41 60 1
41 62 1
41 69 1
42 48 1
42 58 1
42 59 1
42 61 1
42 62 1
42 66 1
43 46 1
43 57 1
43 59 1
43 65 1
43 68 1
44 48 1
44 49 1
44 52 1
44 53 1
44 56 1
44 63 1
44 66 1
44 67 1
44 69 1
45 48 1
45 50 1
45 53 1
45 54 1
45 59 1
45 63 1
45 64 1
45 65 1
45 69 1
46 52 1
46 68 1
47 52 1
47 53 1
47 60 1
47 62 1
47 63 1
47 64 1
47 67 1
47 69 1
48 57 1
48 62 1
48 66 1
49 51 1
49 61 1
49 69 1
50 51 1
50 52 1
50 53 1
50 56 1
50 58 1
50 59 1
50 62 1
50 66 1
50 68 1
51 53 1
51 55 1
51 56 1
51 58 1
51 62 1
51 63 1
52 54 1
52 55 1
52 59 1
52 60 1
52 61 1
52 66 1
53 56 1
53 60 1
53 62 1
53 65 1
53 69 1
54 56 1
54 58 1
54 62 1
55 61 1
55 63 1
55 65 1
55 68 1
56 58 1
56 69 1
57 58 1
58 69 1
59 61 1
59 64 1
60 63 1
60 65 1
61 67 1
61 69 1
62 69 1
63 65 1
64 65 1
64 69 1
65 67 1
65 68 1
66 69 1
68 69 1
1
55 58 60 19 67 26 66
