615
0 2 1
0 3 1
0 4 1
0 5 1
0 12 1
0 15 1
0 19 1
0 24 1
0 25 1
0 32 1
0 47 1
0 53 1
0 56 1
0 63 1
0 64 1
0 65 1
1 5 1
1 9 1
1 13 1
1 14 1
1 17 1
1 18 1
1 27 1
1 28 1
1 29 1
1 31 1
1 35 1
1 36 1
1 37 1
1 41 1
1 48 1
1 49 1
1 56 1
1 58 1
1 59 1
1 63 1
1 65 1
1 66 1
1 67 1
2 3 1
2 4 1
2 9 1
2 10 1
2 11 1
2 12 1
2 13 1
2 15 1
2 16 1
2 21 1
2 23 1
2 26 1
2 27 1
2 31 1
2 47 1
2 54 1
2 57 1
2 59 1
2 65 1
2 66 1
2 67 1
2 69 1
3 4 1
3 5 1
3 7 1
3 18 1
3 22 1
3 23 1
3 33 1
3 37 1
3 39 1
3 43 1
3 45 1
3 55 1
3 56 1
3 60 1
3 62 1
3 63 1
3 64 1
3 65 1
4 5 1
4 7 1
4 11 1
4 12 1
4 16 1
4 24 1
4 25 1
4 38 1
4 39 1
4 48 1
4 54 1
4 61 1
4 65 1
4 67 1
5 6 1
5 11 1
5 12 1
5 15 1
5 16 1
5 21 1
5 26 1
5 38 1
5 39 1
5 40 1
5 41 1
5 42 1
5 45 1
5 49 1
5 57 1
5 63 1
5 64 1
6 13 1
6 14 1
6 15 1
6 19 1
6 23 1
6 27 1
6 29 1
6 30 1
6 32 1
6 33 1
6 35 1
6 38 1
6 39 1
6 40 1
6 42 1
6 46 1
6 48 1
6 50 1
6 51 1
6 52 1
6 54 1
6 61 1
6 67 1
7 13 1
7 17 1
7 24 1
7 28 1
7 29 1
7 41 1
7 42 1
7 44 1
7 47 1
7 51 1
7 55 1
7 58 1
7 59 1
7 60 1
7 61 1
7 65 1
7 66 1
8 10 1
8 13 1
8 17 1
8 20 1
8 21 1
8 22 1
8 23 1
8 24 1
8 29 1
8 30 1
8 31 1
8 35 1
8 36 1
8 37 1
8 38 1
8 44 1
8 46 1
8 47 1
8 49 1
8 50 1
8 61 1
8 62 1
8 65 1
8 67 1
9 27 1
9 33 1
9 35 1
9 38 1
9 39 1
9 44 1
9 46 1
9 53 1
9 58 1
9 60 1
9 67 1
10 18 1
10 19 1
10 23 1
10 29 1
10 50 1
10 55 1
10 63 1
10 64 1
11 15 1
11 18 1
11 20 1
11 21 1
11 24 1
11 29 1
11 35 1
11 36 1
11 38 1
11 39 1
11 42 1
11 43 1
11 52 1
11 61 1
11 63 1
11 66 1
11 69 1
12 13 1
12 14 1
12 17 1
12 18 1
12 19 1
12 20 1
12 25 1
12 27 1
12 29 1
12 32 1
12 40 1
12 41 1
12 47 1
12 56 1
12 61 1
12 63 1
13 15 1
13 21 1
13 22 1
13 34 1
13 36 1
13 40 1
13 42 1
13 53 1
13 56 1
13 65 1
13 66 1
14 15 1
14 22 1
14 39 1
14 43 1
14 51 1
14 54 1
14 56 1
14 57 1
14 58 1
14 59 1
14 64 1
15 18 1
15 21 1
15 22 1
15 24 1
15 25 1
15 36 1
15 38 1
15 39 1
15 41 1
15 42 1
15 60 1
15 61 1
15 65 1
15 68 1
15 69 1
16 29 1
16 42 1
16 48 1
16 49 1
16 50 1
16 57 1
16 65 1
16 67 1
17 18 1
17 22 1
17 26 1
17 28 1
17 30 1
17 35 1
17 36 1
17 47 1
17 48 1
17 53 1
17 54 1
17 58 1
17 60 1
17 61 1
17 64 1
17 65 1
17 69 1
18 24 1
18 27 1
18 32 1
18 37 1
18 39 1
18 45 1
18 49 1
18 53 1
18 54 1
18 59 1
18 60 1
19 22 1
19 25 1
19 28 1
19 31 1
19 32 1
19 33 1
19 37 1
19 38 1
19 41 1
19 44 1
19 55 1
19 60 1
19 61 1
19 66 1
20 26 1
20 28 1
20 30 1
20 31 1
20 34 1
20 35 1
20 41 1
20 43 1
20 46 1
20 50 1
20 54 1
20 55 1
20 60 1
20 62 1
20 64 1
20 69 1
21 23 1
21 30 1
21 40 1
21 41 1
21 43 1
21 45 1
21 47 1
21 54 1
21 65 1
21 66 1
21 69 1
22 29 1
22 41 1
22 42 1
22 48 1
22 50 1
22 53 1
22 57 1
22 59 1
22 64 1
23 26 1
23 29 1
23 36 1
23 37 1
23 39 1
23 43 1
23 46 1
23 47 1
23 48 1
23 56 1
23 57 1
23 64 1
23 66 1
24 27 1
24 29 1
24 33 1
24 37 1
24 40 1
24 45 1
24 46 1
24 51 1
24 55 1
24 66 1
25 27 1
25 32 1
25 35 1
25 36 1
25 38 1
25 42 1
25 45 1
25 51 1
25 63 1
25 64 1
26 30 1
26 31 1
26 41 1
26 43 1
26 46 1
26 49 1
26 52 1
26 55 1
26 58 1
26 59 1
26 62 1
26 64 1
26 68 1
26 69 1
27 34 1
27 36 1
27 37 1
27 40 1
27 43 1
27 48 1
27 49 1
27 51 1
27 54 1
27 57 1
27 62 1
28 29 1
28 33 1
28 34 1
28 38 1
28 42 1
28 43 1
28 47 1
28 48 1
28 52 1
28 61 1
28 69 1
29 35 1
29 36 1
29 54 1
29 55 1
29 62 1
29 64 1
30 32 1
30 34 1
30 35 1
30 36 1
30 45 1
30 49 1
30 51 1
30 55 1
30 61 1
31 32 1
31 40 1
31 42 1
31 44 1
31 46 1
31 52 1
31 54 1
32 34 1
32 40 1
32 42 1
32 48 1
32 49 1
32 50 1
32 51 1
32 52 1
32 54 1
32 65 1
33 41 1
33 42 1
33 47 1
33 49 1
33 50 1
33 51 1
34 43 1
34 47 1
34 51 1
34 59 1
34 62 1
34 68 1
35 38 1
35 40 1
35 43 1
35 44 1
35 48 1
35 50 1
35 55 1
35 60 1
35 61 1
35 62 1
35 63 1
35 65 1
35 68 1
36 42 1
36 46 1
36 53 1
36 57 1
36 62 1
36 64 1
36 66 1
37 38 1
37 54 1
37 56 1
37 58 1
37 60 1
37 62 1
37 68 1
38 46 1
38 51 1
38 54 1
38 56 1
38 58 1
38 60 1
38 62 1
38 68 1
39 40 1
39 41 1
39 46 1
39 48 1
39 52 1
39 53 1
39 54 1
39 58 1
39 60 1
39 61 1
39 64 1
40 47 1
40 50 1
40 52 1
40 57 1
40 61 1
40 62 1
40 65 1
40 67 1
41 57 1
41 61 1
41 64 1
41 68 1
41 69 1
42 46 1
42 48 1
42 51 1
42 55 1
42 57 1
42 58 1
42 65 1
43 67 1
43 68 1
44 53 1
44 56 1
44 57 1
44 62 1
44 64 1
44 67 1
44 69 1
45 61 1
45 64 1
45 66 1
46 47 1
46 53 1
46 56 1
46 66 1
47 50 1
47 53 1
47 57 1
47 60 1
47 62 1
47 64 1
47 65 1
47 67 1
47 68 1
48 55 1
48 56 1
48 59 1
48 60 1
48 64 1
48 69 1
49 51 1
49 52 1
49 57 1
49 59 1
50 52 1
50 55 1
51 54 1
51 57 1
51 65 1
51 66 1
51 69 1
52 54 1
52 56 1
52 58 1
52 68 1
53 54 1
53 56 1
53 58 1
53 59 1
53 61 1
53 62 1
53 65 1
54 57 1
54 63 1
54 66 1
54 68 1
55 61 1
55 64 1
55 69 1
56 61 1
56 67 1
57 60 1
57 63 1
57 66 1
57 67 1
57 68 1
58 59 1
58 61 1
59 65 1
59 67 1
59 68 1
60 61 1
60 63 1
60 65 1
60 68 1
60 69 1
61 62 1
61 64 1
61 67 1
62 66 1
62 67 1
62 69 1
64 66 1
64 67 1
64 69 1
67 69 1
1
54 5 8 55 10 47 62
