1932
0 1 1
0 26 1
0 51 1
0 67 1
0 98 1
0 106 1
0 117 1
0 120 1
0 133 1
0 136 1
0 145 1
0 147 1
0 151 1
0 168 1
0 184 1
1 3 1
1 11 1
1 12 1
1 19 1
1 24 1
1 34 1
1 40 1
1 44 1
1 47 1
1 78 1
1 90 1
1 92 1
1 95 1
1 108 1
1 109 1
1 140 1
1 141 1
1 144 1
1 165 1
1 168 1
1 171 1
1 177 1
1 178 1
1 182 1
2 7 1
2 10 1
2 19 1
2 38 1
2 52 1
2 57 1
2 62 1
2 71 1
2 86 1
2 87 1
2 88 1
2 95 1
2 100 1
2 110 1
2 113 1
2 115 1
2 121 1
2 124 1
2 129 1
2 130 1
2 132 1
2 141 1
2 143 1
2 147 1
2 155 1
2 172 1
2 186 1
3 8 1
3 15 1
3 22 1
3 23 1
3 26 1
3 54 1
3 59 1
3 85 1
3 89 1
3 91 1
3 92 1
3 94 1
3 96 1
3 97 1
3 103 1
3 113 1
3 117 1
3 119 1
3 125 1
3 130 1
3 132 1
3 153 1
3 155 1
3 163 1
3 168 1
3 175 1
3 176 1
3 180 1
3 182 1
3 183 1
4 10 1
4 23 1
4 24 1
4 30 1
4 32 1
4 65 1
4 67 1
4 73 1
4 75 1
4 100 1
4 102 1
4 103 1
4 122 1
4 132 1
4 138 1
4 147 1
4 159 1
4 171 1
4 177 1
4 180 1
4 181 1
5 7 1
5 8 1
5 14 1
5 26 1
5 41 1
5 57 1
5 66 1
5 88 1
5 133 1
5 138 1
5 148 1
5 160 1
5 166 1
5 180 1
5 189 1
6 14 1
6 16 1
6 17 1
6 40 1
6 47 1
6 51 1
6 54 1
6 59 1
6 64 1
6 67 1
6 71 1
6 73 1
6 85 1
6 88 1
6 94 1
6 106 1
6 113 1
6 125 1
6 138 1
6 153 1
6 154 1
6 172 1
7 9 1
7 13 1
7 15 1
7 19 1
7 25 1
7 37 1
7 55 1
7 59 1
7 68 1
7 70 1
7 87 1
7 96 1
7 98 1
7 105 1
7 108 1
7 111 1
7 118 1
7 130 1
7 146 1
7 173 1
7 184 1
8 19 1
8 20 1
8 21 1
8 40 1
8 45 1
8 59 1
8 71 1
8 95 1
8 102 1
8 106 1
8 113 1
8 139 1
8 148 1
8 158 1
8 161 1
8 184 1
8 189 1
9 27 1
9 30 1
9 40 1
9 47 1
9 53 1
9 66 1
9 68 1
9 76 1
9 77 1
9 79 1
9 84 1
9 102 1
9 106 1
9 120 1
9 121 1
9 124 1
9 136 1
9 139 1
9 148 1
9 159 1
9 164 1
9 176 1
9 181 1
10 17 1
10 27 1
10 32 1
10 34 1
10 35 1
10 37 1
10 58 1
10 61 1
10 66 1
10 71 1
10 72 1
10 79 1
10 80 1
10 99 1
10 100 1
10 102 1
10 110 1
10 117 1
10 122 1
10 130 1
10 141 1
10 142 1
10 144 1
10 150 1
10 168 1
10 169 1
10 188 1
11 13 1
11 19 1
11 21 1
11 28 1
11 29 1
11 47 1
11 60 1
11 102 1
11 120 1
11 133 1
11 147 1
11 155 1
12 17 1
12 18 1
12 22 1
12 23 1
12 28 1
12 31 1
12 35 1
12 42 1
12 47 1
12 50 1
12 88 1
12 114 1
12 116 1
12 126 1
12 164 1
12 178 1
13 23 1
13 32 1
13 37 1
13 50 1
13 64 1
13 123 1
13 126 1
13 134 1
13 145 1
13 161 1
13 181 1
13 182 1
13 186 1
14 20 1
14 29 1
14 34 1
14 43 1
14 45 1
14 81 1
14 94 1
14 127 1
14 129 1
14 133 1
14 137 1
14 142 1
14 155 1
14 157 1
14 170 1
14 172 1
14 179 1
14 188 1
15 17 1
15 42 1
15 46 1
15 51 1
15 57 1
15 67 1
15 81 1
15 88 1
15 106 1
15 123 1
15 141 1
15 151 1
15 152 1
15 159 1
15 173 1
15 184 1
16 18 1
16 23 1
16 26 1
16 41 1
16 60 1
16 63 1
16 69 1
16 78 1
16 79 1
16 87 1
16 92 1
16 93 1
16 96 1
16 100 1
16 104 1
16 118 1
16 119 1
16 121 1
16 132 1
16 141 1
16 150 1
16 168 1
16 172 1
16 175 1
16 183 1
16 184 1
16 188 1
17 22 1
17 30 1
17 34 1
17 43 1
17 45 1
17 66 1
17 72 1
17 74 1
17 95 1
17 102 1
17 107 1
17 134 1
17 144 1
17 147 1
17 161 1
17 164 1
17 166 1
17 187 1
18 21 1
18 23 1
18 57 1
18 69 1
18 100 1
18 105 1
18 113 1
18 120 1
18 124 1
18 127 1
18 139 1
18 152 1
18 167 1
18 180 1
19 30 1
19 43 1
19 54 1
19 70 1
19 90 1
19 109 1
19 111 1
19 114 1
19 117 1
19 122 1
19 144 1
19 169 1
19 178 1
19 180 1
19 183 1
20 29 1
20 41 1
20 42 1
20 51 1
20 52 1
20 53 1
20 56 1
20 69 1
20 72 1
20 79 1
20 97 1
20 111 1
20 113 1
20 114 1
20 126 1
20 139 1
20 143 1
20 151 1
20 152 1
20 167 1
20 168 1
20 171 1
20 179 1
20 184 1
20 189 1
21 29 1
21 30 1
21 55 1
21 67 1
21 71 1
21 85 1
21 106 1
21 120 1
21 124 1
21 126 1
21 138 1
21 163 1
22 27 1
22 30 1
22 38 1
22 60 1
22 76 1
22 87 1
22 91 1
22 98 1
22 100 1
22 106 1
22 143 1
22 144 1
22 145 1
22 149 1
22 167 1
23 27 1
23 39 1
23 49 1
23 63 1
23 77 1
23 87 1
23 91 1
23 93 1
23 97 1
23 100 1
23 105 1
23 112 1
23 118 1
23 121 1
23 122 1
23 124 1
23 132 1
23 161 1
23 171 1
23 174 1
23 180 1
23 182 1
24 28 1
24 32 1
24 34 1
24 35 1
24 37 1
24 54 1
24 76 1
24 101 1
24 115 1
24 118 1
24 126 1
24 133 1
24 174 1
24 182 1
24 183 1
25 34 1
25 36 1
25 37 1
25 51 1
25 58 1
25 77 1
25 83 1
25 105 1
25 109 1
25 125 1
25 129 1
25 134 1
25 153 1
25 167 1
25 174 1
25 188 1
26 52 1
26 53 1
26 55 1
26 83 1
26 85 1
26 86 1
26 91 1
26 98 1
26 102 1
26 107 1
26 114 1
26 122 1
26 123 1
26 135 1
26 140 1
26 172 1
26 173 1
26 174 1
26 182 1
27 31 1
27 39 1
27 49 1
27 66 1
27 75 1
27 76 1
27 108 1
27 122 1
27 124 1
27 146 1
27 155 1
27 164 1
27 165 1
28 30 1
28 32 1
28 52 1
28 59 1
28 74 1
28 80 1
28 94 1
28 107 1
28 108 1
28 116 1
28 121 1
28 127 1
28 139 1
28 140 1
28 145 1
28 147 1
28 149 1
28 161 1
28 165 1
28 173 1
29 34 1
29 36 1
29 41 1
29 45 1
29 55 1
29 66 1
29 76 1
29 87 1
29 88 1
29 97 1
29 100 1
29 102 1
29 116 1
29 128 1
29 132 1
29 161 1
29 162 1
29 165 1
29 181 1
30 34 1
30 60 1
30 63 1
30 65 1
30 86 1
30 88 1
30 107 1
30 109 1
30 116 1
30 121 1
30 123 1
30 158 1
30 173 1
30 174 1
30 188 1
31 33 1
31 51 1
31 54 1
31 55 1
31 64 1
31 77 1
31 86 1
31 92 1
31 125 1
31 136 1
31 143 1
31 150 1
31 156 1
31 166 1
31 176 1
32 36 1
32 40 1
32 48 1
32 55 1
32 56 1
32 61 1
32 67 1
32 68 1
32 70 1
32 86 1
32 87 1
32 91 1
32 108 1
32 109 1
32 141 1
32 143 1
32 169 1
32 175 1
32 177 1
33 34 1
33 38 1
33 41 1
33 60 1
33 69 1
33 78 1
33 82 1
33 91 1
33 99 1
33 103 1
33 106 1
33 125 1
33 127 1
33 138 1
33 159 1
33 160 1
33 163 1
34 35 1
34 49 1
34 69 1
34 80 1
34 81 1
34 88 1
34 113 1
34 126 1
34 141 1
34 148 1
34 157 1
34 158 1
34 169 1
34 176 1
34 179 1
34 184 1
34 186 1
35 67 1
35 81 1
35 82 1
35 83 1
35 85 1
35 112 1
35 123 1
35 136 1
35 137 1
35 144 1
35 154 1
35 162 1
35 171 1
36 37 1
36 42 1
36 46 1
36 47 1
36 61 1
36 68 1
36 77 1
36 91 1
36 123 1
36 126 1
36 132 1
36 150 1
36 152 1
37 46 1
37 54 1
37 66 1
37 77 1
37 87 1
37 98 1
37 115 1
37 116 1
37 126 1
37 160 1
37 171 1
37 175 1
37 177 1
37 186 1
37 188 1
37 189 1
38 42 1
38 44 1
38 45 1
38 64 1
38 67 1
38 72 1
38 79 1
38 87 1
38 101 1
38 114 1
38 115 1
38 122 1
38 128 1
38 132 1
38 147 1
38 178 1
39 41 1
39 51 1
39 56 1
39 60 1
39 62 1
39 74 1
39 119 1
39 131 1
39 132 1
39 142 1
39 144 1
39 155 1
39 165 1
39 168 1
40 50 1
40 65 1
40 66 1
40 74 1
40 98 1
40 102 1
40 111 1
40 148 1
40 179 1
40 180 1
40 187 1
41 43 1
41 51 1
41 74 1
41 79 1
41 95 1
41 106 1
41 110 1
41 115 1
41 119 1
41 125 1
41 130 1
41 135 1
41 152 1
41 160 1
41 164 1
41 165 1
41 167 1
41 173 1
42 65 1
42 67 1
42 68 1
42 76 1
42 79 1
42 92 1
42 106 1
42 118 1
42 130 1
42 136 1
42 137 1
42 160 1
42 165 1
42 173 1
42 174 1
42 177 1
42 187 1
43 45 1
43 59 1
43 76 1
43 81 1
43 101 1
43 119 1
43 137 1
43 146 1
43 158 1
43 168 1
43 170 1
43 181 1
44 47 1
44 56 1
44 66 1
44 67 1
44 73 1
44 81 1
44 84 1
44 96 1
44 101 1
44 121 1
44 122 1
44 132 1
44 156 1
44 177 1
44 180 1
45 47 1
45 50 1
45 51 1
45 94 1
45 95 1
45 109 1
45 110 1
45 129 1
45 136 1
45 145 1
45 151 1
45 157 1
45 165 1
45 176 1
46 59 1
46 72 1
46 83 1
46 94 1
46 102 1
46 106 1
46 133 1
46 140 1
46 144 1
46 154 1
46 155 1
46 160 1
46 164 1
46 176 1
46 177 1
46 185 1
46 187 1
47 57 1
47 58 1
47 63 1
47 83 1
47 88 1
47 108 1
47 121 1
47 133 1
47 142 1
47 146 1
47 150 1
47 152 1
47 155 1
47 170 1
48 49 1
48 56 1
48 78 1
48 91 1
48 92 1
48 111 1
48 115 1
48 117 1
48 121 1
48 141 1
48 144 1
48 146 1
48 162 1
48 164 1
48 169 1
48 173 1
48 176 1
48 179 1
49 62 1
49 66 1
49 68 1
49 81 1
49 93 1
49 104 1
49 109 1
49 113 1
49 122 1
49 127 1
49 147 1
49 174 1
50 56 1
50 57 1
50 65 1
50 71 1
50 84 1
50 94 1
50 110 1
50 114 1
50 115 1
50 120 1
50 126 1
50 128 1
50 141 1
50 142 1
50 143 1
50 154 1
50 157 1
50 158 1
50 176 1
50 181 1
51 53 1
51 62 1
51 68 1
51 69 1
51 77 1
51 79 1
51 85 1
51 88 1
51 93 1
51 98 1
51 124 1
51 127 1
51 139 1
51 163 1
51 172 1
51 177 1
52 56 1
52 57 1
52 59 1
52 62 1
52 64 1
52 91 1
52 92 1
52 94 1
52 112 1
52 133 1
52 148 1
52 158 1
52 166 1
52 175 1
52 177 1
52 179 1
53 56 1
53 68 1
53 73 1
53 77 1
53 108 1
53 165 1
54 59 1
54 80 1
54 89 1
54 108 1
54 109 1
54 116 1
54 133 1
54 134 1
54 149 1
54 160 1
54 161 1
54 163 1
54 164 1
54 171 1
54 173 1
54 178 1
54 179 1
55 58 1
55 67 1
55 79 1
55 80 1
55 85 1
55 90 1
55 93 1
55 102 1
55 108 1
55 112 1
55 127 1
55 141 1
55 157 1
55 159 1
55 171 1
55 189 1
56 59 1
56 60 1
56 67 1
56 71 1
56 76 1
56 78 1
56 102 1
56 108 1
56 110 1
56 112 1
56 117 1
56 118 1
56 124 1
56 129 1
56 154 1
56 163 1
56 173 1
56 177 1
56 184 1
57 64 1
57 68 1
57 87 1
57 90 1
57 95 1
57 126 1
57 153 1
57 163 1
57 168 1
57 174 1
57 178 1
57 183 1
58 62 1
58 84 1
58 108 1
58 111 1
58 131 1
58 139 1
58 150 1
58 165 1
58 168 1
58 175 1
58 177 1
58 189 1
59 69 1
59 71 1
59 88 1
59 89 1
59 95 1
59 103 1
59 107 1
59 108 1
59 114 1
59 135 1
59 139 1
59 152 1
59 185 1
59 188 1
60 74 1
60 79 1
60 82 1
60 93 1
60 101 1
60 115 1
60 136 1
60 144 1
61 62 1
61 74 1
61 77 1
61 112 1
61 119 1
61 122 1
61 127 1
61 129 1
61 132 1
61 133 1
61 144 1
61 149 1
61 170 1
61 173 1
61 188 1
62 65 1
62 84 1
62 92 1
62 103 1
62 112 1
62 114 1
62 130 1
62 144 1
62 152 1
62 167 1
62 180 1
63 86 1
63 90 1
63 91 1
63 92 1
63 95 1
63 108 1
63 109 1
63 129 1
63 132 1
63 141 1
63 149 1
63 150 1
63 152 1
63 154 1
63 158 1
63 184 1
63 185 1
64 67 1
64 69 1
64 77 1
64 107 1
64 121 1
64 128 1
64 154 1
64 162 1
64 169 1
64 184 1
65 79 1
65 89 1
65 106 1
65 112 1
65 118 1
65 131 1
65 161 1
65 175 1
65 179 1
66 67 1
66 77 1
66 79 1
66 91 1
66 98 1
66 103 1
66 106 1
66 124 1
66 126 1
66 144 1
66 164 1
66 170 1
66 175 1
66 181 1
66 183 1
67 72 1
67 87 1
67 120 1
67 122 1
67 124 1
67 142 1
67 149 1
67 153 1
67 158 1
67 164 1
67 175 1
67 188 1
68 96 1
68 97 1
68 130 1
68 132 1
68 143 1
68 145 1
68 147 1
68 151 1
68 152 1
68 161 1
68 173 1
68 174 1
68 178 1
68 183 1
69 72 1
69 77 1
69 79 1
69 81 1
69 93 1
69 105 1
69 121 1
69 122 1
69 124 1
69 125 1
69 132 1
69 148 1
69 159 1
69 164 1
69 182 1
69 187 1
70 71 1
70 88 1
70 126 1
70 136 1
70 144 1
70 152 1
70 158 1
70 179 1
70 187 1
70 188 1
71 77 1
71 79 1
71 84 1
71 86 1
71 101 1
71 105 1
71 108 1
71 111 1
71 112 1
71 119 1
71 124 1
71 125 1
71 134 1
71 143 1
71 144 1
71 145 1
71 166 1
71 169 1
71 179 1
71 183 1
72 85 1
72 95 1
72 97 1
72 105 1
72 110 1
72 119 1
72 121 1
72 142 1
72 144 1
72 149 1
72 178 1
72 188 1
73 75 1
73 88 1
73 93 1
73 102 1
73 105 1
73 106 1
73 113 1
73 115 1
73 130 1
73 131 1
73 151 1
73 182 1
74 76 1
74 77 1
74 86 1
74 90 1
74 93 1
74 101 1
74 106 1
74 125 1
74 136 1
74 150 1
74 154 1
74 158 1
74 162 1
74 167 1
74 168 1
74 173 1
74 177 1
74 186 1
74 187 1
75 84 1
75 93 1
75 101 1
75 122 1
75 127 1
75 145 1
75 151 1
75 157 1
75 159 1
75 160 1
75 165 1
75 167 1
75 171 1
76 80 1
76 99 1
76 102 1
76 105 1
76 106 1
76 111 1
76 116 1
76 125 1
76 150 1
76 152 1
76 163 1
76 179 1
76 184 1
76 186 1
77 87 1
77 88 1
77 90 1
77 95 1
77 104 1
77 115 1
77 132 1
77 137 1
77 143 1
77 145 1
77 170 1
77 178 1
77 183 1
77 185 1
78 99 1
78 114 1
78 116 1
78 121 1
78 122 1
78 129 1
78 135 1
78 158 1
78 174 1
79 92 1
79 94 1
79 98 1
79 99 1
79 107 1
79 127 1
79 172 1
79 176 1
80 85 1
80 88 1
80 90 1
80 91 1
80 100 1
80 111 1
80 122 1
80 123 1
80 141 1
80 148 1
80 154 1
80 159 1
80 168 1
80 171 1
80 172 1
80 175 1
80 184 1
80 187 1
81 93 1
81 96 1
81 101 1
81 102 1
81 105 1
81 108 1
81 117 1
81 130 1
81 140 1
81 151 1
81 164 1
81 169 1
81 186 1
82 93 1
82 96 1
82 125 1
82 146 1
82 159 1
82 163 1
82 173 1
82 180 1
82 185 1
82 186 1
82 188 1
83 86 1
83 92 1
83 94 1
83 100 1
83 110 1
83 114 1
83 133 1
83 138 1
83 150 1
83 151 1
83 156 1
83 157 1
83 158 1
83 159 1
83 163 1
83 164 1
83 182 1
83 183 1
83 185 1
84 93 1
84 104 1
84 115 1
84 124 1
84 125 1
84 138 1
84 140 1
84 143 1
84 144 1
85 95 1
85 98 1
85 101 1
85 110 1
85 133 1
85 142 1
85 150 1
85 160 1
85 164 1
85 171 1
85 181 1
85 184 1
86 90 1
86 94 1
86 95 1
86 97 1
86 98 1
86 116 1
86 125 1
86 131 1
86 132 1
86 133 1
86 161 1
86 172 1
86 175 1
86 176 1
87 90 1
87 92 1
87 108 1
87 120 1
87 122 1
87 124 1
87 128 1
87 131 1
87 133 1
87 139 1
87 164 1
87 179 1
87 187 1
88 91 1
88 121 1
88 128 1
88 155 1
88 158 1
88 170 1
88 185 1
89 95 1
89 99 1
89 104 1
89 114 1
89 127 1
89 141 1
89 143 1
89 147 1
89 164 1
89 168 1
89 174 1
89 176 1
89 177 1
89 188 1
90 91 1
90 98 1
90 127 1
90 149 1
90 154 1
90 167 1
90 169 1
90 171 1
90 184 1
91 94 1
91 100 1
91 103 1
91 106 1
91 112 1
91 118 1
91 124 1
91 134 1
91 136 1
91 146 1
91 155 1
91 156 1
91 163 1
91 184 1
91 188 1
91 189 1
92 95 1
92 103 1
92 107 1
92 114 1
92 120 1
92 142 1
92 145 1
92 146 1
92 163 1
92 167 1
92 169 1
93 122 1
93 123 1
93 126 1
93 133 1
93 140 1
93 143 1
93 161 1
93 178 1
93 180 1
93 187 1
94 104 1
94 112 1
94 129 1
94 144 1
94 148 1
94 167 1
94 177 1
94 179 1
94 180 1
95 98 1
95 120 1
95 121 1
95 122 1
95 124 1
95 127 1
95 135 1
95 160 1
95 169 1
96 115 1
96 121 1
96 139 1
96 144 1
96 155 1
97 102 1
97 106 1
97 121 1
97 125 1
97 127 1
97 137 1
97 140 1
97 147 1
97 152 1
97 157 1
97 161 1
97 171 1
98 121 1
98 123 1
98 128 1
98 138 1
98 141 1
98 149 1
98 156 1
98 159 1
98 167 1
98 174 1
98 176 1
98 188 1
99 107 1
99 118 1
99 141 1
99 143 1
99 149 1
99 153 1
99 154 1
99 156 1
99 162 1
99 165 1
99 167 1
99 175 1
99 180 1
99 184 1
100 108 1
100 119 1
100 169 1
100 176 1
100 187 1
101 106 1
101 111 1
101 114 1
101 115 1
101 117 1
101 120 1
101 149 1
101 151 1
101 158 1
101 162 1
101 170 1
101 175 1
101 177 1
101 186 1
102 103 1
102 125 1
102 160 1
102 165 1
103 104 1
103 112 1
103 127 1
103 135 1
103 165 1
103 167 1
103 171 1
103 179 1
103 186 1
103 187 1
104 124 1
104 126 1
104 132 1
104 174 1
104 179 1
104 181 1
105 117 1
105 135 1
105 149 1
105 151 1
105 155 1
105 162 1
105 163 1
106 108 1
106 129 1
106 135 1
106 138 1
106 140 1
106 143 1
106 163 1
106 169 1
106 180 1
106 189 1
107 113 1
107 124 1
107 128 1
107 133 1
107 143 1
107 160 1
107 169 1
107 185 1
107 187 1
108 112 1
108 117 1
108 120 1
108 153 1
108 158 1
108 159 1
108 163 1
108 171 1
108 189 1
109 119 1
109 139 1
109 144 1
109 154 1
109 157 1
109 175 1
109 176 1
109 189 1
110 121 1
110 137 1
110 163 1
110 175 1
110 182 1
110 188 1
111 121 1
111 123 1
111 130 1
111 146 1
111 179 1
112 123 1
112 129 1
112 132 1
112 139 1
112 163 1
112 168 1
112 171 1
113 152 1
113 159 1
113 161 1
113 177 1
114 116 1
114 121 1
114 125 1
114 141 1
114 182 1
115 131 1
115 137 1
115 143 1
115 149 1
115 153 1
115 165 1
115 172 1
115 176 1
115 180 1
115 182 1
115 183 1
116 117 1
116 126 1
116 127 1
116 129 1
116 130 1
116 134 1
116 146 1
116 154 1
116 157 1
116 175 1
116 178 1
117 124 1
117 134 1
117 151 1
117 152 1
117 158 1
117 161 1
117 174 1
117 184 1
118 131 1
118 132 1
118 138 1
118 147 1
118 151 1
118 155 1
118 164 1
119 129 1
119 160 1
119 169 1
119 172 1
119 175 1
119 182 1
120 133 1
120 137 1
120 160 1
120 161 1
120 169 1
120 174 1
121 133 1
121 134 1
121 141 1
121 186 1
122 132 1
122 162 1
122 166 1
122 171 1
122 180 1
122 181 1
122 182 1
122 189 1
123 141 1
123 157 1
123 164 1
123 168 1
123 171 1
124 134 1
124 136 1
124 169 1
125 126 1
125 133 1
125 136 1
125 139 1
125 142 1
125 145 1
125 149 1
125 150 1
125 151 1
125 152 1
125 153 1
125 171 1
125 179 1
125 180 1
125 181 1
126 141 1
126 142 1
126 153 1
126 174 1
126 186 1
126 188 1
127 128 1
127 131 1
127 144 1
127 151 1
127 165 1
127 166 1
127 172 1
128 132 1
128 154 1
128 168 1
128 180 1
128 188 1
128 189 1
129 142 1
129 160 1
129 168 1
129 179 1
129 185 1
130 134 1
130 152 1
130 158 1
130 165 1
130 169 1
130 174 1
130 189 1
131 135 1
131 142 1
131 143 1
131 148 1
131 156 1
131 157 1
131 181 1
131 182 1
131 187 1
132 135 1
132 147 1
132 167 1
132 168 1
132 173 1
132 174 1
132 186 1
133 147 1
133 164 1
133 176 1
133 183 1
133 189 1
134 141 1
134 159 1
134 160 1
134 167 1
134 181 1
134 183 1
134 189 1
135 142 1
135 146 1
135 152 1
135 162 1
135 169 1
135 176 1
135 187 1
136 144 1
136 148 1
136 149 1
136 158 1
136 159 1
136 164 1
136 176 1
136 179 1
136 189 1
137 145 1
137 146 1
137 154 1
137 161 1
137 162 1
137 173 1
137 178 1
138 143 1
138 157 1
138 160 1
138 165 1
138 171 1
138 178 1
139 168 1
139 181 1
139 186 1
139 188 1
140 141 1
140 159 1
140 162 1
140 175 1
140 180 1
140 184 1
141 142 1
141 166 1
141 174 1
141 175 1
141 177 1
141 187 1
142 151 1
142 157 1
142 158 1
142 159 1
142 164 1
142 186 1
142 188 1
143 147 1
143 150 1
143 160 1
143 162 1
143 165 1
143 179 1
143 184 1
144 147 1
144 167 1
144 172 1
144 181 1
145 148 1
145 149 1
145 168 1
145 169 1
145 180 1
146 150 1
146 154 1
146 158 1
146 159 1
146 160 1
146 168 1
147 171 1
148 161 1
148 186 1
149 172 1
149 189 1
150 157 1
150 158 1
150 169 1
150 178 1
151 162 1
151 175 1
151 184 1
152 157 1
152 158 1
152 164 1
152 171 1
152 175 1
152 176 1
152 179 1
152 185 1
152 188 1
153 186 1
154 170 1
155 159 1
155 160 1
155 165 1
155 166 1
155 181 1
156 168 1
156 188 1
156 189 1
157 164 1
157 170 1
157 175 1
157 178 1
157 179 1
157 182 1
158 171 1
158 189 1
159 161 1
159 162 1
159 169 1
159 183 1
160 165 1
160 189 1
161 170 1
161 188 1
162 163 1
162 175 1
162 180 1
162 181 1
162 182 1
163 172 1
163 174 1
163 176 1
163 182 1
164 165 1
164 174 1
164 175 1
164 177 1
165 176 1
166 175 1
166 176 1
166 178 1
166 184 1
166 187 1
166 189 1
167 177 1
168 174 1
168 175 1
168 176 1
168 186 1
169 184 1
170 177 1
170 181 1
170 182 1
172 173 1
172 180 1
174 182 1
174 183 1
174 184 1
174 189 1
175 185 1
176 180 1
176 185 1
177 178 1
177 179 1
177 180 1
180 184 1
181 182 1
182 187 1
184 185 1
184 187 1
1
17 135 60 126 87 158 168 162 89 150 164 144 90 0 110 80 132 178 159
