1933
0 5 1
0 11 1
0 17 1
0 20 1
0 37 1
0 70 1
0 73 1
0 94 1
0 99 1
0 101 1
0 102 1
0 106 1
0 116 1
0 117 1
0 125 1
0 137 1
0 145 1
0 161 1
0 184 1
1 15 1
1 23 1
1 50 1
1 64 1
1 65 1
1 75 1
1 84 1
1 87 1
1 92 1
1 96 1
1 104 1
1 107 1
1 118 1
1 135 1
1 169 1
1 172 1
2 21 1
2 39 1
2 42 1
2 72 1
2 77 1
2 78 1
2 96 1
2 97 1
2 107 1
2 111 1
2 114 1
2 144 1
2 151 1
2 153 1
2 171 1
3 5 1
3 10 1
3 17 1
3 23 1
3 32 1
3 56 1
3 60 1
3 61 1
3 66 1
3 72 1
3 102 1
3 117 1
3 136 1
3 141 1
3 157 1
3 174 1
3 182 1
3 186 1
3 187 1
3 188 1
4 6 1
4 8 1
4 32 1
4 56 1
4 66 1
4 73 1
4 74 1
4 86 1
4 115 1
4 128 1
4 133 1
4 135 1
4 147 1
4 159 1
4 160 1
4 164 1
4 184 1
4 189 1
5 16 1
5 28 1
5 30 1
5 40 1
5 46 1
5 52 1
5 59 1
5 62 1
5 76 1
5 122 1
5 140 1
5 145 1
5 147 1
5 148 1
5 155 1
5 161 1
5 164 1
5 170 1
5 181 1
6 18 1
6 21 1
6 47 1
6 49 1
6 52 1
6 62 1
6 68 1
6 90 1
6 98 1
6 104 1
6 106 1
6 115 1
6 120 1
6 127 1
6 129 1
6 135 1
6 140 1
6 141 1
6 144 1
6 152 1
6 153 1
6 160 1
6 162 1
6 164 1
6 187 1
6 188 1
7 10 1
7 12 1
7 19 1
7 22 1
7 28 1
7 29 1
7 38 1
7 42 1
7 44 1
7 45 1
7 72 1
7 73 1
7 76 1
7 81 1
7 83 1
7 108 1
7 117 1
7 132 1
7 142 1
7 155 1
7 173 1
7 175 1
7 182 1
7 183 1
8 20 1
8 50 1
8 59 1
8 85 1
8 93 1
8 103 1
8 109 1
8 116 1
8 133 1
8 134 1
8 144 1
8 145 1
8 167 1
8 175 1
8 177 1
8 185 1
8 187 1
9 49 1
9 50 1
9 54 1
9 56 1
9 70 1
9 72 1
9 74 1
9 80 1
9 88 1
9 105 1
9 112 1
9 140 1
9 162 1
9 165 1
9 166 1
9 174 1
9 186 1
10 18 1
10 20 1
10 32 1
10 42 1
10 51 1
10 63 1
10 78 1
10 91 1
10 94 1
10 116 1
10 126 1
10 128 1
10 132 1
10 139 1
10 142 1
10 147 1
10 159 1
10 162 1
10 166 1
10 180 1
10 181 1
11 16 1
11 35 1
11 39 1
11 47 1
11 51 1
11 58 1
11 73 1
11 78 1
11 98 1
11 115 1
11 127 1
11 158 1
11 169 1
11 172 1
12 27 1
12 49 1
12 56 1
12 75 1
12 79 1
12 80 1
12 82 1
12 94 1
12 96 1
12 108 1
12 128 1
12 129 1
12 138 1
12 141 1
12 158 1
12 178 1
13 17 1
13 25 1
13 27 1
13 45 1
13 56 1
13 64 1
13 73 1
13 74 1
13 84 1
13 87 1
13 89 1
13 94 1
13 104 1
13 121 1
13 136 1
13 154 1
13 156 1
13 170 1
13 185 1
14 24 1
14 28 1
14 56 1
14 85 1
14 88 1
14 90 1
14 91 1
14 93 1
14 97 1
14 107 1
14 135 1
14 146 1
14 155 1
14 156 1
14 165 1
14 166 1
14 169 1
14 170 1
14 174 1
14 179 1
14 182 1
15 26 1
15 37 1
15 49 1
15 51 1
15 55 1
15 59 1
15 78 1
15 93 1
15 107 1
15 109 1
15 110 1
15 120 1
15 122 1
15 129 1
15 150 1
15 153 1
15 170 1
15 175 1
15 184 1
15 187 1
16 19 1
16 28 1
16 52 1
16 62 1
16 80 1
16 84 1
16 93 1
16 100 1
16 107 1
16 136 1
16 145 1
16 155 1
16 156 1
16 171 1
16 174 1
16 176 1
16 185 1
16 188 1
17 19 1
17 37 1
17 53 1
17 56 1
17 64 1
17 75 1
17 83 1
17 84 1
17 110 1
17 114 1
17 116 1
17 120 1
17 136 1
17 139 1
17 145 1
17 149 1
17 178 1
17 182 1
17 185 1
17 189 1
18 42 1
18 47 1
18 50 1
18 51 1
18 53 1
18 56 1
18 66 1
18 72 1
18 75 1
18 98 1
18 122 1
18 126 1
18 127 1
18 134 1
18 136 1
18 138 1
18 139 1
18 156 1
18 158 1
18 162 1
18 174 1
18 177 1
18 188 1
19 24 1
19 42 1
19 49 1
19 52 1
19 72 1
19 81 1
19 86 1
19 92 1
19 96 1
19 121 1
19 123 1
19 130 1
19 131 1
19 142 1
19 145 1
19 152 1
19 153 1
19 157 1
19 164 1
19 165 1
19 179 1
20 35 1
20 47 1
20 74 1
20 80 1
20 84 1
20 98 1
20 110 1
20 113 1
20 117 1
20 122 1
20 124 1
20 136 1
20 155 1
20 172 1
20 177 1
20 185 1
21 29 1
21 56 1
21 61 1
21 81 1
21 87 1
21 105 1
21 110 1
21 116 1
21 125 1
21 129 1
21 135 1
21 143 1
21 144 1
21 146 1
21 148 1
21 154 1
21 163 1
21 169 1
21 185 1
22 29 1
22 33 1
22 36 1
22 51 1
22 60 1
22 61 1
22 66 1
22 79 1
22 96 1
22 100 1
22 102 1
22 107 1
22 143 1
22 151 1
22 167 1
22 171 1
22 188 1
23 25 1
23 31 1
23 43 1
23 46 1
23 55 1
23 56 1
23 70 1
23 75 1
23 83 1
23 91 1
23 96 1
23 100 1
23 109 1
23 125 1
23 138 1
23 145 1
23 153 1
23 156 1
23 170 1
23 171 1
23 172 1
23 175 1
23 182 1
23 183 1
23 186 1
23 188 1
24 25 1
24 26 1
24 46 1
24 47 1
24 49 1
24 71 1
24 83 1
24 90 1
24 94 1
24 97 1
24 103 1
24 114 1
24 121 1
24 124 1
24 133 1
24 136 1
24 140 1
24 147 1
24 148 1
24 151 1
24 152 1
24 177 1
25 47 1
25 59 1
25 61 1
25 70 1
25 75 1
25 86 1
25 102 1
25 103 1
25 109 1
25 111 1
25 139 1
25 151 1
25 162 1
25 166 1
25 173 1
25 180 1
25 187 1
26 36 1
26 37 1
26 45 1
26 63 1
26 69 1
26 73 1
26 74 1
26 79 1
26 87 1
26 88 1
26 106 1
26 107 1
26 110 1
26 131 1
26 145 1
26 174 1
26 176 1
27 35 1
27 45 1
27 54 1
27 62 1
27 63 1
27 67 1
27 77 1
27 94 1
27 102 1
27 112 1
27 136 1
27 147 1
27 178 1
27 181 1
27 182 1
28 34 1
28 38 1
28 46 1
28 68 1
28 78 1
28 84 1
28 91 1
28 95 1
28 104 1
28 115 1
28 116 1
28 121 1
28 124 1
28 147 1
28 173 1
28 175 1
28 178 1
28 180 1
28 182 1
29 32 1
29 51 1
29 81 1
29 82 1
29 103 1
29 105 1
29 107 1
29 108 1
29 123 1
29 131 1
29 146 1
29 148 1
29 153 1
29 177 1
29 178 1
29 189 1
30 33 1
30 60 1
30 73 1
30 79 1
30 83 1
30 87 1
30 95 1
30 105 1
30 109 1
30 114 1
30 125 1
30 155 1
30 165 1
30 175 1
30 181 1
31 38 1
31 40 1
31 47 1
31 54 1
31 60 1
31 61 1
31 65 1
31 66 1
31 68 1
31 69 1
31 70 1
31 78 1
31 79 1
31 84 1
31 88 1
31 89 1
31 109 1
31 118 1
31 125 1
31 136 1
31 138 1
31 145 1
31 151 1
31 153 1
31 154 1
31 160 1
31 173 1
31 177 1
32 33 1
32 34 1
32 35 1
32 36 1
32 69 1
32 71 1
32 74 1
32 82 1
32 85 1
32 106 1
32 111 1
32 118 1
32 126 1
32 140 1
32 145 1
32 146 1
32 168 1
32 177 1
32 179 1
32 183 1
33 36 1
33 40 1
33 42 1
33 43 1
33 49 1
33 50 1
33 51 1
33 57 1
33 76 1
33 77 1
33 90 1
33 95 1
33 104 1
33 121 1
33 154 1
33 155 1
33 157 1
33 163 1
33 180 1
34 42 1
34 46 1
34 50 1
34 63 1
34 73 1
34 75 1
34 77 1
34 80 1
34 82 1
34 96 1
34 97 1
34 128 1
34 148 1
34 152 1
34 154 1
34 160 1
34 166 1
34 174 1
35 36 1
35 41 1
35 55 1
35 62 1
35 63 1
35 80 1
35 88 1
35 90 1
35 92 1
35 97 1
35 102 1
35 108 1
35 115 1
35 126 1
35 134 1
35 146 1
35 157 1
35 170 1
35 188 1
36 39 1
36 40 1
36 49 1
36 63 1
36 65 1
36 68 1
36 76 1
36 85 1
36 98 1
36 100 1
36 107 1
36 109 1
36 112 1
36 119 1
37 68 1
37 92 1
37 94 1
37 95 1
37 125 1
37 127 1
37 148 1
37 154 1
37 161 1
37 180 1
38 48 1
38 50 1
38 57 1
38 62 1
38 73 1
38 77 1
38 81 1
38 88 1
38 92 1
38 102 1
38 120 1
38 121 1
38 126 1
38 135 1
38 142 1
38 145 1
38 175 1
38 177 1
39 42 1
39 53 1
39 55 1
39 56 1
39 62 1
39 65 1
39 67 1
39 83 1
39 90 1
39 100 1
39 113 1
39 118 1
39 119 1
39 120 1
39 122 1
39 124 1
39 135 1
39 137 1
39 148 1
39 150 1
39 157 1
39 159 1
39 164 1
39 166 1
39 167 1
39 172 1
39 175 1
40 48 1
40 59 1
40 83 1
40 101 1
40 116 1
40 145 1
40 154 1
40 165 1
40 168 1
40 172 1
40 188 1
41 43 1
41 52 1
41 53 1
41 72 1
41 73 1
41 89 1
41 91 1
41 94 1
41 111 1
41 113 1
41 139 1
41 144 1
41 152 1
41 154 1
41 186 1
42 44 1
42 50 1
42 66 1
42 71 1
42 76 1
42 78 1
42 85 1
42 89 1
42 91 1
42 93 1
42 105 1
42 108 1
42 113 1
42 126 1
42 166 1
42 169 1
42 178 1
42 180 1
42 181 1
43 47 1
43 54 1
43 64 1
43 69 1
43 72 1
43 84 1
43 85 1
43 87 1
43 95 1
43 100 1
43 116 1
43 162 1
44 59 1
44 74 1
44 82 1
44 83 1
44 88 1
44 89 1
44 101 1
44 102 1
44 105 1
44 126 1
44 131 1
44 145 1
44 149 1
44 152 1
44 157 1
44 158 1
44 186 1
44 187 1
45 57 1
45 58 1
45 75 1
45 96 1
45 108 1
45 123 1
45 124 1
45 153 1
45 155 1
45 165 1
45 174 1
45 180 1
45 184 1
46 52 1
46 53 1
46 55 1
46 68 1
46 84 1
46 92 1
46 94 1
46 101 1
46 106 1
46 108 1
46 120 1
46 135 1
46 161 1
46 162 1
46 164 1
46 165 1
46 169 1
46 170 1
46 172 1
46 185 1
47 58 1
47 89 1
47 93 1
47 118 1
47 133 1
47 161 1
47 162 1
48 63 1
48 65 1
48 67 1
48 81 1
48 99 1
48 100 1
48 102 1
48 107 1
48 108 1
48 115 1
48 128 1
48 133 1
48 153 1
48 169 1
48 179 1
48 181 1
48 187 1
49 51 1
49 64 1
49 76 1
49 85 1
49 91 1
49 93 1
49 94 1
49 111 1
49 126 1
49 130 1
49 146 1
49 151 1
49 158 1
49 168 1
49 173 1
49 178 1
49 182 1
50 51 1
50 55 1
50 61 1
50 70 1
50 74 1
50 80 1
50 84 1
50 103 1
50 104 1
50 132 1
50 141 1
50 150 1
50 163 1
50 164 1
50 171 1
50 181 1
50 182 1
51 53 1
51 56 1
51 91 1
51 94 1
51 126 1
51 130 1
51 159 1
51 162 1
51 183 1
52 83 1
52 85 1
52 95 1
52 117 1
52 124 1
52 152 1
52 160 1
52 163 1
52 172 1
53 55 1
53 61 1
53 67 1
53 72 1
53 78 1
53 94 1
53 105 1
53 130 1
53 151 1
53 163 1
53 171 1
53 187 1
54 56 1
54 57 1
54 58 1
54 70 1
54 81 1
54 100 1
54 103 1
54 106 1
54 114 1
54 121 1
54 139 1
54 153 1
54 161 1
54 171 1
55 79 1
55 85 1
55 92 1
55 113 1
55 121 1
55 127 1
55 148 1
55 154 1
55 167 1
55 168 1
55 186 1
55 187 1
55 189 1
56 57 1
56 108 1
56 119 1
56 121 1
56 147 1
56 151 1
56 160 1
56 161 1
56 163 1
56 170 1
57 59 1
57 64 1
57 100 1
57 102 1
57 108 1
57 123 1
57 131 1
57 160 1
57 168 1
57 177 1
57 179 1
57 183 1
57 184 1
57 189 1
58 62 1
58 87 1
58 93 1
58 94 1
58 101 1
58 118 1
58 121 1
58 123 1
58 142 1
58 151 1
58 163 1
58 167 1
58 186 1
58 188 1
59 65 1
59 69 1
59 77 1
59 79 1
59 85 1
59 99 1
59 101 1
59 111 1
59 146 1
59 173 1
59 186 1
60 64 1
60 67 1
60 73 1
60 82 1
60 88 1
60 111 1
60 121 1
60 136 1
60 164 1
60 168 1
60 186 1
61 67 1
61 69 1
61 70 1
61 85 1
61 98 1
61 107 1
61 126 1
61 133 1
61 160 1
62 80 1
62 89 1
62 93 1
62 94 1
62 106 1
62 109 1
62 114 1
62 118 1
62 123 1
62 130 1
62 135 1
62 141 1
62 143 1
62 144 1
62 150 1
62 153 1
62 155 1
62 167 1
62 183 1
62 187 1
62 189 1
63 67 1
63 76 1
63 78 1
63 82 1
63 91 1
63 104 1
63 105 1
63 107 1
63 118 1
63 120 1
63 147 1
63 167 1
64 68 1
64 78 1
64 79 1
64 88 1
64 100 1
64 106 1
64 107 1
64 108 1
64 111 1
64 116 1
64 117 1
64 119 1
64 128 1
64 132 1
64 142 1
64 149 1
64 153 1
64 166 1
64 176 1
64 185 1
65 71 1
65 72 1
65 83 1
65 86 1
65 87 1
65 119 1
65 130 1
65 133 1
65 136 1
65 137 1
65 166 1
65 167 1
65 173 1
65 176 1
65 181 1
65 183 1
66 77 1
66 85 1
66 90 1
66 94 1
66 96 1
66 97 1
66 102 1
66 109 1
66 141 1
66 148 1
66 155 1
66 164 1
66 177 1
66 183 1
66 185 1
67 71 1
67 81 1
67 103 1
67 108 1
67 129 1
67 149 1
67 163 1
68 71 1
68 73 1
68 77 1
68 81 1
68 83 1
68 84 1
68 90 1
68 91 1
68 92 1
68 110 1
68 121 1
68 127 1
68 129 1
68 134 1
68 147 1
68 154 1
68 166 1
68 173 1
68 179 1
68 186 1
68 188 1
68 189 1
69 78 1
69 100 1
69 113 1
69 114 1
69 122 1
69 123 1
69 129 1
69 150 1
69 151 1
69 152 1
69 155 1
69 163 1
69 166 1
69 179 1
70 72 1
70 73 1
70 88 1
70 104 1
70 108 1
70 118 1
70 120 1
70 129 1
70 141 1
70 143 1
70 152 1
70 185 1
71 78 1
71 83 1
71 84 1
71 92 1
71 96 1
71 100 1
71 104 1
71 106 1
71 112 1
71 136 1
71 146 1
71 161 1
71 166 1
71 172 1
71 185 1
71 186 1
72 76 1
72 79 1
72 86 1
72 97 1
72 100 1
72 123 1
72 130 1
72 134 1
72 139 1
72 141 1
72 168 1
72 171 1
72 183 1
72 184 1
72 188 1
73 74 1
73 83 1
73 96 1
73 104 1
73 105 1
73 124 1
73 135 1
73 144 1
73 150 1
73 155 1
73 156 1
73 173 1
73 174 1
73 177 1
74 78 1
74 84 1
74 89 1
74 98 1
74 102 1
74 118 1
74 119 1
74 131 1
74 134 1
74 138 1
74 153 1
74 163 1
74 164 1
75 92 1
75 93 1
75 106 1
75 108 1
75 127 1
75 133 1
75 135 1
75 137 1
75 139 1
75 146 1
75 154 1
75 156 1
75 169 1
76 80 1
76 82 1
76 95 1
76 108 1
76 110 1
76 122 1
76 126 1
76 132 1
76 137 1
76 141 1
76 158 1
76 174 1
76 181 1
76 185 1
77 81 1
77 92 1
77 106 1
77 109 1
77 120 1
77 131 1
77 139 1
77 166 1
77 181 1
77 182 1
78 80 1
78 83 1
78 93 1
78 98 1
78 100 1
78 101 1
78 106 1
78 107 1
78 109 1
78 110 1
78 123 1
78 125 1
78 135 1
78 139 1
78 143 1
78 145 1
78 147 1
78 152 1
78 162 1
78 173 1
79 84 1
79 87 1
79 89 1
79 100 1
79 102 1
79 105 1
79 117 1
79 123 1
79 130 1
79 150 1
79 156 1
79 161 1
79 171 1
80 87 1
80 92 1
80 93 1
80 111 1
80 113 1
80 132 1
80 135 1
80 165 1
80 168 1
81 82 1
81 84 1
81 92 1
81 110 1
81 128 1
81 131 1
81 147 1
81 151 1
81 161 1
81 177 1
81 188 1
82 111 1
82 114 1
82 125 1
82 144 1
82 161 1
82 185 1
82 189 1
83 84 1
83 93 1
83 94 1
83 123 1
83 124 1
83 132 1
83 156 1
83 157 1
83 181 1
84 109 1
84 112 1
84 127 1
84 142 1
84 152 1
84 157 1
85 95 1
85 100 1
85 102 1
85 106 1
85 121 1
85 126 1
85 140 1
85 144 1
85 160 1
85 161 1
85 163 1
85 168 1
85 186 1
86 90 1
86 98 1
86 106 1
86 118 1
86 121 1
86 125 1
86 137 1
86 142 1
86 174 1
86 189 1
87 92 1
87 102 1
87 107 1
87 119 1
87 128 1
87 129 1
87 132 1
87 134 1
87 159 1
87 166 1
87 172 1
87 178 1
88 99 1
88 100 1
88 101 1
88 129 1
88 141 1
88 161 1
88 168 1
88 172 1
88 185 1
88 188 1
89 100 1
89 101 1
89 108 1
89 122 1
89 142 1
89 149 1
89 151 1
89 187 1
90 92 1
90 105 1
90 114 1
90 118 1
90 138 1
90 140 1
90 151 1
90 160 1
90 172 1
91 123 1
91 128 1
91 136 1
91 152 1
91 157 1
91 159 1
91 162 1
92 111 1
92 127 1
92 135 1
92 147 1
92 171 1
92 173 1
92 177 1
93 101 1
93 112 1
93 122 1
93 135 1
93 138 1
93 158 1
93 162 1
93 173 1
93 187 1
94 98 1
94 105 1
94 114 1
94 117 1
94 130 1
94 135 1
94 136 1
94 144 1
94 150 1
94 154 1
94 163 1
94 168 1
94 180 1
94 185 1
95 99 1
95 108 1
95 114 1
95 115 1
95 119 1
95 126 1
95 140 1
95 145 1
95 153 1
95 154 1
95 167 1
96 98 1
96 105 1
96 116 1
96 119 1
96 120 1
96 122 1
96 127 1
96 148 1
96 158 1
96 164 1
96 168 1
96 174 1
96 186 1
97 103 1
97 112 1
97 118 1
97 124 1
97 129 1
97 150 1
97 153 1
97 165 1
97 176 1
97 184 1
98 116 1
98 134 1
98 147 1
98 154 1
98 177 1
98 185 1
99 103 1
99 104 1
99 106 1
99 108 1
99 109 1
99 119 1
99 139 1
99 141 1
99 145 1
99 147 1
99 183 1
99 185 1
100 109 1
100 110 1
100 111 1
100 147 1
100 148 1
100 150 1
100 153 1
100 154 1
100 165 1
100 173 1
101 106 1
101 113 1
101 121 1
101 128 1
101 131 1
101 137 1
101 151 1
101 152 1
102 120 1
102 131 1
102 136 1
102 146 1
102 173 1
103 105 1
103 107 1
103 114 1
103 131 1
103 133 1
103 142 1
103 161 1
103 175 1
103 185 1
103 186 1
104 107 1
104 115 1
104 118 1
104 127 1
104 141 1
104 149 1
104 155 1
104 158 1
104 162 1
104 184 1
105 121 1
105 126 1
105 129 1
105 131 1
105 136 1
105 155 1
105 180 1
105 188 1
106 111 1
106 123 1
106 128 1
106 131 1
106 138 1
106 143 1
106 151 1
106 175 1
107 112 1
107 138 1
107 139 1
107 143 1
107 156 1
107 158 1
107 161 1
107 164 1
107 165 1
107 179 1
107 181 1
107 189 1
108 112 1
108 121 1
108 127 1
108 141 1
108 142 1
108 148 1
108 162 1
108 167 1
108 179 1
108 182 1
109 182 1
110 121 1
110 129 1
110 132 1
110 133 1
110 136 1
110 163 1
110 172 1
110 179 1
110 181 1
110 188 1
111 129 1
111 132 1
111 134 1
111 163 1
111 177 1
111 180 1
112 114 1
112 118 1
112 123 1
112 125 1
112 141 1
112 142 1
112 151 1
112 152 1
112 166 1
112 167 1
112 168 1
112 171 1
112 176 1
112 187 1
113 116 1
113 124 1
113 139 1
113 186 1
113 187 1
114 122 1
114 133 1
114 140 1
114 143 1
114 147 1
114 159 1
114 165 1
114 167 1
114 175 1
114 176 1
114 180 1
114 184 1
114 187 1
115 120 1
115 143 1
115 152 1
115 153 1
115 159 1
115 170 1
115 181 1
115 187 1
116 119 1
116 128 1
116 131 1
116 145 1
116 152 1
116 154 1
116 169 1
116 183 1
117 121 1
117 135 1
117 142 1
117 144 1
117 154 1
117 155 1
117 177 1
117 186 1
117 189 1
118 124 1
118 149 1
118 156 1
118 171 1
118 177 1
118 186 1
119 121 1
119 128 1
119 130 1
119 163 1
119 165 1
119 173 1
119 189 1
120 126 1
120 135 1
120 137 1
120 153 1
120 154 1
120 157 1
120 176 1
121 124 1
121 127 1
121 150 1
121 152 1
121 158 1
121 167 1
122 137 1
122 141 1
122 156 1
122 159 1
122 170 1
122 183 1
123 125 1
123 126 1
123 141 1
124 126 1
124 129 1
124 143 1
124 146 1
124 173 1
124 183 1
124 188 1
125 136 1
125 137 1
125 160 1
125 162 1
125 169 1
125 171 1
125 185 1
125 189 1
126 127 1
126 133 1
126 146 1
126 150 1
126 159 1
126 166 1
126 180 1
126 188 1
127 140 1
127 158 1
127 161 1
127 167 1
127 175 1
127 176 1
127 181 1
127 189 1
128 129 1
128 145 1
128 148 1
128 152 1
128 179 1
128 183 1
128 185 1
129 148 1
129 182 1
130 136 1
130 142 1
130 151 1
130 153 1
130 163 1
130 171 1
130 181 1
131 135 1
131 136 1
131 137 1
131 141 1
131 152 1
131 163 1
131 181 1
131 182 1
132 143 1
132 166 1
132 179 1
133 135 1
133 157 1
133 163 1
133 182 1
134 155 1
134 163 1
134 165 1
134 182 1
134 183 1
134 188 1
135 152 1
135 162 1
135 176 1
135 181 1
135 183 1
136 139 1
136 143 1
136 145 1
136 163 1
136 181 1
137 138 1
137 142 1
137 149 1
137 174 1
137 181 1
137 183 1
137 185 1
137 189 1
138 145 1
138 152 1
138 160 1
138 161 1
138 166 1
138 167 1
138 185 1
138 187 1
139 153 1
139 157 1
139 172 1
139 185 1
139 189 1
140 149 1
140 157 1
140 186 1
141 152 1
141 153 1
141 155 1
141 159 1
141 160 1
141 169 1
141 171 1
141 189 1
142 146 1
142 153 1
142 157 1
142 158 1
142 168 1
142 178 1
142 181 1
142 183 1
143 155 1
143 159 1
143 162 1
143 174 1
143 185 1
143 186 1
143 188 1
144 162 1
144 165 1
144 170 1
144 177 1
144 178 1
144 183 1
145 149 1
145 161 1
145 186 1
146 147 1
146 155 1
146 163 1
146 164 1
146 185 1
147 156 1
147 159 1
147 168 1
147 175 1
147 176 1
147 183 1
147 184 1
148 160 1
148 172 1
148 176 1
149 157 1
149 170 1
149 179 1
149 187 1
149 188 1
150 177 1
150 179 1
150 185 1
151 156 1
152 157 1
152 159 1
152 170 1
153 159 1
153 166 1
153 172 1
153 180 1
153 187 1
153 188 1
153 189 1
154 173 1
154 181 1
155 160 1
156 159 1
156 162 1
156 168 1
156 175 1
156 181 1
158 161 1
158 180 1
158 187 1
158 189 1
159 162 1
159 178 1
159 181 1
159 185 1
160 162 1
160 165 1
160 176 1
160 183 1
160 189 1
161 165 1
161 185 1
163 171 1
163 178 1
163 180 1
163 187 1
164 166 1
164 189 1
165 170 1
165 177 1
165 183 1
165 185 1
165 186 1
165 189 1
166 168 1
166 173 1
166 174 1
167 170 1
167 173 1
167 178 1
167 179 1
167 184 1
167 185 1
168 172 1
168 183 1
169 173 1
169 177 1
169 179 1
169 183 1
169 186 1
170 179 1
170 182 1
171 179 1
172 180 1
173 185 1
174 177 1
175 182 1
175 185 1
175 188 1
176 180 1
176 187 1
179 185 1
179 188 1
181 189 1
184 188 1
186 187 1
1
154 145 114 133 182 67 119 115 23 49 31 124 74 46 103 144 173 3 45
