581
0 6 1
0 7 1
0 9 1
0 10 1
0 17 1
0 18 1
0 23 1
0 33 1
0 42 1
0 44 1
0 49 1
0 50 1
0 52 1
0 53 1
0 62 1
0 64 1
0 67 1
1 5 1
1 8 1
1 29 1
1 31 1
1 35 1
1 37 1
1 38 1
1 56 1
1 65 1
2 3 1
2 6 1
2 7 1
2 8 1
2 9 1
2 10 1
2 13 1
2 15 1
2 25 1
2 27 1
2 28 1
2 33 1
2 50 1
2 56 1
2 61 1
3 6 1
3 8 1
3 11 1
3 12 1
3 14 1
3 16 1
3 19 1
3 30 1
3 40 1
3 53 1
3 56 1
3 58 1
3 62 1
3 65 1
3 67 1
4 11 1
4 14 1
4 16 1
4 18 1
4 21 1
4 26 1
4 40 1
4 41 1
4 50 1
4 56 1
4 59 1
4 60 1
4 69 1
5 11 1
5 16 1
5 18 1
5 19 1
5 26 1
5 27 1
5 33 1
5 40 1
5 41 1
5 47 1
5 56 1
5 68 1
5 69 1
6 8 1
6 16 1
6 19 1
6 20 1
6 22 1
6 24 1
6 26 1
6 29 1
6 34 1
6 43 1
6 52 1
6 59 1
7 8 1
7 21 1
7 23 1
7 24 1
7 25 1
7 28 1
7 34 1
7 35 1
7 38 1
7 46 1
7 49 1
7 50 1
7 67 1
8 16 1
8 17 1
8 19 1
8 27 1
8 36 1
8 39 1
8 41 1
8 43 1
8 44 1
8 49 1
8 54 1
8 57 1
8 58 1
8 69 1
9 11 1
9 12 1
9 13 1
9 26 1
9 32 1
9 35 1
9 40 1
9 41 1
9 48 1
9 51 1
9 54 1
9 56 1
9 59 1
9 61 1
9 67 1
10 17 1
10 19 1
10 21 1
10 25 1
10 27 1
10 29 1
10 30 1
10 34 1
10 36 1
10 40 1
10 41 1
10 43 1
10 45 1
10 47 1
10 54 1
10 55 1
10 58 1
10 60 1
10 61 1
10 63 1
10 65 1
11 29 1
11 33 1
11 42 1
11 44 1
11 47 1
11 49 1
11 60 1
11 61 1
11 65 1
11 66 1
11 69 1
12 14 1
12 21 1
12 30 1
12 32 1
12 33 1
12 37 1
12 42 1
12 44 1
12 47 1
12 51 1
12 54 1
12 58 1
12 65 1
12 69 1
13 15 1
13 27 1
13 30 1
13 37 1
13 39 1
13 44 1
13 47 1
13 49 1
13 52 1
13 53 1
13 56 1
13 58 1
13 64 1
13 65 1
13 68 1
14 17 1
14 18 1
14 22 1
14 24 1
14 28 1
14 30 1
14 34 1
14 35 1
14 40 1
14 42 1
14 48 1
14 51 1
14 57 1
14 59 1
14 64 1
14 65 1
14 67 1
15 19 1
15 20 1
15 22 1
15 26 1
15 29 1
15 34 1
15 41 1
15 43 1
15 44 1
15 49 1
15 53 1
15 57 1
15 59 1
15 62 1
15 67 1
16 18 1
16 23 1
16 27 1
16 31 1
16 32 1
16 52 1
16 57 1
16 60 1
16 62 1
17 18 1
17 19 1
17 21 1
17 22 1
17 24 1
17 26 1
17 28 1
17 44 1
17 46 1
17 50 1
17 51 1
17 57 1
17 64 1
17 65 1
17 68 1
18 19 1
18 31 1
18 33 1
18 35 1
18 37 1
18 39 1
18 49 1
18 50 1
18 53 1
18 54 1
18 57 1
18 58 1
18 62 1
18 67 1
18 69 1
19 21 1
19 35 1
19 40 1
19 48 1
19 54 1
19 55 1
19 56 1
19 58 1
19 60 1
19 62 1
19 69 1
20 25 1
20 32 1
20 33 1
20 34 1
20 45 1
20 46 1
20 56 1
20 62 1
20 64 1
20 69 1
21 24 1
21 27 1
21 31 1
21 38 1
21 44 1
21 54 1
21 57 1
22 34 1
22 43 1
22 45 1
22 46 1
22 50 1
22 56 1
22 60 1
22 61 1
22 65 1
22 66 1
23 24 1
23 28 1
23 29 1
23 32 1
23 36 1
23 43 1
23 44 1
23 55 1
23 59 1
23 60 1
23 68 1
24 28 1
24 34 1
24 51 1
24 53 1
24 54 1
24 58 1
24 61 1
24 62 1
24 64 1
24 66 1
24 69 1
25 29 1
25 30 1
25 34 1
25 37 1
25 40 1
25 44 1
25 45 1
25 49 1
25 50 1
25 52 1
25 56 1
25 60 1
25 62 1
26 31 1
26 38 1
26 40 1
26 43 1
26 51 1
26 55 1
26 56 1
26 69 1
27 30 1
27 31 1
27 32 1
27 37 1
27 39 1
27 41 1
27 42 1
27 43 1
27 45 1
27 49 1
27 53 1
27 56 1
27 63 1
27 66 1
27 68 1
28 29 1
28 35 1
28 44 1
28 51 1
28 61 1
28 67 1
29 35 1
29 43 1
29 49 1
29 50 1
29 52 1
29 56 1
29 61 1
29 64 1
29 65 1
29 67 1
30 35 1
30 40 1
30 42 1
30 43 1
30 44 1
30 51 1
30 52 1
30 55 1
30 57 1
30 58 1
30 62 1
30 64 1
30 65 1
31 33 1
31 45 1
31 58 1
31 63 1
32 33 1
32 34 1
32 41 1
32 46 1
32 47 1
32 48 1
32 53 1
32 57 1
32 61 1
32 64 1
32 66 1
32 67 1
33 34 1
33 40 1
33 41 1
33 59 1
33 64 1
33 67 1
33 69 1
34 36 1
34 39 1
34 42 1
34 59 1
34 66 1
34 69 1
35 37 1
35 38 1
35 52 1
35 60 1
35 65 1
36 38 1
36 39 1
36 45 1
36 53 1
36 64 1
36 67 1
36 68 1
37 44 1
37 46 1
37 50 1
37 51 1
37 60 1
37 61 1
37 67 1
37 69 1
38 43 1
38 45 1
38 47 1
38 50 1
38 53 1
38 56 1
39 42 1
39 43 1
39 45 1
39 46 1
39 49 1
39 50 1
39 53 1
39 56 1
39 64 1
39 65 1
39 66 1
40 45 1
40 46 1
40 47 1
40 54 1
40 58 1
40 60 1
40 63 1
40 65 1
40 67 1
40 68 1
41 42 1
41 50 1
41 51 1
41 54 1
41 57 1
41 59 1
41 66 1
41 67 1
42 43 1
42 48 1
42 57 1
42 69 1
43 44 1
43 46 1
43 47 1
43 48 1
43 51 1
43 52 1
43 59 1
44 48 1
44 54 1
44 60 1
44 63 1
44 69 1
45 46 1
45 48 1
45 55 1
45 56 1
45 59 1
45 61 1
46 48 1
46 51 1
46 57 1
46 59 1
46 60 1
46 62 1
47 48 1
47 54 1
47 57 1
47 60 1
47 64 1
47 65 1
47 67 1
48 49 1
48 50 1
48 51 1
48 55 1
48 59 1
48 60 1
48 64 1
48 67 1
48 68 1
48 69 1
49 53 1
49 54 1
49 56 1
49 57 1
49 58 1
49 59 1
49 60 1
49 61 1
49 68 1
49 69 1
50 56 1
50 64 1
50 67 1
50 68 1
51 53 1
51 54 1
51 61 1
51 62 1
51 67 1
51 68 1
52 57 1
52 60 1
52 63 1
53 58 1
53 60 1
53 61 1
53 68 1
54 55 1
54 57 1
54 61 1
54 63 1
54 65 1
55 58 1
55 61 1
55 65 1
55 68 1
56 57 1
56 58 1
56 68 1
57 62 1
57 68 1
58 68 1
59 65 1
59 66 1
60 65 1
60 69 1
61 62 1
61 64 1
61 69 1
62 63 1
63 68 1
63 69 1
64 66 1
64 68 1
64 69 1
65 67 1
65 68 1
66 69 1
67 68 1
1
32 10 44 55 45 1 26
