2144
0 11 1
0 15 1
0 22 1
0 28 1
0 35 1
0 39 1
0 42 1
0 45 1
0 56 1
0 70 1
0 78 1
0 96 1
0 104 1
0 141 1
0 161 1
0 169 1
0 181 1
0 187 1
1 9 1
1 18 1
1 21 1
1 34 1
1 37 1
1 40 1
1 43 1
1 44 1
1 57 1
1 89 1
1 96 1
1 97 1
1 102 1
1 105 1
1 117 1
1 125 1
1 127 1
1 149 1
1 158 1
1 173 1
1 177 1
1 179 1
1 184 1
1 192 1
2 42 1
2 48 1
2 61 1
2 71 1
2 96 1
2 102 1
2 123 1
2 128 1
2 134 1
2 152 1
2 181 1
2 188 1
3 12 1
3 14 1
3 30 1
3 32 1
3 40 1
3 45 1
3 53 1
3 55 1
3 57 1
3 58 1
3 67 1
3 69 1
3 79 1
3 81 1
3 99 1
3 103 1
3 107 1
3 110 1
3 118 1
3 122 1
3 126 1
3 129 1
3 138 1
3 154 1
3 160 1
3 164 1
3 181 1
3 182 1
3 194 1
4 10 1
4 19 1
4 48 1
4 54 1
4 67 1
4 84 1
4 88 1
4 96 1
4 107 1
4 120 1
4 125 1
4 126 1
4 138 1
4 143 1
4 153 1
4 163 1
4 176 1
4 184 1
4 191 1
4 197 1
4 198 1
5 21 1
5 34 1
5 39 1
5 40 1
5 41 1
5 50 1
5 56 1
5 71 1
5 80 1
5 88 1
5 93 1
5 123 1
5 139 1
5 153 1
5 172 1
5 176 1
5 177 1
5 182 1
5 189 1
6 46 1
6 57 1
6 68 1
6 69 1
6 88 1
6 90 1
6 91 1
6 102 1
6 118 1
6 121 1
6 124 1
6 132 1
6 144 1
6 167 1
6 169 1
6 170 1
6 174 1
6 179 1
6 181 1
6 189 1
6 191 1
6 193 1
6 195 1
7 8 1
7 9 1
7 19 1
7 27 1
7 39 1
7 54 1
7 72 1
7 78 1
7 83 1
7 92 1
7 105 1
7 113 1
7 116 1
7 118 1
7 127 1
7 128 1
7 134 1
7 158 1
7 174 1
7 176 1
7 179 1
7 180 1
7 181 1
7 182 1
7 187 1
7 188 1
8 10 1
8 24 1
8 30 1
8 39 1
8 43 1
8 68 1
8 78 1
8 81 1
8 83 1
8 86 1
8 90 1
8 94 1
8 106 1
8 109 1
8 115 1
8 117 1
8 123 1
8 126 1
8 140 1
8 156 1
8 168 1
8 175 1
8 177 1
8 185 1
8 187 1
8 193 1
9 14 1
9 20 1
9 23 1
9 51 1
9 64 1
9 84 1
9 88 1
9 91 1
9 121 1
9 134 1
9 141 1
9 142 1
9 148 1
9 158 1
9 168 1
9 180 1
9 194 1
9 198 1
10 11 1
10 30 1
10 37 1
10 84 1
10 97 1
10 108 1
10 109 1
10 112 1
10 119 1
10 137 1
10 156 1
10 160 1
10 167 1
10 178 1
10 187 1
10 188 1
11 24 1
11 31 1
11 51 1
11 60 1
11 62 1
11 66 1
11 69 1
11 71 1
11 73 1
11 82 1
11 102 1
11 114 1
11 137 1
11 148 1
11 167 1
11 175 1
11 197 1
12 23 1
12 24 1
12 48 1
12 51 1
12 69 1
12 79 1
12 85 1
12 88 1
12 102 1
12 106 1
12 118 1
12 124 1
12 125 1
12 143 1
12 148 1
12 153 1
12 158 1
12 169 1
12 174 1
12 176 1
12 181 1
12 183 1
12 188 1
12 191 1
12 192 1
12 195 1
13 23 1
13 26 1
13 45 1
13 51 1
13 52 1
13 61 1
13 98 1
13 101 1
13 102 1
13 105 1
13 114 1
13 124 1
13 128 1
13 160 1
13 174 1
13 175 1
13 183 1
14 22 1
14 33 1
14 35 1
14 43 1
14 44 1
14 45 1
14 48 1
14 49 1
14 81 1
14 92 1
14 101 1
14 104 1
14 135 1
14 144 1
14 146 1
14 160 1
14 162 1
14 187 1
15 19 1
15 26 1
15 34 1
15 43 1
15 57 1
15 62 1
15 67 1
15 74 1
15 88 1
15 103 1
15 105 1
15 118 1
15 125 1
15 131 1
15 136 1
15 153 1
15 168 1
15 180 1
15 195 1
16 36 1
16 54 1
16 59 1
16 63 1
16 66 1
16 70 1
16 71 1
16 76 1
16 100 1
16 122 1
16 126 1
16 134 1
16 135 1
16 137 1
16 143 1
16 145 1
16 149 1
16 158 1
16 159 1
16 161 1
16 195 1
17 29 1
17 34 1
17 42 1
17 45 1
17 58 1
17 66 1
17 92 1
17 113 1
17 136 1
17 147 1
17 171 1
17 172 1
17 180 1
17 181 1
17 188 1
17 194 1
18 27 1
18 41 1
18 65 1
18 73 1
18 77 1
18 82 1
18 87 1
18 88 1
18 100 1
18 108 1
18 142 1
18 153 1
18 184 1
18 187 1
19 37 1
19 57 1
19 66 1
19 80 1
19 82 1
19 91 1
19 97 1
19 107 1
19 124 1
19 127 1
19 136 1
19 144 1
19 150 1
19 161 1
19 166 1
20 23 1
20 35 1
20 75 1
20 88 1
20 99 1
20 117 1
20 119 1
20 131 1
20 139 1
20 159 1
20 163 1
20 164 1
20 165 1
20 172 1
20 184 1
20 185 1
20 187 1
20 193 1
20 198 1
21 29 1
21 60 1
21 82 1
21 94 1
21 124 1
21 137 1
21 142 1
21 158 1
21 159 1
21 174 1
21 185 1
22 46 1
22 52 1
22 56 1
22 59 1
22 122 1
22 146 1
22 161 1
22 174 1
22 177 1
22 178 1
23 34 1
23 52 1
23 53 1
23 63 1
23 67 1
23 70 1
23 87 1
23 93 1
23 101 1
23 124 1
23 131 1
23 142 1
23 149 1
23 150 1
23 157 1
23 158 1
23 165 1
23 169 1
23 170 1
23 182 1
23 193 1
23 194 1
23 195 1
24 40 1
24 41 1
24 55 1
24 56 1
24 63 1
24 67 1
24 69 1
24 78 1
24 84 1
24 88 1
24 124 1
24 126 1
24 127 1
24 136 1
24 153 1
24 174 1
24 175 1
24 184 1
25 31 1
25 32 1
25 37 1
25 48 1
25 62 1
25 67 1
25 74 1
25 80 1
25 93 1
25 95 1
25 104 1
25 122 1
25 133 1
25 137 1
25 146 1
25 148 1
25 151 1
25 166 1
26 46 1
26 47 1
26 72 1
26 74 1
26 98 1
26 103 1
26 109 1
26 110 1
26 124 1
26 125 1
26 132 1
26 141 1
26 147 1
26 148 1
26 153 1
26 154 1
27 30 1
27 36 1
27 38 1
27 41 1
27 46 1
27 92 1
27 119 1
27 132 1
27 135 1
27 137 1
27 146 1
27 162 1
27 163 1
27 172 1
27 176 1
27 187 1
27 195 1
27 197 1
28 34 1
28 36 1
28 54 1
28 55 1
28 62 1
28 65 1
28 71 1
28 74 1
28 81 1
28 93 1
28 107 1
28 110 1
28 115 1
28 138 1
28 149 1
28 169 1
28 170 1
28 172 1
28 177 1
28 183 1
28 197 1
29 48 1
29 50 1
29 66 1
29 70 1
29 102 1
29 106 1
29 108 1
29 116 1
29 125 1
29 138 1
29 164 1
29 166 1
29 182 1
29 194 1
30 35 1
30 40 1
30 41 1
30 46 1
30 51 1
30 54 1
30 61 1
30 84 1
30 91 1
30 100 1
30 109 1
30 118 1
30 120 1
30 124 1
30 150 1
30 152 1
30 153 1
31 35 1
31 47 1
31 60 1
31 66 1
31 71 1
31 75 1
31 96 1
31 99 1
31 109 1
31 111 1
31 115 1
31 124 1
31 131 1
31 135 1
31 138 1
31 140 1
31 143 1
31 163 1
31 167 1
31 179 1
31 180 1
31 184 1
32 39 1
32 50 1
32 75 1
32 78 1
32 90 1
32 92 1
32 96 1
32 101 1
32 111 1
32 118 1
32 125 1
32 127 1
32 128 1
32 136 1
32 137 1
32 141 1
32 142 1
32 143 1
32 145 1
32 151 1
32 157 1
32 163 1
32 167 1
32 174 1
33 47 1
33 48 1
33 50 1
33 58 1
33 60 1
33 66 1
33 67 1
33 82 1
33 87 1
33 89 1
33 106 1
33 111 1
33 118 1
33 124 1
33 134 1
33 136 1
33 146 1
33 150 1
33 159 1
33 182 1
33 189 1
34 50 1
34 55 1
34 66 1
34 91 1
34 96 1
34 101 1
34 118 1
34 129 1
34 133 1
34 141 1
34 158 1
34 160 1
34 176 1
34 188 1
35 45 1
35 46 1
35 49 1
35 60 1
35 63 1
35 77 1
35 83 1
35 94 1
35 107 1
35 109 1
35 114 1
35 122 1
35 124 1
35 130 1
35 154 1
35 158 1
35 180 1
35 183 1
35 185 1
35 187 1
35 188 1
35 190 1
36 41 1
36 43 1
36 52 1
36 65 1
36 88 1
36 93 1
36 119 1
36 127 1
36 132 1
36 157 1
36 172 1
36 180 1
36 183 1
36 191 1
36 194 1
36 198 1
37 44 1
37 53 1
37 64 1
37 82 1
37 85 1
37 98 1
37 116 1
37 125 1
37 144 1
37 158 1
37 166 1
37 172 1
37 175 1
37 182 1
37 184 1
38 61 1
38 67 1
38 68 1
38 71 1
38 75 1
38 82 1
38 99 1
38 113 1
38 115 1
38 128 1
38 140 1
38 142 1
38 154 1
38 188 1
38 191 1
39 46 1
39 50 1
39 68 1
39 76 1
39 100 1
39 111 1
39 113 1
39 116 1
39 147 1
39 148 1
39 155 1
39 163 1
40 42 1
40 49 1
40 51 1
40 57 1
40 62 1
40 64 1
40 76 1
40 87 1
40 89 1
40 93 1
40 123 1
40 132 1
40 145 1
40 149 1
40 154 1
40 156 1
40 176 1
40 183 1
40 188 1
40 190 1
41 42 1
41 49 1
41 61 1
41 64 1
41 65 1
41 70 1
41 84 1
41 88 1
41 89 1
41 90 1
41 93 1
41 97 1
41 104 1
41 108 1
41 122 1
41 130 1
41 138 1
41 139 1
41 144 1
41 152 1
41 155 1
41 159 1
41 162 1
41 176 1
41 191 1
41 198 1
42 43 1
42 44 1
42 54 1
42 58 1
42 63 1
42 72 1
42 75 1
42 80 1
42 81 1
42 83 1
42 107 1
42 135 1
42 144 1
42 149 1
42 156 1
42 165 1
42 167 1
42 172 1
42 178 1
42 193 1
43 48 1
43 51 1
43 60 1
43 66 1
43 68 1
43 82 1
43 115 1
43 120 1
43 144 1
43 154 1
43 161 1
43 176 1
43 188 1
44 69 1
44 80 1
44 87 1
44 98 1
44 112 1
44 116 1
44 131 1
44 144 1
44 186 1
44 188 1
44 195 1
44 197 1
45 65 1
45 69 1
45 78 1
45 86 1
45 88 1
45 115 1
45 117 1
45 130 1
45 131 1
45 135 1
45 139 1
45 143 1
45 156 1
45 180 1
45 181 1
45 182 1
45 191 1
46 51 1
46 63 1
46 64 1
46 87 1
46 100 1
46 111 1
46 113 1
46 121 1
46 142 1
46 152 1
46 153 1
46 158 1
46 165 1
46 173 1
46 174 1
46 175 1
46 190 1
46 193 1
47 52 1
47 79 1
47 86 1
47 94 1
47 102 1
47 106 1
47 115 1
47 122 1
47 123 1
47 133 1
47 153 1
47 171 1
47 177 1
47 184 1
47 187 1
47 189 1
47 196 1
48 53 1
48 60 1
48 65 1
48 79 1
48 81 1
48 85 1
48 91 1
48 92 1
48 96 1
48 97 1
48 102 1
48 112 1
48 123 1
48 142 1
48 144 1
48 148 1
48 196 1
49 52 1
49 59 1
49 82 1
49 91 1
49 104 1
49 116 1
49 153 1
49 154 1
49 157 1
49 168 1
49 171 1
49 172 1
49 178 1
50 62 1
50 68 1
50 73 1
50 76 1
50 88 1
50 91 1
50 97 1
50 105 1
50 107 1
50 116 1
50 127 1
50 147 1
50 161 1
50 164 1
50 186 1
50 199 1
51 56 1
51 61 1
51 67 1
51 72 1
51 80 1
51 85 1
51 96 1
51 99 1
51 100 1
51 130 1
51 132 1
51 133 1
51 142 1
51 143 1
51 151 1
51 162 1
51 170 1
52 60 1
52 64 1
52 70 1
52 83 1
52 100 1
52 101 1
52 117 1
52 121 1
52 128 1
52 135 1
52 141 1
52 143 1
52 169 1
52 185 1
52 187 1
52 192 1
52 195 1
53 56 1
53 62 1
53 73 1
53 99 1
53 102 1
53 103 1
53 104 1
53 108 1
53 120 1
53 122 1
53 165 1
53 184 1
53 194 1
54 56 1
54 74 1
54 103 1
54 104 1
54 113 1
54 127 1
54 132 1
54 142 1
54 143 1
54 145 1
54 149 1
54 153 1
54 159 1
55 67 1
55 71 1
55 72 1
55 78 1
55 101 1
55 154 1
55 155 1
55 160 1
55 161 1
55 170 1
55 175 1
55 176 1
56 67 1
56 79 1
56 93 1
56 127 1
56 130 1
56 139 1
56 141 1
56 171 1
56 180 1
56 187 1
56 188 1
57 62 1
57 68 1
57 69 1
57 83 1
57 98 1
57 106 1
57 112 1
57 115 1
57 136 1
57 139 1
57 148 1
57 173 1
57 176 1
57 198 1
58 59 1
58 66 1
58 87 1
58 93 1
58 98 1
58 113 1
58 125 1
58 139 1
58 141 1
58 143 1
58 145 1
58 152 1
58 170 1
58 185 1
59 65 1
59 72 1
59 96 1
59 110 1
59 114 1
59 116 1
59 121 1
59 128 1
59 133 1
59 141 1
59 146 1
59 148 1
59 161 1
59 167 1
59 177 1
59 178 1
59 185 1
60 61 1
60 66 1
60 83 1
60 85 1
60 90 1
60 104 1
60 144 1
60 148 1
60 159 1
60 165 1
60 169 1
60 182 1
60 190 1
61 69 1
61 86 1
61 92 1
61 104 1
61 105 1
61 113 1
61 132 1
61 136 1
61 144 1
61 149 1
61 156 1
61 157 1
61 159 1
61 164 1
61 169 1
61 178 1
61 185 1
61 187 1
61 190 1
61 191 1
61 197 1
62 67 1
62 72 1
62 88 1
62 104 1
62 113 1
62 126 1
62 129 1
62 134 1
62 154 1
62 166 1
62 175 1
62 181 1
62 187 1
62 191 1
62 192 1
62 196 1
63 68 1
63 93 1
63 124 1
63 132 1
63 136 1
63 149 1
63 158 1
63 185 1
63 195 1
63 199 1
64 69 1
64 74 1
64 79 1
64 88 1
64 92 1
64 119 1
64 144 1
64 155 1
64 186 1
65 69 1
65 87 1
65 90 1
65 102 1
65 103 1
65 107 1
65 109 1
65 114 1
65 116 1
65 123 1
65 140 1
65 145 1
65 159 1
65 165 1
65 175 1
65 177 1
66 69 1
66 73 1
66 94 1
66 96 1
66 103 1
66 104 1
66 106 1
66 111 1
66 139 1
66 145 1
66 148 1
66 155 1
66 157 1
66 177 1
66 183 1
66 193 1
67 85 1
67 106 1
67 135 1
67 163 1
67 168 1
67 170 1
67 173 1
67 175 1
67 177 1
67 181 1
67 191 1
67 194 1
68 72 1
68 86 1
68 94 1
68 111 1
68 130 1
68 134 1
68 151 1
68 163 1
68 164 1
68 172 1
68 179 1
69 101 1
69 103 1
69 129 1
69 134 1
69 148 1
69 159 1
69 162 1
69 164 1
69 171 1
69 180 1
69 186 1
70 76 1
70 80 1
70 90 1
70 91 1
70 95 1
70 100 1
70 103 1
70 112 1
70 116 1
70 127 1
70 136 1
70 141 1
70 149 1
70 173 1
70 180 1
70 199 1
71 73 1
71 78 1
71 93 1
71 98 1
71 119 1
71 121 1
71 142 1
71 146 1
71 184 1
71 194 1
71 195 1
72 75 1
72 81 1
72 84 1
72 95 1
72 96 1
72 106 1
72 108 1
72 142 1
72 144 1
72 177 1
72 184 1
72 188 1
72 199 1
73 84 1
73 99 1
73 102 1
73 103 1
73 106 1
73 109 1
73 120 1
73 124 1
73 128 1
73 129 1
73 138 1
73 142 1
73 147 1
73 150 1
73 153 1
73 155 1
73 190 1
73 193 1
73 195 1
74 76 1
74 78 1
74 80 1
74 83 1
74 96 1
74 103 1
74 106 1
74 120 1
74 129 1
74 131 1
74 152 1
74 165 1
74 166 1
74 173 1
74 179 1
74 183 1
74 199 1
75 83 1
75 85 1
75 89 1
75 91 1
75 99 1
75 103 1
75 111 1
75 116 1
75 154 1
75 160 1
75 167 1
75 177 1
75 182 1
75 194 1
75 197 1
75 199 1
76 81 1
76 91 1
76 95 1
76 108 1
76 111 1
76 129 1
76 133 1
76 144 1
76 145 1
76 148 1
76 163 1
76 165 1
77 97 1
77 104 1
77 122 1
77 133 1
77 154 1
77 171 1
77 180 1
77 183 1
77 189 1
77 190 1
77 193 1
77 194 1
77 198 1
78 84 1
78 94 1
78 95 1
78 97 1
78 110 1
78 111 1
78 113 1
78 117 1
78 119 1
78 124 1
78 150 1
78 160 1
78 166 1
78 172 1
78 182 1
78 183 1
78 192 1
79 85 1
79 115 1
79 124 1
79 127 1
79 148 1
79 170 1
79 174 1
79 177 1
79 188 1
79 199 1
80 84 1
80 96 1
80 109 1
80 115 1
80 122 1
80 133 1
80 139 1
80 162 1
80 170 1
80 185 1
80 186 1
80 190 1
80 193 1
80 194 1
81 84 1
81 93 1
81 105 1
81 108 1
81 113 1
81 121 1
81 125 1
81 127 1
81 159 1
81 160 1
81 178 1
81 179 1
81 192 1
81 195 1
81 198 1
82 113 1
82 129 1
82 139 1
82 162 1
82 165 1
82 170 1
82 178 1
82 182 1
82 183 1
82 184 1
82 191 1
83 87 1
83 95 1
83 100 1
83 101 1
83 105 1
83 107 1
83 114 1
83 120 1
83 123 1
83 130 1
83 132 1
83 136 1
83 141 1
83 148 1
83 153 1
83 167 1
83 179 1
83 180 1
83 181 1
83 189 1
83 194 1
84 91 1
84 95 1
84 101 1
84 110 1
84 125 1
84 135 1
84 137 1
84 142 1
84 151 1
84 164 1
84 168 1
84 174 1
84 192 1
84 194 1
84 196 1
85 94 1
85 95 1
85 98 1
85 101 1
85 106 1
85 113 1
85 114 1
85 120 1
85 122 1
85 125 1
85 135 1
85 138 1
85 142 1
85 145 1
85 146 1
85 148 1
85 149 1
85 152 1
85 153 1
85 154 1
85 172 1
85 193 1
86 101 1
86 107 1
86 137 1
86 142 1
86 143 1
86 147 1
86 157 1
86 161 1
86 179 1
86 180 1
86 181 1
87 98 1
87 104 1
87 105 1
87 137 1
87 146 1
87 154 1
87 167 1
87 176 1
87 177 1
87 180 1
88 99 1
88 100 1
88 105 1
88 106 1
88 116 1
88 132 1
88 142 1
88 150 1
88 160 1
88 164 1
88 175 1
88 181 1
88 186 1
88 194 1
88 199 1
89 103 1
89 104 1
89 107 1
89 121 1
89 131 1
89 139 1
89 141 1
89 144 1
89 146 1
89 150 1
89 154 1
89 160 1
89 173 1
89 182 1
89 186 1
89 189 1
89 190 1
90 102 1
90 106 1
90 109 1
90 125 1
90 132 1
90 143 1
90 151 1
90 165 1
90 168 1
90 169 1
90 175 1
90 179 1
90 189 1
90 196 1
90 197 1
91 102 1
91 103 1
91 111 1
91 114 1
91 115 1
91 117 1
91 119 1
91 145 1
91 149 1
91 152 1
91 154 1
91 184 1
92 95 1
92 98 1
92 111 1
92 116 1
92 122 1
92 131 1
92 135 1
92 148 1
92 156 1
92 158 1
92 159 1
92 161 1
92 166 1
92 172 1
92 186 1
92 190 1
93 120 1
93 141 1
93 142 1
93 149 1
93 157 1
93 165 1
93 168 1
93 180 1
93 181 1
93 183 1
93 191 1
93 193 1
93 199 1
94 101 1
94 105 1
94 111 1
94 113 1
94 117 1
94 127 1
94 143 1
94 157 1
94 164 1
94 175 1
94 178 1
94 183 1
94 194 1
94 196 1
94 197 1
95 115 1
95 124 1
95 134 1
95 139 1
95 144 1
95 145 1
95 154 1
95 156 1
95 190 1
96 99 1
96 118 1
96 119 1
96 130 1
96 132 1
96 142 1
96 145 1
96 148 1
96 156 1
96 163 1
96 173 1
96 175 1
96 186 1
96 187 1
96 189 1
97 102 1
97 106 1
97 107 1
97 144 1
97 146 1
97 147 1
97 172 1
97 188 1
97 192 1
97 195 1
98 100 1
98 109 1
98 118 1
98 121 1
98 162 1
98 171 1
98 183 1
99 111 1
99 115 1
99 142 1
99 151 1
99 165 1
99 169 1
99 180 1
99 194 1
100 115 1
100 133 1
100 141 1
100 147 1
100 153 1
100 159 1
100 168 1
100 169 1
100 170 1
100 171 1
100 173 1
100 190 1
101 117 1
101 121 1
101 124 1
101 126 1
101 132 1
101 139 1
101 152 1
101 159 1
101 160 1
101 188 1
102 108 1
102 113 1
102 114 1
102 120 1
102 122 1
102 123 1
102 125 1
102 128 1
102 130 1
102 146 1
102 161 1
102 170 1
102 186 1
102 192 1
103 123 1
103 148 1
103 150 1
103 159 1
103 164 1
103 172 1
104 118 1
104 128 1
104 142 1
104 146 1
104 149 1
104 156 1
104 160 1
104 164 1
104 169 1
104 182 1
104 193 1
105 111 1
105 117 1
105 119 1
105 133 1
105 144 1
105 161 1
105 166 1
105 179 1
105 189 1
105 196 1
106 123 1
106 125 1
106 142 1
106 149 1
106 160 1
107 116 1
107 133 1
107 146 1
107 149 1
107 156 1
107 163 1
107 166 1
107 175 1
107 178 1
107 183 1
107 186 1
107 199 1
108 123 1
108 132 1
108 144 1
108 153 1
108 181 1
108 182 1
108 185 1
108 186 1
108 191 1
108 195 1
109 115 1
109 132 1
109 155 1
109 158 1
109 164 1
109 166 1
109 169 1
109 171 1
109 172 1
109 177 1
109 193 1
110 114 1
110 121 1
110 131 1
110 132 1
110 143 1
110 145 1
110 156 1
110 161 1
110 166 1
110 169 1
110 199 1
111 122 1
111 144 1
111 146 1
111 170 1
111 180 1
111 183 1
111 186 1
111 187 1
111 188 1
112 117 1
112 120 1
112 124 1
112 128 1
112 142 1
112 144 1
112 146 1
112 152 1
112 153 1
112 168 1
112 175 1
112 187 1
112 188 1
112 198 1
113 130 1
113 133 1
113 153 1
113 158 1
113 175 1
113 183 1
113 199 1
114 115 1
114 122 1
114 129 1
114 130 1
114 143 1
114 144 1
114 156 1
114 157 1
114 171 1
114 173 1
114 178 1
115 132 1
115 162 1
115 167 1
115 170 1
115 174 1
115 196 1
116 123 1
116 127 1
116 148 1
116 154 1
116 159 1
116 166 1
116 168 1
116 176 1
116 185 1
116 187 1
116 192 1
117 121 1
117 134 1
117 151 1
117 159 1
117 184 1
117 189 1
117 194 1
118 124 1
118 127 1
118 135 1
118 136 1
118 151 1
118 163 1
118 172 1
118 175 1
118 180 1
118 181 1
118 198 1
118 199 1
119 139 1
119 148 1
119 156 1
119 159 1
119 198 1
120 133 1
120 149 1
120 150 1
120 170 1
120 179 1
120 184 1
120 194 1
121 136 1
121 144 1
121 154 1
121 167 1
121 171 1
121 182 1
121 187 1
122 124 1
122 132 1
122 138 1
122 153 1
122 171 1
122 176 1
122 193 1
123 129 1
123 138 1
123 164 1
123 167 1
123 169 1
123 174 1
123 175 1
123 176 1
123 182 1
123 183 1
123 193 1
123 197 1
123 199 1
124 142 1
124 146 1
124 147 1
124 151 1
124 153 1
124 168 1
124 190 1
124 192 1
125 130 1
125 139 1
125 141 1
125 151 1
125 152 1
125 161 1
125 169 1
125 189 1
125 194 1
125 197 1
126 139 1
126 161 1
126 162 1
126 195 1
127 131 1
127 132 1
127 135 1
127 141 1
127 155 1
127 161 1
127 165 1
127 185 1
127 188 1
128 130 1
128 164 1
128 171 1
128 183 1
128 184 1
129 133 1
129 140 1
129 141 1
129 144 1
129 145 1
129 146 1
129 149 1
129 153 1
129 164 1
129 171 1
129 176 1
129 189 1
130 150 1
130 161 1
131 135 1
131 136 1
131 155 1
131 160 1
131 165 1
131 182 1
131 186 1
131 189 1
131 198 1
132 158 1
132 167 1
132 179 1
132 184 1
132 199 1
133 158 1
133 160 1
133 164 1
133 165 1
133 169 1
133 178 1
133 189 1
133 199 1
134 151 1
134 178 1
134 179 1
134 184 1
134 195 1
134 197 1
135 136 1
135 141 1
135 147 1
135 155 1
135 171 1
135 186 1
135 188 1
135 197 1
136 143 1
136 148 1
136 152 1
136 159 1
136 160 1
136 186 1
136 189 1
137 140 1
137 141 1
137 145 1
137 147 1
137 152 1
137 154 1
137 156 1
137 159 1
137 164 1
137 182 1
137 183 1
137 196 1
138 140 1
138 144 1
138 164 1
138 166 1
138 175 1
139 145 1
139 147 1
139 148 1
139 158 1
139 178 1
139 192 1
140 152 1
140 159 1
140 176 1
140 177 1
141 149 1
141 152 1
141 158 1
141 162 1
141 186 1
142 149 1
142 150 1
142 153 1
142 163 1
142 164 1
142 176 1
142 178 1
142 196 1
143 154 1
143 173 1
144 146 1
144 153 1
144 164 1
144 173 1
144 192 1
144 197 1
145 150 1
145 155 1
145 157 1
145 160 1
145 168 1
145 179 1
145 184 1
146 148 1
146 160 1
146 166 1
146 179 1
146 182 1
147 150 1
147 159 1
147 163 1
147 188 1
147 189 1
147 194 1
147 197 1
148 151 1
148 156 1
148 160 1
148 168 1
148 181 1
148 182 1
149 153 1
149 154 1
149 157 1
149 160 1
149 161 1
149 170 1
149 176 1
149 182 1
149 192 1
149 193 1
150 152 1
150 188 1
150 197 1
151 155 1
151 158 1
151 159 1
151 180 1
151 188 1
151 191 1
151 199 1
152 158 1
152 161 1
152 163 1
153 154 1
153 157 1
153 160 1
153 171 1
153 173 1
153 177 1
153 187 1
153 192 1
154 183 1
154 184 1
155 158 1
155 160 1
155 171 1
155 178 1
155 179 1
155 189 1
155 194 1
156 166 1
156 181 1
156 183 1
156 184 1
156 199 1
157 169 1
157 177 1
157 181 1
157 183 1
157 191 1
157 192 1
158 171 1
158 197 1
158 199 1
159 161 1
160 162 1
160 173 1
160 185 1
161 164 1
161 169 1
161 173 1
161 177 1
161 181 1
161 192 1
161 193 1
162 187 1
162 188 1
162 191 1
163 176 1
163 198 1
164 177 1
164 180 1
164 189 1
165 172 1
165 182 1
165 195 1
166 177 1
167 192 1
167 196 1
167 197 1
167 199 1
168 174 1
168 178 1
168 186 1
168 187 1
168 193 1
168 196 1
169 172 1
169 179 1
169 183 1
169 186 1
169 196 1
170 172 1
170 182 1
170 183 1
170 191 1
170 194 1
170 198 1
171 172 1
171 183 1
171 186 1
171 194 1
172 178 1
172 198 1
173 185 1
173 196 1
174 187 1
174 189 1
174 199 1
175 181 1
175 185 1
175 195 1
176 178 1
176 180 1
177 180 1
177 183 1
177 187 1
177 192 1
178 179 1
178 185 1
178 186 1
178 191 1
179 191 1
179 192 1
179 199 1
180 184 1
180 192 1
180 199 1
181 198 1
182 184 1
183 194 1
184 185 1
186 195 1
188 190 1
188 191 1
189 198 1
190 196 1
191 193 1
191 199 1
192 193 1
192 195 1
193 194 1
1
187 160 156 151 110 174 33 61 27 94 21 128 26 108 149 2 102 74 157 117
