299
0 1 1
0 5 1
0 7 1
0 11 1
0 13 1
0 14 1
0 15 1
0 16 1
0 17 1
0 22 1
0 33 1
0 37 1
0 38 1
0 39 1
1 2 1
1 8 1
1 13 1
1 17 1
1 18 1
1 19 1
1 20 1
1 21 1
1 23 1
1 30 1
1 35 1
1 39 1
2 3 1
2 4 1
2 5 1
2 7 1
2 11 1
2 16 1
2 19 1
2 24 1
2 29 1
2 32 1
2 33 1
2 34 1
2 37 1
2 38 1
3 6 1
3 7 1
3 9 1
3 19 1
3 20 1
3 23 1
3 24 1
3 25 1
3 28 1
3 32 1
3 33 1
3 35 1
3 39 1
4 5 1
4 6 1
4 7 1
4 8 1
4 10 1
4 11 1
4 12 1
4 13 1
4 14 1
4 16 1
4 18 1
4 19 1
4 20 1
4 21 1
4 26 1
4 29 1
4 36 1
4 37 1
5 12 1
5 15 1
5 17 1
5 23 1
5 25 1
5 26 1
5 27 1
5 30 1
5 33 1
5 36 1
5 38 1
6 8 1
6 10 1
6 13 1
6 14 1
6 15 1
6 17 1
6 22 1
6 24 1
6 28 1
6 31 1
6 32 1
6 34 1
6 36 1
6 38 1
7 11 1
7 13 1
7 14 1
7 17 1
7 20 1
7 21 1
7 23 1
7 25 1
7 28 1
7 31 1
7 32 1
7 33 1
7 37 1
7 38 1
7 39 1
8 9 1
8 10 1
8 13 1
8 15 1
8 17 1
8 22 1
8 23 1
8 25 1
8 36 1
8 38 1
9 10 1
9 12 1
9 14 1
9 18 1
9 19 1
9 20 1
9 21 1
9 29 1
9 31 1
9 33 1
9 36 1
9 39 1
10 11 1
10 12 1
10 13 1
10 20 1
10 22 1
10 23 1
10 25 1
10 26 1
10 27 1
10 28 1
10 29 1
10 33 1
10 35 1
10 36 1
10 38 1
10 39 1
11 13 1
11 15 1
11 24 1
11 26 1
11 32 1
11 35 1
11 36 1
12 15 1
12 17 1
12 20 1
12 22 1
12 25 1
12 28 1
12 32 1
12 33 1
12 34 1
12 35 1
12 36 1
13 14 1
13 15 1
13 16 1
13 17 1
13 18 1
13 19 1
13 22 1
13 25 1
13 27 1
13 30 1
13 33 1
13 34 1
14 15 1
14 16 1
14 18 1
14 19 1
14 22 1
14 26 1
14 27 1
14 30 1
14 31 1
14 32 1
14 34 1
14 38 1
14 39 1
15 17 1
15 19 1
15 20 1
15 21 1
15 22 1
15 25 1
15 27 1
15 30 1
15 31 1
15 33 1
16 24 1
16 25 1
16 26 1
16 27 1
16 29 1
16 31 1
16 32 1
16 35 1
17 18 1
17 20 1
17 22 1
17 26 1
17 30 1
17 34 1
17 36 1
18 22 1
18 23 1
18 28 1
18 29 1
18 30 1
18 33 1
19 20 1
19 21 1
19 22 1
19 24 1
19 27 1
19 29 1
19 33 1
19 38 1
20 24 1
20 25 1
20 26 1
20 27 1
20 30 1
21 25 1
21 26 1
21 29 1
21 35 1
21 37 1
21 38 1
21 39 1
22 30 1
22 35 1
22 36 1
23 24 1
23 27 1
23 32 1
23 34 1
23 35 1
23 37 1
23 38 1
24 28 1
24 32 1
24 33 1
24 34 1
24 37 1
24 38 1
24 39 1
25 28 1
25 30 1
25 32 1
25 33 1
25 38 1
26 27 1
26 32 1
26 33 1
26 37 1
26 38 1
26 39 1
27 28 1
27 29 1
27 35 1
27 36 1
27 39 1
28 29 1
28 31 1
28 37 1
28 38 1
28 39 1
29 30 1
29 33 1
29 34 1
29 35 1
29 37 1
29 38 1
30 32 1
30 33 1
30 36 1
30 39 1
31 36 1
31 37 1
32 35 1
32 37 1
32 39 1
34 35 1
35 39 1
37 38 1
1
14 18 20 19
