1964
0 2 1
0 3 1
0 13 1
0 14 1
0 19 1
0 22 1
0 42 1
0 50 1
0 63 1
0 64 1
0 70 1
0 81 1
0 85 1
0 94 1
0 107 1
0 108 1
0 113 1
0 120 1
0 122 1
0 137 1
0 148 1
0 149 1
0 151 1
0 175 1
1 25 1
1 58 1
1 82 1
1 87 1
1 99 1
1 127 1
1 132 1
1 140 1
1 158 1
1 160 1
1 173 1
2 5 1
2 21 1
2 32 1
2 35 1
2 44 1
2 45 1
2 46 1
2 49 1
2 56 1
2 74 1
2 84 1
2 86 1
2 96 1
2 99 1
2 102 1
2 104 1
2 108 1
2 110 1
2 123 1
2 133 1
2 138 1
2 147 1
2 159 1
2 160 1
2 180 1
2 185 1
3 12 1
3 15 1
3 23 1
3 29 1
3 35 1
3 38 1
3 57 1
3 60 1
3 62 1
3 77 1
3 84 1
3 96 1
3 102 1
3 119 1
3 120 1
3 132 1
3 140 1
3 151 1
3 157 1
3 166 1
3 174 1
3 177 1
3 178 1
4 10 1
4 18 1
4 22 1
4 26 1
4 28 1
4 37 1
4 51 1
4 57 1
4 67 1
4 73 1
4 76 1
4 78 1
4 119 1
4 120 1
4 124 1
4 134 1
4 138 1
4 141 1
4 158 1
4 165 1
4 167 1
4 174 1
4 188 1
5 20 1
5 27 1
5 34 1
5 43 1
5 44 1
5 47 1
5 53 1
5 67 1
5 70 1
5 86 1
5 89 1
5 96 1
5 98 1
5 101 1
5 106 1
5 108 1
5 122 1
5 129 1
5 131 1
5 145 1
5 148 1
5 180 1
6 15 1
6 39 1
6 90 1
6 95 1
6 98 1
6 106 1
6 107 1
6 139 1
6 155 1
6 168 1
6 176 1
6 188 1
7 18 1
7 25 1
7 38 1
7 52 1
7 59 1
7 62 1
7 63 1
7 77 1
7 93 1
7 101 1
7 113 1
7 124 1
7 148 1
7 151 1
7 169 1
7 177 1
7 187 1
8 19 1
8 27 1
8 57 1
8 64 1
8 65 1
8 70 1
8 85 1
8 91 1
8 98 1
8 105 1
8 109 1
8 116 1
8 117 1
8 120 1
8 127 1
8 130 1
8 136 1
8 137 1
8 158 1
8 178 1
8 182 1
9 13 1
9 37 1
9 65 1
9 76 1
9 98 1
9 108 1
9 116 1
9 117 1
9 136 1
9 138 1
9 142 1
9 147 1
9 155 1
9 156 1
9 168 1
9 178 1
9 189 1
10 15 1
10 34 1
10 35 1
10 42 1
10 56 1
10 58 1
10 62 1
10 77 1
10 87 1
10 95 1
10 98 1
10 99 1
10 108 1
10 117 1
10 121 1
10 151 1
10 155 1
10 170 1
10 171 1
10 173 1
11 14 1
11 15 1
11 24 1
11 48 1
11 71 1
11 83 1
11 85 1
11 90 1
11 94 1
11 109 1
11 110 1
11 111 1
11 130 1
11 142 1
11 163 1
11 168 1
11 175 1
11 186 1
12 14 1
12 20 1
12 24 1
12 30 1
12 39 1
12 41 1
12 70 1
12 73 1
12 89 1
12 112 1
12 116 1
12 123 1
12 138 1
12 141 1
12 145 1
12 156 1
12 161 1
12 169 1
12 170 1
13 14 1
13 24 1
13 28 1
13 32 1
13 47 1
13 51 1
13 54 1
13 60 1
13 85 1
13 95 1
13 96 1
13 116 1
13 121 1
13 134 1
13 138 1
13 149 1
13 164 1
13 170 1
13 171 1
13 178 1
14 22 1
14 23 1
14 40 1
14 43 1
14 48 1
14 50 1
14 52 1
14 68 1
14 69 1
14 70 1
14 78 1
14 86 1
14 92 1
14 99 1
14 101 1
14 107 1
14 117 1
14 121 1
14 127 1
14 128 1
14 133 1
14 142 1
14 162 1
14 177 1
14 185 1
14 187 1
15 19 1
15 26 1
15 30 1
15 44 1
15 50 1
15 65 1
15 67 1
15 82 1
15 84 1
15 85 1
15 88 1
15 94 1
15 97 1
15 103 1
15 115 1
15 124 1
15 125 1
15 127 1
15 150 1
15 160 1
15 162 1
15 183 1
16 17 1
16 19 1
16 22 1
16 61 1
16 70 1
16 82 1
16 89 1
16 93 1
16 109 1
16 117 1
16 123 1
16 128 1
16 129 1
16 145 1
16 148 1
16 168 1
16 172 1
16 179 1
16 181 1
16 187 1
17 28 1
17 34 1
17 52 1
17 53 1
17 56 1
17 64 1
17 81 1
17 91 1
17 97 1
17 105 1
17 108 1
17 112 1
17 115 1
17 117 1
17 123 1
17 125 1
17 169 1
17 174 1
17 184 1
18 20 1
18 47 1
18 51 1
18 56 1
18 64 1
18 65 1
18 70 1
18 77 1
18 78 1
18 83 1
18 84 1
18 100 1
18 107 1
18 110 1
18 116 1
18 134 1
18 144 1
18 148 1
18 168 1
18 170 1
18 177 1
19 43 1
19 58 1
19 60 1
19 90 1
19 97 1
19 98 1
19 109 1
19 128 1
19 155 1
19 156 1
20 24 1
20 30 1
20 39 1
20 46 1
20 56 1
20 58 1
20 67 1
20 73 1
20 75 1
20 89 1
20 106 1
20 115 1
20 116 1
20 123 1
20 129 1
20 139 1
20 142 1
20 144 1
20 146 1
20 152 1
20 153 1
20 156 1
20 157 1
20 161 1
20 174 1
20 177 1
20 185 1
20 187 1
20 188 1
21 29 1
21 40 1
21 53 1
21 60 1
21 68 1
21 69 1
21 83 1
21 85 1
21 102 1
21 120 1
21 130 1
21 150 1
21 165 1
21 181 1
22 24 1
22 33 1
22 43 1
22 50 1
22 51 1
22 61 1
22 62 1
22 75 1
22 93 1
22 94 1
22 103 1
22 128 1
22 161 1
22 162 1
22 170 1
22 187 1
23 41 1
23 43 1
23 44 1
23 60 1
23 92 1
23 96 1
23 103 1
23 124 1
23 129 1
23 144 1
23 158 1
23 173 1
23 174 1
23 184 1
24 26 1
24 28 1
24 30 1
24 55 1
24 56 1
24 58 1
24 84 1
24 85 1
24 98 1
24 108 1
24 116 1
24 129 1
24 132 1
24 135 1
24 144 1
24 146 1
24 148 1
24 172 1
24 174 1
24 181 1
24 183 1
25 58 1
25 63 1
25 68 1
25 87 1
25 88 1
25 89 1
25 104 1
25 110 1
25 114 1
25 123 1
25 127 1
25 135 1
25 139 1
25 140 1
25 152 1
25 161 1
25 163 1
25 164 1
25 176 1
25 186 1
26 29 1
26 33 1
26 36 1
26 47 1
26 49 1
26 51 1
26 57 1
26 62 1
26 76 1
26 85 1
26 90 1
26 94 1
26 96 1
26 105 1
26 122 1
26 127 1
26 144 1
26 149 1
26 156 1
26 167 1
26 171 1
26 179 1
26 185 1
27 29 1
27 42 1
27 50 1
27 62 1
27 66 1
27 81 1
27 94 1
27 103 1
27 119 1
27 123 1
27 129 1
27 157 1
27 161 1
27 179 1
28 47 1
28 73 1
28 81 1
28 85 1
28 86 1
28 93 1
28 115 1
28 129 1
28 139 1
28 142 1
28 144 1
28 151 1
28 153 1
28 162 1
28 166 1
28 167 1
28 179 1
28 180 1
28 189 1
29 89 1
29 104 1
29 147 1
29 152 1
29 153 1
29 154 1
29 155 1
29 163 1
29 175 1
29 178 1
30 42 1
30 51 1
30 57 1
30 71 1
30 101 1
30 118 1
30 126 1
30 141 1
30 180 1
31 61 1
31 64 1
31 66 1
31 69 1
31 76 1
31 108 1
31 141 1
31 149 1
31 150 1
31 152 1
31 155 1
31 157 1
31 161 1
31 171 1
31 173 1
32 36 1
32 43 1
32 52 1
32 54 1
32 56 1
32 59 1
32 89 1
32 94 1
32 102 1
32 103 1
32 134 1
32 138 1
32 143 1
32 144 1
32 145 1
32 155 1
32 160 1
32 162 1
32 164 1
32 168 1
32 170 1
32 180 1
33 34 1
33 36 1
33 43 1
33 52 1
33 58 1
33 76 1
33 92 1
33 98 1
33 105 1
33 137 1
33 140 1
33 147 1
33 155 1
33 161 1
33 163 1
33 166 1
33 173 1
33 179 1
33 187 1
34 46 1
34 48 1
34 50 1
34 54 1
34 62 1
34 84 1
34 85 1
34 90 1
34 111 1
34 117 1
34 120 1
34 143 1
34 146 1
34 156 1
34 176 1
34 180 1
34 182 1
34 186 1
35 48 1
35 67 1
35 72 1
35 73 1
35 95 1
35 98 1
35 115 1
35 119 1
35 147 1
35 158 1
35 163 1
35 170 1
35 176 1
35 182 1
36 37 1
36 41 1
36 55 1
36 62 1
36 68 1
36 77 1
36 79 1
36 81 1
36 83 1
36 89 1
36 104 1
36 118 1
36 123 1
36 127 1
36 137 1
36 140 1
36 141 1
36 158 1
36 165 1
36 186 1
37 38 1
37 46 1
37 62 1
37 66 1
37 68 1
37 70 1
37 96 1
37 107 1
37 111 1
37 118 1
37 123 1
37 126 1
37 157 1
37 165 1
37 169 1
38 39 1
38 48 1
38 54 1
38 57 1
38 71 1
38 73 1
38 74 1
38 79 1
38 87 1
38 102 1
38 105 1
38 153 1
38 159 1
38 170 1
38 178 1
39 51 1
39 52 1
39 70 1
39 77 1
39 81 1
39 122 1
39 127 1
39 162 1
39 167 1
39 169 1
39 187 1
40 63 1
40 70 1
40 83 1
40 90 1
40 99 1
40 101 1
40 116 1
40 123 1
40 131 1
40 135 1
40 144 1
40 147 1
40 148 1
40 157 1
40 163 1
40 167 1
40 172 1
41 51 1
41 63 1
41 65 1
41 66 1
41 72 1
41 73 1
41 83 1
41 92 1
41 103 1
41 116 1
41 118 1
41 127 1
41 153 1
41 158 1
41 165 1
42 48 1
42 49 1
42 53 1
42 64 1
42 78 1
42 109 1
42 112 1
42 125 1
42 146 1
42 162 1
42 167 1
42 172 1
42 187 1
43 53 1
43 76 1
43 82 1
43 85 1
43 86 1
43 95 1
43 105 1
43 117 1
43 133 1
43 136 1
43 143 1
43 161 1
43 175 1
44 45 1
44 58 1
44 64 1
44 68 1
44 69 1
44 70 1
44 75 1
44 78 1
44 90 1
44 95 1
44 100 1
44 103 1
44 119 1
44 120 1
44 129 1
44 136 1
44 144 1
44 145 1
44 160 1
44 178 1
44 180 1
44 185 1
44 188 1
45 62 1
45 66 1
45 69 1
45 76 1
45 80 1
45 81 1
45 84 1
45 88 1
45 92 1
45 106 1
45 111 1
45 120 1
45 126 1
45 127 1
45 129 1
45 136 1
45 152 1
45 154 1
45 166 1
45 179 1
46 51 1
46 52 1
46 56 1
46 62 1
46 99 1
46 113 1
46 121 1
46 125 1
46 144 1
46 162 1
46 183 1
47 51 1
47 57 1
47 64 1
47 65 1
47 69 1
47 75 1
47 82 1
47 88 1
47 93 1
47 97 1
47 102 1
47 112 1
47 114 1
47 119 1
47 130 1
47 151 1
47 154 1
47 158 1
47 182 1
47 189 1
48 50 1
48 58 1
48 65 1
48 79 1
48 80 1
48 91 1
48 98 1
48 121 1
48 130 1
48 169 1
48 172 1
48 178 1
48 182 1
48 188 1
49 76 1
49 77 1
49 83 1
49 85 1
49 86 1
49 93 1
49 94 1
49 105 1
49 138 1
49 144 1
49 164 1
49 179 1
50 71 1
50 90 1
50 102 1
50 106 1
50 111 1
50 112 1
50 125 1
50 127 1
50 137 1
50 149 1
50 168 1
50 175 1
50 177 1
50 182 1
51 60 1
51 90 1
51 116 1
51 117 1
51 129 1
51 141 1
51 159 1
51 160 1
51 165 1
51 179 1
51 186 1
52 56 1
52 59 1
52 63 1
52 69 1
52 70 1
52 72 1
52 73 1
52 83 1
52 90 1
52 93 1
52 104 1
52 108 1
52 141 1
52 147 1
52 148 1
52 154 1
52 161 1
52 164 1
52 179 1
53 54 1
53 56 1
53 74 1
53 75 1
53 82 1
53 103 1
53 115 1
53 125 1
53 129 1
53 150 1
53 162 1
53 164 1
53 177 1
53 186 1
53 189 1
54 58 1
54 62 1
54 68 1
54 74 1
54 75 1
54 81 1
54 84 1
54 87 1
54 121 1
54 122 1
54 130 1
54 144 1
54 154 1
54 167 1
54 171 1
54 178 1
54 181 1
55 63 1
55 70 1
55 106 1
55 111 1
55 112 1
55 123 1
55 133 1
55 145 1
55 153 1
55 155 1
55 159 1
55 162 1
55 164 1
55 169 1
55 171 1
55 173 1
55 174 1
55 177 1
55 180 1
55 187 1
56 57 1
56 67 1
56 78 1
56 81 1
56 86 1
56 88 1
56 92 1
56 102 1
56 109 1
56 111 1
56 122 1
56 128 1
56 134 1
56 149 1
56 159 1
56 176 1
56 180 1
57 62 1
57 63 1
57 76 1
57 129 1
57 136 1
57 147 1
57 150 1
57 158 1
57 182 1
58 59 1
58 66 1
58 68 1
58 74 1
58 82 1
58 83 1
58 88 1
58 94 1
58 105 1
58 124 1
58 132 1
58 157 1
58 161 1
58 166 1
58 172 1
58 175 1
58 178 1
58 187 1
59 67 1
59 110 1
59 111 1
59 118 1
59 128 1
59 145 1
59 150 1
59 160 1
59 163 1
59 176 1
59 182 1
59 189 1
60 63 1
60 70 1
60 74 1
60 77 1
60 96 1
60 101 1
60 119 1
60 120 1
60 141 1
60 150 1
60 160 1
61 69 1
61 100 1
61 106 1
61 111 1
61 114 1
61 131 1
61 134 1
61 142 1
61 144 1
61 167 1
61 177 1
61 188 1
62 94 1
62 100 1
62 102 1
62 131 1
62 136 1
62 139 1
62 140 1
62 151 1
62 154 1
62 155 1
62 158 1
62 161 1
62 164 1
62 183 1
62 188 1
63 66 1
63 70 1
63 71 1
63 80 1
63 81 1
63 85 1
63 86 1
63 97 1
63 104 1
63 116 1
63 143 1
63 144 1
63 145 1
63 151 1
63 154 1
63 162 1
63 167 1
63 168 1
63 169 1
63 174 1
63 181 1
64 70 1
64 97 1
64 99 1
64 111 1
64 118 1
64 155 1
64 156 1
64 157 1
64 158 1
64 160 1
64 164 1
64 168 1
65 86 1
65 100 1
65 103 1
65 110 1
65 116 1
65 119 1
65 128 1
65 163 1
65 169 1
65 179 1
65 182 1
66 79 1
66 83 1
66 95 1
66 131 1
66 150 1
66 162 1
66 167 1
66 172 1
67 68 1
67 76 1
67 86 1
67 92 1
67 114 1
67 122 1
67 138 1
67 148 1
67 151 1
67 155 1
67 166 1
67 171 1
67 180 1
67 188 1
68 73 1
68 80 1
68 86 1
68 90 1
68 94 1
68 108 1
68 141 1
68 161 1
68 163 1
68 180 1
68 186 1
69 71 1
69 83 1
69 93 1
69 103 1
69 106 1
69 118 1
69 128 1
69 130 1
69 134 1
69 139 1
69 141 1
69 142 1
69 143 1
69 153 1
69 155 1
70 82 1
70 92 1
70 96 1
70 113 1
70 124 1
70 125 1
70 147 1
70 155 1
70 157 1
70 164 1
70 174 1
70 186 1
71 74 1
71 79 1
71 87 1
71 88 1
71 95 1
71 128 1
71 131 1
71 132 1
71 146 1
71 156 1
71 181 1
71 185 1
72 87 1
72 102 1
72 105 1
72 108 1
72 111 1
72 122 1
72 126 1
72 127 1
72 142 1
72 148 1
72 150 1
72 166 1
72 170 1
72 172 1
72 181 1
72 182 1
72 184 1
73 76 1
73 81 1
73 95 1
73 109 1
73 114 1
73 119 1
73 129 1
73 134 1
73 153 1
73 161 1
73 177 1
73 180 1
74 84 1
74 93 1
74 95 1
74 108 1
74 110 1
74 113 1
74 133 1
74 134 1
74 148 1
74 152 1
74 158 1
74 161 1
74 170 1
74 178 1
74 181 1
74 188 1
75 76 1
75 81 1
75 88 1
75 91 1
75 94 1
75 97 1
75 112 1
75 113 1
75 116 1
75 121 1
75 133 1
75 137 1
75 147 1
75 149 1
75 170 1
75 176 1
75 178 1
76 78 1
76 79 1
76 88 1
76 98 1
76 101 1
76 107 1
76 112 1
76 126 1
76 127 1
76 135 1
76 140 1
76 147 1
76 175 1
77 90 1
77 91 1
77 93 1
77 136 1
77 146 1
77 149 1
77 167 1
77 182 1
78 95 1
78 106 1
78 114 1
78 126 1
78 129 1
78 131 1
78 140 1
78 158 1
78 161 1
78 168 1
78 177 1
78 180 1
78 186 1
79 80 1
79 81 1
79 94 1
79 96 1
79 97 1
79 111 1
79 114 1
79 115 1
79 122 1
79 137 1
79 143 1
79 155 1
79 177 1
79 187 1
80 83 1
80 84 1
80 91 1
80 99 1
80 104 1
80 115 1
80 119 1
80 138 1
80 154 1
80 155 1
81 101 1
81 106 1
81 124 1
81 129 1
81 135 1
81 137 1
81 152 1
81 160 1
81 168 1
81 169 1
82 87 1
82 89 1
82 91 1
82 94 1
82 98 1
82 107 1
82 117 1
82 128 1
82 137 1
82 138 1
82 139 1
82 146 1
82 147 1
82 159 1
82 167 1
82 186 1
83 98 1
83 109 1
83 114 1
83 115 1
83 117 1
83 119 1
83 131 1
83 132 1
83 139 1
83 141 1
83 143 1
83 144 1
83 151 1
83 156 1
83 165 1
83 172 1
83 174 1
83 178 1
83 179 1
84 112 1
84 118 1
84 122 1
84 123 1
84 128 1
84 130 1
84 134 1
84 135 1
84 142 1
84 147 1
84 152 1
84 156 1
84 162 1
84 171 1
84 174 1
84 181 1
85 93 1
85 106 1
85 123 1
85 124 1
85 147 1
85 175 1
85 177 1
86 114 1
86 118 1
86 122 1
86 127 1
86 130 1
86 133 1
86 143 1
86 146 1
86 147 1
86 173 1
87 103 1
87 105 1
87 107 1
87 108 1
87 120 1
87 126 1
87 175 1
87 182 1
87 184 1
88 104 1
88 105 1
88 108 1
88 111 1
88 132 1
88 140 1
88 149 1
88 151 1
88 159 1
88 178 1
89 97 1
89 103 1
89 130 1
89 133 1
89 135 1
89 147 1
89 156 1
89 157 1
89 162 1
89 165 1
90 104 1
90 113 1
90 123 1
90 126 1
90 137 1
90 141 1
90 157 1
90 160 1
90 163 1
90 173 1
91 104 1
91 111 1
91 126 1
91 134 1
91 145 1
91 151 1
91 153 1
91 154 1
91 162 1
91 168 1
91 170 1
91 174 1
91 180 1
91 181 1
91 186 1
92 94 1
92 95 1
92 97 1
92 106 1
92 111 1
92 120 1
92 142 1
92 145 1
92 167 1
92 176 1
93 97 1
93 100 1
93 127 1
93 132 1
93 141 1
93 157 1
93 163 1
93 179 1
94 109 1
94 114 1
94 137 1
94 145 1
94 148 1
94 154 1
94 162 1
94 166 1
95 102 1
95 113 1
95 119 1
95 147 1
95 148 1
95 150 1
95 159 1
95 160 1
95 169 1
95 171 1
95 179 1
95 182 1
96 115 1
96 121 1
96 125 1
96 129 1
96 131 1
96 139 1
96 154 1
96 157 1
96 163 1
96 170 1
96 171 1
96 186 1
97 105 1
97 108 1
97 112 1
97 115 1
97 125 1
97 188 1
98 101 1
98 111 1
98 119 1
98 132 1
98 135 1
98 143 1
98 149 1
98 154 1
98 158 1
98 159 1
98 174 1
98 175 1
99 110 1
99 134 1
99 159 1
99 166 1
99 170 1
100 119 1
100 132 1
100 133 1
100 146 1
100 150 1
100 153 1
100 155 1
100 157 1
100 165 1
100 173 1
100 178 1
100 188 1
101 104 1
101 108 1
101 127 1
101 128 1
101 137 1
101 145 1
101 170 1
101 176 1
101 184 1
101 185 1
102 116 1
102 121 1
102 124 1
102 126 1
102 143 1
102 147 1
102 148 1
102 159 1
102 170 1
102 172 1
102 176 1
102 180 1
102 188 1
103 112 1
103 114 1
103 118 1
103 125 1
103 158 1
103 162 1
103 184 1
104 122 1
104 123 1
104 125 1
104 132 1
104 153 1
104 159 1
104 182 1
105 106 1
105 114 1
105 122 1
105 134 1
105 144 1
105 152 1
105 154 1
105 179 1
105 182 1
105 183 1
105 188 1
106 115 1
106 138 1
106 139 1
106 145 1
106 160 1
106 161 1
106 162 1
106 170 1
106 176 1
106 181 1
107 113 1
107 118 1
107 126 1
107 140 1
107 146 1
107 166 1
107 168 1
107 171 1
107 179 1
107 182 1
108 109 1
108 121 1
108 122 1
108 125 1
108 128 1
108 130 1
108 134 1
108 139 1
108 147 1
108 155 1
108 161 1
108 183 1
109 136 1
109 143 1
109 153 1
109 154 1
109 168 1
109 174 1
109 178 1
109 189 1
110 114 1
110 118 1
110 123 1
110 125 1
110 135 1
110 154 1
110 155 1
111 114 1
111 129 1
111 131 1
111 141 1
111 151 1
111 152 1
111 161 1
111 186 1
112 118 1
112 134 1
112 136 1
112 141 1
112 144 1
112 162 1
112 167 1
112 172 1
113 132 1
113 136 1
113 137 1
113 148 1
113 164 1
113 172 1
113 174 1
113 181 1
113 185 1
114 116 1
114 119 1
114 120 1
114 125 1
114 130 1
114 158 1
114 187 1
115 118 1
115 122 1
115 141 1
115 144 1
115 158 1
115 172 1
115 186 1
116 117 1
116 118 1
116 135 1
116 141 1
116 144 1
116 149 1
116 151 1
116 157 1
116 158 1
116 170 1
116 176 1
116 183 1
116 184 1
116 185 1
117 137 1
117 139 1
117 150 1
117 152 1
117 157 1
117 162 1
117 163 1
117 177 1
117 188 1
118 119 1
118 130 1
118 138 1
118 176 1
118 177 1
118 183 1
118 188 1
119 126 1
119 147 1
119 166 1
119 176 1
119 178 1
120 121 1
120 134 1
120 147 1
120 158 1
120 161 1
120 171 1
120 172 1
120 182 1
120 184 1
121 125 1
121 129 1
121 133 1
121 144 1
121 145 1
121 149 1
121 154 1
121 161 1
121 165 1
121 166 1
121 168 1
121 172 1
121 173 1
122 124 1
122 129 1
122 130 1
122 139 1
122 151 1
122 165 1
122 182 1
123 141 1
123 164 1
123 175 1
123 183 1
123 184 1
123 186 1
124 127 1
124 131 1
124 142 1
124 143 1
124 148 1
124 151 1
124 155 1
124 162 1
124 163 1
124 183 1
124 186 1
124 187 1
125 165 1
125 169 1
125 171 1
125 183 1
126 146 1
126 148 1
126 164 1
127 129 1
127 130 1
127 142 1
127 148 1
127 162 1
127 172 1
127 182 1
128 136 1
128 141 1
128 143 1
128 156 1
128 157 1
128 159 1
128 186 1
129 159 1
129 168 1
129 175 1
129 183 1
129 185 1
130 142 1
130 144 1
130 145 1
130 148 1
130 151 1
130 168 1
130 176 1
130 180 1
131 135 1
131 136 1
131 147 1
131 165 1
131 182 1
132 134 1
132 183 1
132 185 1
132 187 1
133 144 1
133 152 1
133 157 1
133 163 1
133 165 1
133 168 1
133 170 1
133 175 1
133 178 1
134 135 1
134 141 1
134 150 1
134 155 1
134 182 1
134 187 1
135 139 1
135 141 1
135 158 1
135 160 1
135 164 1
135 166 1
135 182 1
136 138 1
136 145 1
136 148 1
136 167 1
136 177 1
136 179 1
137 138 1
137 149 1
137 154 1
137 160 1
137 174 1
137 188 1
138 159 1
138 161 1
138 187 1
139 165 1
139 170 1
139 180 1
139 182 1
139 183 1
140 145 1
140 159 1
140 185 1
141 143 1
141 152 1
141 155 1
141 161 1
141 170 1
141 173 1
141 182 1
141 183 1
142 145 1
142 152 1
142 157 1
142 176 1
143 150 1
143 152 1
143 154 1
143 155 1
143 166 1
143 168 1
144 145 1
144 157 1
144 165 1
144 175 1
145 147 1
145 149 1
145 180 1
145 189 1
146 152 1
146 155 1
146 160 1
146 167 1
146 181 1
146 188 1
146 189 1
147 156 1
147 157 1
147 160 1
147 165 1
147 166 1
147 170 1
147 173 1
147 189 1
148 153 1
148 157 1
148 165 1
148 175 1
148 177 1
148 181 1
149 164 1
149 171 1
149 173 1
149 184 1
150 160 1
150 164 1
150 179 1
151 165 1
151 170 1
151 180 1
151 182 1
151 183 1
152 175 1
152 185 1
152 189 1
153 154 1
153 171 1
153 172 1
153 178 1
153 181 1
154 169 1
154 178 1
154 183 1
155 170 1
155 181 1
156 177 1
156 181 1
157 172 1
157 176 1
157 182 1
157 184 1
158 172 1
158 185 1
159 160 1
159 167 1
159 168 1
159 189 1
160 166 1
160 170 1
160 173 1
161 163 1
161 164 1
161 180 1
161 183 1
161 189 1
162 172 1
162 174 1
162 181 1
164 175 1
164 176 1
164 178 1
164 184 1
164 185 1
165 166 1
165 168 1
165 174 1
165 175 1
165 176 1
166 169 1
166 183 1
166 189 1
168 188 1
169 174 1
169 175 1
169 180 1
170 171 1
170 180 1
170 182 1
170 187 1
171 186 1
172 179 1
172 180 1
175 179 1
176 180 1
176 185 1
177 188 1
178 183 1
178 184 1
178 189 1
182 187 1
184 185 1
184 186 1
184 189 1
1
42 27 172 30 52 116 114 134 57 14 69 101 62 66 78 124 82 158 180
