197
0 1 1
0 2 1
0 6 1
0 10 1
0 12 1
0 13 1
0 14 1
0 15 1
0 17 1
0 19 1
0 21 1
0 23 1
0 25 1
1 2 1
1 12 1
1 14 1
1 16 1
1 17 1
1 18 1
1 22 1
1 23 1
1 25 1
1 26 1
1 28 1
1 29 1
2 3 1
2 4 1
2 5 1
2 6 1
2 8 1
2 9 1
2 11 1
2 14 1
2 17 1
2 22 1
2 24 1
2 25 1
2 28 1
2 29 1
3 4 1
3 7 1
3 9 1
3 12 1
3 13 1
3 14 1
3 15 1
3 16 1
3 20 1
3 21 1
3 23 1
3 28 1
3 29 1
4 10 1
4 12 1
4 14 1
4 15 1
4 23 1
4 24 1
4 25 1
4 27 1
4 28 1
5 10 1
5 11 1
5 13 1
5 14 1
5 20 1
5 21 1
5 23 1
5 24 1
5 25 1
5 27 1
5 28 1
5 29 1
6 11 1
6 12 1
6 13 1
6 14 1
6 15 1
6 16 1
6 17 1
6 19 1
6 22 1
6 24 1
7 9 1
7 13 1
7 14 1
7 19 1
7 21 1
7 23 1
7 26 1
8 10 1
8 12 1
8 17 1
8 18 1
8 19 1
8 21 1
8 22 1
8 23 1
8 24 1
8 26 1
8 28 1
9 11 1
9 14 1
9 15 1
9 20 1
9 24 1
9 25 1
9 26 1
10 11 1
10 12 1
10 13 1
10 14 1
10 17 1
10 18 1
10 22 1
10 23 1
10 24 1
10 26 1
10 27 1
10 28 1
11 12 1
11 14 1
11 15 1
11 16 1
11 18 1
11 21 1
11 22 1
11 23 1
11 29 1
12 14 1
12 18 1
12 19 1
12 20 1
12 21 1
12 23 1
12 24 1
12 25 1
13 17 1
13 18 1
13 19 1
13 21 1
13 22 1
13 23 1
13 24 1
13 29 1
14 15 1
14 19 1
14 23 1
14 25 1
14 27 1
15 17 1
15 19 1
15 20 1
15 22 1
15 24 1
15 25 1
15 27 1
15 28 1
16 17 1
16 24 1
16 25 1
16 26 1
16 27 1
17 18 1
17 19 1
17 27 1
17 28 1
18 19 1
18 20 1
18 21 1
18 22 1
18 27 1
19 20 1
19 21 1
19 22 1
19 23 1
19 27 1
19 28 1
19 29 1
20 23 1
20 26 1
20 27 1
21 23 1
21 25 1
21 26 1
21 27 1
22 24 1
23 24 1
23 25 1
23 29 1
24 25 1
24 27 1
25 26 1
25 28 1
25 29 1
26 29 1
28 29 1
1
20 2 27
