860
0 3 1
0 10 1
0 21 1
0 23 1
0 35 1
0 37 1
0 45 1
0 50 1
0 52 1
0 53 1
0 59 1
0 67 1
0 77 1
0 81 1
0 86 1
0 87 1
0 93 1
0 96 1
1 7 1
1 9 1
1 11 1
1 30 1
1 31 1
1 40 1
1 41 1
1 61 1
1 63 1
1 65 1
1 68 1
1 69 1
1 72 1
1 73 1
1 84 1
1 92 1
1 96 1
1 97 1
1 98 1
2 3 1
2 4 1
2 6 1
2 7 1
2 17 1
2 27 1
2 30 1
2 35 1
2 44 1
2 60 1
2 61 1
2 69 1
2 72 1
2 83 1
2 86 1
2 93 1
2 94 1
3 11 1
3 18 1
3 33 1
3 75 1
3 80 1
4 11 1
4 34 1
4 37 1
4 51 1
4 63 1
4 66 1
4 67 1
4 77 1
4 80 1
4 89 1
4 90 1
4 91 1
4 93 1
4 94 1
5 8 1
5 17 1
5 23 1
5 38 1
5 46 1
5 51 1
5 56 1
5 57 1
5 62 1
5 65 1
5 71 1
5 78 1
5 86 1
5 87 1
6 9 1
6 10 1
6 11 1
6 17 1
6 24 1
6 26 1
6 30 1
6 31 1
6 42 1
6 45 1
6 49 1
6 70 1
6 81 1
6 97 1
7 10 1
7 12 1
7 15 1
7 19 1
7 25 1
7 33 1
7 43 1
7 46 1
7 50 1
7 56 1
7 78 1
7 88 1
7 95 1
7 97 1
8 9 1
8 16 1
8 20 1
8 26 1
8 28 1
8 31 1
8 36 1
8 37 1
8 39 1
8 44 1
8 48 1
8 51 1
8 54 1
8 57 1
8 61 1
8 62 1
8 65 1
8 70 1
8 76 1
8 77 1
8 85 1
8 89 1
8 90 1
8 91 1
9 16 1
9 19 1
9 22 1
9 25 1
9 27 1
9 29 1
9 38 1
9 41 1
9 47 1
9 49 1
9 52 1
9 55 1
9 58 1
9 63 1
9 77 1
9 81 1
9 93 1
10 14 1
10 16 1
10 18 1
10 19 1
10 20 1
10 22 1
10 26 1
10 32 1
10 35 1
10 39 1
10 43 1
10 52 1
10 61 1
10 64 1
10 68 1
10 81 1
10 85 1
10 90 1
10 91 1
11 17 1
11 20 1
11 23 1
11 24 1
11 33 1
11 36 1
11 38 1
11 40 1
11 41 1
11 51 1
11 53 1
11 54 1
11 57 1
11 65 1
11 68 1
11 72 1
11 78 1
11 93 1
11 97 1
12 15 1
12 18 1
12 22 1
12 32 1
12 33 1
12 39 1
12 44 1
12 50 1
12 53 1
12 59 1
12 63 1
12 66 1
12 70 1
12 73 1
12 79 1
12 80 1
12 83 1
12 84 1
12 85 1
12 86 1
12 97 1
12 99 1
13 15 1
13 16 1
13 28 1
13 33 1
13 41 1
13 45 1
13 48 1
13 51 1
13 55 1
13 64 1
13 70 1
13 72 1
13 75 1
13 82 1
13 89 1
13 90 1
13 93 1
13 94 1
14 20 1
14 22 1
14 23 1
14 28 1
14 38 1
14 53 1
14 55 1
14 64 1
14 80 1
14 82 1
14 85 1
14 88 1
14 93 1
14 99 1
15 16 1
15 18 1
15 23 1
15 31 1
15 35 1
15 37 1
15 39 1
15 41 1
15 44 1
15 45 1
15 58 1
15 63 1
15 68 1
16 22 1
16 27 1
16 43 1
16 48 1
16 54 1
16 59 1
16 60 1
16 62 1
16 68 1
16 74 1
16 91 1
16 93 1
16 98 1
17 20 1
17 22 1
17 30 1
17 31 1
17 40 1
17 57 1
17 58 1
17 61 1
17 64 1
17 71 1
17 83 1
17 86 1
17 93 1
17 99 1
18 33 1
18 36 1
18 40 1
18 52 1
18 54 1
18 55 1
18 58 1
18 69 1
18 70 1
18 80 1
18 85 1
18 90 1
18 94 1
18 95 1
18 98 1
19 23 1
19 25 1
19 34 1
19 38 1
19 44 1
19 57 1
19 73 1
19 83 1
19 84 1
19 85 1
19 86 1
19 89 1
19 90 1
19 98 1
20 21 1
20 25 1
20 35 1
20 37 1
20 39 1
20 48 1
20 51 1
20 64 1
20 71 1
20 75 1
20 79 1
20 80 1
20 81 1
20 82 1
20 98 1
21 36 1
21 41 1
21 47 1
21 51 1
21 65 1
21 71 1
21 72 1
21 82 1
21 88 1
21 95 1
21 97 1
22 25 1
22 40 1
22 41 1
22 46 1
22 50 1
22 57 1
22 64 1
22 66 1
22 91 1
22 96 1
23 25 1
23 26 1
23 35 1
23 37 1
23 39 1
23 47 1
23 53 1
23 54 1
23 58 1
23 64 1
23 73 1
23 74 1
23 84 1
24 29 1
24 33 1
24 38 1
24 41 1
24 45 1
24 46 1
24 53 1
24 54 1
24 56 1
24 57 1
24 60 1
24 62 1
24 71 1
24 74 1
24 76 1
24 79 1
24 92 1
25 35 1
25 41 1
25 51 1
25 53 1
25 56 1
25 65 1
25 67 1
25 69 1
25 72 1
25 76 1
25 78 1
25 83 1
25 88 1
25 94 1
25 95 1
25 96 1
26 30 1
26 48 1
26 59 1
26 64 1
26 68 1
26 73 1
26 74 1
26 75 1
26 76 1
26 78 1
26 81 1
26 82 1
26 88 1
26 90 1
26 96 1
27 29 1
27 37 1
27 46 1
27 49 1
27 54 1
27 69 1
27 71 1
27 74 1
27 84 1
27 92 1
27 94 1
27 97 1
28 38 1
28 39 1
28 41 1
28 43 1
28 45 1
28 52 1
28 64 1
28 69 1
28 76 1
28 87 1
28 93 1
28 94 1
28 96 1
28 99 1
29 31 1
29 33 1
29 36 1
29 44 1
29 46 1
29 77 1
29 78 1
29 81 1
29 96 1
29 99 1
30 31 1
30 32 1
30 34 1
30 38 1
30 40 1
30 44 1
30 47 1
30 48 1
30 56 1
30 62 1
30 73 1
30 77 1
30 87 1
30 93 1
30 96 1
31 37 1
31 53 1
31 57 1
31 62 1
31 63 1
31 66 1
31 72 1
31 76 1
31 81 1
31 86 1
31 94 1
31 99 1
32 35 1
32 54 1
32 55 1
32 72 1
32 82 1
32 84 1
32 94 1
32 97 1
33 40 1
33 43 1
33 45 1
33 69 1
33 86 1
33 89 1
33 91 1
33 95 1
34 45 1
34 63 1
34 69 1
34 70 1
34 71 1
34 75 1
34 82 1
34 90 1
34 93 1
34 96 1
34 97 1
34 99 1
35 36 1
35 37 1
35 40 1
35 42 1
35 48 1
35 53 1
35 65 1
35 69 1
35 76 1
35 80 1
35 85 1
35 88 1
35 96 1
36 44 1
36 57 1
36 62 1
36 63 1
36 75 1
36 80 1
36 85 1
36 86 1
36 88 1
37 39 1
37 52 1
37 62 1
37 64 1
37 66 1
37 69 1
37 71 1
37 82 1
37 84 1
37 90 1
37 91 1
37 95 1
37 97 1
38 40 1
38 41 1
38 46 1
38 58 1
38 62 1
38 67 1
38 72 1
38 74 1
38 76 1
38 82 1
38 86 1
38 87 1
38 92 1
39 44 1
39 49 1
39 50 1
39 58 1
39 59 1
39 61 1
39 63 1
39 64 1
39 67 1
39 70 1
39 76 1
39 79 1
39 90 1
39 96 1
39 99 1
40 42 1
40 44 1
40 46 1
40 48 1
40 65 1
40 70 1
40 74 1
40 80 1
41 43 1
41 44 1
41 52 1
41 88 1
41 90 1
41 98 1
42 43 1
42 46 1
42 51 1
42 65 1
42 66 1
42 70 1
42 76 1
42 91 1
43 65 1
43 66 1
43 69 1
43 75 1
43 94 1
44 46 1
44 47 1
44 52 1
44 54 1
44 55 1
44 56 1
44 63 1
44 64 1
44 66 1
44 69 1
44 94 1
44 96 1
44 97 1
45 54 1
45 56 1
45 61 1
45 70 1
45 73 1
45 77 1
45 87 1
45 89 1
45 90 1
45 91 1
45 94 1
46 52 1
46 54 1
46 55 1
46 56 1
46 59 1
46 66 1
46 67 1
46 76 1
46 79 1
46 82 1
46 86 1
46 92 1
46 95 1
46 96 1
46 98 1
47 51 1
47 59 1
47 64 1
47 70 1
47 76 1
47 82 1
47 83 1
47 96 1
48 53 1
48 57 1
48 66 1
48 78 1
48 82 1
48 95 1
49 51 1
49 61 1
49 65 1
49 66 1
49 85 1
50 52 1
50 54 1
50 55 1
50 57 1
50 71 1
50 75 1
50 76 1
50 80 1
50 90 1
51 52 1
51 60 1
51 67 1
51 73 1
51 76 1
51 90 1
52 54 1
52 61 1
52 62 1
52 72 1
52 73 1
52 78 1
52 80 1
52 91 1
53 61 1
53 63 1
53 64 1
53 73 1
53 77 1
53 82 1
53 84 1
53 86 1
53 91 1
54 59 1
54 62 1
54 74 1
54 75 1
54 91 1
54 94 1
55 57 1
55 58 1
55 63 1
55 64 1
55 73 1
55 76 1
55 86 1
56 60 1
56 69 1
56 75 1
56 77 1
56 80 1
56 95 1
57 66 1
57 68 1
57 70 1
57 74 1
57 77 1
57 78 1
57 80 1
57 91 1
57 95 1
57 99 1
58 69 1
58 71 1
58 73 1
58 83 1
58 84 1
58 93 1
58 96 1
58 98 1
59 61 1
59 67 1
59 76 1
59 80 1
59 81 1
59 82 1
59 89 1
60 64 1
60 71 1
60 74 1
60 86 1
60 87 1
61 73 1
61 88 1
61 89 1
61 99 1
62 65 1
62 67 1
62 74 1
62 75 1
62 84 1
62 85 1
62 86 1
62 90 1
62 97 1
63 71 1
63 75 1
63 81 1
63 86 1
63 87 1
63 88 1
64 65 1
64 68 1
64 71 1
64 89 1
64 91 1
64 92 1
64 95 1
65 67 1
65 68 1
65 72 1
65 75 1
65 94 1
66 68 1
66 79 1
66 84 1
66 93 1
66 94 1
67 68 1
67 75 1
67 91 1
67 96 1
68 74 1
68 75 1
68 80 1
68 81 1
68 84 1
68 85 1
68 88 1
68 90 1
68 93 1
69 71 1
69 74 1
69 75 1
69 80 1
69 85 1
69 90 1
69 94 1
70 72 1
70 87 1
70 88 1
70 95 1
71 78 1
71 99 1
72 80 1
72 82 1
72 89 1
72 93 1
72 99 1
73 83 1
73 85 1
73 86 1
73 87 1
74 86 1
74 88 1
74 92 1
75 78 1
75 81 1
75 82 1
75 85 1
75 87 1
75 91 1
75 94 1
75 95 1
76 86 1
76 88 1
77 93 1
78 82 1
78 89 1
78 92 1
78 96 1
78 98 1
79 80 1
79 89 1
79 92 1
79 97 1
80 84 1
80 88 1
80 89 1
80 99 1
81 86 1
81 87 1
81 90 1
81 91 1
81 93 1
82 84 1
82 98 1
83 84 1
83 89 1
84 88 1
84 98 1
85 87 1
85 88 1
85 92 1
86 90 1
86 95 1
87 93 1
88 90 1
88 91 1
89 94 1
91 94 1
91 97 1
92 94 1
92 99 1
93 97 1
94 95 1
94 99 1
98 99 1
1
92 2 75 46 66 19 28 4 0 32
