1056
0 1 1
0 3 1
0 12 1
0 19 1
0 21 1
0 22 1
0 26 1
0 27 1
0 31 1
0 32 1
0 41 1
0 82 1
0 84 1
0 91 1
0 93 1
0 103 1
0 108 1
1 5 1
1 9 1
1 15 1
1 20 1
1 23 1
1 33 1
1 38 1
1 42 1
1 46 1
1 53 1
1 55 1
1 59 1
1 64 1
1 69 1
1 82 1
1 89 1
1 104 1
2 14 1
2 17 1
2 25 1
2 27 1
2 28 1
2 29 1
2 33 1
2 47 1
2 65 1
2 70 1
2 72 1
2 82 1
2 86 1
2 87 1
2 91 1
2 93 1
2 105 1
2 106 1
2 109 1
3 7 1
3 8 1
3 9 1
3 10 1
3 19 1
3 32 1
3 38 1
3 40 1
3 49 1
3 58 1
3 75 1
3 76 1
3 82 1
3 98 1
3 104 1
3 109 1
4 15 1
4 18 1
4 31 1
4 34 1
4 38 1
4 43 1
4 47 1
4 51 1
4 58 1
4 62 1
4 67 1
4 71 1
4 82 1
4 90 1
4 91 1
4 102 1
4 107 1
5 9 1
5 18 1
5 26 1
5 27 1
5 29 1
5 31 1
5 34 1
5 37 1
5 44 1
5 60 1
5 61 1
5 63 1
5 70 1
5 72 1
5 79 1
5 88 1
5 89 1
5 93 1
5 95 1
6 10 1
6 18 1
6 35 1
6 36 1
6 39 1
6 45 1
6 46 1
6 51 1
6 55 1
6 58 1
6 67 1
6 68 1
6 70 1
6 74 1
6 86 1
6 98 1
6 108 1
7 15 1
7 18 1
7 36 1
7 39 1
7 59 1
7 63 1
7 68 1
7 81 1
7 84 1
7 101 1
7 106 1
7 108 1
8 16 1
8 19 1
8 23 1
8 26 1
8 29 1
8 31 1
8 35 1
8 41 1
8 46 1
8 56 1
8 57 1
8 60 1
8 63 1
8 66 1
8 69 1
8 86 1
8 94 1
8 95 1
8 98 1
8 103 1
8 109 1
9 12 1
9 16 1
9 32 1
9 33 1
9 44 1
9 47 1
9 56 1
9 62 1
9 63 1
9 67 1
9 71 1
9 74 1
9 76 1
9 88 1
9 91 1
9 97 1
9 98 1
9 104 1
9 108 1
10 18 1
10 31 1
10 45 1
10 48 1
10 57 1
10 59 1
10 62 1
10 68 1
10 73 1
10 76 1
10 92 1
10 96 1
10 101 1
10 105 1
11 15 1
11 23 1
11 26 1
11 37 1
11 46 1
11 49 1
11 50 1
11 76 1
11 80 1
11 96 1
11 109 1
12 18 1
12 26 1
12 34 1
12 39 1
12 46 1
12 49 1
12 50 1
12 60 1
12 81 1
12 82 1
12 91 1
12 93 1
12 96 1
12 97 1
12 103 1
13 20 1
13 21 1
13 25 1
13 28 1
13 29 1
13 39 1
13 40 1
13 48 1
13 50 1
13 53 1
13 66 1
13 69 1
13 72 1
13 75 1
13 80 1
13 86 1
13 108 1
14 23 1
14 31 1
14 38 1
14 39 1
14 41 1
14 50 1
14 51 1
14 54 1
14 63 1
14 67 1
14 68 1
14 69 1
14 85 1
14 87 1
14 100 1
14 107 1
15 17 1
15 30 1
15 43 1
15 57 1
15 65 1
15 66 1
15 68 1
15 71 1
15 76 1
15 77 1
15 84 1
15 89 1
15 96 1
15 102 1
15 108 1
16 19 1
16 28 1
16 31 1
16 35 1
16 40 1
16 53 1
16 57 1
16 58 1
16 59 1
16 70 1
16 71 1
16 72 1
16 73 1
16 74 1
16 85 1
16 87 1
16 102 1
16 104 1
16 106 1
16 107 1
17 24 1
17 25 1
17 38 1
17 41 1
17 45 1
17 52 1
17 59 1
17 65 1
17 67 1
17 70 1
17 75 1
17 78 1
17 92 1
17 94 1
17 98 1
17 103 1
17 104 1
17 107 1
18 27 1
18 28 1
18 34 1
18 36 1
18 39 1
18 40 1
18 44 1
18 45 1
18 54 1
18 55 1
18 67 1
18 73 1
18 81 1
18 88 1
18 104 1
19 20 1
19 26 1
19 27 1
19 33 1
19 38 1
19 46 1
19 57 1
19 59 1
19 62 1
19 67 1
19 71 1
19 82 1
19 88 1
19 107 1
20 24 1
20 25 1
20 28 1
20 37 1
20 41 1
20 46 1
20 53 1
20 69 1
20 70 1
20 73 1
20 82 1
20 86 1
20 88 1
20 91 1
20 96 1
20 102 1
20 103 1
20 108 1
21 28 1
21 32 1
21 47 1
21 54 1
21 58 1
21 62 1
21 101 1
21 103 1
21 105 1
22 27 1
22 33 1
22 35 1
22 39 1
22 47 1
22 52 1
22 61 1
22 72 1
22 76 1
22 83 1
22 89 1
22 90 1
22 95 1
22 97 1
22 105 1
23 27 1
23 32 1
23 34 1
23 39 1
23 41 1
23 44 1
23 46 1
23 48 1
23 53 1
23 55 1
23 57 1
23 58 1
23 59 1
23 62 1
23 65 1
23 69 1
23 70 1
23 71 1
23 74 1
23 77 1
23 81 1
23 82 1
23 85 1
23 97 1
23 105 1
23 106 1
23 108 1
24 27 1
24 29 1
24 32 1
24 33 1
24 63 1
24 64 1
24 66 1
24 100 1
24 102 1
24 109 1
25 33 1
25 40 1
25 42 1
25 52 1
25 67 1
25 72 1
25 77 1
25 82 1
25 83 1
25 86 1
25 87 1
25 89 1
25 93 1
25 96 1
26 42 1
26 48 1
26 53 1
26 56 1
26 59 1
26 61 1
26 65 1
26 69 1
26 82 1
26 100 1
26 104 1
27 47 1
27 56 1
27 67 1
27 83 1
27 84 1
27 85 1
27 96 1
27 97 1
27 107 1
27 108 1
28 32 1
28 34 1
28 35 1
28 41 1
28 42 1
28 49 1
28 51 1
28 52 1
28 58 1
28 59 1
28 60 1
28 69 1
28 76 1
28 80 1
28 92 1
28 107 1
29 30 1
29 33 1
29 34 1
29 53 1
29 55 1
29 58 1
29 61 1
29 69 1
29 79 1
29 94 1
29 106 1
30 33 1
30 37 1
30 44 1
30 51 1
30 58 1
30 65 1
30 75 1
30 79 1
30 82 1
30 89 1
30 97 1
30 99 1
30 102 1
30 104 1
30 107 1
30 108 1
31 39 1
31 59 1
31 62 1
31 91 1
31 92 1
31 108 1
32 43 1
32 47 1
32 52 1
32 54 1
32 56 1
32 58 1
32 59 1
32 62 1
32 63 1
32 70 1
32 75 1
32 81 1
32 82 1
32 83 1
32 87 1
32 88 1
32 92 1
32 104 1
33 34 1
33 39 1
33 40 1
33 41 1
33 48 1
33 59 1
33 61 1
33 72 1
33 73 1
33 74 1
33 76 1
33 83 1
33 88 1
33 92 1
33 104 1
34 40 1
34 45 1
34 46 1
34 48 1
34 50 1
34 55 1
34 59 1
34 62 1
34 64 1
34 93 1
34 106 1
35 36 1
35 37 1
35 44 1
35 47 1
35 49 1
35 51 1
35 52 1
35 64 1
35 66 1
35 69 1
35 72 1
35 76 1
35 89 1
35 91 1
35 92 1
35 97 1
35 98 1
35 108 1
36 37 1
36 40 1
36 42 1
36 43 1
36 45 1
36 47 1
36 51 1
36 52 1
36 69 1
36 71 1
36 72 1
36 73 1
36 84 1
36 89 1
36 96 1
36 97 1
36 98 1
37 48 1
37 52 1
37 57 1
37 65 1
37 77 1
37 86 1
37 88 1
37 89 1
37 93 1
37 95 1
37 97 1
37 99 1
37 100 1
37 106 1
38 40 1
38 47 1
38 51 1
38 58 1
38 59 1
38 61 1
38 62 1
38 71 1
38 74 1
38 76 1
38 78 1
38 86 1
38 87 1
39 40 1
39 51 1
39 57 1
39 58 1
39 64 1
39 66 1
39 72 1
39 79 1
39 82 1
39 89 1
39 90 1
39 93 1
39 96 1
39 97 1
39 98 1
39 100 1
39 103 1
39 109 1
40 43 1
40 46 1
40 49 1
40 61 1
40 63 1
40 68 1
40 69 1
40 72 1
40 87 1
40 97 1
40 98 1
40 100 1
40 103 1
41 43 1
41 46 1
41 47 1
41 48 1
41 52 1
41 59 1
41 69 1
41 72 1
41 81 1
41 85 1
41 86 1
41 92 1
41 101 1
41 106 1
42 46 1
42 47 1
42 49 1
42 61 1
42 67 1
42 68 1
42 70 1
42 73 1
42 77 1
42 80 1
42 83 1
42 88 1
42 91 1
42 93 1
42 95 1
42 98 1
42 99 1
42 103 1
42 104 1
42 106 1
43 45 1
43 52 1
43 55 1
43 58 1
43 65 1
43 70 1
43 73 1
43 83 1
43 96 1
43 97 1
43 99 1
44 50 1
44 52 1
44 62 1
44 63 1
44 71 1
44 73 1
44 75 1
44 77 1
44 79 1
44 85 1
44 97 1
44 100 1
44 101 1
44 108 1
45 52 1
45 61 1
45 79 1
45 80 1
45 82 1
45 84 1
45 88 1
45 91 1
45 92 1
45 101 1
45 102 1
45 105 1
46 58 1
46 64 1
46 79 1
46 88 1
46 98 1
46 99 1
46 101 1
47 48 1
47 49 1
47 52 1
47 53 1
47 57 1
47 59 1
47 77 1
47 82 1
47 89 1
47 96 1
47 99 1
48 57 1
48 62 1
48 66 1
48 73 1
48 78 1
48 80 1
48 82 1
48 91 1
49 50 1
49 56 1
49 58 1
49 59 1
49 61 1
49 65 1
49 69 1
49 72 1
49 73 1
49 81 1
49 83 1
49 91 1
49 92 1
49 93 1
49 97 1
49 98 1
49 102 1
49 103 1
49 106 1
49 108 1
50 51 1
50 53 1
50 58 1
50 60 1
50 65 1
50 71 1
50 72 1
50 77 1
50 88 1
50 92 1
50 99 1
50 100 1
50 104 1
51 60 1
51 63 1
51 65 1
51 68 1
51 73 1
51 81 1
51 92 1
51 96 1
51 97 1
51 104 1
51 105 1
51 107 1
51 108 1
52 54 1
52 56 1
52 61 1
52 65 1
52 66 1
52 73 1
52 76 1
52 82 1
52 83 1
52 92 1
52 98 1
53 61 1
53 70 1
53 73 1
53 88 1
54 57 1
54 61 1
54 65 1
54 67 1
54 71 1
54 74 1
54 78 1
54 86 1
54 96 1
54 100 1
54 101 1
54 106 1
54 109 1
55 63 1
55 64 1
55 71 1
55 76 1
55 79 1
55 97 1
56 57 1
56 59 1
56 62 1
56 67 1
56 76 1
56 78 1
56 80 1
56 83 1
56 86 1
56 88 1
56 100 1
57 58 1
57 61 1
57 65 1
57 70 1
57 72 1
57 80 1
57 100 1
57 101 1
57 102 1
57 103 1
58 62 1
58 63 1
58 70 1
58 72 1
58 77 1
58 78 1
58 80 1
58 82 1
58 84 1
58 92 1
58 93 1
58 95 1
58 96 1
58 97 1
58 99 1
58 106 1
59 62 1
59 63 1
59 67 1
59 70 1
59 73 1
59 88 1
59 89 1
60 62 1
60 64 1
60 67 1
60 70 1
60 81 1
60 89 1
60 99 1
60 109 1
61 62 1
61 66 1
61 72 1
61 73 1
61 75 1
61 79 1
61 84 1
61 87 1
61 93 1
61 94 1
61 102 1
61 107 1
62 67 1
62 70 1
62 84 1
62 86 1
62 89 1
62 98 1
62 104 1
63 69 1
63 73 1
63 74 1
63 76 1
63 84 1
63 90 1
63 91 1
63 93 1
63 96 1
63 100 1
63 103 1
64 70 1
64 73 1
64 80 1
64 83 1
64 91 1
64 104 1
65 68 1
65 89 1
65 103 1
65 104 1
65 105 1
66 68 1
66 71 1
66 92 1
66 95 1
66 98 1
66 102 1
66 103 1
67 70 1
67 72 1
67 95 1
67 100 1
67 108 1
68 71 1
68 90 1
68 93 1
68 98 1
69 76 1
69 79 1
69 80 1
69 86 1
69 89 1
69 90 1
69 100 1
70 75 1
70 78 1
70 79 1
70 80 1
70 81 1
70 92 1
70 94 1
70 96 1
70 104 1
70 105 1
71 72 1
71 73 1
71 75 1
71 95 1
71 97 1
71 101 1
71 106 1
72 74 1
72 75 1
72 85 1
72 93 1
72 94 1
72 97 1
72 101 1
73 81 1
73 84 1
73 88 1
73 91 1
73 94 1
73 101 1
73 102 1
73 108 1
74 79 1
74 85 1
74 93 1
74 94 1
74 95 1
74 102 1
74 105 1
75 82 1
75 104 1
75 109 1
76 85 1
76 87 1
76 92 1
76 102 1
76 105 1
77 82 1
77 93 1
77 94 1
77 96 1
77 102 1
77 103 1
77 106 1
78 84 1
78 87 1
78 102 1
78 108 1
79 83 1
79 90 1
79 94 1
79 97 1
79 106 1
79 109 1
80 84 1
80 92 1
80 94 1
80 95 1
80 104 1
81 89 1
81 99 1
82 87 1
82 94 1
82 99 1
82 101 1
83 84 1
83 91 1
83 93 1
83 96 1
83 105 1
84 85 1
84 86 1
84 89 1
84 95 1
84 100 1
84 103 1
84 107 1
85 89 1
85 90 1
85 91 1
85 92 1
85 94 1
85 97 1
85 103 1
85 104 1
85 105 1
86 96 1
86 102 1
86 104 1
87 88 1
87 95 1
87 107 1
88 94 1
88 97 1
88 105 1
89 91 1
89 104 1
90 91 1
90 95 1
90 99 1
90 100 1
90 106 1
90 107 1
91 94 1
91 99 1
91 107 1
92 100 1
92 101 1
92 102 1
93 94 1
93 96 1
93 100 1
93 101 1
93 108 1
94 95 1
94 101 1
94 108 1
95 103 1
95 108 1
97 105 1
98 99 1
98 105 1
100 101 1
103 105 1
1
42 30 65 22 66 107 82 72 51 95 103
