346
0 15 1
0 24 1
0 31 1
0 37 1
0 39 1
0 40 1
0 45 1
0 48 1
1 2 1
1 9 1
1 11 1
1 12 1
1 13 1
1 14 1
1 15 1
1 16 1
1 20 1
1 22 1
1 25 1
1 30 1
1 31 1
1 32 1
1 34 1
1 45 1
1 47 1
1 49 1
2 6 1
2 8 1
2 11 1
2 15 1
2 16 1
2 19 1
2 25 1
2 27 1
2 30 1
2 33 1
2 45 1
2 47 1
3 4 1
3 6 1
3 7 1
3 9 1
3 11 1
3 14 1
3 31 1
3 39 1
3 42 1
3 46 1
3 47 1
4 5 1
4 6 1
4 18 1
4 23 1
4 26 1
4 30 1
4 32 1
4 35 1
4 42 1
4 43 1
5 6 1
5 10 1
5 16 1
5 21 1
5 22 1
5 23 1
5 27 1
5 28 1
5 29 1
5 30 1
5 31 1
5 33 1
5 35 1
5 37 1
5 41 1
5 42 1
5 43 1
5 44 1
5 48 1
5 49 1
6 15 1
6 25 1
6 26 1
6 29 1
6 30 1
6 31 1
6 34 1
6 35 1
6 38 1
6 39 1
6 41 1
6 42 1
6 45 1
6 46 1
6 47 1
6 49 1
7 9 1
7 13 1
7 16 1
7 27 1
7 29 1
7 31 1
7 36 1
7 37 1
7 40 1
7 42 1
7 43 1
7 44 1
7 47 1
7 48 1
8 9 1
8 10 1
8 11 1
8 18 1
8 22 1
8 25 1
8 29 1
8 32 1
8 48 1
9 11 1
9 12 1
9 22 1
9 26 1
9 27 1
9 30 1
9 46 1
10 11 1
10 23 1
10 30 1
10 34 1
10 35 1
10 36 1
10 41 1
10 42 1
10 43 1
10 49 1
11 12 1
11 19 1
11 21 1
11 22 1
11 23 1
11 28 1
11 30 1
11 35 1
11 39 1
11 43 1
11 49 1
12 20 1
12 24 1
12 30 1
12 32 1
12 38 1
12 39 1
12 41 1
12 42 1
12 43 1
12 44 1
12 48 1
13 16 1
13 21 1
13 28 1
13 29 1
13 30 1
13 36 1
13 37 1
13 39 1
13 42 1
13 44 1
13 45 1
13 46 1
13 48 1
14 30 1
14 31 1
14 33 1
14 34 1
15 18 1
15 19 1
15 21 1
15 22 1
15 23 1
15 24 1
15 27 1
15 28 1
15 40 1
15 48 1
16 17 1
16 23 1
16 25 1
16 26 1
16 27 1
16 29 1
16 31 1
16 32 1
16 34 1
16 36 1
16 39 1
16 44 1
16 46 1
17 21 1
17 22 1
17 26 1
17 27 1
17 28 1
17 29 1
17 33 1
17 39 1
17 41 1
17 44 1
17 45 1
18 19 1
18 20 1
18 22 1
18 24 1
18 27 1
18 29 1
18 31 1
18 38 1
18 41 1
18 42 1
18 44 1
19 33 1
19 36 1
19 41 1
19 43 1
19 45 1
20 22 1
20 25 1
20 26 1
20 27 1
20 31 1
20 35 1
20 38 1
20 40 1
20 45 1
21 25 1
21 36 1
21 38 1
21 43 1
22 23 1
22 25 1
22 26 1
22 27 1
22 35 1
22 42 1
22 43 1
22 44 1
23 24 1
23 25 1
23 27 1
23 28 1
23 32 1
23 35 1
23 37 1
23 40 1
23 44 1
23 46 1
23 49 1
24 28 1
24 29 1
24 34 1
24 37 1
25 26 1
25 28 1
25 33 1
25 34 1
25 36 1
25 38 1
25 39 1
25 40 1
25 41 1
25 48 1
26 27 1
26 31 1
26 32 1
26 41 1
26 47 1
27 28 1
27 37 1
27 39 1
27 47 1
28 30 1
28 31 1
28 35 1
28 39 1
28 47 1
29 33 1
29 45 1
30 32 1
30 35 1
30 37 1
30 41 1
30 43 1
30 44 1
30 45 1
30 46 1
31 34 1
31 38 1
31 40 1
31 43 1
31 47 1
32 35 1
32 36 1
32 41 1
32 42 1
32 45 1
32 48 1
33 35 1
33 38 1
33 39 1
33 43 1
33 44 1
33 47 1
34 36 1
34 40 1
34 41 1
34 43 1
34 49 1
35 37 1
35 46 1
35 48 1
36 39 1
36 43 1
36 45 1
36 46 1
37 41 1
37 44 1
37 48 1
38 42 1
38 45 1
39 40 1
39 41 1
39 42 1
39 43 1
39 44 1
39 46 1
40 47 1
40 48 1
41 44 1
41 45 1
42 44 1
43 44 1
43 45 1
43 49 1
44 45 1
44 47 1
45 48 1
47 49 1
1
5 8 29 13 34
