706
0 10 1
0 12 1
0 18 1
0 19 1
0 21 1
0 22 1
0 23 1
0 31 1
0 32 1
0 37 1
0 39 1
0 44 1
0 50 1
0 58 1
0 59 1
0 63 1
0 64 1
0 68 1
0 69 1
0 76 1
0 77 1
1 17 1
1 22 1
1 26 1
1 27 1
1 30 1
1 34 1
1 35 1
1 36 1
1 37 1
1 40 1
1 45 1
1 47 1
1 48 1
1 54 1
1 63 1
1 65 1
1 66 1
1 69 1
1 73 1
1 79 1
2 3 1
2 13 1
2 17 1
2 20 1
2 21 1
2 24 1
2 32 1
2 36 1
2 37 1
2 38 1
2 41 1
2 48 1
2 49 1
2 52 1
2 54 1
2 56 1
2 66 1
2 67 1
2 70 1
2 76 1
3 14 1
3 17 1
3 20 1
3 23 1
3 29 1
3 32 1
3 34 1
3 35 1
3 43 1
3 46 1
3 52 1
3 57 1
3 59 1
3 61 1
3 67 1
3 70 1
3 79 1
4 9 1
4 12 1
4 17 1
4 21 1
4 23 1
4 24 1
4 26 1
4 32 1
4 48 1
4 51 1
4 54 1
4 68 1
5 6 1
5 12 1
5 14 1
5 17 1
5 18 1
5 20 1
5 21 1
5 29 1
5 37 1
5 44 1
5 56 1
5 57 1
5 76 1
6 7 1
6 15 1
6 18 1
6 19 1
6 24 1
6 27 1
6 30 1
6 38 1
6 39 1
6 41 1
6 42 1
6 43 1
6 49 1
6 51 1
6 55 1
6 56 1
6 57 1
6 60 1
7 9 1
7 14 1
7 16 1
7 20 1
7 24 1
7 29 1
7 33 1
7 62 1
7 64 1
8 9 1
8 11 1
8 16 1
8 19 1
8 20 1
8 26 1
8 31 1
8 36 1
8 37 1
8 42 1
8 52 1
8 56 1
8 57 1
8 60 1
8 72 1
8 75 1
9 12 1
9 17 1
9 26 1
9 28 1
9 29 1
9 33 1
9 36 1
9 41 1
9 44 1
9 48 1
9 51 1
9 53 1
9 55 1
9 60 1
9 62 1
9 67 1
9 69 1
9 71 1
10 18 1
10 21 1
10 28 1
10 32 1
10 33 1
10 34 1
10 35 1
10 36 1
10 42 1
10 47 1
10 51 1
10 55 1
10 56 1
10 61 1
10 62 1
10 65 1
10 70 1
10 75 1
10 79 1
11 12 1
11 15 1
11 25 1
11 26 1
11 27 1
11 29 1
11 32 1
11 36 1
11 42 1
11 43 1
11 44 1
11 47 1
11 51 1
11 54 1
11 63 1
11 64 1
12 24 1
12 28 1
12 31 1
12 36 1
12 38 1
12 47 1
12 56 1
12 58 1
12 60 1
12 61 1
12 71 1
12 77 1
13 14 1
13 18 1
13 23 1
13 24 1
13 31 1
13 36 1
13 37 1
13 38 1
13 44 1
13 45 1
13 46 1
13 58 1
13 65 1
13 69 1
13 71 1
13 73 1
13 77 1
14 21 1
14 31 1
14 35 1
14 36 1
14 45 1
14 51 1
14 52 1
14 53 1
14 54 1
14 67 1
14 74 1
14 75 1
14 77 1
14 78 1
15 22 1
15 29 1
15 34 1
15 38 1
15 41 1
15 52 1
15 55 1
15 59 1
15 62 1
15 66 1
15 68 1
15 69 1
15 70 1
15 79 1
16 19 1
16 28 1
16 34 1
16 35 1
16 38 1
16 45 1
16 46 1
16 49 1
16 50 1
16 55 1
16 58 1
16 59 1
16 68 1
16 69 1
16 76 1
16 77 1
16 79 1
17 22 1
17 30 1
17 37 1
17 39 1
17 42 1
17 46 1
17 48 1
17 53 1
17 61 1
17 63 1
17 64 1
17 71 1
18 20 1
18 22 1
18 23 1
18 31 1
18 36 1
18 39 1
18 43 1
18 48 1
18 56 1
18 57 1
18 58 1
18 64 1
18 65 1
18 69 1
18 71 1
18 76 1
18 78 1
18 79 1
19 23 1
19 28 1
19 32 1
19 52 1
19 55 1
19 63 1
19 71 1
20 39 1
20 40 1
20 41 1
20 42 1
20 50 1
20 52 1
20 60 1
20 67 1
20 70 1
20 76 1
20 77 1
21 24 1
21 28 1
21 32 1
21 36 1
21 42 1
21 44 1
21 46 1
21 52 1
21 54 1
21 58 1
21 64 1
21 72 1
21 73 1
21 74 1
21 75 1
21 76 1
22 31 1
22 35 1
22 42 1
22 46 1
22 51 1
22 53 1
22 55 1
22 56 1
22 62 1
22 67 1
22 72 1
22 74 1
23 30 1
23 33 1
23 42 1
23 48 1
23 51 1
23 54 1
23 63 1
23 67 1
23 68 1
23 69 1
23 73 1
23 74 1
23 77 1
24 29 1
24 30 1
24 31 1
24 32 1
24 33 1
24 37 1
24 39 1
24 55 1
24 57 1
24 60 1
24 75 1
25 27 1
25 34 1
25 35 1
25 36 1
25 39 1
25 43 1
25 54 1
25 61 1
25 68 1
25 70 1
26 31 1
26 35 1
26 36 1
26 38 1
26 41 1
26 43 1
26 45 1
26 46 1
26 52 1
26 57 1
26 58 1
26 61 1
26 63 1
26 69 1
26 77 1
27 31 1
27 32 1
27 36 1
27 41 1
27 43 1
27 45 1
27 48 1
27 50 1
27 54 1
27 56 1
27 57 1
27 69 1
27 76 1
27 77 1
27 78 1
27 79 1
28 33 1
28 47 1
28 48 1
28 49 1
28 51 1
28 52 1
28 54 1
28 60 1
28 64 1
28 70 1
28 72 1
28 76 1
28 78 1
29 34 1
29 41 1
29 43 1
29 47 1
29 56 1
29 69 1
29 71 1
29 74 1
29 75 1
30 33 1
30 34 1
30 40 1
30 47 1
30 57 1
30 59 1
30 63 1
30 76 1
31 32 1
31 35 1
31 36 1
31 40 1
31 47 1
31 50 1
31 53 1
31 55 1
31 57 1
31 62 1
31 65 1
31 68 1
31 70 1
31 77 1
31 79 1
32 33 1
32 39 1
32 42 1
32 50 1
32 51 1
32 54 1
32 68 1
32 73 1
32 74 1
32 77 1
33 34 1
33 44 1
33 53 1
33 58 1
33 61 1
33 63 1
33 66 1
33 67 1
33 70 1
33 72 1
33 74 1
33 78 1
34 37 1
34 40 1
34 43 1
34 48 1
34 50 1
34 57 1
34 59 1
34 76 1
34 79 1
35 46 1
35 51 1
35 53 1
35 56 1
35 59 1
35 70 1
35 75 1
35 76 1
35 79 1
36 38 1
36 54 1
36 58 1
36 79 1
37 56 1
37 57 1
37 63 1
37 66 1
37 68 1
37 69 1
38 39 1
38 49 1
38 55 1
38 68 1
38 73 1
38 74 1
38 77 1
38 78 1
39 42 1
39 51 1
39 52 1
39 63 1
39 64 1
39 70 1
39 73 1
39 77 1
40 45 1
40 46 1
40 48 1
40 52 1
40 56 1
40 57 1
40 68 1
40 69 1
40 70 1
40 71 1
40 73 1
40 76 1
40 77 1
41 44 1
41 46 1
41 48 1
41 54 1
41 55 1
41 59 1
41 71 1
41 72 1
42 49 1
42 50 1
42 51 1
42 52 1
42 57 1
42 67 1
42 69 1
42 75 1
43 46 1
43 58 1
43 59 1
43 62 1
43 69 1
43 72 1
43 73 1
43 77 1
44 47 1
44 50 1
44 54 1
44 59 1
44 68 1
44 78 1
45 48 1
45 50 1
45 55 1
45 59 1
45 61 1
45 63 1
45 66 1
45 69 1
45 71 1
45 75 1
45 77 1
46 53 1
46 65 1
46 69 1
46 70 1
47 48 1
47 49 1
47 55 1
47 65 1
47 69 1
47 78 1
48 53 1
48 59 1
48 61 1
48 76 1
48 79 1
49 53 1
49 56 1
49 57 1
49 61 1
49 64 1
49 68 1
49 74 1
49 76 1
50 60 1
50 62 1
51 56 1
51 67 1
51 69 1
51 71 1
51 72 1
51 76 1
51 78 1
52 59 1
52 60 1
52 61 1
52 62 1
52 78 1
53 59 1
53 64 1
53 66 1
53 68 1
53 70 1
53 74 1
54 55 1
54 56 1
54 57 1
54 58 1
54 59 1
54 61 1
54 64 1
54 66 1
54 67 1
54 70 1
54 71 1
54 72 1
54 73 1
54 74 1
54 76 1
54 77 1
55 64 1
55 69 1
55 76 1
56 61 1
56 64 1
56 65 1
56 66 1
56 69 1
56 73 1
56 77 1
57 69 1
57 74 1
57 79 1
58 61 1
58 62 1
58 77 1
59 60 1
59 65 1
59 72 1
59 77 1
60 61 1
61 62 1
61 67 1
61 69 1
61 75 1
61 77 1
61 78 1
62 63 1
62 65 1
62 67 1
62 69 1
62 71 1
62 73 1
62 75 1
63 67 1
63 75 1
63 78 1
64 66 1
64 70 1
64 73 1
64 75 1
65 66 1
65 69 1
65 70 1
65 79 1
66 68 1
66 70 1
66 71 1
66 76 1
66 77 1
66 79 1
67 71 1
67 78 1
68 69 1
68 79 1
69 70 1
70 72 1
70 74 1
70 75 1
70 77 1
70 79 1
71 73 1
71 74 1
71 79 1
74 75 1
75 76 1
75 79 1
76 77 1
1
20 61 55 44 49 22 13 5
