666
0 3 1
0 4 1
0 10 1
0 12 1
0 13 1
0 22 1
0 29 1
0 34 1
0 37 1
0 49 1
0 51 1
0 58 1
0 62 1
0 70 1
0 75 1
1 7 1
1 17 1
1 28 1
1 31 1
1 32 1
1 34 1
1 38 1
1 44 1
1 45 1
1 46 1
1 58 1
1 62 1
1 69 1
1 70 1
1 75 1
2 4 1
2 5 1
2 6 1
2 8 1
2 11 1
2 15 1
2 24 1
2 26 1
2 27 1
2 28 1
2 29 1
2 36 1
2 40 1
2 47 1
2 49 1
2 52 1
2 59 1
2 62 1
2 68 1
3 7 1
3 9 1
3 13 1
3 16 1
3 18 1
3 24 1
3 26 1
3 27 1
3 32 1
3 47 1
3 56 1
3 57 1
3 60 1
3 62 1
3 71 1
3 75 1
3 76 1
4 11 1
4 20 1
4 23 1
4 27 1
4 32 1
4 63 1
4 67 1
4 68 1
4 69 1
4 70 1
4 73 1
5 9 1
5 18 1
5 19 1
5 21 1
5 29 1
5 31 1
5 32 1
5 33 1
5 39 1
5 47 1
5 52 1
5 54 1
5 59 1
5 60 1
5 61 1
5 66 1
5 76 1
6 8 1
6 11 1
6 12 1
6 14 1
6 19 1
6 29 1
6 35 1
6 40 1
6 51 1
6 59 1
6 67 1
6 73 1
7 11 1
7 15 1
7 19 1
7 26 1
7 31 1
7 34 1
7 43 1
7 56 1
7 59 1
7 73 1
8 9 1
8 15 1
8 17 1
8 18 1
8 26 1
8 31 1
8 35 1
8 38 1
8 40 1
8 49 1
8 50 1
8 55 1
8 64 1
8 65 1
8 66 1
8 74 1
9 18 1
9 22 1
9 23 1
9 30 1
9 38 1
9 40 1
9 47 1
9 49 1
9 53 1
9 56 1
9 57 1
9 61 1
9 69 1
9 70 1
9 71 1
9 76 1
9 78 1
10 15 1
10 22 1
10 30 1
10 31 1
10 32 1
10 36 1
10 38 1
10 48 1
10 59 1
10 65 1
10 66 1
10 70 1
10 78 1
11 13 1
11 17 1
11 21 1
11 29 1
11 38 1
11 41 1
11 42 1
11 43 1
11 49 1
11 52 1
11 63 1
11 64 1
11 73 1
11 75 1
12 24 1
12 28 1
12 36 1
12 38 1
12 39 1
12 43 1
12 46 1
12 49 1
12 51 1
12 54 1
12 57 1
12 63 1
12 65 1
12 72 1
12 74 1
12 75 1
13 29 1
13 31 1
13 33 1
13 42 1
13 49 1
13 50 1
13 56 1
13 60 1
13 69 1
14 21 1
14 29 1
14 30 1
14 31 1
14 32 1
14 35 1
14 37 1
14 38 1
14 50 1
14 52 1
14 54 1
14 55 1
14 64 1
14 65 1
14 69 1
14 74 1
14 77 1
15 16 1
15 21 1
15 22 1
15 26 1
15 28 1
15 29 1
15 34 1
15 36 1
15 39 1
15 41 1
15 50 1
15 51 1
15 54 1
15 57 1
15 64 1
15 68 1
15 70 1
15 73 1
16 21 1
16 26 1
16 40 1
16 43 1
16 46 1
16 53 1
16 55 1
16 58 1
16 63 1
16 69 1
17 21 1
17 34 1
17 35 1
17 40 1
17 42 1
17 44 1
17 54 1
17 55 1
17 56 1
17 57 1
17 60 1
17 66 1
17 75 1
18 25 1
18 26 1
18 28 1
18 30 1
18 31 1
18 33 1
18 51 1
18 62 1
18 63 1
18 71 1
18 72 1
18 77 1
18 79 1
19 20 1
19 27 1
19 31 1
19 43 1
19 46 1
19 48 1
19 51 1
19 62 1
19 64 1
19 65 1
19 66 1
19 68 1
19 69 1
19 70 1
19 71 1
19 77 1
20 23 1
20 28 1
20 29 1
20 30 1
20 37 1
20 41 1
20 42 1
20 55 1
20 62 1
20 65 1
21 23 1
21 38 1
21 41 1
21 45 1
21 47 1
21 60 1
21 62 1
21 63 1
21 64 1
21 65 1
21 70 1
21 76 1
22 23 1
22 31 1
22 32 1
22 33 1
22 38 1
22 39 1
22 40 1
22 42 1
22 45 1
22 47 1
22 48 1
22 49 1
22 62 1
22 64 1
22 66 1
22 69 1
22 72 1
22 77 1
23 26 1
23 32 1
23 33 1
23 37 1
23 39 1
23 42 1
23 43 1
23 48 1
23 54 1
23 58 1
23 59 1
23 61 1
23 70 1
23 73 1
24 26 1
24 27 1
24 29 1
24 32 1
24 38 1
24 51 1
24 54 1
24 57 1
24 61 1
24 67 1
24 71 1
24 74 1
24 76 1
24 79 1
25 37 1
25 39 1
25 46 1
25 47 1
25 48 1
25 49 1
25 51 1
25 52 1
25 56 1
25 60 1
25 63 1
25 64 1
25 67 1
25 69 1
25 75 1
25 76 1
26 28 1
26 36 1
26 37 1
26 39 1
26 41 1
26 46 1
26 47 1
26 48 1
26 51 1
26 59 1
26 60 1
26 62 1
26 74 1
26 76 1
27 28 1
27 31 1
27 34 1
27 37 1
27 38 1
27 45 1
27 46 1
27 56 1
27 57 1
27 59 1
27 60 1
27 61 1
27 62 1
27 73 1
27 79 1
28 44 1
28 47 1
28 51 1
28 54 1
28 63 1
28 65 1
28 66 1
28 67 1
28 71 1
28 74 1
28 78 1
29 30 1
29 43 1
29 53 1
29 60 1
29 63 1
29 72 1
29 73 1
29 77 1
29 79 1
30 37 1
30 44 1
30 45 1
30 46 1
30 48 1
30 51 1
30 56 1
30 72 1
31 34 1
31 36 1
31 38 1
31 44 1
31 49 1
31 50 1
31 51 1
31 55 1
31 59 1
31 72 1
32 34 1
32 46 1
32 49 1
32 58 1
32 61 1
32 62 1
32 66 1
32 73 1
32 77 1
33 34 1
33 37 1
33 46 1
33 52 1
33 55 1
33 56 1
33 57 1
33 61 1
33 67 1
33 68 1
33 70 1
33 73 1
34 36 1
34 37 1
34 43 1
34 45 1
34 50 1
34 54 1
34 55 1
34 57 1
34 71 1
34 78 1
35 41 1
35 43 1
35 57 1
35 58 1
35 63 1
35 64 1
35 69 1
35 71 1
35 75 1
35 78 1
36 51 1
36 57 1
36 64 1
36 65 1
36 66 1
36 71 1
36 75 1
36 79 1
37 40 1
38 45 1
38 57 1
38 60 1
38 61 1
38 66 1
38 72 1
38 73 1
38 76 1
39 49 1
39 50 1
39 51 1
39 58 1
39 65 1
39 73 1
40 50 1
40 52 1
40 59 1
40 61 1
40 62 1
40 77 1
41 42 1
41 45 1
41 49 1
41 50 1
41 56 1
41 63 1
41 69 1
41 76 1
42 48 1
42 49 1
42 51 1
42 65 1
42 70 1
42 78 1
43 44 1
43 47 1
43 50 1
43 58 1
43 62 1
43 63 1
43 64 1
43 66 1
43 70 1
43 73 1
43 75 1
43 78 1
44 54 1
44 56 1
44 59 1
44 61 1
44 66 1
44 68 1
44 69 1
44 70 1
44 76 1
45 46 1
45 52 1
45 53 1
45 54 1
45 55 1
45 59 1
45 60 1
46 57 1
46 62 1
46 65 1
46 75 1
46 79 1
47 52 1
47 61 1
47 77 1
47 78 1
47 79 1
48 59 1
48 67 1
48 69 1
48 70 1
49 58 1
49 64 1
49 70 1
49 74 1
49 75 1
49 76 1
49 78 1
49 79 1
50 53 1
50 54 1
50 59 1
50 66 1
50 74 1
50 77 1
51 53 1
51 54 1
51 58 1
51 79 1
52 53 1
52 56 1
52 59 1
52 60 1
52 65 1
53 55 1
53 74 1
53 78 1
54 61 1
54 70 1
54 72 1
54 79 1
55 59 1
55 60 1
55 62 1
55 71 1
55 76 1
56 62 1
56 63 1
56 68 1
56 78 1
56 79 1
57 61 1
57 62 1
57 63 1
57 64 1
57 69 1
57 73 1
58 61 1
58 63 1
58 65 1
58 66 1
58 70 1
58 71 1
58 72 1
58 76 1
58 77 1
59 62 1
59 69 1
59 70 1
59 74 1
59 75 1
59 79 1
60 62 1
60 66 1
60 67 1
60 70 1
60 72 1
60 73 1
60 75 1
60 79 1
61 63 1
61 64 1
61 67 1
61 68 1
61 73 1
61 77 1
62 66 1
62 71 1
62 72 1
62 77 1
63 70 1
64 72 1
64 73 1
64 76 1
65 68 1
66 68 1
66 69 1
67 71 1
67 74 1
68 74 1
69 72 1
69 74 1
69 75 1
69 78 1
70 75 1
71 73 1
71 78 1
71 79 1
72 75 1
73 74 1
75 77 1
78 79 1
1
55 59 9 18 8 63 20 31
