487
0 4 1
0 8 1
0 9 1
0 10 1
0 11 1
0 14 1
0 17 1
0 23 1
0 27 1
0 30 1
0 31 1
0 35 1
0 49 1
0 55 1
0 57 1
1 8 1
1 9 1
1 10 1
1 11 1
1 12 1
1 16 1
1 17 1
1 18 1
1 19 1
1 20 1
1 24 1
1 29 1
1 30 1
1 32 1
1 35 1
1 38 1
1 44 1
1 52 1
1 57 1
1 58 1
2 3 1
2 7 1
2 9 1
2 10 1
2 12 1
2 15 1
2 20 1
2 21 1
2 24 1
2 38 1
2 43 1
2 51 1
2 53 1
2 54 1
2 57 1
3 7 1
3 9 1
3 11 1
3 12 1
3 14 1
3 16 1
3 20 1
3 24 1
3 25 1
3 28 1
3 36 1
3 39 1
3 44 1
3 54 1
3 55 1
4 8 1
4 12 1
4 13 1
4 15 1
4 17 1
4 20 1
4 25 1
4 30 1
4 33 1
4 40 1
4 41 1
4 42 1
4 45 1
4 48 1
4 49 1
4 51 1
4 53 1
4 55 1
4 58 1
5 8 1
5 11 1
5 12 1
5 15 1
5 18 1
5 26 1
5 29 1
5 38 1
5 40 1
5 44 1
5 53 1
5 55 1
5 57 1
6 8 1
6 11 1
6 26 1
6 27 1
6 28 1
6 30 1
6 35 1
6 39 1
6 42 1
6 44 1
6 48 1
6 57 1
6 59 1
7 13 1
7 14 1
7 20 1
7 26 1
7 30 1
7 36 1
7 38 1
7 40 1
7 48 1
7 49 1
7 57 1
7 58 1
8 9 1
8 15 1
8 16 1
8 23 1
8 24 1
8 28 1
8 32 1
8 35 1
8 37 1
8 42 1
8 52 1
8 54 1
9 10 1
9 12 1
9 13 1
9 19 1
9 24 1
9 25 1
9 27 1
9 33 1
9 37 1
9 38 1
9 41 1
9 52 1
9 57 1
9 58 1
10 16 1
10 17 1
10 22 1
10 28 1
10 32 1
10 33 1
10 38 1
10 41 1
10 47 1
10 50 1
10 51 1
10 58 1
11 18 1
11 19 1
11 20 1
11 21 1
11 28 1
11 34 1
11 35 1
11 46 1
11 47 1
11 51 1
11 55 1
11 57 1
11 58 1
11 59 1
12 14 1
12 16 1
12 17 1
12 18 1
12 19 1
12 22 1
12 25 1
12 30 1
12 32 1
12 36 1
12 38 1
12 42 1
12 49 1
12 53 1
13 19 1
13 27 1
13 28 1
13 29 1
13 31 1
13 37 1
13 51 1
13 52 1
14 15 1
14 18 1
14 19 1
14 20 1
14 30 1
14 35 1
14 36 1
14 39 1
14 44 1
14 49 1
14 51 1
14 58 1
15 21 1
15 31 1
15 33 1
15 35 1
15 37 1
15 38 1
15 47 1
15 54 1
15 56 1
16 21 1
16 22 1
16 23 1
16 26 1
16 28 1
16 30 1
16 33 1
16 36 1
16 37 1
16 43 1
16 51 1
16 52 1
16 56 1
16 57 1
17 28 1
17 31 1
17 33 1
17 34 1
17 37 1
17 41 1
17 46 1
17 48 1
17 57 1
18 20 1
18 23 1
18 24 1
18 27 1
18 29 1
18 42 1
18 46 1
18 51 1
18 57 1
19 21 1
19 22 1
19 25 1
19 29 1
19 41 1
19 46 1
19 52 1
19 53 1
19 57 1
19 59 1
20 21 1
20 28 1
20 29 1
20 30 1
20 32 1
20 35 1
20 36 1
20 37 1
20 39 1
20 41 1
20 44 1
20 45 1
20 46 1
20 47 1
20 48 1
20 49 1
21 24 1
21 30 1
21 35 1
21 47 1
21 51 1
21 52 1
21 55 1
21 57 1
22 23 1
22 29 1
22 40 1
22 43 1
22 44 1
22 47 1
22 48 1
22 51 1
22 53 1
22 55 1
22 58 1
23 27 1
23 31 1
23 32 1
23 35 1
23 38 1
23 39 1
23 42 1
23 45 1
23 46 1
23 47 1
23 50 1
23 54 1
23 55 1
23 57 1
23 58 1
24 25 1
24 28 1
24 31 1
24 34 1
24 35 1
24 40 1
24 45 1
24 47 1
24 49 1
24 51 1
24 53 1
24 57 1
25 29 1
25 32 1
25 35 1
25 36 1
25 57 1
25 58 1
25 59 1
26 29 1
26 30 1
26 32 1
26 34 1
26 36 1
26 47 1
26 50 1
26 51 1
26 54 1
26 55 1
26 56 1
26 58 1
27 32 1
27 35 1
27 40 1
27 41 1
27 43 1
27 50 1
27 51 1
27 54 1
27 56 1
27 57 1
28 29 1
28 36 1
28 42 1
28 43 1
28 49 1
28 50 1
28 52 1
28 59 1
29 36 1
29 43 1
29 45 1
29 46 1
29 47 1
29 49 1
29 53 1
29 57 1
30 36 1
30 38 1
30 39 1
30 41 1
30 43 1
30 46 1
30 50 1
30 52 1
30 53 1
30 55 1
30 57 1
31 32 1
31 34 1
31 41 1
31 47 1
31 48 1
32 39 1
32 40 1
32 45 1
32 48 1
32 49 1
33 36 1
33 37 1
33 38 1
33 39 1
33 40 1
33 47 1
33 48 1
33 49 1
33 50 1
33 55 1
33 58 1
34 40 1
34 46 1
34 54 1
34 57 1
34 59 1
35 37 1
35 40 1
35 41 1
35 46 1
35 47 1
35 51 1
35 58 1
35 59 1
36 37 1
36 44 1
36 48 1
36 50 1
37 40 1
37 42 1
37 43 1
37 49 1
37 50 1
37 52 1
37 54 1
38 45 1
38 46 1
38 49 1
38 51 1
39 57 1
40 41 1
40 43 1
40 45 1
40 49 1
40 55 1
40 58 1
40 59 1
41 46 1
41 52 1
41 54 1
41 55 1
41 58 1
42 45 1
42 48 1
42 55 1
42 58 1
43 50 1
43 52 1
43 53 1
43 54 1
43 55 1
44 49 1
44 58 1
45 48 1
45 52 1
45 55 1
46 48 1
46 51 1
46 52 1
46 53 1
46 54 1
46 57 1
47 52 1
47 55 1
47 56 1
47 57 1
47 58 1
48 49 1
48 50 1
49 50 1
49 52 1
49 53 1
49 54 1
49 55 1
49 56 1
50 51 1
50 52 1
50 55 1
50 57 1
51 56 1
52 53 1
52 54 1
53 54 1
53 56 1
53 58 1
53 59 1
54 57 1
57 58 1
57 59 1
58 59 1
1
22 18 58 45 10 33
