1124
0 1 1
0 7 1
0 17 1
0 22 1
0 24 1
0 26 1
0 29 1
0 38 1
0 41 1
0 47 1
0 65 1
0 70 1
0 79 1
0 80 1
0 81 1
0 86 1
0 94 1
0 99 1
0 102 1
0 108 1
0 110 1
0 115 1
1 5 1
1 12 1
1 16 1
1 20 1
1 21 1
1 31 1
1 47 1
1 55 1
1 65 1
1 80 1
1 82 1
1 86 1
1 89 1
1 90 1
1 93 1
1 101 1
1 110 1
2 7 1
2 11 1
2 13 1
2 22 1
2 24 1
2 25 1
2 29 1
2 34 1
2 42 1
2 48 1
2 53 1
2 55 1
2 58 1
2 64 1
2 66 1
2 79 1
2 86 1
2 88 1
2 96 1
2 105 1
2 109 1
3 4 1
3 8 1
3 15 1
3 17 1
3 21 1
3 22 1
3 33 1
3 51 1
3 54 1
3 80 1
3 88 1
3 97 1
3 102 1
4 8 1
4 11 1
4 14 1
4 27 1
4 29 1
4 43 1
4 49 1
4 51 1
4 55 1
4 58 1
4 66 1
4 73 1
4 80 1
4 84 1
4 95 1
4 103 1
4 105 1
5 12 1
5 16 1
5 23 1
5 30 1
5 34 1
5 36 1
5 37 1
5 42 1
5 49 1
5 50 1
5 51 1
5 61 1
5 68 1
5 69 1
5 88 1
5 89 1
5 92 1
5 95 1
5 99 1
5 106 1
5 110 1
5 114 1
6 10 1
6 16 1
6 19 1
6 22 1
6 24 1
6 25 1
6 27 1
6 29 1
6 37 1
6 52 1
6 59 1
6 65 1
6 68 1
6 72 1
6 73 1
6 77 1
6 85 1
6 86 1
6 90 1
6 91 1
6 96 1
6 97 1
6 98 1
6 106 1
6 108 1
6 116 1
6 119 1
7 12 1
7 17 1
7 22 1
7 25 1
7 37 1
7 39 1
7 59 1
7 81 1
7 95 1
7 99 1
7 101 1
7 103 1
7 110 1
7 115 1
7 116 1
8 9 1
8 10 1
8 12 1
8 24 1
8 30 1
8 33 1
8 36 1
8 44 1
8 48 1
8 53 1
8 61 1
8 65 1
8 72 1
8 84 1
8 91 1
8 104 1
8 110 1
9 11 1
9 13 1
9 16 1
9 24 1
9 28 1
9 36 1
9 41 1
9 45 1
9 54 1
9 55 1
9 64 1
9 72 1
9 78 1
9 79 1
9 88 1
9 91 1
9 102 1
9 108 1
9 114 1
9 118 1
10 22 1
10 23 1
10 31 1
10 51 1
10 53 1
10 70 1
10 82 1
10 93 1
10 109 1
10 112 1
10 113 1
10 115 1
11 12 1
11 14 1
11 22 1
11 31 1
11 32 1
11 36 1
11 42 1
11 53 1
11 58 1
11 63 1
11 68 1
11 77 1
11 87 1
11 93 1
11 95 1
11 97 1
11 99 1
11 106 1
11 116 1
12 18 1
12 26 1
12 28 1
12 39 1
12 44 1
12 46 1
12 51 1
12 54 1
12 60 1
12 61 1
12 84 1
12 88 1
12 95 1
12 99 1
12 112 1
12 114 1
13 18 1
13 19 1
13 34 1
13 37 1
13 45 1
13 55 1
13 60 1
13 66 1
13 70 1
13 71 1
13 72 1
13 74 1
13 75 1
13 84 1
13 85 1
13 88 1
13 94 1
13 98 1
13 102 1
13 108 1
13 110 1
13 112 1
13 117 1
13 118 1
14 21 1
14 29 1
14 32 1
14 37 1
14 46 1
14 52 1
14 53 1
14 57 1
14 62 1
14 66 1
14 83 1
14 86 1
14 87 1
14 92 1
14 107 1
14 108 1
15 29 1
15 40 1
15 42 1
15 51 1
15 54 1
15 58 1
15 79 1
15 100 1
15 101 1
15 102 1
15 105 1
15 106 1
15 107 1
15 115 1
16 30 1
16 34 1
16 41 1
16 55 1
16 57 1
16 59 1
16 65 1
16 83 1
16 89 1
16 106 1
17 18 1
17 37 1
17 41 1
17 46 1
17 48 1
17 52 1
17 55 1
17 61 1
17 62 1
17 84 1
17 90 1
17 112 1
18 21 1
18 42 1
18 43 1
18 45 1
18 51 1
18 66 1
18 77 1
18 83 1
18 85 1
18 88 1
18 91 1
18 105 1
18 108 1
18 119 1
19 21 1
19 26 1
19 28 1
19 30 1
19 31 1
19 42 1
19 43 1
19 55 1
19 66 1
19 68 1
19 71 1
19 75 1
19 84 1
19 85 1
19 86 1
19 100 1
19 116 1
19 119 1
20 23 1
20 29 1
20 59 1
20 73 1
20 77 1
20 83 1
20 87 1
20 93 1
20 107 1
20 112 1
21 26 1
21 29 1
21 33 1
21 45 1
21 57 1
21 77 1
21 85 1
21 88 1
21 105 1
21 107 1
21 112 1
21 118 1
22 25 1
22 30 1
22 54 1
22 71 1
22 88 1
22 89 1
22 95 1
22 99 1
22 104 1
22 112 1
22 119 1
23 25 1
23 28 1
23 35 1
23 38 1
23 41 1
23 60 1
23 73 1
23 74 1
23 75 1
23 84 1
23 92 1
23 102 1
23 110 1
23 111 1
23 117 1
24 29 1
24 37 1
24 42 1
24 46 1
24 67 1
24 68 1
24 69 1
24 73 1
24 77 1
24 83 1
24 85 1
24 98 1
24 110 1
25 35 1
25 38 1
25 55 1
25 58 1
25 64 1
25 66 1
25 75 1
25 79 1
25 85 1
25 86 1
25 89 1
25 103 1
25 106 1
25 117 1
26 28 1
26 39 1
26 41 1
26 42 1
26 58 1
26 59 1
26 78 1
26 87 1
26 92 1
26 96 1
26 101 1
26 105 1
26 106 1
27 39 1
27 47 1
27 53 1
27 62 1
27 64 1
27 67 1
27 68 1
27 71 1
27 82 1
27 88 1
27 99 1
27 103 1
27 106 1
28 30 1
28 48 1
28 52 1
28 64 1
28 66 1
28 69 1
28 76 1
28 83 1
28 86 1
28 92 1
28 101 1
28 103 1
28 105 1
28 114 1
28 118 1
29 36 1
29 46 1
29 62 1
29 63 1
29 64 1
29 66 1
29 68 1
29 69 1
29 70 1
29 77 1
29 81 1
29 82 1
29 85 1
29 86 1
29 91 1
29 110 1
29 114 1
29 119 1
30 31 1
30 32 1
30 34 1
30 44 1
30 50 1
30 51 1
30 59 1
30 64 1
30 65 1
30 70 1
30 73 1
30 79 1
30 105 1
30 110 1
30 118 1
31 33 1
31 38 1
31 39 1
31 42 1
31 46 1
31 58 1
31 61 1
31 62 1
31 64 1
31 69 1
31 70 1
31 73 1
31 95 1
31 96 1
31 98 1
31 99 1
31 103 1
31 117 1
32 35 1
32 39 1
32 46 1
32 53 1
32 54 1
32 58 1
32 63 1
32 88 1
32 94 1
32 96 1
32 110 1
32 114 1
32 115 1
33 37 1
33 40 1
33 45 1
33 46 1
33 51 1
33 52 1
33 53 1
33 54 1
33 58 1
33 59 1
33 71 1
33 88 1
33 113 1
33 119 1
34 43 1
34 45 1
34 49 1
34 53 1
34 55 1
34 56 1
34 57 1
34 64 1
34 79 1
34 86 1
34 88 1
34 96 1
34 98 1
34 106 1
34 108 1
34 111 1
35 47 1
35 51 1
35 58 1
35 62 1
35 63 1
35 66 1
35 67 1
35 70 1
35 72 1
35 96 1
35 110 1
35 111 1
36 37 1
36 41 1
36 42 1
36 43 1
36 54 1
36 56 1
36 63 1
36 65 1
36 67 1
36 76 1
36 82 1
36 106 1
36 113 1
37 40 1
37 41 1
37 44 1
37 49 1
37 63 1
37 74 1
37 75 1
37 77 1
37 81 1
37 84 1
37 92 1
37 96 1
37 97 1
37 106 1
37 111 1
37 114 1
38 53 1
38 58 1
38 66 1
38 67 1
38 69 1
38 74 1
38 83 1
38 84 1
38 91 1
38 96 1
38 101 1
38 103 1
38 106 1
38 119 1
39 49 1
39 60 1
39 62 1
39 68 1
39 69 1
39 73 1
39 81 1
39 86 1
39 89 1
39 91 1
39 100 1
39 101 1
39 105 1
39 107 1
39 109 1
39 115 1
40 48 1
40 51 1
40 52 1
40 55 1
40 65 1
40 67 1
40 81 1
40 86 1
40 87 1
40 90 1
40 97 1
40 105 1
41 46 1
41 53 1
41 62 1
41 64 1
41 70 1
41 77 1
41 82 1
41 85 1
41 86 1
41 89 1
41 92 1
41 96 1
41 97 1
41 102 1
41 103 1
41 106 1
41 111 1
41 114 1
42 53 1
42 54 1
42 66 1
42 67 1
42 96 1
42 105 1
42 106 1
42 112 1
42 119 1
43 45 1
43 50 1
43 57 1
43 63 1
43 75 1
43 79 1
43 95 1
43 98 1
43 102 1
43 103 1
43 106 1
43 107 1
43 111 1
44 52 1
44 56 1
44 58 1
44 72 1
44 93 1
45 46 1
45 48 1
45 55 1
45 57 1
45 62 1
45 73 1
45 84 1
45 92 1
45 95 1
45 101 1
45 108 1
45 112 1
45 113 1
45 114 1
46 47 1
46 48 1
46 50 1
46 64 1
46 70 1
46 76 1
46 77 1
46 79 1
46 105 1
47 48 1
47 53 1
47 77 1
47 83 1
47 106 1
47 107 1
47 108 1
47 110 1
47 114 1
48 49 1
48 60 1
48 61 1
48 78 1
48 92 1
48 118 1
49 50 1
49 51 1
49 52 1
49 60 1
49 67 1
49 72 1
49 81 1
49 88 1
49 92 1
49 93 1
49 100 1
50 51 1
50 52 1
50 83 1
50 87 1
50 93 1
50 97 1
50 101 1
50 102 1
50 108 1
50 113 1
50 114 1
51 56 1
51 61 1
51 79 1
51 94 1
51 95 1
51 105 1
51 106 1
51 114 1
51 118 1
52 53 1
52 64 1
52 70 1
52 75 1
52 78 1
52 83 1
52 86 1
52 89 1
52 104 1
52 116 1
53 59 1
53 60 1
53 61 1
53 65 1
53 66 1
53 80 1
53 83 1
53 89 1
53 92 1
53 100 1
53 109 1
53 115 1
54 57 1
54 62 1
54 63 1
54 68 1
54 76 1
54 84 1
54 86 1
54 89 1
54 90 1
54 104 1
54 107 1
54 117 1
54 118 1
54 119 1
55 58 1
55 66 1
55 86 1
55 90 1
55 92 1
55 94 1
55 100 1
55 107 1
55 110 1
55 117 1
56 69 1
56 74 1
56 75 1
56 77 1
56 86 1
56 88 1
56 98 1
56 104 1
56 108 1
57 77 1
57 79 1
57 82 1
57 83 1
57 87 1
57 91 1
57 96 1
57 103 1
57 105 1
57 116 1
58 63 1
58 69 1
58 74 1
58 77 1
58 84 1
58 89 1
58 93 1
58 104 1
58 111 1
58 113 1
58 114 1
59 60 1
59 69 1
59 71 1
59 73 1
59 77 1
59 89 1
59 103 1
59 110 1
59 116 1
60 63 1
60 69 1
60 70 1
60 77 1
60 90 1
60 107 1
60 108 1
60 112 1
60 113 1
61 63 1
61 64 1
61 81 1
61 90 1
61 92 1
61 96 1
61 98 1
61 110 1
61 111 1
61 114 1
61 118 1
62 71 1
62 73 1
62 76 1
62 92 1
62 94 1
62 99 1
62 105 1
62 108 1
62 118 1
63 92 1
63 97 1
63 99 1
64 69 1
64 84 1
64 86 1
64 91 1
64 95 1
64 101 1
65 66 1
65 90 1
65 91 1
65 105 1
65 106 1
65 107 1
65 110 1
65 114 1
66 71 1
66 81 1
66 85 1
66 91 1
66 93 1
66 100 1
66 112 1
67 69 1
67 73 1
67 74 1
67 81 1
67 83 1
67 93 1
67 94 1
67 99 1
67 103 1
67 107 1
67 109 1
67 115 1
67 119 1
68 73 1
68 75 1
68 84 1
68 87 1
68 90 1
68 94 1
68 101 1
68 106 1
69 70 1
69 73 1
69 76 1
69 82 1
69 91 1
69 92 1
69 93 1
69 95 1
69 100 1
69 106 1
69 116 1
69 117 1
70 74 1
70 84 1
70 86 1
70 103 1
70 104 1
70 105 1
70 115 1
71 76 1
71 86 1
71 97 1
71 107 1
71 108 1
71 113 1
72 99 1
72 110 1
72 111 1
72 118 1
73 79 1
73 80 1
73 90 1
73 93 1
73 99 1
73 100 1
73 102 1
73 111 1
73 117 1
74 81 1
74 82 1
74 85 1
74 94 1
74 95 1
74 97 1
74 110 1
74 119 1
75 77 1
75 79 1
75 81 1
75 84 1
75 101 1
75 103 1
75 105 1
75 107 1
75 113 1
75 116 1
76 92 1
76 104 1
76 105 1
76 114 1
76 119 1
77 86 1
77 93 1
77 95 1
77 101 1
77 106 1
77 108 1
77 116 1
78 93 1
78 95 1
78 101 1
78 102 1
78 105 1
78 111 1
78 113 1
78 116 1
78 118 1
79 80 1
79 86 1
79 89 1
79 119 1
80 82 1
80 93 1
80 95 1
80 114 1
80 116 1
81 84 1
81 94 1
81 101 1
81 104 1
81 106 1
81 109 1
82 85 1
82 90 1
82 91 1
82 93 1
82 99 1
82 104 1
82 106 1
82 107 1
83 95 1
83 97 1
83 99 1
83 105 1
83 111 1
83 119 1
84 85 1
84 88 1
84 90 1
84 92 1
84 99 1
84 106 1
84 108 1
85 87 1
85 90 1
85 91 1
85 95 1
85 96 1
85 98 1
85 100 1
85 109 1
85 111 1
85 112 1
85 119 1
86 87 1
86 88 1
86 90 1
86 101 1
86 105 1
86 106 1
87 89 1
87 90 1
87 92 1
87 93 1
87 95 1
87 97 1
87 100 1
87 109 1
88 98 1
88 102 1
88 110 1
88 114 1
88 119 1
89 103 1
90 99 1
90 100 1
90 106 1
90 107 1
90 109 1
90 113 1
91 103 1
91 112 1
91 116 1
91 119 1
92 102 1
92 114 1
92 115 1
92 116 1
93 103 1
93 105 1
93 110 1
93 113 1
94 101 1
94 114 1
94 119 1
95 106 1
95 107 1
95 109 1
96 101 1
96 119 1
97 98 1
97 111 1
98 99 1
98 102 1
98 105 1
98 106 1
98 118 1
98 119 1
99 104 1
99 116 1
100 102 1
100 103 1
101 102 1
101 114 1
101 116 1
101 117 1
101 118 1
102 116 1
102 118 1
103 104 1
103 114 1
104 107 1
104 111 1
105 106 1
105 108 1
105 110 1
105 114 1
106 119 1
107 113 1
107 117 1
108 116 1
109 117 1
110 114 1
110 119 1
111 114 1
111 119 1
112 117 1
113 117 1
113 118 1
114 119 1
116 117 1
117 119 1
1
106 49 108 98 94 16 110 35 37 10 5 65
