2002
0 5 1
0 7 1
0 41 1
0 60 1
0 69 1
0 83 1
0 107 1
0 111 1
0 120 1
0 121 1
0 125 1
0 133 1
0 138 1
0 142 1
0 144 1
0 152 1
0 157 1
0 174 1
0 180 1
0 182 1
1 8 1
1 14 1
1 30 1
1 47 1
1 55 1
1 75 1
1 82 1
1 98 1
1 103 1
1 104 1
1 112 1
1 115 1
1 131 1
1 139 1
1 158 1
1 162 1
1 170 1
1 179 1
1 186 1
2 16 1
2 28 1
2 31 1
2 41 1
2 56 1
2 57 1
2 61 1
2 71 1
2 79 1
2 84 1
2 85 1
2 91 1
2 105 1
2 109 1
2 114 1
2 120 1
2 125 1
2 145 1
2 146 1
2 177 1
2 187 1
3 10 1
3 18 1
3 19 1
3 36 1
3 39 1
3 58 1
3 67 1
3 69 1
3 71 1
3 82 1
3 91 1
3 92 1
3 94 1
3 101 1
3 122 1
3 133 1
3 137 1
3 143 1
3 153 1
3 178 1
4 14 1
4 21 1
4 45 1
4 49 1
4 56 1
4 66 1
4 82 1
4 94 1
4 118 1
4 124 1
4 132 1
4 138 1
4 140 1
4 158 1
4 185 1
4 187 1
5 20 1
5 34 1
5 45 1
5 46 1
5 60 1
5 61 1
5 79 1
5 81 1
5 82 1
5 87 1
5 94 1
5 99 1
5 105 1
5 122 1
5 128 1
5 141 1
5 151 1
5 160 1
5 162 1
5 167 1
5 174 1
6 13 1
6 32 1
6 53 1
6 59 1
6 78 1
6 81 1
6 93 1
6 96 1
6 113 1
6 121 1
6 127 1
6 136 1
6 139 1
6 144 1
6 147 1
6 158 1
6 166 1
6 167 1
6 173 1
6 177 1
6 178 1
6 186 1
7 18 1
7 25 1
7 43 1
7 56 1
7 68 1
7 70 1
7 106 1
7 144 1
7 152 1
7 156 1
7 187 1
7 189 1
8 11 1
8 12 1
8 27 1
8 28 1
8 29 1
8 63 1
8 77 1
8 81 1
8 85 1
8 91 1
8 99 1
8 103 1
8 125 1
8 141 1
8 148 1
8 163 1
8 172 1
8 173 1
9 16 1
9 19 1
9 31 1
9 39 1
9 78 1
9 88 1
9 89 1
9 92 1
9 97 1
9 102 1
9 125 1
9 130 1
9 152 1
9 160 1
9 175 1
10 18 1
10 20 1
10 48 1
10 50 1
10 55 1
10 67 1
10 73 1
10 83 1
10 88 1
10 106 1
10 114 1
10 119 1
10 126 1
10 128 1
10 158 1
10 169 1
10 172 1
10 175 1
10 179 1
10 184 1
10 188 1
11 24 1
11 32 1
11 38 1
11 81 1
11 85 1
11 92 1
11 97 1
11 102 1
11 114 1
11 121 1
11 128 1
11 135 1
11 146 1
11 150 1
11 153 1
11 172 1
11 181 1
12 13 1
12 17 1
12 30 1
12 35 1
12 38 1
12 57 1
12 66 1
12 70 1
12 83 1
12 84 1
12 87 1
12 89 1
12 92 1
12 100 1
12 114 1
12 123 1
12 135 1
12 147 1
12 159 1
12 176 1
12 181 1
12 184 1
12 186 1
13 14 1
13 19 1
13 26 1
13 31 1
13 37 1
13 48 1
13 52 1
13 68 1
13 71 1
13 72 1
13 79 1
13 95 1
13 97 1
13 100 1
13 116 1
13 120 1
13 123 1
13 126 1
13 127 1
13 133 1
13 135 1
13 142 1
13 157 1
13 164 1
13 167 1
13 179 1
13 188 1
14 21 1
14 24 1
14 28 1
14 29 1
14 37 1
14 57 1
14 59 1
14 78 1
14 83 1
14 87 1
14 100 1
14 103 1
14 113 1
14 122 1
14 132 1
15 21 1
15 43 1
15 59 1
15 64 1
15 69 1
15 71 1
15 72 1
15 73 1
15 85 1
15 86 1
15 95 1
15 111 1
15 112 1
15 130 1
15 134 1
15 136 1
15 150 1
15 151 1
15 155 1
15 162 1
15 169 1
15 184 1
16 17 1
16 18 1
16 26 1
16 28 1
16 36 1
16 37 1
16 39 1
16 41 1
16 60 1
16 85 1
16 89 1
16 91 1
16 94 1
16 103 1
16 104 1
16 109 1
16 118 1
16 147 1
16 150 1
16 153 1
16 161 1
16 176 1
17 43 1
17 47 1
17 50 1
17 51 1
17 56 1
17 61 1
17 73 1
17 76 1
17 83 1
17 93 1
17 95 1
17 100 1
17 109 1
17 112 1
17 113 1
17 124 1
17 127 1
17 143 1
17 148 1
17 152 1
17 159 1
17 161 1
17 183 1
17 185 1
18 31 1
18 49 1
18 57 1
18 61 1
18 73 1
18 78 1
18 82 1
18 88 1
18 89 1
18 96 1
18 102 1
18 115 1
18 120 1
18 132 1
18 139 1
18 140 1
18 143 1
18 145 1
18 156 1
18 159 1
18 164 1
18 178 1
19 33 1
19 39 1
19 53 1
19 93 1
19 100 1
19 109 1
19 113 1
19 122 1
19 130 1
19 135 1
19 140 1
19 141 1
19 146 1
19 148 1
19 151 1
19 157 1
19 167 1
19 177 1
19 187 1
20 31 1
20 37 1
20 38 1
20 54 1
20 61 1
20 66 1
20 77 1
20 89 1
20 91 1
20 98 1
20 111 1
20 121 1
20 123 1
20 133 1
20 134 1
20 139 1
20 154 1
20 156 1
20 162 1
20 171 1
20 179 1
21 22 1
21 24 1
21 46 1
21 51 1
21 59 1
21 76 1
21 82 1
21 85 1
21 93 1
21 105 1
21 107 1
21 108 1
21 125 1
21 129 1
21 130 1
21 137 1
21 138 1
21 140 1
21 148 1
21 153 1
21 163 1
21 183 1
21 186 1
22 25 1
22 30 1
22 37 1
22 43 1
22 51 1
22 65 1
22 90 1
22 103 1
22 115 1
22 116 1
22 117 1
22 120 1
22 128 1
22 139 1
22 148 1
22 164 1
22 168 1
22 173 1
22 176 1
22 182 1
23 28 1
23 30 1
23 52 1
23 71 1
23 82 1
23 89 1
23 101 1
23 107 1
23 109 1
23 136 1
23 140 1
23 158 1
23 168 1
23 172 1
24 34 1
24 43 1
24 50 1
24 65 1
24 70 1
24 76 1
24 80 1
24 93 1
24 96 1
24 98 1
24 106 1
24 108 1
24 115 1
24 129 1
24 136 1
24 141 1
24 150 1
24 152 1
24 154 1
24 162 1
24 167 1
24 168 1
24 181 1
24 187 1
24 188 1
24 189 1
25 26 1
25 34 1
25 40 1
25 53 1
25 58 1
25 67 1
25 83 1
25 96 1
25 108 1
25 141 1
25 150 1
25 163 1
25 167 1
25 173 1
26 48 1
26 58 1
26 61 1
26 65 1
26 67 1
26 70 1
26 84 1
26 93 1
26 97 1
26 100 1
26 104 1
26 113 1
26 120 1
26 159 1
26 181 1
26 184 1
27 46 1
27 50 1
27 55 1
27 81 1
27 84 1
27 89 1
27 92 1
27 127 1
27 132 1
27 133 1
27 160 1
27 168 1
27 188 1
28 41 1
28 46 1
28 52 1
28 73 1
28 74 1
28 78 1
28 79 1
28 95 1
28 99 1
28 101 1
28 102 1
28 104 1
28 105 1
28 121 1
28 145 1
28 174 1
28 178 1
28 180 1
28 185 1
29 38 1
29 40 1
29 44 1
29 62 1
29 74 1
29 80 1
29 88 1
29 90 1
29 93 1
29 96 1
29 99 1
29 100 1
29 108 1
29 109 1
29 125 1
29 127 1
29 132 1
29 136 1
29 152 1
29 161 1
29 166 1
29 178 1
29 181 1
30 52 1
30 68 1
30 74 1
30 78 1
30 94 1
30 96 1
30 98 1
30 100 1
30 128 1
30 137 1
30 141 1
30 149 1
30 153 1
30 156 1
30 170 1
31 35 1
31 36 1
31 46 1
31 54 1
31 55 1
31 57 1
31 60 1
31 62 1
31 73 1
31 83 1
31 102 1
31 121 1
31 123 1
31 143 1
31 159 1
31 164 1
31 172 1
31 174 1
31 175 1
31 181 1
32 41 1
32 53 1
32 56 1
32 59 1
32 60 1
32 64 1
32 71 1
32 74 1
32 77 1
32 81 1
32 84 1
32 89 1
32 103 1
32 110 1
32 135 1
32 140 1
32 146 1
32 162 1
33 69 1
33 70 1
33 76 1
33 77 1
33 80 1
33 82 1
33 94 1
33 110 1
33 123 1
33 125 1
33 129 1
33 130 1
33 136 1
33 143 1
33 144 1
33 145 1
33 150 1
33 153 1
33 177 1
33 178 1
34 36 1
34 50 1
34 57 1
34 59 1
34 60 1
34 66 1
34 87 1
34 99 1
34 101 1
34 106 1
34 114 1
34 115 1
34 120 1
34 123 1
34 136 1
34 139 1
34 141 1
34 148 1
34 170 1
34 173 1
34 176 1
34 178 1
34 188 1
35 40 1
35 41 1
35 42 1
35 57 1
35 71 1
35 72 1
35 76 1
35 94 1
35 100 1
35 114 1
35 120 1
35 123 1
35 143 1
35 144 1
35 152 1
35 156 1
35 164 1
35 170 1
35 171 1
36 55 1
36 70 1
36 77 1
36 78 1
36 97 1
36 99 1
36 110 1
36 117 1
36 119 1
36 120 1
36 127 1
36 135 1
36 136 1
36 147 1
36 149 1
36 155 1
36 156 1
36 159 1
36 164 1
36 167 1
36 184 1
37 39 1
37 43 1
37 49 1
37 57 1
37 87 1
37 106 1
37 107 1
37 136 1
37 144 1
37 146 1
37 148 1
37 159 1
37 163 1
37 177 1
37 182 1
37 185 1
37 187 1
38 44 1
38 63 1
38 64 1
38 69 1
38 75 1
38 92 1
38 95 1
38 105 1
38 108 1
38 116 1
38 119 1
38 120 1
38 124 1
38 138 1
38 144 1
38 150 1
38 152 1
38 162 1
38 163 1
38 164 1
38 179 1
39 44 1
39 45 1
39 47 1
39 63 1
39 65 1
39 71 1
39 74 1
39 86 1
39 92 1
39 93 1
39 98 1
39 115 1
39 124 1
39 135 1
39 156 1
39 157 1
39 168 1
39 170 1
40 47 1
40 59 1
40 74 1
40 82 1
40 97 1
40 123 1
40 134 1
40 142 1
40 151 1
40 155 1
40 163 1
40 166 1
40 172 1
40 181 1
40 186 1
41 45 1
41 53 1
41 57 1
41 69 1
41 71 1
41 76 1
41 88 1
41 124 1
41 130 1
41 151 1
41 162 1
41 175 1
41 186 1
42 43 1
42 53 1
42 55 1
42 65 1
42 66 1
42 75 1
42 81 1
42 94 1
42 105 1
42 113 1
42 126 1
42 142 1
42 143 1
42 158 1
42 170 1
42 173 1
42 174 1
42 176 1
42 182 1
42 187 1
42 188 1
43 50 1
43 51 1
43 53 1
43 62 1
43 69 1
43 74 1
43 78 1
43 79 1
43 83 1
43 84 1
43 88 1
43 106 1
43 121 1
43 123 1
43 129 1
43 132 1
43 141 1
43 142 1
43 166 1
43 167 1
43 172 1
43 179 1
43 180 1
43 182 1
43 189 1
44 45 1
44 55 1
44 56 1
44 57 1
44 67 1
44 76 1
44 82 1
44 83 1
44 120 1
44 124 1
44 132 1
44 135 1
44 136 1
44 138 1
44 139 1
44 146 1
44 151 1
44 156 1
44 172 1
44 174 1
44 177 1
45 46 1
45 55 1
45 57 1
45 66 1
45 74 1
45 75 1
45 108 1
45 110 1
45 121 1
45 149 1
45 153 1
45 157 1
45 162 1
45 167 1
45 168 1
45 183 1
46 67 1
46 69 1
46 77 1
46 79 1
46 88 1
46 91 1
46 102 1
46 107 1
46 109 1
46 124 1
46 128 1
46 131 1
46 132 1
46 167 1
46 169 1
46 173 1
47 49 1
47 56 1
47 61 1
47 69 1
47 85 1
47 87 1
47 89 1
47 94 1
47 96 1
47 116 1
47 117 1
47 124 1
47 127 1
47 131 1
47 132 1
47 133 1
48 51 1
48 53 1
48 55 1
48 78 1
48 81 1
48 85 1
48 92 1
48 98 1
48 107 1
48 108 1
48 110 1
48 113 1
48 128 1
48 149 1
48 151 1
48 155 1
49 63 1
49 67 1
49 69 1
49 77 1
49 91 1
49 93 1
49 110 1
49 118 1
49 124 1
49 132 1
49 135 1
49 158 1
49 168 1
49 172 1
49 174 1
50 53 1
50 65 1
50 81 1
50 93 1
50 95 1
50 109 1
50 112 1
50 129 1
50 145 1
50 183 1
51 61 1
51 63 1
51 64 1
51 67 1
51 68 1
51 77 1
51 78 1
51 83 1
51 85 1
51 95 1
51 96 1
51 97 1
51 103 1
51 104 1
51 105 1
51 112 1
51 134 1
51 142 1
51 143 1
51 146 1
51 149 1
51 169 1
52 53 1
52 62 1
52 69 1
52 76 1
52 83 1
52 86 1
52 87 1
52 94 1
52 95 1
52 104 1
52 105 1
52 122 1
52 125 1
52 150 1
52 160 1
52 162 1
52 165 1
52 166 1
52 189 1
53 54 1
53 86 1
53 98 1
53 100 1
53 113 1
53 117 1
53 119 1
53 120 1
53 131 1
53 133 1
53 147 1
53 151 1
53 160 1
53 163 1
53 167 1
53 168 1
53 175 1
53 182 1
53 187 1
54 71 1
54 90 1
54 98 1
54 105 1
54 108 1
54 114 1
54 131 1
54 135 1
54 152 1
54 154 1
54 182 1
54 187 1
54 189 1
55 72 1
55 97 1
55 109 1
55 131 1
55 151 1
55 168 1
55 170 1
55 181 1
55 186 1
56 63 1
56 64 1
56 67 1
56 80 1
56 96 1
56 100 1
56 121 1
56 123 1
56 162 1
56 171 1
56 176 1
57 63 1
57 67 1
57 70 1
57 75 1
57 96 1
57 114 1
57 118 1
57 122 1
57 123 1
57 135 1
57 138 1
57 148 1
57 160 1
57 164 1
57 174 1
57 177 1
57 181 1
58 62 1
58 65 1
58 74 1
58 78 1
58 81 1
58 96 1
58 110 1
58 112 1
58 118 1
58 121 1
58 137 1
58 141 1
58 145 1
58 183 1
59 79 1
59 91 1
59 95 1
59 126 1
59 127 1
59 128 1
59 145 1
59 153 1
59 157 1
60 63 1
60 76 1
60 87 1
60 99 1
60 101 1
60 110 1
60 121 1
60 131 1
60 148 1
60 164 1
60 167 1
60 171 1
61 64 1
61 70 1
61 72 1
61 82 1
61 87 1
61 103 1
61 113 1
61 118 1
61 121 1
61 128 1
61 129 1
61 132 1
61 136 1
61 149 1
61 162 1
61 169 1
61 172 1
61 186 1
62 74 1
62 85 1
62 91 1
62 100 1
62 102 1
62 121 1
62 124 1
62 134 1
62 170 1
62 171 1
62 177 1
63 80 1
63 112 1
63 120 1
63 131 1
63 133 1
63 141 1
63 154 1
63 179 1
63 185 1
64 85 1
64 112 1
64 124 1
64 139 1
64 150 1
64 158 1
64 173 1
65 68 1
65 76 1
65 84 1
65 89 1
65 97 1
65 98 1
65 102 1
65 115 1
65 127 1
65 138 1
65 139 1
65 158 1
65 162 1
66 73 1
66 75 1
66 86 1
66 95 1
66 101 1
66 102 1
66 107 1
66 130 1
66 131 1
66 151 1
66 161 1
66 167 1
66 170 1
66 173 1
66 186 1
67 88 1
67 91 1
67 94 1
67 105 1
67 110 1
67 112 1
67 126 1
67 165 1
67 175 1
67 177 1
67 179 1
67 187 1
68 71 1
68 72 1
68 87 1
68 88 1
68 101 1
68 111 1
68 119 1
68 122 1
68 139 1
68 141 1
68 162 1
68 163 1
68 166 1
68 171 1
68 174 1
69 104 1
69 110 1
69 119 1
69 161 1
69 165 1
69 172 1
69 175 1
69 180 1
70 71 1
70 75 1
70 77 1
70 86 1
70 106 1
70 108 1
70 113 1
70 120 1
70 141 1
70 147 1
70 165 1
70 177 1
70 186 1
70 188 1
71 76 1
71 81 1
71 90 1
71 96 1
71 104 1
71 109 1
71 123 1
71 133 1
71 144 1
71 156 1
71 174 1
71 185 1
72 87 1
72 97 1
72 105 1
72 112 1
72 123 1
72 124 1
72 128 1
72 133 1
72 139 1
72 140 1
72 167 1
72 173 1
72 177 1
72 179 1
73 106 1
73 112 1
73 120 1
73 122 1
73 130 1
73 155 1
73 163 1
73 167 1
73 170 1
73 181 1
73 189 1
74 80 1
74 90 1
74 95 1
74 124 1
74 132 1
74 134 1
74 135 1
74 145 1
74 148 1
74 156 1
75 79 1
75 95 1
75 102 1
75 105 1
75 126 1
75 129 1
75 131 1
75 139 1
75 155 1
75 177 1
76 83 1
76 88 1
76 100 1
76 101 1
76 115 1
76 136 1
76 160 1
76 166 1
76 182 1
77 92 1
77 93 1
77 96 1
77 99 1
77 113 1
77 125 1
77 143 1
77 147 1
77 158 1
77 159 1
77 166 1
77 176 1
77 179 1
77 189 1
78 81 1
78 90 1
78 101 1
78 107 1
78 112 1
78 125 1
78 149 1
78 156 1
78 169 1
78 177 1
78 179 1
78 180 1
79 87 1
79 88 1
79 89 1
79 90 1
79 113 1
79 114 1
79 119 1
79 122 1
79 124 1
79 128 1
79 134 1
79 135 1
79 140 1
79 149 1
79 151 1
79 155 1
79 183 1
80 81 1
80 88 1
80 91 1
80 97 1
80 102 1
80 104 1
80 115 1
80 120 1
80 123 1
80 124 1
80 133 1
80 136 1
80 154 1
80 158 1
80 159 1
80 166 1
80 175 1
80 183 1
81 96 1
81 97 1
81 99 1
81 103 1
81 133 1
81 137 1
81 153 1
81 162 1
81 168 1
81 171 1
81 172 1
81 175 1
82 96 1
82 107 1
82 120 1
82 132 1
82 138 1
82 146 1
82 147 1
82 155 1
82 186 1
83 90 1
83 99 1
83 119 1
83 144 1
83 160 1
83 176 1
83 180 1
83 188 1
84 98 1
84 123 1
84 126 1
84 132 1
84 144 1
84 163 1
84 180 1
84 181 1
84 188 1
85 88 1
85 91 1
85 125 1
85 126 1
85 128 1
85 130 1
85 151 1
85 155 1
85 156 1
85 164 1
85 172 1
85 181 1
85 183 1
85 186 1
86 89 1
86 94 1
86 95 1
86 96 1
86 110 1
86 134 1
86 139 1
86 157 1
86 175 1
86 189 1
87 89 1
87 104 1
87 124 1
87 137 1
87 147 1
87 151 1
87 162 1
88 94 1
88 101 1
88 131 1
88 137 1
88 148 1
88 172 1
88 175 1
88 178 1
88 184 1
88 186 1
89 97 1
89 103 1
89 119 1
89 128 1
89 136 1
89 140 1
89 141 1
89 153 1
89 156 1
89 166 1
89 177 1
89 178 1
90 93 1
90 97 1
90 114 1
90 123 1
90 126 1
90 127 1
90 148 1
90 151 1
90 189 1
91 102 1
91 110 1
91 114 1
91 120 1
91 126 1
91 137 1
91 161 1
91 163 1
91 178 1
91 187 1
92 124 1
92 125 1
92 133 1
92 136 1
92 159 1
92 183 1
92 189 1
93 105 1
93 117 1
93 150 1
93 173 1
93 175 1
93 177 1
93 183 1
93 185 1
94 95 1
94 97 1
94 104 1
94 105 1
94 112 1
94 113 1
94 135 1
94 141 1
94 142 1
94 145 1
94 146 1
94 147 1
94 151 1
94 152 1
94 153 1
94 159 1
94 160 1
94 162 1
94 173 1
94 175 1
94 176 1
94 177 1
95 102 1
95 105 1
95 106 1
95 109 1
95 116 1
95 128 1
95 132 1
95 143 1
95 156 1
95 161 1
95 164 1
95 182 1
95 188 1
96 99 1
96 113 1
96 121 1
96 130 1
96 132 1
96 136 1
96 142 1
96 167 1
96 181 1
96 183 1
97 107 1
97 110 1
97 132 1
97 139 1
97 144 1
97 158 1
97 165 1
97 167 1
97 170 1
98 100 1
98 101 1
98 106 1
98 112 1
98 146 1
98 158 1
98 159 1
98 174 1
98 176 1
98 183 1
98 188 1
99 106 1
99 117 1
99 137 1
99 164 1
99 165 1
99 170 1
99 182 1
99 186 1
100 106 1
100 107 1
100 120 1
100 121 1
100 132 1
100 139 1
100 152 1
100 154 1
100 156 1
100 163 1
100 183 1
100 188 1
101 104 1
101 109 1
101 123 1
101 136 1
101 137 1
101 138 1
101 164 1
101 165 1
101 167 1
101 168 1
102 107 1
102 108 1
102 109 1
102 130 1
102 138 1
102 169 1
102 186 1
103 113 1
103 125 1
103 158 1
103 162 1
103 163 1
103 173 1
103 177 1
103 179 1
103 184 1
103 186 1
104 109 1
104 110 1
104 115 1
104 117 1
104 126 1
104 157 1
104 174 1
104 177 1
104 178 1
104 180 1
104 186 1
105 113 1
105 117 1
105 118 1
105 125 1
105 127 1
105 132 1
105 141 1
105 162 1
105 179 1
105 184 1
105 186 1
105 188 1
106 113 1
106 134 1
106 141 1
106 146 1
106 150 1
106 152 1
106 158 1
106 169 1
106 171 1
107 123 1
107 126 1
107 147 1
107 155 1
107 162 1
107 175 1
107 177 1
108 118 1
108 127 1
108 143 1
108 149 1
108 162 1
108 180 1
108 181 1
108 185 1
108 186 1
109 118 1
109 123 1
109 134 1
109 142 1
109 144 1
109 148 1
109 157 1
109 167 1
109 176 1
109 178 1
109 181 1
110 150 1
110 176 1
110 183 1
111 115 1
111 123 1
111 134 1
111 136 1
111 151 1
111 156 1
111 163 1
111 167 1
111 170 1
112 113 1
112 131 1
112 134 1
112 136 1
112 140 1
112 153 1
112 172 1
112 182 1
112 183 1
113 115 1
113 116 1
113 125 1
113 132 1
113 134 1
113 138 1
113 146 1
113 157 1
113 158 1
113 162 1
113 181 1
113 185 1
114 129 1
114 136 1
114 139 1
114 145 1
114 155 1
114 156 1
114 160 1
114 170 1
114 172 1
114 175 1
114 176 1
115 118 1
115 129 1
115 139 1
115 142 1
115 146 1
115 147 1
115 148 1
115 152 1
115 154 1
115 165 1
115 168 1
115 172 1
115 186 1
116 120 1
116 126 1
116 165 1
117 121 1
117 135 1
117 150 1
117 159 1
117 162 1
118 125 1
118 132 1
118 136 1
118 137 1
118 157 1
118 159 1
118 171 1
118 175 1
118 177 1
118 189 1
119 120 1
119 125 1
119 134 1
119 141 1
119 147 1
119 164 1
119 167 1
120 138 1
120 146 1
120 159 1
120 171 1
120 173 1
120 180 1
120 183 1
120 186 1
121 127 1
121 143 1
121 145 1
121 154 1
121 162 1
121 164 1
121 166 1
121 167 1
121 170 1
121 174 1
121 184 1
122 135 1
122 162 1
122 175 1
122 188 1
123 131 1
123 160 1
123 167 1
123 173 1
123 174 1
123 184 1
124 140 1
124 162 1
124 164 1
124 165 1
124 167 1
124 170 1
124 180 1
125 139 1
125 144 1
125 152 1
125 185 1
126 130 1
126 131 1
126 133 1
126 136 1
126 153 1
126 157 1
127 137 1
127 161 1
127 186 1
127 188 1
127 189 1
128 130 1
128 140 1
128 141 1
128 142 1
128 147 1
128 159 1
128 165 1
128 167 1
128 168 1
128 171 1
128 188 1
129 140 1
129 179 1
129 184 1
130 138 1
130 151 1
130 159 1
130 163 1
130 175 1
131 138 1
131 139 1
131 146 1
131 149 1
131 161 1
131 162 1
131 163 1
131 172 1
131 173 1
131 185 1
131 187 1
132 139 1
132 149 1
132 152 1
132 153 1
132 164 1
132 170 1
132 174 1
132 184 1
133 148 1
133 152 1
133 156 1
133 159 1
133 170 1
133 177 1
133 178 1
134 139 1
134 144 1
134 148 1
134 153 1
134 155 1
134 161 1
134 163 1
134 169 1
134 173 1
134 174 1
135 153 1
135 182 1
136 158 1
136 175 1
136 177 1
136 182 1
137 141 1
137 154 1
137 158 1
137 161 1
137 171 1
137 174 1
137 178 1
137 188 1
138 140 1
138 155 1
138 170 1
138 173 1
138 174 1
138 181 1
138 184 1
138 186 1
139 142 1
139 145 1
139 169 1
139 172 1
139 174 1
139 184 1
139 187 1
140 150 1
140 152 1
140 165 1
140 168 1
140 172 1
140 185 1
140 189 1
141 142 1
141 145 1
141 148 1
141 151 1
141 153 1
141 158 1
141 161 1
141 163 1
141 168 1
141 169 1
141 189 1
142 173 1
142 185 1
142 187 1
142 188 1
143 149 1
143 153 1
143 174 1
144 151 1
144 155 1
144 178 1
145 146 1
145 152 1
145 154 1
145 170 1
145 173 1
145 180 1
146 162 1
146 165 1
146 170 1
146 173 1
146 175 1
146 179 1
147 152 1
147 160 1
147 171 1
147 181 1
147 189 1
148 149 1
148 171 1
148 172 1
148 177 1
148 189 1
149 150 1
149 151 1
149 152 1
149 155 1
149 156 1
149 160 1
149 166 1
149 169 1
149 170 1
150 184 1
150 189 1
151 160 1
151 176 1
151 178 1
152 159 1
152 161 1
152 185 1
153 164 1
153 176 1
153 177 1
153 179 1
154 187 1
155 167 1
155 172 1
155 175 1
155 181 1
156 165 1
156 173 1
157 167 1
157 177 1
157 184 1
157 189 1
158 167 1
159 181 1
160 169 1
160 181 1
160 186 1
161 179 1
161 186 1
161 188 1
162 163 1
162 170 1
162 172 1
162 182 1
163 165 1
163 176 1
163 182 1
164 180 1
164 184 1
165 174 1
165 177 1
166 172 1
166 175 1
166 181 1
167 184 1
169 173 1
169 177 1
169 179 1
170 174 1
170 184 1
171 172 1
171 177 1
171 178 1
171 189 1
173 180 1
174 177 1
175 178 1
175 179 1
175 185 1
175 189 1
176 186 1
177 178 1
177 186 1
178 185 1
178 186 1
178 189 1
180 181 1
181 183 1
181 186 1
183 189 1
184 187 1
184 188 1
184 189 1
186 187 1
1
121 161 174 178 108 35 21 132 99 14 113 148 1 11 177 142 115 127 137
