285
0 2 1
0 3 1
0 7 1
0 11 1
0 14 1
0 15 1
0 18 1
0 19 1
0 25 1
0 26 1
0 27 1
0 28 1
0 37 1
0 39 1
1 3 1
1 4 1
1 5 1
1 8 1
1 10 1
1 16 1
1 17 1
1 22 1
1 25 1
1 26 1
1 32 1
1 33 1
1 34 1
2 3 1
2 5 1
2 9 1
2 17 1
2 22 1
2 25 1
2 30 1
2 32 1
2 36 1
2 37 1
3 8 1
3 16 1
3 21 1
3 24 1
3 25 1
3 27 1
3 30 1
3 33 1
3 36 1
4 5 1
4 7 1
4 11 1
4 15 1
4 16 1
4 18 1
4 21 1
4 22 1
4 23 1
4 25 1
4 26 1
4 28 1
4 29 1
4 30 1
4 36 1
4 39 1
5 6 1
5 9 1
5 10 1
5 13 1
5 15 1
5 17 1
5 21 1
5 24 1
5 26 1
5 29 1
5 31 1
5 35 1
5 37 1
5 38 1
6 8 1
6 9 1
6 13 1
6 23 1
6 25 1
6 31 1
6 32 1
6 35 1
7 13 1
7 14 1
7 17 1
7 18 1
7 19 1
7 20 1
7 24 1
7 25 1
7 27 1
7 28 1
7 31 1
7 36 1
7 38 1
7 39 1
8 9 1
8 14 1
8 17 1
8 18 1
8 19 1
8 22 1
8 24 1
8 25 1
8 27 1
8 28 1
8 34 1
8 39 1
9 10 1
9 14 1
9 16 1
9 18 1
9 22 1
9 23 1
9 25 1
9 27 1
9 30 1
9 35 1
9 36 1
9 38 1
10 21 1
10 23 1
10 26 1
10 27 1
10 29 1
10 34 1
10 38 1
11 16 1
11 17 1
11 18 1
11 19 1
11 23 1
11 26 1
11 30 1
11 31 1
11 34 1
11 36 1
11 38 1
12 16 1
12 17 1
12 21 1
12 25 1
12 26 1
12 29 1
12 32 1
12 34 1
12 37 1
12 39 1
13 15 1
13 16 1
13 17 1
13 21 1
13 24 1
13 25 1
13 27 1
13 28 1
13 37 1
13 39 1
14 15 1
14 17 1
14 18 1
14 19 1
14 20 1
14 22 1
14 23 1
14 24 1
14 25 1
14 28 1
14 30 1
14 31 1
14 36 1
14 37 1
14 38 1
15 17 1
15 20 1
15 28 1
15 33 1
15 35 1
15 39 1
16 18 1
16 20 1
16 21 1
16 22 1
16 24 1
16 25 1
16 26 1
16 28 1
16 30 1
16 31 1
16 33 1
16 36 1
16 38 1
17 21 1
17 22 1
17 24 1
17 25 1
17 28 1
17 29 1
17 35 1
17 39 1
18 19 1
18 22 1
18 23 1
18 24 1
18 26 1
18 27 1
18 28 1
18 33 1
18 37 1
18 39 1
19 24 1
19 34 1
19 36 1
20 21 1
20 24 1
20 30 1
20 34 1
20 36 1
20 38 1
21 23 1
21 26 1
21 28 1
21 29 1
21 39 1
22 25 1
22 26 1
22 29 1
22 32 1
22 34 1
22 36 1
22 38 1
23 28 1
23 29 1
23 30 1
23 33 1
23 34 1
23 37 1
23 38 1
23 39 1
24 27 1
24 30 1
24 31 1
24 32 1
24 34 1
25 29 1
25 33 1
25 36 1
25 38 1
26 28 1
26 29 1
26 36 1
26 37 1
27 29 1
27 30 1
27 33 1
28 29 1
28 30 1
28 34 1
28 35 1
28 38 1
29 31 1
29 33 1
29 34 1
29 36 1
29 37 1
29 38 1
30 32 1
30 33 1
30 35 1
30 37 1
30 39 1
31 35 1
31 36 1
32 37 1
32 38 1
32 39 1
33 34 1
33 35 1
33 36 1
34 38 1
35 36 1
35 39 1
37 39 1
1
11 33 26 0
