1471
0 6 1
0 14 1
0 34 1
0 46 1
0 48 1
0 53 1
0 56 1
0 60 1
0 71 1
0 99 1
0 131 1
0 141 1
0 146 1
0 149 1
1 4 1
1 21 1
1 25 1
1 26 1
1 40 1
1 59 1
1 60 1
1 75 1
1 80 1
1 125 1
1 141 1
2 26 1
2 36 1
2 42 1
2 64 1
2 74 1
2 84 1
2 110 1
2 119 1
2 138 1
3 11 1
3 16 1
3 55 1
3 58 1
3 74 1
3 81 1
3 84 1
3 93 1
3 100 1
3 107 1
3 111 1
3 112 1
3 113 1
3 129 1
3 132 1
4 5 1
4 6 1
4 7 1
4 14 1
4 15 1
4 26 1
4 28 1
4 30 1
4 46 1
4 65 1
4 66 1
4 67 1
4 74 1
4 86 1
4 93 1
4 101 1
4 107 1
4 110 1
4 111 1
4 134 1
4 136 1
4 137 1
5 9 1
5 12 1
5 15 1
5 31 1
5 33 1
5 53 1
5 57 1
5 65 1
5 69 1
5 79 1
5 88 1
5 89 1
5 94 1
5 102 1
5 132 1
5 138 1
5 144 1
5 145 1
6 7 1
6 11 1
6 13 1
6 32 1
6 40 1
6 61 1
6 69 1
6 71 1
6 72 1
6 79 1
6 86 1
6 89 1
6 90 1
6 100 1
6 132 1
6 133 1
6 142 1
6 143 1
6 146 1
7 8 1
7 11 1
7 15 1
7 21 1
7 23 1
7 30 1
7 76 1
7 77 1
7 86 1
7 90 1
7 100 1
7 102 1
7 103 1
7 127 1
7 129 1
8 9 1
8 24 1
8 47 1
8 51 1
8 55 1
8 64 1
8 68 1
8 72 1
8 78 1
8 80 1
8 83 1
8 89 1
8 107 1
8 136 1
8 142 1
8 149 1
9 18 1
9 21 1
9 27 1
9 31 1
9 50 1
9 55 1
9 66 1
9 76 1
9 80 1
9 91 1
9 93 1
9 103 1
9 107 1
9 119 1
9 130 1
9 136 1
9 141 1
10 11 1
10 16 1
10 17 1
10 38 1
10 46 1
10 47 1
10 48 1
10 52 1
10 53 1
10 57 1
10 58 1
10 63 1
10 64 1
10 65 1
10 71 1
10 76 1
10 83 1
10 88 1
10 89 1
10 90 1
10 96 1
10 98 1
10 102 1
10 108 1
10 109 1
10 129 1
10 130 1
10 132 1
11 57 1
11 72 1
11 74 1
11 81 1
11 95 1
11 97 1
11 102 1
11 107 1
11 114 1
11 115 1
11 128 1
11 135 1
11 141 1
11 143 1
12 13 1
12 33 1
12 40 1
12 54 1
12 55 1
12 57 1
12 58 1
12 68 1
12 70 1
12 93 1
12 99 1
12 107 1
12 108 1
12 111 1
12 115 1
12 117 1
12 127 1
12 132 1
12 133 1
12 134 1
12 144 1
12 146 1
13 20 1
13 28 1
13 30 1
13 31 1
13 43 1
13 44 1
13 54 1
13 75 1
13 83 1
13 89 1
13 115 1
13 130 1
13 136 1
13 140 1
13 144 1
14 21 1
14 37 1
14 42 1
14 44 1
14 46 1
14 65 1
14 85 1
14 102 1
14 104 1
14 117 1
14 121 1
14 137 1
14 145 1
15 25 1
15 60 1
15 71 1
15 73 1
15 79 1
15 113 1
15 118 1
15 128 1
15 148 1
16 21 1
16 29 1
16 36 1
16 43 1
16 52 1
16 62 1
16 74 1
16 75 1
16 90 1
16 94 1
16 109 1
16 125 1
16 133 1
16 134 1
16 144 1
16 147 1
17 19 1
17 26 1
17 49 1
17 55 1
17 61 1
17 90 1
17 96 1
17 99 1
17 106 1
17 114 1
17 119 1
17 126 1
17 129 1
17 132 1
17 137 1
17 144 1
18 33 1
18 48 1
18 73 1
18 75 1
18 77 1
18 79 1
18 90 1
18 99 1
18 100 1
18 103 1
18 104 1
18 107 1
18 113 1
18 122 1
18 133 1
18 138 1
18 149 1
19 25 1
19 32 1
19 45 1
19 57 1
19 65 1
19 66 1
19 67 1
19 76 1
19 90 1
19 93 1
19 102 1
19 105 1
19 110 1
19 117 1
19 124 1
19 125 1
19 137 1
20 39 1
20 52 1
20 57 1
20 73 1
20 76 1
20 77 1
20 83 1
20 92 1
20 102 1
20 103 1
20 105 1
20 108 1
20 113 1
20 114 1
20 125 1
20 137 1
20 139 1
20 149 1
21 26 1
21 33 1
21 44 1
21 53 1
21 55 1
21 58 1
21 63 1
21 69 1
21 77 1
21 79 1
21 84 1
21 88 1
21 99 1
21 104 1
21 109 1
21 115 1
21 125 1
21 136 1
21 139 1
21 141 1
21 143 1
21 144 1
21 147 1
21 149 1
22 34 1
22 47 1
22 53 1
22 64 1
22 66 1
22 71 1
22 74 1
22 82 1
22 84 1
22 99 1
22 104 1
22 111 1
22 117 1
22 121 1
22 127 1
23 31 1
23 33 1
23 48 1
23 52 1
23 55 1
23 56 1
23 57 1
23 67 1
23 75 1
23 92 1
23 102 1
23 112 1
23 116 1
23 134 1
23 136 1
24 25 1
24 29 1
24 36 1
24 38 1
24 44 1
24 50 1
24 60 1
24 68 1
24 87 1
24 94 1
24 120 1
24 126 1
24 127 1
24 130 1
24 139 1
24 142 1
24 143 1
24 148 1
24 149 1
25 28 1
25 49 1
25 63 1
25 65 1
25 67 1
25 79 1
25 80 1
25 81 1
25 91 1
25 92 1
25 93 1
25 97 1
25 101 1
25 109 1
25 127 1
25 141 1
25 142 1
25 144 1
26 49 1
26 62 1
26 66 1
26 75 1
26 81 1
26 97 1
26 108 1
26 109 1
26 115 1
26 116 1
26 117 1
26 118 1
26 125 1
26 130 1
26 132 1
26 146 1
27 29 1
27 34 1
27 35 1
27 42 1
27 46 1
27 50 1
27 60 1
27 65 1
27 69 1
27 75 1
27 84 1
27 86 1
27 129 1
27 148 1
27 149 1
28 37 1
28 40 1
28 50 1
28 54 1
28 58 1
28 61 1
28 65 1
28 75 1
28 79 1
28 82 1
28 83 1
28 86 1
28 92 1
28 96 1
28 97 1
28 98 1
28 99 1
28 102 1
28 127 1
28 134 1
28 135 1
29 33 1
29 41 1
29 46 1
29 48 1
29 53 1
29 57 1
29 69 1
29 75 1
29 86 1
29 94 1
29 98 1
29 100 1
29 107 1
29 109 1
29 116 1
29 119 1
29 124 1
29 139 1
29 143 1
29 148 1
30 37 1
30 43 1
30 44 1
30 46 1
30 66 1
30 72 1
30 79 1
30 91 1
30 111 1
30 134 1
30 144 1
31 40 1
31 50 1
31 57 1
31 62 1
31 73 1
31 82 1
31 104 1
31 111 1
31 120 1
31 122 1
31 125 1
31 131 1
31 142 1
32 35 1
32 37 1
32 49 1
32 70 1
32 71 1
32 97 1
32 98 1
32 105 1
32 107 1
32 116 1
32 118 1
32 137 1
32 145 1
33 34 1
33 45 1
33 53 1
33 54 1
33 58 1
33 64 1
33 69 1
33 72 1
33 82 1
33 83 1
33 85 1
33 94 1
33 98 1
33 103 1
33 108 1
33 114 1
33 122 1
33 129 1
33 134 1
33 142 1
34 37 1
34 41 1
34 44 1
34 76 1
34 84 1
34 97 1
34 127 1
34 133 1
34 138 1
34 139 1
34 145 1
34 147 1
34 148 1
35 41 1
35 42 1
35 46 1
35 79 1
35 86 1
35 90 1
35 91 1
35 101 1
35 103 1
35 115 1
35 135 1
35 137 1
35 142 1
36 39 1
36 53 1
36 65 1
36 71 1
36 72 1
36 73 1
36 80 1
36 88 1
36 92 1
36 97 1
36 102 1
36 107 1
36 114 1
36 117 1
36 118 1
36 120 1
36 122 1
36 124 1
36 130 1
36 146 1
37 39 1
37 49 1
37 55 1
37 56 1
37 65 1
37 79 1
37 86 1
37 88 1
37 100 1
37 103 1
37 107 1
37 111 1
37 117 1
37 128 1
37 133 1
37 135 1
37 137 1
38 44 1
38 53 1
38 60 1
38 64 1
38 67 1
38 69 1
38 73 1
38 91 1
38 99 1
38 102 1
38 106 1
38 116 1
38 117 1
38 120 1
38 125 1
38 130 1
38 131 1
38 147 1
39 46 1
39 55 1
39 58 1
39 59 1
39 62 1
39 78 1
39 92 1
39 103 1
39 106 1
39 109 1
39 113 1
39 127 1
39 130 1
39 143 1
40 41 1
40 60 1
40 64 1
40 69 1
40 77 1
40 90 1
40 94 1
40 120 1
40 122 1
40 137 1
40 147 1
40 149 1
41 51 1
41 68 1
41 73 1
41 78 1
41 83 1
41 85 1
41 87 1
41 89 1
41 107 1
41 109 1
41 111 1
41 116 1
41 117 1
41 118 1
41 120 1
41 121 1
42 47 1
42 48 1
42 57 1
42 63 1
42 66 1
42 72 1
42 73 1
42 74 1
42 105 1
42 108 1
42 121 1
42 123 1
42 134 1
42 141 1
42 146 1
42 149 1
43 51 1
43 60 1
43 77 1
43 83 1
43 86 1
43 88 1
43 89 1
43 90 1
43 95 1
43 106 1
43 144 1
43 147 1
44 58 1
44 66 1
44 68 1
44 73 1
44 79 1
44 88 1
44 95 1
44 103 1
44 113 1
44 125 1
44 146 1
45 46 1
45 50 1
45 75 1
45 80 1
45 84 1
45 92 1
45 98 1
45 111 1
45 112 1
45 119 1
45 124 1
45 142 1
46 47 1
46 51 1
46 74 1
46 104 1
46 116 1
46 118 1
46 122 1
46 123 1
46 124 1
46 129 1
46 130 1
46 145 1
47 48 1
47 49 1
47 57 1
47 68 1
47 69 1
47 73 1
47 90 1
47 92 1
47 94 1
47 97 1
47 101 1
47 107 1
47 109 1
47 116 1
47 119 1
47 138 1
47 144 1
47 148 1
48 55 1
48 59 1
48 76 1
48 91 1
48 94 1
48 107 1
48 108 1
48 126 1
49 50 1
49 55 1
49 60 1
49 61 1
49 70 1
49 79 1
49 85 1
49 87 1
49 104 1
49 106 1
49 128 1
49 130 1
49 132 1
49 135 1
49 137 1
49 138 1
49 139 1
50 55 1
50 71 1
50 86 1
50 90 1
50 96 1
50 106 1
50 111 1
50 119 1
50 131 1
50 132 1
50 133 1
50 139 1
50 145 1
51 74 1
51 93 1
51 96 1
51 108 1
51 112 1
51 114 1
51 126 1
51 132 1
52 53 1
52 55 1
52 70 1
52 71 1
52 75 1
52 88 1
52 96 1
52 98 1
52 102 1
52 106 1
52 112 1
52 114 1
52 116 1
52 123 1
52 125 1
52 134 1
52 136 1
52 139 1
52 144 1
52 146 1
53 63 1
53 93 1
53 97 1
53 103 1
53 118 1
53 129 1
53 133 1
53 135 1
53 147 1
54 57 1
54 64 1
54 73 1
54 85 1
54 86 1
54 88 1
54 105 1
54 107 1
54 111 1
54 112 1
54 115 1
54 128 1
54 130 1
54 136 1
54 143 1
54 144 1
54 146 1
54 149 1
55 57 1
55 65 1
55 66 1
55 73 1
55 85 1
55 104 1
55 109 1
55 111 1
55 114 1
55 116 1
55 122 1
55 137 1
55 138 1
55 144 1
56 64 1
56 72 1
56 79 1
56 80 1
56 84 1
56 92 1
56 99 1
56 104 1
56 109 1
56 116 1
56 124 1
56 149 1
57 71 1
57 78 1
57 93 1
57 96 1
57 97 1
57 118 1
57 133 1
57 136 1
57 144 1
58 59 1
58 65 1
58 74 1
58 81 1
58 92 1
58 96 1
58 106 1
58 110 1
58 116 1
58 120 1
58 137 1
58 147 1
59 60 1
59 66 1
59 84 1
59 93 1
59 95 1
59 97 1
59 103 1
59 114 1
59 116 1
59 118 1
59 124 1
59 135 1
59 137 1
59 145 1
60 71 1
60 77 1
60 81 1
60 90 1
60 94 1
60 102 1
60 109 1
60 122 1
60 125 1
60 126 1
60 128 1
60 141 1
60 143 1
61 71 1
61 73 1
61 98 1
61 101 1
61 104 1
61 106 1
61 115 1
61 121 1
61 125 1
61 127 1
61 136 1
61 149 1
62 70 1
62 75 1
62 76 1
62 101 1
62 103 1
62 115 1
62 124 1
62 133 1
62 142 1
62 145 1
63 67 1
63 72 1
63 75 1
63 81 1
63 87 1
63 97 1
63 102 1
63 109 1
63 126 1
63 127 1
63 133 1
63 137 1
63 143 1
63 147 1
63 149 1
64 70 1
64 77 1
64 82 1
64 86 1
64 88 1
64 95 1
64 124 1
64 131 1
64 135 1
65 68 1
65 75 1
65 84 1
65 97 1
65 105 1
65 117 1
65 119 1
65 121 1
65 129 1
65 132 1
65 144 1
66 71 1
66 103 1
66 108 1
66 111 1
66 117 1
66 121 1
66 126 1
66 129 1
66 130 1
66 140 1
66 141 1
66 148 1
67 83 1
67 84 1
67 87 1
67 96 1
67 97 1
67 98 1
67 105 1
67 110 1
67 114 1
67 122 1
67 128 1
67 135 1
67 140 1
67 145 1
68 70 1
68 79 1
68 80 1
68 89 1
68 90 1
68 98 1
68 105 1
68 128 1
68 134 1
68 139 1
68 148 1
69 73 1
69 85 1
69 111 1
69 121 1
69 133 1
69 134 1
69 138 1
70 75 1
70 89 1
70 94 1
70 95 1
70 113 1
70 115 1
70 142 1
70 143 1
71 79 1
71 81 1
71 82 1
71 100 1
71 120 1
71 123 1
71 126 1
71 133 1
71 143 1
71 146 1
72 84 1
72 89 1
72 93 1
72 96 1
72 99 1
72 109 1
72 111 1
72 114 1
72 122 1
72 129 1
73 75 1
73 77 1
73 91 1
73 97 1
73 100 1
73 107 1
73 109 1
73 140 1
73 142 1
73 144 1
74 79 1
74 89 1
74 93 1
74 107 1
74 116 1
74 121 1
74 128 1
74 129 1
74 130 1
74 131 1
74 135 1
74 147 1
75 77 1
75 80 1
75 84 1
75 92 1
75 103 1
75 117 1
75 125 1
75 145 1
75 146 1
76 81 1
76 87 1
76 91 1
76 93 1
76 114 1
76 118 1
76 120 1
76 122 1
76 136 1
76 139 1
76 140 1
77 84 1
77 90 1
77 106 1
77 111 1
77 125 1
77 126 1
77 127 1
77 130 1
77 142 1
77 143 1
77 145 1
77 146 1
78 83 1
78 90 1
78 93 1
78 101 1
78 102 1
78 104 1
78 107 1
78 108 1
78 111 1
78 117 1
78 121 1
78 130 1
78 146 1
79 82 1
79 84 1
79 96 1
79 100 1
79 101 1
79 108 1
79 109 1
79 120 1
79 128 1
79 133 1
79 143 1
80 84 1
80 91 1
80 95 1
80 96 1
80 107 1
80 127 1
80 144 1
80 146 1
80 148 1
81 85 1
81 90 1
81 112 1
81 113 1
81 124 1
81 125 1
81 144 1
81 148 1
82 91 1
82 98 1
82 99 1
82 104 1
82 110 1
82 114 1
82 122 1
82 124 1
82 132 1
83 88 1
83 100 1
83 119 1
83 125 1
83 127 1
83 130 1
83 134 1
83 144 1
83 145 1
84 86 1
84 87 1
84 93 1
84 95 1
84 100 1
84 102 1
84 106 1
84 111 1
84 118 1
84 120 1
84 126 1
84 132 1
84 144 1
85 87 1
85 88 1
85 93 1
85 94 1
85 97 1
85 114 1
85 127 1
85 133 1
85 140 1
85 141 1
86 97 1
86 99 1
86 107 1
86 109 1
86 116 1
86 117 1
86 119 1
86 122 1
86 124 1
86 125 1
86 126 1
86 134 1
86 137 1
87 97 1
87 99 1
87 107 1
87 108 1
87 113 1
87 117 1
87 124 1
87 125 1
87 130 1
87 133 1
87 149 1
88 113 1
88 132 1
88 135 1
88 143 1
88 144 1
89 96 1
89 99 1
89 108 1
89 113 1
89 120 1
89 129 1
89 139 1
89 142 1
89 146 1
89 149 1
90 92 1
90 98 1
90 109 1
90 110 1
90 112 1
90 116 1
90 147 1
91 97 1
91 129 1
91 130 1
91 132 1
91 133 1
92 102 1
92 106 1
92 111 1
92 119 1
92 131 1
92 133 1
92 136 1
93 96 1
93 102 1
93 108 1
93 114 1
93 125 1
93 128 1
93 130 1
93 131 1
93 132 1
93 133 1
93 146 1
94 95 1
94 108 1
94 109 1
94 110 1
94 131 1
94 133 1
94 145 1
94 147 1
95 99 1
95 102 1
95 109 1
95 123 1
95 136 1
95 139 1
95 148 1
96 106 1
96 107 1
96 110 1
96 111 1
96 123 1
96 124 1
96 130 1
96 143 1
96 147 1
97 102 1
97 112 1
97 119 1
97 121 1
97 147 1
98 100 1
98 108 1
98 111 1
98 123 1
98 125 1
98 136 1
98 137 1
98 140 1
98 141 1
98 143 1
98 147 1
99 107 1
99 114 1
99 117 1
99 119 1
99 128 1
99 130 1
100 104 1
100 105 1
100 110 1
100 122 1
100 126 1
101 106 1
101 117 1
101 133 1
101 148 1
102 118 1
102 121 1
102 134 1
102 136 1
102 140 1
103 112 1
103 115 1
103 116 1
103 122 1
104 105 1
104 115 1
104 117 1
104 118 1
104 125 1
104 135 1
104 136 1
104 144 1
105 113 1
105 123 1
105 128 1
105 132 1
105 143 1
106 122 1
106 142 1
106 144 1
107 109 1
107 113 1
107 114 1
107 125 1
107 126 1
108 109 1
108 110 1
108 112 1
108 113 1
108 117 1
108 122 1
108 123 1
108 124 1
109 117 1
109 129 1
109 133 1
109 135 1
109 136 1
109 143 1
109 147 1
109 148 1
109 149 1
110 120 1
110 122 1
110 123 1
110 125 1
110 134 1
110 137 1
111 135 1
111 136 1
111 138 1
111 146 1
111 149 1
112 117 1
112 120 1
112 148 1
113 116 1
113 133 1
113 134 1
113 136 1
113 146 1
114 117 1
114 118 1
114 120 1
114 121 1
114 122 1
114 130 1
114 144 1
114 148 1
114 149 1
116 122 1
116 135 1
116 140 1
116 143 1
116 147 1
117 134 1
117 139 1
117 141 1
118 141 1
118 143 1
119 123 1
119 128 1
119 148 1
120 131 1
120 133 1
120 134 1
120 135 1
120 142 1
120 146 1
121 125 1
121 127 1
121 135 1
121 136 1
121 140 1
122 123 1
122 124 1
122 126 1
122 131 1
122 132 1
122 140 1
122 142 1
123 140 1
124 127 1
124 133 1
124 134 1
124 146 1
125 127 1
125 128 1
125 148 1
126 147 1
127 134 1
127 146 1
128 143 1
128 145 1
129 130 1
129 140 1
129 145 1
129 146 1
129 147 1
130 131 1
130 132 1
131 132 1
131 138 1
132 141 1
132 143 1
132 149 1
133 143 1
133 144 1
134 136 1
134 137 1
134 143 1
135 140 1
135 144 1
135 147 1
135 148 1
137 141 1
137 145 1
137 148 1
138 144 1
138 149 1
140 145 1
140 148 1
145 147 1
146 147 1
147 148 1
1
43 66 13 119 19 68 137 141 25 45 71 36 131 6 138
