1620
0 4 1
0 27 1
0 32 1
0 43 1
0 44 1
0 47 1
0 49 1
0 57 1
0 78 1
0 97 1
0 100 1
0 108 1
0 110 1
0 126 1
0 130 1
0 131 1
0 147 1
0 148 1
0 157 1
1 10 1
1 14 1
1 18 1
1 28 1
1 29 1
1 48 1
1 51 1
1 56 1
1 63 1
1 66 1
1 67 1
1 95 1
1 101 1
1 106 1
1 109 1
1 122 1
1 141 1
1 159 1
2 3 1
2 4 1
2 9 1
2 16 1
2 18 1
2 23 1
2 24 1
2 37 1
2 41 1
2 51 1
2 59 1
2 60 1
2 63 1
2 64 1
2 67 1
2 84 1
2 85 1
2 103 1
2 110 1
2 121 1
2 122 1
2 135 1
2 150 1
2 152 1
3 9 1
3 17 1
3 19 1
3 28 1
3 32 1
3 44 1
3 56 1
3 57 1
3 58 1
3 59 1
3 72 1
3 133 1
3 136 1
3 139 1
3 149 1
3 155 1
3 157 1
4 6 1
4 7 1
4 19 1
4 37 1
4 45 1
4 52 1
4 56 1
4 81 1
4 86 1
4 95 1
4 102 1
4 103 1
4 111 1
4 114 1
4 118 1
4 123 1
4 126 1
4 140 1
4 148 1
4 151 1
5 14 1
5 19 1
5 21 1
5 32 1
5 33 1
5 35 1
5 50 1
5 52 1
5 53 1
5 62 1
5 79 1
5 81 1
5 85 1
5 86 1
5 96 1
5 104 1
5 113 1
5 122 1
5 137 1
5 150 1
5 158 1
6 8 1
6 14 1
6 21 1
6 28 1
6 29 1
6 49 1
6 52 1
6 53 1
6 69 1
6 72 1
6 75 1
6 82 1
6 84 1
6 86 1
6 89 1
6 92 1
6 104 1
6 108 1
6 109 1
6 112 1
6 125 1
6 151 1
6 156 1
7 9 1
7 27 1
7 31 1
7 51 1
7 56 1
7 62 1
7 87 1
7 92 1
7 104 1
7 127 1
7 142 1
7 149 1
7 156 1
8 13 1
8 17 1
8 24 1
8 36 1
8 39 1
8 50 1
8 55 1
8 56 1
8 59 1
8 64 1
8 66 1
8 91 1
8 102 1
8 129 1
8 134 1
8 145 1
8 146 1
8 152 1
8 155 1
8 157 1
9 11 1
9 18 1
9 22 1
9 23 1
9 40 1
9 48 1
9 66 1
9 73 1
9 82 1
9 88 1
9 98 1
9 114 1
9 116 1
9 131 1
9 151 1
10 18 1
10 22 1
10 28 1
10 33 1
10 42 1
10 45 1
10 47 1
10 51 1
10 66 1
10 68 1
10 84 1
10 87 1
10 90 1
10 101 1
10 109 1
10 115 1
10 116 1
10 121 1
10 122 1
10 138 1
10 148 1
10 157 1
10 158 1
11 20 1
11 29 1
11 31 1
11 40 1
11 41 1
11 48 1
11 50 1
11 52 1
11 68 1
11 70 1
11 80 1
11 105 1
11 109 1
11 116 1
11 142 1
11 151 1
11 155 1
11 157 1
12 20 1
12 40 1
12 42 1
12 45 1
12 52 1
12 57 1
12 86 1
12 104 1
12 115 1
12 130 1
12 144 1
12 146 1
12 154 1
13 18 1
13 28 1
13 45 1
13 50 1
13 53 1
13 73 1
13 74 1
13 87 1
13 93 1
13 106 1
13 115 1
13 117 1
13 120 1
13 121 1
13 129 1
13 130 1
13 140 1
13 141 1
13 143 1
13 144 1
13 156 1
13 159 1
14 16 1
14 25 1
14 32 1
14 33 1
14 34 1
14 40 1
14 42 1
14 43 1
14 47 1
14 76 1
14 78 1
14 109 1
14 112 1
14 113 1
14 132 1
14 136 1
14 144 1
14 158 1
15 17 1
15 24 1
15 34 1
15 35 1
15 49 1
15 56 1
15 73 1
15 79 1
15 88 1
15 101 1
15 110 1
15 117 1
15 120 1
15 122 1
15 126 1
15 143 1
15 144 1
15 152 1
16 19 1
16 37 1
16 40 1
16 46 1
16 51 1
16 52 1
16 56 1
16 60 1
16 68 1
16 75 1
16 84 1
16 88 1
16 93 1
16 113 1
16 128 1
16 135 1
16 140 1
17 22 1
17 33 1
17 40 1
17 42 1
17 52 1
17 58 1
17 76 1
17 89 1
17 91 1
17 94 1
17 97 1
17 99 1
17 103 1
17 111 1
17 117 1
17 126 1
17 131 1
17 139 1
17 142 1
17 148 1
18 20 1
18 28 1
18 31 1
18 33 1
18 44 1
18 56 1
18 58 1
18 78 1
18 90 1
18 144 1
18 153 1
19 23 1
19 28 1
19 29 1
19 30 1
19 31 1
19 41 1
19 52 1
19 54 1
19 72 1
19 78 1
19 79 1
19 96 1
19 101 1
19 106 1
19 117 1
19 129 1
19 144 1
19 154 1
19 158 1
20 22 1
20 25 1
20 33 1
20 56 1
20 78 1
20 83 1
20 87 1
20 95 1
20 97 1
20 112 1
20 117 1
20 124 1
20 146 1
20 147 1
20 152 1
20 156 1
20 159 1
21 23 1
21 39 1
21 55 1
21 65 1
21 80 1
21 81 1
21 83 1
21 86 1
21 90 1
21 92 1
21 93 1
21 121 1
21 123 1
21 125 1
21 127 1
21 129 1
21 135 1
21 156 1
22 25 1
22 27 1
22 38 1
22 55 1
22 56 1
22 79 1
22 83 1
22 104 1
22 117 1
22 118 1
22 130 1
22 131 1
22 134 1
22 136 1
22 148 1
22 159 1
23 28 1
23 31 1
23 68 1
23 85 1
23 89 1
23 93 1
23 97 1
23 99 1
23 100 1
23 111 1
23 116 1
23 117 1
23 119 1
23 121 1
23 122 1
23 133 1
23 135 1
23 137 1
24 42 1
24 53 1
24 57 1
24 68 1
24 81 1
24 95 1
24 99 1
24 103 1
24 108 1
24 115 1
24 121 1
24 132 1
24 137 1
24 143 1
24 144 1
24 146 1
24 156 1
25 27 1
25 57 1
25 64 1
25 83 1
25 94 1
25 97 1
25 102 1
25 103 1
25 105 1
25 110 1
25 112 1
25 122 1
25 131 1
25 135 1
25 146 1
25 150 1
25 151 1
25 153 1
26 27 1
26 29 1
26 37 1
26 42 1
26 43 1
26 54 1
26 66 1
26 76 1
26 78 1
26 86 1
26 88 1
26 89 1
26 92 1
26 98 1
26 101 1
26 103 1
26 117 1
26 139 1
26 149 1
26 159 1
27 43 1
27 58 1
27 62 1
27 65 1
27 74 1
27 86 1
27 94 1
27 102 1
27 121 1
27 126 1
27 136 1
27 143 1
27 154 1
28 50 1
28 64 1
28 70 1
28 72 1
28 81 1
28 91 1
28 97 1
28 108 1
28 131 1
28 149 1
28 150 1
28 155 1
29 31 1
29 33 1
29 36 1
29 39 1
29 43 1
29 51 1
29 57 1
29 74 1
29 88 1
29 131 1
29 132 1
29 154 1
29 156 1
29 158 1
30 31 1
30 34 1
30 36 1
30 37 1
30 42 1
30 53 1
30 55 1
30 56 1
30 64 1
30 71 1
30 73 1
30 75 1
30 77 1
30 86 1
30 88 1
30 91 1
30 96 1
30 102 1
30 103 1
30 109 1
30 129 1
30 132 1
30 134 1
30 151 1
30 153 1
31 43 1
31 49 1
31 52 1
31 53 1
31 61 1
31 78 1
31 81 1
31 87 1
31 97 1
31 103 1
31 109 1
31 110 1
31 121 1
31 133 1
31 142 1
32 38 1
32 40 1
32 48 1
32 60 1
32 81 1
32 90 1
32 91 1
32 99 1
32 102 1
32 103 1
32 105 1
32 108 1
32 109 1
32 110 1
32 131 1
32 138 1
32 148 1
32 154 1
32 157 1
33 73 1
33 76 1
33 78 1
33 90 1
33 93 1
33 99 1
33 102 1
33 107 1
33 115 1
33 123 1
33 125 1
33 129 1
33 151 1
34 37 1
34 72 1
34 83 1
34 146 1
34 150 1
34 152 1
34 153 1
34 154 1
34 156 1
34 157 1
35 43 1
35 46 1
35 50 1
35 59 1
35 79 1
35 93 1
35 99 1
35 109 1
35 117 1
35 119 1
35 136 1
35 147 1
35 153 1
35 156 1
36 41 1
36 44 1
36 52 1
36 53 1
36 54 1
36 72 1
36 79 1
36 80 1
36 89 1
36 94 1
36 101 1
36 114 1
36 127 1
36 130 1
36 131 1
36 151 1
36 153 1
36 154 1
36 156 1
36 157 1
37 41 1
37 42 1
37 46 1
37 66 1
37 68 1
37 73 1
37 76 1
37 81 1
37 91 1
37 93 1
37 112 1
37 116 1
37 119 1
37 143 1
37 146 1
38 41 1
38 44 1
38 50 1
38 54 1
38 57 1
38 64 1
38 65 1
38 69 1
38 71 1
38 74 1
38 81 1
38 82 1
38 89 1
38 92 1
38 111 1
38 114 1
38 131 1
38 139 1
38 140 1
38 154 1
39 61 1
39 64 1
39 65 1
39 66 1
39 74 1
39 77 1
39 88 1
39 100 1
39 108 1
39 110 1
39 113 1
39 115 1
39 125 1
39 128 1
39 140 1
39 150 1
40 53 1
40 56 1
40 58 1
40 65 1
40 72 1
40 73 1
40 82 1
40 88 1
40 91 1
40 93 1
40 102 1
40 103 1
40 110 1
40 113 1
40 122 1
40 133 1
40 145 1
40 150 1
40 156 1
41 51 1
41 54 1
41 60 1
41 67 1
41 76 1
41 80 1
41 84 1
41 93 1
41 98 1
41 100 1
41 106 1
41 114 1
41 140 1
42 60 1
42 63 1
42 66 1
42 73 1
42 79 1
42 88 1
42 91 1
42 99 1
42 115 1
42 121 1
42 124 1
42 128 1
42 143 1
42 156 1
43 61 1
43 74 1
43 79 1
43 90 1
43 95 1
43 96 1
43 107 1
43 111 1
43 112 1
43 116 1
43 131 1
43 135 1
43 140 1
43 141 1
43 144 1
43 157 1
44 70 1
44 81 1
44 82 1
44 90 1
44 112 1
44 136 1
44 138 1
44 145 1
44 154 1
44 158 1
45 88 1
45 96 1
45 110 1
45 112 1
45 124 1
45 142 1
45 152 1
46 52 1
46 54 1
46 67 1
46 79 1
46 83 1
46 92 1
46 100 1
46 110 1
46 114 1
46 122 1
46 146 1
46 148 1
46 159 1
47 49 1
47 50 1
47 76 1
47 92 1
47 109 1
47 134 1
47 147 1
47 150 1
48 49 1
48 50 1
48 65 1
48 68 1
48 69 1
48 72 1
48 73 1
48 99 1
48 108 1
48 121 1
48 126 1
48 146 1
48 148 1
48 149 1
48 153 1
48 156 1
49 56 1
49 59 1
49 62 1
49 68 1
49 70 1
49 75 1
49 76 1
49 77 1
49 78 1
49 79 1
49 94 1
49 98 1
49 106 1
49 109 1
49 117 1
49 120 1
49 121 1
49 132 1
49 135 1
49 141 1
49 146 1
49 151 1
49 159 1
50 76 1
50 78 1
50 79 1
50 80 1
50 95 1
50 96 1
50 113 1
50 120 1
50 128 1
50 131 1
50 132 1
50 134 1
50 139 1
50 143 1
50 154 1
50 157 1
50 158 1
51 55 1
51 56 1
51 67 1
51 68 1
51 79 1
51 81 1
51 106 1
51 108 1
51 125 1
51 131 1
51 132 1
51 141 1
51 155 1
52 57 1
52 68 1
52 69 1
52 75 1
52 86 1
52 88 1
52 89 1
52 97 1
52 100 1
52 103 1
52 108 1
52 118 1
52 119 1
52 122 1
52 134 1
52 140 1
52 150 1
53 62 1
53 93 1
53 95 1
53 102 1
53 105 1
53 113 1
53 121 1
53 127 1
53 149 1
53 158 1
54 58 1
54 62 1
54 63 1
54 71 1
54 77 1
54 89 1
54 110 1
54 124 1
54 125 1
54 136 1
54 142 1
54 153 1
54 154 1
54 156 1
54 158 1
55 58 1
55 67 1
55 90 1
55 105 1
55 124 1
55 132 1
55 156 1
55 158 1
56 72 1
56 78 1
56 84 1
56 93 1
56 96 1
56 105 1
56 112 1
56 113 1
56 124 1
56 131 1
56 140 1
56 143 1
56 146 1
56 157 1
56 158 1
57 65 1
57 68 1
57 78 1
57 82 1
57 86 1
57 111 1
57 115 1
57 117 1
57 126 1
57 127 1
57 145 1
57 147 1
57 149 1
57 152 1
58 63 1
58 64 1
58 77 1
58 84 1
58 92 1
58 109 1
58 123 1
58 140 1
58 155 1
59 68 1
59 74 1
59 86 1
59 94 1
59 102 1
59 106 1
59 120 1
59 127 1
59 129 1
59 140 1
59 141 1
59 144 1
60 62 1
60 70 1
60 79 1
60 89 1
60 98 1
60 109 1
60 116 1
60 130 1
60 140 1
60 142 1
60 156 1
61 64 1
61 65 1
61 66 1
61 71 1
61 77 1
61 86 1
61 93 1
61 95 1
61 109 1
61 119 1
61 131 1
61 143 1
61 150 1
61 157 1
62 74 1
62 78 1
62 93 1
62 106 1
62 109 1
62 121 1
62 123 1
62 146 1
62 149 1
63 65 1
63 70 1
63 71 1
63 82 1
63 83 1
63 86 1
63 90 1
63 91 1
63 93 1
63 96 1
63 101 1
63 105 1
63 109 1
63 114 1
63 124 1
63 132 1
63 135 1
63 150 1
63 157 1
64 70 1
64 71 1
64 98 1
64 120 1
64 121 1
64 135 1
64 142 1
64 152 1
65 69 1
65 72 1
65 75 1
65 85 1
65 91 1
65 93 1
65 104 1
65 108 1
65 124 1
65 127 1
65 138 1
65 142 1
65 143 1
65 144 1
65 149 1
65 153 1
65 158 1
65 159 1
66 67 1
66 70 1
66 76 1
66 78 1
66 79 1
66 80 1
66 84 1
66 112 1
66 122 1
66 128 1
66 137 1
66 153 1
66 158 1
67 71 1
67 78 1
67 89 1
67 92 1
67 96 1
67 116 1
67 120 1
67 121 1
67 146 1
68 77 1
68 88 1
68 90 1
68 102 1
68 107 1
68 118 1
68 122 1
68 123 1
68 124 1
68 139 1
68 141 1
68 151 1
68 159 1
69 74 1
69 77 1
69 83 1
69 97 1
69 112 1
69 113 1
69 118 1
69 125 1
69 139 1
69 153 1
70 86 1
70 89 1
70 108 1
70 109 1
70 113 1
70 115 1
70 120 1
70 126 1
70 128 1
70 136 1
70 150 1
70 154 1
71 72 1
71 74 1
71 77 1
71 79 1
71 81 1
71 90 1
71 98 1
71 102 1
71 139 1
71 155 1
71 159 1
72 77 1
72 80 1
72 109 1
72 117 1
72 120 1
72 122 1
72 126 1
72 131 1
72 134 1
72 145 1
72 147 1
72 150 1
72 158 1
73 74 1
73 76 1
73 77 1
73 81 1
73 83 1
73 84 1
73 86 1
73 105 1
73 106 1
73 111 1
73 112 1
73 113 1
73 124 1
73 132 1
73 139 1
73 148 1
73 153 1
73 159 1
74 113 1
74 123 1
74 125 1
74 127 1
74 131 1
74 132 1
74 136 1
74 156 1
74 157 1
75 82 1
75 90 1
75 95 1
75 96 1
75 98 1
75 99 1
75 100 1
75 101 1
75 104 1
75 107 1
75 111 1
75 119 1
75 137 1
75 143 1
76 87 1
76 89 1
76 105 1
76 114 1
76 115 1
76 118 1
76 130 1
76 135 1
76 159 1
77 88 1
77 90 1
77 91 1
77 100 1
77 101 1
77 109 1
77 114 1
77 153 1
77 155 1
77 157 1
78 81 1
78 87 1
78 98 1
78 107 1
78 110 1
78 111 1
78 135 1
78 140 1
78 155 1
79 81 1
79 90 1
79 106 1
79 124 1
79 125 1
79 133 1
79 135 1
79 145 1
79 146 1
79 147 1
79 150 1
80 81 1
80 116 1
80 129 1
80 143 1
80 150 1
81 83 1
81 86 1
81 87 1
81 99 1
81 100 1
81 108 1
81 132 1
81 152 1
82 86 1
82 87 1
82 90 1
82 97 1
82 99 1
82 102 1
82 107 1
82 117 1
82 121 1
82 139 1
82 141 1
82 154 1
83 84 1
83 114 1
83 115 1
83 126 1
83 129 1
83 144 1
83 148 1
83 151 1
84 87 1
84 88 1
84 91 1
84 95 1
84 99 1
84 106 1
84 119 1
84 126 1
84 134 1
84 136 1
84 139 1
84 149 1
84 153 1
84 154 1
84 157 1
84 158 1
85 95 1
85 111 1
85 113 1
85 115 1
85 120 1
85 124 1
85 125 1
85 132 1
85 135 1
86 87 1
86 101 1
86 102 1
86 106 1
86 113 1
86 118 1
86 120 1
86 127 1
86 138 1
86 139 1
86 146 1
86 151 1
86 152 1
87 93 1
87 96 1
87 117 1
87 123 1
87 128 1
87 141 1
88 93 1
88 102 1
88 105 1
88 109 1
88 110 1
88 111 1
88 115 1
88 122 1
88 132 1
88 139 1
88 155 1
88 159 1
89 96 1
89 112 1
89 114 1
89 122 1
89 127 1
89 150 1
89 151 1
89 153 1
89 157 1
89 158 1
90 94 1
90 98 1
90 107 1
90 108 1
90 122 1
90 128 1
90 139 1
90 145 1
90 146 1
90 153 1
91 95 1
91 99 1
91 102 1
91 126 1
91 129 1
91 140 1
91 145 1
91 150 1
91 159 1
92 95 1
92 107 1
92 118 1
92 120 1
92 132 1
92 138 1
92 144 1
92 145 1
92 146 1
92 151 1
93 95 1
93 98 1
93 100 1
93 102 1
93 109 1
93 114 1
93 115 1
93 127 1
93 140 1
93 143 1
93 152 1
93 156 1
94 111 1
94 112 1
94 117 1
94 127 1
94 129 1
94 151 1
94 154 1
95 99 1
95 104 1
95 115 1
95 120 1
95 128 1
95 143 1
95 146 1
95 151 1
95 157 1
96 98 1
96 110 1
96 111 1
96 118 1
96 142 1
96 150 1
97 98 1
97 104 1
97 107 1
97 109 1
97 123 1
97 135 1
97 146 1
98 102 1
98 109 1
98 110 1
98 135 1
98 136 1
98 138 1
98 141 1
98 142 1
98 150 1
99 126 1
99 155 1
99 156 1
100 102 1
100 119 1
100 122 1
100 123 1
100 124 1
100 130 1
100 142 1
100 146 1
100 147 1
101 107 1
101 109 1
101 110 1
101 111 1
101 113 1
101 117 1
101 138 1
101 150 1
102 115 1
102 125 1
102 131 1
102 132 1
102 139 1
102 155 1
102 159 1
103 107 1
103 114 1
103 117 1
103 122 1
103 123 1
103 126 1
103 128 1
103 133 1
103 136 1
103 140 1
104 105 1
104 107 1
104 109 1
104 113 1
104 114 1
104 128 1
104 129 1
104 134 1
104 138 1
104 140 1
104 141 1
104 156 1
104 159 1
105 106 1
105 108 1
105 118 1
105 127 1
105 128 1
105 129 1
105 156 1
106 114 1
106 115 1
106 119 1
106 123 1
106 128 1
106 131 1
106 139 1
106 145 1
107 115 1
107 121 1
107 125 1
107 136 1
107 137 1
107 140 1
107 141 1
107 158 1
107 159 1
108 122 1
108 126 1
108 140 1
108 147 1
108 153 1
109 124 1
109 125 1
109 127 1
109 129 1
109 131 1
109 142 1
109 147 1
109 149 1
109 153 1
110 111 1
110 113 1
110 140 1
110 152 1
110 155 1
111 117 1
111 144 1
111 148 1
111 149 1
112 126 1
112 129 1
112 132 1
112 138 1
112 146 1
112 159 1
113 114 1
113 116 1
113 128 1
113 134 1
113 152 1
113 153 1
113 156 1
113 158 1
114 135 1
114 145 1
114 147 1
114 158 1
115 124 1
115 126 1
115 140 1
115 144 1
115 151 1
115 155 1
116 128 1
116 130 1
116 133 1
116 142 1
117 119 1
117 130 1
117 144 1
117 148 1
118 123 1
118 136 1
118 140 1
118 149 1
118 153 1
118 154 1
118 159 1
119 145 1
119 155 1
119 158 1
120 142 1
120 144 1
120 148 1
120 151 1
121 137 1
121 144 1
121 145 1
122 123 1
122 135 1
122 138 1
122 139 1
122 148 1
122 154 1
122 157 1
123 129 1
123 143 1
123 144 1
123 153 1
123 155 1
123 156 1
124 132 1
124 135 1
124 142 1
124 158 1
125 126 1
125 136 1
125 152 1
125 153 1
125 159 1
126 134 1
126 142 1
126 155 1
126 158 1
126 159 1
127 153 1
128 151 1
128 155 1
129 135 1
129 145 1
129 149 1
129 158 1
130 139 1
131 134 1
131 140 1
132 140 1
132 141 1
132 150 1
133 140 1
133 149 1
133 158 1
134 135 1
134 141 1
135 154 1
135 158 1
136 140 1
136 141 1
136 145 1
136 154 1
136 157 1
137 140 1
137 143 1
137 145 1
137 150 1
138 142 1
138 146 1
138 154 1
139 142 1
139 145 1
139 146 1
140 150 1
141 142 1
141 157 1
142 144 1
142 152 1
142 153 1
142 158 1
143 150 1
143 158 1
144 145 1
144 148 1
144 149 1
144 158 1
145 147 1
146 154 1
146 156 1
147 148 1
147 150 1
147 156 1
148 151 1
148 156 1
149 158 1
150 152 1
151 152 1
152 156 1
152 159 1
1
77 117 51 1 38 157 152 71 120 30 41 103 37 147 67 24
