1729
0 14 1
0 15 1
0 20 1
0 24 1
0 36 1
0 44 1
0 56 1
0 57 1
0 74 1
0 82 1
0 86 1
0 98 1
0 112 1
0 113 1
0 114 1
0 122 1
0 138 1
1 5 1
1 16 1
1 27 1
1 30 1
1 31 1
1 38 1
1 39 1
1 44 1
1 56 1
1 62 1
1 72 1
1 75 1
1 79 1
1 99 1
1 103 1
1 115 1
1 123 1
1 124 1
1 126 1
1 127 1
1 135 1
1 137 1
1 162 1
2 10 1
2 11 1
2 12 1
2 18 1
2 23 1
2 25 1
2 27 1
2 46 1
2 52 1
2 71 1
2 107 1
2 110 1
2 130 1
2 135 1
2 136 1
2 141 1
2 156 1
2 169 1
3 13 1
3 15 1
3 16 1
3 42 1
3 48 1
3 49 1
3 70 1
3 72 1
3 84 1
3 86 1
3 109 1
3 111 1
3 120 1
3 121 1
3 125 1
3 141 1
3 153 1
4 11 1
4 35 1
4 38 1
4 42 1
4 46 1
4 49 1
4 66 1
4 67 1
4 68 1
4 70 1
4 84 1
4 88 1
4 90 1
4 94 1
4 124 1
4 126 1
4 127 1
4 128 1
4 140 1
4 159 1
4 162 1
4 164 1
5 8 1
5 10 1
5 33 1
5 41 1
5 64 1
5 74 1
5 78 1
5 81 1
5 107 1
5 117 1
5 119 1
5 127 1
5 140 1
5 151 1
5 152 1
5 160 1
5 165 1
6 8 1
6 40 1
6 44 1
6 54 1
6 58 1
6 60 1
6 77 1
6 80 1
6 99 1
6 103 1
6 110 1
6 111 1
6 113 1
6 118 1
6 121 1
6 126 1
6 148 1
6 162 1
7 25 1
7 38 1
7 40 1
7 52 1
7 80 1
7 88 1
7 93 1
7 99 1
7 123 1
7 125 1
7 135 1
7 143 1
7 150 1
7 151 1
7 159 1
8 18 1
8 55 1
8 57 1
8 67 1
8 74 1
8 80 1
8 103 1
8 106 1
8 127 1
8 128 1
8 133 1
8 138 1
8 143 1
8 155 1
8 162 1
8 166 1
8 167 1
9 16 1
9 19 1
9 29 1
9 32 1
9 55 1
9 77 1
9 78 1
9 92 1
9 110 1
9 127 1
9 132 1
9 158 1
9 159 1
9 167 1
10 17 1
10 19 1
10 27 1
10 36 1
10 42 1
10 53 1
10 54 1
10 57 1
10 60 1
10 63 1
10 64 1
10 83 1
10 86 1
10 90 1
10 97 1
10 110 1
10 124 1
10 127 1
10 129 1
10 159 1
10 163 1
11 21 1
11 30 1
11 44 1
11 65 1
11 75 1
11 80 1
11 91 1
11 97 1
11 107 1
11 110 1
11 115 1
11 131 1
11 138 1
11 140 1
11 149 1
11 165 1
12 18 1
12 26 1
12 30 1
12 34 1
12 35 1
12 44 1
12 46 1
12 47 1
12 48 1
12 49 1
12 53 1
12 57 1
12 64 1
12 65 1
12 70 1
12 79 1
12 104 1
12 109 1
12 110 1
12 112 1
12 138 1
12 140 1
12 142 1
13 16 1
13 21 1
13 29 1
13 30 1
13 31 1
13 39 1
13 40 1
13 44 1
13 48 1
13 65 1
13 95 1
13 98 1
13 100 1
13 104 1
13 106 1
13 107 1
13 109 1
13 119 1
13 140 1
13 148 1
13 159 1
13 165 1
13 167 1
14 17 1
14 25 1
14 48 1
14 50 1
14 63 1
14 64 1
14 66 1
14 71 1
14 86 1
14 93 1
14 94 1
14 95 1
14 101 1
14 112 1
14 122 1
14 123 1
14 126 1
14 134 1
14 144 1
14 160 1
15 27 1
15 28 1
15 29 1
15 36 1
15 58 1
15 61 1
15 62 1
15 70 1
15 81 1
15 91 1
15 103 1
15 106 1
15 109 1
15 111 1
15 128 1
15 129 1
15 135 1
15 144 1
15 151 1
15 161 1
15 163 1
15 164 1
16 21 1
16 23 1
16 29 1
16 36 1
16 40 1
16 46 1
16 48 1
16 77 1
16 80 1
16 98 1
16 127 1
16 144 1
16 150 1
16 159 1
16 163 1
16 166 1
17 33 1
17 51 1
17 55 1
17 56 1
17 74 1
17 79 1
17 85 1
17 86 1
17 94 1
17 102 1
17 103 1
17 109 1
17 117 1
17 121 1
17 143 1
17 148 1
17 153 1
17 155 1
18 36 1
18 38 1
18 39 1
18 43 1
18 53 1
18 61 1
18 74 1
18 80 1
18 81 1
18 83 1
18 85 1
18 89 1
18 104 1
18 117 1
18 127 1
18 129 1
18 133 1
18 136 1
18 148 1
18 158 1
18 167 1
19 21 1
19 40 1
19 46 1
19 52 1
19 64 1
19 80 1
19 99 1
19 106 1
19 113 1
19 119 1
19 123 1
19 127 1
19 137 1
19 147 1
19 151 1
19 156 1
19 158 1
19 168 1
19 169 1
20 25 1
20 28 1
20 39 1
20 51 1
20 56 1
20 62 1
20 65 1
20 69 1
20 75 1
20 77 1
20 78 1
20 79 1
20 93 1
20 98 1
20 106 1
20 108 1
20 111 1
20 114 1
20 117 1
20 124 1
20 127 1
20 128 1
20 134 1
20 137 1
20 138 1
20 147 1
20 151 1
20 164 1
20 166 1
20 168 1
20 169 1
21 29 1
21 49 1
21 51 1
21 57 1
21 68 1
21 92 1
21 114 1
21 115 1
21 124 1
21 151 1
21 158 1
21 163 1
22 29 1
22 39 1
22 46 1
22 50 1
22 54 1
22 76 1
22 79 1
22 86 1
22 87 1
22 91 1
22 92 1
22 108 1
22 125 1
22 128 1
22 131 1
22 132 1
22 148 1
22 157 1
22 161 1
23 35 1
23 42 1
23 59 1
23 67 1
23 68 1
23 77 1
23 80 1
23 83 1
23 90 1
23 100 1
23 120 1
23 123 1
23 126 1
23 130 1
23 136 1
23 144 1
23 147 1
23 149 1
23 160 1
24 29 1
24 34 1
24 45 1
24 55 1
24 60 1
24 68 1
24 79 1
24 81 1
24 92 1
24 95 1
24 101 1
24 104 1
24 113 1
24 115 1
24 130 1
24 151 1
24 161 1
25 33 1
25 37 1
25 38 1
25 62 1
25 74 1
25 83 1
25 84 1
25 91 1
25 92 1
25 93 1
25 105 1
25 115 1
25 131 1
25 136 1
25 142 1
25 143 1
25 152 1
25 160 1
25 164 1
25 168 1
26 36 1
26 43 1
26 46 1
26 50 1
26 51 1
26 56 1
26 63 1
26 71 1
26 101 1
26 106 1
26 117 1
26 124 1
26 142 1
26 148 1
26 153 1
26 159 1
26 167 1
27 39 1
27 40 1
27 53 1
27 61 1
27 71 1
27 74 1
27 97 1
27 106 1
27 137 1
27 139 1
27 140 1
27 145 1
27 150 1
27 166 1
27 168 1
27 169 1
28 46 1
28 48 1
28 49 1
28 54 1
28 55 1
28 72 1
28 76 1
28 83 1
28 84 1
28 88 1
28 108 1
28 109 1
28 110 1
28 112 1
28 130 1
28 134 1
28 142 1
28 149 1
29 32 1
29 33 1
29 64 1
29 71 1
29 91 1
29 97 1
29 104 1
29 109 1
29 115 1
29 124 1
29 127 1
29 134 1
29 137 1
29 141 1
29 158 1
29 167 1
30 37 1
30 40 1
30 45 1
30 47 1
30 50 1
30 63 1
30 76 1
30 85 1
30 91 1
30 92 1
30 94 1
30 95 1
30 99 1
30 101 1
30 107 1
30 121 1
30 123 1
30 124 1
30 128 1
30 130 1
30 142 1
30 165 1
31 41 1
31 43 1
31 44 1
31 51 1
31 55 1
31 67 1
31 68 1
31 69 1
31 75 1
31 82 1
31 93 1
31 94 1
31 95 1
31 115 1
31 136 1
31 141 1
31 144 1
31 149 1
31 151 1
31 167 1
32 39 1
32 51 1
32 62 1
32 64 1
32 69 1
32 70 1
32 78 1
32 79 1
32 94 1
32 96 1
32 101 1
32 128 1
32 133 1
32 147 1
32 169 1
33 35 1
33 36 1
33 60 1
33 74 1
33 76 1
33 84 1
33 106 1
33 111 1
33 113 1
33 122 1
33 147 1
33 154 1
34 40 1
34 41 1
34 45 1
34 55 1
34 60 1
34 69 1
34 73 1
34 80 1
34 91 1
34 96 1
34 99 1
34 116 1
34 130 1
34 132 1
34 135 1
34 149 1
34 151 1
34 158 1
34 159 1
35 54 1
35 71 1
35 74 1
35 83 1
35 89 1
35 99 1
35 100 1
35 107 1
35 115 1
35 121 1
35 144 1
35 145 1
35 151 1
36 37 1
36 44 1
36 49 1
36 66 1
36 76 1
36 83 1
36 89 1
36 122 1
36 126 1
36 133 1
36 149 1
36 156 1
37 42 1
37 45 1
37 54 1
37 56 1
37 60 1
37 65 1
37 71 1
37 80 1
37 86 1
37 115 1
37 121 1
37 124 1
37 129 1
37 137 1
37 145 1
37 154 1
37 162 1
37 166 1
38 48 1
38 49 1
38 52 1
38 54 1
38 63 1
38 64 1
38 66 1
38 78 1
38 79 1
38 84 1
38 86 1
38 99 1
38 101 1
38 118 1
38 135 1
38 142 1
38 144 1
38 164 1
38 166 1
38 169 1
39 91 1
39 97 1
39 101 1
39 128 1
39 143 1
39 148 1
39 161 1
39 165 1
39 167 1
40 49 1
40 51 1
40 57 1
40 84 1
40 85 1
40 90 1
40 95 1
40 100 1
40 104 1
40 115 1
40 128 1
40 129 1
40 134 1
40 136 1
40 147 1
40 169 1
41 42 1
41 52 1
41 78 1
41 94 1
41 96 1
41 103 1
41 104 1
41 107 1
41 117 1
41 118 1
41 122 1
41 131 1
41 134 1
41 152 1
41 155 1
41 159 1
42 60 1
42 98 1
42 106 1
42 109 1
42 121 1
42 124 1
42 128 1
42 129 1
42 130 1
42 132 1
42 142 1
42 144 1
42 153 1
42 160 1
43 47 1
43 61 1
43 68 1
43 73 1
43 77 1
43 89 1
43 94 1
43 95 1
43 98 1
43 102 1
43 105 1
43 107 1
43 113 1
43 122 1
43 126 1
43 132 1
43 148 1
43 153 1
43 166 1
44 46 1
44 48 1
44 49 1
44 58 1
44 77 1
44 80 1
44 81 1
44 91 1
44 103 1
44 112 1
44 114 1
44 116 1
44 126 1
44 130 1
44 143 1
44 144 1
44 154 1
44 161 1
44 167 1
45 46 1
45 62 1
45 91 1
45 111 1
45 115 1
45 123 1
45 125 1
45 127 1
45 151 1
46 49 1
46 52 1
46 53 1
46 57 1
46 75 1
46 83 1
46 87 1
46 89 1
46 96 1
46 132 1
46 141 1
46 150 1
46 155 1
46 157 1
47 48 1
47 49 1
47 52 1
47 59 1
47 64 1
47 67 1
47 73 1
47 76 1
47 80 1
47 83 1
47 92 1
47 98 1
47 134 1
47 142 1
47 143 1
47 147 1
47 154 1
47 155 1
47 157 1
48 56 1
48 82 1
48 84 1
48 88 1
48 95 1
48 107 1
48 117 1
48 118 1
48 124 1
48 127 1
48 132 1
48 156 1
48 167 1
48 168 1
48 169 1
49 56 1
49 68 1
49 72 1
49 73 1
49 76 1
49 79 1
49 83 1
49 95 1
49 100 1
49 108 1
49 109 1
49 110 1
49 119 1
49 123 1
49 131 1
49 141 1
49 149 1
49 161 1
49 163 1
49 168 1
50 66 1
50 70 1
50 71 1
50 73 1
50 76 1
50 83 1
50 88 1
50 91 1
50 114 1
50 115 1
50 120 1
50 122 1
50 123 1
50 124 1
50 135 1
50 142 1
50 150 1
50 157 1
50 161 1
50 167 1
50 168 1
51 53 1
51 57 1
51 79 1
51 81 1
51 83 1
51 101 1
51 109 1
51 113 1
51 114 1
51 121 1
51 140 1
51 153 1
52 67 1
52 71 1
52 78 1
52 84 1
52 93 1
52 103 1
52 106 1
52 108 1
52 109 1
52 112 1
52 119 1
52 125 1
52 129 1
52 130 1
52 133 1
52 135 1
52 140 1
52 141 1
52 143 1
52 144 1
52 154 1
52 168 1
53 59 1
53 68 1
53 70 1
53 74 1
53 82 1
53 89 1
53 93 1
53 100 1
53 110 1
53 141 1
53 155 1
54 57 1
54 65 1
54 71 1
54 76 1
54 79 1
54 99 1
54 104 1
54 106 1
54 127 1
54 133 1
55 67 1
55 68 1
55 73 1
55 77 1
55 83 1
55 95 1
55 101 1
55 105 1
55 128 1
55 136 1
55 158 1
56 69 1
56 71 1
56 89 1
56 109 1
56 116 1
56 131 1
56 133 1
56 135 1
56 140 1
56 150 1
56 156 1
56 163 1
57 59 1
57 69 1
57 75 1
57 76 1
57 93 1
57 96 1
57 100 1
57 101 1
57 136 1
57 152 1
57 157 1
57 163 1
58 59 1
58 64 1
58 71 1
58 72 1
58 78 1
58 113 1
58 117 1
58 122 1
58 139 1
58 140 1
58 141 1
58 145 1
58 147 1
58 154 1
59 77 1
59 91 1
59 92 1
59 94 1
59 95 1
59 106 1
59 110 1
59 115 1
59 133 1
59 150 1
59 158 1
59 165 1
60 75 1
60 94 1
60 96 1
60 99 1
60 100 1
60 102 1
60 110 1
60 113 1
60 127 1
60 128 1
60 138 1
60 146 1
60 151 1
60 156 1
61 64 1
61 69 1
61 80 1
61 87 1
61 88 1
61 101 1
61 122 1
61 123 1
61 141 1
61 155 1
62 63 1
62 78 1
62 93 1
62 96 1
62 98 1
62 107 1
62 127 1
62 128 1
62 129 1
62 132 1
62 151 1
62 153 1
62 159 1
62 161 1
63 68 1
63 73 1
63 79 1
63 87 1
63 108 1
63 115 1
63 126 1
63 141 1
63 157 1
63 165 1
63 167 1
64 68 1
64 75 1
64 79 1
64 81 1
64 86 1
64 99 1
64 102 1
64 112 1
64 116 1
64 119 1
64 122 1
64 124 1
64 142 1
64 168 1
65 80 1
65 91 1
65 115 1
65 118 1
65 126 1
65 130 1
65 131 1
65 138 1
65 141 1
65 148 1
65 153 1
65 160 1
65 161 1
66 71 1
66 77 1
66 100 1
66 107 1
66 110 1
66 130 1
66 137 1
66 141 1
66 142 1
66 150 1
66 152 1
66 153 1
66 160 1
66 166 1
67 71 1
67 72 1
67 74 1
67 77 1
67 92 1
67 93 1
67 121 1
67 124 1
67 125 1
67 150 1
67 158 1
68 72 1
68 100 1
68 102 1
68 111 1
68 119 1
68 124 1
68 134 1
68 137 1
68 143 1
68 153 1
68 157 1
68 158 1
69 74 1
69 85 1
69 105 1
69 111 1
69 123 1
69 141 1
69 142 1
70 71 1
70 76 1
70 90 1
70 99 1
70 102 1
70 105 1
70 108 1
70 121 1
70 140 1
70 143 1
70 152 1
70 155 1
70 168 1
71 114 1
71 115 1
71 149 1
71 164 1
72 79 1
72 84 1
72 102 1
72 104 1
72 110 1
72 115 1
72 120 1
72 152 1
72 154 1
72 155 1
72 163 1
72 169 1
73 78 1
73 80 1
73 91 1
73 94 1
73 97 1
73 109 1
73 117 1
73 121 1
73 127 1
73 129 1
73 130 1
73 133 1
73 161 1
73 165 1
74 82 1
74 96 1
74 102 1
74 105 1
74 112 1
74 119 1
74 120 1
74 122 1
74 136 1
74 137 1
74 138 1
74 153 1
74 160 1
75 76 1
75 85 1
75 96 1
75 110 1
75 114 1
75 121 1
75 126 1
75 147 1
75 158 1
75 160 1
75 163 1
75 165 1
75 168 1
76 98 1
76 99 1
76 104 1
76 107 1
76 110 1
76 112 1
76 141 1
76 142 1
76 151 1
77 78 1
77 84 1
77 92 1
77 108 1
77 112 1
77 113 1
77 133 1
77 148 1
77 162 1
78 79 1
78 81 1
78 89 1
78 91 1
78 105 1
78 106 1
78 122 1
78 124 1
78 125 1
78 126 1
78 159 1
78 166 1
79 86 1
79 100 1
79 106 1
79 110 1
79 164 1
80 83 1
80 84 1
80 95 1
80 106 1
80 109 1
80 121 1
80 122 1
80 126 1
80 139 1
80 144 1
80 149 1
80 155 1
80 160 1
80 168 1
81 84 1
81 94 1
81 97 1
81 103 1
81 105 1
81 106 1
81 119 1
81 123 1
81 143 1
81 157 1
81 160 1
81 162 1
81 163 1
82 86 1
82 99 1
82 109 1
82 112 1
82 117 1
82 130 1
82 134 1
82 142 1
82 149 1
82 151 1
82 156 1
82 160 1
82 161 1
83 100 1
83 121 1
83 132 1
83 134 1
83 142 1
83 163 1
83 167 1
84 86 1
84 91 1
84 101 1
84 103 1
84 120 1
84 132 1
84 134 1
84 147 1
84 155 1
84 163 1
84 169 1
85 90 1
85 102 1
85 106 1
85 107 1
85 121 1
85 129 1
85 131 1
85 134 1
85 156 1
85 164 1
85 165 1
85 167 1
86 87 1
86 96 1
86 105 1
86 122 1
86 139 1
86 140 1
86 142 1
86 148 1
86 149 1
86 161 1
87 89 1
87 91 1
87 98 1
87 103 1
87 114 1
87 118 1
87 123 1
87 126 1
87 127 1
87 147 1
87 155 1
87 159 1
87 161 1
87 167 1
88 111 1
88 114 1
88 119 1
88 128 1
88 131 1
88 137 1
88 139 1
88 152 1
88 163 1
88 164 1
89 95 1
89 96 1
89 97 1
89 98 1
89 105 1
89 117 1
89 125 1
89 133 1
89 141 1
89 147 1
89 156 1
90 103 1
90 113 1
90 122 1
90 125 1
90 135 1
90 136 1
90 144 1
90 154 1
90 166 1
91 97 1
91 100 1
91 103 1
91 111 1
91 132 1
91 140 1
91 155 1
91 169 1
92 102 1
92 111 1
92 134 1
92 147 1
92 161 1
92 162 1
92 164 1
93 97 1
93 109 1
93 119 1
93 125 1
93 152 1
93 161 1
93 167 1
94 100 1
94 130 1
94 135 1
94 162 1
94 166 1
95 119 1
95 123 1
95 128 1
95 141 1
95 147 1
96 99 1
96 100 1
96 102 1
96 104 1
96 130 1
96 143 1
96 149 1
96 165 1
97 102 1
97 111 1
97 140 1
97 145 1
97 148 1
97 151 1
97 152 1
97 154 1
97 167 1
97 168 1
98 105 1
98 107 1
98 113 1
98 116 1
98 124 1
98 144 1
98 153 1
98 156 1
98 157 1
99 105 1
99 108 1
99 115 1
99 134 1
99 136 1
99 137 1
99 138 1
99 145 1
99 146 1
99 149 1
99 153 1
99 154 1
99 163 1
99 168 1
100 112 1
100 118 1
100 120 1
100 122 1
100 132 1
100 133 1
100 139 1
100 163 1
100 166 1
100 168 1
101 118 1
101 122 1
101 144 1
101 149 1
101 152 1
101 160 1
102 103 1
102 104 1
102 106 1
102 124 1
102 125 1
102 127 1
102 128 1
102 132 1
102 160 1
102 167 1
103 106 1
103 126 1
103 143 1
103 156 1
103 161 1
103 163 1
103 167 1
103 169 1
104 113 1
104 120 1
104 125 1
104 138 1
104 144 1
104 150 1
105 116 1
105 148 1
105 161 1
106 122 1
106 124 1
106 125 1
106 127 1
106 134 1
106 136 1
106 146 1
106 155 1
106 157 1
106 163 1
106 169 1
107 114 1
107 121 1
107 125 1
107 131 1
107 139 1
107 146 1
107 156 1
107 161 1
107 162 1
108 109 1
108 119 1
108 122 1
108 133 1
108 138 1
108 146 1
108 147 1
109 118 1
109 121 1
109 124 1
109 131 1
109 140 1
109 142 1
109 161 1
109 164 1
109 166 1
110 117 1
110 122 1
110 125 1
110 136 1
110 144 1
110 149 1
110 158 1
110 167 1
111 132 1
111 140 1
111 166 1
112 114 1
112 115 1
112 117 1
112 119 1
112 124 1
112 135 1
112 140 1
112 144 1
112 150 1
112 154 1
112 162 1
112 163 1
112 164 1
112 165 1
113 128 1
113 144 1
113 147 1
113 166 1
114 116 1
114 123 1
114 132 1
114 144 1
114 159 1
114 169 1
115 134 1
115 135 1
115 142 1
115 148 1
115 158 1
115 160 1
116 117 1
116 121 1
116 125 1
116 133 1
116 137 1
116 146 1
116 148 1
116 151 1
116 154 1
116 157 1
117 129 1
117 135 1
117 144 1
117 146 1
117 155 1
118 119 1
118 121 1
118 129 1
118 130 1
118 133 1
118 142 1
118 148 1
118 153 1
118 154 1
118 167 1
119 152 1
119 163 1
119 164 1
120 130 1
120 139 1
120 140 1
120 147 1
120 153 1
120 164 1
121 141 1
121 144 1
121 162 1
121 166 1
122 125 1
122 136 1
122 143 1
122 145 1
122 150 1
122 167 1
123 127 1
123 139 1
123 142 1
123 146 1
123 147 1
123 153 1
123 157 1
124 128 1
124 131 1
124 141 1
124 142 1
124 156 1
124 160 1
125 132 1
125 136 1
125 141 1
125 158 1
125 168 1
126 128 1
126 130 1
126 136 1
126 142 1
126 151 1
126 152 1
126 155 1
126 166 1
127 129 1
127 130 1
127 142 1
127 153 1
128 152 1
128 159 1
128 162 1
129 132 1
129 137 1
129 149 1
130 133 1
130 137 1
130 156 1
130 160 1
130 163 1
130 169 1
131 144 1
131 148 1
131 152 1
131 166 1
131 167 1
131 168 1
132 139 1
132 151 1
132 165 1
133 166 1
134 140 1
134 145 1
134 157 1
134 160 1
135 141 1
135 145 1
135 160 1
135 163 1
136 138 1
137 157 1
137 162 1
138 144 1
138 166 1
138 167 1
139 149 1
139 159 1
139 164 1
139 169 1
140 143 1
140 153 1
140 161 1
141 142 1
141 148 1
141 150 1
141 152 1
141 156 1
141 157 1
141 161 1
141 167 1
142 149 1
142 154 1
142 160 1
143 162 1
143 164 1
144 146 1
144 157 1
144 159 1
144 162 1
145 159 1
146 162 1
147 155 1
147 163 1
148 153 1
148 157 1
148 158 1
148 161 1
149 151 1
150 154 1
150 166 1
151 160 1
151 169 1
153 161 1
153 164 1
153 165 1
154 165 1
155 158 1
156 158 1
156 169 1
157 158 1
157 163 1
157 165 1
158 164 1
158 169 1
159 161 1
159 166 1
161 167 1
162 164 1
162 168 1
163 165 1
163 168 1
164 166 1
164 168 1
1
168 103 140 31 125 159 30 167 29 86 169 146 78 136 21 16 36
