1441
0 19 1
0 22 1
0 24 1
0 41 1
0 44 1
0 49 1
0 61 1
0 64 1
0 76 1
0 77 1
0 89 1
0 93 1
0 94 1
0 109 1
0 112 1
0 118 1
0 119 1
0 122 1
0 140 1
0 146 1
0 148 1
1 2 1
1 3 1
1 23 1
1 24 1
1 35 1
1 36 1
1 42 1
1 55 1
1 72 1
1 73 1
1 75 1
1 79 1
1 81 1
1 82 1
1 84 1
1 103 1
1 104 1
1 115 1
1 116 1
1 119 1
1 134 1
1 135 1
1 137 1
1 138 1
1 142 1
2 9 1
2 11 1
2 15 1
2 21 1
2 22 1
2 28 1
2 31 1
2 37 1
2 40 1
2 51 1
2 57 1
2 65 1
2 74 1
2 75 1
2 83 1
2 85 1
2 88 1
2 90 1
2 103 1
2 106 1
2 113 1
2 115 1
2 116 1
2 127 1
2 141 1
2 145 1
2 148 1
3 5 1
3 7 1
3 17 1
3 20 1
3 24 1
3 31 1
3 46 1
3 53 1
3 55 1
3 57 1
3 79 1
3 116 1
3 119 1
3 121 1
3 125 1
3 131 1
3 142 1
3 143 1
4 17 1
4 42 1
4 48 1
4 53 1
4 54 1
4 62 1
4 68 1
4 83 1
4 84 1
4 89 1
4 95 1
4 102 1
4 126 1
4 132 1
4 139 1
4 146 1
4 147 1
5 20 1
5 37 1
5 45 1
5 60 1
5 76 1
5 78 1
5 80 1
5 83 1
5 86 1
5 87 1
5 96 1
5 101 1
5 102 1
5 104 1
5 113 1
5 116 1
5 124 1
5 135 1
6 13 1
6 16 1
6 23 1
6 36 1
6 38 1
6 39 1
6 49 1
6 51 1
6 55 1
6 59 1
6 72 1
6 81 1
6 93 1
6 100 1
6 108 1
6 113 1
6 125 1
6 128 1
6 135 1
6 137 1
7 13 1
7 14 1
7 20 1
7 21 1
7 34 1
7 41 1
7 66 1
7 69 1
7 81 1
7 88 1
7 90 1
7 96 1
7 101 1
7 107 1
7 115 1
7 119 1
7 137 1
8 12 1
8 29 1
8 42 1
8 64 1
8 67 1
8 70 1
8 71 1
8 78 1
8 80 1
8 82 1
8 91 1
8 104 1
8 113 1
8 139 1
9 39 1
9 45 1
9 64 1
9 65 1
9 79 1
9 84 1
9 91 1
9 98 1
9 100 1
9 103 1
9 107 1
9 115 1
9 120 1
9 127 1
10 17 1
10 23 1
10 31 1
10 47 1
10 55 1
10 69 1
10 79 1
10 83 1
10 89 1
10 97 1
10 98 1
10 102 1
10 111 1
10 120 1
10 122 1
10 129 1
10 130 1
10 136 1
10 137 1
10 145 1
10 147 1
11 15 1
11 19 1
11 34 1
11 59 1
11 75 1
11 88 1
11 97 1
11 102 1
11 108 1
11 114 1
11 119 1
11 137 1
11 143 1
11 145 1
11 149 1
12 17 1
12 27 1
12 54 1
12 55 1
12 62 1
12 63 1
12 84 1
12 99 1
12 118 1
12 132 1
12 136 1
12 146 1
12 148 1
13 18 1
13 20 1
13 30 1
13 33 1
13 37 1
13 45 1
13 109 1
13 111 1
13 123 1
13 136 1
13 139 1
13 146 1
13 148 1
14 21 1
14 31 1
14 33 1
14 37 1
14 41 1
14 45 1
14 54 1
14 73 1
14 93 1
14 94 1
14 101 1
14 105 1
14 106 1
14 113 1
14 117 1
14 127 1
14 128 1
14 129 1
15 18 1
15 23 1
15 31 1
15 33 1
15 34 1
15 49 1
15 55 1
15 62 1
15 66 1
15 79 1
15 96 1
15 99 1
15 113 1
15 139 1
15 142 1
16 17 1
16 29 1
16 40 1
16 44 1
16 45 1
16 55 1
16 76 1
16 79 1
16 88 1
16 90 1
16 95 1
16 96 1
16 105 1
16 113 1
16 120 1
16 122 1
16 135 1
16 143 1
16 145 1
16 148 1
17 19 1
17 25 1
17 43 1
17 51 1
17 61 1
17 62 1
17 81 1
17 84 1
17 92 1
17 101 1
17 105 1
17 107 1
17 114 1
17 115 1
17 117 1
17 122 1
17 124 1
17 138 1
17 143 1
18 21 1
18 29 1
18 31 1
18 38 1
18 41 1
18 50 1
18 62 1
18 64 1
18 65 1
18 67 1
18 91 1
18 97 1
18 100 1
18 113 1
18 121 1
18 128 1
18 133 1
18 136 1
18 142 1
19 24 1
19 31 1
19 45 1
19 67 1
19 82 1
19 83 1
19 84 1
19 88 1
19 89 1
19 90 1
19 95 1
19 97 1
19 98 1
19 117 1
19 122 1
19 124 1
20 21 1
20 28 1
20 36 1
20 39 1
20 43 1
20 55 1
20 58 1
20 61 1
20 67 1
20 86 1
20 89 1
20 95 1
20 100 1
20 106 1
20 117 1
20 129 1
20 139 1
20 148 1
21 23 1
21 26 1
21 33 1
21 34 1
21 46 1
21 48 1
21 62 1
21 68 1
21 75 1
21 87 1
21 97 1
21 99 1
21 100 1
21 112 1
21 113 1
21 126 1
21 127 1
21 133 1
21 134 1
21 136 1
21 146 1
21 149 1
22 23 1
22 25 1
22 26 1
22 27 1
22 40 1
22 43 1
22 45 1
22 54 1
22 56 1
22 61 1
22 63 1
22 66 1
22 80 1
22 107 1
22 110 1
22 117 1
22 122 1
22 134 1
23 25 1
23 34 1
23 50 1
23 67 1
23 88 1
23 91 1
23 94 1
23 95 1
23 96 1
23 125 1
23 138 1
24 29 1
24 40 1
24 74 1
24 76 1
24 78 1
24 88 1
24 95 1
24 98 1
24 102 1
24 110 1
24 121 1
24 125 1
24 130 1
24 132 1
24 140 1
24 143 1
24 144 1
25 27 1
25 31 1
25 53 1
25 76 1
25 77 1
25 80 1
25 94 1
25 101 1
25 106 1
25 111 1
25 124 1
25 129 1
25 131 1
25 135 1
26 46 1
26 47 1
26 49 1
26 52 1
26 57 1
26 65 1
26 66 1
26 73 1
26 76 1
26 77 1
26 87 1
26 117 1
26 122 1
26 131 1
26 133 1
26 139 1
27 28 1
27 51 1
27 52 1
27 57 1
27 74 1
27 83 1
27 85 1
27 101 1
27 118 1
27 149 1
28 37 1
28 40 1
28 48 1
28 55 1
28 79 1
28 91 1
28 95 1
28 98 1
28 99 1
28 104 1
28 129 1
28 133 1
28 142 1
28 143 1
29 43 1
29 59 1
29 65 1
29 69 1
29 79 1
29 92 1
29 93 1
29 101 1
29 104 1
29 113 1
29 115 1
29 121 1
29 126 1
30 41 1
30 71 1
30 81 1
30 97 1
30 105 1
30 108 1
30 111 1
30 123 1
30 127 1
30 134 1
30 135 1
30 136 1
30 140 1
30 143 1
30 148 1
30 149 1
31 32 1
31 41 1
31 54 1
31 66 1
31 67 1
31 69 1
31 74 1
31 80 1
31 82 1
31 84 1
31 90 1
31 92 1
31 93 1
31 94 1
31 98 1
31 100 1
31 104 1
31 108 1
31 126 1
31 137 1
32 42 1
32 54 1
32 57 1
32 59 1
32 64 1
32 66 1
32 81 1
32 87 1
32 96 1
32 107 1
32 109 1
32 116 1
32 117 1
32 118 1
32 119 1
32 122 1
32 139 1
33 34 1
33 47 1
33 49 1
33 53 1
33 68 1
33 69 1
33 85 1
33 98 1
33 113 1
33 114 1
33 137 1
33 140 1
34 52 1
34 58 1
34 60 1
34 66 1
34 97 1
34 99 1
34 104 1
34 106 1
34 111 1
34 129 1
34 130 1
34 134 1
34 139 1
34 140 1
34 149 1
35 39 1
35 41 1
35 45 1
35 48 1
35 73 1
35 82 1
35 90 1
35 103 1
35 104 1
35 110 1
35 126 1
35 136 1
35 141 1
36 47 1
36 62 1
36 68 1
36 70 1
36 72 1
36 73 1
36 81 1
36 85 1
36 92 1
36 93 1
36 95 1
36 98 1
37 52 1
37 60 1
37 61 1
37 63 1
37 66 1
37 67 1
37 70 1
37 78 1
37 79 1
37 80 1
37 85 1
37 86 1
37 98 1
37 109 1
37 114 1
37 115 1
37 133 1
37 138 1
37 140 1
38 41 1
38 52 1
38 56 1
38 64 1
38 66 1
38 71 1
38 78 1
38 90 1
38 103 1
38 108 1
38 113 1
38 114 1
38 117 1
38 123 1
38 130 1
38 135 1
38 149 1
39 53 1
39 59 1
39 61 1
39 66 1
39 77 1
39 79 1
39 97 1
39 125 1
39 131 1
39 138 1
39 139 1
39 142 1
39 143 1
40 50 1
40 58 1
40 70 1
40 79 1
40 91 1
40 104 1
40 108 1
40 115 1
40 131 1
40 133 1
41 56 1
41 60 1
41 61 1
41 90 1
41 99 1
41 100 1
41 115 1
41 119 1
41 122 1
41 126 1
41 131 1
41 135 1
41 137 1
42 58 1
42 60 1
42 63 1
42 68 1
42 81 1
42 83 1
42 84 1
42 105 1
42 108 1
42 109 1
42 118 1
42 124 1
42 129 1
42 143 1
43 45 1
43 49 1
43 52 1
43 61 1
43 67 1
43 83 1
43 86 1
43 88 1
43 93 1
43 102 1
43 108 1
43 123 1
43 128 1
43 131 1
43 145 1
43 146 1
44 58 1
44 64 1
44 77 1
44 78 1
44 79 1
44 81 1
44 83 1
44 88 1
44 94 1
44 110 1
44 111 1
44 114 1
44 124 1
44 130 1
44 131 1
44 135 1
44 141 1
45 53 1
45 63 1
45 66 1
45 76 1
45 79 1
45 88 1
45 98 1
45 103 1
45 128 1
45 134 1
45 147 1
46 58 1
46 59 1
46 64 1
46 77 1
46 78 1
46 80 1
46 110 1
46 119 1
46 129 1
46 130 1
46 140 1
46 147 1
47 53 1
47 60 1
47 70 1
47 76 1
47 87 1
47 90 1
47 94 1
47 106 1
47 111 1
47 117 1
47 128 1
47 136 1
47 137 1
47 142 1
47 143 1
48 58 1
48 59 1
48 63 1
48 71 1
48 78 1
48 81 1
48 83 1
48 84 1
48 96 1
48 103 1
48 115 1
48 148 1
49 55 1
49 58 1
49 60 1
49 69 1
49 94 1
49 108 1
49 110 1
49 113 1
49 115 1
49 121 1
49 127 1
49 132 1
49 135 1
50 55 1
50 60 1
50 61 1
50 74 1
50 79 1
50 85 1
50 93 1
50 99 1
50 100 1
50 109 1
50 112 1
50 126 1
50 130 1
50 135 1
50 144 1
50 149 1
51 64 1
51 74 1
51 75 1
51 79 1
51 81 1
51 82 1
51 111 1
51 136 1
51 148 1
51 149 1
52 71 1
52 72 1
52 81 1
52 100 1
52 113 1
52 114 1
52 124 1
52 126 1
52 134 1
52 144 1
53 71 1
53 87 1
53 96 1
53 105 1
53 114 1
53 115 1
53 124 1
53 125 1
53 126 1
54 59 1
54 67 1
54 74 1
54 92 1
54 114 1
54 124 1
54 130 1
54 134 1
54 138 1
54 142 1
54 147 1
55 60 1
55 65 1
55 74 1
55 91 1
55 92 1
55 93 1
55 94 1
55 98 1
55 110 1
55 114 1
55 117 1
55 128 1
55 129 1
55 132 1
56 61 1
56 67 1
56 69 1
56 70 1
56 73 1
56 84 1
56 85 1
56 87 1
56 90 1
56 108 1
56 110 1
56 121 1
56 128 1
56 141 1
56 147 1
57 60 1
57 64 1
57 74 1
57 77 1
57 87 1
57 92 1
57 93 1
57 97 1
57 114 1
57 144 1
58 63 1
58 71 1
58 90 1
58 94 1
58 108 1
58 109 1
58 111 1
58 117 1
58 121 1
58 127 1
59 64 1
59 67 1
59 74 1
59 80 1
59 91 1
59 92 1
59 102 1
59 110 1
59 114 1
59 117 1
59 119 1
59 135 1
59 143 1
60 81 1
60 94 1
60 98 1
60 104 1
60 105 1
60 110 1
60 122 1
60 133 1
60 141 1
61 71 1
61 73 1
61 89 1
61 96 1
61 98 1
61 99 1
61 102 1
61 105 1
61 106 1
61 112 1
61 116 1
61 125 1
61 134 1
61 142 1
61 144 1
61 149 1
62 72 1
62 86 1
62 110 1
62 120 1
62 127 1
62 143 1
63 79 1
63 83 1
63 94 1
63 95 1
63 105 1
63 110 1
63 125 1
63 131 1
63 132 1
63 139 1
63 145 1
64 85 1
64 94 1
64 99 1
64 101 1
64 125 1
64 146 1
65 70 1
65 71 1
65 81 1
65 106 1
65 113 1
65 127 1
65 128 1
65 144 1
65 147 1
65 149 1
66 71 1
66 87 1
66 88 1
66 105 1
66 110 1
66 126 1
66 127 1
66 128 1
66 131 1
66 147 1
67 72 1
67 74 1
67 78 1
67 80 1
67 86 1
67 90 1
67 93 1
67 99 1
67 106 1
67 108 1
67 109 1
67 112 1
67 119 1
67 121 1
67 142 1
67 143 1
68 70 1
68 72 1
68 75 1
68 76 1
68 82 1
68 91 1
68 97 1
68 102 1
68 118 1
68 120 1
68 123 1
68 131 1
68 140 1
68 144 1
68 146 1
69 79 1
69 82 1
69 85 1
69 88 1
69 105 1
69 112 1
69 113 1
69 133 1
69 145 1
69 148 1
70 73 1
70 76 1
70 80 1
70 83 1
70 93 1
70 95 1
70 96 1
70 98 1
70 107 1
70 112 1
70 113 1
70 121 1
70 122 1
70 134 1
70 135 1
71 83 1
71 98 1
71 101 1
71 105 1
71 121 1
71 133 1
71 138 1
71 149 1
72 73 1
72 89 1
72 96 1
72 111 1
72 113 1
72 123 1
72 132 1
73 80 1
73 84 1
73 87 1
73 90 1
73 98 1
73 102 1
73 103 1
73 108 1
73 112 1
74 89 1
74 92 1
74 94 1
74 98 1
74 105 1
74 119 1
74 120 1
74 131 1
74 132 1
74 142 1
74 144 1
75 82 1
75 83 1
75 87 1
75 105 1
75 118 1
75 132 1
75 137 1
75 148 1
76 83 1
76 84 1
76 90 1
76 92 1
76 97 1
76 108 1
76 113 1
76 115 1
76 141 1
77 78 1
77 82 1
77 83 1
77 115 1
77 119 1
77 133 1
77 143 1
78 83 1
78 85 1
78 88 1
78 95 1
78 96 1
78 118 1
78 120 1
78 123 1
78 129 1
78 135 1
78 140 1
78 149 1
79 86 1
79 93 1
79 98 1
79 103 1
79 105 1
79 115 1
79 124 1
79 126 1
79 138 1
79 142 1
79 143 1
80 84 1
80 90 1
80 92 1
80 115 1
80 128 1
80 131 1
80 132 1
80 139 1
80 143 1
80 147 1
81 95 1
81 104 1
81 105 1
81 111 1
81 124 1
81 139 1
81 144 1
81 145 1
81 146 1
82 89 1
82 90 1
82 93 1
82 94 1
82 101 1
82 122 1
82 133 1
82 136 1
82 145 1
83 84 1
83 91 1
83 93 1
83 120 1
83 121 1
83 122 1
83 128 1
83 148 1
84 91 1
84 92 1
84 114 1
84 127 1
84 132 1
84 133 1
84 136 1
84 146 1
85 89 1
85 91 1
85 127 1
85 130 1
85 136 1
86 104 1
86 112 1
86 123 1
86 126 1
86 127 1
86 138 1
87 107 1
87 122 1
87 138 1
87 140 1
87 145 1
87 146 1
88 91 1
88 105 1
88 135 1
88 136 1
88 137 1
88 145 1
89 114 1
89 121 1
89 126 1
89 127 1
89 134 1
89 138 1
89 144 1
89 147 1
89 148 1
89 149 1
90 91 1
90 95 1
90 102 1
90 103 1
90 121 1
90 131 1
90 132 1
90 134 1
90 145 1
91 109 1
91 110 1
91 125 1
91 127 1
91 130 1
91 134 1
91 139 1
91 140 1
91 142 1
91 147 1
92 94 1
92 96 1
92 101 1
92 104 1
92 106 1
92 117 1
92 137 1
92 140 1
93 97 1
93 112 1
93 120 1
93 124 1
93 133 1
93 145 1
93 148 1
94 97 1
94 104 1
94 109 1
94 127 1
94 130 1
94 139 1
94 146 1
95 96 1
95 112 1
95 119 1
95 122 1
95 136 1
95 145 1
96 127 1
96 129 1
96 145 1
96 149 1
97 106 1
97 117 1
97 120 1
97 129 1
97 134 1
98 101 1
98 109 1
98 114 1
98 130 1
98 140 1
99 115 1
99 120 1
99 122 1
99 126 1
99 127 1
99 149 1
100 103 1
100 105 1
100 112 1
100 114 1
100 116 1
100 117 1
100 127 1
100 138 1
101 105 1
101 115 1
101 116 1
101 124 1
101 128 1
101 136 1
101 138 1
101 139 1
101 141 1
101 144 1
101 148 1
102 114 1
102 128 1
103 117 1
103 125 1
103 126 1
103 132 1
103 136 1
103 137 1
104 118 1
104 128 1
104 134 1
104 135 1
104 137 1
104 145 1
104 147 1
105 111 1
105 113 1
105 124 1
105 136 1
105 142 1
105 149 1
106 120 1
106 123 1
106 126 1
106 134 1
106 140 1
106 144 1
106 145 1
107 111 1
107 112 1
107 119 1
107 125 1
107 127 1
107 140 1
107 148 1
108 128 1
108 131 1
108 139 1
108 144 1
109 121 1
109 122 1
109 133 1
109 143 1
109 144 1
109 149 1
110 112 1
110 133 1
110 135 1
110 139 1
110 143 1
111 122 1
111 130 1
111 134 1
111 136 1
111 137 1
111 138 1
111 145 1
111 147 1
111 148 1
111 149 1
112 113 1
112 114 1
112 123 1
112 148 1
113 124 1
113 130 1
113 140 1
114 115 1
114 125 1
114 133 1
115 117 1
115 123 1
115 128 1
115 129 1
115 131 1
115 132 1
115 134 1
115 135 1
115 144 1
116 122 1
116 133 1
116 134 1
117 125 1
117 128 1
117 142 1
117 143 1
118 119 1
118 120 1
118 128 1
118 131 1
118 133 1
118 137 1
118 143 1
119 120 1
119 125 1
119 134 1
119 144 1
120 124 1
120 126 1
120 131 1
120 135 1
121 128 1
121 131 1
121 136 1
121 142 1
122 130 1
122 131 1
122 138 1
123 128 1
123 133 1
123 142 1
123 144 1
123 149 1
124 125 1
125 128 1
125 140 1
125 141 1
125 148 1
126 140 1
126 147 1
127 133 1
127 135 1
127 140 1
127 146 1
128 129 1
128 146 1
129 132 1
129 144 1
130 131 1
130 136 1
130 141 1
130 146 1
130 148 1
131 138 1
131 144 1
132 133 1
132 135 1
133 144 1
133 145 1
134 135 1
134 148 1
134 149 1
135 139 1
135 149 1
136 140 1
136 147 1
136 148 1
137 140 1
138 141 1
141 143 1
141 146 1
143 146 1
145 149 1
147 148 1
1
22 75 92 19 27 33 117 144 10 42 3 17 147 40 145
