115
0 1 1
0 2 1
0 3 1
0 4 1
0 5 1
0 10 1
0 11 1
0 12 1
0 15 1
0 16 1
0 17 1
1 4 1
1 5 1
1 6 1
1 7 1
1 8 1
1 9 1
1 15 1
1 16 1
1 17 1
1 18 1
2 3 1
2 6 1
2 7 1
2 8 1
2 9 1
2 10 1
2 11 1
2 12 1
2 13 1
2 14 1
3 6 1
3 7 1
3 8 1
3 10 1
3 11 1
3 12 1
3 14 1
3 16 1
3 17 1
3 18 1
3 19 1
4 5 1
4 6 1
4 7 1
4 8 1
4 9 1
4 10 1
4 11 1
4 12 1
4 13 1
4 16 1
4 17 1
5 6 1
5 7 1
5 8 1
5 9 1
5 10 1
5 12 1
5 15 1
5 17 1
5 19 1
6 8 1
6 11 1
6 12 1
6 17 1
6 19 1
7 10 1
7 11 1
7 12 1
7 13 1
7 14 1
7 15 1
7 18 1
8 10 1
8 11 1
8 12 1
8 13 1
8 14 1
8 15 1
8 16 1
8 18 1
9 10 1
9 13 1
9 14 1
9 15 1
9 16 1
9 17 1
9 18 1
9 19 1
10 11 1
10 12 1
10 14 1
10 17 1
11 12 1
11 14 1
11 15 1
11 16 1
11 17 1
12 15 1
12 16 1
12 19 1
13 15 1
13 16 1
13 17 1
13 18 1
14 15 1
14 17 1
14 19 1
15 16 1
15 17 1
15 18 1
15 19 1
16 17 1
17 19 1
1
19 0
