1672
0 14 1
0 28 1
0 32 1
0 35 1
0 36 1
0 47 1
0 49 1
0 55 1
0 61 1
0 85 1
0 101 1
0 114 1
0 128 1
0 137 1
0 151 1
0 154 1
1 8 1
1 20 1
1 33 1
1 46 1
1 50 1
1 51 1
1 61 1
1 87 1
1 89 1
1 92 1
1 122 1
1 130 1
1 143 1
1 146 1
1 149 1
2 6 1
2 9 1
2 14 1
2 15 1
2 17 1
2 27 1
2 44 1
2 81 1
2 83 1
2 106 1
2 108 1
2 109 1
2 112 1
2 119 1
2 121 1
2 124 1
2 136 1
2 139 1
2 149 1
2 150 1
3 5 1
3 22 1
3 24 1
3 51 1
3 52 1
3 53 1
3 57 1
3 64 1
3 67 1
3 73 1
3 74 1
3 75 1
3 95 1
3 96 1
3 108 1
3 114 1
3 116 1
3 118 1
3 119 1
3 123 1
3 125 1
3 133 1
3 136 1
3 140 1
3 142 1
3 143 1
3 146 1
3 149 1
3 157 1
4 73 1
4 74 1
4 93 1
4 96 1
4 101 1
4 107 1
4 111 1
4 114 1
4 145 1
5 55 1
5 63 1
5 90 1
5 102 1
5 107 1
5 109 1
5 121 1
5 127 1
5 128 1
5 129 1
5 138 1
5 144 1
6 10 1
6 23 1
6 28 1
6 32 1
6 35 1
6 36 1
6 37 1
6 43 1
6 48 1
6 56 1
6 71 1
6 75 1
6 82 1
6 90 1
6 100 1
6 111 1
6 114 1
6 115 1
6 117 1
6 119 1
6 120 1
6 126 1
6 128 1
6 132 1
6 151 1
6 153 1
7 12 1
7 13 1
7 25 1
7 39 1
7 51 1
7 69 1
7 73 1
7 76 1
7 77 1
7 86 1
7 102 1
7 111 1
7 115 1
7 119 1
7 140 1
7 142 1
7 146 1
7 151 1
8 16 1
8 19 1
8 30 1
8 36 1
8 38 1
8 42 1
8 49 1
8 62 1
8 68 1
8 74 1
8 84 1
8 88 1
8 98 1
8 100 1
8 110 1
8 117 1
8 130 1
8 131 1
8 153 1
9 43 1
9 44 1
9 59 1
9 61 1
9 78 1
9 100 1
9 118 1
9 123 1
9 125 1
9 130 1
9 133 1
9 148 1
10 17 1
10 46 1
10 49 1
10 55 1
10 63 1
10 70 1
10 74 1
10 78 1
10 81 1
10 113 1
10 115 1
10 128 1
10 133 1
10 145 1
10 153 1
10 155 1
11 18 1
11 23 1
11 26 1
11 33 1
11 35 1
11 47 1
11 49 1
11 52 1
11 58 1
11 63 1
11 64 1
11 72 1
11 75 1
11 77 1
11 83 1
11 91 1
11 93 1
11 96 1
11 102 1
11 110 1
11 118 1
11 125 1
11 131 1
11 132 1
11 133 1
11 142 1
11 147 1
11 148 1
11 150 1
11 151 1
12 14 1
12 21 1
12 25 1
12 29 1
12 34 1
12 40 1
12 50 1
12 68 1
12 81 1
12 99 1
12 103 1
12 119 1
12 121 1
12 123 1
12 144 1
12 149 1
12 155 1
13 20 1
13 22 1
13 43 1
13 44 1
13 51 1
13 58 1
13 74 1
13 90 1
13 103 1
13 104 1
13 124 1
13 138 1
13 139 1
13 142 1
13 156 1
14 21 1
14 23 1
14 41 1
14 44 1
14 55 1
14 56 1
14 58 1
14 60 1
14 64 1
14 74 1
14 90 1
14 91 1
14 95 1
14 104 1
14 106 1
14 117 1
14 124 1
14 129 1
14 132 1
14 136 1
14 148 1
14 157 1
15 19 1
15 23 1
15 27 1
15 34 1
15 63 1
15 65 1
15 70 1
15 73 1
15 81 1
15 84 1
15 89 1
15 96 1
15 102 1
15 109 1
15 110 1
15 111 1
15 113 1
15 128 1
15 131 1
15 134 1
15 140 1
15 149 1
15 150 1
15 151 1
15 153 1
16 25 1
16 32 1
16 37 1
16 50 1
16 53 1
16 69 1
16 81 1
16 90 1
16 104 1
16 110 1
16 112 1
16 124 1
16 127 1
16 133 1
16 138 1
16 144 1
16 145 1
16 152 1
16 156 1
17 33 1
17 50 1
17 54 1
17 59 1
17 65 1
17 66 1
17 85 1
17 89 1
17 97 1
17 115 1
17 118 1
17 120 1
17 126 1
17 130 1
17 143 1
17 154 1
18 26 1
18 34 1
18 51 1
18 54 1
18 64 1
18 82 1
18 87 1
18 97 1
18 106 1
18 110 1
18 118 1
18 130 1
18 131 1
19 22 1
19 30 1
19 37 1
19 44 1
19 47 1
19 63 1
19 73 1
19 74 1
19 78 1
19 96 1
19 97 1
19 109 1
19 112 1
19 125 1
20 25 1
20 28 1
20 45 1
20 52 1
20 62 1
20 93 1
20 97 1
20 106 1
20 117 1
20 126 1
20 151 1
20 157 1
20 158 1
20 159 1
21 36 1
21 40 1
21 59 1
21 79 1
21 80 1
21 81 1
21 95 1
21 96 1
21 122 1
21 132 1
22 27 1
22 29 1
22 35 1
22 42 1
22 51 1
22 63 1
22 76 1
22 77 1
22 81 1
22 83 1
22 86 1
22 87 1
22 98 1
22 102 1
22 103 1
22 104 1
22 115 1
22 116 1
22 118 1
22 122 1
22 125 1
22 126 1
22 144 1
22 145 1
22 152 1
22 156 1
23 31 1
23 49 1
23 50 1
23 63 1
23 89 1
23 96 1
23 97 1
23 101 1
23 103 1
23 106 1
23 107 1
23 113 1
23 122 1
23 131 1
23 142 1
23 143 1
23 146 1
23 150 1
23 151 1
24 34 1
24 42 1
24 48 1
24 51 1
24 61 1
24 62 1
24 63 1
24 65 1
24 72 1
24 78 1
24 90 1
24 97 1
24 99 1
24 100 1
24 105 1
24 107 1
24 108 1
24 110 1
24 118 1
24 121 1
24 131 1
24 133 1
24 137 1
24 139 1
24 141 1
24 156 1
24 159 1
25 28 1
25 34 1
25 45 1
25 61 1
25 62 1
25 71 1
25 80 1
25 98 1
25 103 1
25 113 1
25 115 1
25 136 1
25 149 1
25 156 1
26 43 1
26 65 1
26 70 1
26 72 1
26 75 1
26 92 1
26 94 1
26 106 1
26 108 1
26 119 1
26 120 1
26 125 1
26 143 1
26 146 1
26 153 1
27 57 1
27 68 1
27 80 1
27 84 1
27 93 1
27 96 1
27 115 1
27 116 1
27 117 1
27 118 1
27 123 1
27 125 1
27 144 1
27 151 1
27 154 1
27 158 1
28 33 1
28 46 1
28 49 1
28 53 1
28 66 1
28 81 1
28 100 1
28 122 1
28 125 1
28 126 1
28 138 1
28 151 1
28 156 1
29 39 1
29 55 1
29 57 1
29 67 1
29 82 1
29 113 1
29 123 1
29 126 1
29 131 1
29 153 1
29 157 1
30 42 1
30 45 1
30 52 1
30 53 1
30 54 1
30 59 1
30 65 1
30 72 1
30 84 1
30 86 1
30 95 1
30 98 1
30 99 1
30 120 1
30 144 1
30 153 1
30 158 1
30 159 1
31 41 1
31 42 1
31 51 1
31 55 1
31 59 1
31 64 1
31 70 1
31 71 1
31 79 1
31 91 1
31 107 1
31 114 1
31 119 1
31 121 1
31 127 1
31 159 1
32 33 1
32 36 1
32 43 1
32 47 1
32 49 1
32 56 1
32 79 1
32 83 1
32 88 1
32 109 1
32 115 1
32 116 1
32 121 1
32 123 1
32 124 1
32 128 1
32 131 1
32 132 1
32 133 1
32 134 1
32 142 1
32 146 1
33 37 1
33 42 1
33 48 1
33 60 1
33 71 1
33 72 1
33 85 1
33 106 1
33 111 1
33 132 1
33 141 1
33 148 1
33 159 1
34 35 1
34 40 1
34 48 1
34 53 1
34 65 1
34 70 1
34 78 1
34 84 1
34 95 1
34 103 1
34 104 1
34 113 1
34 120 1
34 142 1
34 146 1
34 148 1
34 159 1
35 38 1
35 40 1
35 74 1
35 76 1
35 102 1
35 109 1
35 122 1
35 126 1
35 131 1
35 132 1
35 140 1
35 143 1
36 39 1
36 66 1
36 80 1
36 84 1
36 85 1
36 90 1
36 104 1
36 105 1
36 117 1
36 124 1
36 125 1
36 126 1
36 128 1
36 131 1
36 145 1
36 153 1
37 54 1
37 56 1
37 58 1
37 71 1
37 79 1
37 94 1
37 97 1
37 104 1
37 105 1
37 114 1
37 122 1
37 133 1
37 136 1
37 141 1
38 47 1
38 59 1
38 63 1
38 78 1
38 94 1
38 95 1
38 100 1
38 101 1
38 117 1
38 133 1
38 137 1
38 138 1
38 151 1
38 152 1
38 154 1
38 157 1
39 45 1
39 55 1
39 56 1
39 58 1
39 65 1
39 67 1
39 99 1
39 105 1
39 112 1
39 121 1
39 122 1
39 140 1
39 147 1
39 153 1
40 59 1
40 66 1
40 76 1
40 77 1
40 81 1
40 84 1
40 99 1
40 102 1
40 104 1
40 109 1
40 110 1
40 122 1
40 125 1
40 127 1
40 136 1
40 143 1
40 144 1
40 147 1
40 148 1
40 153 1
40 154 1
40 157 1
40 159 1
41 52 1
41 74 1
41 81 1
41 83 1
41 92 1
41 96 1
41 99 1
41 110 1
41 120 1
41 134 1
41 139 1
41 144 1
41 148 1
41 157 1
42 56 1
42 71 1
42 75 1
42 81 1
42 82 1
42 86 1
42 93 1
42 94 1
42 106 1
42 107 1
42 110 1
42 113 1
42 115 1
42 116 1
42 124 1
42 125 1
42 143 1
42 150 1
42 151 1
42 155 1
42 158 1
43 48 1
43 60 1
43 62 1
43 69 1
43 74 1
43 80 1
43 82 1
43 90 1
43 106 1
43 116 1
43 117 1
43 125 1
43 139 1
43 142 1
43 144 1
43 148 1
43 149 1
43 156 1
44 61 1
44 72 1
44 77 1
44 81 1
44 82 1
44 84 1
44 87 1
44 92 1
44 100 1
44 102 1
44 122 1
44 135 1
45 46 1
45 54 1
45 55 1
45 62 1
45 82 1
45 88 1
45 91 1
45 93 1
45 94 1
45 132 1
45 137 1
45 151 1
45 153 1
46 75 1
46 85 1
46 86 1
46 91 1
46 92 1
46 96 1
46 97 1
46 116 1
46 124 1
46 138 1
46 139 1
46 145 1
47 66 1
47 71 1
47 74 1
47 75 1
47 87 1
47 94 1
47 106 1
47 113 1
47 124 1
47 126 1
47 130 1
47 142 1
47 158 1
48 54 1
48 64 1
48 87 1
48 93 1
48 105 1
48 112 1
48 113 1
48 114 1
48 119 1
48 135 1
48 152 1
48 155 1
49 57 1
49 64 1
49 71 1
49 76 1
49 81 1
49 89 1
49 91 1
49 99 1
49 105 1
49 106 1
49 112 1
49 115 1
49 117 1
49 120 1
49 125 1
49 128 1
49 139 1
49 147 1
49 148 1
50 59 1
50 66 1
50 69 1
50 78 1
50 81 1
50 86 1
50 89 1
50 93 1
50 95 1
50 96 1
50 102 1
50 103 1
50 107 1
50 111 1
50 114 1
50 118 1
50 127 1
50 136 1
50 142 1
50 145 1
50 147 1
51 71 1
51 72 1
51 82 1
51 88 1
51 90 1
51 93 1
51 94 1
51 99 1
51 103 1
51 111 1
51 114 1
51 127 1
51 129 1
51 135 1
51 140 1
51 148 1
51 149 1
52 54 1
52 58 1
52 66 1
52 72 1
52 79 1
52 90 1
52 91 1
52 108 1
52 111 1
52 134 1
52 148 1
52 150 1
52 151 1
52 152 1
53 56 1
53 66 1
53 73 1
53 83 1
53 88 1
53 93 1
53 107 1
53 132 1
53 138 1
53 142 1
53 157 1
54 56 1
54 58 1
54 66 1
54 69 1
54 77 1
54 83 1
54 92 1
54 93 1
54 94 1
54 97 1
54 105 1
54 114 1
54 123 1
54 134 1
54 143 1
54 156 1
54 158 1
55 63 1
55 66 1
55 72 1
55 74 1
55 79 1
55 86 1
55 88 1
55 90 1
55 92 1
55 104 1
55 137 1
55 141 1
55 143 1
55 152 1
55 157 1
56 60 1
56 68 1
56 71 1
56 76 1
56 77 1
56 90 1
56 113 1
56 114 1
56 116 1
56 130 1
56 132 1
56 133 1
56 148 1
56 152 1
56 156 1
57 63 1
57 69 1
57 72 1
57 82 1
57 108 1
57 111 1
57 112 1
57 116 1
57 117 1
57 119 1
57 121 1
57 126 1
57 141 1
57 149 1
57 154 1
58 67 1
58 79 1
58 86 1
58 89 1
58 90 1
58 97 1
58 116 1
58 118 1
58 123 1
58 127 1
58 132 1
58 140 1
58 151 1
58 154 1
59 60 1
59 63 1
59 64 1
59 65 1
59 78 1
59 86 1
59 101 1
59 106 1
59 109 1
59 124 1
59 141 1
59 143 1
60 76 1
60 77 1
60 81 1
60 87 1
60 94 1
60 101 1
60 117 1
60 120 1
60 121 1
60 122 1
60 126 1
60 128 1
60 133 1
60 135 1
60 136 1
60 139 1
60 153 1
60 158 1
61 64 1
61 67 1
61 70 1
61 80 1
61 89 1
61 94 1
61 96 1
61 111 1
61 121 1
61 144 1
61 150 1
61 159 1
62 74 1
62 76 1
62 78 1
62 79 1
62 80 1
62 93 1
62 96 1
62 140 1
62 156 1
62 158 1
63 67 1
63 83 1
63 87 1
63 103 1
63 108 1
63 119 1
63 121 1
63 129 1
63 136 1
63 137 1
63 140 1
63 154 1
64 70 1
64 73 1
64 74 1
64 89 1
64 96 1
64 97 1
64 112 1
64 115 1
64 119 1
64 125 1
64 143 1
64 144 1
64 145 1
65 73 1
65 77 1
65 79 1
65 98 1
65 99 1
65 110 1
65 127 1
65 130 1
65 131 1
65 132 1
65 140 1
65 141 1
65 153 1
65 155 1
65 156 1
66 67 1
66 70 1
66 75 1
66 80 1
66 92 1
66 96 1
66 101 1
66 102 1
66 107 1
66 109 1
66 115 1
66 116 1
66 137 1
66 139 1
66 145 1
66 157 1
67 75 1
67 83 1
67 86 1
67 89 1
67 91 1
67 93 1
67 100 1
67 107 1
67 113 1
67 115 1
67 137 1
67 149 1
68 70 1
68 71 1
68 73 1
68 74 1
68 83 1
68 97 1
68 98 1
68 102 1
68 119 1
68 120 1
68 122 1
68 137 1
69 80 1
69 84 1
69 86 1
69 93 1
69 96 1
69 107 1
69 114 1
69 118 1
69 126 1
69 127 1
69 128 1
69 133 1
69 134 1
69 148 1
69 154 1
70 79 1
70 85 1
70 87 1
70 90 1
70 91 1
70 97 1
70 98 1
70 104 1
70 120 1
70 127 1
70 129 1
70 140 1
70 142 1
70 144 1
70 146 1
70 148 1
70 154 1
70 155 1
70 157 1
70 159 1
71 73 1
71 76 1
71 82 1
71 86 1
71 90 1
71 94 1
71 102 1
71 106 1
71 117 1
71 118 1
71 119 1
71 120 1
71 125 1
71 126 1
71 130 1
71 136 1
71 153 1
71 154 1
72 97 1
72 104 1
72 108 1
72 126 1
72 133 1
72 144 1
72 158 1
73 90 1
73 97 1
73 122 1
73 129 1
73 132 1
73 138 1
73 141 1
73 143 1
73 149 1
73 152 1
74 77 1
74 78 1
74 80 1
74 84 1
74 88 1
74 90 1
74 93 1
74 97 1
74 105 1
74 110 1
74 113 1
74 114 1
74 117 1
74 126 1
74 139 1
74 153 1
74 154 1
75 77 1
75 99 1
75 103 1
75 104 1
75 111 1
75 112 1
75 118 1
75 129 1
75 132 1
75 135 1
75 143 1
75 156 1
75 157 1
76 82 1
76 84 1
76 87 1
76 94 1
76 104 1
76 122 1
76 123 1
76 125 1
76 127 1
76 128 1
76 132 1
77 85 1
77 92 1
77 96 1
77 103 1
77 106 1
77 108 1
77 124 1
77 125 1
77 126 1
77 131 1
77 135 1
77 136 1
77 143 1
77 146 1
77 147 1
77 150 1
77 157 1
77 158 1
77 159 1
78 83 1
78 101 1
78 105 1
78 108 1
78 116 1
78 123 1
78 124 1
78 126 1
78 136 1
78 137 1
78 145 1
78 151 1
78 154 1
78 156 1
79 83 1
79 87 1
79 88 1
79 89 1
79 94 1
79 110 1
79 133 1
80 87 1
80 92 1
80 116 1
80 119 1
80 139 1
80 143 1
80 149 1
81 91 1
81 96 1
81 98 1
81 101 1
81 104 1
81 105 1
81 106 1
81 107 1
81 111 1
81 127 1
81 129 1
81 131 1
81 134 1
81 135 1
81 138 1
81 157 1
82 93 1
82 103 1
82 117 1
82 123 1
82 131 1
82 133 1
82 135 1
82 136 1
82 157 1
83 89 1
83 93 1
83 100 1
83 104 1
83 114 1
83 121 1
83 135 1
83 137 1
83 139 1
83 145 1
83 156 1
84 88 1
84 89 1
84 94 1
84 102 1
84 104 1
84 112 1
84 116 1
84 120 1
84 131 1
85 92 1
85 101 1
85 118 1
85 129 1
85 136 1
85 147 1
85 159 1
86 90 1
86 92 1
86 98 1
86 100 1
86 103 1
86 105 1
86 118 1
86 120 1
86 136 1
86 137 1
86 142 1
86 145 1
86 155 1
86 159 1
87 91 1
87 102 1
87 115 1
87 120 1
87 130 1
87 134 1
87 137 1
87 141 1
87 142 1
87 146 1
87 149 1
88 92 1
88 107 1
88 111 1
88 114 1
88 121 1
88 123 1
88 129 1
88 131 1
88 141 1
88 150 1
88 155 1
89 93 1
89 97 1
89 113 1
89 119 1
89 120 1
89 123 1
89 125 1
89 141 1
89 149 1
89 150 1
90 93 1
90 97 1
90 99 1
90 107 1
90 110 1
90 130 1
90 134 1
90 146 1
90 152 1
91 107 1
91 109 1
91 118 1
91 128 1
91 134 1
91 153 1
91 156 1
92 119 1
92 132 1
92 137 1
92 142 1
92 149 1
92 157 1
93 94 1
93 99 1
93 101 1
93 102 1
93 109 1
93 117 1
93 118 1
93 136 1
93 138 1
94 96 1
94 105 1
94 106 1
94 109 1
94 125 1
94 154 1
94 155 1
95 108 1
95 114 1
95 125 1
95 135 1
95 143 1
95 144 1
95 147 1
95 153 1
95 156 1
96 99 1
96 102 1
96 106 1
96 112 1
96 128 1
96 132 1
96 140 1
96 143 1
96 149 1
97 110 1
97 122 1
97 143 1
97 151 1
97 152 1
98 104 1
98 120 1
98 124 1
98 129 1
98 132 1
98 139 1
98 140 1
98 149 1
98 153 1
99 107 1
99 119 1
99 133 1
99 140 1
99 147 1
99 149 1
99 157 1
100 101 1
100 103 1
100 104 1
100 106 1
100 118 1
100 135 1
100 155 1
100 157 1
101 102 1
101 106 1
101 143 1
101 147 1
101 159 1
102 108 1
102 112 1
102 130 1
102 132 1
102 134 1
103 104 1
103 115 1
103 116 1
103 133 1
103 152 1
103 154 1
103 155 1
103 156 1
103 157 1
104 109 1
104 115 1
104 119 1
104 133 1
104 134 1
104 151 1
104 152 1
104 158 1
105 107 1
105 108 1
105 112 1
105 130 1
105 133 1
105 140 1
105 141 1
105 149 1
105 155 1
106 109 1
106 120 1
106 130 1
106 137 1
106 154 1
107 116 1
107 119 1
107 124 1
107 135 1
107 149 1
108 118 1
108 140 1
108 147 1
109 112 1
109 123 1
109 124 1
109 141 1
109 150 1
109 157 1
110 111 1
110 124 1
110 143 1
110 144 1
110 151 1
110 153 1
111 112 1
111 125 1
111 127 1
111 131 1
111 135 1
111 158 1
112 117 1
112 134 1
112 135 1
112 137 1
112 143 1
112 144 1
112 148 1
112 155 1
113 128 1
113 133 1
113 138 1
113 140 1
113 145 1
114 133 1
114 145 1
115 122 1
115 123 1
115 125 1
115 139 1
115 146 1
116 120 1
116 142 1
117 127 1
117 133 1
117 137 1
117 145 1
117 146 1
117 149 1
117 150 1
118 132 1
118 157 1
119 120 1
119 126 1
119 132 1
119 141 1
119 146 1
119 154 1
120 131 1
120 149 1
121 138 1
121 143 1
121 155 1
122 143 1
122 145 1
122 154 1
122 155 1
123 132 1
123 133 1
123 136 1
123 140 1
123 145 1
123 152 1
123 155 1
123 157 1
124 126 1
124 127 1
124 130 1
124 143 1
124 146 1
124 150 1
124 153 1
125 131 1
125 142 1
125 149 1
125 150 1
125 151 1
126 135 1
126 143 1
126 144 1
126 148 1
126 150 1
126 151 1
126 158 1
127 142 1
127 146 1
127 147 1
128 134 1
128 144 1
128 146 1
128 148 1
128 157 1
129 130 1
129 135 1
129 141 1
130 132 1
130 134 1
130 136 1
130 150 1
131 136 1
131 141 1
131 153 1
131 158 1
132 137 1
132 147 1
132 150 1
133 142 1
133 147 1
133 150 1
134 143 1
134 147 1
134 150 1
134 152 1
134 159 1
135 141 1
135 148 1
135 153 1
136 146 1
136 151 1
136 153 1
136 155 1
137 138 1
137 148 1
137 153 1
138 146 1
138 151 1
139 142 1
139 144 1
139 159 1
140 144 1
140 147 1
141 145 1
141 156 1
141 157 1
142 144 1
142 154 1
142 157 1
143 147 1
144 145 1
144 153 1
144 157 1
145 146 1
145 147 1
145 151 1
145 153 1
147 148 1
147 156 1
147 157 1
148 149 1
148 155 1
148 157 1
149 159 1
150 152 1
150 155 1
151 158 1
151 159 1
152 154 1
152 158 1
153 154 1
154 155 1
155 158 1
1
83 99 40 50 124 22 14 101 156 80 88 86 111 34 130 90
