1987
0 26 1
0 35 1
0 41 1
0 46 1
0 53 1
0 54 1
0 57 1
0 59 1
0 70 1
0 104 1
0 111 1
0 112 1
0 124 1
0 151 1
0 152 1
0 187 1
1 14 1
1 24 1
1 36 1
1 39 1
1 43 1
1 66 1
1 74 1
1 89 1
1 92 1
1 95 1
1 98 1
1 101 1
1 102 1
1 118 1
1 123 1
1 127 1
1 137 1
1 148 1
1 163 1
2 14 1
2 25 1
2 36 1
2 40 1
2 41 1
2 55 1
2 64 1
2 82 1
2 85 1
2 88 1
2 106 1
2 111 1
2 125 1
2 136 1
2 149 1
2 154 1
2 156 1
2 158 1
2 160 1
2 168 1
2 183 1
3 14 1
3 20 1
3 45 1
3 49 1
3 67 1
3 106 1
3 111 1
3 113 1
3 140 1
3 143 1
3 168 1
4 18 1
4 23 1
4 34 1
4 90 1
4 93 1
4 94 1
4 105 1
4 118 1
4 124 1
4 125 1
4 129 1
4 134 1
4 153 1
4 157 1
4 167 1
4 170 1
5 6 1
5 18 1
5 21 1
5 27 1
5 45 1
5 48 1
5 61 1
5 64 1
5 70 1
5 74 1
5 77 1
5 85 1
5 100 1
5 102 1
5 105 1
5 131 1
5 140 1
5 143 1
5 162 1
5 167 1
5 179 1
5 182 1
5 188 1
6 17 1
6 22 1
6 29 1
6 38 1
6 44 1
6 77 1
6 89 1
6 103 1
6 112 1
6 114 1
6 127 1
6 128 1
6 140 1
6 152 1
6 158 1
6 161 1
6 181 1
6 182 1
6 185 1
6 186 1
7 14 1
7 19 1
7 20 1
7 30 1
7 49 1
7 50 1
7 57 1
7 61 1
7 65 1
7 112 1
7 144 1
7 147 1
7 157 1
7 163 1
7 168 1
7 169 1
7 189 1
8 27 1
8 34 1
8 37 1
8 38 1
8 42 1
8 49 1
8 60 1
8 64 1
8 66 1
8 83 1
8 84 1
8 90 1
8 99 1
8 114 1
8 120 1
8 139 1
8 146 1
8 161 1
8 167 1
8 170 1
8 172 1
9 22 1
9 27 1
9 34 1
9 37 1
9 38 1
9 52 1
9 63 1
9 72 1
9 78 1
9 82 1
9 97 1
9 134 1
9 140 1
9 143 1
9 151 1
9 162 1
9 164 1
9 165 1
9 179 1
9 187 1
9 189 1
10 14 1
10 19 1
10 21 1
10 25 1
10 26 1
10 40 1
10 63 1
10 65 1
10 80 1
10 88 1
10 103 1
10 105 1
10 116 1
10 120 1
10 121 1
10 122 1
10 128 1
10 133 1
10 141 1
10 147 1
10 152 1
10 172 1
11 28 1
11 35 1
11 48 1
11 59 1
11 76 1
11 87 1
11 132 1
11 139 1
11 140 1
11 150 1
11 153 1
11 166 1
11 176 1
11 178 1
11 180 1
11 184 1
11 188 1
11 189 1
12 16 1
12 20 1
12 28 1
12 33 1
12 43 1
12 46 1
12 51 1
12 55 1
12 59 1
12 60 1
12 63 1
12 98 1
12 129 1
12 131 1
12 135 1
12 143 1
12 148 1
12 152 1
12 153 1
12 156 1
12 173 1
12 179 1
12 188 1
13 18 1
13 19 1
13 28 1
13 37 1
13 40 1
13 52 1
13 53 1
13 60 1
13 71 1
13 79 1
13 85 1
13 89 1
13 105 1
13 118 1
13 135 1
13 142 1
13 144 1
14 30 1
14 75 1
14 96 1
14 109 1
14 127 1
14 130 1
14 131 1
14 151 1
14 152 1
14 160 1
14 169 1
14 170 1
14 171 1
14 187 1
15 31 1
15 33 1
15 36 1
15 40 1
15 42 1
15 55 1
15 62 1
15 68 1
15 77 1
15 80 1
15 93 1
15 102 1
15 122 1
15 128 1
15 132 1
15 134 1
15 137 1
15 138 1
15 169 1
15 173 1
15 188 1
16 17 1
16 49 1
16 51 1
16 52 1
16 62 1
16 92 1
16 111 1
16 121 1
16 122 1
16 124 1
16 128 1
16 135 1
16 141 1
16 149 1
16 156 1
16 162 1
16 169 1
16 172 1
16 177 1
16 181 1
16 182 1
16 184 1
16 188 1
17 26 1
17 27 1
17 29 1
17 39 1
17 45 1
17 79 1
17 90 1
17 110 1
17 116 1
17 124 1
17 125 1
17 149 1
17 150 1
17 152 1
17 157 1
17 164 1
18 35 1
18 37 1
18 44 1
18 46 1
18 66 1
18 70 1
18 78 1
18 84 1
18 93 1
18 104 1
18 106 1
18 116 1
18 119 1
18 135 1
18 144 1
18 164 1
19 20 1
19 23 1
19 30 1
19 32 1
19 38 1
19 43 1
19 48 1
19 57 1
19 58 1
19 63 1
19 77 1
19 80 1
19 87 1
19 91 1
19 92 1
19 106 1
19 113 1
19 122 1
19 128 1
19 138 1
19 139 1
19 140 1
19 151 1
19 154 1
19 158 1
19 167 1
19 168 1
19 169 1
19 188 1
19 189 1
20 30 1
20 43 1
20 55 1
20 78 1
20 81 1
20 91 1
20 93 1
20 101 1
20 107 1
20 112 1
20 119 1
20 123 1
20 126 1
20 127 1
20 139 1
20 153 1
20 167 1
20 173 1
21 23 1
21 27 1
21 37 1
21 41 1
21 48 1
21 66 1
21 93 1
21 99 1
21 100 1
21 103 1
21 113 1
21 117 1
21 129 1
21 134 1
21 145 1
21 146 1
21 152 1
21 157 1
21 159 1
21 162 1
21 163 1
21 173 1
21 182 1
22 24 1
22 70 1
22 71 1
22 87 1
22 142 1
22 153 1
22 175 1
22 189 1
23 27 1
23 37 1
23 68 1
23 75 1
23 81 1
23 89 1
23 105 1
23 114 1
23 128 1
23 137 1
23 138 1
23 142 1
23 174 1
23 183 1
24 39 1
24 42 1
24 44 1
24 48 1
24 50 1
24 51 1
24 55 1
24 97 1
24 102 1
24 108 1
24 115 1
24 125 1
24 140 1
24 143 1
24 176 1
24 181 1
24 189 1
25 34 1
25 49 1
25 57 1
25 92 1
25 98 1
25 101 1
25 105 1
25 122 1
25 126 1
25 127 1
25 133 1
25 134 1
25 138 1
25 146 1
25 150 1
25 154 1
25 183 1
25 189 1
26 27 1
26 28 1
26 31 1
26 51 1
26 69 1
26 75 1
26 77 1
26 82 1
26 88 1
26 91 1
26 99 1
26 105 1
26 125 1
26 128 1
26 137 1
26 156 1
26 161 1
26 162 1
26 163 1
26 166 1
27 30 1
27 38 1
27 71 1
27 75 1
27 78 1
27 93 1
27 98 1
27 120 1
27 123 1
27 134 1
27 151 1
27 188 1
28 37 1
28 45 1
28 50 1
28 62 1
28 65 1
28 68 1
28 78 1
28 83 1
28 105 1
28 123 1
28 131 1
28 150 1
28 152 1
28 157 1
28 162 1
28 168 1
28 179 1
28 183 1
29 45 1
29 52 1
29 59 1
29 73 1
29 76 1
29 87 1
29 90 1
29 93 1
29 109 1
29 127 1
29 129 1
29 172 1
29 180 1
29 181 1
29 186 1
30 35 1
30 36 1
30 39 1
30 96 1
30 106 1
30 128 1
30 153 1
30 163 1
31 32 1
31 56 1
31 69 1
31 80 1
31 89 1
31 93 1
31 98 1
31 109 1
31 110 1
31 119 1
31 137 1
31 152 1
31 163 1
31 166 1
31 178 1
31 189 1
32 35 1
32 36 1
32 38 1
32 49 1
32 55 1
32 68 1
32 78 1
32 86 1
32 93 1
32 100 1
32 123 1
32 150 1
32 156 1
32 161 1
32 174 1
32 181 1
33 68 1
33 84 1
33 109 1
33 114 1
33 115 1
33 138 1
33 148 1
33 162 1
33 163 1
33 166 1
33 174 1
33 178 1
33 189 1
34 43 1
34 49 1
34 63 1
34 70 1
34 85 1
34 87 1
34 91 1
34 97 1
34 114 1
34 118 1
34 134 1
34 177 1
34 186 1
35 69 1
35 74 1
35 75 1
35 84 1
35 94 1
35 97 1
35 98 1
35 112 1
35 121 1
35 122 1
35 130 1
35 133 1
35 140 1
35 142 1
35 154 1
35 164 1
35 175 1
35 177 1
35 178 1
36 41 1
36 46 1
36 62 1
36 65 1
36 66 1
36 76 1
36 81 1
36 86 1
36 91 1
36 97 1
36 100 1
36 120 1
36 126 1
36 130 1
36 141 1
36 151 1
36 162 1
36 173 1
37 39 1
37 43 1
37 46 1
37 62 1
37 65 1
37 76 1
37 84 1
37 85 1
37 98 1
37 103 1
37 110 1
37 121 1
37 131 1
37 138 1
37 163 1
37 165 1
37 180 1
38 45 1
38 47 1
38 54 1
38 56 1
38 62 1
38 63 1
38 65 1
38 112 1
38 123 1
38 130 1
38 143 1
38 153 1
38 163 1
38 165 1
38 166 1
38 167 1
38 168 1
38 174 1
38 177 1
38 187 1
39 44 1
39 53 1
39 61 1
39 65 1
39 71 1
39 76 1
39 80 1
39 99 1
39 119 1
39 130 1
39 162 1
39 164 1
39 165 1
39 168 1
39 171 1
39 173 1
39 182 1
39 187 1
39 188 1
40 45 1
40 51 1
40 58 1
40 78 1
40 86 1
40 94 1
40 96 1
40 107 1
40 125 1
40 130 1
40 150 1
40 161 1
40 162 1
40 168 1
40 179 1
40 181 1
40 187 1
41 50 1
41 78 1
41 89 1
41 92 1
41 93 1
41 95 1
41 116 1
41 118 1
41 125 1
41 132 1
41 134 1
41 148 1
41 151 1
41 156 1
41 170 1
41 171 1
41 179 1
41 181 1
41 182 1
41 183 1
42 43 1
42 57 1
42 67 1
42 74 1
42 81 1
42 88 1
42 99 1
42 110 1
42 128 1
42 132 1
42 148 1
42 159 1
42 164 1
42 168 1
42 170 1
42 183 1
43 45 1
43 53 1
43 60 1
43 65 1
43 69 1
43 76 1
43 79 1
43 86 1
43 108 1
43 110 1
43 115 1
43 122 1
43 133 1
43 144 1
43 149 1
43 161 1
43 166 1
43 167 1
43 188 1
44 46 1
44 47 1
44 49 1
44 65 1
44 79 1
44 87 1
44 88 1
44 91 1
44 96 1
44 97 1
44 104 1
44 107 1
44 112 1
44 118 1
44 120 1
44 130 1
44 133 1
44 143 1
44 163 1
44 166 1
44 173 1
44 179 1
45 47 1
45 48 1
45 55 1
45 86 1
45 90 1
45 93 1
45 99 1
45 100 1
45 104 1
45 111 1
45 113 1
45 115 1
45 117 1
45 118 1
45 123 1
45 135 1
45 137 1
45 142 1
45 169 1
46 47 1
46 57 1
46 58 1
46 86 1
46 124 1
46 147 1
46 157 1
46 168 1
46 174 1
46 181 1
47 64 1
47 69 1
47 86 1
47 89 1
47 91 1
47 112 1
47 126 1
47 152 1
47 153 1
47 159 1
47 160 1
47 162 1
47 173 1
47 188 1
48 57 1
48 61 1
48 81 1
48 83 1
48 84 1
48 91 1
48 94 1
48 97 1
48 111 1
48 114 1
48 116 1
48 118 1
48 121 1
48 131 1
48 151 1
48 159 1
48 169 1
48 181 1
49 53 1
49 55 1
49 62 1
49 75 1
49 77 1
49 78 1
49 106 1
49 107 1
49 110 1
49 121 1
49 124 1
49 133 1
49 136 1
49 146 1
49 155 1
49 183 1
50 58 1
50 82 1
50 84 1
50 88 1
50 90 1
50 100 1
50 103 1
50 117 1
50 143 1
50 145 1
50 154 1
50 158 1
50 162 1
50 173 1
50 177 1
51 56 1
51 59 1
51 69 1
51 78 1
51 82 1
51 94 1
51 99 1
51 102 1
51 106 1
51 107 1
51 111 1
51 129 1
51 142 1
51 144 1
51 160 1
51 164 1
51 174 1
51 184 1
51 185 1
51 187 1
52 54 1
52 56 1
52 75 1
52 76 1
52 77 1
52 88 1
52 89 1
52 105 1
52 120 1
52 125 1
52 126 1
52 142 1
52 153 1
52 154 1
52 171 1
52 180 1
53 59 1
53 64 1
53 67 1
53 72 1
53 73 1
53 87 1
53 94 1
53 104 1
53 113 1
53 126 1
53 131 1
53 133 1
53 141 1
53 153 1
53 154 1
53 186 1
54 57 1
54 67 1
54 72 1
54 80 1
54 86 1
54 115 1
54 124 1
54 125 1
54 127 1
54 132 1
54 157 1
54 158 1
54 167 1
54 171 1
54 174 1
55 60 1
55 65 1
55 74 1
55 84 1
55 104 1
55 113 1
55 123 1
55 126 1
55 127 1
55 157 1
55 168 1
55 183 1
55 184 1
56 70 1
56 72 1
56 79 1
56 91 1
56 97 1
56 102 1
56 105 1
56 106 1
56 116 1
56 125 1
56 151 1
56 175 1
56 178 1
56 179 1
57 65 1
57 70 1
57 85 1
57 89 1
57 90 1
57 96 1
57 105 1
57 116 1
57 127 1
57 134 1
57 150 1
57 160 1
57 161 1
57 187 1
58 70 1
58 82 1
58 95 1
58 101 1
58 103 1
58 105 1
58 120 1
58 129 1
58 130 1
58 132 1
58 139 1
58 181 1
58 184 1
59 83 1
59 93 1
59 99 1
59 104 1
59 106 1
59 108 1
59 111 1
59 116 1
59 122 1
59 138 1
59 147 1
59 155 1
59 160 1
59 176 1
60 64 1
60 68 1
60 69 1
60 71 1
60 80 1
60 94 1
60 96 1
60 101 1
60 102 1
60 104 1
60 110 1
60 111 1
60 142 1
60 144 1
60 154 1
60 155 1
60 173 1
60 178 1
60 180 1
60 187 1
60 189 1
61 67 1
61 83 1
61 86 1
61 88 1
61 103 1
61 116 1
61 118 1
61 125 1
61 134 1
61 137 1
61 143 1
61 158 1
61 160 1
61 176 1
62 64 1
62 65 1
62 73 1
62 87 1
62 88 1
62 98 1
62 102 1
62 107 1
62 119 1
62 152 1
62 163 1
62 170 1
62 171 1
62 175 1
62 177 1
62 182 1
62 184 1
62 187 1
63 89 1
63 93 1
63 96 1
63 103 1
63 107 1
63 127 1
63 128 1
63 135 1
63 139 1
63 143 1
63 159 1
63 179 1
64 102 1
64 113 1
64 128 1
64 130 1
64 151 1
64 165 1
64 171 1
64 183 1
64 189 1
65 74 1
65 89 1
65 90 1
65 91 1
65 103 1
65 105 1
65 109 1
65 127 1
65 141 1
65 160 1
65 183 1
66 68 1
66 76 1
66 89 1
66 96 1
66 108 1
66 111 1
66 114 1
66 128 1
66 138 1
66 139 1
66 146 1
66 149 1
66 151 1
66 166 1
66 168 1
66 178 1
67 72 1
67 91 1
67 109 1
67 111 1
67 114 1
67 115 1
67 119 1
67 120 1
67 124 1
67 151 1
67 154 1
67 155 1
67 166 1
67 171 1
68 87 1
68 90 1
68 95 1
68 109 1
68 118 1
68 122 1
68 123 1
68 125 1
68 129 1
68 141 1
68 158 1
68 162 1
68 168 1
68 187 1
69 70 1
69 72 1
69 73 1
69 77 1
69 82 1
69 85 1
69 90 1
69 94 1
69 110 1
69 114 1
69 115 1
69 142 1
69 151 1
69 155 1
69 158 1
69 169 1
69 179 1
69 186 1
69 188 1
70 90 1
70 98 1
70 112 1
70 121 1
70 122 1
70 124 1
70 144 1
70 150 1
70 151 1
70 156 1
70 160 1
71 86 1
71 94 1
71 95 1
71 101 1
71 102 1
71 109 1
71 117 1
71 120 1
71 134 1
71 171 1
71 172 1
71 180 1
72 73 1
72 82 1
72 95 1
72 96 1
72 99 1
72 107 1
72 118 1
72 150 1
72 171 1
72 174 1
72 185 1
73 77 1
73 79 1
73 81 1
73 88 1
73 91 1
73 92 1
73 97 1
73 100 1
73 104 1
73 111 1
73 115 1
73 119 1
73 125 1
73 127 1
73 133 1
73 142 1
73 154 1
73 161 1
73 167 1
73 168 1
73 184 1
73 185 1
74 76 1
74 83 1
74 95 1
74 101 1
74 121 1
74 166 1
74 183 1
75 79 1
75 80 1
75 86 1
75 87 1
75 97 1
75 109 1
75 113 1
75 121 1
75 136 1
75 156 1
76 92 1
76 109 1
76 110 1
76 119 1
76 121 1
76 154 1
76 157 1
76 159 1
76 167 1
76 174 1
76 178 1
76 180 1
77 82 1
77 112 1
77 114 1
77 122 1
77 144 1
77 146 1
77 173 1
77 188 1
78 83 1
78 92 1
78 93 1
78 119 1
78 120 1
78 137 1
78 139 1
78 148 1
78 158 1
78 164 1
78 175 1
78 176 1
78 178 1
78 180 1
79 86 1
79 93 1
79 103 1
79 109 1
79 110 1
79 118 1
79 119 1
79 122 1
79 123 1
79 130 1
79 153 1
79 154 1
79 157 1
79 164 1
79 174 1
79 178 1
79 186 1
80 90 1
80 93 1
80 98 1
80 110 1
80 122 1
80 127 1
80 132 1
80 138 1
80 146 1
80 154 1
80 161 1
80 175 1
80 178 1
80 181 1
80 186 1
81 102 1
81 121 1
81 137 1
81 152 1
81 163 1
82 93 1
82 98 1
82 100 1
82 101 1
82 139 1
82 142 1
82 144 1
82 151 1
82 157 1
82 159 1
82 172 1
83 118 1
83 123 1
83 142 1
83 161 1
83 172 1
83 175 1
83 176 1
83 184 1
84 97 1
84 98 1
84 104 1
84 124 1
84 128 1
84 138 1
84 145 1
84 148 1
84 151 1
84 157 1
84 167 1
84 170 1
84 173 1
85 87 1
85 88 1
85 91 1
85 97 1
85 107 1
85 120 1
85 126 1
85 129 1
85 134 1
85 159 1
85 161 1
85 162 1
85 171 1
86 112 1
86 119 1
86 131 1
86 136 1
86 137 1
86 139 1
86 141 1
86 148 1
86 177 1
86 178 1
87 88 1
87 91 1
87 94 1
87 100 1
87 105 1
87 106 1
87 112 1
87 116 1
87 121 1
87 122 1
87 125 1
87 128 1
87 140 1
87 145 1
87 147 1
87 159 1
87 181 1
87 183 1
87 186 1
88 90 1
88 93 1
88 94 1
88 106 1
88 118 1
88 126 1
88 139 1
88 142 1
88 152 1
88 154 1
88 157 1
88 161 1
88 171 1
88 176 1
89 93 1
89 104 1
89 109 1
89 123 1
89 150 1
89 153 1
89 159 1
89 170 1
89 173 1
89 184 1
90 96 1
90 102 1
90 114 1
90 117 1
90 123 1
90 134 1
90 141 1
90 143 1
90 151 1
90 178 1
91 102 1
91 115 1
91 136 1
91 143 1
91 144 1
91 151 1
91 169 1
92 94 1
92 109 1
92 116 1
92 126 1
92 127 1
92 134 1
92 140 1
92 145 1
92 148 1
92 152 1
92 157 1
92 159 1
92 171 1
92 181 1
93 116 1
93 136 1
93 139 1
93 142 1
93 143 1
93 151 1
93 156 1
93 174 1
93 178 1
94 95 1
94 98 1
94 115 1
94 119 1
94 141 1
94 156 1
94 164 1
94 166 1
94 169 1
94 185 1
94 187 1
95 96 1
95 100 1
95 104 1
95 111 1
95 112 1
95 138 1
95 146 1
95 155 1
95 172 1
95 176 1
95 177 1
95 178 1
95 188 1
96 101 1
96 124 1
96 126 1
96 135 1
96 140 1
96 145 1
96 154 1
96 157 1
96 162 1
96 167 1
96 172 1
96 175 1
96 181 1
97 99 1
97 100 1
97 113 1
97 136 1
97 155 1
97 159 1
97 160 1
97 168 1
98 103 1
98 111 1
98 119 1
98 120 1
98 125 1
98 130 1
98 134 1
98 140 1
98 148 1
98 159 1
98 170 1
98 187 1
99 101 1
99 102 1
99 108 1
99 109 1
99 116 1
99 124 1
99 139 1
99 144 1
99 150 1
99 151 1
99 157 1
99 169 1
99 172 1
99 174 1
99 178 1
99 179 1
99 181 1
100 104 1
100 107 1
100 130 1
100 144 1
100 145 1
100 158 1
100 163 1
100 174 1
100 177 1
100 184 1
100 186 1
101 117 1
101 124 1
101 128 1
101 135 1
101 162 1
101 172 1
102 114 1
102 115 1
102 126 1
102 129 1
102 155 1
102 163 1
102 167 1
102 174 1
102 177 1
102 180 1
102 182 1
102 186 1
103 104 1
103 111 1
103 121 1
103 142 1
103 157 1
103 162 1
103 163 1
103 164 1
103 170 1
103 181 1
103 186 1
103 189 1
104 115 1
104 121 1
104 142 1
104 151 1
104 173 1
104 177 1
104 188 1
105 135 1
105 137 1
105 144 1
105 175 1
106 108 1
106 112 1
106 120 1
106 121 1
106 127 1
106 131 1
106 133 1
106 139 1
106 151 1
106 157 1
106 175 1
106 189 1
107 108 1
107 116 1
107 140 1
107 148 1
107 151 1
107 152 1
107 157 1
108 110 1
108 111 1
108 113 1
108 114 1
108 119 1
108 126 1
108 129 1
108 140 1
108 150 1
108 152 1
108 172 1
108 175 1
109 129 1
109 135 1
109 145 1
109 173 1
109 174 1
109 180 1
110 129 1
110 139 1
110 142 1
110 148 1
110 150 1
110 173 1
110 177 1
111 124 1
111 129 1
111 131 1
111 146 1
111 160 1
111 164 1
112 138 1
112 140 1
112 145 1
112 147 1
112 153 1
112 174 1
113 123 1
113 143 1
113 161 1
113 170 1
113 173 1
113 178 1
113 186 1
114 115 1
114 125 1
114 127 1
114 139 1
114 152 1
114 159 1
114 160 1
114 169 1
114 181 1
115 118 1
115 119 1
115 141 1
115 148 1
115 173 1
115 189 1
116 124 1
116 135 1
116 138 1
116 139 1
116 155 1
116 156 1
116 179 1
116 181 1
116 182 1
117 120 1
117 123 1
117 124 1
117 142 1
117 151 1
117 160 1
117 166 1
117 169 1
117 183 1
117 187 1
118 123 1
118 125 1
118 128 1
118 138 1
118 146 1
118 151 1
118 157 1
118 166 1
118 174 1
118 182 1
119 128 1
119 149 1
119 156 1
119 157 1
119 170 1
119 176 1
119 186 1
120 121 1
120 125 1
120 128 1
120 133 1
120 138 1
120 142 1
120 145 1
120 148 1
120 153 1
120 174 1
120 175 1
121 134 1
121 136 1
121 143 1
121 152 1
121 164 1
121 169 1
121 174 1
121 175 1
122 132 1
122 134 1
122 139 1
122 140 1
122 156 1
122 168 1
122 182 1
123 140 1
123 158 1
123 167 1
124 137 1
124 154 1
124 173 1
124 184 1
125 131 1
125 142 1
125 149 1
125 151 1
125 165 1
125 166 1
125 169 1
125 178 1
125 180 1
125 186 1
126 127 1
126 140 1
126 152 1
126 161 1
126 164 1
126 166 1
126 169 1
127 141 1
127 142 1
127 150 1
127 151 1
127 170 1
127 171 1
127 172 1
127 188 1
128 130 1
128 136 1
128 171 1
128 173 1
128 177 1
128 180 1
128 185 1
128 187 1
129 140 1
129 144 1
129 152 1
129 157 1
129 161 1
129 165 1
129 177 1
129 178 1
129 181 1
129 182 1
129 183 1
130 138 1
130 146 1
130 157 1
130 162 1
130 167 1
130 189 1
131 139 1
131 152 1
131 170 1
131 172 1
131 175 1
131 177 1
131 178 1
131 183 1
131 185 1
131 187 1
132 142 1
132 156 1
132 159 1
132 160 1
132 165 1
133 162 1
133 168 1
133 182 1
134 140 1
134 144 1
134 146 1
134 150 1
134 155 1
134 159 1
134 161 1
134 171 1
134 178 1
135 137 1
135 147 1
135 152 1
135 156 1
135 162 1
135 181 1
136 150 1
136 152 1
136 153 1
136 155 1
136 170 1
136 172 1
136 182 1
136 183 1
136 186 1
137 138 1
137 144 1
137 169 1
137 173 1
137 177 1
137 183 1
137 186 1
138 142 1
138 145 1
138 160 1
138 166 1
138 183 1
138 188 1
139 140 1
139 148 1
139 157 1
139 160 1
139 165 1
139 166 1
139 171 1
139 180 1
139 183 1
140 145 1
140 148 1
140 155 1
141 154 1
141 159 1
142 148 1
142 160 1
142 169 1
142 170 1
142 175 1
142 176 1
142 189 1
143 147 1
143 149 1
143 158 1
143 181 1
143 183 1
143 184 1
144 145 1
144 147 1
144 158 1
144 159 1
144 175 1
145 146 1
145 174 1
145 178 1
145 180 1
146 150 1
147 151 1
147 156 1
147 158 1
147 167 1
147 169 1
147 179 1
147 181 1
147 186 1
148 168 1
148 170 1
148 176 1
148 178 1
148 180 1
148 182 1
149 179 1
150 162 1
150 170 1
150 173 1
150 184 1
150 187 1
151 153 1
151 169 1
151 173 1
151 176 1
151 184 1
151 185 1
152 155 1
152 156 1
152 157 1
152 164 1
153 169 1
153 189 1
154 163 1
154 167 1
154 171 1
154 176 1
155 162 1
155 163 1
155 167 1
155 168 1
155 169 1
155 170 1
155 180 1
155 181 1
155 186 1
155 187 1
156 157 1
156 160 1
156 162 1
156 171 1
156 176 1
156 181 1
156 183 1
156 184 1
156 185 1
157 162 1
157 170 1
157 175 1
157 185 1
158 168 1
158 170 1
158 176 1
158 178 1
158 186 1
158 189 1
159 164 1
159 171 1
159 173 1
159 177 1
159 179 1
159 182 1
159 184 1
160 166 1
160 169 1
160 178 1
160 180 1
161 177 1
161 184 1
162 177 1
163 170 1
164 176 1
164 186 1
165 174 1
166 173 1
167 178 1
167 181 1
167 184 1
168 174 1
168 187 1
169 173 1
169 176 1
169 178 1
169 185 1
169 187 1
170 173 1
170 175 1
170 183 1
170 184 1
172 181 1
173 188 1
174 183 1
174 186 1
175 177 1
176 187 1
177 179 1
177 186 1
177 188 1
177 189 1
178 189 1
180 182 1
181 186 1
183 187 1
185 187 1
187 189 1
1
3 149 161 57 80 37 180 136 54 19 72 154 167 168 32 70 102 113 86
