1419
0 7 1
0 19 1
0 23 1
0 35 1
0 37 1
0 68 1
0 69 1
0 74 1
0 79 1
0 88 1
0 112 1
0 128 1
0 135 1
0 139 1
1 5 1
1 9 1
1 27 1
1 30 1
1 36 1
1 38 1
1 39 1
1 41 1
1 52 1
1 54 1
1 59 1
1 64 1
1 76 1
1 83 1
1 84 1
1 86 1
1 88 1
1 95 1
1 98 1
1 100 1
1 115 1
1 122 1
1 124 1
1 128 1
1 131 1
1 134 1
1 139 1
2 6 1
2 7 1
2 21 1
2 26 1
2 28 1
2 29 1
2 32 1
2 41 1
2 59 1
2 76 1
2 86 1
2 87 1
2 92 1
2 101 1
2 108 1
2 114 1
2 116 1
2 118 1
2 126 1
2 129 1
2 131 1
2 132 1
2 136 1
3 23 1
3 25 1
3 26 1
3 28 1
3 30 1
3 32 1
3 34 1
3 35 1
3 38 1
3 44 1
3 46 1
3 54 1
3 61 1
3 71 1
3 83 1
3 98 1
3 105 1
3 108 1
3 109 1
3 114 1
3 124 1
3 131 1
3 135 1
3 138 1
4 5 1
4 13 1
4 15 1
4 30 1
4 33 1
4 42 1
4 46 1
4 56 1
4 64 1
4 69 1
4 72 1
4 86 1
4 88 1
4 93 1
4 100 1
4 117 1
4 119 1
4 122 1
4 127 1
4 132 1
5 11 1
5 14 1
5 16 1
5 21 1
5 29 1
5 30 1
5 40 1
5 43 1
5 65 1
5 67 1
5 75 1
5 77 1
5 78 1
5 80 1
5 81 1
5 86 1
5 95 1
5 98 1
5 101 1
5 111 1
5 119 1
5 128 1
5 139 1
6 20 1
6 22 1
6 31 1
6 33 1
6 39 1
6 44 1
6 45 1
6 56 1
6 58 1
6 80 1
6 85 1
6 87 1
6 88 1
6 93 1
6 94 1
6 95 1
6 99 1
6 101 1
6 103 1
6 104 1
6 105 1
6 113 1
6 119 1
6 121 1
6 129 1
6 138 1
7 9 1
7 11 1
7 18 1
7 27 1
7 51 1
7 56 1
7 58 1
7 59 1
7 66 1
7 69 1
7 70 1
7 78 1
7 84 1
7 88 1
7 103 1
7 104 1
7 107 1
7 114 1
7 120 1
7 124 1
8 17 1
8 18 1
8 19 1
8 23 1
8 36 1
8 38 1
8 47 1
8 53 1
8 55 1
8 70 1
8 72 1
8 82 1
8 112 1
8 113 1
8 128 1
9 18 1
9 25 1
9 26 1
9 47 1
9 54 1
9 65 1
9 81 1
9 90 1
9 94 1
9 110 1
9 121 1
9 122 1
9 123 1
9 130 1
9 138 1
10 13 1
10 14 1
10 15 1
10 16 1
10 18 1
10 22 1
10 36 1
10 43 1
10 48 1
10 52 1
10 53 1
10 54 1
10 57 1
10 61 1
10 65 1
10 66 1
10 69 1
10 72 1
10 78 1
10 96 1
10 109 1
10 114 1
10 118 1
10 122 1
10 124 1
10 139 1
11 15 1
11 23 1
11 30 1
11 44 1
11 49 1
11 55 1
11 58 1
11 61 1
11 74 1
11 77 1
11 78 1
11 86 1
11 98 1
11 100 1
11 109 1
11 132 1
11 137 1
11 138 1
12 20 1
12 28 1
12 31 1
12 32 1
12 33 1
12 41 1
12 43 1
12 48 1
12 49 1
12 51 1
12 53 1
12 54 1
12 59 1
12 64 1
12 66 1
12 77 1
12 91 1
12 92 1
12 103 1
12 104 1
12 110 1
12 124 1
12 130 1
13 15 1
13 19 1
13 21 1
13 22 1
13 27 1
13 28 1
13 31 1
13 42 1
13 47 1
13 55 1
13 58 1
13 68 1
13 78 1
13 91 1
13 100 1
13 107 1
13 108 1
13 110 1
13 114 1
13 119 1
13 125 1
13 132 1
13 134 1
13 139 1
14 15 1
14 35 1
14 42 1
14 48 1
14 51 1
14 52 1
14 60 1
14 67 1
14 81 1
14 114 1
14 132 1
14 134 1
14 136 1
15 32 1
15 39 1
15 68 1
15 69 1
15 70 1
15 77 1
15 84 1
15 85 1
15 87 1
15 88 1
15 97 1
15 124 1
15 136 1
15 138 1
16 17 1
16 18 1
16 21 1
16 32 1
16 34 1
16 40 1
16 43 1
16 48 1
16 53 1
16 56 1
16 58 1
16 62 1
16 67 1
16 78 1
16 81 1
16 83 1
16 87 1
16 116 1
16 118 1
16 119 1
16 137 1
17 18 1
17 19 1
17 22 1
17 27 1
17 43 1
17 48 1
17 73 1
17 78 1
17 89 1
17 99 1
17 104 1
17 110 1
17 122 1
17 124 1
17 136 1
18 21 1
18 22 1
18 32 1
18 41 1
18 46 1
18 49 1
18 54 1
18 76 1
18 78 1
18 79 1
18 83 1
18 84 1
18 91 1
18 92 1
18 108 1
18 121 1
18 122 1
18 131 1
18 132 1
18 133 1
18 136 1
19 35 1
19 43 1
19 51 1
19 60 1
19 70 1
19 80 1
19 87 1
19 89 1
19 92 1
19 93 1
19 99 1
19 106 1
19 113 1
19 114 1
19 121 1
19 128 1
19 134 1
19 136 1
19 138 1
20 23 1
20 37 1
20 41 1
20 61 1
20 66 1
20 76 1
20 88 1
20 99 1
20 108 1
20 111 1
20 118 1
21 22 1
21 24 1
21 35 1
21 37 1
21 38 1
21 40 1
21 51 1
21 58 1
21 59 1
21 61 1
21 63 1
21 80 1
21 85 1
21 88 1
21 92 1
21 104 1
21 105 1
21 112 1
21 120 1
21 124 1
21 125 1
21 127 1
21 129 1
21 131 1
21 133 1
21 137 1
22 32 1
22 37 1
22 42 1
22 47 1
22 49 1
22 69 1
22 73 1
22 87 1
22 102 1
22 105 1
22 109 1
22 110 1
22 112 1
22 115 1
22 120 1
22 123 1
22 133 1
22 139 1
23 34 1
23 40 1
23 61 1
23 70 1
23 74 1
23 85 1
23 99 1
23 102 1
23 111 1
23 112 1
23 119 1
23 126 1
23 129 1
24 25 1
24 33 1
24 34 1
24 40 1
24 47 1
24 52 1
24 53 1
24 54 1
24 62 1
24 65 1
24 71 1
24 72 1
24 74 1
24 76 1
24 81 1
24 93 1
24 108 1
24 113 1
24 114 1
24 125 1
24 129 1
24 135 1
25 27 1
25 47 1
25 63 1
25 66 1
25 73 1
25 79 1
25 128 1
25 130 1
25 134 1
26 27 1
26 43 1
26 46 1
26 52 1
26 56 1
26 58 1
26 64 1
26 70 1
26 76 1
26 85 1
26 88 1
26 89 1
26 91 1
26 92 1
26 95 1
26 102 1
26 113 1
26 118 1
26 119 1
26 124 1
26 131 1
26 132 1
27 28 1
27 36 1
27 39 1
27 42 1
27 47 1
27 49 1
27 51 1
27 53 1
27 55 1
27 61 1
27 64 1
27 74 1
27 79 1
27 86 1
27 91 1
27 101 1
27 106 1
27 119 1
27 120 1
27 125 1
27 131 1
28 60 1
28 70 1
28 71 1
28 72 1
28 90 1
28 124 1
28 133 1
29 34 1
29 37 1
29 40 1
29 71 1
29 72 1
29 87 1
29 95 1
29 99 1
29 115 1
29 122 1
29 123 1
29 128 1
29 129 1
30 45 1
30 46 1
30 57 1
30 62 1
30 64 1
30 69 1
30 75 1
30 82 1
30 83 1
30 84 1
30 92 1
30 105 1
30 130 1
30 136 1
31 70 1
31 72 1
31 80 1
31 101 1
31 105 1
31 132 1
31 139 1
32 37 1
32 42 1
32 50 1
32 51 1
32 52 1
32 60 1
32 62 1
32 63 1
32 64 1
32 66 1
32 73 1
32 75 1
32 82 1
32 89 1
32 96 1
32 100 1
32 102 1
32 107 1
32 116 1
32 119 1
32 122 1
32 128 1
32 129 1
32 136 1
32 138 1
33 38 1
33 44 1
33 56 1
33 63 1
33 64 1
33 66 1
33 72 1
33 75 1
33 76 1
33 77 1
33 78 1
33 86 1
33 101 1
33 102 1
33 108 1
33 116 1
33 118 1
33 132 1
34 38 1
34 41 1
34 57 1
34 64 1
34 70 1
34 79 1
34 94 1
34 117 1
34 120 1
34 124 1
35 37 1
35 40 1
35 42 1
35 50 1
35 55 1
35 58 1
35 65 1
35 70 1
35 74 1
35 93 1
35 103 1
35 104 1
35 108 1
35 116 1
35 117 1
35 119 1
35 121 1
35 124 1
35 125 1
35 136 1
36 59 1
36 83 1
36 85 1
36 103 1
36 115 1
36 117 1
36 122 1
36 124 1
37 41 1
37 42 1
37 44 1
37 45 1
37 67 1
37 78 1
37 89 1
37 114 1
37 118 1
37 128 1
37 133 1
37 136 1
38 43 1
38 51 1
38 53 1
38 62 1
38 63 1
38 78 1
38 85 1
38 87 1
38 94 1
38 98 1
38 101 1
38 108 1
38 123 1
39 46 1
39 61 1
39 64 1
39 68 1
39 70 1
39 73 1
39 86 1
39 92 1
39 93 1
39 110 1
39 112 1
39 129 1
39 131 1
40 59 1
40 61 1
40 73 1
40 77 1
40 83 1
40 84 1
40 86 1
40 100 1
40 105 1
40 107 1
40 110 1
40 111 1
40 124 1
40 137 1
41 43 1
41 51 1
41 69 1
41 80 1
41 107 1
41 111 1
41 118 1
41 122 1
41 130 1
42 43 1
42 53 1
42 65 1
42 67 1
42 71 1
42 81 1
42 85 1
42 89 1
42 94 1
42 109 1
42 121 1
42 124 1
42 134 1
42 135 1
43 52 1
43 56 1
43 70 1
43 71 1
43 81 1
43 84 1
43 94 1
43 101 1
43 114 1
43 119 1
43 122 1
43 126 1
43 128 1
43 131 1
44 55 1
44 58 1
44 63 1
44 66 1
44 68 1
44 69 1
44 86 1
44 96 1
44 97 1
44 103 1
44 105 1
44 108 1
44 111 1
44 124 1
45 51 1
45 58 1
45 61 1
45 71 1
45 92 1
45 102 1
45 111 1
45 117 1
45 120 1
45 122 1
45 130 1
45 139 1
46 52 1
46 57 1
46 66 1
46 67 1
46 79 1
46 82 1
46 89 1
46 94 1
46 108 1
46 119 1
46 133 1
46 136 1
47 50 1
47 51 1
47 61 1
47 66 1
47 76 1
47 77 1
47 79 1
47 86 1
47 106 1
47 113 1
47 116 1
47 121 1
47 124 1
47 131 1
47 135 1
47 139 1
48 52 1
48 59 1
48 69 1
48 72 1
48 112 1
48 114 1
48 115 1
48 118 1
48 120 1
48 121 1
48 126 1
48 129 1
48 132 1
48 137 1
49 55 1
49 61 1
49 71 1
49 75 1
49 76 1
49 90 1
49 112 1
49 117 1
49 119 1
49 120 1
49 122 1
49 124 1
49 125 1
49 133 1
50 55 1
50 61 1
50 69 1
50 73 1
50 85 1
50 96 1
50 100 1
50 104 1
50 106 1
50 108 1
50 117 1
50 118 1
50 123 1
50 138 1
51 64 1
51 75 1
51 83 1
51 96 1
51 100 1
51 104 1
51 108 1
51 113 1
51 115 1
51 116 1
51 119 1
51 132 1
51 137 1
52 59 1
52 65 1
52 80 1
52 96 1
52 98 1
52 100 1
52 103 1
52 107 1
52 122 1
52 139 1
53 54 1
53 56 1
53 57 1
53 67 1
53 70 1
53 74 1
53 77 1
53 87 1
53 95 1
53 113 1
53 123 1
53 125 1
53 130 1
54 56 1
54 64 1
54 67 1
54 76 1
54 77 1
54 79 1
54 81 1
54 96 1
54 102 1
54 110 1
54 113 1
54 122 1
54 137 1
55 62 1
55 68 1
55 69 1
55 78 1
55 80 1
55 87 1
55 106 1
55 116 1
55 117 1
56 62 1
56 66 1
56 77 1
56 99 1
56 103 1
56 111 1
56 113 1
56 114 1
56 117 1
56 133 1
56 137 1
57 58 1
57 65 1
57 67 1
57 78 1
57 81 1
57 90 1
57 91 1
57 95 1
57 102 1
57 116 1
57 117 1
57 122 1
57 124 1
57 132 1
57 133 1
58 77 1
58 91 1
58 106 1
58 122 1
58 136 1
59 77 1
59 93 1
59 109 1
59 115 1
59 125 1
59 128 1
59 129 1
59 134 1
59 137 1
60 66 1
60 76 1
60 80 1
60 85 1
60 101 1
60 105 1
60 108 1
60 110 1
60 115 1
60 116 1
60 119 1
60 124 1
60 132 1
61 65 1
61 76 1
61 88 1
61 92 1
61 107 1
61 108 1
61 110 1
61 126 1
61 129 1
62 72 1
62 77 1
62 78 1
62 85 1
62 96 1
62 99 1
62 100 1
62 101 1
62 108 1
62 113 1
62 115 1
62 125 1
62 134 1
62 138 1
63 66 1
63 71 1
63 82 1
63 85 1
63 90 1
63 102 1
63 103 1
63 114 1
64 66 1
64 68 1
64 69 1
64 72 1
64 74 1
64 78 1
64 88 1
64 93 1
64 98 1
64 99 1
64 106 1
64 125 1
64 135 1
65 67 1
65 76 1
65 78 1
65 81 1
65 84 1
65 90 1
65 95 1
65 101 1
65 104 1
65 123 1
65 130 1
66 79 1
66 80 1
66 86 1
66 89 1
66 95 1
66 101 1
66 107 1
66 116 1
66 118 1
66 121 1
66 131 1
66 138 1
66 139 1
67 80 1
67 84 1
67 85 1
67 90 1
67 92 1
67 107 1
67 108 1
67 110 1
67 112 1
68 71 1
68 76 1
68 80 1
68 87 1
68 95 1
68 96 1
68 101 1
68 104 1
68 107 1
68 109 1
68 118 1
68 123 1
68 126 1
69 70 1
69 80 1
69 86 1
69 102 1
69 107 1
69 113 1
69 120 1
69 124 1
69 127 1
69 135 1
69 139 1
70 79 1
70 84 1
70 92 1
70 93 1
70 105 1
70 106 1
70 121 1
70 130 1
71 92 1
71 94 1
71 96 1
71 110 1
71 116 1
71 121 1
71 124 1
71 130 1
71 131 1
71 133 1
71 137 1
72 73 1
72 83 1
72 84 1
72 86 1
72 89 1
72 90 1
72 101 1
72 115 1
72 120 1
73 74 1
73 80 1
73 84 1
73 95 1
73 112 1
73 131 1
74 78 1
74 96 1
74 114 1
74 115 1
74 117 1
74 126 1
74 128 1
75 79 1
75 84 1
75 90 1
75 101 1
75 110 1
75 121 1
75 122 1
75 124 1
75 131 1
75 133 1
75 139 1
76 88 1
76 113 1
76 114 1
76 122 1
76 130 1
76 133 1
76 136 1
76 137 1
76 138 1
77 81 1
77 101 1
77 110 1
77 120 1
77 127 1
77 129 1
78 81 1
78 90 1
78 96 1
78 101 1
78 104 1
78 111 1
78 112 1
78 118 1
78 124 1
79 82 1
79 90 1
79 102 1
79 112 1
79 114 1
79 116 1
79 117 1
80 104 1
80 113 1
80 115 1
80 117 1
80 122 1
80 123 1
80 135 1
80 138 1
81 89 1
81 100 1
81 104 1
81 125 1
81 129 1
82 84 1
82 96 1
82 102 1
82 111 1
82 112 1
82 130 1
82 134 1
83 86 1
83 101 1
83 112 1
83 119 1
83 124 1
83 125 1
84 88 1
84 89 1
84 91 1
84 98 1
84 102 1
84 108 1
84 110 1
84 111 1
84 114 1
84 118 1
84 119 1
84 121 1
84 130 1
84 136 1
84 139 1
85 89 1
85 101 1
85 107 1
85 123 1
85 134 1
85 136 1
86 102 1
86 115 1
86 124 1
86 139 1
87 91 1
87 103 1
87 106 1
87 116 1
87 122 1
87 125 1
87 138 1
88 89 1
88 93 1
88 99 1
88 103 1
88 104 1
88 108 1
88 111 1
88 114 1
88 121 1
88 129 1
88 132 1
89 93 1
89 98 1
89 102 1
89 110 1
89 111 1
89 119 1
89 124 1
89 128 1
89 131 1
89 133 1
89 134 1
90 93 1
90 100 1
90 104 1
90 108 1
91 92 1
91 94 1
91 95 1
91 96 1
91 101 1
91 103 1
91 107 1
91 120 1
91 126 1
91 128 1
91 132 1
92 97 1
92 98 1
92 101 1
92 109 1
92 110 1
92 111 1
92 118 1
92 123 1
92 124 1
92 131 1
92 135 1
93 107 1
93 108 1
93 112 1
93 119 1
93 120 1
93 122 1
93 130 1
94 98 1
94 105 1
94 110 1
94 114 1
94 116 1
94 117 1
94 122 1
94 134 1
94 135 1
94 136 1
94 137 1
94 139 1
95 103 1
95 107 1
95 115 1
95 117 1
95 119 1
95 120 1
95 121 1
95 125 1
95 126 1
95 127 1
95 128 1
96 106 1
96 115 1
96 117 1
96 120 1
96 122 1
96 123 1
96 126 1
96 129 1
96 134 1
96 136 1
97 121 1
97 137 1
98 116 1
98 121 1
98 122 1
99 110 1
99 112 1
99 119 1
99 125 1
99 126 1
99 128 1
99 129 1
99 130 1
99 131 1
100 105 1
100 119 1
100 124 1
100 129 1
100 132 1
100 138 1
101 105 1
101 127 1
101 129 1
101 133 1
102 104 1
102 122 1
102 128 1
102 136 1
103 105 1
103 106 1
103 107 1
103 110 1
103 123 1
103 130 1
103 134 1
104 107 1
104 108 1
104 115 1
104 121 1
104 122 1
104 125 1
104 126 1
104 133 1
104 137 1
105 113 1
105 139 1
106 117 1
106 124 1
106 135 1
106 138 1
107 114 1
107 120 1
107 126 1
107 129 1
107 138 1
108 112 1
108 115 1
108 120 1
108 121 1
108 124 1
108 134 1
109 112 1
109 116 1
109 117 1
109 123 1
110 124 1
110 126 1
110 128 1
110 132 1
110 135 1
110 138 1
111 122 1
111 123 1
111 127 1
111 137 1
112 113 1
112 117 1
112 124 1
112 139 1
113 115 1
113 116 1
113 130 1
114 115 1
114 117 1
114 120 1
114 124 1
114 134 1
115 118 1
115 135 1
115 136 1
115 138 1
115 139 1
116 127 1
117 122 1
117 127 1
118 124 1
118 129 1
118 133 1
118 136 1
119 132 1
120 128 1
120 137 1
121 126 1
121 127 1
121 138 1
122 138 1
123 126 1
123 135 1
124 126 1
124 132 1
124 138 1
125 139 1
126 127 1
126 135 1
126 139 1
127 135 1
127 137 1
128 130 1
128 133 1
128 135 1
129 136 1
130 131 1
130 135 1
131 138 1
133 134 1
133 135 1
135 138 1
137 139 1
1
18 44 15 6 126 30 111 79 20 9 40 17 33 36
