1454
0 5 1
0 19 1
0 21 1
0 28 1
0 38 1
0 46 1
0 51 1
0 54 1
0 57 1
0 61 1
0 73 1
0 76 1
0 84 1
0 93 1
0 97 1
0 100 1
0 106 1
0 107 1
0 115 1
0 118 1
0 147 1
1 26 1
1 28 1
1 29 1
1 33 1
1 36 1
1 45 1
1 55 1
1 65 1
1 91 1
1 100 1
1 101 1
1 108 1
1 124 1
1 127 1
1 134 1
1 138 1
2 9 1
2 21 1
2 27 1
2 31 1
2 38 1
2 45 1
2 47 1
2 51 1
2 57 1
2 71 1
2 86 1
2 91 1
2 95 1
2 104 1
2 111 1
2 112 1
2 128 1
2 129 1
2 140 1
2 144 1
3 8 1
3 13 1
3 20 1
3 35 1
3 45 1
3 46 1
3 49 1
3 52 1
3 57 1
3 65 1
3 75 1
3 98 1
3 111 1
3 130 1
3 146 1
4 9 1
4 11 1
4 12 1
4 17 1
4 27 1
4 34 1
4 39 1
4 42 1
4 43 1
4 47 1
4 48 1
4 51 1
4 61 1
4 76 1
4 101 1
4 102 1
4 124 1
5 10 1
5 14 1
5 16 1
5 25 1
5 26 1
5 27 1
5 28 1
5 31 1
5 40 1
5 62 1
5 63 1
5 67 1
5 69 1
5 72 1
5 76 1
5 85 1
5 90 1
5 98 1
5 100 1
5 101 1
5 104 1
5 113 1
5 115 1
5 136 1
5 147 1
6 7 1
6 10 1
6 14 1
6 23 1
6 28 1
6 31 1
6 39 1
6 40 1
6 42 1
6 64 1
6 67 1
6 68 1
6 70 1
6 72 1
6 76 1
6 82 1
6 87 1
6 123 1
6 141 1
6 142 1
6 144 1
6 145 1
6 146 1
7 9 1
7 13 1
7 16 1
7 36 1
7 43 1
7 49 1
7 50 1
7 62 1
7 67 1
7 68 1
7 71 1
7 78 1
7 80 1
7 90 1
7 94 1
7 95 1
7 102 1
7 103 1
7 113 1
7 120 1
7 126 1
7 131 1
8 14 1
8 31 1
8 32 1
8 38 1
8 39 1
8 41 1
8 45 1
8 46 1
8 57 1
8 59 1
8 60 1
8 68 1
8 70 1
8 73 1
8 75 1
8 84 1
8 94 1
8 109 1
8 117 1
8 124 1
8 131 1
8 143 1
8 146 1
9 15 1
9 19 1
9 34 1
9 38 1
9 43 1
9 44 1
9 46 1
9 50 1
9 62 1
9 63 1
9 78 1
9 89 1
9 97 1
9 99 1
9 100 1
9 103 1
9 113 1
9 121 1
9 122 1
9 128 1
9 132 1
9 136 1
9 140 1
10 15 1
10 19 1
10 26 1
10 43 1
10 44 1
10 45 1
10 57 1
10 69 1
10 73 1
10 102 1
10 121 1
10 141 1
10 146 1
10 149 1
11 12 1
11 16 1
11 19 1
11 24 1
11 25 1
11 31 1
11 38 1
11 39 1
11 44 1
11 47 1
11 48 1
11 50 1
11 66 1
11 90 1
11 112 1
11 145 1
12 13 1
12 25 1
12 32 1
12 68 1
12 74 1
12 96 1
12 103 1
12 111 1
12 113 1
12 118 1
12 144 1
12 146 1
13 26 1
13 28 1
13 36 1
13 41 1
13 50 1
13 53 1
13 86 1
13 94 1
13 109 1
13 111 1
13 117 1
13 128 1
13 130 1
13 137 1
13 146 1
14 59 1
14 89 1
14 98 1
14 103 1
14 116 1
14 117 1
14 125 1
14 139 1
15 19 1
15 25 1
15 27 1
15 61 1
15 71 1
15 74 1
15 76 1
15 79 1
15 83 1
15 88 1
15 89 1
15 93 1
15 96 1
15 105 1
15 109 1
15 136 1
15 142 1
15 145 1
16 24 1
16 33 1
16 35 1
16 47 1
16 56 1
16 61 1
16 66 1
16 68 1
16 74 1
16 75 1
16 83 1
16 84 1
16 88 1
16 94 1
16 98 1
16 105 1
16 110 1
16 135 1
16 139 1
16 148 1
17 22 1
17 44 1
17 46 1
17 51 1
17 55 1
17 58 1
17 68 1
17 93 1
17 100 1
17 101 1
17 104 1
17 111 1
17 124 1
17 125 1
17 127 1
17 136 1
18 21 1
18 31 1
18 32 1
18 38 1
18 48 1
18 56 1
18 70 1
18 76 1
18 102 1
18 114 1
18 129 1
18 139 1
18 143 1
18 146 1
18 149 1
19 20 1
19 28 1
19 33 1
19 40 1
19 50 1
19 53 1
19 60 1
19 62 1
19 67 1
19 84 1
19 87 1
19 91 1
19 96 1
19 105 1
19 108 1
19 122 1
19 130 1
19 135 1
19 147 1
20 28 1
20 30 1
20 38 1
20 44 1
20 58 1
20 66 1
20 67 1
20 74 1
20 75 1
20 81 1
20 86 1
20 98 1
20 119 1
20 120 1
20 123 1
20 128 1
20 147 1
21 22 1
21 23 1
21 38 1
21 49 1
21 57 1
21 73 1
21 81 1
21 111 1
21 117 1
21 123 1
21 126 1
21 133 1
21 136 1
22 23 1
22 24 1
22 28 1
22 37 1
22 44 1
22 48 1
22 56 1
22 58 1
22 65 1
22 71 1
22 77 1
22 92 1
22 98 1
22 101 1
22 106 1
22 111 1
22 121 1
22 125 1
22 131 1
22 140 1
22 142 1
23 46 1
23 50 1
23 54 1
23 55 1
23 70 1
23 82 1
23 84 1
23 97 1
23 101 1
23 116 1
23 121 1
23 126 1
23 133 1
24 40 1
24 49 1
24 52 1
24 58 1
24 62 1
24 67 1
24 68 1
24 92 1
24 98 1
24 102 1
24 108 1
24 110 1
24 123 1
24 124 1
24 137 1
24 144 1
25 29 1
25 43 1
25 45 1
25 61 1
25 65 1
25 68 1
25 74 1
25 88 1
25 98 1
25 101 1
25 117 1
25 123 1
25 131 1
25 132 1
25 139 1
26 31 1
26 33 1
26 37 1
26 39 1
26 62 1
26 67 1
26 72 1
26 79 1
26 90 1
26 92 1
26 114 1
26 117 1
26 135 1
26 147 1
27 31 1
27 32 1
27 36 1
27 38 1
27 39 1
27 51 1
27 56 1
27 57 1
27 58 1
27 63 1
27 73 1
27 77 1
27 80 1
27 101 1
27 107 1
27 114 1
27 115 1
27 116 1
27 121 1
27 123 1
27 134 1
27 135 1
27 137 1
27 138 1
28 31 1
28 32 1
28 34 1
28 40 1
28 47 1
28 49 1
28 57 1
28 70 1
28 74 1
28 84 1
28 95 1
28 106 1
28 112 1
28 114 1
28 118 1
28 140 1
28 145 1
29 32 1
29 37 1
29 43 1
29 47 1
29 54 1
29 55 1
29 65 1
29 68 1
29 69 1
29 70 1
29 80 1
29 83 1
29 92 1
29 123 1
29 124 1
29 143 1
29 149 1
30 49 1
30 55 1
30 68 1
30 71 1
30 77 1
30 81 1
30 103 1
30 111 1
30 112 1
30 114 1
30 119 1
31 32 1
31 36 1
31 37 1
31 48 1
31 58 1
31 78 1
31 83 1
31 84 1
31 86 1
31 98 1
31 100 1
31 111 1
31 127 1
31 136 1
31 139 1
31 142 1
31 149 1
32 35 1
32 51 1
32 61 1
32 62 1
32 86 1
32 89 1
32 107 1
32 113 1
32 117 1
32 121 1
32 124 1
32 133 1
32 140 1
32 142 1
32 147 1
32 148 1
33 35 1
33 54 1
33 55 1
33 60 1
33 61 1
33 63 1
33 79 1
33 91 1
33 102 1
33 104 1
33 109 1
33 124 1
33 133 1
34 41 1
34 49 1
34 62 1
34 64 1
34 80 1
34 101 1
34 119 1
34 121 1
34 128 1
34 132 1
35 41 1
35 44 1
35 49 1
35 51 1
35 56 1
35 57 1
35 59 1
35 78 1
35 84 1
35 86 1
35 87 1
35 96 1
35 100 1
35 106 1
35 109 1
35 124 1
35 133 1
35 140 1
35 143 1
36 38 1
36 60 1
36 72 1
36 83 1
36 101 1
36 112 1
36 115 1
36 116 1
36 141 1
37 49 1
37 51 1
37 53 1
37 59 1
37 72 1
37 89 1
37 90 1
37 114 1
37 126 1
37 133 1
37 134 1
38 40 1
38 42 1
38 44 1
38 47 1
38 65 1
38 74 1
38 87 1
38 100 1
38 118 1
38 122 1
38 126 1
38 129 1
38 147 1
39 55 1
39 70 1
39 75 1
39 78 1
39 109 1
39 115 1
39 116 1
39 117 1
39 121 1
39 123 1
39 124 1
39 129 1
39 141 1
39 142 1
40 41 1
40 42 1
40 45 1
40 46 1
40 51 1
40 63 1
40 70 1
40 81 1
40 83 1
40 94 1
40 98 1
40 121 1
40 128 1
40 130 1
40 134 1
40 136 1
40 140 1
41 45 1
41 60 1
41 62 1
41 64 1
41 65 1
41 76 1
41 103 1
41 104 1
41 108 1
41 113 1
41 135 1
41 148 1
42 45 1
42 49 1
42 58 1
42 64 1
42 78 1
42 87 1
42 90 1
42 103 1
42 112 1
42 117 1
42 124 1
43 44 1
43 55 1
43 60 1
43 64 1
43 82 1
43 84 1
43 91 1
43 98 1
43 106 1
43 116 1
43 121 1
43 122 1
43 125 1
43 126 1
43 128 1
43 131 1
43 140 1
43 144 1
43 149 1
44 47 1
44 60 1
44 74 1
44 79 1
44 80 1
44 84 1
44 92 1
44 96 1
44 100 1
44 105 1
44 106 1
44 112 1
44 113 1
44 128 1
44 136 1
45 50 1
45 66 1
45 67 1
45 79 1
45 87 1
45 94 1
45 102 1
45 106 1
45 122 1
45 134 1
45 141 1
45 143 1
45 145 1
45 146 1
46 53 1
46 56 1
46 59 1
46 66 1
46 68 1
46 84 1
46 87 1
46 91 1
46 92 1
46 101 1
46 104 1
46 105 1
46 117 1
46 130 1
46 134 1
46 142 1
46 144 1
46 145 1
47 49 1
47 57 1
47 63 1
47 72 1
47 77 1
47 86 1
47 97 1
47 98 1
47 107 1
47 109 1
47 111 1
47 123 1
48 50 1
48 51 1
48 54 1
48 57 1
48 67 1
48 80 1
48 89 1
48 129 1
48 144 1
48 145 1
48 146 1
49 55 1
49 58 1
49 66 1
49 71 1
49 94 1
49 100 1
49 103 1
49 132 1
49 135 1
49 140 1
50 56 1
50 60 1
50 61 1
50 68 1
50 69 1
50 82 1
50 87 1
50 89 1
50 91 1
50 94 1
50 99 1
50 111 1
50 112 1
50 129 1
50 130 1
50 133 1
51 67 1
51 68 1
51 74 1
51 84 1
51 86 1
51 98 1
51 107 1
51 115 1
51 125 1
51 128 1
51 131 1
51 134 1
51 135 1
52 55 1
52 56 1
52 57 1
52 79 1
52 83 1
52 95 1
52 97 1
52 103 1
52 120 1
52 124 1
52 127 1
53 61 1
53 62 1
53 65 1
53 66 1
53 73 1
53 76 1
53 87 1
53 93 1
53 96 1
53 97 1
53 98 1
53 118 1
53 119 1
53 126 1
53 128 1
53 133 1
53 135 1
53 148 1
54 64 1
54 67 1
54 74 1
54 76 1
54 78 1
54 80 1
54 83 1
54 84 1
54 85 1
54 91 1
54 94 1
54 95 1
54 103 1
54 118 1
54 127 1
55 69 1
55 77 1
55 86 1
55 89 1
55 99 1
55 109 1
55 122 1
55 125 1
55 130 1
55 140 1
55 141 1
55 146 1
56 62 1
56 75 1
56 79 1
56 85 1
56 97 1
56 100 1
56 108 1
56 122 1
56 127 1
56 132 1
56 135 1
56 136 1
56 146 1
56 148 1
57 59 1
57 61 1
57 84 1
57 89 1
57 97 1
57 101 1
57 111 1
57 113 1
57 120 1
57 121 1
57 124 1
57 135 1
57 147 1
58 66 1
58 69 1
58 85 1
58 91 1
58 97 1
58 110 1
58 136 1
58 139 1
59 65 1
59 66 1
59 69 1
59 78 1
59 80 1
59 83 1
59 87 1
59 101 1
59 105 1
59 117 1
59 128 1
59 130 1
60 67 1
60 81 1
60 87 1
60 89 1
60 94 1
60 113 1
60 118 1
60 131 1
60 139 1
60 143 1
60 146 1
60 147 1
61 84 1
61 96 1
61 98 1
61 101 1
61 103 1
61 123 1
61 134 1
61 135 1
61 141 1
62 63 1
62 81 1
62 88 1
62 92 1
62 99 1
62 104 1
62 121 1
62 126 1
63 83 1
63 107 1
63 115 1
63 134 1
63 142 1
64 69 1
64 70 1
64 71 1
64 90 1
64 91 1
64 94 1
64 101 1
64 103 1
64 105 1
64 113 1
64 117 1
64 118 1
64 121 1
64 144 1
65 70 1
65 72 1
65 73 1
65 83 1
65 87 1
65 90 1
65 101 1
65 111 1
65 140 1
65 144 1
66 79 1
66 87 1
66 97 1
66 99 1
66 109 1
66 124 1
66 128 1
67 76 1
67 81 1
67 91 1
67 95 1
67 100 1
67 110 1
67 116 1
67 120 1
67 126 1
67 138 1
68 73 1
68 75 1
68 78 1
68 80 1
68 81 1
68 93 1
68 96 1
68 100 1
68 122 1
68 127 1
68 131 1
68 133 1
68 138 1
68 139 1
68 141 1
69 73 1
69 82 1
69 112 1
69 113 1
69 120 1
69 135 1
69 139 1
69 141 1
70 81 1
70 82 1
70 85 1
70 86 1
70 87 1
70 91 1
70 93 1
70 98 1
70 102 1
70 118 1
70 137 1
70 146 1
70 147 1
71 74 1
71 80 1
71 93 1
71 98 1
71 102 1
71 108 1
71 113 1
71 124 1
71 135 1
71 145 1
71 147 1
71 149 1
72 85 1
72 99 1
72 105 1
72 106 1
72 107 1
72 131 1
72 137 1
73 81 1
73 91 1
73 100 1
73 133 1
73 147 1
74 80 1
74 85 1
74 90 1
74 94 1
74 99 1
74 117 1
74 118 1
74 142 1
74 148 1
75 77 1
75 83 1
75 84 1
75 89 1
75 111 1
75 112 1
75 114 1
75 115 1
75 122 1
76 77 1
76 80 1
76 84 1
76 89 1
76 103 1
76 111 1
76 115 1
76 116 1
76 145 1
77 79 1
77 102 1
77 103 1
77 117 1
77 118 1
77 121 1
77 135 1
77 139 1
77 144 1
78 88 1
78 90 1
78 100 1
78 111 1
78 114 1
78 115 1
78 131 1
78 132 1
78 137 1
78 148 1
79 84 1
79 91 1
79 105 1
79 106 1
79 109 1
79 114 1
79 126 1
79 133 1
79 141 1
79 146 1
80 89 1
80 90 1
80 94 1
80 96 1
80 107 1
80 109 1
80 141 1
81 115 1
81 116 1
81 118 1
81 119 1
81 133 1
81 134 1
81 145 1
81 147 1
82 89 1
82 108 1
82 130 1
82 131 1
82 137 1
82 143 1
83 84 1
83 92 1
83 98 1
83 104 1
83 108 1
83 124 1
83 133 1
83 135 1
83 139 1
83 144 1
83 145 1
84 85 1
84 86 1
84 107 1
84 109 1
84 117 1
84 119 1
84 121 1
84 124 1
85 122 1
85 123 1
85 126 1
85 130 1
85 145 1
86 92 1
86 119 1
86 127 1
86 131 1
87 89 1
87 92 1
87 110 1
87 111 1
87 114 1
87 115 1
87 128 1
87 130 1
87 140 1
87 146 1
88 89 1
88 92 1
88 97 1
88 100 1
88 104 1
88 119 1
88 122 1
88 131 1
88 136 1
88 142 1
88 144 1
88 147 1
89 90 1
89 93 1
89 111 1
89 113 1
89 115 1
89 120 1
89 130 1
89 136 1
89 145 1
89 148 1
89 149 1
90 91 1
90 116 1
90 117 1
90 118 1
90 134 1
90 139 1
90 141 1
91 94 1
91 111 1
91 115 1
91 123 1
91 137 1
91 140 1
91 145 1
92 93 1
92 94 1
92 96 1
92 102 1
92 111 1
92 114 1
92 138 1
92 139 1
93 106 1
93 107 1
93 115 1
93 121 1
93 123 1
94 96 1
94 98 1
94 100 1
94 108 1
94 110 1
94 120 1
94 138 1
94 140 1
94 143 1
94 147 1
95 96 1
95 97 1
95 102 1
95 112 1
95 114 1
95 139 1
95 145 1
96 97 1
96 104 1
96 105 1
96 110 1
96 114 1
96 115 1
96 121 1
96 131 1
96 134 1
97 101 1
97 106 1
97 110 1
97 120 1
97 125 1
97 126 1
97 133 1
97 142 1
97 143 1
97 149 1
98 116 1
98 118 1
98 129 1
98 131 1
98 133 1
98 135 1
99 103 1
99 105 1
99 106 1
99 109 1
99 116 1
99 119 1
99 125 1
99 131 1
99 141 1
100 110 1
100 115 1
100 116 1
100 126 1
100 128 1
100 145 1
101 107 1
101 109 1
101 112 1
101 131 1
101 134 1
101 135 1
101 148 1
102 113 1
102 114 1
102 138 1
102 140 1
102 144 1
102 146 1
103 108 1
103 117 1
103 118 1
103 120 1
103 123 1
103 129 1
103 137 1
103 138 1
103 142 1
103 145 1
104 107 1
104 108 1
104 110 1
104 116 1
104 120 1
104 124 1
104 125 1
104 131 1
104 140 1
104 149 1
105 106 1
105 111 1
105 113 1
105 116 1
105 120 1
105 128 1
105 133 1
105 140 1
106 121 1
106 122 1
106 123 1
107 111 1
107 113 1
107 119 1
107 126 1
107 129 1
107 138 1
107 149 1
108 111 1
108 112 1
108 118 1
108 120 1
108 121 1
108 135 1
108 145 1
109 112 1
109 129 1
109 139 1
109 141 1
110 114 1
110 118 1
110 119 1
110 134 1
110 139 1
110 140 1
110 142 1
111 119 1
111 130 1
111 132 1
111 138 1
112 121 1
112 124 1
112 129 1
112 130 1
112 132 1
112 140 1
112 142 1
113 119 1
113 140 1
113 142 1
113 147 1
113 149 1
114 121 1
114 135 1
114 138 1
115 119 1
115 122 1
115 126 1
115 134 1
115 138 1
115 143 1
115 145 1
115 148 1
116 123 1
116 124 1
116 126 1
116 130 1
116 131 1
116 138 1
116 139 1
116 141 1
116 144 1
117 124 1
117 129 1
118 119 1
118 137 1
118 142 1
119 120 1
119 123 1
119 130 1
119 135 1
119 143 1
120 121 1
120 123 1
120 126 1
120 134 1
120 140 1
120 147 1
121 130 1
121 144 1
122 124 1
122 126 1
122 133 1
122 143 1
123 124 1
123 139 1
123 144 1
123 149 1
124 140 1
125 127 1
125 129 1
125 145 1
125 149 1
126 132 1
126 133 1
126 136 1
126 137 1
126 142 1
127 138 1
127 141 1
127 148 1
128 131 1
129 134 1
130 146 1
130 149 1
131 138 1
132 135 1
133 140 1
133 143 1
133 145 1
134 138 1
134 140 1
134 143 1
134 144 1
134 148 1
134 149 1
136 138 1
137 142 1
137 144 1
139 145 1
140 142 1
141 144 1
142 148 1
142 149 1
143 149 1
1
43 44 122 57 99 146 1 145 13 118 133 91 2 148 21
