309
0 3 1
0 6 1
0 12 1
0 15 1
0 18 1
0 19 1
0 22 1
0 23 1
0 24 1
0 25 1
0 26 1
0 28 1
0 29 1
0 31 1
0 32 1
0 35 1
0 36 1
0 37 1
0 38 1
1 3 1
1 4 1
1 6 1
1 7 1
1 8 1
1 11 1
1 14 1
1 16 1
1 17 1
1 18 1
1 23 1
1 32 1
1 34 1
1 36 1
2 10 1
2 12 1
2 13 1
2 14 1
2 17 1
2 21 1
2 22 1
2 28 1
2 36 1
3 6 1
3 7 1
3 11 1
3 14 1
3 15 1
3 17 1
3 20 1
3 22 1
3 23 1
3 29 1
3 32 1
3 36 1
3 38 1
4 5 1
4 7 1
4 8 1
4 10 1
4 15 1
4 17 1
4 18 1
4 20 1
4 22 1
4 23 1
4 26 1
4 29 1
4 36 1
4 38 1
5 6 1
5 7 1
5 10 1
5 11 1
5 12 1
5 13 1
5 14 1
5 15 1
5 16 1
5 18 1
5 19 1
5 20 1
5 22 1
5 23 1
5 25 1
5 26 1
5 27 1
5 30 1
5 33 1
6 9 1
6 11 1
6 16 1
6 18 1
6 19 1
6 24 1
6 25 1
6 26 1
6 27 1
6 28 1
6 33 1
7 10 1
7 11 1
7 12 1
7 14 1
7 16 1
7 18 1
7 20 1
7 22 1
7 26 1
7 30 1
7 33 1
7 35 1
7 36 1
7 38 1
7 39 1
8 10 1
8 11 1
8 13 1
8 14 1
8 15 1
8 21 1
8 23 1
8 24 1
8 25 1
8 26 1
8 27 1
8 36 1
9 12 1
9 14 1
9 21 1
9 28 1
9 30 1
9 32 1
9 36 1
9 38 1
10 14 1
10 16 1
10 21 1
10 25 1
10 27 1
10 29 1
11 14 1
11 15 1
11 20 1
11 21 1
11 23 1
11 26 1
11 28 1
11 29 1
11 30 1
11 32 1
11 33 1
11 34 1
11 35 1
11 36 1
11 39 1
12 14 1
12 15 1
12 16 1
12 19 1
12 20 1
12 21 1
12 22 1
12 23 1
12 26 1
12 27 1
12 30 1
12 32 1
12 35 1
12 37 1
13 15 1
13 17 1
13 18 1
13 22 1
13 24 1
13 27 1
13 29 1
13 31 1
13 33 1
13 34 1
13 36 1
14 18 1
14 21 1
14 24 1
14 25 1
14 28 1
14 29 1
14 30 1
14 35 1
14 36 1
14 37 1
14 39 1
15 16 1
15 21 1
15 25 1
15 31 1
15 36 1
16 28 1
16 29 1
16 31 1
16 37 1
16 38 1
16 39 1
17 20 1
17 22 1
17 23 1
17 24 1
17 25 1
17 26 1
17 27 1
17 31 1
17 33 1
17 36 1
17 37 1
18 21 1
18 23 1
18 24 1
18 25 1
18 30 1
18 35 1
19 21 1
19 24 1
19 27 1
19 30 1
19 33 1
19 37 1
20 21 1
20 22 1
20 23 1
20 27 1
20 30 1
20 35 1
20 37 1
20 38 1
20 39 1
21 24 1
21 27 1
21 28 1
21 34 1
21 39 1
22 24 1
22 25 1
22 26 1
22 27 1
22 29 1
22 34 1
22 35 1
22 37 1
22 39 1
23 27 1
23 31 1
23 36 1
23 37 1
23 38 1
23 39 1
24 25 1
24 26 1
24 27 1
24 28 1
24 29 1
24 30 1
24 31 1
24 33 1
24 39 1
25 27 1
25 29 1
25 30 1
25 33 1
25 34 1
25 37 1
26 28 1
26 32 1
26 34 1
26 35 1
26 36 1
26 39 1
27 29 1
27 30 1
27 31 1
27 32 1
27 35 1
28 30 1
28 32 1
28 34 1
28 36 1
28 39 1
29 32 1
29 34 1
29 37 1
29 38 1
30 31 1
30 32 1
30 33 1
30 35 1
30 38 1
30 39 1
31 32 1
31 34 1
31 37 1
31 38 1
32 36 1
33 34 1
33 35 1
33 36 1
33 38 1
34 39 1
35 37 1
36 37 1
36 38 1
38 39 1
1
21 0 11 15
