897
0 5 1
0 8 1
0 10 1
0 13 1
0 23 1
0 30 1
0 33 1
0 40 1
0 49 1
0 67 1
0 73 1
0 77 1
0 81 1
0 92 1
0 96 1
1 6 1
1 12 1
1 16 1
1 18 1
1 27 1
1 29 1
1 32 1
1 33 1
1 35 1
1 39 1
1 46 1
1 53 1
1 55 1
1 58 1
1 61 1
1 76 1
1 78 1
1 81 1
1 83 1
1 86 1
1 99 1
2 7 1
2 19 1
2 21 1
2 22 1
2 23 1
2 27 1
2 34 1
2 37 1
2 40 1
2 49 1
2 50 1
2 59 1
2 61 1
2 65 1
2 68 1
2 86 1
2 89 1
2 92 1
2 93 1
2 99 1
3 8 1
3 20 1
3 24 1
3 28 1
3 29 1
3 30 1
3 47 1
3 75 1
3 76 1
3 78 1
3 81 1
3 83 1
3 84 1
3 89 1
3 94 1
3 99 1
4 17 1
4 29 1
4 33 1
4 39 1
4 42 1
4 48 1
4 51 1
4 72 1
4 73 1
4 74 1
4 77 1
4 86 1
4 88 1
4 91 1
4 95 1
5 6 1
5 7 1
5 14 1
5 19 1
5 22 1
5 24 1
5 28 1
5 31 1
5 48 1
5 54 1
5 58 1
5 65 1
5 66 1
5 71 1
5 77 1
5 86 1
5 90 1
5 97 1
6 15 1
6 19 1
6 21 1
6 27 1
6 29 1
6 35 1
6 37 1
6 45 1
6 46 1
6 47 1
6 52 1
6 56 1
6 74 1
6 87 1
6 92 1
6 94 1
6 95 1
7 9 1
7 10 1
7 23 1
7 25 1
7 36 1
7 49 1
7 56 1
7 62 1
7 64 1
7 65 1
7 71 1
7 76 1
7 79 1
7 91 1
8 13 1
8 18 1
8 19 1
8 20 1
8 25 1
8 28 1
8 30 1
8 32 1
8 44 1
8 46 1
8 50 1
8 51 1
8 57 1
8 67 1
8 69 1
8 71 1
8 75 1
8 81 1
8 86 1
8 89 1
8 99 1
9 16 1
9 17 1
9 38 1
9 42 1
9 49 1
9 54 1
9 65 1
9 90 1
9 97 1
10 16 1
10 20 1
10 22 1
10 24 1
10 36 1
10 39 1
10 49 1
10 53 1
10 61 1
10 73 1
10 74 1
10 75 1
10 78 1
10 81 1
10 83 1
10 94 1
10 95 1
10 99 1
11 12 1
11 13 1
11 18 1
11 19 1
11 59 1
11 61 1
11 67 1
11 70 1
11 71 1
11 72 1
11 73 1
11 74 1
11 85 1
11 93 1
11 96 1
11 97 1
12 24 1
12 30 1
12 33 1
12 36 1
12 39 1
12 43 1
12 47 1
12 48 1
12 63 1
12 70 1
12 75 1
12 77 1
12 88 1
13 21 1
13 24 1
13 27 1
13 28 1
13 37 1
13 39 1
13 46 1
13 50 1
13 52 1
13 53 1
13 65 1
13 71 1
13 79 1
13 85 1
13 88 1
13 97 1
14 15 1
14 20 1
14 22 1
14 23 1
14 39 1
14 44 1
14 50 1
14 51 1
14 53 1
14 61 1
14 63 1
14 65 1
14 66 1
14 73 1
14 75 1
14 79 1
14 86 1
14 89 1
14 94 1
15 19 1
15 28 1
15 30 1
15 31 1
15 37 1
15 41 1
15 47 1
15 60 1
15 63 1
15 65 1
15 69 1
15 82 1
16 19 1
16 24 1
16 25 1
16 41 1
16 42 1
16 51 1
16 52 1
16 60 1
16 65 1
16 70 1
16 72 1
16 79 1
17 38 1
17 44 1
17 45 1
17 66 1
17 69 1
17 70 1
17 86 1
17 91 1
17 97 1
17 98 1
18 26 1
18 34 1
18 43 1
18 51 1
18 53 1
18 62 1
18 63 1
18 71 1
18 74 1
18 75 1
18 76 1
18 86 1
18 90 1
18 95 1
18 96 1
18 97 1
19 20 1
19 25 1
19 28 1
19 35 1
19 37 1
19 38 1
19 39 1
19 46 1
19 51 1
19 53 1
19 64 1
19 69 1
19 94 1
19 95 1
20 24 1
20 27 1
20 28 1
20 29 1
20 37 1
20 41 1
20 46 1
20 65 1
20 82 1
20 84 1
20 85 1
21 27 1
21 29 1
21 40 1
21 45 1
21 57 1
21 67 1
21 76 1
21 82 1
21 85 1
22 27 1
22 30 1
22 45 1
22 50 1
22 52 1
22 55 1
22 63 1
22 64 1
22 70 1
22 74 1
22 75 1
22 82 1
22 85 1
22 89 1
22 95 1
23 29 1
23 32 1
23 39 1
23 42 1
23 46 1
23 55 1
23 57 1
23 58 1
23 59 1
23 64 1
23 70 1
23 90 1
24 26 1
24 32 1
24 43 1
24 45 1
24 50 1
24 55 1
24 60 1
24 66 1
24 93 1
25 26 1
25 35 1
25 40 1
25 45 1
25 47 1
25 50 1
25 52 1
25 61 1
25 72 1
25 79 1
25 82 1
25 87 1
25 94 1
26 29 1
26 30 1
26 41 1
26 42 1
26 43 1
26 44 1
26 52 1
26 56 1
26 59 1
26 60 1
26 70 1
26 74 1
26 76 1
26 77 1
26 83 1
26 88 1
26 99 1
27 30 1
27 31 1
27 42 1
27 45 1
27 48 1
27 60 1
27 61 1
27 76 1
27 90 1
27 91 1
27 92 1
28 46 1
28 65 1
28 76 1
28 77 1
28 87 1
28 94 1
29 39 1
29 43 1
29 45 1
29 47 1
29 51 1
29 57 1
29 58 1
29 71 1
29 74 1
29 79 1
29 86 1
29 93 1
29 97 1
29 99 1
30 31 1
30 32 1
30 36 1
30 43 1
30 44 1
30 46 1
30 53 1
30 54 1
30 55 1
30 59 1
30 65 1
30 71 1
30 72 1
30 74 1
30 77 1
30 80 1
30 83 1
30 92 1
31 32 1
31 33 1
31 36 1
31 40 1
31 44 1
31 46 1
31 54 1
31 56 1
31 57 1
31 58 1
31 61 1
31 70 1
31 73 1
31 74 1
31 75 1
31 79 1
31 80 1
31 85 1
31 91 1
31 96 1
31 97 1
31 98 1
31 99 1
32 36 1
32 43 1
32 47 1
32 49 1
32 53 1
32 65 1
32 74 1
32 78 1
32 90 1
32 96 1
32 98 1
33 38 1
33 41 1
33 49 1
33 58 1
33 62 1
33 64 1
33 77 1
33 78 1
33 79 1
33 91 1
34 39 1
34 41 1
34 43 1
34 47 1
34 50 1
34 53 1
34 60 1
34 62 1
34 67 1
34 72 1
34 77 1
34 80 1
34 82 1
34 84 1
34 95 1
34 96 1
35 48 1
35 49 1
35 57 1
35 58 1
35 59 1
35 66 1
35 73 1
35 90 1
35 92 1
35 93 1
35 99 1
36 37 1
36 58 1
36 59 1
36 64 1
36 76 1
36 80 1
36 81 1
36 84 1
36 89 1
36 92 1
37 40 1
37 47 1
37 50 1
37 51 1
37 55 1
37 57 1
37 65 1
37 77 1
37 80 1
37 82 1
37 92 1
37 94 1
37 96 1
38 51 1
38 56 1
38 68 1
38 76 1
38 84 1
38 86 1
39 44 1
39 49 1
39 51 1
39 56 1
39 58 1
39 61 1
39 80 1
39 81 1
39 84 1
39 86 1
39 90 1
39 91 1
39 96 1
39 97 1
40 49 1
40 56 1
40 57 1
40 59 1
40 66 1
40 68 1
40 71 1
40 73 1
40 79 1
40 87 1
40 98 1
41 52 1
41 55 1
41 59 1
41 65 1
41 80 1
41 85 1
41 86 1
41 90 1
41 91 1
41 96 1
41 97 1
42 44 1
42 45 1
42 46 1
42 51 1
42 57 1
42 61 1
42 63 1
42 68 1
42 70 1
42 80 1
42 90 1
43 53 1
43 54 1
43 55 1
43 56 1
43 64 1
43 68 1
43 89 1
43 93 1
43 97 1
44 54 1
44 55 1
44 64 1
44 79 1
44 88 1
44 93 1
45 52 1
45 53 1
45 60 1
45 63 1
45 76 1
45 78 1
45 81 1
45 88 1
45 98 1
46 53 1
46 65 1
46 68 1
46 72 1
46 74 1
46 81 1
46 85 1
46 91 1
47 50 1
47 57 1
47 64 1
47 68 1
47 77 1
47 81 1
47 82 1
47 84 1
47 85 1
47 87 1
47 88 1
47 93 1
47 99 1
48 49 1
48 52 1
48 59 1
48 61 1
48 69 1
48 70 1
48 77 1
48 83 1
48 90 1
48 95 1
49 51 1
49 55 1
49 56 1
49 66 1
49 68 1
49 69 1
49 71 1
49 84 1
49 91 1
49 94 1
50 52 1
50 53 1
50 59 1
50 77 1
50 80 1
50 82 1
50 86 1
50 87 1
50 90 1
50 93 1
51 53 1
51 56 1
51 63 1
51 64 1
51 71 1
51 85 1
51 87 1
51 92 1
51 93 1
51 94 1
51 96 1
52 58 1
52 59 1
52 60 1
52 72 1
52 73 1
52 74 1
52 80 1
52 82 1
52 84 1
52 89 1
52 95 1
52 97 1
53 56 1
53 57 1
53 59 1
53 60 1
53 73 1
53 86 1
53 87 1
53 89 1
54 57 1
54 68 1
54 70 1
54 81 1
54 87 1
54 88 1
55 65 1
55 75 1
55 79 1
55 87 1
55 90 1
55 96 1
55 98 1
56 57 1
56 68 1
56 69 1
56 73 1
56 80 1
56 87 1
56 89 1
56 91 1
56 98 1
56 99 1
57 61 1
57 71 1
57 81 1
57 90 1
58 62 1
58 65 1
58 67 1
58 74 1
58 78 1
58 80 1
58 81 1
58 88 1
58 91 1
58 93 1
59 66 1
59 71 1
59 74 1
59 84 1
59 87 1
59 92 1
59 93 1
59 98 1
60 63 1
60 67 1
60 75 1
60 83 1
60 85 1
60 87 1
60 90 1
61 62 1
61 68 1
61 83 1
61 86 1
61 97 1
62 64 1
62 68 1
62 80 1
62 82 1
62 83 1
63 65 1
63 69 1
63 74 1
63 78 1
63 84 1
63 95 1
64 65 1
64 69 1
64 73 1
64 74 1
64 76 1
64 79 1
64 85 1
64 91 1
64 93 1
64 94 1
65 68 1
65 77 1
65 80 1
65 93 1
66 72 1
66 73 1
66 76 1
66 95 1
66 96 1
66 97 1
67 71 1
67 81 1
67 82 1
67 83 1
67 85 1
67 87 1
67 91 1
67 92 1
67 95 1
68 71 1
68 72 1
68 75 1
68 77 1
68 79 1
68 82 1
68 83 1
68 91 1
68 99 1
69 70 1
69 72 1
69 73 1
69 75 1
69 77 1
69 81 1
69 84 1
69 90 1
69 94 1
69 96 1
70 73 1
70 76 1
70 77 1
70 80 1
70 85 1
70 89 1
71 80 1
71 83 1
71 87 1
71 92 1
71 93 1
71 95 1
71 97 1
71 98 1
72 73 1
72 81 1
72 82 1
72 92 1
72 99 1
73 82 1
73 87 1
73 94 1
73 97 1
74 79 1
74 84 1
74 88 1
74 92 1
74 96 1
74 97 1
75 84 1
75 95 1
76 77 1
76 83 1
76 87 1
76 89 1
76 92 1
76 93 1
76 96 1
76 98 1
76 99 1
77 92 1
77 93 1
78 80 1
78 81 1
78 94 1
78 99 1
79 82 1
79 85 1
79 86 1
79 96 1
80 86 1
80 90 1
81 82 1
81 86 1
81 97 1
81 98 1
82 83 1
82 85 1
82 99 1
83 94 1
84 91 1
84 93 1
84 96 1
84 97 1
85 94 1
85 95 1
86 87 1
86 97 1
86 98 1
86 99 1
87 91 1
87 93 1
87 97 1
89 96 1
90 94 1
90 97 1
91 96 1
92 93 1
93 95 1
97 99 1
98 99 1
1
28 0 20 26 76 32 63 10 14 75
