1279
0 17 1
0 18 1
0 20 1
0 21 1
0 30 1
0 34 1
0 47 1
0 82 1
0 83 1
0 92 1
0 103 1
0 109 1
0 117 1
0 118 1
0 138 1
1 6 1
1 19 1
1 36 1
1 37 1
1 39 1
1 40 1
1 55 1
1 64 1
1 65 1
1 67 1
1 77 1
1 89 1
1 95 1
1 97 1
1 102 1
1 103 1
1 123 1
1 124 1
2 17 1
2 18 1
2 21 1
2 26 1
2 27 1
2 29 1
2 39 1
2 42 1
2 45 1
2 57 1
2 67 1
2 68 1
2 70 1
2 81 1
2 84 1
2 88 1
2 104 1
2 108 1
2 109 1
2 112 1
2 113 1
2 130 1
2 136 1
3 9 1
3 17 1
3 21 1
3 35 1
3 40 1
3 46 1
3 47 1
3 51 1
3 66 1
3 72 1
3 77 1
3 127 1
3 130 1
3 131 1
4 5 1
4 11 1
4 14 1
4 20 1
4 38 1
4 40 1
4 49 1
4 50 1
4 56 1
4 80 1
4 88 1
4 91 1
4 112 1
4 118 1
4 130 1
4 136 1
4 137 1
4 138 1
5 11 1
5 24 1
5 28 1
5 42 1
5 49 1
5 50 1
5 51 1
5 56 1
5 87 1
5 127 1
5 130 1
6 20 1
6 23 1
6 28 1
6 34 1
6 55 1
6 63 1
6 66 1
6 79 1
6 85 1
6 97 1
6 111 1
6 129 1
7 11 1
7 18 1
7 21 1
7 30 1
7 34 1
7 41 1
7 55 1
7 72 1
7 76 1
7 83 1
7 89 1
7 96 1
7 119 1
7 125 1
8 25 1
8 31 1
8 37 1
8 38 1
8 45 1
8 51 1
8 53 1
8 63 1
8 86 1
8 89 1
8 93 1
8 131 1
8 133 1
9 31 1
9 39 1
9 40 1
9 45 1
9 47 1
9 48 1
9 52 1
9 61 1
9 103 1
9 111 1
9 112 1
9 125 1
9 136 1
9 138 1
10 12 1
10 13 1
10 18 1
10 27 1
10 29 1
10 76 1
10 79 1
10 83 1
10 106 1
10 129 1
10 138 1
11 16 1
11 18 1
11 19 1
11 22 1
11 48 1
11 50 1
11 73 1
11 74 1
11 77 1
11 82 1
11 87 1
11 100 1
11 127 1
11 135 1
11 136 1
12 15 1
12 17 1
12 18 1
12 21 1
12 30 1
12 42 1
12 49 1
12 51 1
12 60 1
12 61 1
12 65 1
12 67 1
12 70 1
12 71 1
12 80 1
12 85 1
12 88 1
12 92 1
12 105 1
12 118 1
12 122 1
12 130 1
12 133 1
12 136 1
12 137 1
12 138 1
13 14 1
13 25 1
13 26 1
13 35 1
13 40 1
13 62 1
13 66 1
13 73 1
13 88 1
13 91 1
13 99 1
13 104 1
13 124 1
13 126 1
13 131 1
13 134 1
13 135 1
14 17 1
14 19 1
14 32 1
14 46 1
14 47 1
14 49 1
14 73 1
14 74 1
14 79 1
14 81 1
14 86 1
14 88 1
14 89 1
14 107 1
14 108 1
14 111 1
14 112 1
14 122 1
14 128 1
14 130 1
14 132 1
14 136 1
14 137 1
14 139 1
15 18 1
15 33 1
15 43 1
15 53 1
15 64 1
15 65 1
15 71 1
15 102 1
15 108 1
15 123 1
15 128 1
15 138 1
16 20 1
16 25 1
16 31 1
16 37 1
16 40 1
16 56 1
16 75 1
16 78 1
16 80 1
16 85 1
16 91 1
16 92 1
16 94 1
16 95 1
16 107 1
16 116 1
16 120 1
16 126 1
17 31 1
17 40 1
17 45 1
17 59 1
17 63 1
17 71 1
17 78 1
17 86 1
17 89 1
17 90 1
17 114 1
17 117 1
17 122 1
17 136 1
18 26 1
18 29 1
18 30 1
18 33 1
18 46 1
18 48 1
18 54 1
18 55 1
18 58 1
18 88 1
18 92 1
18 97 1
18 104 1
18 105 1
18 114 1
18 122 1
18 132 1
18 136 1
19 23 1
19 30 1
19 39 1
19 41 1
19 53 1
19 56 1
19 80 1
19 88 1
19 94 1
19 109 1
19 121 1
19 126 1
19 128 1
19 138 1
20 29 1
20 31 1
20 38 1
20 55 1
20 65 1
20 70 1
20 72 1
20 75 1
20 92 1
20 99 1
20 106 1
20 107 1
20 108 1
20 116 1
20 138 1
21 36 1
21 55 1
21 66 1
21 71 1
21 88 1
21 90 1
21 105 1
21 107 1
21 113 1
21 123 1
21 127 1
21 136 1
22 30 1
22 36 1
22 52 1
22 56 1
22 61 1
22 88 1
22 94 1
22 99 1
22 100 1
22 113 1
22 115 1
22 120 1
22 123 1
22 130 1
22 132 1
23 38 1
23 39 1
23 42 1
23 48 1
23 49 1
23 63 1
23 64 1
23 96 1
23 107 1
23 109 1
23 122 1
23 133 1
23 137 1
24 26 1
24 27 1
24 28 1
24 46 1
24 57 1
24 60 1
24 69 1
24 112 1
24 118 1
24 119 1
24 128 1
24 139 1
25 39 1
25 41 1
25 43 1
25 51 1
25 52 1
25 55 1
25 56 1
25 66 1
25 70 1
25 75 1
25 91 1
25 95 1
25 101 1
25 103 1
25 111 1
25 112 1
25 116 1
25 118 1
25 129 1
25 132 1
26 27 1
26 33 1
26 40 1
26 41 1
26 59 1
26 61 1
26 65 1
26 75 1
26 78 1
26 81 1
26 89 1
26 90 1
26 104 1
26 108 1
26 123 1
27 33 1
27 34 1
27 39 1
27 45 1
27 46 1
27 48 1
27 49 1
27 56 1
27 66 1
27 71 1
27 75 1
27 77 1
27 101 1
27 107 1
27 132 1
27 134 1
28 44 1
28 55 1
28 57 1
28 63 1
28 67 1
28 73 1
28 81 1
28 83 1
28 86 1
28 102 1
28 109 1
28 122 1
29 33 1
29 39 1
29 41 1
29 43 1
29 53 1
29 56 1
29 63 1
29 64 1
29 65 1
29 73 1
29 82 1
29 83 1
29 86 1
29 91 1
29 95 1
29 101 1
29 114 1
29 125 1
29 127 1
29 136 1
29 138 1
30 41 1
30 49 1
30 71 1
30 72 1
30 99 1
30 117 1
30 120 1
30 122 1
30 134 1
31 39 1
31 45 1
31 46 1
31 55 1
31 71 1
31 80 1
31 83 1
31 91 1
31 97 1
31 98 1
31 114 1
31 116 1
31 119 1
31 124 1
31 126 1
31 134 1
31 137 1
32 38 1
32 55 1
32 57 1
32 60 1
32 62 1
32 65 1
32 70 1
32 75 1
32 78 1
32 82 1
32 100 1
32 101 1
32 110 1
32 126 1
32 132 1
33 42 1
33 49 1
33 52 1
33 54 1
33 55 1
33 56 1
33 76 1
33 79 1
33 86 1
33 99 1
33 130 1
33 132 1
33 135 1
34 44 1
34 54 1
34 55 1
34 63 1
34 64 1
34 80 1
34 81 1
34 84 1
34 96 1
34 103 1
34 110 1
34 111 1
34 112 1
34 122 1
34 126 1
34 130 1
34 137 1
34 138 1
35 39 1
35 78 1
35 100 1
35 106 1
35 109 1
35 135 1
35 139 1
36 42 1
36 43 1
36 47 1
36 62 1
36 77 1
36 89 1
36 91 1
36 94 1
36 102 1
36 105 1
36 106 1
36 108 1
36 126 1
36 131 1
36 139 1
37 58 1
37 66 1
37 67 1
37 68 1
37 79 1
37 80 1
37 82 1
37 92 1
37 94 1
37 109 1
37 127 1
38 42 1
38 52 1
38 58 1
38 64 1
38 84 1
38 92 1
38 94 1
38 95 1
38 97 1
38 104 1
38 111 1
38 126 1
38 130 1
38 132 1
39 45 1
39 47 1
39 52 1
39 58 1
39 68 1
39 70 1
39 74 1
39 76 1
39 78 1
39 95 1
39 96 1
39 103 1
39 114 1
39 115 1
39 122 1
39 124 1
39 127 1
39 128 1
39 130 1
40 44 1
40 46 1
40 53 1
40 59 1
40 68 1
40 69 1
40 79 1
40 87 1
40 92 1
40 108 1
40 115 1
40 120 1
40 129 1
41 48 1
41 49 1
41 53 1
41 74 1
41 75 1
41 91 1
41 102 1
41 110 1
41 114 1
41 116 1
41 120 1
41 121 1
41 122 1
41 124 1
42 52 1
42 54 1
42 60 1
42 65 1
42 66 1
42 73 1
42 80 1
42 95 1
42 104 1
42 113 1
42 114 1
42 120 1
42 121 1
42 129 1
42 137 1
42 138 1
43 47 1
43 54 1
43 61 1
43 72 1
43 76 1
43 77 1
43 94 1
43 98 1
43 125 1
43 129 1
43 136 1
44 45 1
44 56 1
44 66 1
44 75 1
44 78 1
44 81 1
44 82 1
44 91 1
44 94 1
44 112 1
44 121 1
44 129 1
44 138 1
44 139 1
45 47 1
45 51 1
45 53 1
45 67 1
45 86 1
45 117 1
45 119 1
45 132 1
46 47 1
46 55 1
46 59 1
46 64 1
46 68 1
46 83 1
46 84 1
46 99 1
46 101 1
46 104 1
46 114 1
46 123 1
46 138 1
47 48 1
47 51 1
47 52 1
47 58 1
47 69 1
47 75 1
47 86 1
47 89 1
47 116 1
47 128 1
47 129 1
47 130 1
47 136 1
48 52 1
48 69 1
48 101 1
48 110 1
48 121 1
48 125 1
49 52 1
49 62 1
49 80 1
49 82 1
49 90 1
49 93 1
49 105 1
49 108 1
49 120 1
49 127 1
49 129 1
50 58 1
50 59 1
50 62 1
50 73 1
50 77 1
50 79 1
50 84 1
50 99 1
50 103 1
50 109 1
50 114 1
50 123 1
50 131 1
50 137 1
51 52 1
51 55 1
51 66 1
51 67 1
51 71 1
51 73 1
51 82 1
51 88 1
51 89 1
51 92 1
51 93 1
51 97 1
51 103 1
51 105 1
51 108 1
51 118 1
51 124 1
51 132 1
51 134 1
51 136 1
52 60 1
52 67 1
52 88 1
52 90 1
52 98 1
52 100 1
52 102 1
52 103 1
52 116 1
52 117 1
52 124 1
52 127 1
52 132 1
53 58 1
53 72 1
53 73 1
53 74 1
53 87 1
53 91 1
53 123 1
53 125 1
53 129 1
53 135 1
54 64 1
54 69 1
54 82 1
54 87 1
54 103 1
54 110 1
54 114 1
54 127 1
54 137 1
55 60 1
55 63 1
55 70 1
55 75 1
55 82 1
55 87 1
55 98 1
55 101 1
55 106 1
55 136 1
56 58 1
56 65 1
56 73 1
56 77 1
56 82 1
56 87 1
56 102 1
56 103 1
57 58 1
57 60 1
57 67 1
57 68 1
57 70 1
57 83 1
57 103 1
57 105 1
57 109 1
57 112 1
57 124 1
57 133 1
58 67 1
58 76 1
58 83 1
58 88 1
58 106 1
58 128 1
58 131 1
58 132 1
59 65 1
59 76 1
59 77 1
59 79 1
59 84 1
59 85 1
59 88 1
59 89 1
59 96 1
59 99 1
59 108 1
59 118 1
59 122 1
59 129 1
59 139 1
60 64 1
60 70 1
60 72 1
60 73 1
60 91 1
60 93 1
60 103 1
60 105 1
60 112 1
60 113 1
60 114 1
61 71 1
61 72 1
61 74 1
61 88 1
61 90 1
61 93 1
61 100 1
61 104 1
61 109 1
61 125 1
61 134 1
61 136 1
62 66 1
62 75 1
62 80 1
62 85 1
62 89 1
62 93 1
62 97 1
62 100 1
62 101 1
62 114 1
63 64 1
63 68 1
63 70 1
63 72 1
63 76 1
63 78 1
63 97 1
63 119 1
63 122 1
63 127 1
63 133 1
64 71 1
64 78 1
64 81 1
64 83 1
64 100 1
64 104 1
64 105 1
64 120 1
64 134 1
64 135 1
64 137 1
65 84 1
65 85 1
65 98 1
65 99 1
65 100 1
65 101 1
65 102 1
65 118 1
65 136 1
66 69 1
66 71 1
66 95 1
66 118 1
66 126 1
66 133 1
66 139 1
67 77 1
67 80 1
67 87 1
67 92 1
67 111 1
67 114 1
67 117 1
68 75 1
68 78 1
68 86 1
68 89 1
68 92 1
68 101 1
69 77 1
69 82 1
69 93 1
69 103 1
69 109 1
69 110 1
69 115 1
70 73 1
70 107 1
70 108 1
70 111 1
70 116 1
70 118 1
70 123 1
70 124 1
70 128 1
70 131 1
70 138 1
71 78 1
71 79 1
71 82 1
71 92 1
71 97 1
71 98 1
71 99 1
71 103 1
71 111 1
71 112 1
71 116 1
71 120 1
71 121 1
71 127 1
71 135 1
72 81 1
72 84 1
72 92 1
72 93 1
72 105 1
72 131 1
72 137 1
73 81 1
73 90 1
73 94 1
73 99 1
73 108 1
73 123 1
73 129 1
73 135 1
74 79 1
74 97 1
74 117 1
74 119 1
74 120 1
74 122 1
74 135 1
74 136 1
75 77 1
75 84 1
75 93 1
75 99 1
75 122 1
75 124 1
75 133 1
76 79 1
76 80 1
76 89 1
76 93 1
76 96 1
76 116 1
76 118 1
76 137 1
77 87 1
77 96 1
77 102 1
77 118 1
77 133 1
77 137 1
78 80 1
78 82 1
78 109 1
78 116 1
78 126 1
78 130 1
78 137 1
79 81 1
79 92 1
79 94 1
79 105 1
79 114 1
79 117 1
79 118 1
79 126 1
79 131 1
79 135 1
79 138 1
80 83 1
80 86 1
80 89 1
80 93 1
80 98 1
80 119 1
80 132 1
80 138 1
81 82 1
81 83 1
81 90 1
81 96 1
81 97 1
81 101 1
81 103 1
81 112 1
81 113 1
81 118 1
81 121 1
81 124 1
81 128 1
81 132 1
82 91 1
82 104 1
82 108 1
82 121 1
82 139 1
83 91 1
83 96 1
83 107 1
83 109 1
83 114 1
83 122 1
83 139 1
84 86 1
84 95 1
84 108 1
84 111 1
84 117 1
84 120 1
84 123 1
84 130 1
84 131 1
84 137 1
84 139 1
85 90 1
85 103 1
85 106 1
85 111 1
85 126 1
85 129 1
85 134 1
85 135 1
86 106 1
86 107 1
86 108 1
86 110 1
86 117 1
86 119 1
86 121 1
86 128 1
86 138 1
87 88 1
87 98 1
87 109 1
87 120 1
87 129 1
87 136 1
88 94 1
88 100 1
88 103 1
88 107 1
88 108 1
88 109 1
88 119 1
88 124 1
88 133 1
88 139 1
89 95 1
89 98 1
89 101 1
89 111 1
89 112 1
89 113 1
89 134 1
90 95 1
90 98 1
90 99 1
90 101 1
90 109 1
90 110 1
90 112 1
90 117 1
90 119 1
90 133 1
90 137 1
91 100 1
91 107 1
91 121 1
91 130 1
92 99 1
92 102 1
92 108 1
92 112 1
92 116 1
92 123 1
93 94 1
93 98 1
93 109 1
93 116 1
93 121 1
93 138 1
94 96 1
94 99 1
94 108 1
94 111 1
94 120 1
94 129 1
95 104 1
95 111 1
95 120 1
95 125 1
95 130 1
95 131 1
96 97 1
96 99 1
96 104 1
96 107 1
96 108 1
96 115 1
96 118 1
97 106 1
97 117 1
97 123 1
97 129 1
97 134 1
98 106 1
98 111 1
98 117 1
98 122 1
98 133 1
99 102 1
99 112 1
99 121 1
99 126 1
99 127 1
99 129 1
100 101 1
100 102 1
100 114 1
100 115 1
100 138 1
101 103 1
101 108 1
101 112 1
101 125 1
102 104 1
102 134 1
102 138 1
103 110 1
103 125 1
103 127 1
103 129 1
103 135 1
104 124 1
104 133 1
104 134 1
104 139 1
105 113 1
105 119 1
105 121 1
106 121 1
106 124 1
106 131 1
106 133 1
106 134 1
107 110 1
107 111 1
108 120 1
108 133 1
108 135 1
108 137 1
109 110 1
109 115 1
109 116 1
109 118 1
109 128 1
109 132 1
109 137 1
110 111 1
110 112 1
110 119 1
110 122 1
110 123 1
110 138 1
111 116 1
111 119 1
112 116 1
112 118 1
112 124 1
112 131 1
112 134 1
112 136 1
112 137 1
112 139 1
113 126 1
113 129 1
113 132 1
113 135 1
114 117 1
114 120 1
114 137 1
115 118 1
115 136 1
116 119 1
116 122 1
116 123 1
117 120 1
117 123 1
117 129 1
117 139 1
118 136 1
119 120 1
119 127 1
119 139 1
120 124 1
120 132 1
121 132 1
121 135 1
122 129 1
122 132 1
123 131 1
123 133 1
124 137 1
124 139 1
126 128 1
126 137 1
127 128 1
127 129 1
127 130 1
127 135 1
128 130 1
128 135 1
129 130 1
129 131 1
129 132 1
130 135 1
131 136 1
132 134 1
133 137 1
133 139 1
134 139 1
1
118 52 91 23 9 63 88 50 4 75 101 108 133 121
