590
0 4 1
0 10 1
0 15 1
0 20 1
0 24 1
0 32 1
0 37 1
0 39 1
0 46 1
0 47 1
0 48 1
0 51 1
0 59 1
0 65 1
0 66 1
1 7 1
1 9 1
1 10 1
1 11 1
1 16 1
1 17 1
1 18 1
1 21 1
1 24 1
1 27 1
1 37 1
1 42 1
1 45 1
1 49 1
1 50 1
1 52 1
1 61 1
1 65 1
1 69 1
2 4 1
2 7 1
2 13 1
2 15 1
2 17 1
2 21 1
2 26 1
2 27 1
2 28 1
2 39 1
2 44 1
2 52 1
2 53 1
2 57 1
2 59 1
2 60 1
2 65 1
3 9 1
3 15 1
3 18 1
3 20 1
3 21 1
3 22 1
3 35 1
3 36 1
3 37 1
3 55 1
3 58 1
3 61 1
3 64 1
3 65 1
3 68 1
3 69 1
4 7 1
4 18 1
4 24 1
4 32 1
4 33 1
4 40 1
4 42 1
4 46 1
4 47 1
4 50 1
4 61 1
4 65 1
4 67 1
5 9 1
5 13 1
5 15 1
5 16 1
5 17 1
5 25 1
5 27 1
5 28 1
5 29 1
5 30 1
5 32 1
5 42 1
5 43 1
5 44 1
5 51 1
5 53 1
5 55 1
5 59 1
5 63 1
6 19 1
6 21 1
6 29 1
6 31 1
6 33 1
6 34 1
6 36 1
6 37 1
6 38 1
6 43 1
6 48 1
6 50 1
6 51 1
6 55 1
6 56 1
6 62 1
6 63 1
6 65 1
6 66 1
6 68 1
6 69 1
7 14 1
7 19 1
7 22 1
7 36 1
7 37 1
7 38 1
7 41 1
7 42 1
7 43 1
7 44 1
7 48 1
7 51 1
7 53 1
7 56 1
7 57 1
7 65 1
8 11 1
8 14 1
8 21 1
8 22 1
8 23 1
8 30 1
8 35 1
8 37 1
8 38 1
8 41 1
8 43 1
8 49 1
8 51 1
8 52 1
8 55 1
8 56 1
8 57 1
8 62 1
8 67 1
9 16 1
9 27 1
9 30 1
9 31 1
9 35 1
9 41 1
9 58 1
9 60 1
9 64 1
9 68 1
10 12 1
10 13 1
10 31 1
10 32 1
10 36 1
10 39 1
10 42 1
10 44 1
10 50 1
10 51 1
10 53 1
10 64 1
10 65 1
10 67 1
10 69 1
11 13 1
11 16 1
11 17 1
11 18 1
11 22 1
11 28 1
11 37 1
11 38 1
11 41 1
11 44 1
11 50 1
11 57 1
11 61 1
11 66 1
11 68 1
12 15 1
12 17 1
12 20 1
12 21 1
12 25 1
12 28 1
12 32 1
12 34 1
12 41 1
12 43 1
12 44 1
12 53 1
12 54 1
12 57 1
12 63 1
12 64 1
13 17 1
13 18 1
13 19 1
13 20 1
13 24 1
13 28 1
13 30 1
13 38 1
13 39 1
13 40 1
13 43 1
13 44 1
13 50 1
13 56 1
13 57 1
13 58 1
14 18 1
14 21 1
14 24 1
14 27 1
14 28 1
14 29 1
14 31 1
14 33 1
14 35 1
14 36 1
14 38 1
14 46 1
14 48 1
14 56 1
14 57 1
14 60 1
14 67 1
14 68 1
15 20 1
15 26 1
15 30 1
15 32 1
15 35 1
15 42 1
15 49 1
15 53 1
15 54 1
15 68 1
16 21 1
16 35 1
16 37 1
16 40 1
16 51 1
16 52 1
16 53 1
16 54 1
16 58 1
16 60 1
16 66 1
17 18 1
17 22 1
17 26 1
17 29 1
17 30 1
17 32 1
17 36 1
17 37 1
17 38 1
17 44 1
17 45 1
17 47 1
17 50 1
17 54 1
17 56 1
17 58 1
17 60 1
17 67 1
18 32 1
18 39 1
18 44 1
18 55 1
18 59 1
18 61 1
18 64 1
19 22 1
19 23 1
19 34 1
19 35 1
19 36 1
19 38 1
19 40 1
19 48 1
19 63 1
19 64 1
19 65 1
19 66 1
20 21 1
20 29 1
20 30 1
20 34 1
20 36 1
20 37 1
20 38 1
20 44 1
20 46 1
20 48 1
20 50 1
20 52 1
20 59 1
20 61 1
20 67 1
21 24 1
21 27 1
21 31 1
21 33 1
21 35 1
21 42 1
21 48 1
21 49 1
21 51 1
21 52 1
21 53 1
21 57 1
21 58 1
22 25 1
22 26 1
22 31 1
22 36 1
22 37 1
22 38 1
22 55 1
22 58 1
22 59 1
22 61 1
22 64 1
22 66 1
23 27 1
23 29 1
23 31 1
23 34 1
23 40 1
23 43 1
23 47 1
23 49 1
23 51 1
23 52 1
23 57 1
23 68 1
24 26 1
24 27 1
24 34 1
24 42 1
24 44 1
24 54 1
24 56 1
24 61 1
24 64 1
24 67 1
25 28 1
25 31 1
25 32 1
25 34 1
25 41 1
25 42 1
25 43 1
25 48 1
25 51 1
25 52 1
25 67 1
26 28 1
26 38 1
26 39 1
26 40 1
26 42 1
26 46 1
26 47 1
26 49 1
26 54 1
26 61 1
26 67 1
26 69 1
27 34 1
27 35 1
27 37 1
27 52 1
27 53 1
27 57 1
27 58 1
27 60 1
27 62 1
27 63 1
28 33 1
28 34 1
28 35 1
28 38 1
28 42 1
28 43 1
28 44 1
28 45 1
28 46 1
28 50 1
28 55 1
28 59 1
28 60 1
28 61 1
28 63 1
28 68 1
29 38 1
29 58 1
30 33 1
30 34 1
30 38 1
30 40 1
30 47 1
30 49 1
30 50 1
30 53 1
30 54 1
30 62 1
30 63 1
30 64 1
30 65 1
30 68 1
31 34 1
31 38 1
31 44 1
31 45 1
31 54 1
31 66 1
31 69 1
32 37 1
32 38 1
32 39 1
32 41 1
32 49 1
32 52 1
32 55 1
32 59 1
32 60 1
32 67 1
33 34 1
33 38 1
33 45 1
33 46 1
33 48 1
33 55 1
33 57 1
33 64 1
33 65 1
34 36 1
34 37 1
34 49 1
34 52 1
34 56 1
34 63 1
34 65 1
35 38 1
35 46 1
35 48 1
35 57 1
35 58 1
35 63 1
35 65 1
35 67 1
35 69 1
36 49 1
36 51 1
36 56 1
36 61 1
36 63 1
36 64 1
36 67 1
37 39 1
37 43 1
37 57 1
37 59 1
37 61 1
37 65 1
37 66 1
37 67 1
37 68 1
38 42 1
38 44 1
38 46 1
38 50 1
38 54 1
38 56 1
38 63 1
39 42 1
39 45 1
39 47 1
39 49 1
39 50 1
39 54 1
39 61 1
39 65 1
39 69 1
40 47 1
40 54 1
40 60 1
40 67 1
41 55 1
41 56 1
41 57 1
41 58 1
41 59 1
41 63 1
41 68 1
42 43 1
42 47 1
42 50 1
42 56 1
42 59 1
42 62 1
42 66 1
42 69 1
43 46 1
43 52 1
43 55 1
43 58 1
43 64 1
44 57 1
44 58 1
44 66 1
44 68 1
44 69 1
45 46 1
45 48 1
45 53 1
45 67 1
45 69 1
46 49 1
46 53 1
46 62 1
47 52 1
47 59 1
47 60 1
47 62 1
47 63 1
47 66 1
48 62 1
48 63 1
49 51 1
49 53 1
49 58 1
49 59 1
49 68 1
50 52 1
50 53 1
50 54 1
50 63 1
50 66 1
50 67 1
51 55 1
51 62 1
52 56 1
52 60 1
52 61 1
52 64 1
52 66 1
52 67 1
53 56 1
53 60 1
53 63 1
53 64 1
53 68 1
54 69 1
55 56 1
55 60 1
55 62 1
55 64 1
56 59 1
56 60 1
57 58 1
57 64 1
57 67 1
59 61 1
61 69 1
62 66 1
64 65 1
64 68 1
65 67 1
66 68 1
1
61 37 49 6 32 8 54
