553
0 1 1
0 9 1
0 12 1
0 15 1
0 16 1
0 18 1
0 24 1
0 28 1
0 29 1
0 42 1
0 45 1
0 48 1
0 57 1
0 58 1
0 60 1
0 61 1
0 62 1
0 68 1
0 69 1
1 2 1
1 21 1
1 23 1
1 33 1
1 35 1
1 38 1
1 47 1
1 59 1
1 67 1
1 69 1
2 8 1
2 17 1
2 18 1
2 22 1
2 23 1
2 27 1
2 28 1
2 32 1
2 41 1
2 43 1
2 45 1
2 48 1
2 55 1
2 59 1
2 60 1
2 61 1
2 64 1
3 7 1
3 8 1
3 14 1
3 16 1
3 19 1
3 20 1
3 21 1
3 24 1
3 25 1
3 28 1
3 29 1
3 30 1
3 40 1
3 41 1
3 42 1
3 43 1
3 44 1
3 46 1
3 52 1
3 58 1
3 59 1
3 61 1
4 8 1
4 15 1
4 21 1
4 30 1
4 34 1
4 36 1
4 39 1
4 44 1
4 47 1
4 49 1
4 50 1
4 54 1
4 55 1
4 57 1
4 61 1
4 64 1
5 9 1
5 18 1
5 20 1
5 23 1
5 25 1
5 34 1
5 35 1
5 38 1
5 54 1
5 64 1
5 66 1
5 68 1
6 9 1
6 20 1
6 21 1
6 35 1
6 43 1
6 47 1
6 55 1
6 60 1
7 9 1
7 12 1
7 28 1
7 37 1
7 38 1
7 44 1
7 46 1
7 47 1
7 50 1
7 52 1
7 62 1
8 14 1
8 16 1
8 27 1
8 28 1
8 30 1
8 38 1
8 47 1
8 48 1
8 49 1
8 52 1
8 56 1
8 60 1
9 16 1
9 19 1
9 24 1
9 25 1
9 33 1
9 36 1
9 38 1
9 40 1
9 41 1
9 48 1
9 63 1
9 66 1
10 15 1
10 17 1
10 21 1
10 28 1
10 39 1
10 40 1
10 41 1
10 47 1
10 57 1
10 60 1
10 65 1
11 16 1
11 19 1
11 22 1
11 25 1
11 28 1
11 30 1
11 35 1
11 37 1
11 40 1
11 45 1
11 57 1
11 61 1
11 62 1
12 19 1
12 24 1
12 33 1
12 35 1
12 36 1
12 37 1
12 41 1
12 45 1
12 52 1
12 56 1
12 57 1
12 63 1
12 64 1
13 25 1
13 27 1
13 31 1
13 35 1
13 37 1
13 42 1
13 45 1
13 50 1
13 52 1
13 53 1
13 55 1
13 56 1
13 65 1
13 69 1
14 15 1
14 16 1
14 17 1
14 18 1
14 25 1
14 27 1
14 28 1
14 32 1
14 55 1
14 57 1
14 64 1
15 18 1
15 22 1
15 24 1
15 26 1
15 27 1
15 29 1
15 36 1
15 40 1
15 41 1
15 50 1
15 54 1
15 61 1
15 63 1
15 66 1
15 67 1
16 23 1
16 24 1
16 25 1
16 30 1
16 33 1
16 36 1
16 45 1
16 54 1
16 55 1
16 67 1
17 29 1
17 32 1
17 33 1
17 35 1
17 43 1
17 46 1
17 47 1
17 50 1
17 53 1
17 55 1
17 62 1
17 68 1
17 69 1
18 19 1
18 20 1
18 29 1
18 32 1
18 33 1
18 34 1
18 36 1
18 37 1
18 39 1
18 45 1
18 47 1
18 49 1
18 51 1
18 53 1
18 60 1
18 64 1
18 65 1
18 68 1
19 27 1
19 37 1
19 45 1
19 49 1
19 58 1
19 60 1
19 61 1
19 62 1
19 64 1
19 69 1
20 22 1
20 27 1
20 28 1
20 35 1
20 38 1
20 41 1
20 47 1
20 51 1
20 53 1
20 55 1
20 64 1
21 24 1
21 25 1
21 28 1
21 29 1
21 30 1
21 32 1
21 36 1
21 37 1
21 39 1
21 48 1
21 50 1
21 54 1
22 26 1
22 36 1
22 39 1
22 50 1
22 54 1
22 56 1
22 64 1
22 67 1
23 24 1
23 27 1
23 33 1
23 42 1
23 47 1
23 48 1
23 56 1
23 57 1
23 59 1
24 36 1
24 43 1
24 45 1
24 55 1
24 63 1
24 66 1
25 27 1
25 28 1
25 29 1
25 36 1
25 38 1
25 41 1
25 52 1
25 55 1
25 58 1
25 60 1
25 66 1
26 33 1
26 35 1
26 36 1
26 40 1
26 44 1
27 29 1
27 31 1
27 40 1
27 42 1
27 43 1
27 52 1
27 58 1
27 60 1
28 40 1
28 45 1
28 49 1
28 51 1
28 55 1
28 59 1
28 60 1
28 63 1
28 64 1
28 67 1
28 69 1
29 35 1
29 39 1
29 40 1
29 42 1
29 45 1
29 46 1
29 50 1
29 57 1
29 58 1
29 60 1
29 63 1
29 68 1
30 34 1
30 36 1
30 37 1
30 38 1
30 42 1
30 44 1
30 45 1
30 47 1
30 48 1
30 49 1
30 55 1
30 56 1
30 59 1
30 65 1
30 67 1
30 69 1
31 33 1
31 41 1
31 46 1
31 50 1
31 51 1
31 53 1
31 62 1
31 66 1
32 34 1
32 37 1
32 48 1
32 50 1
32 53 1
32 61 1
32 67 1
33 42 1
33 50 1
33 52 1
33 55 1
33 62 1
33 69 1
34 36 1
34 37 1
34 39 1
34 41 1
34 51 1
34 56 1
34 58 1
34 62 1
34 63 1
34 68 1
35 36 1
35 40 1
35 41 1
35 43 1
35 57 1
35 60 1
35 68 1
36 38 1
36 41 1
36 47 1
36 51 1
36 57 1
36 62 1
36 64 1
37 41 1
37 44 1
37 45 1
37 53 1
37 66 1
38 41 1
38 42 1
38 45 1
38 49 1
38 50 1
38 52 1
38 55 1
38 58 1
38 63 1
38 65 1
39 40 1
39 43 1
39 51 1
39 52 1
39 61 1
39 63 1
39 65 1
39 69 1
40 42 1
40 43 1
40 47 1
40 51 1
40 57 1
40 60 1
40 67 1
40 69 1
41 48 1
41 58 1
41 64 1
41 65 1
41 69 1
42 45 1
42 54 1
42 60 1
42 61 1
43 45 1
43 46 1
43 49 1
43 56 1
43 59 1
43 62 1
43 68 1
44 49 1
44 54 1
44 58 1
44 59 1
44 61 1
44 62 1
44 64 1
44 66 1
44 69 1
45 47 1
45 48 1
45 65 1
45 67 1
45 69 1
46 54 1
46 55 1
46 58 1
46 60 1
46 63 1
46 68 1
47 48 1
47 50 1
47 53 1
47 55 1
47 62 1
47 68 1
47 69 1
48 52 1
48 53 1
48 56 1
48 66 1
49 53 1
49 58 1
49 65 1
50 51 1
50 52 1
50 59 1
50 60 1
50 63 1
51 58 1
51 60 1
51 61 1
51 62 1
51 64 1
51 66 1
51 67 1
52 56 1
52 57 1
52 67 1
53 59 1
53 60 1
53 63 1
53 64 1
53 66 1
53 68 1
54 60 1
54 65 1
54 68 1
55 57 1
55 60 1
55 61 1
55 64 1
55 66 1
55 67 1
56 69 1
57 59 1
57 65 1
58 66 1
59 62 1
59 63 1
59 68 1
60 61 1
60 66 1
60 67 1
60 69 1
61 69 1
62 64 1
62 66 1
62 68 1
63 65 1
63 67 1
64 66 1
65 66 1
66 69 1
67 68 1
1
53 21 19 66 7 25 27
