1549
0 4 1
0 5 1
0 11 1
0 14 1
0 20 1
0 29 1
0 36 1
0 37 1
0 44 1
0 67 1
0 68 1
0 73 1
0 91 1
0 92 1
0 99 1
0 104 1
0 109 1
0 112 1
0 115 1
0 122 1
0 139 1
0 144 1
0 145 1
0 147 1
1 5 1
1 14 1
1 24 1
1 28 1
1 43 1
1 44 1
1 50 1
1 68 1
1 73 1
1 82 1
1 83 1
1 84 1
1 95 1
1 116 1
1 120 1
1 122 1
1 125 1
1 127 1
1 129 1
1 133 1
1 141 1
1 144 1
2 6 1
2 10 1
2 19 1
2 27 1
2 35 1
2 36 1
2 43 1
2 56 1
2 62 1
2 65 1
2 66 1
2 70 1
2 72 1
2 85 1
2 89 1
2 102 1
2 105 1
2 110 1
2 115 1
2 122 1
3 6 1
3 15 1
3 19 1
3 31 1
3 40 1
3 42 1
3 44 1
3 65 1
3 67 1
3 84 1
3 102 1
3 110 1
3 113 1
3 114 1
3 122 1
3 136 1
3 144 1
3 149 1
4 20 1
4 22 1
4 47 1
4 52 1
4 55 1
4 63 1
4 73 1
4 84 1
4 107 1
4 115 1
4 116 1
4 123 1
4 129 1
4 132 1
4 145 1
5 6 1
5 12 1
5 32 1
5 43 1
5 60 1
5 71 1
5 82 1
5 90 1
5 97 1
5 99 1
5 105 1
5 108 1
5 114 1
5 134 1
5 138 1
5 144 1
6 19 1
6 28 1
6 33 1
6 40 1
6 54 1
6 67 1
6 71 1
6 72 1
6 74 1
6 112 1
6 132 1
6 143 1
7 8 1
7 9 1
7 16 1
7 17 1
7 23 1
7 27 1
7 32 1
7 36 1
7 42 1
7 44 1
7 46 1
7 49 1
7 52 1
7 55 1
7 56 1
7 64 1
7 72 1
7 76 1
7 78 1
7 81 1
7 82 1
7 85 1
7 86 1
7 95 1
7 101 1
7 102 1
7 115 1
7 119 1
7 122 1
7 134 1
7 144 1
7 149 1
8 14 1
8 23 1
8 30 1
8 33 1
8 34 1
8 36 1
8 45 1
8 47 1
8 61 1
8 75 1
8 86 1
8 89 1
8 97 1
8 124 1
8 125 1
8 127 1
8 141 1
8 142 1
8 143 1
8 146 1
8 149 1
9 14 1
9 26 1
9 29 1
9 33 1
9 60 1
9 70 1
9 76 1
9 79 1
9 83 1
9 90 1
9 108 1
9 112 1
9 117 1
9 118 1
9 121 1
9 134 1
9 142 1
9 146 1
10 12 1
10 13 1
10 20 1
10 27 1
10 31 1
10 32 1
10 33 1
10 43 1
10 48 1
10 54 1
10 58 1
10 66 1
10 72 1
10 77 1
10 83 1
10 90 1
10 91 1
10 92 1
10 103 1
10 112 1
10 131 1
10 140 1
11 19 1
11 31 1
11 32 1
11 34 1
11 40 1
11 46 1
11 58 1
11 64 1
11 69 1
11 70 1
11 71 1
11 78 1
11 80 1
11 91 1
11 97 1
11 113 1
11 115 1
11 118 1
11 120 1
11 145 1
12 24 1
12 27 1
12 30 1
12 33 1
12 34 1
12 37 1
12 41 1
12 49 1
12 53 1
12 67 1
12 74 1
12 75 1
12 77 1
12 79 1
12 80 1
12 81 1
12 86 1
12 88 1
12 89 1
12 108 1
12 112 1
12 113 1
12 116 1
12 121 1
12 126 1
12 131 1
12 148 1
13 14 1
13 19 1
13 20 1
13 25 1
13 64 1
13 72 1
13 90 1
13 103 1
13 112 1
13 124 1
13 131 1
13 135 1
13 138 1
13 141 1
13 142 1
13 146 1
14 25 1
14 50 1
14 51 1
14 52 1
14 53 1
14 71 1
14 76 1
14 87 1
14 88 1
14 89 1
14 94 1
14 115 1
14 124 1
14 125 1
14 132 1
14 147 1
15 26 1
15 33 1
15 36 1
15 42 1
15 48 1
15 59 1
15 64 1
15 67 1
15 74 1
15 84 1
15 101 1
15 104 1
15 106 1
15 128 1
15 144 1
16 26 1
16 29 1
16 34 1
16 36 1
16 40 1
16 49 1
16 65 1
16 82 1
16 92 1
16 101 1
16 114 1
16 118 1
16 120 1
16 134 1
16 147 1
17 18 1
17 19 1
17 22 1
17 26 1
17 30 1
17 31 1
17 39 1
17 50 1
17 51 1
17 52 1
17 55 1
17 58 1
17 60 1
17 64 1
17 71 1
17 72 1
17 76 1
17 81 1
17 85 1
17 87 1
17 88 1
17 99 1
17 130 1
17 131 1
17 139 1
17 142 1
17 143 1
17 144 1
17 147 1
18 20 1
18 25 1
18 29 1
18 33 1
18 47 1
18 48 1
18 60 1
18 61 1
18 70 1
18 84 1
18 85 1
18 89 1
18 90 1
18 92 1
18 101 1
18 102 1
18 108 1
18 113 1
18 114 1
18 124 1
18 137 1
19 20 1
19 22 1
19 26 1
19 29 1
19 30 1
19 34 1
19 36 1
19 37 1
19 41 1
19 44 1
19 51 1
19 86 1
19 98 1
19 107 1
19 113 1
19 115 1
19 118 1
19 119 1
19 127 1
19 136 1
19 142 1
20 26 1
20 28 1
20 29 1
20 36 1
20 57 1
20 65 1
20 70 1
20 71 1
20 94 1
20 98 1
20 118 1
20 122 1
20 128 1
20 135 1
20 144 1
21 50 1
21 54 1
21 63 1
21 65 1
21 66 1
21 74 1
21 82 1
21 92 1
21 94 1
21 101 1
21 106 1
21 107 1
21 111 1
21 116 1
21 131 1
21 132 1
21 143 1
22 23 1
22 30 1
22 37 1
22 38 1
22 40 1
22 43 1
22 48 1
22 69 1
22 71 1
22 76 1
22 84 1
22 89 1
22 92 1
22 95 1
22 97 1
22 106 1
22 108 1
22 130 1
22 131 1
22 147 1
22 148 1
23 30 1
23 47 1
23 65 1
23 68 1
23 70 1
23 74 1
23 90 1
23 109 1
23 125 1
23 132 1
23 149 1
24 28 1
24 38 1
24 44 1
24 54 1
24 58 1
24 65 1
24 70 1
24 76 1
24 86 1
24 92 1
24 97 1
24 101 1
24 102 1
24 106 1
24 124 1
24 131 1
24 145 1
24 148 1
25 26 1
25 27 1
25 33 1
25 34 1
25 51 1
25 64 1
25 66 1
25 70 1
25 72 1
25 75 1
25 87 1
25 88 1
25 92 1
25 97 1
25 106 1
25 114 1
25 116 1
25 121 1
25 123 1
25 129 1
25 130 1
25 136 1
25 142 1
26 38 1
26 47 1
26 50 1
26 56 1
26 59 1
26 67 1
26 69 1
26 72 1
26 74 1
26 78 1
26 79 1
26 83 1
26 87 1
26 91 1
26 96 1
26 97 1
26 100 1
26 109 1
26 110 1
26 128 1
26 137 1
26 140 1
27 43 1
27 63 1
27 69 1
27 70 1
27 72 1
27 73 1
27 86 1
27 108 1
27 114 1
27 116 1
27 118 1
27 128 1
27 134 1
28 34 1
28 38 1
28 42 1
28 60 1
28 62 1
28 67 1
28 94 1
28 97 1
28 102 1
28 103 1
28 108 1
28 110 1
28 114 1
28 119 1
28 121 1
28 129 1
28 142 1
28 146 1
28 149 1
29 31 1
29 33 1
29 45 1
29 46 1
29 53 1
29 57 1
29 63 1
29 65 1
29 69 1
29 94 1
29 96 1
29 102 1
29 110 1
29 112 1
29 120 1
29 122 1
29 125 1
29 126 1
29 131 1
30 37 1
30 42 1
30 43 1
30 57 1
30 58 1
30 75 1
30 81 1
30 89 1
30 105 1
30 113 1
30 115 1
30 124 1
30 126 1
30 140 1
30 145 1
31 35 1
31 46 1
31 48 1
31 52 1
31 53 1
31 54 1
31 64 1
31 69 1
31 72 1
31 79 1
31 87 1
31 92 1
31 98 1
31 99 1
31 100 1
31 102 1
31 104 1
31 106 1
31 111 1
31 114 1
31 126 1
31 145 1
31 146 1
32 44 1
32 51 1
32 58 1
32 71 1
32 74 1
32 85 1
32 92 1
32 93 1
32 121 1
32 123 1
32 128 1
32 144 1
33 51 1
33 53 1
33 57 1
33 69 1
33 72 1
33 78 1
33 82 1
33 89 1
33 97 1
33 98 1
33 99 1
33 114 1
33 119 1
33 120 1
33 124 1
33 130 1
33 142 1
34 44 1
34 45 1
34 62 1
34 66 1
34 72 1
34 73 1
34 80 1
34 94 1
34 95 1
34 97 1
34 115 1
34 131 1
34 135 1
35 36 1
35 44 1
35 50 1
35 51 1
35 89 1
35 103 1
35 116 1
35 133 1
36 44 1
36 54 1
36 57 1
36 63 1
36 72 1
36 75 1
36 76 1
36 89 1
36 93 1
36 111 1
36 116 1
36 117 1
36 125 1
36 136 1
36 148 1
36 149 1
37 50 1
37 61 1
37 62 1
37 63 1
37 67 1
37 72 1
37 80 1
37 89 1
37 97 1
37 100 1
37 101 1
37 103 1
37 126 1
37 127 1
37 132 1
37 135 1
37 136 1
37 138 1
37 142 1
37 145 1
37 146 1
37 147 1
38 40 1
38 47 1
38 51 1
38 61 1
38 62 1
38 71 1
38 80 1
38 84 1
38 87 1
38 90 1
38 106 1
38 108 1
38 111 1
38 131 1
38 137 1
38 141 1
38 145 1
38 148 1
39 43 1
39 66 1
39 69 1
39 70 1
39 74 1
39 77 1
39 78 1
39 80 1
39 92 1
39 110 1
39 115 1
39 119 1
39 124 1
39 128 1
39 136 1
39 140 1
39 142 1
39 144 1
40 41 1
40 51 1
40 53 1
40 61 1
40 67 1
40 68 1
40 70 1
40 94 1
40 109 1
40 122 1
40 137 1
40 138 1
41 44 1
41 69 1
41 73 1
41 86 1
41 87 1
41 94 1
41 102 1
41 103 1
41 104 1
41 106 1
41 112 1
41 116 1
41 128 1
41 145 1
41 146 1
41 149 1
42 60 1
42 63 1
42 66 1
42 79 1
42 80 1
42 85 1
42 86 1
42 93 1
42 97 1
42 102 1
42 116 1
42 131 1
42 135 1
42 149 1
43 50 1
43 63 1
43 102 1
43 103 1
43 104 1
43 109 1
43 110 1
43 113 1
43 118 1
43 121 1
43 134 1
43 136 1
43 143 1
43 144 1
44 53 1
44 72 1
44 73 1
44 85 1
44 90 1
44 103 1
44 136 1
44 138 1
44 144 1
45 52 1
45 58 1
45 59 1
45 60 1
45 62 1
45 64 1
45 77 1
45 93 1
45 94 1
45 97 1
45 106 1
45 108 1
45 112 1
45 113 1
45 120 1
45 125 1
45 129 1
45 131 1
45 139 1
45 142 1
45 149 1
46 52 1
46 62 1
46 74 1
46 82 1
46 83 1
46 87 1
46 120 1
46 126 1
46 134 1
46 141 1
47 52 1
47 61 1
47 67 1
47 73 1
47 91 1
47 93 1
47 98 1
47 104 1
47 110 1
47 116 1
47 121 1
47 128 1
47 134 1
47 135 1
47 147 1
48 51 1
48 73 1
48 77 1
48 92 1
48 110 1
48 114 1
48 122 1
48 124 1
48 125 1
48 133 1
48 139 1
49 51 1
49 67 1
49 82 1
49 83 1
49 85 1
49 100 1
49 105 1
49 110 1
49 114 1
49 120 1
49 121 1
49 122 1
49 129 1
49 131 1
49 143 1
49 147 1
50 51 1
50 57 1
50 62 1
50 69 1
50 71 1
50 76 1
50 85 1
50 87 1
50 100 1
50 116 1
50 135 1
50 143 1
50 144 1
50 146 1
51 53 1
51 61 1
51 62 1
51 66 1
51 68 1
51 77 1
51 109 1
51 126 1
51 139 1
51 140 1
51 141 1
52 53 1
52 56 1
52 58 1
52 59 1
52 62 1
52 81 1
52 84 1
52 93 1
52 95 1
52 96 1
52 116 1
52 119 1
52 130 1
52 132 1
52 137 1
52 138 1
52 144 1
53 61 1
53 70 1
53 103 1
53 107 1
53 121 1
53 126 1
53 128 1
53 129 1
53 139 1
53 146 1
53 149 1
54 55 1
54 63 1
54 65 1
54 70 1
54 71 1
54 87 1
54 107 1
54 109 1
54 120 1
54 122 1
54 139 1
54 143 1
55 66 1
55 73 1
55 76 1
55 80 1
55 85 1
55 87 1
55 88 1
55 92 1
55 99 1
55 100 1
55 105 1
55 133 1
55 134 1
55 141 1
55 146 1
55 149 1
56 63 1
56 79 1
56 86 1
56 109 1
56 122 1
56 128 1
56 143 1
57 58 1
57 59 1
57 67 1
57 68 1
57 87 1
57 102 1
57 105 1
57 106 1
57 112 1
57 117 1
57 123 1
57 124 1
57 132 1
57 133 1
57 145 1
57 146 1
57 149 1
58 66 1
58 76 1
58 79 1
58 85 1
58 95 1
58 101 1
58 114 1
58 117 1
58 118 1
58 121 1
58 123 1
58 126 1
58 136 1
58 142 1
59 68 1
59 69 1
59 92 1
59 103 1
59 108 1
59 113 1
59 116 1
59 148 1
60 61 1
60 66 1
60 67 1
60 69 1
60 72 1
60 85 1
60 89 1
60 90 1
60 92 1
60 105 1
60 106 1
60 108 1
60 112 1
60 125 1
60 134 1
60 138 1
60 142 1
61 69 1
61 72 1
61 102 1
61 104 1
61 114 1
61 127 1
61 149 1
62 68 1
62 76 1
62 84 1
62 92 1
62 100 1
62 148 1
63 68 1
63 69 1
63 78 1
63 88 1
63 89 1
63 92 1
63 96 1
63 97 1
63 104 1
63 108 1
63 124 1
63 128 1
63 132 1
63 134 1
63 145 1
64 81 1
64 98 1
64 99 1
64 110 1
64 114 1
64 116 1
64 127 1
64 131 1
64 137 1
65 68 1
65 69 1
65 80 1
65 85 1
65 92 1
65 107 1
65 110 1
65 127 1
65 130 1
65 137 1
65 139 1
65 143 1
66 75 1
66 83 1
66 93 1
66 95 1
66 105 1
66 112 1
66 113 1
66 131 1
66 139 1
67 80 1
67 81 1
67 83 1
67 92 1
67 97 1
67 117 1
67 119 1
67 124 1
67 133 1
67 140 1
67 146 1
68 73 1
68 83 1
68 112 1
68 114 1
68 123 1
68 132 1
68 140 1
68 144 1
69 75 1
69 80 1
69 105 1
69 107 1
69 114 1
69 115 1
69 118 1
69 130 1
69 133 1
69 134 1
69 137 1
69 140 1
69 142 1
70 71 1
70 83 1
70 87 1
70 94 1
70 95 1
70 98 1
70 99 1
70 110 1
70 116 1
70 129 1
70 132 1
70 139 1
70 141 1
70 143 1
70 147 1
71 79 1
71 94 1
71 116 1
71 125 1
72 78 1
72 80 1
72 87 1
72 98 1
72 111 1
72 118 1
72 128 1
72 129 1
72 133 1
72 137 1
72 144 1
72 146 1
73 81 1
73 86 1
73 107 1
73 129 1
73 130 1
73 131 1
73 142 1
73 144 1
74 83 1
74 85 1
74 94 1
74 105 1
74 107 1
74 133 1
74 144 1
74 146 1
75 83 1
75 86 1
75 87 1
75 102 1
75 108 1
75 110 1
75 116 1
75 120 1
75 128 1
75 132 1
75 135 1
75 145 1
75 147 1
75 148 1
76 84 1
76 92 1
76 99 1
76 104 1
76 109 1
76 121 1
76 137 1
77 79 1
77 81 1
77 92 1
77 94 1
77 104 1
77 123 1
77 127 1
77 128 1
77 137 1
77 140 1
78 81 1
78 82 1
78 87 1
78 92 1
78 93 1
78 99 1
78 102 1
78 133 1
78 136 1
78 138 1
78 141 1
78 142 1
78 149 1
79 86 1
79 109 1
79 118 1
79 123 1
79 128 1
79 130 1
79 131 1
79 138 1
80 106 1
80 118 1
80 132 1
80 134 1
80 136 1
80 149 1
81 92 1
81 109 1
81 110 1
81 132 1
81 141 1
82 83 1
82 86 1
82 89 1
82 90 1
82 98 1
82 104 1
82 107 1
82 123 1
82 128 1
82 129 1
82 137 1
82 139 1
82 148 1
83 100 1
83 102 1
83 112 1
83 118 1
83 121 1
83 127 1
83 130 1
83 131 1
83 135 1
84 86 1
84 90 1
84 96 1
84 112 1
84 115 1
84 129 1
84 142 1
84 143 1
84 149 1
85 101 1
85 104 1
85 110 1
85 117 1
85 119 1
85 128 1
85 132 1
85 134 1
85 135 1
86 89 1
86 90 1
86 96 1
86 104 1
86 115 1
86 132 1
86 133 1
86 141 1
86 142 1
86 145 1
86 146 1
87 90 1
87 92 1
87 110 1
87 121 1
88 89 1
88 98 1
88 107 1
88 112 1
88 113 1
88 122 1
88 138 1
89 95 1
89 115 1
89 116 1
89 117 1
89 119 1
89 127 1
89 130 1
89 131 1
89 136 1
89 143 1
90 97 1
90 98 1
90 101 1
90 103 1
90 116 1
90 120 1
90 146 1
91 98 1
91 103 1
91 110 1
91 112 1
91 113 1
91 122 1
92 106 1
92 108 1
92 129 1
92 138 1
92 140 1
92 141 1
92 148 1
93 115 1
93 117 1
93 122 1
93 139 1
93 141 1
93 146 1
94 98 1
94 100 1
94 102 1
94 104 1
94 107 1
94 108 1
94 113 1
94 122 1
94 123 1
94 129 1
94 138 1
94 142 1
94 149 1
95 104 1
95 122 1
95 126 1
95 128 1
95 130 1
95 139 1
95 142 1
95 148 1
96 116 1
96 131 1
96 135 1
96 137 1
96 139 1
96 146 1
96 148 1
97 103 1
97 104 1
97 107 1
97 116 1
97 119 1
97 127 1
97 128 1
97 133 1
97 136 1
97 142 1
98 112 1
98 114 1
98 116 1
98 124 1
98 130 1
98 146 1
98 149 1
99 101 1
99 105 1
99 106 1
99 113 1
99 136 1
100 101 1
100 106 1
100 111 1
100 120 1
100 124 1
100 127 1
100 128 1
100 134 1
100 144 1
100 148 1
101 111 1
101 132 1
101 133 1
101 134 1
102 104 1
102 105 1
102 109 1
102 111 1
102 117 1
102 123 1
102 126 1
102 129 1
102 139 1
102 141 1
102 143 1
102 146 1
103 104 1
103 107 1
103 109 1
103 119 1
103 145 1
103 147 1
103 149 1
104 107 1
104 112 1
104 125 1
104 133 1
104 139 1
105 107 1
105 110 1
105 117 1
105 118 1
105 122 1
105 126 1
105 130 1
105 137 1
105 139 1
105 141 1
105 145 1
106 108 1
106 114 1
106 128 1
106 131 1
106 134 1
106 137 1
107 110 1
107 122 1
107 126 1
107 130 1
108 112 1
108 113 1
108 116 1
108 121 1
108 137 1
108 144 1
109 113 1
109 119 1
109 141 1
109 144 1
110 115 1
110 128 1
110 142 1
110 144 1
111 115 1
111 116 1
111 117 1
111 123 1
111 124 1
111 126 1
111 127 1
111 128 1
111 132 1
111 135 1
111 137 1
111 139 1
111 149 1
112 120 1
112 128 1
112 129 1
112 130 1
112 142 1
113 115 1
113 124 1
113 139 1
114 117 1
114 128 1
114 142 1
114 147 1
115 139 1
115 145 1
116 143 1
116 148 1
117 136 1
117 146 1
118 119 1
118 120 1
118 122 1
118 134 1
118 136 1
118 144 1
118 146 1
118 147 1
119 125 1
119 130 1
119 140 1
120 122 1
120 129 1
120 138 1
120 142 1
121 122 1
121 126 1
121 134 1
121 137 1
121 140 1
122 127 1
122 134 1
122 143 1
123 127 1
123 136 1
123 139 1
124 149 1
125 127 1
125 130 1
125 134 1
125 137 1
125 141 1
126 132 1
126 142 1
127 131 1
127 141 1
127 144 1
127 146 1
128 131 1
128 136 1
128 147 1
129 132 1
129 133 1
129 134 1
129 135 1
129 139 1
129 140 1
129 147 1
130 135 1
130 149 1
131 136 1
131 143 1
131 148 1
132 137 1
132 138 1
132 148 1
133 136 1
133 144 1
134 144 1
135 141 1
135 145 1
136 138 1
136 142 1
136 144 1
136 149 1
137 143 1
137 145 1
139 144 1
139 145 1
139 149 1
140 148 1
140 149 1
142 147 1
144 147 1
145 149 1
1
121 8 124 85 46 3 110 18 95 22 134 91 34 58 90
