1403
0 3 1
0 6 1
0 12 1
0 18 1
0 29 1
0 35 1
0 40 1
0 50 1
0 56 1
0 61 1
0 77 1
0 108 1
0 115 1
0 117 1
0 132 1
0 134 1
0 137 1
1 16 1
1 17 1
1 36 1
1 38 1
1 47 1
1 62 1
1 67 1
1 69 1
1 82 1
1 89 1
1 105 1
1 111 1
1 121 1
1 125 1
1 129 1
1 132 1
2 5 1
2 14 1
2 23 1
2 25 1
2 33 1
2 35 1
2 51 1
2 76 1
2 95 1
2 101 1
2 103 1
2 117 1
2 122 1
2 123 1
2 127 1
2 132 1
2 133 1
3 9 1
3 10 1
3 20 1
3 23 1
3 25 1
3 48 1
3 62 1
3 63 1
3 73 1
3 89 1
3 96 1
3 99 1
3 101 1
3 103 1
3 105 1
3 107 1
3 108 1
3 110 1
3 124 1
3 139 1
4 5 1
4 9 1
4 20 1
4 25 1
4 26 1
4 27 1
4 45 1
4 56 1
4 72 1
4 90 1
4 108 1
4 112 1
4 116 1
4 119 1
4 129 1
4 136 1
5 7 1
5 25 1
5 26 1
5 39 1
5 40 1
5 42 1
5 47 1
5 48 1
5 51 1
5 61 1
5 64 1
5 65 1
5 73 1
5 81 1
5 88 1
5 96 1
5 102 1
5 104 1
5 106 1
5 122 1
5 124 1
5 128 1
6 8 1
6 16 1
6 32 1
6 33 1
6 41 1
6 42 1
6 52 1
6 54 1
6 58 1
6 63 1
6 65 1
6 66 1
6 75 1
6 97 1
6 107 1
6 121 1
6 123 1
6 130 1
6 132 1
6 138 1
7 12 1
7 23 1
7 34 1
7 39 1
7 41 1
7 57 1
7 77 1
7 90 1
7 98 1
7 104 1
7 106 1
7 117 1
7 124 1
7 130 1
7 132 1
7 134 1
8 10 1
8 22 1
8 26 1
8 35 1
8 38 1
8 50 1
8 60 1
8 64 1
8 71 1
8 82 1
8 94 1
8 107 1
8 109 1
8 113 1
9 15 1
9 28 1
9 29 1
9 37 1
9 44 1
9 54 1
9 58 1
9 62 1
9 67 1
9 70 1
9 79 1
9 80 1
9 83 1
9 85 1
9 89 1
9 91 1
9 104 1
9 110 1
9 111 1
9 118 1
9 127 1
9 131 1
9 134 1
9 135 1
9 137 1
10 19 1
10 23 1
10 25 1
10 28 1
10 31 1
10 40 1
10 54 1
10 56 1
10 59 1
10 72 1
10 88 1
10 102 1
10 110 1
10 122 1
10 138 1
11 18 1
11 20 1
11 22 1
11 24 1
11 25 1
11 37 1
11 57 1
11 58 1
11 77 1
11 86 1
11 88 1
11 89 1
11 90 1
11 102 1
11 103 1
11 107 1
11 112 1
11 115 1
11 116 1
11 122 1
11 125 1
11 128 1
11 132 1
11 134 1
12 34 1
12 44 1
12 45 1
12 46 1
12 58 1
12 66 1
12 73 1
12 76 1
12 84 1
12 91 1
12 111 1
12 113 1
12 115 1
12 117 1
12 118 1
12 121 1
12 123 1
12 124 1
12 132 1
12 134 1
12 136 1
13 26 1
13 38 1
13 40 1
13 42 1
13 46 1
13 52 1
13 71 1
13 74 1
13 97 1
13 101 1
13 106 1
13 115 1
13 124 1
13 139 1
14 16 1
14 44 1
14 53 1
14 63 1
14 90 1
14 99 1
14 101 1
14 107 1
14 111 1
14 117 1
14 131 1
14 133 1
14 134 1
15 17 1
15 21 1
15 23 1
15 26 1
15 32 1
15 36 1
15 42 1
15 46 1
15 47 1
15 52 1
15 54 1
15 61 1
15 64 1
15 65 1
15 75 1
15 79 1
15 83 1
15 89 1
15 93 1
15 109 1
15 115 1
15 120 1
15 121 1
16 26 1
16 28 1
16 33 1
16 43 1
16 55 1
16 63 1
16 64 1
16 67 1
16 73 1
16 82 1
16 84 1
16 85 1
16 86 1
16 89 1
16 90 1
16 92 1
16 133 1
16 137 1
17 28 1
17 29 1
17 81 1
17 87 1
17 97 1
17 123 1
17 124 1
17 128 1
17 132 1
17 137 1
17 138 1
18 26 1
18 31 1
18 36 1
18 41 1
18 49 1
18 54 1
18 65 1
18 83 1
18 90 1
18 91 1
18 95 1
18 98 1
18 101 1
18 112 1
18 113 1
18 114 1
18 126 1
18 135 1
19 23 1
19 29 1
19 33 1
19 35 1
19 40 1
19 49 1
19 58 1
19 60 1
19 69 1
19 71 1
19 73 1
19 80 1
19 102 1
19 110 1
19 118 1
19 122 1
19 132 1
19 133 1
19 137 1
20 38 1
20 42 1
20 46 1
20 51 1
20 52 1
20 53 1
20 65 1
20 72 1
20 81 1
20 82 1
20 83 1
20 88 1
20 96 1
20 98 1
20 103 1
20 116 1
20 134 1
20 137 1
21 39 1
21 44 1
21 47 1
21 54 1
21 59 1
21 60 1
21 67 1
21 75 1
21 82 1
21 89 1
21 92 1
21 97 1
21 98 1
21 117 1
21 118 1
21 119 1
21 129 1
21 136 1
21 139 1
22 46 1
22 47 1
22 48 1
22 55 1
22 58 1
22 80 1
22 90 1
22 93 1
22 94 1
22 99 1
22 105 1
22 120 1
22 127 1
22 138 1
22 139 1
23 29 1
23 30 1
23 42 1
23 51 1
23 55 1
23 65 1
23 67 1
23 100 1
23 105 1
23 106 1
23 110 1
23 112 1
23 116 1
23 121 1
23 125 1
23 127 1
23 129 1
23 139 1
24 27 1
24 29 1
24 37 1
24 41 1
24 68 1
24 71 1
24 74 1
24 75 1
24 79 1
24 80 1
24 87 1
24 101 1
24 120 1
24 132 1
24 139 1
25 28 1
25 32 1
25 37 1
25 39 1
25 49 1
25 52 1
25 60 1
25 66 1
25 81 1
25 82 1
25 84 1
25 90 1
25 92 1
25 99 1
25 109 1
25 110 1
25 113 1
25 119 1
25 121 1
25 122 1
26 29 1
26 32 1
26 35 1
26 39 1
26 40 1
26 44 1
26 54 1
26 58 1
26 72 1
26 80 1
26 84 1
26 88 1
26 98 1
26 101 1
26 104 1
26 105 1
26 117 1
26 123 1
26 125 1
26 126 1
27 46 1
27 57 1
27 75 1
27 76 1
27 78 1
27 79 1
27 89 1
27 102 1
27 110 1
27 113 1
27 118 1
27 119 1
27 128 1
27 131 1
28 29 1
28 30 1
28 34 1
28 35 1
28 40 1
28 48 1
28 52 1
28 67 1
28 73 1
28 81 1
28 83 1
28 95 1
28 98 1
28 101 1
28 112 1
28 113 1
28 116 1
28 120 1
28 125 1
28 131 1
28 136 1
29 35 1
29 43 1
29 51 1
29 84 1
29 85 1
29 95 1
29 105 1
29 107 1
29 113 1
29 114 1
29 127 1
29 128 1
29 135 1
29 137 1
30 36 1
30 57 1
30 60 1
30 63 1
30 78 1
30 81 1
30 88 1
30 93 1
30 105 1
30 106 1
30 111 1
30 116 1
30 132 1
30 135 1
30 138 1
31 43 1
31 44 1
31 49 1
31 50 1
31 52 1
31 58 1
31 59 1
31 65 1
31 86 1
31 99 1
31 100 1
31 103 1
31 111 1
31 116 1
31 122 1
31 132 1
31 135 1
32 37 1
32 44 1
32 49 1
32 50 1
32 55 1
32 76 1
32 86 1
32 103 1
32 108 1
32 112 1
32 113 1
32 115 1
32 116 1
32 121 1
32 123 1
32 128 1
33 36 1
33 39 1
33 40 1
33 64 1
33 94 1
33 100 1
33 121 1
33 126 1
33 131 1
33 138 1
33 139 1
34 63 1
34 66 1
34 76 1
34 99 1
34 109 1
34 111 1
34 112 1
34 114 1
34 128 1
34 132 1
34 135 1
34 138 1
35 36 1
35 44 1
35 47 1
35 48 1
35 50 1
35 52 1
35 58 1
35 60 1
35 78 1
35 82 1
35 89 1
35 94 1
35 95 1
35 102 1
35 104 1
35 111 1
35 121 1
35 130 1
35 139 1
36 45 1
36 52 1
36 56 1
36 57 1
36 58 1
36 68 1
36 70 1
36 86 1
36 87 1
36 92 1
36 99 1
36 108 1
36 111 1
36 112 1
36 114 1
36 122 1
36 125 1
36 126 1
36 129 1
37 38 1
37 50 1
37 54 1
37 56 1
37 57 1
37 60 1
37 67 1
37 77 1
37 89 1
37 90 1
37 94 1
37 95 1
37 99 1
37 104 1
37 105 1
37 110 1
37 112 1
37 124 1
37 133 1
38 42 1
38 46 1
38 53 1
38 56 1
38 59 1
38 61 1
38 68 1
38 74 1
38 78 1
38 87 1
38 124 1
38 134 1
38 139 1
39 42 1
39 51 1
39 52 1
39 59 1
39 63 1
39 65 1
39 79 1
39 88 1
39 97 1
39 101 1
39 109 1
39 114 1
39 115 1
39 118 1
39 122 1
39 123 1
39 125 1
39 130 1
39 135 1
39 136 1
39 137 1
40 41 1
40 66 1
40 70 1
40 90 1
40 101 1
40 106 1
40 121 1
40 123 1
40 125 1
40 139 1
41 61 1
41 65 1
41 71 1
41 74 1
41 75 1
41 85 1
41 86 1
41 88 1
41 91 1
41 93 1
41 97 1
41 127 1
41 129 1
42 47 1
42 48 1
42 49 1
42 50 1
42 52 1
42 62 1
42 63 1
42 81 1
42 86 1
42 89 1
42 92 1
42 97 1
42 101 1
42 104 1
42 106 1
42 109 1
42 128 1
42 129 1
42 130 1
42 134 1
42 135 1
43 63 1
43 71 1
43 79 1
43 94 1
43 98 1
43 126 1
44 50 1
44 53 1
44 54 1
44 72 1
44 73 1
44 77 1
44 81 1
44 87 1
44 95 1
44 97 1
44 112 1
44 115 1
44 117 1
44 121 1
45 56 1
45 65 1
45 69 1
45 71 1
45 76 1
45 90 1
45 104 1
45 105 1
45 113 1
45 117 1
45 120 1
46 48 1
46 54 1
46 56 1
46 59 1
46 63 1
46 64 1
46 68 1
46 75 1
46 78 1
46 85 1
46 94 1
46 113 1
46 114 1
46 130 1
47 54 1
47 58 1
47 62 1
47 63 1
47 69 1
47 71 1
47 72 1
47 92 1
47 103 1
47 112 1
47 116 1
47 118 1
47 121 1
47 131 1
48 54 1
48 57 1
48 60 1
48 76 1
48 79 1
48 80 1
48 88 1
48 103 1
48 114 1
48 118 1
48 119 1
48 127 1
48 135 1
48 139 1
49 52 1
49 56 1
49 62 1
49 78 1
49 88 1
49 100 1
49 110 1
49 114 1
49 119 1
49 126 1
49 136 1
50 63 1
50 64 1
50 67 1
50 68 1
50 74 1
50 76 1
50 80 1
50 86 1
50 89 1
50 90 1
50 118 1
50 119 1
50 128 1
50 134 1
50 137 1
51 52 1
51 53 1
51 62 1
51 64 1
51 67 1
51 69 1
51 71 1
51 82 1
51 86 1
51 96 1
51 101 1
51 104 1
51 106 1
51 108 1
51 110 1
51 120 1
52 57 1
52 62 1
52 74 1
52 86 1
52 93 1
52 106 1
52 109 1
52 119 1
52 121 1
52 128 1
53 55 1
53 62 1
53 70 1
53 72 1
53 74 1
53 79 1
53 82 1
53 84 1
53 104 1
53 119 1
53 128 1
54 61 1
54 62 1
54 83 1
54 85 1
54 87 1
54 112 1
54 118 1
54 121 1
54 139 1
55 56 1
55 63 1
55 69 1
55 76 1
55 85 1
55 86 1
55 91 1
55 92 1
55 98 1
55 108 1
55 122 1
55 133 1
56 58 1
56 65 1
56 72 1
56 73 1
56 76 1
56 77 1
56 81 1
56 86 1
56 93 1
56 97 1
56 100 1
56 108 1
56 109 1
56 113 1
56 114 1
56 120 1
56 127 1
56 131 1
56 132 1
56 139 1
57 59 1
57 63 1
57 65 1
57 80 1
57 86 1
57 91 1
57 104 1
57 108 1
57 110 1
57 114 1
57 120 1
57 124 1
57 125 1
57 126 1
57 134 1
57 135 1
57 137 1
58 64 1
58 68 1
58 74 1
58 83 1
58 90 1
58 97 1
58 98 1
58 99 1
58 105 1
58 108 1
58 136 1
58 137 1
59 62 1
59 89 1
59 90 1
59 92 1
59 114 1
59 120 1
59 122 1
59 130 1
59 139 1
60 66 1
60 67 1
60 77 1
60 86 1
60 91 1
60 95 1
60 98 1
60 102 1
60 103 1
60 108 1
60 118 1
60 130 1
61 68 1
61 70 1
61 71 1
61 85 1
61 100 1
61 103 1
61 107 1
61 108 1
61 111 1
61 134 1
61 136 1
61 138 1
62 66 1
62 68 1
62 71 1
62 75 1
62 79 1
62 84 1
62 97 1
62 126 1
62 133 1
62 138 1
63 68 1
63 70 1
63 78 1
63 106 1
63 110 1
63 125 1
63 129 1
64 71 1
64 87 1
64 100 1
64 102 1
64 117 1
64 121 1
64 127 1
64 129 1
64 133 1
64 136 1
65 66 1
65 71 1
65 80 1
65 86 1
65 105 1
65 110 1
65 113 1
65 116 1
65 122 1
65 124 1
65 129 1
65 132 1
66 80 1
66 81 1
66 83 1
66 87 1
66 91 1
66 94 1
66 111 1
66 112 1
66 116 1
66 130 1
67 86 1
67 100 1
67 103 1
67 114 1
67 115 1
67 121 1
67 123 1
67 129 1
67 135 1
68 76 1
68 85 1
68 99 1
68 108 1
68 110 1
68 117 1
68 138 1
69 73 1
69 74 1
69 82 1
69 83 1
69 88 1
69 103 1
69 104 1
69 112 1
69 115 1
69 119 1
69 137 1
69 139 1
70 74 1
70 75 1
70 88 1
70 90 1
70 99 1
70 113 1
70 118 1
70 121 1
70 124 1
70 125 1
70 126 1
71 79 1
71 81 1
71 82 1
71 87 1
71 96 1
71 118 1
71 119 1
71 123 1
71 127 1
71 129 1
72 76 1
72 80 1
72 81 1
72 85 1
72 90 1
72 93 1
72 97 1
72 106 1
72 107 1
72 113 1
72 115 1
72 123 1
72 130 1
72 133 1
72 136 1
73 88 1
73 100 1
73 101 1
73 110 1
73 118 1
73 131 1
73 133 1
73 138 1
74 80 1
74 84 1
74 100 1
74 106 1
74 110 1
74 113 1
74 115 1
74 124 1
74 139 1
75 78 1
75 80 1
75 85 1
75 88 1
75 89 1
75 90 1
75 104 1
75 108 1
75 139 1
76 87 1
76 91 1
76 94 1
76 96 1
76 98 1
76 100 1
76 117 1
76 122 1
76 124 1
76 127 1
76 129 1
77 104 1
77 107 1
77 110 1
77 117 1
77 125 1
78 88 1
78 95 1
78 97 1
78 99 1
78 101 1
78 104 1
78 119 1
78 125 1
79 82 1
79 92 1
79 94 1
79 114 1
79 120 1
79 133 1
79 137 1
79 138 1
80 81 1
80 88 1
80 96 1
80 107 1
80 109 1
80 129 1
80 132 1
80 135 1
80 136 1
81 84 1
81 91 1
81 106 1
81 110 1
81 112 1
81 116 1
81 125 1
81 135 1
81 137 1
82 84 1
82 93 1
82 98 1
82 116 1
82 119 1
82 123 1
82 127 1
82 133 1
82 138 1
83 95 1
83 98 1
83 103 1
83 110 1
83 122 1
83 126 1
83 138 1
84 86 1
84 88 1
84 91 1
84 94 1
84 99 1
84 101 1
84 129 1
84 132 1
84 133 1
84 137 1
84 139 1
85 94 1
85 98 1
85 117 1
85 123 1
85 126 1
85 133 1
85 137 1
86 89 1
86 106 1
86 107 1
86 124 1
86 128 1
86 129 1
87 91 1
87 99 1
87 101 1
87 102 1
87 106 1
87 107 1
87 108 1
87 111 1
87 123 1
87 130 1
87 131 1
87 136 1
87 137 1
88 91 1
88 96 1
88 100 1
88 106 1
88 110 1
89 98 1
89 100 1
89 112 1
89 122 1
90 91 1
90 118 1
90 119 1
90 120 1
90 121 1
90 125 1
90 129 1
91 92 1
91 96 1
91 116 1
91 124 1
91 129 1
91 131 1
92 97 1
92 106 1
92 107 1
92 116 1
92 119 1
92 122 1
92 124 1
92 131 1
92 132 1
93 106 1
93 108 1
93 113 1
93 115 1
93 116 1
93 122 1
93 126 1
93 131 1
94 107 1
94 113 1
94 114 1
94 124 1
94 132 1
94 137 1
94 139 1
95 96 1
95 110 1
95 126 1
95 129 1
95 137 1
96 102 1
96 132 1
97 98 1
97 105 1
97 130 1
97 139 1
98 99 1
98 100 1
98 103 1
98 112 1
98 119 1
98 135 1
98 136 1
99 107 1
99 109 1
99 119 1
99 123 1
99 132 1
99 139 1
100 102 1
100 114 1
100 132 1
100 135 1
102 103 1
102 110 1
102 112 1
102 116 1
102 118 1
102 121 1
102 132 1
102 134 1
102 139 1
103 109 1
103 111 1
103 123 1
103 132 1
104 111 1
104 124 1
104 139 1
105 113 1
105 114 1
105 122 1
105 127 1
105 134 1
105 136 1
105 137 1
106 108 1
106 113 1
106 128 1
107 120 1
107 125 1
107 127 1
107 133 1
107 134 1
107 136 1
107 139 1
108 119 1
108 120 1
108 121 1
108 128 1
108 131 1
108 132 1
109 127 1
109 128 1
109 132 1
110 122 1
110 124 1
110 126 1
110 132 1
110 133 1
110 139 1
111 112 1
111 113 1
111 114 1
111 120 1
111 121 1
112 123 1
112 127 1
112 135 1
113 131 1
113 137 1
115 124 1
115 137 1
116 118 1
116 121 1
116 122 1
116 123 1
116 128 1
116 131 1
116 134 1
116 136 1
118 129 1
118 130 1
118 131 1
118 132 1
118 133 1
118 134 1
118 136 1
119 126 1
119 132 1
120 133 1
120 135 1
120 138 1
121 127 1
121 129 1
121 136 1
121 139 1
122 134 1
122 135 1
122 138 1
123 131 1
123 135 1
123 137 1
124 132 1
124 133 1
124 135 1
125 127 1
125 129 1
125 133 1
126 132 1
126 136 1
127 134 1
128 130 1
128 136 1
130 131 1
131 135 1
133 134 1
133 137 1
133 138 1
135 139 1
137 138 1
137 139 1
1
55 73 37 4 76 27 121 17 115 11 32 75 52 59
