1900
0 17 1
0 26 1
0 31 1
0 34 1
0 52 1
0 56 1
0 61 1
0 77 1
0 80 1
0 84 1
0 85 1
0 99 1
0 104 1
0 109 1
0 112 1
0 116 1
0 117 1
0 126 1
0 131 1
0 132 1
0 144 1
0 157 1
0 158 1
0 169 1
0 177 1
1 2 1
1 8 1
1 14 1
1 15 1
1 16 1
1 20 1
1 21 1
1 28 1
1 47 1
1 63 1
1 78 1
1 94 1
1 101 1
1 119 1
1 120 1
1 143 1
1 153 1
1 155 1
1 161 1
1 168 1
1 169 1
1 176 1
2 17 1
2 29 1
2 36 1
2 39 1
2 46 1
2 49 1
2 57 1
2 64 1
2 67 1
2 73 1
2 74 1
2 93 1
2 122 1
2 127 1
2 163 1
2 164 1
2 166 1
2 173 1
3 26 1
3 44 1
3 46 1
3 48 1
3 50 1
3 87 1
3 92 1
3 104 1
3 107 1
3 108 1
3 117 1
3 122 1
3 135 1
3 144 1
3 145 1
3 154 1
3 167 1
3 177 1
4 6 1
4 8 1
4 11 1
4 18 1
4 19 1
4 30 1
4 41 1
4 47 1
4 51 1
4 66 1
4 84 1
4 91 1
4 94 1
4 107 1
4 108 1
4 116 1
4 119 1
4 122 1
4 123 1
4 124 1
4 140 1
4 144 1
4 147 1
4 148 1
4 157 1
4 161 1
4 166 1
5 20 1
5 24 1
5 33 1
5 47 1
5 51 1
5 62 1
5 69 1
5 72 1
5 77 1
5 87 1
5 101 1
5 115 1
5 135 1
5 138 1
5 156 1
5 163 1
5 165 1
5 171 1
5 175 1
6 17 1
6 22 1
6 34 1
6 38 1
6 44 1
6 48 1
6 50 1
6 62 1
6 71 1
6 74 1
6 77 1
6 83 1
6 86 1
6 101 1
6 113 1
6 125 1
6 132 1
6 138 1
6 143 1
6 149 1
6 156 1
6 174 1
6 176 1
7 13 1
7 37 1
7 41 1
7 52 1
7 56 1
7 58 1
7 74 1
7 78 1
7 96 1
7 103 1
7 109 1
7 117 1
7 120 1
7 122 1
7 123 1
7 150 1
7 168 1
7 173 1
8 16 1
8 18 1
8 21 1
8 33 1
8 44 1
8 46 1
8 54 1
8 59 1
8 65 1
8 74 1
8 93 1
8 94 1
8 97 1
8 98 1
8 100 1
8 102 1
8 116 1
8 120 1
8 144 1
8 167 1
8 171 1
8 176 1
8 177 1
9 12 1
9 18 1
9 28 1
9 43 1
9 47 1
9 59 1
9 71 1
9 74 1
9 99 1
9 101 1
9 123 1
9 138 1
9 155 1
9 167 1
9 171 1
10 23 1
10 31 1
10 34 1
10 39 1
10 40 1
10 43 1
10 46 1
10 47 1
10 55 1
10 64 1
10 92 1
10 97 1
10 99 1
10 104 1
10 111 1
10 115 1
10 118 1
10 141 1
10 162 1
10 173 1
10 174 1
10 176 1
10 179 1
11 24 1
11 28 1
11 39 1
11 54 1
11 80 1
11 82 1
11 95 1
11 100 1
11 104 1
11 113 1
11 122 1
11 123 1
11 127 1
11 136 1
11 147 1
11 151 1
11 152 1
11 157 1
11 165 1
11 172 1
11 174 1
11 176 1
12 16 1
12 33 1
12 36 1
12 45 1
12 51 1
12 66 1
12 69 1
12 76 1
12 83 1
12 85 1
12 95 1
12 118 1
12 126 1
12 131 1
12 135 1
12 140 1
12 153 1
13 15 1
13 23 1
13 36 1
13 38 1
13 62 1
13 67 1
13 78 1
13 88 1
13 94 1
13 105 1
13 113 1
13 121 1
13 125 1
13 126 1
13 127 1
13 133 1
13 142 1
13 143 1
13 147 1
13 149 1
13 165 1
13 170 1
13 171 1
14 23 1
14 34 1
14 41 1
14 52 1
14 69 1
14 81 1
14 84 1
14 90 1
14 93 1
14 113 1
14 120 1
14 128 1
14 135 1
14 137 1
14 145 1
14 149 1
14 171 1
15 23 1
15 28 1
15 33 1
15 34 1
15 39 1
15 44 1
15 48 1
15 56 1
15 70 1
15 78 1
15 81 1
15 85 1
15 88 1
15 90 1
15 121 1
15 123 1
15 126 1
15 128 1
15 132 1
15 134 1
15 156 1
15 157 1
15 163 1
16 29 1
16 41 1
16 62 1
16 72 1
16 107 1
16 115 1
16 116 1
16 122 1
16 124 1
16 130 1
16 144 1
16 146 1
16 156 1
16 161 1
16 167 1
16 168 1
17 25 1
17 34 1
17 43 1
17 53 1
17 64 1
17 73 1
17 81 1
17 84 1
17 87 1
17 88 1
17 103 1
17 114 1
17 120 1
17 122 1
17 140 1
17 142 1
17 145 1
17 152 1
17 173 1
17 175 1
18 27 1
18 57 1
18 64 1
18 71 1
18 85 1
18 89 1
18 103 1
18 106 1
18 116 1
18 118 1
18 138 1
18 139 1
18 140 1
18 148 1
18 153 1
18 161 1
18 170 1
19 27 1
19 38 1
19 43 1
19 44 1
19 48 1
19 73 1
19 76 1
19 78 1
19 82 1
19 84 1
19 85 1
19 89 1
19 91 1
19 95 1
19 99 1
19 100 1
19 104 1
19 107 1
19 113 1
19 120 1
19 122 1
19 123 1
19 141 1
19 142 1
19 143 1
19 147 1
19 151 1
19 162 1
19 178 1
20 26 1
20 31 1
20 35 1
20 49 1
20 56 1
20 62 1
20 71 1
20 73 1
20 83 1
20 99 1
20 112 1
20 129 1
20 134 1
20 135 1
20 137 1
20 156 1
21 24 1
21 25 1
21 32 1
21 36 1
21 38 1
21 41 1
21 45 1
21 64 1
21 65 1
21 74 1
21 78 1
21 83 1
21 101 1
21 104 1
21 111 1
21 116 1
21 125 1
21 135 1
21 147 1
21 157 1
21 164 1
21 166 1
22 26 1
22 48 1
22 68 1
22 82 1
22 84 1
22 95 1
22 104 1
22 119 1
22 121 1
22 125 1
22 127 1
22 134 1
22 141 1
22 167 1
22 173 1
23 25 1
23 29 1
23 36 1
23 37 1
23 38 1
23 48 1
23 50 1
23 53 1
23 56 1
23 57 1
23 60 1
23 61 1
23 69 1
23 76 1
23 85 1
23 87 1
23 88 1
23 128 1
23 138 1
23 139 1
23 162 1
23 166 1
24 25 1
24 26 1
24 62 1
24 66 1
24 83 1
24 84 1
24 88 1
24 101 1
24 102 1
24 105 1
24 114 1
24 115 1
24 155 1
24 158 1
24 164 1
24 172 1
24 174 1
24 178 1
25 35 1
25 36 1
25 40 1
25 44 1
25 57 1
25 72 1
25 88 1
25 89 1
25 90 1
25 92 1
25 95 1
25 97 1
25 99 1
25 103 1
25 125 1
25 126 1
25 127 1
25 140 1
25 148 1
25 169 1
26 31 1
26 44 1
26 45 1
26 58 1
26 60 1
26 77 1
26 81 1
26 89 1
26 96 1
26 98 1
26 99 1
26 100 1
26 102 1
26 104 1
26 128 1
26 133 1
26 155 1
26 159 1
26 160 1
26 167 1
26 171 1
26 177 1
26 178 1
27 31 1
27 35 1
27 44 1
27 48 1
27 49 1
27 62 1
27 70 1
27 82 1
27 89 1
27 97 1
27 99 1
27 134 1
27 146 1
27 157 1
27 160 1
28 37 1
28 48 1
28 62 1
28 65 1
28 77 1
28 79 1
28 85 1
28 119 1
28 124 1
28 132 1
28 138 1
28 151 1
28 158 1
28 167 1
28 170 1
29 37 1
29 44 1
29 48 1
29 50 1
29 52 1
29 60 1
29 64 1
29 79 1
29 80 1
29 84 1
29 89 1
29 91 1
29 92 1
29 102 1
29 107 1
29 110 1
29 122 1
29 125 1
29 145 1
29 151 1
29 172 1
30 34 1
30 46 1
30 47 1
30 48 1
30 60 1
30 66 1
30 67 1
30 72 1
30 85 1
30 87 1
30 89 1
30 132 1
30 146 1
30 151 1
30 152 1
30 169 1
30 177 1
31 43 1
31 44 1
31 74 1
31 80 1
31 86 1
31 92 1
31 106 1
31 111 1
31 112 1
31 123 1
31 135 1
31 136 1
31 139 1
31 144 1
31 153 1
31 157 1
31 163 1
31 164 1
31 174 1
31 179 1
32 36 1
32 65 1
32 84 1
32 94 1
32 112 1
32 137 1
32 138 1
32 148 1
32 150 1
32 151 1
32 153 1
32 156 1
32 165 1
32 175 1
33 45 1
33 46 1
33 64 1
33 89 1
33 111 1
33 122 1
33 123 1
33 134 1
33 141 1
33 142 1
33 151 1
33 155 1
33 164 1
33 167 1
33 170 1
33 175 1
34 38 1
34 44 1
34 47 1
34 48 1
34 62 1
34 67 1
34 74 1
34 77 1
34 83 1
34 101 1
34 103 1
34 104 1
34 111 1
34 135 1
34 140 1
34 141 1
34 148 1
34 153 1
34 154 1
34 164 1
34 170 1
35 68 1
35 71 1
35 84 1
35 88 1
35 92 1
35 101 1
35 104 1
35 107 1
35 108 1
35 121 1
35 122 1
35 128 1
35 143 1
35 157 1
35 176 1
36 38 1
36 59 1
36 60 1
36 65 1
36 89 1
36 97 1
36 104 1
36 106 1
36 107 1
36 120 1
36 131 1
36 136 1
36 142 1
36 150 1
36 151 1
36 157 1
36 161 1
36 177 1
36 178 1
37 53 1
37 70 1
37 89 1
37 93 1
37 99 1
37 104 1
37 105 1
37 109 1
37 111 1
37 113 1
37 116 1
37 118 1
37 121 1
37 122 1
37 143 1
37 144 1
37 159 1
37 167 1
38 47 1
38 67 1
38 80 1
38 99 1
38 109 1
38 114 1
38 125 1
38 135 1
38 137 1
38 145 1
38 148 1
38 154 1
38 166 1
38 168 1
38 172 1
39 46 1
39 49 1
39 53 1
39 56 1
39 58 1
39 60 1
39 64 1
39 76 1
39 83 1
39 86 1
39 89 1
39 100 1
39 130 1
39 149 1
39 154 1
39 157 1
40 41 1
40 52 1
40 65 1
40 67 1
40 69 1
40 75 1
40 76 1
40 99 1
40 107 1
40 110 1
40 112 1
40 116 1
40 129 1
40 141 1
40 153 1
40 154 1
40 167 1
40 171 1
40 173 1
40 174 1
41 44 1
41 50 1
41 65 1
41 78 1
41 85 1
41 98 1
41 99 1
41 101 1
41 108 1
41 111 1
41 118 1
41 119 1
41 124 1
41 130 1
41 141 1
41 147 1
41 148 1
41 151 1
41 152 1
41 153 1
41 179 1
42 46 1
42 47 1
42 53 1
42 54 1
42 60 1
42 72 1
42 78 1
42 90 1
42 100 1
42 118 1
42 124 1
42 126 1
42 129 1
42 132 1
42 135 1
42 155 1
42 157 1
42 158 1
42 165 1
43 54 1
43 56 1
43 72 1
43 79 1
43 84 1
43 88 1
43 89 1
43 93 1
43 98 1
43 100 1
43 107 1
43 110 1
43 118 1
43 135 1
43 142 1
43 143 1
43 148 1
43 154 1
43 165 1
43 171 1
43 174 1
43 175 1
44 48 1
44 52 1
44 54 1
44 78 1
44 79 1
44 80 1
44 94 1
44 95 1
44 108 1
44 119 1
44 128 1
44 137 1
44 142 1
44 156 1
44 165 1
44 172 1
44 174 1
45 49 1
45 54 1
45 71 1
45 74 1
45 76 1
45 83 1
45 89 1
45 95 1
45 98 1
45 101 1
45 105 1
45 106 1
45 134 1
45 149 1
45 150 1
45 152 1
45 156 1
45 168 1
45 170 1
46 51 1
46 62 1
46 79 1
46 96 1
46 107 1
46 116 1
46 125 1
46 129 1
46 136 1
46 137 1
46 139 1
46 172 1
47 49 1
47 52 1
47 59 1
47 77 1
47 79 1
47 89 1
47 98 1
47 99 1
47 100 1
47 104 1
47 105 1
47 117 1
47 137 1
47 141 1
47 142 1
47 148 1
47 158 1
47 160 1
47 167 1
47 178 1
48 59 1
48 69 1
48 73 1
48 81 1
48 97 1
48 98 1
48 117 1
48 119 1
48 123 1
48 126 1
48 127 1
48 148 1
48 161 1
48 167 1
49 50 1
49 60 1
49 83 1
49 109 1
49 132 1
49 148 1
49 149 1
49 154 1
49 169 1
50 54 1
50 72 1
50 80 1
50 87 1
50 91 1
50 92 1
50 96 1
50 98 1
50 129 1
50 148 1
50 149 1
50 167 1
50 169 1
50 171 1
50 173 1
50 174 1
50 177 1
51 55 1
51 58 1
51 61 1
51 81 1
51 92 1
51 104 1
51 105 1
51 106 1
51 111 1
51 121 1
51 123 1
51 129 1
51 135 1
51 145 1
51 146 1
51 148 1
51 149 1
51 161 1
51 168 1
52 63 1
52 68 1
52 84 1
52 85 1
52 91 1
52 96 1
52 132 1
52 135 1
52 142 1
52 147 1
52 148 1
52 151 1
52 159 1
52 170 1
53 61 1
53 79 1
53 81 1
53 84 1
53 101 1
53 113 1
53 126 1
53 142 1
53 154 1
53 158 1
53 161 1
53 162 1
53 174 1
54 77 1
54 89 1
54 105 1
54 107 1
54 110 1
54 117 1
54 119 1
54 140 1
54 143 1
54 146 1
54 152 1
54 155 1
54 162 1
54 163 1
54 166 1
54 176 1
55 103 1
55 118 1
55 122 1
55 123 1
55 125 1
55 134 1
55 137 1
55 152 1
55 153 1
55 170 1
55 171 1
56 74 1
56 77 1
56 85 1
56 137 1
56 138 1
56 155 1
56 156 1
56 157 1
56 158 1
56 176 1
57 69 1
57 93 1
57 94 1
57 101 1
57 105 1
57 116 1
57 126 1
57 139 1
57 157 1
57 158 1
57 160 1
57 161 1
57 162 1
57 169 1
57 175 1
58 89 1
58 94 1
58 105 1
58 126 1
58 128 1
58 130 1
58 133 1
58 156 1
58 157 1
58 166 1
58 168 1
58 172 1
59 78 1
59 110 1
59 119 1
59 122 1
59 127 1
59 143 1
59 144 1
59 147 1
59 152 1
59 155 1
59 162 1
59 165 1
59 171 1
59 172 1
59 176 1
60 77 1
60 85 1
60 86 1
60 115 1
60 117 1
60 133 1
60 134 1
60 158 1
60 163 1
60 174 1
61 64 1
61 68 1
61 76 1
61 86 1
61 98 1
61 115 1
61 126 1
61 157 1
61 163 1
61 164 1
61 168 1
61 172 1
62 64 1
62 69 1
62 70 1
62 72 1
62 73 1
62 98 1
62 101 1
62 112 1
62 115 1
62 121 1
62 146 1
62 150 1
62 156 1
62 160 1
62 171 1
63 65 1
63 74 1
63 77 1
63 78 1
63 90 1
63 99 1
63 151 1
63 152 1
63 154 1
63 155 1
63 170 1
64 74 1
64 85 1
64 97 1
64 100 1
64 101 1
64 109 1
64 117 1
64 128 1
64 140 1
64 145 1
64 154 1
64 166 1
64 169 1
64 172 1
64 174 1
64 175 1
65 92 1
65 98 1
65 107 1
65 114 1
65 120 1
65 133 1
65 136 1
65 158 1
65 160 1
65 163 1
65 166 1
65 169 1
65 174 1
65 177 1
66 68 1
66 74 1
66 77 1
66 78 1
66 80 1
66 84 1
66 89 1
66 102 1
66 111 1
66 118 1
66 120 1
66 128 1
66 129 1
66 132 1
66 137 1
66 141 1
66 144 1
66 145 1
66 161 1
66 177 1
67 76 1
67 78 1
67 91 1
67 108 1
67 114 1
67 117 1
67 120 1
67 143 1
67 150 1
67 160 1
67 173 1
68 90 1
68 95 1
68 107 1
68 111 1
68 127 1
68 136 1
68 144 1
68 147 1
68 148 1
68 160 1
68 172 1
69 75 1
69 80 1
69 84 1
69 86 1
69 97 1
69 101 1
69 104 1
69 142 1
69 144 1
69 149 1
69 151 1
69 163 1
70 72 1
70 78 1
70 94 1
70 99 1
70 106 1
70 116 1
70 118 1
70 123 1
70 137 1
70 146 1
70 153 1
70 179 1
71 73 1
71 79 1
71 80 1
71 112 1
71 134 1
71 141 1
71 155 1
71 157 1
71 158 1
71 163 1
71 166 1
71 170 1
72 73 1
72 80 1
72 85 1
72 94 1
72 100 1
72 101 1
72 109 1
72 110 1
72 112 1
72 139 1
72 150 1
72 151 1
72 158 1
72 165 1
72 166 1
72 168 1
72 173 1
72 175 1
73 75 1
73 76 1
73 85 1
73 88 1
73 117 1
73 133 1
73 145 1
73 153 1
73 163 1
74 77 1
74 82 1
74 93 1
74 97 1
74 110 1
74 141 1
74 148 1
74 151 1
74 153 1
74 159 1
74 166 1
74 174 1
75 80 1
75 84 1
75 86 1
75 101 1
75 102 1
75 103 1
75 108 1
75 110 1
75 114 1
75 116 1
75 123 1
75 131 1
75 133 1
75 144 1
75 145 1
75 166 1
75 174 1
76 78 1
76 82 1
76 83 1
76 87 1
76 96 1
76 99 1
76 104 1
76 107 1
76 117 1
76 119 1
76 121 1
76 136 1
76 141 1
76 145 1
76 146 1
76 150 1
76 166 1
77 96 1
77 98 1
77 106 1
77 116 1
77 117 1
77 118 1
77 130 1
77 160 1
77 170 1
77 177 1
77 179 1
78 98 1
78 101 1
78 102 1
78 117 1
78 134 1
78 138 1
78 140 1
78 144 1
78 145 1
78 166 1
78 170 1
79 84 1
79 90 1
79 105 1
79 117 1
79 148 1
79 152 1
79 157 1
80 85 1
80 89 1
80 95 1
80 105 1
80 112 1
80 117 1
80 135 1
80 142 1
80 156 1
80 179 1
81 102 1
81 112 1
81 124 1
81 141 1
81 143 1
81 147 1
81 159 1
81 162 1
81 168 1
81 174 1
81 176 1
82 94 1
82 105 1
82 127 1
82 140 1
82 141 1
82 157 1
83 88 1
83 123 1
83 125 1
83 150 1
83 169 1
83 170 1
83 177 1
84 110 1
84 112 1
84 127 1
84 132 1
84 138 1
84 144 1
84 149 1
85 88 1
85 90 1
85 94 1
85 97 1
85 109 1
85 133 1
85 138 1
85 148 1
85 157 1
85 175 1
86 92 1
86 99 1
86 145 1
86 155 1
86 160 1
87 98 1
87 115 1
87 117 1
87 123 1
87 141 1
87 143 1
87 151 1
87 154 1
87 157 1
87 163 1
88 107 1
88 115 1
88 139 1
88 141 1
88 149 1
88 152 1
88 156 1
88 168 1
88 171 1
89 90 1
89 91 1
89 106 1
89 107 1
89 112 1
89 113 1
89 118 1
89 119 1
89 121 1
89 123 1
89 149 1
89 165 1
89 168 1
90 92 1
90 118 1
90 119 1
90 122 1
90 140 1
90 144 1
90 148 1
90 156 1
90 164 1
90 168 1
90 173 1
91 100 1
91 108 1
91 111 1
91 118 1
91 155 1
91 161 1
91 162 1
91 166 1
92 97 1
92 106 1
92 114 1
92 120 1
92 135 1
92 153 1
92 167 1
93 100 1
93 102 1
93 109 1
93 111 1
93 123 1
93 132 1
93 145 1
93 154 1
93 155 1
93 164 1
93 170 1
94 104 1
94 106 1
94 107 1
94 110 1
94 111 1
94 119 1
94 141 1
94 144 1
94 145 1
94 157 1
94 162 1
95 97 1
95 101 1
95 113 1
95 125 1
95 131 1
95 134 1
95 142 1
95 150 1
95 157 1
95 164 1
95 166 1
95 178 1
96 100 1
96 112 1
96 116 1
96 153 1
96 156 1
96 178 1
97 101 1
97 111 1
97 113 1
97 118 1
97 142 1
97 169 1
97 172 1
98 108 1
98 110 1
98 114 1
98 120 1
98 121 1
98 126 1
98 128 1
98 132 1
98 143 1
98 170 1
98 178 1
99 130 1
99 137 1
99 160 1
99 164 1
99 167 1
100 101 1
100 120 1
100 121 1
100 139 1
100 141 1
100 144 1
100 147 1
100 155 1
101 106 1
101 107 1
101 115 1
101 129 1
101 131 1
101 138 1
101 146 1
101 155 1
101 159 1
101 160 1
101 161 1
101 168 1
102 107 1
102 114 1
102 127 1
102 128 1
102 136 1
102 146 1
102 150 1
102 155 1
102 169 1
102 172 1
102 173 1
102 178 1
103 106 1
103 122 1
103 124 1
103 136 1
103 143 1
103 146 1
103 149 1
103 151 1
103 160 1
103 164 1
103 166 1
103 167 1
103 171 1
104 111 1
104 122 1
104 130 1
104 133 1
104 140 1
104 143 1
104 144 1
104 145 1
104 153 1
104 154 1
104 164 1
104 166 1
105 106 1
105 117 1
105 133 1
105 151 1
105 162 1
105 169 1
106 110 1
106 120 1
106 125 1
106 133 1
106 140 1
106 144 1
106 152 1
106 156 1
106 161 1
106 168 1
106 173 1
107 112 1
107 125 1
107 131 1
107 137 1
107 140 1
107 144 1
107 172 1
108 123 1
108 128 1
108 129 1
108 157 1
108 161 1
108 176 1
108 179 1
109 121 1
109 135 1
109 142 1
109 148 1
109 164 1
109 169 1
109 173 1
109 175 1
109 179 1
110 113 1
110 121 1
110 131 1
110 141 1
110 144 1
110 146 1
110 148 1
110 153 1
110 166 1
110 170 1
111 113 1
111 135 1
111 141 1
111 142 1
111 144 1
111 145 1
111 146 1
111 153 1
111 154 1
111 159 1
111 164 1
111 171 1
112 130 1
112 134 1
112 156 1
112 157 1
112 170 1
113 116 1
113 122 1
113 123 1
113 127 1
113 136 1
113 138 1
113 151 1
113 161 1
113 162 1
114 115 1
114 123 1
114 126 1
114 136 1
114 137 1
114 142 1
114 151 1
114 163 1
114 169 1
115 116 1
115 118 1
115 149 1
115 152 1
115 167 1
115 178 1
116 123 1
116 135 1
116 154 1
116 163 1
116 175 1
116 176 1
116 177 1
117 125 1
117 139 1
117 146 1
117 153 1
117 163 1
117 164 1
117 166 1
117 168 1
118 121 1
118 129 1
118 135 1
118 139 1
118 144 1
118 150 1
118 165 1
119 134 1
119 137 1
119 165 1
119 166 1
120 152 1
120 153 1
120 155 1
120 160 1
120 161 1
120 165 1
120 172 1
120 175 1
121 126 1
121 132 1
121 137 1
121 146 1
121 152 1
121 153 1
121 161 1
121 164 1
121 172 1
121 175 1
121 177 1
122 143 1
122 161 1
122 175 1
122 177 1
122 179 1
123 127 1
123 130 1
123 143 1
123 144 1
123 150 1
123 160 1
123 164 1
123 177 1
124 130 1
124 137 1
124 141 1
125 136 1
125 150 1
125 151 1
125 158 1
125 173 1
126 145 1
126 160 1
126 161 1
126 170 1
126 172 1
127 129 1
127 143 1
127 150 1
127 153 1
127 155 1
127 165 1
128 134 1
128 159 1
128 173 1
128 176 1
129 130 1
129 136 1
129 139 1
129 144 1
129 145 1
129 151 1
129 158 1
129 159 1
129 160 1
129 178 1
130 132 1
130 133 1
130 139 1
130 157 1
130 158 1
130 161 1
130 168 1
130 173 1
130 174 1
131 136 1
131 154 1
131 174 1
132 137 1
132 154 1
132 162 1
132 164 1
132 173 1
132 174 1
132 175 1
133 148 1
134 144 1
134 152 1
134 161 1
135 142 1
135 145 1
135 160 1
135 165 1
135 167 1
135 171 1
135 174 1
135 176 1
136 148 1
136 149 1
136 161 1
136 163 1
136 169 1
136 171 1
136 172 1
136 175 1
136 176 1
137 148 1
137 162 1
137 166 1
137 172 1
137 175 1
137 176 1
137 177 1
138 154 1
138 164 1
139 141 1
139 147 1
139 148 1
139 162 1
139 168 1
139 170 1
139 174 1
140 145 1
140 154 1
140 161 1
140 165 1
140 170 1
140 172 1
140 175 1
141 159 1
141 162 1
141 171 1
142 146 1
142 148 1
142 162 1
142 169 1
143 145 1
143 151 1
143 152 1
143 179 1
144 152 1
144 164 1
144 166 1
144 173 1
144 176 1
145 154 1
145 155 1
145 159 1
145 160 1
146 173 1
146 175 1
147 154 1
147 156 1
147 157 1
147 159 1
147 163 1
147 177 1
148 149 1
148 159 1
149 157 1
149 158 1
149 159 1
149 176 1
150 167 1
150 171 1
150 172 1
150 175 1
151 173 1
152 171 1
152 174 1
153 160 1
153 162 1
153 168 1
153 173 1
153 175 1
153 178 1
154 179 1
155 173 1
155 178 1
156 163 1
156 173 1
156 178 1
157 163 1
157 170 1
158 160 1
159 169 1
160 170 1
160 174 1
161 168 1
161 171 1
161 176 1
163 165 1
163 171 1
163 174 1
163 175 1
164 168 1
165 170 1
165 171 1
165 177 1
166 174 1
168 170 1
168 176 1
169 174 1
173 177 1
1
0 78 107 131 50 154 86 15 87 176 162 38 171 69 160 94 142 112
