1019
0 6 1
0 10 1
0 16 1
0 18 1
0 19 1
0 24 1
0 25 1
0 33 1
0 35 1
0 45 1
0 47 1
0 53 1
0 57 1
0 61 1
0 63 1
0 64 1
0 72 1
0 82 1
0 87 1
0 94 1
0 108 1
1 3 1
1 9 1
1 21 1
1 23 1
1 52 1
1 58 1
1 61 1
1 62 1
1 65 1
1 75 1
1 80 1
1 81 1
1 97 1
1 99 1
1 106 1
2 5 1
2 8 1
2 18 1
2 22 1
2 30 1
2 35 1
2 40 1
2 43 1
2 52 1
2 57 1
2 75 1
2 79 1
2 85 1
2 87 1
2 88 1
2 90 1
2 104 1
3 8 1
3 9 1
3 13 1
3 17 1
3 26 1
3 36 1
3 37 1
3 38 1
3 52 1
3 57 1
3 58 1
3 73 1
3 80 1
3 84 1
3 86 1
3 92 1
3 94 1
3 106 1
3 107 1
3 108 1
4 8 1
4 23 1
4 28 1
4 30 1
4 53 1
4 64 1
4 65 1
4 68 1
4 69 1
4 70 1
4 96 1
4 99 1
5 13 1
5 25 1
5 27 1
5 28 1
5 39 1
5 41 1
5 55 1
5 76 1
5 80 1
5 100 1
6 8 1
6 12 1
6 23 1
6 26 1
6 35 1
6 52 1
6 53 1
6 65 1
6 71 1
6 75 1
6 83 1
6 86 1
6 90 1
6 94 1
6 98 1
6 109 1
7 20 1
7 25 1
7 26 1
7 27 1
7 28 1
7 30 1
7 41 1
7 42 1
7 44 1
7 49 1
7 52 1
7 55 1
7 60 1
7 61 1
7 73 1
7 74 1
7 85 1
7 91 1
7 92 1
7 96 1
7 105 1
8 10 1
8 15 1
8 24 1
8 29 1
8 36 1
8 48 1
8 65 1
8 77 1
8 92 1
8 102 1
9 10 1
9 12 1
9 14 1
9 17 1
9 19 1
9 25 1
9 29 1
9 37 1
9 42 1
9 48 1
9 49 1
9 55 1
9 57 1
9 61 1
9 63 1
9 69 1
9 70 1
9 71 1
9 72 1
9 79 1
9 89 1
9 90 1
9 92 1
9 99 1
9 103 1
10 16 1
10 18 1
10 26 1
10 33 1
10 35 1
10 49 1
10 51 1
10 55 1
10 72 1
10 99 1
10 106 1
11 17 1
11 30 1
11 32 1
11 36 1
11 38 1
11 41 1
11 68 1
11 72 1
11 76 1
11 96 1
11 107 1
12 16 1
12 19 1
12 21 1
12 25 1
12 26 1
12 42 1
12 50 1
12 55 1
12 63 1
12 76 1
12 88 1
12 93 1
12 106 1
13 17 1
13 18 1
13 19 1
13 26 1
13 39 1
13 41 1
13 44 1
13 48 1
13 50 1
13 62 1
13 68 1
13 69 1
13 78 1
13 81 1
13 84 1
13 85 1
13 96 1
13 97 1
13 107 1
13 109 1
14 43 1
14 54 1
14 66 1
14 67 1
14 73 1
14 79 1
14 81 1
14 88 1
14 89 1
14 90 1
14 93 1
14 109 1
15 17 1
15 23 1
15 24 1
15 32 1
15 38 1
15 42 1
15 50 1
15 52 1
15 59 1
15 69 1
15 76 1
15 77 1
15 88 1
15 95 1
15 103 1
16 17 1
16 29 1
16 35 1
16 38 1
16 43 1
16 58 1
16 62 1
16 65 1
16 67 1
16 75 1
16 77 1
16 83 1
16 98 1
16 99 1
16 100 1
16 101 1
16 107 1
16 108 1
16 109 1
17 24 1
17 27 1
17 30 1
17 37 1
17 45 1
17 46 1
17 60 1
17 76 1
17 77 1
17 80 1
17 85 1
17 98 1
17 101 1
17 104 1
17 105 1
18 21 1
18 24 1
18 31 1
18 38 1
18 39 1
18 40 1
18 49 1
18 50 1
18 52 1
18 59 1
18 62 1
18 64 1
18 69 1
18 73 1
18 79 1
18 80 1
18 91 1
18 95 1
18 96 1
18 97 1
18 105 1
18 109 1
19 22 1
19 25 1
19 26 1
19 28 1
19 31 1
19 38 1
19 41 1
19 47 1
19 51 1
19 59 1
19 60 1
19 62 1
19 65 1
19 68 1
19 72 1
19 77 1
19 84 1
19 86 1
19 94 1
19 105 1
19 108 1
20 34 1
20 35 1
20 39 1
20 44 1
20 56 1
20 58 1
20 63 1
20 67 1
20 70 1
20 72 1
20 74 1
20 81 1
20 84 1
20 93 1
20 94 1
20 103 1
20 104 1
20 109 1
21 42 1
21 46 1
21 56 1
21 59 1
21 63 1
21 65 1
21 69 1
21 74 1
21 83 1
21 84 1
21 88 1
21 93 1
21 99 1
21 100 1
21 101 1
21 108 1
22 23 1
22 43 1
22 44 1
22 49 1
22 60 1
22 67 1
22 72 1
22 75 1
22 87 1
22 88 1
23 25 1
23 31 1
23 34 1
23 47 1
23 51 1
23 66 1
23 68 1
23 73 1
23 92 1
23 99 1
23 107 1
24 40 1
24 45 1
24 47 1
24 49 1
24 50 1
24 51 1
24 55 1
24 59 1
24 61 1
24 68 1
24 71 1
24 72 1
24 87 1
24 93 1
24 104 1
24 105 1
25 26 1
25 29 1
25 32 1
25 33 1
25 36 1
25 50 1
25 64 1
25 69 1
25 86 1
25 89 1
25 92 1
25 95 1
25 99 1
25 107 1
26 30 1
26 45 1
26 50 1
26 55 1
26 58 1
26 64 1
26 75 1
26 84 1
26 91 1
26 93 1
26 97 1
26 103 1
27 30 1
27 52 1
27 53 1
27 57 1
27 60 1
27 61 1
27 63 1
27 66 1
27 67 1
27 69 1
27 77 1
27 78 1
27 81 1
27 92 1
27 93 1
27 97 1
27 99 1
28 35 1
28 38 1
28 55 1
28 60 1
28 64 1
28 67 1
28 78 1
28 83 1
28 85 1
28 86 1
28 87 1
28 92 1
28 93 1
28 94 1
28 96 1
28 105 1
28 107 1
28 108 1
28 109 1
29 33 1
29 40 1
29 41 1
29 42 1
29 44 1
29 49 1
29 62 1
29 72 1
29 73 1
29 81 1
29 85 1
29 87 1
29 92 1
29 101 1
30 34 1
30 38 1
30 44 1
30 47 1
30 48 1
30 49 1
30 51 1
30 54 1
30 56 1
30 63 1
30 65 1
30 69 1
30 93 1
30 95 1
30 96 1
30 98 1
30 102 1
31 36 1
31 48 1
31 54 1
31 55 1
31 61 1
31 78 1
31 81 1
31 89 1
31 93 1
31 105 1
32 37 1
32 39 1
32 40 1
32 42 1
32 47 1
32 63 1
32 64 1
32 71 1
32 96 1
32 106 1
33 42 1
33 52 1
33 58 1
33 63 1
33 66 1
33 74 1
33 77 1
33 80 1
33 81 1
33 88 1
33 97 1
33 103 1
33 109 1
34 46 1
34 53 1
34 64 1
34 65 1
34 70 1
34 73 1
34 80 1
34 90 1
34 93 1
34 101 1
34 105 1
34 109 1
35 43 1
35 45 1
35 53 1
35 59 1
35 72 1
35 77 1
35 81 1
35 82 1
35 99 1
36 56 1
36 60 1
36 64 1
36 80 1
36 89 1
36 94 1
36 95 1
36 101 1
36 107 1
37 38 1
37 40 1
37 48 1
37 59 1
37 66 1
37 68 1
37 75 1
37 77 1
37 80 1
37 81 1
37 85 1
37 92 1
37 97 1
37 98 1
37 107 1
37 108 1
38 42 1
38 44 1
38 47 1
38 54 1
38 65 1
38 74 1
38 76 1
38 81 1
38 96 1
38 97 1
38 99 1
38 101 1
38 102 1
38 108 1
39 49 1
39 51 1
39 54 1
39 55 1
39 56 1
39 62 1
39 78 1
39 86 1
39 101 1
39 103 1
39 104 1
40 44 1
40 56 1
40 58 1
40 61 1
40 66 1
40 70 1
40 71 1
40 76 1
40 81 1
40 84 1
40 99 1
40 105 1
41 44 1
41 52 1
41 55 1
41 58 1
41 65 1
41 67 1
41 69 1
41 77 1
41 78 1
41 90 1
41 96 1
41 102 1
41 103 1
41 107 1
42 50 1
42 76 1
42 77 1
42 101 1
42 109 1
43 46 1
43 49 1
43 53 1
43 56 1
43 62 1
43 64 1
43 68 1
43 73 1
43 74 1
43 76 1
43 84 1
43 87 1
43 91 1
43 93 1
43 95 1
43 100 1
44 54 1
44 58 1
44 63 1
44 68 1
44 78 1
44 83 1
44 89 1
44 91 1
44 92 1
44 93 1
44 95 1
44 98 1
44 101 1
44 102 1
45 52 1
45 54 1
45 64 1
45 72 1
45 77 1
45 88 1
45 89 1
45 93 1
45 101 1
45 103 1
45 108 1
46 52 1
46 55 1
46 64 1
46 72 1
46 78 1
46 80 1
46 85 1
46 88 1
46 100 1
46 102 1
46 105 1
46 109 1
47 52 1
47 54 1
47 60 1
47 65 1
47 68 1
47 76 1
47 86 1
47 87 1
47 91 1
47 92 1
47 97 1
47 101 1
47 104 1
47 106 1
48 49 1
48 60 1
48 66 1
48 69 1
48 73 1
48 83 1
48 84 1
48 94 1
48 103 1
48 104 1
48 107 1
49 51 1
49 54 1
49 55 1
49 62 1
49 65 1
49 71 1
49 74 1
49 75 1
49 78 1
49 88 1
49 98 1
49 99 1
49 100 1
49 103 1
49 105 1
50 52 1
50 53 1
50 56 1
50 59 1
50 63 1
50 65 1
50 78 1
50 87 1
50 88 1
50 89 1
50 96 1
50 99 1
50 105 1
51 60 1
51 61 1
51 68 1
51 79 1
51 82 1
51 91 1
51 94 1
51 101 1
52 53 1
52 58 1
52 65 1
52 69 1
52 72 1
52 76 1
52 91 1
53 58 1
53 79 1
53 82 1
53 91 1
53 101 1
53 102 1
54 56 1
54 59 1
54 61 1
54 64 1
54 68 1
54 76 1
54 78 1
54 88 1
54 93 1
54 98 1
54 105 1
54 106 1
55 58 1
55 64 1
55 66 1
55 68 1
55 69 1
55 77 1
55 78 1
55 79 1
55 90 1
55 95 1
55 98 1
55 105 1
56 67 1
56 73 1
56 85 1
56 98 1
56 100 1
56 103 1
56 109 1
57 59 1
57 63 1
57 65 1
57 66 1
57 70 1
57 81 1
57 90 1
57 92 1
57 100 1
57 105 1
57 107 1
58 59 1
58 63 1
58 65 1
58 71 1
58 72 1
58 81 1
58 87 1
58 101 1
58 105 1
58 107 1
59 63 1
59 67 1
59 71 1
59 81 1
59 84 1
59 86 1
59 98 1
59 103 1
59 107 1
60 64 1
60 69 1
60 71 1
60 78 1
60 80 1
60 88 1
60 91 1
60 100 1
60 101 1
60 108 1
60 109 1
61 62 1
61 64 1
61 65 1
61 73 1
61 81 1
61 88 1
61 95 1
61 98 1
61 99 1
61 100 1
61 104 1
62 65 1
62 69 1
62 70 1
62 75 1
62 80 1
62 82 1
62 101 1
63 73 1
63 74 1
63 86 1
63 90 1
63 106 1
63 108 1
64 78 1
64 83 1
64 88 1
64 90 1
64 91 1
64 99 1
64 100 1
65 72 1
65 75 1
65 77 1
65 80 1
65 81 1
65 84 1
65 91 1
65 93 1
65 96 1
65 98 1
65 102 1
66 68 1
66 70 1
66 91 1
67 69 1
67 77 1
67 81 1
67 84 1
67 90 1
67 91 1
67 99 1
67 101 1
67 107 1
68 91 1
68 99 1
68 104 1
69 70 1
69 74 1
69 76 1
69 83 1
69 88 1
69 94 1
70 79 1
70 82 1
70 89 1
70 91 1
70 99 1
70 101 1
70 104 1
70 107 1
71 79 1
71 87 1
71 89 1
71 90 1
71 106 1
72 88 1
72 95 1
73 82 1
73 83 1
73 89 1
73 98 1
73 106 1
73 107 1
73 108 1
73 109 1
74 81 1
74 85 1
74 90 1
74 98 1
74 99 1
74 109 1
75 82 1
75 84 1
75 89 1
75 94 1
75 107 1
75 109 1
76 85 1
76 102 1
76 103 1
76 109 1
77 78 1
77 83 1
77 85 1
77 93 1
77 96 1
77 106 1
77 107 1
78 85 1
78 91 1
78 100 1
78 101 1
78 102 1
78 106 1
79 86 1
79 87 1
79 89 1
79 92 1
79 101 1
79 102 1
79 106 1
80 88 1
80 99 1
80 101 1
80 106 1
80 107 1
80 108 1
81 82 1
81 93 1
81 99 1
82 84 1
82 86 1
82 100 1
82 102 1
82 106 1
83 88 1
83 89 1
83 93 1
83 100 1
83 105 1
84 92 1
84 100 1
84 101 1
84 103 1
85 97 1
85 100 1
85 102 1
86 100 1
87 88 1
87 91 1
87 104 1
87 106 1
88 89 1
89 90 1
89 93 1
89 96 1
89 100 1
90 91 1
90 95 1
90 96 1
90 97 1
90 99 1
90 106 1
90 107 1
91 92 1
91 102 1
91 103 1
91 104 1
91 105 1
92 96 1
92 100 1
92 103 1
92 106 1
92 107 1
93 99 1
93 101 1
94 96 1
94 98 1
94 99 1
94 102 1
94 106 1
95 96 1
95 108 1
96 107 1
97 106 1
97 107 1
98 108 1
99 105 1
100 107 1
100 109 1
101 102 1
102 108 1
104 107 1
106 109 1
1
96 7 45 21 33 90 59 71 64 8 73
