1738
0 6 1
0 11 1
0 20 1
0 24 1
0 30 1
0 31 1
0 35 1
0 47 1
0 56 1
0 58 1
0 71 1
0 83 1
0 86 1
0 94 1
0 97 1
0 103 1
0 108 1
0 112 1
0 117 1
0 129 1
0 133 1
0 148 1
0 155 1
0 156 1
0 167 1
1 8 1
1 18 1
1 19 1
1 24 1
1 25 1
1 36 1
1 43 1
1 64 1
1 69 1
1 73 1
1 82 1
1 89 1
1 96 1
1 102 1
1 105 1
1 110 1
1 117 1
1 122 1
1 130 1
1 132 1
1 134 1
1 137 1
1 139 1
1 165 1
2 3 1
2 8 1
2 10 1
2 18 1
2 19 1
2 33 1
2 46 1
2 48 1
2 57 1
2 59 1
2 65 1
2 67 1
2 79 1
2 86 1
2 95 1
2 100 1
2 108 1
2 120 1
2 134 1
2 145 1
2 152 1
2 155 1
2 162 1
2 169 1
3 16 1
3 21 1
3 26 1
3 37 1
3 51 1
3 63 1
3 65 1
3 94 1
3 101 1
3 104 1
3 107 1
3 115 1
3 122 1
3 125 1
3 155 1
3 159 1
4 5 1
4 33 1
4 43 1
4 59 1
4 60 1
4 67 1
4 72 1
4 85 1
4 100 1
4 107 1
4 118 1
4 119 1
4 131 1
4 134 1
4 135 1
4 147 1
4 164 1
4 165 1
5 7 1
5 16 1
5 18 1
5 24 1
5 26 1
5 27 1
5 30 1
5 55 1
5 57 1
5 69 1
5 75 1
5 84 1
5 87 1
5 91 1
5 94 1
5 100 1
5 102 1
5 113 1
5 117 1
5 120 1
5 121 1
5 130 1
5 138 1
5 142 1
5 144 1
5 146 1
5 147 1
5 155 1
5 156 1
5 161 1
6 16 1
6 35 1
6 44 1
6 67 1
6 73 1
6 103 1
6 104 1
6 113 1
6 128 1
6 139 1
6 144 1
6 149 1
6 165 1
7 10 1
7 29 1
7 41 1
7 47 1
7 73 1
7 75 1
7 76 1
7 77 1
7 100 1
7 110 1
7 127 1
7 129 1
7 133 1
7 136 1
7 142 1
7 152 1
8 10 1
8 11 1
8 20 1
8 23 1
8 32 1
8 34 1
8 38 1
8 56 1
8 59 1
8 62 1
8 65 1
8 66 1
8 93 1
8 94 1
8 107 1
8 109 1
8 113 1
8 116 1
8 131 1
8 140 1
8 142 1
8 153 1
8 157 1
9 10 1
9 15 1
9 33 1
9 39 1
9 50 1
9 55 1
9 69 1
9 70 1
9 78 1
9 82 1
9 86 1
9 88 1
9 90 1
9 92 1
9 103 1
9 114 1
9 115 1
9 120 1
9 122 1
9 128 1
9 142 1
9 143 1
9 158 1
9 159 1
10 18 1
10 22 1
10 30 1
10 31 1
10 36 1
10 50 1
10 52 1
10 60 1
10 63 1
10 86 1
10 89 1
10 93 1
10 94 1
10 98 1
10 99 1
10 108 1
10 137 1
10 138 1
10 143 1
10 151 1
10 162 1
10 164 1
11 12 1
11 23 1
11 36 1
11 39 1
11 48 1
11 53 1
11 55 1
11 64 1
11 75 1
11 91 1
11 95 1
11 97 1
11 125 1
11 126 1
11 134 1
11 146 1
11 151 1
11 156 1
11 162 1
12 32 1
12 46 1
12 55 1
12 66 1
12 69 1
12 80 1
12 84 1
12 96 1
12 97 1
12 98 1
12 101 1
12 102 1
12 109 1
12 111 1
12 115 1
12 121 1
12 124 1
12 133 1
12 135 1
12 146 1
12 150 1
12 157 1
12 169 1
13 17 1
13 24 1
13 40 1
13 49 1
13 60 1
13 68 1
13 77 1
13 98 1
13 107 1
13 122 1
13 131 1
13 137 1
13 153 1
14 17 1
14 23 1
14 34 1
14 42 1
14 63 1
14 72 1
14 76 1
14 80 1
14 84 1
14 97 1
14 100 1
14 139 1
14 152 1
15 20 1
15 22 1
15 23 1
15 30 1
15 36 1
15 39 1
15 53 1
15 57 1
15 61 1
15 64 1
15 67 1
15 69 1
15 81 1
15 87 1
15 95 1
15 98 1
15 101 1
15 106 1
15 118 1
15 119 1
15 120 1
15 122 1
15 130 1
15 134 1
15 138 1
15 147 1
15 162 1
15 169 1
16 22 1
16 23 1
16 31 1
16 35 1
16 39 1
16 60 1
16 67 1
16 71 1
16 80 1
16 84 1
16 105 1
16 106 1
16 117 1
16 126 1
16 131 1
16 135 1
16 136 1
16 157 1
16 162 1
17 51 1
17 52 1
17 59 1
17 72 1
17 78 1
17 100 1
17 105 1
17 106 1
17 114 1
17 138 1
17 150 1
17 167 1
18 24 1
18 25 1
18 42 1
18 54 1
18 56 1
18 62 1
18 97 1
18 101 1
18 103 1
18 105 1
18 107 1
18 125 1
18 127 1
18 128 1
18 132 1
18 134 1
18 144 1
19 27 1
19 33 1
19 49 1
19 70 1
19 75 1
19 86 1
19 105 1
19 109 1
19 131 1
19 169 1
20 37 1
20 38 1
20 52 1
20 54 1
20 56 1
20 63 1
20 73 1
20 87 1
20 88 1
20 90 1
20 93 1
20 105 1
20 111 1
20 116 1
20 130 1
20 144 1
20 146 1
20 152 1
20 156 1
20 165 1
20 167 1
21 24 1
21 27 1
21 41 1
21 42 1
21 59 1
21 73 1
21 77 1
21 88 1
21 93 1
21 98 1
21 110 1
21 112 1
21 113 1
21 123 1
21 124 1
21 142 1
21 158 1
21 164 1
22 23 1
22 32 1
22 44 1
22 65 1
22 71 1
22 79 1
22 105 1
22 117 1
22 125 1
22 133 1
22 135 1
22 138 1
22 140 1
22 145 1
22 151 1
22 153 1
22 160 1
22 169 1
23 26 1
23 27 1
23 31 1
23 35 1
23 39 1
23 46 1
23 48 1
23 59 1
23 67 1
23 68 1
23 75 1
23 84 1
23 85 1
23 91 1
23 92 1
23 93 1
23 102 1
23 118 1
23 126 1
23 130 1
23 154 1
23 156 1
23 160 1
24 26 1
24 44 1
24 48 1
24 57 1
24 63 1
24 85 1
24 99 1
24 100 1
24 104 1
24 108 1
24 118 1
24 133 1
24 157 1
24 169 1
25 29 1
25 31 1
25 47 1
25 51 1
25 53 1
25 57 1
25 101 1
25 105 1
25 119 1
25 122 1
25 124 1
25 148 1
25 153 1
25 156 1
25 159 1
25 162 1
25 164 1
26 28 1
26 29 1
26 36 1
26 37 1
26 53 1
26 64 1
26 65 1
26 66 1
26 70 1
26 72 1
26 78 1
26 87 1
26 92 1
26 103 1
26 107 1
26 111 1
26 112 1
26 116 1
26 126 1
26 130 1
26 135 1
26 139 1
26 154 1
26 165 1
26 166 1
27 40 1
27 42 1
27 67 1
27 70 1
27 105 1
27 110 1
27 114 1
27 116 1
27 118 1
27 120 1
27 137 1
27 145 1
27 147 1
27 148 1
28 30 1
28 34 1
28 36 1
28 39 1
28 45 1
28 71 1
28 83 1
28 91 1
28 103 1
28 122 1
28 126 1
28 127 1
28 140 1
28 157 1
28 166 1
29 31 1
29 39 1
29 42 1
29 45 1
29 50 1
29 54 1
29 62 1
29 69 1
29 78 1
29 88 1
29 90 1
29 94 1
29 107 1
29 118 1
29 122 1
29 134 1
29 148 1
29 151 1
29 156 1
29 167 1
29 168 1
30 34 1
30 44 1
30 52 1
30 71 1
30 72 1
30 83 1
30 85 1
30 110 1
30 112 1
30 119 1
30 120 1
30 127 1
30 134 1
30 136 1
30 138 1
30 141 1
30 143 1
30 146 1
30 149 1
30 151 1
30 159 1
30 161 1
31 33 1
31 45 1
31 47 1
31 64 1
31 73 1
31 103 1
31 114 1
31 120 1
31 124 1
31 135 1
31 147 1
31 159 1
32 33 1
32 38 1
32 47 1
32 54 1
32 68 1
32 73 1
32 86 1
32 88 1
32 103 1
32 107 1
32 117 1
32 121 1
32 122 1
32 146 1
32 156 1
32 166 1
33 54 1
33 59 1
33 65 1
33 68 1
33 76 1
33 78 1
33 91 1
33 99 1
33 121 1
33 128 1
33 131 1
33 132 1
33 137 1
33 145 1
33 146 1
33 149 1
33 161 1
33 168 1
34 38 1
34 67 1
34 78 1
34 80 1
34 83 1
34 94 1
34 97 1
34 100 1
34 104 1
34 105 1
34 108 1
34 114 1
34 126 1
34 127 1
34 133 1
34 136 1
34 137 1
34 138 1
34 140 1
34 155 1
35 49 1
35 53 1
35 60 1
35 62 1
35 70 1
35 75 1
35 88 1
35 101 1
35 117 1
35 123 1
35 132 1
35 140 1
35 150 1
35 168 1
36 54 1
36 56 1
36 57 1
36 92 1
36 107 1
36 110 1
36 116 1
36 148 1
36 168 1
37 39 1
37 41 1
37 45 1
37 58 1
37 59 1
37 61 1
37 67 1
37 72 1
37 79 1
37 80 1
37 83 1
37 86 1
37 88 1
37 93 1
37 99 1
37 106 1
37 115 1
37 121 1
37 122 1
37 138 1
37 141 1
37 154 1
37 158 1
37 160 1
38 47 1
38 51 1
38 60 1
38 63 1
38 80 1
38 81 1
38 83 1
38 86 1
38 92 1
38 98 1
38 117 1
38 119 1
38 124 1
38 128 1
38 139 1
38 161 1
38 164 1
39 50 1
39 61 1
39 62 1
39 69 1
39 70 1
39 76 1
39 77 1
39 91 1
39 97 1
39 100 1
39 118 1
39 119 1
39 123 1
39 124 1
39 151 1
40 44 1
40 64 1
40 69 1
40 72 1
40 91 1
40 100 1
40 102 1
40 110 1
40 121 1
40 130 1
40 155 1
40 156 1
40 158 1
40 166 1
40 167 1
40 169 1
41 48 1
41 49 1
41 54 1
41 56 1
41 61 1
41 76 1
41 82 1
41 92 1
41 98 1
41 101 1
41 104 1
41 105 1
41 113 1
41 114 1
41 122 1
41 137 1
41 155 1
41 157 1
41 167 1
41 169 1
42 45 1
42 46 1
42 49 1
42 54 1
42 63 1
42 68 1
42 83 1
42 90 1
42 99 1
42 101 1
42 126 1
42 131 1
42 141 1
42 148 1
42 159 1
42 160 1
42 166 1
42 169 1
43 56 1
43 61 1
43 75 1
43 78 1
43 88 1
43 98 1
43 104 1
43 110 1
43 116 1
43 131 1
43 136 1
43 137 1
43 146 1
43 152 1
43 153 1
43 164 1
44 45 1
44 58 1
44 60 1
44 61 1
44 65 1
44 66 1
44 67 1
44 69 1
44 70 1
44 76 1
44 84 1
44 95 1
44 96 1
44 106 1
44 111 1
44 114 1
44 115 1
44 119 1
44 121 1
44 131 1
44 135 1
44 140 1
44 152 1
45 50 1
45 66 1
45 68 1
45 72 1
45 85 1
45 89 1
45 99 1
45 100 1
45 109 1
45 134 1
45 137 1
45 165 1
45 168 1
46 48 1
46 52 1
46 54 1
46 56 1
46 59 1
46 65 1
46 67 1
46 69 1
46 74 1
46 78 1
46 87 1
46 105 1
46 124 1
46 138 1
46 154 1
46 162 1
46 167 1
47 51 1
47 53 1
47 54 1
47 70 1
47 78 1
47 79 1
47 82 1
47 87 1
47 90 1
47 94 1
47 100 1
47 107 1
47 113 1
47 114 1
47 124 1
47 134 1
47 135 1
47 163 1
47 167 1
48 49 1
48 69 1
48 70 1
48 72 1
48 73 1
48 81 1
48 93 1
48 109 1
48 114 1
48 128 1
48 146 1
48 148 1
48 151 1
48 158 1
48 161 1
48 162 1
48 165 1
49 52 1
49 55 1
49 67 1
49 70 1
49 71 1
49 72 1
49 81 1
49 85 1
49 90 1
49 100 1
49 105 1
49 106 1
49 108 1
49 113 1
49 121 1
49 122 1
49 139 1
49 143 1
49 145 1
49 156 1
49 160 1
50 63 1
50 65 1
50 67 1
50 69 1
50 75 1
50 85 1
50 86 1
50 106 1
50 115 1
50 140 1
50 149 1
51 53 1
51 62 1
51 64 1
51 78 1
51 87 1
51 90 1
51 100 1
51 105 1
51 113 1
51 120 1
51 136 1
52 74 1
52 88 1
52 106 1
52 126 1
52 141 1
52 149 1
52 156 1
52 166 1
52 169 1
53 55 1
53 60 1
53 66 1
53 93 1
53 113 1
53 115 1
53 118 1
53 128 1
53 139 1
53 168 1
54 60 1
54 75 1
54 85 1
54 97 1
54 99 1
54 104 1
54 126 1
54 136 1
54 138 1
54 141 1
55 64 1
55 71 1
55 81 1
55 82 1
55 99 1
55 107 1
55 108 1
55 115 1
55 117 1
55 124 1
55 130 1
55 147 1
55 149 1
55 155 1
55 164 1
55 166 1
55 168 1
56 61 1
56 66 1
56 78 1
56 79 1
56 85 1
56 94 1
56 95 1
56 100 1
56 106 1
56 148 1
56 151 1
56 159 1
56 169 1
57 62 1
57 86 1
57 106 1
57 109 1
57 112 1
57 129 1
57 141 1
57 143 1
57 154 1
57 158 1
58 61 1
58 65 1
58 68 1
58 75 1
58 77 1
58 80 1
58 89 1
58 94 1
58 101 1
58 102 1
58 104 1
58 130 1
58 134 1
58 156 1
58 163 1
58 166 1
58 169 1
59 60 1
59 68 1
59 76 1
59 79 1
59 111 1
59 148 1
59 157 1
59 158 1
60 83 1
60 111 1
60 122 1
60 131 1
60 145 1
60 156 1
60 161 1
60 163 1
61 62 1
61 71 1
61 91 1
61 94 1
61 105 1
61 118 1
61 140 1
61 149 1
61 165 1
61 167 1
62 76 1
62 82 1
62 103 1
62 104 1
62 109 1
62 110 1
62 116 1
62 126 1
62 135 1
62 139 1
62 154 1
62 160 1
62 164 1
62 165 1
63 65 1
63 70 1
63 80 1
63 86 1
63 88 1
63 95 1
63 97 1
63 110 1
63 111 1
63 117 1
63 123 1
63 126 1
63 168 1
63 169 1
64 71 1
64 93 1
64 95 1
64 97 1
64 106 1
64 107 1
64 118 1
64 125 1
64 153 1
64 164 1
64 167 1
65 72 1
65 76 1
65 87 1
65 89 1
65 90 1
65 100 1
65 115 1
65 116 1
65 117 1
65 118 1
65 128 1
65 150 1
66 77 1
66 80 1
66 81 1
66 93 1
66 94 1
66 103 1
66 105 1
66 109 1
66 122 1
66 128 1
66 129 1
66 134 1
66 136 1
66 140 1
66 142 1
66 144 1
66 153 1
67 82 1
67 85 1
67 90 1
67 105 1
67 116 1
67 125 1
67 132 1
67 140 1
67 149 1
67 151 1
67 152 1
67 166 1
68 77 1
68 79 1
68 82 1
68 87 1
68 97 1
68 103 1
68 105 1
68 112 1
68 116 1
68 145 1
68 148 1
68 151 1
68 156 1
68 162 1
68 163 1
69 107 1
69 113 1
69 118 1
69 128 1
69 132 1
69 148 1
69 150 1
69 156 1
69 165 1
70 82 1
70 96 1
70 102 1
70 138 1
70 145 1
70 159 1
70 165 1
71 80 1
71 81 1
71 96 1
71 102 1
71 116 1
71 117 1
71 128 1
71 144 1
72 75 1
72 76 1
72 91 1
72 100 1
72 105 1
72 111 1
72 118 1
72 124 1
72 134 1
72 140 1
72 141 1
72 144 1
72 146 1
72 156 1
72 160 1
72 168 1
73 86 1
73 92 1
73 99 1
73 120 1
73 123 1
73 127 1
73 143 1
73 149 1
73 164 1
73 166 1
74 75 1
74 91 1
74 98 1
74 112 1
74 113 1
74 115 1
74 120 1
74 123 1
74 125 1
74 134 1
74 136 1
74 141 1
74 143 1
74 148 1
74 149 1
74 155 1
75 88 1
75 103 1
75 125 1
75 136 1
75 139 1
75 141 1
75 152 1
75 153 1
76 100 1
76 102 1
76 116 1
76 119 1
76 122 1
76 137 1
76 143 1
76 144 1
76 146 1
76 148 1
77 81 1
77 93 1
77 94 1
77 108 1
77 111 1
77 117 1
77 118 1
77 119 1
77 122 1
77 141 1
78 107 1
78 146 1
78 153 1
78 155 1
78 159 1
78 166 1
79 101 1
79 119 1
79 121 1
79 139 1
79 158 1
79 165 1
80 83 1
80 85 1
80 104 1
80 107 1
80 110 1
80 113 1
80 117 1
80 120 1
80 123 1
80 124 1
80 130 1
80 133 1
80 157 1
80 166 1
80 167 1
81 84 1
81 95 1
81 112 1
81 113 1
81 121 1
81 123 1
81 131 1
81 138 1
81 154 1
81 165 1
81 167 1
81 169 1
82 93 1
82 101 1
82 104 1
82 114 1
82 135 1
82 147 1
82 149 1
82 151 1
82 158 1
82 159 1
82 161 1
82 165 1
83 84 1
83 85 1
83 96 1
83 107 1
83 115 1
83 126 1
83 138 1
83 142 1
83 148 1
84 87 1
84 89 1
84 91 1
84 109 1
84 113 1
84 116 1
84 118 1
84 124 1
84 125 1
84 136 1
84 138 1
84 143 1
84 159 1
84 160 1
84 164 1
84 167 1
84 168 1
85 105 1
85 110 1
85 116 1
85 119 1
85 141 1
85 163 1
86 87 1
86 92 1
86 94 1
86 96 1
86 124 1
86 127 1
86 128 1
86 146 1
86 147 1
86 153 1
86 158 1
87 112 1
87 122 1
87 126 1
87 134 1
87 139 1
87 148 1
87 149 1
87 151 1
87 153 1
87 159 1
88 113 1
88 115 1
88 140 1
88 141 1
88 157 1
88 160 1
89 128 1
89 129 1
89 142 1
90 109 1
90 119 1
90 132 1
90 141 1
90 142 1
90 143 1
90 166 1
91 96 1
91 104 1
91 106 1
91 108 1
91 115 1
91 120 1
91 122 1
91 142 1
91 151 1
91 158 1
91 159 1
92 100 1
92 106 1
92 108 1
92 117 1
92 132 1
92 137 1
92 141 1
92 142 1
92 145 1
92 168 1
93 99 1
93 108 1
93 113 1
93 126 1
93 142 1
93 144 1
93 147 1
93 157 1
93 158 1
93 164 1
93 167 1
94 103 1
94 113 1
94 131 1
94 141 1
94 146 1
94 169 1
95 114 1
95 116 1
95 122 1
95 125 1
95 136 1
95 151 1
95 159 1
95 164 1
95 167 1
96 110 1
96 112 1
96 117 1
96 119 1
96 124 1
96 125 1
96 127 1
96 129 1
96 151 1
96 155 1
96 159 1
96 161 1
96 166 1
97 110 1
97 111 1
97 113 1
97 120 1
97 124 1
97 127 1
97 131 1
97 132 1
97 139 1
97 140 1
97 141 1
97 143 1
97 144 1
97 147 1
97 148 1
97 155 1
97 158 1
97 161 1
97 167 1
98 122 1
98 126 1
98 130 1
98 135 1
98 136 1
98 137 1
98 147 1
98 148 1
98 162 1
99 107 1
99 117 1
99 120 1
99 123 1
99 134 1
99 157 1
99 164 1
100 118 1
100 119 1
100 120 1
100 151 1
100 154 1
101 106 1
101 124 1
101 144 1
101 146 1
101 152 1
101 161 1
102 108 1
102 119 1
102 126 1
102 138 1
102 153 1
102 163 1
102 165 1
102 166 1
103 114 1
103 116 1
103 117 1
103 125 1
103 134 1
103 138 1
103 148 1
103 166 1
103 167 1
104 118 1
104 122 1
104 130 1
104 136 1
104 141 1
104 152 1
104 157 1
104 158 1
104 162 1
105 112 1
105 113 1
105 116 1
105 118 1
105 120 1
105 127 1
105 134 1
105 145 1
105 155 1
105 158 1
105 164 1
105 169 1
106 107 1
106 109 1
106 123 1
106 125 1
106 127 1
107 119 1
107 125 1
107 131 1
107 134 1
107 154 1
107 156 1
107 168 1
108 113 1
108 122 1
108 123 1
108 124 1
108 140 1
108 141 1
108 142 1
108 144 1
108 168 1
108 169 1
109 115 1
109 127 1
109 134 1
109 150 1
109 154 1
110 117 1
110 125 1
110 143 1
110 149 1
110 153 1
111 113 1
111 114 1
111 116 1
111 118 1
111 136 1
111 137 1
111 141 1
111 148 1
111 154 1
111 165 1
112 122 1
112 144 1
112 150 1
112 161 1
113 132 1
113 137 1
113 139 1
113 140 1
113 142 1
113 162 1
114 139 1
114 148 1
115 119 1
115 120 1
115 122 1
115 125 1
115 153 1
115 155 1
115 157 1
115 162 1
115 165 1
116 119 1
116 126 1
116 127 1
116 130 1
116 132 1
116 150 1
116 155 1
116 157 1
116 160 1
116 161 1
116 164 1
117 119 1
117 125 1
117 126 1
117 127 1
117 139 1
117 140 1
117 148 1
117 154 1
117 167 1
117 169 1
118 123 1
118 125 1
118 127 1
118 130 1
118 137 1
118 146 1
118 148 1
118 155 1
118 166 1
118 167 1
119 132 1
119 143 1
119 147 1
119 159 1
119 169 1
120 123 1
120 145 1
120 158 1
121 126 1
121 135 1
121 138 1
121 155 1
121 159 1
121 167 1
122 134 1
122 135 1
122 156 1
122 157 1
122 158 1
122 164 1
122 167 1
123 134 1
123 151 1
123 163 1
123 166 1
123 169 1
124 125 1
124 145 1
124 156 1
124 164 1
125 128 1
125 141 1
126 127 1
126 134 1
126 151 1
126 167 1
126 169 1
127 132 1
127 135 1
127 139 1
127 146 1
127 148 1
127 157 1
127 167 1
128 133 1
128 146 1
128 147 1
128 165 1
129 131 1
129 137 1
129 142 1
129 156 1
129 167 1
130 135 1
130 143 1
131 135 1
131 154 1
132 144 1
132 157 1
132 161 1
132 164 1
133 158 1
133 159 1
133 168 1
135 146 1
135 167 1
135 169 1
136 138 1
136 141 1
136 143 1
136 150 1
136 158 1
137 156 1
137 158 1
137 168 1
138 150 1
139 145 1
140 148 1
140 151 1
140 163 1
140 165 1
141 143 1
141 145 1
141 146 1
141 152 1
141 153 1
141 164 1
141 166 1
142 152 1
142 156 1
142 158 1
142 161 1
142 163 1
142 164 1
143 147 1
143 162 1
144 151 1
144 154 1
144 160 1
145 163 1
146 162 1
147 161 1
148 154 1
148 156 1
148 167 1
148 169 1
149 150 1
149 153 1
150 152 1
150 156 1
150 163 1
151 158 1
151 161 1
151 164 1
151 169 1
152 165 1
153 154 1
153 156 1
154 162 1
154 165 1
155 159 1
156 161 1
156 165 1
158 159 1
158 168 1
159 167 1
160 163 1
160 164 1
160 167 1
161 163 1
161 164 1
161 168 1
162 166 1
165 166 1
166 169 1
1
31 124 154 79 132 143 110 24 159 128 90 7 130 20 75 138 77
