270
0 1 1
0 3 1
0 5 1
0 9 1
0 10 1
0 11 1
0 12 1
0 16 1
0 18 1
0 19 1
0 22 1
0 24 1
0 25 1
0 28 1
0 29 1
0 33 1
1 2 1
1 3 1
1 4 1
1 6 1
1 10 1
1 11 1
1 13 1
1 15 1
1 16 1
1 19 1
1 20 1
1 21 1
1 24 1
1 28 1
1 29 1
1 30 1
1 33 1
1 38 1
1 39 1
2 6 1
2 7 1
2 10 1
2 19 1
2 20 1
2 21 1
2 22 1
2 26 1
2 35 1
2 36 1
2 38 1
3 10 1
3 11 1
3 12 1
3 14 1
3 24 1
3 28 1
3 29 1
3 30 1
3 31 1
3 34 1
3 35 1
3 39 1
4 5 1
4 12 1
4 14 1
4 16 1
4 24 1
4 25 1
4 28 1
4 30 1
4 31 1
4 33 1
4 35 1
4 36 1
5 12 1
5 16 1
5 17 1
5 23 1
5 25 1
5 27 1
5 32 1
5 33 1
5 36 1
5 37 1
6 8 1
6 9 1
6 10 1
6 12 1
6 15 1
6 21 1
6 26 1
6 36 1
6 37 1
7 8 1
7 12 1
7 17 1
7 19 1
7 20 1
7 23 1
7 26 1
7 33 1
7 34 1
7 35 1
7 36 1
7 37 1
7 39 1
8 12 1
8 17 1
8 22 1
8 27 1
8 35 1
8 36 1
9 13 1
9 16 1
9 18 1
9 21 1
9 23 1
9 24 1
9 35 1
9 36 1
9 37 1
9 38 1
9 39 1
10 13 1
10 14 1
10 18 1
10 20 1
10 23 1
10 24 1
10 25 1
10 26 1
10 29 1
10 33 1
10 37 1
10 38 1
11 16 1
11 22 1
11 28 1
11 32 1
11 33 1
11 37 1
11 38 1
12 16 1
12 19 1
12 25 1
12 27 1
12 29 1
12 35 1
13 17 1
13 24 1
13 26 1
13 29 1
13 32 1
13 36 1
13 37 1
13 38 1
13 39 1
14 15 1
14 18 1
14 21 1
14 27 1
14 30 1
14 32 1
14 35 1
14 36 1
15 16 1
15 19 1
15 20 1
15 23 1
15 25 1
15 29 1
15 31 1
15 32 1
15 35 1
15 36 1
15 37 1
15 39 1
16 18 1
16 21 1
16 24 1
16 25 1
16 26 1
16 27 1
16 31 1
16 35 1
16 37 1
16 38 1
16 39 1
17 20 1
17 21 1
17 22 1
17 23 1
17 27 1
17 28 1
17 29 1
17 30 1
17 31 1
17 35 1
18 35 1
18 36 1
18 39 1
19 32 1
19 34 1
19 36 1
20 21 1
20 23 1
20 25 1
20 32 1
20 37 1
20 38 1
21 28 1
21 29 1
21 32 1
21 34 1
21 38 1
22 23 1
22 25 1
22 27 1
22 28 1
22 32 1
22 33 1
22 38 1
22 39 1
23 24 1
23 28 1
23 32 1
23 34 1
23 35 1
23 36 1
23 37 1
24 25 1
24 26 1
24 27 1
24 30 1
24 31 1
25 27 1
25 28 1
25 31 1
25 32 1
25 34 1
25 37 1
25 39 1
26 35 1
26 37 1
27 30 1
27 34 1
27 35 1
27 39 1
28 29 1
28 32 1
28 33 1
28 34 1
28 35 1
28 36 1
28 39 1
29 30 1
29 34 1
29 35 1
29 38 1
31 32 1
31 34 1
32 34 1
32 36 1
33 34 1
33 36 1
33 38 1
33 39 1
34 38 1
35 36 1
35 38 1
36 37 1
36 38 1
37 39 1
38 39 1
1
28 12 10 29
