1636
0 4 1
0 14 1
0 15 1
0 21 1
0 24 1
0 33 1
0 47 1
0 50 1
0 60 1
0 71 1
0 76 1
0 85 1
0 87 1
0 93 1
0 97 1
0 118 1
0 121 1
0 128 1
0 138 1
0 143 1
0 146 1
0 151 1
1 5 1
1 6 1
1 7 1
1 9 1
1 25 1
1 38 1
1 44 1
1 48 1
1 49 1
1 50 1
1 55 1
1 60 1
1 67 1
1 72 1
1 77 1
1 79 1
1 86 1
1 89 1
1 101 1
1 109 1
1 137 1
1 138 1
1 143 1
1 154 1
2 3 1
2 10 1
2 11 1
2 27 1
2 38 1
2 40 1
2 61 1
2 68 1
2 76 1
2 80 1
2 81 1
2 84 1
2 100 1
2 101 1
2 106 1
2 110 1
2 115 1
2 125 1
2 127 1
2 133 1
2 136 1
2 137 1
2 141 1
2 144 1
2 151 1
2 153 1
3 6 1
3 7 1
3 18 1
3 21 1
3 32 1
3 34 1
3 36 1
3 37 1
3 45 1
3 51 1
3 54 1
3 55 1
3 61 1
3 68 1
3 76 1
3 91 1
3 93 1
3 102 1
3 110 1
3 113 1
3 117 1
3 118 1
3 128 1
3 131 1
3 142 1
3 147 1
4 5 1
4 6 1
4 15 1
4 42 1
4 48 1
4 49 1
4 50 1
4 52 1
4 66 1
4 71 1
4 74 1
4 80 1
4 83 1
4 87 1
4 93 1
4 94 1
4 98 1
4 100 1
4 117 1
4 126 1
5 18 1
5 21 1
5 31 1
5 37 1
5 40 1
5 42 1
5 48 1
5 67 1
5 74 1
5 77 1
5 97 1
5 100 1
5 104 1
5 110 1
5 119 1
5 124 1
5 145 1
5 149 1
5 154 1
6 8 1
6 25 1
6 50 1
6 52 1
6 54 1
6 56 1
6 60 1
6 62 1
6 65 1
6 69 1
6 75 1
6 77 1
6 78 1
6 80 1
6 83 1
6 88 1
6 91 1
6 105 1
6 132 1
6 136 1
6 140 1
6 151 1
6 154 1
6 159 1
7 51 1
7 52 1
7 102 1
7 129 1
7 138 1
7 139 1
7 142 1
7 145 1
7 150 1
7 151 1
8 13 1
8 16 1
8 27 1
8 28 1
8 30 1
8 38 1
8 39 1
8 58 1
8 60 1
8 64 1
8 71 1
8 74 1
8 101 1
8 112 1
8 134 1
8 135 1
8 139 1
8 140 1
8 148 1
8 149 1
8 157 1
9 14 1
9 16 1
9 27 1
9 28 1
9 33 1
9 34 1
9 35 1
9 36 1
9 43 1
9 49 1
9 75 1
9 77 1
9 82 1
9 88 1
9 94 1
9 109 1
9 113 1
9 148 1
9 155 1
9 158 1
9 159 1
10 11 1
10 14 1
10 20 1
10 29 1
10 31 1
10 36 1
10 37 1
10 43 1
10 44 1
10 58 1
10 62 1
10 65 1
10 66 1
10 94 1
10 97 1
10 99 1
10 103 1
10 111 1
10 127 1
10 130 1
10 132 1
10 133 1
10 156 1
11 12 1
11 47 1
11 62 1
11 63 1
11 66 1
11 69 1
11 84 1
11 97 1
11 99 1
11 109 1
11 111 1
11 113 1
11 115 1
11 149 1
12 20 1
12 24 1
12 46 1
12 49 1
12 65 1
12 83 1
12 92 1
12 112 1
12 129 1
12 159 1
13 15 1
13 25 1
13 27 1
13 28 1
13 31 1
13 48 1
13 50 1
13 71 1
13 73 1
13 88 1
13 90 1
13 95 1
13 128 1
13 132 1
13 146 1
13 156 1
14 15 1
14 18 1
14 25 1
14 47 1
14 70 1
14 82 1
14 84 1
14 89 1
14 94 1
14 95 1
14 118 1
14 119 1
14 150 1
14 159 1
15 23 1
15 26 1
15 27 1
15 36 1
15 37 1
15 40 1
15 41 1
15 68 1
15 91 1
15 100 1
15 110 1
15 113 1
15 123 1
15 139 1
15 141 1
15 146 1
15 151 1
15 154 1
15 159 1
16 34 1
16 36 1
16 50 1
16 51 1
16 53 1
16 60 1
16 61 1
16 71 1
16 84 1
16 85 1
16 93 1
16 94 1
16 99 1
16 102 1
16 117 1
16 137 1
16 143 1
16 146 1
17 25 1
17 30 1
17 40 1
17 56 1
17 63 1
17 70 1
17 104 1
17 110 1
17 114 1
17 119 1
17 121 1
17 124 1
17 156 1
17 158 1
18 24 1
18 27 1
18 43 1
18 44 1
18 51 1
18 85 1
18 89 1
18 90 1
18 137 1
18 143 1
19 22 1
19 27 1
19 32 1
19 33 1
19 37 1
19 40 1
19 50 1
19 55 1
19 56 1
19 60 1
19 79 1
19 81 1
19 86 1
19 91 1
19 95 1
19 107 1
19 113 1
19 121 1
19 136 1
19 142 1
19 146 1
19 148 1
19 153 1
19 154 1
20 27 1
20 33 1
20 46 1
20 47 1
20 56 1
20 62 1
20 120 1
20 122 1
20 134 1
20 149 1
20 158 1
20 159 1
21 27 1
21 31 1
21 34 1
21 73 1
21 85 1
21 116 1
21 120 1
21 126 1
21 130 1
21 131 1
21 141 1
22 35 1
22 49 1
22 65 1
22 70 1
22 84 1
22 96 1
22 97 1
22 110 1
22 111 1
22 112 1
22 114 1
22 115 1
22 127 1
22 138 1
22 139 1
22 149 1
22 153 1
23 24 1
23 39 1
23 43 1
23 47 1
23 54 1
23 56 1
23 65 1
23 74 1
23 75 1
23 85 1
23 90 1
23 103 1
23 126 1
23 130 1
23 140 1
23 151 1
24 26 1
24 32 1
24 37 1
24 43 1
24 45 1
24 51 1
24 52 1
24 69 1
24 79 1
24 85 1
24 92 1
24 93 1
24 117 1
24 123 1
24 126 1
24 144 1
25 37 1
25 58 1
25 60 1
25 67 1
25 71 1
25 73 1
25 76 1
25 78 1
25 82 1
25 85 1
25 89 1
25 90 1
25 94 1
25 97 1
25 117 1
25 130 1
25 133 1
25 141 1
25 145 1
26 28 1
26 42 1
26 58 1
26 72 1
26 78 1
26 87 1
26 102 1
26 119 1
26 122 1
26 131 1
26 133 1
26 134 1
26 136 1
26 146 1
26 158 1
26 159 1
27 51 1
27 55 1
27 57 1
27 62 1
27 74 1
27 94 1
27 95 1
27 98 1
27 106 1
27 107 1
27 115 1
27 119 1
27 127 1
27 130 1
27 132 1
27 134 1
27 141 1
27 142 1
27 150 1
27 153 1
27 158 1
28 57 1
28 64 1
28 67 1
28 68 1
28 69 1
28 75 1
28 99 1
28 124 1
28 125 1
28 128 1
28 136 1
28 141 1
28 148 1
29 38 1
29 45 1
29 47 1
29 50 1
29 66 1
29 90 1
29 95 1
29 100 1
29 103 1
29 105 1
29 111 1
29 115 1
29 116 1
29 117 1
29 118 1
29 119 1
29 133 1
29 138 1
29 145 1
29 148 1
30 41 1
30 42 1
30 48 1
30 61 1
30 87 1
30 96 1
30 106 1
30 116 1
30 125 1
30 127 1
30 130 1
30 132 1
30 133 1
30 139 1
30 147 1
30 154 1
30 156 1
30 157 1
30 158 1
31 32 1
31 53 1
31 63 1
31 69 1
31 81 1
31 89 1
31 93 1
31 99 1
31 114 1
31 127 1
31 134 1
31 139 1
31 144 1
31 145 1
31 155 1
32 33 1
32 50 1
32 62 1
32 70 1
32 72 1
32 74 1
32 76 1
32 88 1
32 90 1
32 96 1
32 105 1
32 113 1
32 121 1
32 133 1
32 135 1
33 34 1
33 38 1
33 41 1
33 49 1
33 69 1
33 82 1
33 98 1
33 99 1
33 133 1
33 136 1
33 137 1
33 143 1
33 147 1
33 151 1
33 156 1
34 38 1
34 44 1
34 49 1
34 51 1
34 58 1
34 72 1
34 77 1
34 89 1
34 97 1
34 107 1
34 108 1
34 118 1
34 124 1
34 135 1
34 138 1
34 143 1
34 154 1
35 43 1
35 47 1
35 53 1
35 54 1
35 63 1
35 95 1
35 103 1
35 126 1
35 130 1
35 132 1
35 145 1
35 152 1
35 158 1
36 45 1
36 59 1
36 81 1
36 89 1
36 92 1
36 97 1
36 114 1
36 128 1
36 136 1
36 151 1
36 157 1
37 45 1
37 50 1
37 54 1
37 56 1
37 57 1
37 63 1
37 65 1
37 70 1
37 82 1
37 85 1
37 116 1
37 123 1
37 127 1
37 128 1
37 141 1
37 142 1
37 149 1
38 41 1
38 45 1
38 46 1
38 47 1
38 58 1
38 73 1
38 77 1
38 85 1
38 91 1
38 105 1
38 108 1
38 112 1
38 113 1
38 114 1
38 115 1
38 118 1
38 124 1
38 139 1
38 140 1
39 47 1
39 59 1
39 78 1
39 79 1
39 85 1
39 87 1
39 105 1
39 116 1
39 123 1
39 124 1
39 136 1
39 139 1
39 141 1
39 145 1
39 146 1
39 157 1
40 43 1
40 56 1
40 74 1
40 93 1
40 106 1
40 114 1
40 125 1
40 130 1
40 134 1
40 142 1
40 155 1
41 61 1
41 67 1
41 76 1
41 89 1
41 94 1
41 97 1
41 98 1
41 110 1
41 115 1
41 130 1
41 139 1
41 148 1
41 149 1
41 152 1
41 154 1
41 156 1
41 158 1
41 159 1
42 45 1
42 47 1
42 57 1
42 69 1
42 78 1
42 85 1
42 86 1
42 97 1
42 115 1
42 121 1
42 129 1
42 132 1
42 135 1
42 150 1
42 155 1
43 56 1
43 62 1
43 63 1
43 67 1
43 68 1
43 83 1
43 84 1
43 92 1
43 97 1
43 109 1
43 110 1
43 117 1
43 122 1
43 125 1
43 130 1
43 135 1
43 140 1
43 150 1
43 153 1
43 156 1
43 157 1
43 158 1
44 102 1
44 105 1
44 125 1
44 127 1
44 133 1
45 52 1
45 58 1
45 60 1
45 67 1
45 81 1
45 82 1
45 99 1
45 120 1
45 135 1
45 140 1
45 145 1
45 154 1
46 49 1
46 57 1
46 80 1
46 83 1
46 87 1
46 89 1
46 91 1
46 99 1
46 100 1
46 106 1
46 114 1
46 116 1
46 119 1
46 120 1
46 124 1
46 129 1
46 130 1
46 131 1
46 132 1
46 147 1
46 158 1
46 159 1
47 49 1
47 55 1
47 59 1
47 122 1
47 124 1
47 135 1
47 148 1
47 150 1
48 63 1
48 67 1
48 68 1
48 72 1
48 73 1
48 80 1
48 94 1
48 102 1
48 108 1
48 109 1
48 110 1
48 126 1
48 146 1
48 153 1
48 154 1
48 157 1
49 52 1
49 57 1
49 60 1
49 65 1
49 67 1
49 90 1
49 100 1
49 107 1
49 110 1
49 113 1
49 117 1
49 139 1
49 141 1
49 142 1
49 145 1
49 146 1
49 150 1
49 153 1
50 66 1
50 67 1
50 74 1
50 90 1
50 96 1
50 99 1
50 100 1
50 102 1
50 103 1
50 110 1
50 113 1
50 125 1
50 132 1
50 140 1
50 142 1
51 58 1
51 68 1
51 72 1
51 78 1
51 81 1
51 113 1
51 116 1
51 121 1
51 129 1
51 137 1
51 147 1
51 148 1
51 153 1
51 158 1
52 55 1
52 65 1
52 75 1
52 85 1
52 96 1
52 107 1
52 110 1
52 113 1
52 130 1
52 133 1
52 140 1
52 143 1
52 155 1
52 157 1
53 65 1
53 69 1
53 72 1
53 74 1
53 78 1
53 89 1
53 96 1
53 98 1
53 100 1
53 108 1
53 120 1
53 143 1
53 147 1
53 150 1
53 155 1
54 69 1
54 75 1
54 78 1
54 95 1
54 109 1
54 123 1
55 73 1
55 75 1
55 77 1
55 88 1
55 101 1
55 111 1
55 148 1
56 66 1
56 74 1
56 77 1
56 80 1
56 81 1
56 85 1
56 98 1
56 105 1
56 113 1
56 120 1
56 124 1
56 128 1
56 129 1
56 132 1
56 138 1
56 150 1
56 157 1
56 158 1
57 58 1
57 60 1
57 62 1
57 63 1
57 72 1
57 76 1
57 78 1
57 82 1
57 93 1
57 97 1
57 101 1
57 103 1
57 104 1
57 113 1
57 116 1
57 126 1
57 129 1
57 134 1
57 140 1
57 142 1
57 145 1
58 71 1
58 74 1
58 88 1
58 97 1
58 102 1
58 111 1
58 117 1
58 122 1
58 128 1
58 134 1
58 141 1
58 154 1
59 63 1
59 67 1
59 79 1
59 80 1
59 89 1
59 90 1
59 92 1
59 95 1
59 102 1
59 105 1
59 108 1
59 113 1
59 117 1
59 119 1
59 120 1
59 126 1
59 139 1
59 148 1
60 61 1
60 62 1
60 71 1
60 73 1
60 77 1
60 83 1
60 86 1
60 96 1
60 97 1
60 98 1
60 102 1
60 106 1
60 115 1
60 116 1
60 120 1
60 123 1
60 127 1
60 137 1
60 141 1
60 143 1
61 63 1
61 66 1
61 67 1
61 68 1
61 69 1
61 84 1
61 106 1
61 141 1
61 151 1
61 158 1
62 65 1
62 67 1
62 71 1
62 86 1
62 94 1
62 96 1
62 108 1
62 116 1
62 117 1
62 120 1
62 126 1
62 134 1
62 137 1
62 142 1
62 154 1
63 81 1
63 85 1
63 95 1
63 96 1
63 99 1
63 100 1
63 102 1
63 106 1
63 117 1
63 129 1
63 133 1
63 135 1
63 140 1
63 142 1
63 146 1
63 155 1
64 70 1
64 76 1
64 81 1
64 82 1
64 83 1
64 86 1
64 93 1
64 100 1
64 102 1
64 111 1
64 113 1
64 122 1
64 123 1
64 128 1
64 133 1
64 134 1
64 139 1
64 143 1
64 157 1
65 70 1
65 82 1
65 114 1
65 123 1
65 135 1
65 137 1
65 145 1
65 146 1
65 156 1
66 73 1
66 99 1
66 111 1
66 126 1
66 134 1
66 135 1
66 139 1
66 144 1
66 148 1
66 150 1
66 157 1
66 158 1
67 72 1
67 75 1
67 76 1
67 77 1
67 81 1
67 87 1
67 88 1
67 92 1
67 93 1
67 94 1
67 112 1
67 114 1
67 123 1
67 126 1
67 132 1
67 153 1
67 158 1
68 70 1
68 76 1
68 80 1
68 81 1
68 88 1
68 94 1
68 96 1
68 102 1
68 107 1
68 109 1
68 116 1
68 122 1
68 127 1
68 128 1
68 130 1
68 135 1
68 154 1
69 88 1
69 90 1
69 98 1
69 102 1
69 103 1
69 106 1
69 109 1
69 114 1
69 115 1
69 117 1
69 144 1
70 77 1
70 97 1
70 108 1
70 109 1
70 119 1
70 122 1
70 124 1
70 125 1
70 128 1
70 132 1
70 136 1
70 137 1
70 146 1
70 147 1
70 150 1
71 73 1
71 78 1
71 83 1
71 88 1
71 91 1
71 93 1
71 94 1
71 109 1
71 139 1
71 140 1
71 148 1
71 150 1
71 159 1
72 83 1
72 84 1
72 86 1
72 120 1
72 126 1
72 128 1
72 137 1
72 144 1
72 153 1
72 154 1
73 74 1
73 81 1
73 85 1
73 96 1
73 103 1
73 123 1
73 125 1
73 140 1
73 141 1
73 142 1
73 150 1
74 75 1
74 78 1
74 80 1
74 82 1
74 117 1
74 132 1
74 143 1
74 149 1
74 151 1
74 154 1
75 94 1
75 110 1
75 114 1
75 118 1
75 120 1
75 128 1
75 136 1
75 142 1
75 143 1
75 146 1
75 159 1
76 92 1
76 96 1
76 124 1
76 129 1
76 142 1
76 143 1
76 152 1
76 155 1
76 157 1
77 83 1
77 85 1
77 94 1
77 97 1
77 118 1
77 125 1
77 134 1
77 155 1
77 156 1
78 83 1
78 85 1
78 88 1
78 95 1
78 106 1
78 116 1
78 124 1
78 131 1
78 135 1
78 150 1
79 81 1
79 94 1
79 111 1
79 125 1
80 84 1
80 92 1
80 94 1
80 106 1
80 109 1
80 110 1
80 117 1
80 118 1
80 119 1
80 121 1
80 123 1
80 127 1
80 128 1
80 130 1
80 141 1
80 143 1
80 157 1
80 158 1
81 92 1
81 93 1
81 101 1
81 109 1
81 112 1
81 114 1
81 123 1
81 128 1
81 133 1
81 134 1
81 144 1
82 89 1
82 90 1
82 94 1
82 95 1
82 97 1
82 101 1
82 102 1
82 108 1
82 117 1
82 118 1
82 121 1
82 127 1
82 132 1
82 137 1
83 95 1
83 105 1
83 108 1
83 116 1
83 121 1
83 146 1
83 149 1
83 154 1
83 156 1
83 157 1
84 101 1
84 104 1
84 106 1
84 116 1
84 119 1
84 120 1
84 126 1
84 139 1
84 155 1
84 157 1
85 106 1
85 114 1
85 126 1
85 152 1
85 155 1
85 157 1
85 159 1
86 87 1
86 89 1
86 98 1
86 103 1
86 104 1
86 111 1
86 115 1
86 122 1
86 127 1
86 129 1
86 130 1
86 148 1
86 152 1
87 96 1
87 99 1
87 102 1
87 114 1
87 124 1
87 132 1
87 133 1
87 134 1
87 140 1
87 146 1
87 151 1
88 92 1
88 95 1
88 97 1
88 98 1
88 99 1
88 104 1
88 123 1
88 124 1
88 132 1
88 142 1
88 150 1
88 153 1
88 159 1
89 93 1
89 98 1
89 101 1
89 102 1
89 103 1
89 122 1
89 135 1
89 138 1
89 145 1
89 146 1
89 155 1
89 158 1
90 93 1
90 94 1
90 110 1
90 111 1
90 123 1
90 128 1
90 130 1
90 138 1
90 140 1
90 142 1
90 151 1
91 94 1
91 98 1
91 108 1
91 123 1
91 130 1
91 131 1
91 143 1
91 146 1
91 153 1
91 155 1
92 96 1
92 105 1
92 112 1
92 113 1
92 114 1
92 126 1
92 129 1
92 140 1
92 143 1
92 149 1
93 94 1
93 97 1
93 102 1
93 122 1
93 123 1
93 126 1
93 130 1
93 133 1
93 143 1
93 145 1
93 153 1
94 96 1
94 103 1
94 107 1
94 114 1
94 117 1
94 118 1
94 119 1
94 120 1
94 136 1
94 145 1
94 147 1
94 148 1
94 149 1
95 99 1
95 110 1
95 119 1
95 135 1
95 158 1
96 113 1
96 120 1
96 123 1
96 124 1
96 132 1
96 156 1
97 108 1
97 124 1
97 125 1
97 131 1
97 138 1
97 151 1
98 102 1
98 104 1
98 105 1
98 106 1
98 122 1
98 143 1
98 147 1
98 155 1
99 123 1
99 134 1
99 150 1
100 118 1
100 138 1
101 111 1
101 120 1
101 134 1
101 154 1
102 105 1
102 106 1
102 111 1
102 121 1
102 153 1
102 155 1
103 113 1
103 118 1
103 123 1
103 131 1
103 133 1
103 136 1
103 141 1
103 144 1
103 147 1
103 152 1
103 157 1
104 106 1
104 109 1
104 119 1
104 148 1
104 153 1
104 155 1
104 158 1
105 109 1
105 110 1
105 115 1
105 116 1
105 122 1
105 126 1
105 129 1
105 130 1
105 132 1
106 117 1
106 118 1
106 127 1
106 131 1
106 143 1
106 145 1
106 148 1
106 151 1
106 152 1
106 156 1
107 108 1
107 128 1
107 129 1
107 139 1
107 154 1
107 158 1
107 159 1
108 112 1
108 119 1
108 145 1
108 154 1
108 155 1
109 116 1
109 132 1
109 142 1
109 150 1
109 151 1
110 120 1
110 124 1
110 138 1
110 141 1
110 142 1
110 152 1
110 154 1
111 118 1
111 131 1
111 139 1
111 148 1
111 155 1
112 114 1
112 121 1
112 132 1
112 140 1
112 142 1
112 143 1
112 144 1
112 150 1
112 154 1
112 155 1
112 156 1
113 135 1
113 147 1
113 148 1
114 116 1
114 135 1
114 142 1
114 148 1
114 150 1
114 159 1
115 117 1
115 126 1
115 129 1
115 139 1
115 153 1
115 157 1
116 126 1
116 135 1
116 137 1
116 143 1
116 145 1
116 149 1
117 124 1
117 129 1
117 149 1
118 124 1
118 127 1
118 134 1
118 142 1
119 121 1
119 123 1
119 125 1
119 133 1
119 136 1
119 144 1
119 148 1
120 121 1
120 128 1
120 131 1
120 138 1
120 157 1
121 122 1
121 129 1
121 155 1
122 134 1
122 136 1
122 156 1
123 130 1
123 132 1
123 145 1
123 151 1
124 133 1
124 145 1
124 147 1
125 135 1
125 157 1
126 127 1
126 130 1
126 159 1
127 147 1
127 155 1
127 158 1
128 139 1
128 144 1
128 155 1
128 156 1
129 130 1
129 137 1
129 147 1
129 150 1
129 152 1
130 132 1
130 133 1
130 134 1
130 135 1
130 142 1
130 157 1
130 159 1
131 135 1
131 141 1
132 153 1
132 154 1
133 141 1
133 153 1
134 136 1
134 156 1
135 137 1
135 140 1
135 141 1
135 149 1
136 155 1
136 156 1
137 139 1
137 159 1
139 144 1
140 145 1
140 152 1
140 153 1
141 143 1
141 147 1
142 158 1
143 148 1
143 158 1
144 153 1
145 147 1
146 153 1
148 154 1
149 151 1
149 152 1
149 154 1
150 152 1
151 153 1
151 157 1
151 158 1
151 159 1
153 155 1
153 158 1
158 159 1
1
143 151 135 131 60 72 101 58 130 140 20 133 34 103 156 48
