1743
0 1 1
0 36 1
0 39 1
0 42 1
0 52 1
0 56 1
0 57 1
0 67 1
0 82 1
0 84 1
0 86 1
0 87 1
0 88 1
0 95 1
0 97 1
0 103 1
0 109 1
0 116 1
0 126 1
0 133 1
1 39 1
1 50 1
1 70 1
1 82 1
1 113 1
1 120 1
1 124 1
1 143 1
1 159 1
2 19 1
2 23 1
2 25 1
2 28 1
2 41 1
2 57 1
2 65 1
2 70 1
2 107 1
2 127 1
2 146 1
2 159 1
3 5 1
3 6 1
3 8 1
3 23 1
3 37 1
3 50 1
3 59 1
3 69 1
3 76 1
3 88 1
3 93 1
3 95 1
3 97 1
3 102 1
3 112 1
3 113 1
3 118 1
3 128 1
3 135 1
3 142 1
3 152 1
3 163 1
3 169 1
4 26 1
4 29 1
4 30 1
4 42 1
4 47 1
4 51 1
4 69 1
4 73 1
4 75 1
4 85 1
4 92 1
4 103 1
4 113 1
4 126 1
4 127 1
4 129 1
4 132 1
4 140 1
4 141 1
4 152 1
5 9 1
5 17 1
5 21 1
5 25 1
5 39 1
5 45 1
5 53 1
5 61 1
5 81 1
5 102 1
5 111 1
5 124 1
5 160 1
5 164 1
6 18 1
6 22 1
6 25 1
6 32 1
6 48 1
6 57 1
6 65 1
6 67 1
6 74 1
6 80 1
6 105 1
6 112 1
6 124 1
6 126 1
6 130 1
6 142 1
6 143 1
6 155 1
6 156 1
7 18 1
7 21 1
7 24 1
7 28 1
7 34 1
7 36 1
7 37 1
7 44 1
7 46 1
7 55 1
7 57 1
7 58 1
7 64 1
7 73 1
7 74 1
7 78 1
7 94 1
7 101 1
7 102 1
7 103 1
7 118 1
7 138 1
7 144 1
7 145 1
7 152 1
7 154 1
7 159 1
7 163 1
7 168 1
8 11 1
8 26 1
8 37 1
8 58 1
8 75 1
8 78 1
8 86 1
8 102 1
8 135 1
8 137 1
8 138 1
8 151 1
8 156 1
8 161 1
8 163 1
8 167 1
8 168 1
9 19 1
9 20 1
9 35 1
9 40 1
9 52 1
9 57 1
9 58 1
9 72 1
9 78 1
9 79 1
9 80 1
9 101 1
9 104 1
9 121 1
9 122 1
9 134 1
9 140 1
9 142 1
9 143 1
9 144 1
9 149 1
9 150 1
9 161 1
10 32 1
10 35 1
10 39 1
10 54 1
10 58 1
10 66 1
10 67 1
10 72 1
10 73 1
10 74 1
10 75 1
10 84 1
10 105 1
10 111 1
10 115 1
10 117 1
10 128 1
10 130 1
10 132 1
10 135 1
10 152 1
10 154 1
10 159 1
11 20 1
11 33 1
11 46 1
11 59 1
11 63 1
11 69 1
11 70 1
11 78 1
11 81 1
11 91 1
11 106 1
11 110 1
11 114 1
11 146 1
11 148 1
11 152 1
11 158 1
11 169 1
12 13 1
12 21 1
12 27 1
12 50 1
12 67 1
12 95 1
12 107 1
12 109 1
12 112 1
12 118 1
12 155 1
12 159 1
13 14 1
13 19 1
13 22 1
13 25 1
13 47 1
13 59 1
13 76 1
13 98 1
13 118 1
13 122 1
13 133 1
13 165 1
14 19 1
14 25 1
14 27 1
14 34 1
14 41 1
14 56 1
14 60 1
14 64 1
14 72 1
14 76 1
14 77 1
14 83 1
14 87 1
14 91 1
14 97 1
14 100 1
14 104 1
14 118 1
14 120 1
14 122 1
14 130 1
14 132 1
14 143 1
15 21 1
15 23 1
15 27 1
15 28 1
15 34 1
15 36 1
15 37 1
15 40 1
15 51 1
15 60 1
15 62 1
15 66 1
15 67 1
15 76 1
15 87 1
15 89 1
15 97 1
15 106 1
15 120 1
15 131 1
15 147 1
15 149 1
15 151 1
16 26 1
16 32 1
16 34 1
16 36 1
16 40 1
16 46 1
16 62 1
16 69 1
16 70 1
16 77 1
16 80 1
16 92 1
16 101 1
16 107 1
16 115 1
16 117 1
16 118 1
16 120 1
16 129 1
16 136 1
16 145 1
16 152 1
17 22 1
17 64 1
17 70 1
17 71 1
17 78 1
17 79 1
17 82 1
17 91 1
17 94 1
17 104 1
17 110 1
17 139 1
17 153 1
17 157 1
18 26 1
18 39 1
18 53 1
18 54 1
18 55 1
18 59 1
18 61 1
18 69 1
18 77 1
18 90 1
18 94 1
18 95 1
18 96 1
18 98 1
18 103 1
18 110 1
18 124 1
18 129 1
18 141 1
18 154 1
18 165 1
19 20 1
19 28 1
19 36 1
19 38 1
19 46 1
19 52 1
19 71 1
19 76 1
19 116 1
19 119 1
19 125 1
19 126 1
19 138 1
19 142 1
19 149 1
19 160 1
19 162 1
20 26 1
20 27 1
20 33 1
20 48 1
20 53 1
20 56 1
20 57 1
20 59 1
20 78 1
20 82 1
20 93 1
20 117 1
20 119 1
20 125 1
20 127 1
20 140 1
20 143 1
20 156 1
20 158 1
21 27 1
21 56 1
21 60 1
21 77 1
21 80 1
21 81 1
21 91 1
21 93 1
21 97 1
21 99 1
21 105 1
21 110 1
21 112 1
21 113 1
21 128 1
21 134 1
21 144 1
21 150 1
21 154 1
21 159 1
22 23 1
22 29 1
22 35 1
22 40 1
22 45 1
22 53 1
22 59 1
22 61 1
22 64 1
22 67 1
22 71 1
22 79 1
22 93 1
22 95 1
22 104 1
22 105 1
22 115 1
22 119 1
22 136 1
22 152 1
22 165 1
22 167 1
23 53 1
23 59 1
23 63 1
23 67 1
23 81 1
23 82 1
23 89 1
23 92 1
23 99 1
23 106 1
23 113 1
23 115 1
23 116 1
23 118 1
23 119 1
23 132 1
23 133 1
23 147 1
23 157 1
23 159 1
23 163 1
24 47 1
24 49 1
24 56 1
24 61 1
24 65 1
24 70 1
24 73 1
24 77 1
24 95 1
24 99 1
24 100 1
24 101 1
24 106 1
24 109 1
24 113 1
24 126 1
24 128 1
24 133 1
24 139 1
24 143 1
24 147 1
24 150 1
24 156 1
24 160 1
24 163 1
24 164 1
24 169 1
25 26 1
25 32 1
25 42 1
25 52 1
25 60 1
25 69 1
25 76 1
25 88 1
25 92 1
25 99 1
25 104 1
25 109 1
25 113 1
25 119 1
25 120 1
25 122 1
25 126 1
25 138 1
25 152 1
25 156 1
26 40 1
26 44 1
26 62 1
26 75 1
26 83 1
26 85 1
26 93 1
26 106 1
26 109 1
26 134 1
26 164 1
26 167 1
27 60 1
27 65 1
27 75 1
27 79 1
27 86 1
27 92 1
27 99 1
27 109 1
27 113 1
27 141 1
27 145 1
27 155 1
28 58 1
28 61 1
28 66 1
28 94 1
28 107 1
28 111 1
28 132 1
28 144 1
28 145 1
28 149 1
28 161 1
28 164 1
29 37 1
29 49 1
29 66 1
29 72 1
29 88 1
29 89 1
29 102 1
29 110 1
29 118 1
29 119 1
29 126 1
29 144 1
29 157 1
29 158 1
29 159 1
29 164 1
30 38 1
30 56 1
30 59 1
30 79 1
30 85 1
30 93 1
30 106 1
30 109 1
30 111 1
30 114 1
30 120 1
30 139 1
30 143 1
30 147 1
30 152 1
31 44 1
31 67 1
31 100 1
31 116 1
31 118 1
31 127 1
31 149 1
31 150 1
31 151 1
31 157 1
31 159 1
31 162 1
31 163 1
31 168 1
32 35 1
32 40 1
32 41 1
32 57 1
32 58 1
32 59 1
32 60 1
32 61 1
32 74 1
32 77 1
32 85 1
32 91 1
32 93 1
32 95 1
32 116 1
32 117 1
32 121 1
32 157 1
32 167 1
32 169 1
33 36 1
33 38 1
33 44 1
33 50 1
33 51 1
33 80 1
33 99 1
33 113 1
33 125 1
33 130 1
33 138 1
33 146 1
33 147 1
33 150 1
33 153 1
33 161 1
33 167 1
33 168 1
33 169 1
34 35 1
34 47 1
34 57 1
34 83 1
34 87 1
34 91 1
34 92 1
34 93 1
34 95 1
34 99 1
34 100 1
34 101 1
34 104 1
34 111 1
34 113 1
34 120 1
34 122 1
34 132 1
34 134 1
34 137 1
34 138 1
34 139 1
34 148 1
34 157 1
34 168 1
35 46 1
35 54 1
35 73 1
35 79 1
35 95 1
35 127 1
35 128 1
35 132 1
35 136 1
35 154 1
35 157 1
35 163 1
35 168 1
36 46 1
36 48 1
36 51 1
36 56 1
36 57 1
36 59 1
36 66 1
36 73 1
36 76 1
36 77 1
36 83 1
36 85 1
36 97 1
36 102 1
36 110 1
36 116 1
36 122 1
36 124 1
36 132 1
36 143 1
36 149 1
36 150 1
36 155 1
36 159 1
37 64 1
37 66 1
37 70 1
37 78 1
37 86 1
37 90 1
37 92 1
37 95 1
37 96 1
37 99 1
37 106 1
37 131 1
37 133 1
37 144 1
37 146 1
37 147 1
38 47 1
38 68 1
38 72 1
38 83 1
38 109 1
38 118 1
38 132 1
38 142 1
38 152 1
38 153 1
39 47 1
39 52 1
39 55 1
39 58 1
39 60 1
39 66 1
39 69 1
39 81 1
39 104 1
39 114 1
39 118 1
39 119 1
39 123 1
39 127 1
39 133 1
39 134 1
39 139 1
39 145 1
39 156 1
40 50 1
40 56 1
40 67 1
40 70 1
40 79 1
40 83 1
40 86 1
40 97 1
40 101 1
40 111 1
40 112 1
40 120 1
40 148 1
40 163 1
40 169 1
41 44 1
41 45 1
41 66 1
41 71 1
41 72 1
41 76 1
41 77 1
41 78 1
41 81 1
41 105 1
41 114 1
41 122 1
41 123 1
41 130 1
41 148 1
41 168 1
42 47 1
42 54 1
42 58 1
42 59 1
42 61 1
42 71 1
42 72 1
42 85 1
42 122 1
42 125 1
42 126 1
42 132 1
42 134 1
42 137 1
42 142 1
42 159 1
43 49 1
43 59 1
43 69 1
43 76 1
43 80 1
43 83 1
43 85 1
43 86 1
43 98 1
43 107 1
43 112 1
43 117 1
43 123 1
43 132 1
43 140 1
43 141 1
43 147 1
44 46 1
44 53 1
44 64 1
44 75 1
44 76 1
44 89 1
44 109 1
44 112 1
44 123 1
44 125 1
44 127 1
44 141 1
44 143 1
44 145 1
44 151 1
44 157 1
44 163 1
44 164 1
44 169 1
45 47 1
45 66 1
45 72 1
45 75 1
45 79 1
45 90 1
45 91 1
45 96 1
45 103 1
45 114 1
45 122 1
45 131 1
45 136 1
45 148 1
45 153 1
45 165 1
45 166 1
45 169 1
46 52 1
46 54 1
46 59 1
46 61 1
46 90 1
46 106 1
46 112 1
46 128 1
46 136 1
46 138 1
47 58 1
47 70 1
47 83 1
47 98 1
47 102 1
47 107 1
47 116 1
47 122 1
47 125 1
47 127 1
47 131 1
47 133 1
47 146 1
47 155 1
47 158 1
47 160 1
47 162 1
47 167 1
48 68 1
48 74 1
48 82 1
48 89 1
48 92 1
48 99 1
48 107 1
48 115 1
48 123 1
48 125 1
48 132 1
48 143 1
48 146 1
48 150 1
48 157 1
48 166 1
49 80 1
49 84 1
49 90 1
49 91 1
49 103 1
49 118 1
49 119 1
49 128 1
49 151 1
49 154 1
49 169 1
50 58 1
50 61 1
50 62 1
50 67 1
50 74 1
50 76 1
50 80 1
50 95 1
50 97 1
50 104 1
50 109 1
50 128 1
50 137 1
50 138 1
50 150 1
50 151 1
50 162 1
50 168 1
50 169 1
51 52 1
51 55 1
51 57 1
51 63 1
51 92 1
51 122 1
51 131 1
51 147 1
51 155 1
51 158 1
51 162 1
51 169 1
52 53 1
52 58 1
52 64 1
52 65 1
52 66 1
52 69 1
52 73 1
52 83 1
52 85 1
52 88 1
52 114 1
52 158 1
53 56 1
53 75 1
53 83 1
53 87 1
53 95 1
53 96 1
53 102 1
53 106 1
53 108 1
53 115 1
53 116 1
53 117 1
53 128 1
53 143 1
54 55 1
54 56 1
54 57 1
54 59 1
54 64 1
54 67 1
54 68 1
54 79 1
54 92 1
54 95 1
54 100 1
54 107 1
54 112 1
54 123 1
54 128 1
54 131 1
54 144 1
54 145 1
54 152 1
54 157 1
54 158 1
55 61 1
55 66 1
55 71 1
55 94 1
55 99 1
55 103 1
55 125 1
55 126 1
55 129 1
55 130 1
55 131 1
55 139 1
55 141 1
55 146 1
55 148 1
55 161 1
55 162 1
56 57 1
56 58 1
56 62 1
56 77 1
56 80 1
56 86 1
56 88 1
56 91 1
56 94 1
56 96 1
56 99 1
56 113 1
56 115 1
56 138 1
56 142 1
56 150 1
57 80 1
57 82 1
57 85 1
57 86 1
57 97 1
57 102 1
57 113 1
57 120 1
57 123 1
57 125 1
57 134 1
57 138 1
57 140 1
57 154 1
58 64 1
58 79 1
58 87 1
58 93 1
58 98 1
58 104 1
58 105 1
58 125 1
58 126 1
58 128 1
58 129 1
58 131 1
58 140 1
58 144 1
58 149 1
58 157 1
58 164 1
59 68 1
59 73 1
59 84 1
59 90 1
59 93 1
59 95 1
59 107 1
59 109 1
59 118 1
59 134 1
59 141 1
59 142 1
59 148 1
59 149 1
59 152 1
59 154 1
60 81 1
60 92 1
60 104 1
60 114 1
60 128 1
60 133 1
60 143 1
60 150 1
60 154 1
60 166 1
60 167 1
61 67 1
61 74 1
61 84 1
61 93 1
61 112 1
61 127 1
61 130 1
61 132 1
61 138 1
61 159 1
61 166 1
62 66 1
62 67 1
62 77 1
62 80 1
62 87 1
62 92 1
62 120 1
62 134 1
62 142 1
62 145 1
62 151 1
62 157 1
62 159 1
62 162 1
63 74 1
63 87 1
63 109 1
63 118 1
63 146 1
63 147 1
63 148 1
63 152 1
63 154 1
63 158 1
63 168 1
63 169 1
64 68 1
64 81 1
64 82 1
64 85 1
64 106 1
64 123 1
64 129 1
64 135 1
64 151 1
64 153 1
64 159 1
64 161 1
65 68 1
65 82 1
65 102 1
65 127 1
65 130 1
65 133 1
65 135 1
65 136 1
65 148 1
65 155 1
65 166 1
66 68 1
66 70 1
66 72 1
66 77 1
66 101 1
66 112 1
66 113 1
66 122 1
66 125 1
66 126 1
66 127 1
66 144 1
66 147 1
66 148 1
66 153 1
66 155 1
66 160 1
66 166 1
67 85 1
67 101 1
67 110 1
67 111 1
67 115 1
67 148 1
67 150 1
67 160 1
67 164 1
68 72 1
68 83 1
68 89 1
68 102 1
68 104 1
68 114 1
68 115 1
68 117 1
68 118 1
68 120 1
68 121 1
68 139 1
68 146 1
68 168 1
68 169 1
69 79 1
69 81 1
69 89 1
69 114 1
69 127 1
69 133 1
69 142 1
69 145 1
69 150 1
69 152 1
69 153 1
69 164 1
69 166 1
69 167 1
70 71 1
70 74 1
70 105 1
70 109 1
70 125 1
70 126 1
70 142 1
70 151 1
70 153 1
71 79 1
71 81 1
71 87 1
71 94 1
71 146 1
71 152 1
71 155 1
71 158 1
71 167 1
72 77 1
72 80 1
72 83 1
72 86 1
72 92 1
72 93 1
72 104 1
72 113 1
72 115 1
72 119 1
73 87 1
73 90 1
73 107 1
73 119 1
73 124 1
73 125 1
73 128 1
73 129 1
73 131 1
73 134 1
73 137 1
73 168 1
74 86 1
74 105 1
74 128 1
74 139 1
74 156 1
74 164 1
75 85 1
75 100 1
75 103 1
75 109 1
75 115 1
75 118 1
75 132 1
75 135 1
75 141 1
75 142 1
75 148 1
75 150 1
76 77 1
76 84 1
76 87 1
76 89 1
76 98 1
76 104 1
76 108 1
76 112 1
76 117 1
76 119 1
76 141 1
76 147 1
76 148 1
76 151 1
76 159 1
76 163 1
76 164 1
77 83 1
77 87 1
77 91 1
77 98 1
77 103 1
77 131 1
77 133 1
77 144 1
77 147 1
77 149 1
77 166 1
77 168 1
78 83 1
78 96 1
78 100 1
78 114 1
78 118 1
78 123 1
78 130 1
78 143 1
78 144 1
78 145 1
78 146 1
78 148 1
78 157 1
78 159 1
78 167 1
79 81 1
79 82 1
79 85 1
79 87 1
79 91 1
79 94 1
79 95 1
79 101 1
79 104 1
79 132 1
79 134 1
79 138 1
79 148 1
79 155 1
79 159 1
79 165 1
80 82 1
80 83 1
80 87 1
80 94 1
80 127 1
80 156 1
80 163 1
81 83 1
81 91 1
81 99 1
81 100 1
81 107 1
81 121 1
81 124 1
81 126 1
81 132 1
81 141 1
81 152 1
81 163 1
82 92 1
82 94 1
82 102 1
82 107 1
82 114 1
82 116 1
82 123 1
82 142 1
82 160 1
83 115 1
83 116 1
83 118 1
83 119 1
83 123 1
83 139 1
83 151 1
83 152 1
83 161 1
84 95 1
84 97 1
84 103 1
84 107 1
84 111 1
84 115 1
84 127 1
84 142 1
84 149 1
84 169 1
85 93 1
85 97 1
85 108 1
85 118 1
85 121 1
85 125 1
85 146 1
85 147 1
85 150 1
86 87 1
86 90 1
86 111 1
86 112 1
86 120 1
86 128 1
86 142 1
86 145 1
86 151 1
87 88 1
87 103 1
87 115 1
87 117 1
87 118 1
87 119 1
87 125 1
87 131 1
87 133 1
87 154 1
87 159 1
87 168 1
88 94 1
88 96 1
88 101 1
88 112 1
88 116 1
88 117 1
88 124 1
88 127 1
88 133 1
88 144 1
88 147 1
88 158 1
88 161 1
89 96 1
89 115 1
89 121 1
89 124 1
89 152 1
89 153 1
89 157 1
89 162 1
90 99 1
90 111 1
90 112 1
90 127 1
90 136 1
90 162 1
91 94 1
91 100 1
91 107 1
91 128 1
91 132 1
91 142 1
91 157 1
91 162 1
91 169 1
92 95 1
92 97 1
92 104 1
92 107 1
92 129 1
93 135 1
93 140 1
93 152 1
93 153 1
94 95 1
94 112 1
94 113 1
94 114 1
94 116 1
94 118 1
94 122 1
94 126 1
94 129 1
94 140 1
94 142 1
94 150 1
94 155 1
94 161 1
94 166 1
95 112 1
95 127 1
95 128 1
95 141 1
95 142 1
95 146 1
95 148 1
95 159 1
96 118 1
96 119 1
96 125 1
96 128 1
96 130 1
96 139 1
96 161 1
97 98 1
97 114 1
97 149 1
97 165 1
98 100 1
98 105 1
98 109 1
98 111 1
98 135 1
98 151 1
98 154 1
98 168 1
98 169 1
99 100 1
99 103 1
99 111 1
99 113 1
99 123 1
99 124 1
99 134 1
99 135 1
99 140 1
99 160 1
99 165 1
100 110 1
100 119 1
100 126 1
100 129 1
100 132 1
100 137 1
100 144 1
100 163 1
101 112 1
101 123 1
101 124 1
101 125 1
101 136 1
101 139 1
101 141 1
101 142 1
101 143 1
101 154 1
101 165 1
102 114 1
102 122 1
102 128 1
102 139 1
102 160 1
102 167 1
102 169 1
103 104 1
103 108 1
103 113 1
103 124 1
103 125 1
103 148 1
103 149 1
103 154 1
103 156 1
103 158 1
103 162 1
104 115 1
104 119 1
104 145 1
104 152 1
104 157 1
104 160 1
104 168 1
105 122 1
105 129 1
105 136 1
105 146 1
105 147 1
105 154 1
105 156 1
105 163 1
105 168 1
106 110 1
106 115 1
106 135 1
106 147 1
106 163 1
106 165 1
107 108 1
107 112 1
107 138 1
107 162 1
107 165 1
108 111 1
108 114 1
108 118 1
108 122 1
108 124 1
108 126 1
108 149 1
108 158 1
108 167 1
109 114 1
109 124 1
109 131 1
109 160 1
110 116 1
110 119 1
110 138 1
110 140 1
110 155 1
110 163 1
111 112 1
111 114 1
111 122 1
111 130 1
111 137 1
111 143 1
111 151 1
111 156 1
111 167 1
111 168 1
112 115 1
112 124 1
112 131 1
112 138 1
112 143 1
112 145 1
112 148 1
113 133 1
113 152 1
113 163 1
113 165 1
114 127 1
114 130 1
114 143 1
114 151 1
114 161 1
115 125 1
115 141 1
115 147 1
115 164 1
116 133 1
116 140 1
116 142 1
116 149 1
116 157 1
116 165 1
117 119 1
117 120 1
117 150 1
117 151 1
117 164 1
118 129 1
118 136 1
118 146 1
118 153 1
118 157 1
118 160 1
118 162 1
118 166 1
119 131 1
119 132 1
119 135 1
119 140 1
119 158 1
119 162 1
120 125 1
120 127 1
120 133 1
120 166 1
121 122 1
121 123 1
121 135 1
121 137 1
121 141 1
121 146 1
121 156 1
121 158 1
121 159 1
121 168 1
121 169 1
122 124 1
122 129 1
122 130 1
122 140 1
122 157 1
123 143 1
123 167 1
124 150 1
124 152 1
125 131 1
125 143 1
125 161 1
125 163 1
125 165 1
126 127 1
126 133 1
126 139 1
126 145 1
126 148 1
126 153 1
126 165 1
127 129 1
127 136 1
127 153 1
127 154 1
127 159 1
127 162 1
127 167 1
127 168 1
128 133 1
128 141 1
128 149 1
129 134 1
130 134 1
130 138 1
130 143 1
130 146 1
130 154 1
131 137 1
131 144 1
131 156 1
131 161 1
131 169 1
132 139 1
132 167 1
133 137 1
133 141 1
133 146 1
133 151 1
133 155 1
133 167 1
134 138 1
134 142 1
134 150 1
134 158 1
134 164 1
135 136 1
135 140 1
135 144 1
135 146 1
135 168 1
136 142 1
136 150 1
136 158 1
136 168 1
137 153 1
137 166 1
138 139 1
138 151 1
138 155 1
138 166 1
139 142 1
139 152 1
139 157 1
139 159 1
140 147 1
140 166 1
141 152 1
141 169 1
142 146 1
142 156 1
143 144 1
143 151 1
143 163 1
144 153 1
144 157 1
144 167 1
145 155 1
145 158 1
145 161 1
145 162 1
146 148 1
146 155 1
146 160 1
146 164 1
146 168 1
147 152 1
147 153 1
148 162 1
148 163 1
149 152 1
149 155 1
149 156 1
149 166 1
150 155 1
150 159 1
150 164 1
151 157 1
151 167 1
151 168 1
152 153 1
152 155 1
152 156 1
152 158 1
152 160 1
152 166 1
153 157 1
154 160 1
154 164 1
155 160 1
155 163 1
156 158 1
158 160 1
159 162 1
160 161 1
160 162 1
161 165 1
163 169 1
1
15 42 61 20 62 112 155 89 143 83 28 59 107 139 67 57 19
