2115
0 21 1
0 26 1
0 45 1
0 67 1
0 71 1
0 89 1
0 90 1
0 91 1
0 112 1
0 166 1
0 170 1
0 172 1
0 182 1
0 188 1
0 195 1
1 26 1
1 28 1
1 29 1
1 38 1
1 60 1
1 62 1
1 68 1
1 96 1
1 113 1
1 120 1
1 122 1
1 127 1
1 128 1
1 138 1
1 144 1
1 150 1
1 174 1
1 178 1
1 192 1
1 193 1
2 5 1
2 8 1
2 21 1
2 34 1
2 37 1
2 49 1
2 56 1
2 59 1
2 65 1
2 79 1
2 105 1
2 109 1
2 119 1
2 123 1
2 130 1
2 141 1
2 152 1
2 153 1
2 173 1
2 177 1
2 198 1
3 4 1
3 16 1
3 35 1
3 37 1
3 40 1
3 41 1
3 42 1
3 45 1
3 55 1
3 61 1
3 65 1
3 81 1
3 87 1
3 97 1
3 104 1
3 108 1
3 125 1
3 138 1
3 161 1
3 162 1
3 178 1
3 183 1
3 190 1
3 193 1
4 8 1
4 17 1
4 31 1
4 34 1
4 43 1
4 52 1
4 75 1
4 96 1
4 106 1
4 115 1
4 150 1
4 153 1
4 156 1
4 177 1
4 178 1
4 198 1
5 9 1
5 13 1
5 21 1
5 32 1
5 56 1
5 61 1
5 64 1
5 88 1
5 91 1
5 96 1
5 100 1
5 119 1
5 124 1
5 138 1
5 147 1
5 151 1
5 155 1
5 164 1
5 165 1
5 170 1
5 171 1
5 176 1
5 195 1
6 30 1
6 32 1
6 48 1
6 51 1
6 59 1
6 62 1
6 64 1
6 71 1
6 99 1
6 102 1
6 105 1
6 111 1
6 135 1
6 145 1
6 150 1
6 160 1
6 176 1
6 191 1
7 18 1
7 27 1
7 36 1
7 44 1
7 81 1
7 83 1
7 88 1
7 92 1
7 95 1
7 109 1
7 118 1
7 135 1
7 158 1
7 163 1
7 171 1
7 175 1
7 183 1
7 187 1
7 188 1
8 10 1
8 24 1
8 43 1
8 53 1
8 55 1
8 74 1
8 86 1
8 105 1
8 111 1
8 122 1
8 126 1
8 131 1
8 136 1
8 142 1
8 180 1
8 182 1
8 189 1
8 191 1
8 195 1
9 11 1
9 14 1
9 15 1
9 17 1
9 18 1
9 29 1
9 37 1
9 39 1
9 82 1
9 85 1
9 91 1
9 95 1
9 103 1
9 109 1
9 110 1
9 117 1
9 150 1
9 155 1
9 168 1
9 171 1
9 175 1
9 180 1
9 182 1
9 184 1
9 191 1
10 11 1
10 17 1
10 37 1
10 38 1
10 41 1
10 54 1
10 56 1
10 84 1
10 92 1
10 98 1
10 104 1
10 106 1
10 124 1
10 144 1
10 155 1
10 160 1
10 161 1
10 177 1
10 182 1
10 185 1
10 191 1
10 193 1
10 197 1
11 40 1
11 55 1
11 62 1
11 66 1
11 69 1
11 70 1
11 74 1
11 75 1
11 106 1
11 114 1
11 118 1
11 142 1
11 145 1
11 160 1
11 163 1
11 167 1
11 168 1
11 170 1
11 182 1
11 192 1
11 197 1
12 67 1
12 81 1
12 89 1
12 93 1
12 95 1
12 106 1
12 113 1
12 137 1
12 154 1
12 157 1
12 163 1
12 168 1
12 171 1
12 175 1
12 183 1
13 16 1
13 17 1
13 19 1
13 25 1
13 28 1
13 54 1
13 62 1
13 68 1
13 69 1
13 76 1
13 78 1
13 92 1
13 96 1
13 99 1
13 107 1
13 124 1
13 127 1
13 148 1
13 157 1
13 160 1
13 166 1
13 178 1
13 184 1
13 187 1
13 188 1
13 199 1
14 20 1
14 29 1
14 33 1
14 36 1
14 39 1
14 43 1
14 50 1
14 57 1
14 58 1
14 67 1
14 75 1
14 90 1
14 146 1
14 152 1
14 170 1
14 188 1
14 195 1
15 33 1
15 39 1
15 68 1
15 83 1
15 108 1
15 122 1
15 136 1
16 26 1
16 34 1
16 36 1
16 44 1
16 47 1
16 50 1
16 55 1
16 58 1
16 64 1
16 70 1
16 75 1
16 79 1
16 84 1
16 96 1
16 97 1
16 98 1
16 107 1
16 109 1
16 118 1
16 121 1
16 123 1
16 127 1
16 128 1
16 136 1
16 141 1
16 148 1
16 152 1
16 161 1
16 173 1
17 28 1
17 38 1
17 70 1
17 88 1
17 96 1
17 111 1
17 130 1
17 133 1
17 148 1
17 149 1
17 159 1
17 164 1
17 183 1
18 30 1
18 34 1
18 81 1
18 83 1
18 85 1
18 93 1
18 110 1
18 158 1
18 161 1
18 162 1
18 170 1
18 186 1
18 190 1
18 191 1
19 31 1
19 34 1
19 52 1
19 60 1
19 71 1
19 81 1
19 89 1
19 98 1
19 107 1
19 113 1
19 117 1
19 122 1
19 132 1
19 134 1
19 138 1
19 144 1
19 170 1
19 192 1
19 193 1
20 21 1
20 40 1
20 47 1
20 56 1
20 58 1
20 61 1
20 63 1
20 70 1
20 75 1
20 84 1
20 90 1
20 91 1
20 92 1
20 108 1
20 110 1
20 115 1
20 121 1
20 123 1
20 129 1
20 137 1
20 139 1
20 142 1
20 147 1
20 164 1
20 187 1
20 188 1
20 193 1
21 25 1
21 28 1
21 29 1
21 37 1
21 38 1
21 48 1
21 54 1
21 66 1
21 84 1
21 93 1
21 97 1
21 119 1
21 123 1
21 144 1
21 147 1
21 152 1
21 162 1
21 180 1
21 188 1
21 194 1
22 31 1
22 37 1
22 42 1
22 47 1
22 50 1
22 53 1
22 56 1
22 58 1
22 69 1
22 84 1
22 101 1
22 114 1
22 121 1
22 133 1
22 138 1
22 143 1
22 150 1
22 167 1
22 173 1
22 176 1
23 30 1
23 32 1
23 37 1
23 39 1
23 45 1
23 49 1
23 76 1
23 78 1
23 96 1
23 121 1
23 131 1
23 140 1
23 141 1
23 146 1
23 152 1
23 155 1
23 158 1
23 195 1
24 38 1
24 54 1
24 56 1
24 77 1
24 79 1
24 81 1
24 89 1
24 101 1
24 132 1
24 150 1
24 154 1
24 157 1
24 158 1
24 171 1
24 188 1
24 191 1
25 52 1
25 68 1
25 104 1
25 120 1
25 141 1
25 159 1
25 161 1
25 162 1
25 163 1
25 165 1
25 182 1
25 199 1
26 36 1
26 38 1
26 39 1
26 40 1
26 42 1
26 47 1
26 51 1
26 83 1
26 85 1
26 89 1
26 108 1
26 119 1
26 120 1
26 126 1
26 127 1
26 131 1
26 132 1
26 138 1
26 140 1
26 155 1
26 161 1
26 186 1
26 193 1
27 70 1
27 78 1
27 79 1
27 81 1
27 84 1
27 91 1
27 93 1
27 98 1
27 99 1
27 114 1
27 124 1
27 125 1
27 141 1
27 146 1
27 158 1
27 164 1
27 166 1
27 172 1
27 197 1
28 31 1
28 39 1
28 49 1
28 61 1
28 72 1
28 90 1
28 99 1
28 101 1
28 110 1
28 118 1
28 129 1
28 152 1
28 154 1
28 164 1
28 171 1
28 173 1
28 188 1
28 192 1
29 44 1
29 63 1
29 64 1
29 86 1
29 92 1
29 96 1
29 101 1
29 102 1
29 113 1
29 114 1
29 123 1
29 130 1
29 147 1
29 149 1
29 154 1
29 162 1
29 177 1
29 180 1
29 189 1
30 49 1
30 56 1
30 62 1
30 71 1
30 85 1
30 90 1
30 98 1
30 119 1
30 123 1
30 124 1
30 130 1
30 146 1
30 157 1
30 159 1
30 164 1
30 168 1
30 172 1
30 173 1
30 175 1
31 40 1
31 48 1
31 71 1
31 73 1
31 74 1
31 79 1
31 81 1
31 93 1
31 97 1
31 108 1
31 132 1
31 138 1
31 146 1
31 159 1
31 162 1
31 187 1
32 34 1
32 36 1
32 72 1
32 79 1
32 84 1
32 106 1
32 108 1
32 117 1
32 122 1
32 130 1
32 137 1
32 140 1
32 142 1
32 143 1
32 151 1
32 154 1
32 164 1
32 166 1
32 168 1
32 185 1
32 189 1
32 193 1
33 34 1
33 56 1
33 59 1
33 74 1
33 82 1
33 87 1
33 104 1
33 115 1
33 131 1
33 135 1
33 148 1
33 149 1
33 150 1
33 152 1
33 163 1
33 166 1
33 177 1
33 179 1
33 188 1
34 43 1
34 48 1
34 72 1
34 79 1
34 100 1
34 101 1
34 105 1
34 139 1
34 148 1
34 158 1
34 167 1
34 168 1
34 180 1
34 187 1
34 194 1
35 46 1
35 56 1
35 64 1
35 85 1
35 89 1
35 108 1
35 113 1
35 120 1
35 122 1
35 141 1
35 168 1
35 176 1
35 192 1
35 193 1
36 41 1
36 49 1
36 51 1
36 63 1
36 75 1
36 85 1
36 90 1
36 100 1
36 111 1
36 112 1
36 120 1
36 126 1
36 131 1
36 133 1
36 142 1
36 171 1
36 177 1
36 190 1
37 56 1
37 80 1
37 87 1
37 92 1
37 137 1
37 158 1
37 161 1
37 164 1
37 170 1
37 176 1
37 192 1
38 46 1
38 59 1
38 73 1
38 74 1
38 76 1
38 82 1
38 83 1
38 88 1
38 92 1
38 102 1
38 106 1
38 109 1
38 123 1
38 129 1
38 147 1
38 151 1
38 157 1
38 160 1
38 162 1
38 176 1
38 187 1
38 195 1
39 47 1
39 51 1
39 56 1
39 60 1
39 73 1
39 81 1
39 88 1
39 90 1
39 111 1
39 119 1
39 142 1
39 159 1
39 162 1
39 170 1
39 181 1
39 191 1
39 199 1
40 43 1
40 60 1
40 62 1
40 74 1
40 88 1
40 90 1
40 92 1
40 97 1
40 105 1
40 113 1
40 118 1
40 139 1
40 148 1
40 153 1
40 155 1
40 159 1
40 174 1
40 182 1
40 188 1
40 193 1
41 44 1
41 45 1
41 52 1
41 76 1
41 92 1
41 120 1
41 150 1
41 161 1
41 166 1
41 176 1
41 189 1
41 195 1
42 50 1
42 52 1
42 67 1
42 81 1
42 84 1
42 92 1
42 93 1
42 95 1
42 100 1
42 108 1
42 112 1
42 126 1
42 131 1
42 132 1
42 133 1
42 136 1
42 142 1
42 151 1
42 156 1
42 162 1
42 165 1
42 191 1
43 57 1
43 59 1
43 61 1
43 71 1
43 73 1
43 84 1
43 90 1
43 93 1
43 94 1
43 97 1
43 101 1
43 110 1
43 119 1
43 139 1
43 160 1
43 167 1
43 170 1
43 196 1
44 67 1
44 69 1
44 70 1
44 83 1
44 101 1
44 115 1
44 135 1
44 137 1
44 140 1
44 148 1
44 155 1
44 170 1
44 171 1
44 176 1
44 181 1
44 188 1
44 189 1
45 48 1
45 53 1
45 54 1
45 60 1
45 66 1
45 71 1
45 72 1
45 84 1
45 86 1
45 87 1
45 97 1
45 98 1
45 102 1
45 127 1
45 131 1
45 140 1
45 146 1
45 148 1
45 177 1
45 195 1
46 50 1
46 56 1
46 60 1
46 64 1
46 73 1
46 79 1
46 88 1
46 94 1
46 95 1
46 105 1
46 107 1
46 109 1
46 125 1
46 147 1
46 148 1
46 179 1
46 185 1
47 84 1
47 92 1
47 96 1
47 105 1
47 116 1
47 125 1
47 128 1
47 135 1
47 144 1
47 150 1
47 152 1
47 153 1
47 155 1
47 158 1
47 159 1
47 160 1
47 176 1
47 179 1
47 181 1
47 195 1
48 51 1
48 52 1
48 65 1
48 67 1
48 73 1
48 76 1
48 86 1
48 99 1
48 104 1
48 109 1
48 112 1
48 118 1
48 125 1
48 127 1
48 128 1
48 130 1
48 139 1
48 142 1
48 145 1
48 147 1
48 156 1
48 157 1
48 158 1
48 165 1
48 175 1
48 199 1
49 59 1
49 84 1
49 90 1
49 94 1
49 104 1
49 108 1
49 114 1
49 116 1
49 119 1
49 120 1
49 131 1
49 132 1
49 138 1
49 162 1
49 165 1
49 170 1
49 181 1
49 187 1
50 61 1
50 64 1
50 85 1
50 90 1
50 96 1
50 105 1
50 106 1
50 109 1
50 114 1
50 115 1
50 116 1
50 141 1
50 145 1
50 146 1
50 165 1
50 176 1
50 192 1
51 52 1
51 54 1
51 87 1
51 101 1
51 112 1
51 118 1
51 154 1
51 167 1
51 168 1
51 182 1
51 183 1
51 188 1
51 190 1
51 194 1
52 61 1
52 65 1
52 76 1
52 82 1
52 90 1
52 91 1
52 99 1
52 104 1
52 112 1
52 130 1
52 149 1
52 150 1
52 153 1
52 155 1
52 186 1
52 187 1
53 58 1
53 70 1
53 85 1
53 90 1
53 99 1
53 103 1
53 117 1
53 123 1
53 152 1
53 168 1
53 189 1
53 197 1
54 56 1
54 58 1
54 72 1
54 94 1
54 117 1
54 118 1
54 120 1
54 125 1
54 131 1
54 138 1
54 145 1
54 162 1
55 58 1
55 59 1
55 61 1
55 62 1
55 67 1
55 82 1
55 99 1
55 113 1
55 114 1
55 122 1
55 123 1
55 131 1
55 144 1
55 146 1
55 161 1
55 174 1
55 197 1
56 79 1
56 88 1
56 100 1
56 103 1
56 115 1
56 123 1
56 135 1
56 136 1
56 149 1
56 157 1
56 171 1
56 178 1
56 183 1
56 193 1
57 71 1
57 82 1
57 95 1
57 113 1
57 115 1
57 122 1
57 148 1
57 153 1
57 163 1
57 166 1
57 171 1
57 177 1
57 195 1
58 66 1
58 84 1
58 93 1
58 100 1
58 101 1
58 110 1
58 111 1
58 113 1
58 149 1
58 151 1
58 157 1
58 161 1
58 163 1
58 179 1
59 77 1
59 82 1
59 98 1
59 103 1
59 109 1
59 123 1
59 125 1
59 126 1
59 132 1
59 150 1
59 151 1
59 153 1
59 158 1
59 173 1
59 185 1
59 186 1
59 190 1
60 61 1
60 66 1
60 88 1
60 108 1
60 109 1
60 116 1
60 128 1
60 140 1
60 156 1
60 161 1
60 171 1
60 177 1
60 181 1
60 198 1
60 199 1
61 63 1
61 71 1
61 79 1
61 88 1
61 96 1
61 127 1
61 128 1
61 129 1
61 146 1
61 152 1
61 172 1
61 175 1
61 177 1
61 186 1
62 75 1
62 77 1
62 98 1
62 129 1
62 151 1
62 153 1
62 158 1
62 160 1
62 176 1
62 180 1
62 181 1
62 192 1
63 92 1
63 94 1
63 96 1
63 109 1
63 114 1
63 120 1
63 137 1
63 138 1
63 148 1
63 164 1
63 166 1
63 171 1
63 181 1
63 196 1
64 66 1
64 72 1
64 89 1
64 117 1
64 144 1
64 165 1
64 171 1
64 186 1
64 190 1
65 79 1
65 84 1
65 86 1
65 95 1
65 112 1
65 115 1
65 125 1
65 134 1
65 169 1
65 171 1
65 172 1
65 188 1
66 71 1
66 72 1
66 80 1
66 81 1
66 88 1
66 90 1
66 97 1
66 101 1
66 116 1
66 127 1
66 131 1
66 182 1
67 72 1
67 74 1
67 76 1
67 82 1
67 85 1
67 104 1
67 109 1
67 115 1
67 117 1
67 119 1
67 123 1
67 131 1
67 146 1
67 154 1
67 170 1
67 178 1
67 183 1
67 185 1
67 194 1
67 199 1
68 79 1
68 87 1
68 88 1
68 101 1
68 140 1
68 169 1
68 176 1
68 187 1
68 199 1
69 78 1
69 96 1
69 107 1
69 139 1
69 146 1
69 156 1
69 178 1
70 77 1
70 84 1
70 87 1
70 91 1
70 97 1
70 105 1
70 108 1
70 114 1
70 118 1
70 134 1
70 135 1
70 152 1
70 153 1
70 171 1
70 177 1
70 183 1
70 184 1
70 187 1
70 195 1
70 198 1
71 82 1
71 83 1
71 151 1
71 153 1
71 160 1
71 165 1
71 179 1
71 188 1
71 199 1
72 75 1
72 81 1
72 92 1
72 104 1
72 136 1
72 153 1
72 155 1
72 159 1
72 172 1
72 173 1
72 176 1
72 193 1
73 82 1
73 83 1
73 98 1
73 100 1
73 106 1
73 107 1
73 126 1
73 130 1
73 149 1
73 158 1
73 164 1
73 187 1
73 193 1
74 85 1
74 95 1
74 104 1
74 109 1
74 111 1
74 112 1
74 114 1
74 133 1
74 134 1
74 138 1
74 141 1
74 155 1
74 158 1
74 160 1
74 166 1
74 174 1
74 194 1
75 88 1
75 92 1
75 98 1
75 114 1
75 129 1
75 138 1
75 139 1
75 144 1
75 153 1
75 154 1
75 165 1
75 168 1
75 182 1
75 186 1
75 192 1
76 88 1
76 89 1
76 91 1
76 92 1
76 99 1
76 116 1
76 120 1
76 123 1
76 124 1
76 130 1
76 132 1
76 145 1
76 153 1
76 159 1
76 177 1
76 183 1
76 184 1
76 187 1
76 190 1
76 196 1
77 104 1
77 109 1
77 129 1
77 138 1
77 152 1
77 156 1
77 167 1
77 175 1
77 192 1
78 93 1
78 103 1
78 110 1
78 111 1
78 127 1
78 150 1
78 151 1
78 161 1
78 176 1
78 180 1
78 193 1
79 90 1
79 103 1
79 111 1
79 123 1
79 126 1
79 128 1
79 161 1
79 180 1
79 187 1
79 192 1
79 194 1
80 135 1
80 140 1
80 146 1
80 147 1
80 156 1
80 157 1
80 175 1
80 194 1
80 198 1
81 121 1
81 130 1
81 133 1
81 159 1
81 164 1
81 165 1
81 176 1
82 87 1
82 94 1
82 97 1
82 129 1
82 137 1
82 154 1
82 161 1
82 189 1
82 194 1
82 195 1
83 91 1
83 94 1
83 112 1
83 139 1
83 144 1
83 184 1
84 110 1
84 122 1
84 128 1
84 132 1
84 140 1
84 156 1
84 176 1
84 185 1
84 188 1
84 192 1
85 94 1
85 95 1
85 96 1
85 98 1
85 108 1
85 117 1
85 119 1
85 120 1
85 122 1
85 125 1
85 129 1
85 132 1
85 156 1
85 196 1
86 93 1
86 98 1
86 103 1
86 125 1
86 148 1
86 158 1
86 178 1
86 179 1
86 192 1
86 193 1
87 101 1
87 102 1
87 105 1
87 109 1
87 111 1
87 117 1
87 118 1
87 128 1
87 131 1
87 132 1
87 141 1
87 144 1
87 151 1
87 154 1
87 158 1
87 160 1
87 167 1
87 172 1
87 191 1
87 193 1
88 95 1
88 99 1
88 109 1
88 116 1
88 135 1
88 142 1
88 149 1
88 161 1
88 174 1
88 191 1
88 192 1
88 195 1
89 92 1
89 103 1
89 107 1
89 111 1
89 113 1
89 128 1
89 129 1
89 146 1
89 156 1
89 166 1
89 170 1
89 191 1
90 99 1
90 101 1
90 103 1
90 116 1
90 117 1
90 139 1
90 141 1
90 148 1
90 153 1
90 154 1
90 156 1
90 157 1
90 173 1
90 183 1
91 99 1
91 101 1
91 104 1
91 114 1
91 118 1
91 130 1
91 143 1
91 145 1
91 172 1
91 181 1
91 186 1
91 191 1
92 101 1
92 117 1
92 118 1
92 124 1
92 128 1
92 129 1
92 141 1
92 145 1
92 158 1
92 166 1
92 171 1
92 178 1
92 182 1
92 191 1
92 193 1
93 106 1
93 116 1
93 126 1
93 130 1
93 136 1
93 144 1
93 153 1
93 179 1
93 186 1
93 195 1
94 99 1
94 120 1
94 133 1
94 138 1
94 173 1
94 187 1
94 191 1
95 97 1
95 108 1
95 147 1
95 149 1
95 151 1
95 157 1
95 182 1
95 183 1
95 198 1
96 111 1
96 114 1
96 115 1
96 118 1
96 120 1
96 124 1
96 127 1
96 135 1
96 149 1
96 163 1
96 170 1
96 187 1
96 199 1
97 101 1
97 111 1
97 116 1
97 137 1
97 144 1
97 159 1
97 187 1
98 102 1
98 113 1
98 116 1
98 124 1
98 139 1
98 154 1
98 155 1
98 159 1
98 161 1
98 162 1
98 177 1
98 181 1
98 183 1
98 192 1
99 102 1
99 109 1
99 118 1
99 149 1
99 152 1
99 163 1
99 186 1
99 189 1
100 105 1
100 113 1
100 115 1
100 134 1
100 135 1
100 136 1
100 148 1
100 149 1
100 153 1
100 186 1
100 189 1
100 191 1
100 194 1
100 197 1
101 121 1
101 132 1
101 153 1
101 157 1
101 166 1
101 168 1
101 172 1
101 173 1
101 174 1
101 178 1
101 186 1
101 187 1
101 194 1
102 106 1
102 116 1
102 129 1
102 135 1
102 138 1
102 165 1
102 191 1
102 198 1
103 113 1
103 128 1
103 131 1
103 136 1
103 138 1
103 141 1
103 155 1
103 165 1
103 168 1
103 178 1
103 181 1
104 106 1
104 127 1
104 128 1
104 143 1
104 150 1
104 172 1
104 174 1
104 182 1
104 183 1
104 187 1
104 193 1
105 110 1
105 148 1
105 178 1
105 179 1
106 108 1
106 114 1
106 117 1
106 118 1
106 140 1
106 148 1
106 151 1
106 155 1
106 157 1
106 170 1
106 171 1
106 192 1
107 116 1
107 119 1
107 120 1
107 130 1
107 131 1
107 132 1
107 140 1
107 155 1
107 170 1
107 173 1
107 178 1
107 187 1
107 194 1
108 116 1
108 120 1
108 140 1
108 149 1
108 152 1
108 166 1
108 172 1
108 174 1
108 185 1
109 110 1
109 124 1
109 127 1
109 136 1
109 137 1
109 142 1
109 145 1
109 149 1
109 151 1
110 118 1
110 120 1
110 130 1
110 145 1
110 146 1
110 168 1
110 184 1
110 187 1
111 147 1
111 157 1
111 166 1
111 167 1
111 176 1
111 178 1
111 179 1
111 181 1
111 182 1
111 184 1
111 190 1
111 199 1
112 137 1
112 141 1
112 150 1
112 165 1
112 186 1
112 198 1
113 137 1
113 142 1
113 149 1
113 162 1
113 181 1
113 185 1
113 199 1
114 124 1
114 129 1
114 132 1
114 137 1
114 138 1
114 142 1
114 149 1
114 151 1
114 187 1
114 191 1
114 198 1
114 199 1
115 137 1
115 145 1
115 150 1
115 155 1
115 173 1
115 182 1
116 118 1
116 120 1
116 121 1
116 129 1
116 134 1
116 139 1
116 148 1
116 149 1
116 170 1
116 174 1
116 177 1
116 180 1
116 195 1
117 121 1
117 122 1
117 136 1
117 172 1
117 185 1
117 188 1
117 192 1
117 196 1
118 122 1
118 136 1
118 155 1
118 157 1
118 173 1
118 174 1
118 176 1
118 185 1
119 125 1
119 149 1
119 150 1
119 152 1
119 167 1
119 171 1
119 174 1
119 179 1
119 184 1
119 192 1
120 130 1
120 197 1
121 122 1
121 129 1
121 145 1
121 149 1
121 153 1
121 158 1
121 163 1
121 169 1
121 185 1
121 191 1
121 197 1
122 134 1
122 142 1
122 151 1
122 156 1
122 165 1
122 196 1
123 135 1
123 189 1
124 134 1
124 151 1
124 170 1
124 171 1
124 173 1
124 174 1
124 191 1
125 137 1
125 160 1
125 162 1
125 168 1
125 189 1
125 190 1
126 129 1
126 132 1
126 139 1
126 141 1
126 166 1
126 186 1
126 198 1
127 139 1
127 140 1
127 142 1
127 145 1
127 175 1
127 178 1
127 181 1
127 192 1
128 132 1
128 144 1
128 154 1
128 162 1
128 183 1
129 134 1
129 154 1
129 161 1
129 167 1
129 180 1
129 188 1
130 139 1
130 153 1
130 168 1
130 177 1
130 179 1
131 176 1
131 199 1
132 133 1
132 136 1
132 138 1
132 140 1
132 153 1
132 164 1
132 171 1
132 179 1
132 188 1
133 137 1
133 167 1
133 168 1
133 173 1
133 176 1
133 179 1
133 183 1
133 186 1
133 190 1
133 191 1
133 192 1
133 195 1
134 143 1
134 153 1
134 159 1
134 178 1
134 181 1
134 184 1
134 197 1
135 142 1
135 151 1
135 152 1
135 153 1
135 154 1
135 160 1
135 163 1
135 164 1
135 170 1
135 171 1
135 178 1
135 179 1
135 181 1
135 182 1
135 186 1
135 187 1
135 192 1
135 195 1
135 197 1
136 138 1
136 155 1
136 156 1
136 158 1
136 166 1
136 167 1
136 172 1
136 176 1
136 181 1
136 184 1
136 192 1
136 193 1
137 138 1
137 146 1
137 151 1
137 168 1
137 188 1
138 140 1
138 148 1
138 154 1
138 160 1
138 171 1
138 174 1
139 168 1
139 170 1
139 186 1
140 141 1
140 156 1
140 161 1
140 162 1
140 176 1
140 179 1
140 181 1
140 183 1
140 193 1
140 197 1
141 146 1
141 177 1
141 182 1
142 150 1
142 159 1
142 173 1
142 190 1
142 192 1
143 144 1
143 146 1
143 148 1
143 153 1
143 156 1
143 157 1
143 161 1
143 164 1
143 170 1
143 174 1
143 181 1
143 182 1
143 187 1
143 188 1
143 190 1
143 193 1
143 199 1
144 149 1
144 167 1
144 181 1
145 159 1
145 168 1
145 182 1
145 199 1
146 147 1
146 176 1
146 178 1
146 180 1
146 183 1
146 185 1
147 149 1
147 161 1
147 164 1
147 165 1
147 190 1
147 192 1
147 195 1
148 150 1
148 160 1
148 174 1
149 163 1
149 165 1
149 167 1
149 169 1
149 178 1
149 181 1
149 191 1
149 192 1
150 156 1
150 157 1
150 171 1
150 182 1
150 190 1
150 195 1
151 153 1
151 164 1
151 167 1
151 176 1
151 190 1
152 160 1
152 168 1
152 180 1
152 181 1
152 182 1
152 184 1
152 191 1
152 194 1
153 165 1
153 173 1
153 174 1
153 176 1
153 180 1
153 184 1
154 157 1
154 160 1
154 170 1
154 174 1
154 177 1
155 169 1
155 179 1
155 192 1
156 170 1
156 176 1
156 183 1
156 186 1
156 199 1
157 160 1
157 170 1
157 174 1
157 175 1
157 184 1
157 192 1
158 160 1
158 161 1
158 163 1
158 172 1
158 176 1
158 177 1
158 185 1
158 188 1
159 166 1
159 167 1
159 178 1
159 198 1
160 168 1
160 173 1
160 180 1
160 191 1
160 198 1
161 162 1
161 173 1
161 187 1
161 191 1
162 168 1
162 169 1
162 188 1
164 166 1
164 177 1
164 189 1
164 195 1
164 197 1
165 174 1
165 181 1
165 193 1
165 197 1
166 185 1
166 188 1
166 199 1
167 172 1
167 176 1
167 178 1
167 184 1
168 177 1
168 190 1
169 170 1
169 171 1
169 188 1
169 189 1
169 191 1
170 176 1
170 185 1
170 187 1
170 191 1
171 177 1
171 180 1
171 181 1
172 182 1
172 192 1
173 177 1
174 177 1
174 189 1
174 190 1
174 194 1
175 189 1
175 191 1
175 195 1
176 177 1
176 190 1
176 199 1
177 179 1
177 185 1
177 190 1
178 185 1
178 186 1
179 180 1
179 183 1
179 187 1
179 192 1
179 193 1
179 198 1
180 184 1
180 186 1
180 187 1
180 189 1
180 192 1
181 194 1
181 196 1
182 188 1
182 193 1
183 185 1
184 193 1
185 186 1
185 189 1
185 197 1
186 193 1
186 194 1
186 196 1
186 199 1
187 191 1
188 190 1
191 192 1
191 194 1
192 194 1
192 195 1
192 198 1
194 195 1
194 197 1
198 199 1
1
110 67 145 176 114 73 125 133 1 9 130 76 171 29 103 139 148 38 24 42
