1440
0 18 1
0 24 1
0 54 1
0 57 1
0 70 1
0 72 1
0 75 1
0 82 1
0 88 1
0 92 1
0 93 1
0 100 1
0 105 1
0 112 1
0 114 1
0 115 1
0 116 1
0 124 1
0 125 1
0 126 1
0 130 1
1 9 1
1 19 1
1 24 1
1 41 1
1 44 1
1 55 1
1 56 1
1 59 1
1 63 1
1 65 1
1 68 1
1 72 1
1 79 1
1 94 1
1 104 1
1 123 1
1 124 1
1 126 1
1 131 1
2 26 1
2 28 1
2 36 1
2 67 1
2 71 1
2 84 1
2 91 1
2 97 1
2 98 1
2 107 1
2 119 1
2 120 1
2 122 1
2 130 1
3 9 1
3 12 1
3 16 1
3 40 1
3 73 1
3 75 1
3 76 1
3 77 1
3 90 1
3 118 1
3 120 1
3 137 1
4 14 1
4 16 1
4 22 1
4 23 1
4 30 1
4 37 1
4 41 1
4 45 1
4 46 1
4 59 1
4 62 1
4 63 1
4 64 1
4 66 1
4 90 1
4 92 1
4 100 1
4 101 1
4 102 1
4 104 1
4 108 1
4 109 1
4 119 1
4 127 1
4 133 1
4 135 1
5 6 1
5 9 1
5 20 1
5 23 1
5 37 1
5 38 1
5 41 1
5 42 1
5 44 1
5 46 1
5 55 1
5 56 1
5 73 1
5 84 1
5 105 1
5 106 1
5 107 1
5 118 1
5 122 1
5 128 1
6 10 1
6 13 1
6 23 1
6 24 1
6 25 1
6 26 1
6 32 1
6 43 1
6 57 1
6 60 1
6 62 1
6 67 1
6 78 1
6 79 1
6 89 1
6 90 1
6 92 1
6 97 1
6 100 1
6 118 1
6 122 1
6 124 1
6 130 1
6 131 1
6 132 1
7 11 1
7 13 1
7 18 1
7 20 1
7 25 1
7 27 1
7 39 1
7 40 1
7 43 1
7 56 1
7 57 1
7 59 1
7 75 1
7 106 1
7 109 1
7 119 1
7 133 1
8 11 1
8 13 1
8 20 1
8 22 1
8 31 1
8 35 1
8 53 1
8 54 1
8 55 1
8 58 1
8 59 1
8 63 1
8 66 1
8 68 1
8 70 1
8 102 1
8 106 1
8 114 1
8 117 1
8 118 1
8 127 1
8 130 1
8 131 1
8 135 1
9 11 1
9 18 1
9 22 1
9 39 1
9 45 1
9 47 1
9 50 1
9 54 1
9 55 1
9 57 1
9 62 1
9 70 1
9 74 1
9 92 1
9 97 1
9 102 1
9 110 1
9 122 1
9 128 1
9 129 1
9 131 1
9 132 1
9 136 1
9 138 1
9 139 1
10 21 1
10 36 1
10 39 1
10 50 1
10 56 1
10 64 1
10 75 1
10 95 1
10 97 1
10 98 1
10 101 1
10 102 1
10 105 1
10 109 1
10 110 1
10 111 1
10 123 1
10 125 1
10 131 1
10 133 1
11 14 1
11 17 1
11 19 1
11 23 1
11 32 1
11 33 1
11 36 1
11 53 1
11 56 1
11 58 1
11 65 1
11 74 1
11 108 1
11 111 1
11 119 1
11 132 1
11 136 1
11 138 1
12 13 1
12 14 1
12 20 1
12 26 1
12 31 1
12 34 1
12 35 1
12 36 1
12 42 1
12 44 1
12 45 1
12 47 1
12 49 1
12 57 1
12 63 1
12 66 1
12 91 1
12 97 1
12 105 1
12 106 1
12 115 1
12 127 1
13 18 1
13 23 1
13 29 1
13 32 1
13 33 1
13 47 1
13 64 1
13 69 1
13 70 1
13 72 1
13 86 1
13 92 1
13 96 1
13 99 1
13 104 1
13 112 1
13 114 1
13 117 1
13 128 1
14 20 1
14 30 1
14 39 1
14 46 1
14 56 1
14 62 1
14 82 1
14 98 1
14 100 1
14 122 1
14 132 1
15 20 1
15 26 1
15 27 1
15 36 1
15 38 1
15 56 1
15 57 1
15 58 1
15 65 1
15 71 1
15 72 1
15 94 1
15 95 1
15 116 1
15 118 1
15 121 1
15 126 1
15 128 1
15 134 1
15 136 1
16 36 1
16 40 1
16 46 1
16 49 1
16 63 1
16 66 1
16 77 1
16 78 1
16 81 1
16 82 1
16 93 1
16 107 1
16 108 1
16 113 1
16 131 1
17 20 1
17 40 1
17 41 1
17 43 1
17 52 1
17 63 1
17 66 1
17 69 1
17 87 1
17 90 1
17 97 1
17 100 1
17 103 1
17 105 1
17 106 1
17 111 1
17 112 1
17 127 1
17 134 1
18 20 1
18 30 1
18 46 1
18 49 1
18 53 1
18 66 1
18 77 1
18 93 1
18 95 1
18 102 1
18 103 1
18 105 1
18 107 1
18 114 1
18 117 1
18 118 1
18 122 1
18 134 1
19 23 1
19 27 1
19 32 1
19 38 1
19 39 1
19 43 1
19 67 1
19 70 1
19 77 1
19 82 1
19 95 1
19 106 1
19 112 1
19 116 1
19 125 1
19 126 1
19 132 1
19 133 1
20 21 1
20 27 1
20 42 1
20 51 1
20 60 1
20 66 1
20 67 1
20 73 1
20 75 1
20 86 1
20 95 1
20 127 1
20 135 1
21 28 1
21 34 1
21 36 1
21 39 1
21 41 1
21 42 1
21 46 1
21 54 1
21 57 1
21 59 1
21 61 1
21 65 1
21 66 1
21 80 1
21 92 1
21 97 1
21 100 1
21 108 1
21 114 1
21 135 1
21 136 1
21 137 1
21 138 1
22 31 1
22 35 1
22 41 1
22 42 1
22 43 1
22 49 1
22 61 1
22 65 1
22 73 1
22 94 1
22 96 1
22 98 1
22 100 1
22 110 1
22 113 1
22 126 1
22 127 1
22 128 1
22 136 1
22 139 1
23 25 1
23 37 1
23 40 1
23 47 1
23 56 1
23 66 1
23 71 1
23 73 1
23 84 1
23 105 1
23 108 1
23 112 1
24 40 1
24 56 1
24 68 1
24 84 1
24 91 1
24 97 1
24 100 1
24 105 1
24 110 1
24 114 1
24 123 1
24 126 1
24 130 1
25 31 1
25 38 1
25 39 1
25 41 1
25 42 1
25 46 1
25 47 1
25 54 1
25 56 1
25 66 1
25 80 1
25 85 1
25 93 1
25 98 1
25 103 1
25 105 1
25 108 1
25 122 1
25 123 1
25 129 1
26 27 1
26 28 1
26 29 1
26 36 1
26 38 1
26 40 1
26 42 1
26 47 1
26 52 1
26 55 1
26 56 1
26 59 1
26 63 1
26 64 1
26 86 1
26 89 1
26 93 1
26 95 1
26 98 1
26 111 1
26 114 1
26 115 1
26 125 1
26 130 1
26 132 1
27 37 1
27 46 1
27 58 1
27 60 1
27 61 1
27 64 1
27 70 1
27 79 1
27 81 1
27 102 1
27 104 1
27 113 1
27 114 1
27 126 1
27 134 1
28 29 1
28 38 1
28 48 1
28 63 1
28 67 1
28 71 1
28 86 1
28 96 1
28 101 1
28 108 1
28 115 1
29 34 1
29 35 1
29 37 1
29 40 1
29 44 1
29 58 1
29 59 1
29 61 1
29 64 1
29 70 1
29 74 1
29 85 1
29 96 1
29 101 1
29 108 1
29 112 1
29 115 1
29 116 1
29 118 1
29 130 1
30 33 1
30 34 1
30 38 1
30 39 1
30 48 1
30 53 1
30 57 1
30 59 1
30 60 1
30 71 1
30 73 1
30 82 1
30 85 1
30 96 1
30 111 1
30 118 1
30 123 1
30 125 1
30 126 1
30 131 1
31 36 1
31 37 1
31 38 1
31 46 1
31 52 1
31 62 1
31 66 1
31 68 1
31 71 1
31 72 1
31 73 1
31 75 1
31 85 1
31 86 1
31 90 1
31 93 1
31 99 1
31 104 1
31 107 1
31 114 1
31 120 1
31 125 1
31 126 1
31 130 1
31 136 1
32 44 1
32 51 1
32 64 1
32 72 1
32 73 1
32 76 1
32 85 1
32 87 1
32 101 1
32 106 1
32 119 1
32 128 1
33 34 1
33 35 1
33 38 1
33 39 1
33 41 1
33 56 1
33 58 1
33 64 1
33 66 1
33 86 1
33 89 1
33 92 1
33 93 1
33 96 1
33 98 1
33 105 1
33 114 1
33 121 1
33 123 1
33 129 1
34 36 1
34 37 1
34 41 1
34 43 1
34 52 1
34 56 1
34 67 1
34 74 1
34 78 1
34 81 1
34 86 1
34 87 1
34 94 1
34 96 1
34 109 1
34 123 1
34 127 1
34 129 1
34 130 1
34 132 1
35 42 1
35 53 1
35 59 1
35 70 1
35 73 1
35 74 1
35 82 1
35 96 1
35 111 1
35 113 1
35 123 1
35 125 1
36 50 1
36 57 1
36 68 1
36 72 1
36 82 1
36 85 1
36 93 1
36 105 1
36 112 1
36 117 1
36 118 1
36 132 1
36 137 1
36 139 1
37 41 1
37 47 1
37 49 1
37 53 1
37 58 1
37 66 1
37 71 1
37 78 1
37 92 1
37 99 1
37 101 1
37 107 1
37 108 1
37 113 1
37 114 1
37 115 1
37 125 1
37 128 1
37 136 1
37 139 1
38 44 1
38 55 1
38 62 1
38 67 1
38 92 1
38 108 1
38 119 1
38 128 1
38 129 1
38 133 1
38 134 1
39 41 1
39 42 1
39 47 1
39 50 1
39 69 1
39 71 1
39 73 1
39 79 1
39 80 1
39 89 1
39 93 1
39 98 1
39 100 1
39 111 1
39 112 1
39 117 1
39 125 1
39 134 1
40 51 1
40 53 1
40 58 1
40 59 1
40 67 1
40 71 1
40 85 1
40 86 1
40 90 1
40 93 1
40 103 1
40 115 1
40 127 1
40 134 1
41 42 1
41 51 1
41 55 1
41 56 1
41 57 1
41 65 1
41 69 1
41 81 1
41 83 1
41 106 1
41 111 1
41 122 1
42 50 1
42 54 1
42 64 1
42 80 1
42 83 1
42 86 1
42 98 1
42 108 1
42 113 1
42 116 1
42 130 1
43 44 1
43 45 1
43 46 1
43 54 1
43 57 1
43 67 1
43 69 1
43 82 1
43 83 1
43 84 1
43 94 1
43 101 1
43 107 1
43 122 1
43 127 1
43 132 1
43 134 1
44 60 1
44 61 1
44 70 1
44 87 1
44 92 1
44 101 1
44 106 1
44 114 1
44 118 1
44 122 1
44 124 1
45 52 1
45 56 1
45 59 1
45 60 1
45 61 1
45 63 1
45 84 1
45 92 1
45 94 1
45 97 1
45 109 1
45 112 1
45 119 1
45 138 1
46 51 1
46 61 1
46 74 1
46 76 1
46 113 1
46 115 1
46 123 1
46 124 1
46 136 1
46 139 1
47 52 1
47 57 1
47 59 1
47 67 1
47 68 1
47 75 1
47 78 1
47 89 1
47 94 1
47 100 1
47 118 1
47 128 1
47 130 1
48 51 1
48 90 1
48 109 1
48 120 1
48 122 1
48 131 1
48 136 1
49 52 1
49 59 1
49 60 1
49 62 1
49 63 1
49 64 1
49 65 1
49 83 1
49 84 1
49 92 1
49 93 1
49 107 1
49 114 1
49 119 1
49 127 1
49 134 1
50 61 1
50 65 1
50 69 1
50 77 1
50 86 1
50 91 1
50 93 1
50 94 1
50 100 1
50 106 1
50 117 1
50 119 1
50 121 1
50 137 1
51 53 1
51 68 1
51 69 1
51 77 1
51 84 1
51 89 1
51 111 1
51 112 1
51 117 1
51 123 1
51 125 1
51 128 1
51 136 1
51 139 1
52 54 1
52 55 1
52 56 1
52 59 1
52 63 1
52 68 1
52 75 1
52 82 1
52 88 1
52 101 1
52 102 1
52 103 1
52 108 1
52 119 1
52 121 1
52 134 1
53 55 1
53 62 1
53 64 1
53 71 1
53 77 1
53 80 1
53 98 1
53 113 1
53 114 1
53 129 1
53 137 1
54 58 1
54 63 1
54 64 1
54 67 1
54 73 1
54 74 1
54 81 1
54 89 1
54 97 1
54 105 1
54 107 1
54 109 1
54 110 1
54 126 1
54 134 1
54 138 1
55 60 1
55 76 1
55 84 1
55 95 1
55 106 1
55 132 1
55 137 1
56 75 1
56 78 1
56 85 1
56 87 1
56 96 1
56 107 1
56 110 1
56 117 1
56 120 1
56 121 1
56 125 1
56 139 1
57 67 1
57 77 1
57 82 1
57 84 1
57 87 1
57 91 1
57 107 1
57 119 1
57 121 1
57 124 1
57 129 1
57 135 1
57 138 1
57 139 1
58 61 1
58 66 1
58 70 1
58 72 1
58 88 1
58 111 1
58 121 1
58 122 1
58 124 1
58 125 1
58 126 1
58 128 1
58 129 1
59 63 1
59 64 1
59 66 1
59 67 1
59 69 1
59 72 1
59 79 1
59 80 1
59 83 1
59 84 1
59 91 1
59 105 1
59 113 1
59 119 1
59 123 1
59 134 1
59 135 1
60 64 1
60 81 1
60 91 1
60 110 1
60 117 1
60 129 1
60 130 1
60 133 1
61 78 1
61 80 1
61 82 1
61 84 1
61 89 1
61 96 1
61 102 1
61 107 1
61 108 1
61 109 1
61 110 1
61 114 1
61 119 1
61 125 1
61 128 1
61 138 1
62 63 1
62 78 1
62 80 1
62 85 1
62 89 1
62 91 1
62 98 1
62 105 1
62 109 1
62 120 1
62 127 1
62 129 1
62 139 1
63 70 1
63 84 1
63 86 1
63 88 1
63 103 1
63 106 1
63 113 1
63 119 1
63 130 1
64 70 1
64 72 1
64 78 1
64 83 1
64 98 1
64 109 1
64 116 1
64 123 1
64 125 1
65 66 1
65 68 1
65 69 1
65 76 1
65 80 1
65 85 1
65 87 1
65 90 1
65 97 1
65 100 1
65 105 1
65 109 1
65 110 1
65 116 1
66 67 1
66 81 1
66 83 1
66 86 1
66 91 1
66 93 1
66 94 1
66 116 1
66 117 1
66 118 1
66 121 1
66 135 1
66 139 1
67 73 1
67 74 1
67 85 1
67 90 1
67 99 1
67 104 1
67 110 1
67 114 1
67 115 1
67 118 1
67 119 1
67 132 1
67 136 1
68 80 1
68 91 1
68 97 1
68 102 1
68 108 1
68 110 1
68 119 1
68 127 1
68 138 1
69 70 1
69 71 1
69 79 1
69 83 1
69 89 1
69 97 1
69 99 1
69 107 1
69 113 1
69 122 1
69 123 1
69 134 1
69 136 1
70 77 1
70 79 1
70 80 1
70 88 1
70 89 1
70 91 1
70 98 1
70 100 1
70 106 1
70 120 1
70 123 1
70 132 1
70 136 1
71 74 1
71 79 1
71 82 1
71 94 1
71 95 1
71 102 1
71 107 1
71 114 1
71 115 1
71 127 1
71 130 1
72 77 1
72 81 1
72 87 1
72 99 1
72 100 1
72 112 1
72 118 1
73 79 1
73 86 1
73 88 1
73 101 1
73 103 1
73 105 1
73 112 1
73 124 1
73 125 1
73 132 1
73 133 1
73 137 1
74 85 1
74 98 1
74 100 1
74 105 1
74 112 1
74 119 1
74 138 1
75 77 1
75 83 1
75 85 1
75 98 1
75 105 1
75 108 1
75 113 1
75 117 1
76 86 1
76 87 1
76 93 1
76 97 1
76 101 1
76 121 1
76 125 1
76 135 1
76 136 1
76 137 1
77 80 1
77 92 1
77 94 1
77 101 1
77 106 1
77 122 1
77 125 1
77 128 1
78 83 1
78 100 1
78 108 1
78 117 1
78 122 1
78 134 1
78 136 1
78 138 1
79 82 1
79 84 1
79 85 1
79 86 1
79 88 1
79 100 1
79 113 1
79 114 1
79 121 1
79 134 1
80 81 1
80 89 1
80 93 1
80 94 1
80 97 1
80 108 1
80 109 1
80 113 1
80 120 1
80 132 1
80 136 1
81 82 1
81 94 1
81 97 1
81 98 1
81 105 1
81 108 1
81 123 1
81 129 1
81 135 1
82 83 1
82 95 1
82 96 1
82 109 1
82 112 1
82 115 1
82 128 1
82 130 1
82 131 1
82 135 1
82 136 1
83 87 1
83 99 1
83 100 1
83 101 1
83 105 1
83 118 1
83 120 1
83 127 1
83 128 1
83 136 1
83 138 1
84 85 1
84 97 1
84 98 1
84 121 1
84 126 1
84 131 1
85 91 1
85 96 1
85 98 1
85 107 1
85 108 1
85 113 1
85 118 1
85 121 1
86 91 1
86 96 1
86 107 1
86 109 1
86 111 1
86 112 1
86 126 1
86 135 1
86 138 1
87 135 1
88 89 1
88 94 1
88 96 1
88 97 1
88 113 1
88 123 1
88 131 1
88 134 1
89 91 1
89 100 1
89 104 1
89 116 1
89 122 1
89 125 1
89 126 1
89 131 1
89 136 1
90 91 1
90 96 1
90 98 1
90 104 1
90 116 1
90 125 1
90 137 1
91 94 1
91 95 1
91 97 1
91 106 1
91 117 1
91 120 1
91 125 1
91 133 1
91 139 1
92 95 1
92 102 1
92 119 1
92 121 1
92 128 1
92 129 1
92 138 1
93 103 1
93 105 1
94 100 1
94 105 1
94 108 1
94 130 1
95 96 1
95 98 1
95 106 1
95 108 1
95 114 1
95 122 1
95 132 1
96 97 1
96 99 1
96 108 1
96 109 1
96 110 1
96 112 1
96 126 1
96 128 1
97 99 1
97 102 1
97 111 1
97 135 1
98 102 1
98 115 1
98 122 1
99 106 1
99 107 1
99 109 1
99 126 1
100 110 1
100 121 1
100 123 1
100 130 1
100 132 1
100 139 1
101 104 1
101 110 1
101 118 1
101 126 1
102 109 1
102 114 1
102 122 1
102 127 1
102 134 1
102 136 1
103 111 1
103 120 1
103 136 1
103 139 1
104 106 1
104 111 1
104 112 1
104 116 1
104 133 1
104 135 1
104 136 1
104 138 1
105 108 1
105 109 1
105 114 1
105 122 1
105 134 1
105 138 1
105 139 1
106 107 1
106 108 1
106 121 1
106 129 1
107 111 1
107 117 1
107 124 1
107 132 1
107 135 1
108 122 1
108 127 1
109 130 1
109 132 1
110 112 1
111 119 1
111 120 1
111 122 1
112 121 1
112 130 1
112 137 1
113 117 1
113 121 1
113 134 1
113 136 1
114 120 1
114 125 1
114 127 1
114 130 1
115 118 1
115 134 1
116 117 1
116 122 1
117 129 1
118 128 1
118 139 1
119 121 1
119 123 1
119 127 1
119 129 1
119 131 1
119 133 1
120 122 1
120 128 1
121 129 1
121 130 1
121 139 1
122 128 1
122 130 1
123 134 1
123 139 1
124 137 1
125 126 1
125 128 1
125 131 1
125 138 1
126 134 1
127 132 1
128 134 1
129 132 1
129 134 1
129 135 1
129 137 1
130 131 1
131 136 1
131 138 1
132 134 1
132 135 1
132 137 1
133 135 1
134 139 1
1
124 5 68 20 115 125 46 82 116 32 83 91 103 135
