1850
0 5 1
0 24 1
0 32 1
0 34 1
0 42 1
0 43 1
0 56 1
0 63 1
0 65 1
0 80 1
0 81 1
0 105 1
0 110 1
0 111 1
0 122 1
0 125 1
0 129 1
0 138 1
0 140 1
0 148 1
0 150 1
0 157 1
0 162 1
0 175 1
0 176 1
0 179 1
1 4 1
1 5 1
1 20 1
1 22 1
1 34 1
1 38 1
1 66 1
1 67 1
1 75 1
1 76 1
1 77 1
1 82 1
1 98 1
1 106 1
1 115 1
1 129 1
1 130 1
1 141 1
1 151 1
1 154 1
1 164 1
1 166 1
1 173 1
1 174 1
2 7 1
2 32 1
2 36 1
2 38 1
2 47 1
2 58 1
2 66 1
2 78 1
2 86 1
2 93 1
2 103 1
2 105 1
2 107 1
2 111 1
2 125 1
2 129 1
2 139 1
2 144 1
2 145 1
2 149 1
2 152 1
3 7 1
3 12 1
3 26 1
3 37 1
3 50 1
3 53 1
3 60 1
3 78 1
3 100 1
3 133 1
3 138 1
3 140 1
3 142 1
3 167 1
3 168 1
3 174 1
3 176 1
4 8 1
4 9 1
4 38 1
4 47 1
4 56 1
4 60 1
4 69 1
4 71 1
4 94 1
4 97 1
4 99 1
4 108 1
4 110 1
4 115 1
4 135 1
4 137 1
4 141 1
4 146 1
4 154 1
4 160 1
4 170 1
4 174 1
5 7 1
5 9 1
5 10 1
5 18 1
5 24 1
5 35 1
5 74 1
5 83 1
5 84 1
5 86 1
5 87 1
5 92 1
5 109 1
5 115 1
5 118 1
5 120 1
5 131 1
5 136 1
5 149 1
5 156 1
5 161 1
5 174 1
6 15 1
6 17 1
6 55 1
6 57 1
6 60 1
6 64 1
6 76 1
6 96 1
6 106 1
6 107 1
6 109 1
6 113 1
6 119 1
6 135 1
6 136 1
6 140 1
6 148 1
6 154 1
6 178 1
6 179 1
7 14 1
7 17 1
7 21 1
7 22 1
7 27 1
7 31 1
7 32 1
7 46 1
7 49 1
7 58 1
7 61 1
7 63 1
7 69 1
7 72 1
7 76 1
7 91 1
7 114 1
7 122 1
7 126 1
7 138 1
7 161 1
7 175 1
7 177 1
8 16 1
8 24 1
8 25 1
8 32 1
8 44 1
8 70 1
8 75 1
8 79 1
8 86 1
8 92 1
8 100 1
8 113 1
8 115 1
8 128 1
8 133 1
8 136 1
8 156 1
8 166 1
8 174 1
8 176 1
9 12 1
9 38 1
9 44 1
9 52 1
9 56 1
9 72 1
9 73 1
9 79 1
9 89 1
9 102 1
9 109 1
9 112 1
9 117 1
9 120 1
9 124 1
9 134 1
9 157 1
9 164 1
9 165 1
9 169 1
9 172 1
10 12 1
10 35 1
10 48 1
10 58 1
10 63 1
10 64 1
10 78 1
10 85 1
10 86 1
10 93 1
10 94 1
10 111 1
10 122 1
10 123 1
10 144 1
10 165 1
10 169 1
10 171 1
10 172 1
11 29 1
11 34 1
11 47 1
11 61 1
11 70 1
11 85 1
11 86 1
11 103 1
11 120 1
11 122 1
11 128 1
11 129 1
11 130 1
11 151 1
11 158 1
11 159 1
11 178 1
12 25 1
12 36 1
12 41 1
12 42 1
12 55 1
12 73 1
12 75 1
12 78 1
12 83 1
12 85 1
12 91 1
12 92 1
12 93 1
12 106 1
12 111 1
12 115 1
12 139 1
12 158 1
12 159 1
12 161 1
13 23 1
13 25 1
13 39 1
13 40 1
13 79 1
13 83 1
13 105 1
13 112 1
13 124 1
13 128 1
13 134 1
13 154 1
13 165 1
13 177 1
14 16 1
14 20 1
14 23 1
14 26 1
14 27 1
14 33 1
14 37 1
14 38 1
14 44 1
14 65 1
14 72 1
14 78 1
14 79 1
14 83 1
14 89 1
14 94 1
14 107 1
14 108 1
14 116 1
14 119 1
14 122 1
14 142 1
14 144 1
14 159 1
14 175 1
14 177 1
15 16 1
15 20 1
15 47 1
15 48 1
15 54 1
15 56 1
15 63 1
15 65 1
15 67 1
15 75 1
15 84 1
15 87 1
15 92 1
15 95 1
15 111 1
15 132 1
15 133 1
15 147 1
15 154 1
15 156 1
15 157 1
15 161 1
15 164 1
15 167 1
15 168 1
16 24 1
16 30 1
16 33 1
16 54 1
16 67 1
16 79 1
16 87 1
16 90 1
16 101 1
16 144 1
16 157 1
16 160 1
16 179 1
17 21 1
17 24 1
17 45 1
17 85 1
17 90 1
17 101 1
17 113 1
17 121 1
17 143 1
17 148 1
17 155 1
17 158 1
17 161 1
17 162 1
18 49 1
18 63 1
18 74 1
18 79 1
18 81 1
18 84 1
18 94 1
18 98 1
18 103 1
18 111 1
18 126 1
18 136 1
18 140 1
18 147 1
18 164 1
18 176 1
19 21 1
19 32 1
19 36 1
19 47 1
19 59 1
19 64 1
19 66 1
19 71 1
19 81 1
19 113 1
19 114 1
19 116 1
19 123 1
19 132 1
19 155 1
19 167 1
19 178 1
20 24 1
20 26 1
20 32 1
20 42 1
20 47 1
20 56 1
20 57 1
20 62 1
20 69 1
20 95 1
20 105 1
20 129 1
20 134 1
20 146 1
20 147 1
20 156 1
20 159 1
20 160 1
20 166 1
21 29 1
21 39 1
21 52 1
21 62 1
21 93 1
21 119 1
21 120 1
21 121 1
21 122 1
21 124 1
21 127 1
21 128 1
21 137 1
21 150 1
21 154 1
21 161 1
21 165 1
21 174 1
21 179 1
22 28 1
22 35 1
22 41 1
22 48 1
22 52 1
22 58 1
22 66 1
22 71 1
22 72 1
22 84 1
22 87 1
22 92 1
22 123 1
22 124 1
22 126 1
22 132 1
22 138 1
22 142 1
22 152 1
22 156 1
22 163 1
22 167 1
22 168 1
22 170 1
22 178 1
23 33 1
23 48 1
23 56 1
23 58 1
23 70 1
23 72 1
23 75 1
23 77 1
23 102 1
23 118 1
23 123 1
23 132 1
23 134 1
23 146 1
23 149 1
23 157 1
24 25 1
24 26 1
24 28 1
24 30 1
24 44 1
24 54 1
24 65 1
24 74 1
24 79 1
24 85 1
24 90 1
24 91 1
24 103 1
24 133 1
24 136 1
24 143 1
24 160 1
24 178 1
25 39 1
25 44 1
25 45 1
25 46 1
25 49 1
25 53 1
25 65 1
25 69 1
25 72 1
25 77 1
25 81 1
25 82 1
25 85 1
25 93 1
25 111 1
25 112 1
25 120 1
25 122 1
25 129 1
25 145 1
25 147 1
26 32 1
26 38 1
26 51 1
26 53 1
26 54 1
26 90 1
26 91 1
26 92 1
26 96 1
26 129 1
26 145 1
26 149 1
26 157 1
26 165 1
26 176 1
27 28 1
27 34 1
27 53 1
27 56 1
27 67 1
27 69 1
27 71 1
27 76 1
27 79 1
27 82 1
27 85 1
27 86 1
27 102 1
27 134 1
27 153 1
27 157 1
27 164 1
27 166 1
27 172 1
28 31 1
28 32 1
28 70 1
28 76 1
28 78 1
28 95 1
28 100 1
28 122 1
28 123 1
28 130 1
28 157 1
28 168 1
29 42 1
29 54 1
29 61 1
29 66 1
29 70 1
29 75 1
29 76 1
29 92 1
29 97 1
29 100 1
29 101 1
29 106 1
29 112 1
29 122 1
29 130 1
29 133 1
29 141 1
29 144 1
29 151 1
29 156 1
29 166 1
29 173 1
30 39 1
30 46 1
30 48 1
30 60 1
30 70 1
30 89 1
30 112 1
30 118 1
30 121 1
30 122 1
30 127 1
30 128 1
30 132 1
30 133 1
30 150 1
30 165 1
30 179 1
31 38 1
31 71 1
31 79 1
31 82 1
31 90 1
31 92 1
31 94 1
31 113 1
31 115 1
31 116 1
31 120 1
31 135 1
31 141 1
31 160 1
31 167 1
31 173 1
32 37 1
32 52 1
32 64 1
32 68 1
32 75 1
32 78 1
32 106 1
32 108 1
32 112 1
32 118 1
32 129 1
32 131 1
32 132 1
32 133 1
32 136 1
32 139 1
32 142 1
32 153 1
32 163 1
32 170 1
33 40 1
33 43 1
33 57 1
33 89 1
33 95 1
33 128 1
33 131 1
33 149 1
33 157 1
33 171 1
34 37 1
34 38 1
34 47 1
34 53 1
34 54 1
34 55 1
34 71 1
34 73 1
34 78 1
34 96 1
34 102 1
34 104 1
34 106 1
34 107 1
34 116 1
34 125 1
34 128 1
34 141 1
34 155 1
34 158 1
34 176 1
35 38 1
35 45 1
35 58 1
35 65 1
35 75 1
35 124 1
35 131 1
35 136 1
35 145 1
35 146 1
35 157 1
35 163 1
36 42 1
36 62 1
36 67 1
36 71 1
36 77 1
36 78 1
36 80 1
36 91 1
36 105 1
36 112 1
36 119 1
36 120 1
36 122 1
36 124 1
36 132 1
36 141 1
36 147 1
36 149 1
36 160 1
36 165 1
36 166 1
36 168 1
36 170 1
36 176 1
37 38 1
37 41 1
37 47 1
37 52 1
37 56 1
37 60 1
37 81 1
37 94 1
37 100 1
37 110 1
37 135 1
37 146 1
37 171 1
37 178 1
38 49 1
38 53 1
38 57 1
38 61 1
38 64 1
38 75 1
38 76 1
38 93 1
38 104 1
38 106 1
38 118 1
38 131 1
38 137 1
38 169 1
38 175 1
38 177 1
38 178 1
39 65 1
39 66 1
39 94 1
39 100 1
39 106 1
39 108 1
39 112 1
39 117 1
39 121 1
39 131 1
39 142 1
39 149 1
39 156 1
39 162 1
40 41 1
40 48 1
40 53 1
40 73 1
40 80 1
40 81 1
40 87 1
40 89 1
40 123 1
40 135 1
40 138 1
40 144 1
40 146 1
40 151 1
40 156 1
40 164 1
40 167 1
40 175 1
40 178 1
41 42 1
41 53 1
41 63 1
41 64 1
41 74 1
41 84 1
41 99 1
41 101 1
41 102 1
41 127 1
41 152 1
41 159 1
41 161 1
41 162 1
41 163 1
41 170 1
41 177 1
41 179 1
42 60 1
42 69 1
42 90 1
42 101 1
42 107 1
42 116 1
42 119 1
42 143 1
42 146 1
42 154 1
42 163 1
42 169 1
43 49 1
43 66 1
43 83 1
43 90 1
43 100 1
43 104 1
43 111 1
43 113 1
43 131 1
43 135 1
43 136 1
43 156 1
43 166 1
44 48 1
44 56 1
44 64 1
44 65 1
44 73 1
44 76 1
44 82 1
44 86 1
44 97 1
44 123 1
44 125 1
44 128 1
44 161 1
44 165 1
44 175 1
45 46 1
45 50 1
45 51 1
45 88 1
45 95 1
45 96 1
45 98 1
45 105 1
45 106 1
45 108 1
45 119 1
45 125 1
45 131 1
45 143 1
45 149 1
45 156 1
45 158 1
45 159 1
45 161 1
45 171 1
45 173 1
46 70 1
46 78 1
46 82 1
46 115 1
46 127 1
46 133 1
46 135 1
46 150 1
46 177 1
47 59 1
47 82 1
47 92 1
47 99 1
47 122 1
47 123 1
47 124 1
47 125 1
47 133 1
47 136 1
47 138 1
47 148 1
47 153 1
47 155 1
47 159 1
47 165 1
47 169 1
48 53 1
48 65 1
48 66 1
48 69 1
48 81 1
48 91 1
48 96 1
48 113 1
48 115 1
48 120 1
48 124 1
48 136 1
48 149 1
48 155 1
48 164 1
48 167 1
48 168 1
48 170 1
49 81 1
49 85 1
49 86 1
49 92 1
49 93 1
49 98 1
49 109 1
49 110 1
49 115 1
49 118 1
49 131 1
49 141 1
49 142 1
49 154 1
49 158 1
49 162 1
49 176 1
50 55 1
50 61 1
50 70 1
50 71 1
50 78 1
50 80 1
50 88 1
50 92 1
50 94 1
50 97 1
50 100 1
50 101 1
50 102 1
50 104 1
50 112 1
50 115 1
50 123 1
50 127 1
50 148 1
50 163 1
50 168 1
50 169 1
50 178 1
51 64 1
51 65 1
51 116 1
51 123 1
51 140 1
51 148 1
51 153 1
51 157 1
51 169 1
51 178 1
52 58 1
52 75 1
52 81 1
52 104 1
52 113 1
52 122 1
52 123 1
52 128 1
52 141 1
52 145 1
52 153 1
52 157 1
52 176 1
52 179 1
53 55 1
53 62 1
53 64 1
53 65 1
53 71 1
53 89 1
53 98 1
53 101 1
53 143 1
53 161 1
53 162 1
53 163 1
53 164 1
54 65 1
54 82 1
54 83 1
54 85 1
54 101 1
54 107 1
54 108 1
54 111 1
54 131 1
54 132 1
54 136 1
54 139 1
54 162 1
54 164 1
54 169 1
54 175 1
55 63 1
55 64 1
55 73 1
55 96 1
55 100 1
55 146 1
55 149 1
55 163 1
55 172 1
55 179 1
56 62 1
56 63 1
56 68 1
56 76 1
56 78 1
56 124 1
56 141 1
56 148 1
56 157 1
56 162 1
56 163 1
56 170 1
57 73 1
57 84 1
57 90 1
57 93 1
57 96 1
57 97 1
57 98 1
57 105 1
57 114 1
57 125 1
57 147 1
57 150 1
57 163 1
57 178 1
58 64 1
58 68 1
58 75 1
58 89 1
58 104 1
58 116 1
58 120 1
58 129 1
58 133 1
58 151 1
58 152 1
58 156 1
58 172 1
58 173 1
59 63 1
59 97 1
59 112 1
59 115 1
59 121 1
59 128 1
59 130 1
59 137 1
59 138 1
59 140 1
59 150 1
59 153 1
59 157 1
59 165 1
60 76 1
60 80 1
60 93 1
60 94 1
60 97 1
60 99 1
60 103 1
60 110 1
60 112 1
60 126 1
60 130 1
60 131 1
60 147 1
60 155 1
61 63 1
61 64 1
61 72 1
61 82 1
61 86 1
61 97 1
61 119 1
61 128 1
61 136 1
61 143 1
61 156 1
61 159 1
61 161 1
61 169 1
62 90 1
62 92 1
62 96 1
62 111 1
62 138 1
62 153 1
62 173 1
62 175 1
63 70 1
63 71 1
63 93 1
63 106 1
63 120 1
63 128 1
63 150 1
63 151 1
63 178 1
64 74 1
64 83 1
64 84 1
64 105 1
64 121 1
64 122 1
64 123 1
64 125 1
64 129 1
64 132 1
64 137 1
64 148 1
64 158 1
64 172 1
65 85 1
65 86 1
65 87 1
65 88 1
65 93 1
65 95 1
65 96 1
65 99 1
65 118 1
65 131 1
65 139 1
66 67 1
66 69 1
66 106 1
66 133 1
66 141 1
66 146 1
66 154 1
66 161 1
66 164 1
66 169 1
66 172 1
66 179 1
67 73 1
67 74 1
67 82 1
67 87 1
67 127 1
67 129 1
67 134 1
67 135 1
67 152 1
67 169 1
67 171 1
67 176 1
67 179 1
68 69 1
68 76 1
68 78 1
68 83 1
68 89 1
68 93 1
68 107 1
68 108 1
68 116 1
68 128 1
68 141 1
68 144 1
68 149 1
68 153 1
68 154 1
68 156 1
68 163 1
69 80 1
69 86 1
69 87 1
69 98 1
69 103 1
69 104 1
69 110 1
69 131 1
69 142 1
69 151 1
69 155 1
69 156 1
69 166 1
69 174 1
70 80 1
70 93 1
70 99 1
70 115 1
70 116 1
70 132 1
70 177 1
71 77 1
71 114 1
71 124 1
71 136 1
71 147 1
71 153 1
71 156 1
71 168 1
71 170 1
72 81 1
72 91 1
72 94 1
72 95 1
72 119 1
72 164 1
72 166 1
72 168 1
72 175 1
72 177 1
72 178 1
73 76 1
73 78 1
73 84 1
73 94 1
73 116 1
73 141 1
73 149 1
73 168 1
73 175 1
74 79 1
74 88 1
74 93 1
74 99 1
74 103 1
74 118 1
74 120 1
74 130 1
74 143 1
74 145 1
74 150 1
74 154 1
74 158 1
74 159 1
74 162 1
75 91 1
75 94 1
75 129 1
75 134 1
75 145 1
75 176 1
75 179 1
76 77 1
76 85 1
76 114 1
76 119 1
76 125 1
76 141 1
76 144 1
76 153 1
76 155 1
76 161 1
77 81 1
77 82 1
77 90 1
77 99 1
77 101 1
77 115 1
77 116 1
77 130 1
77 135 1
77 136 1
77 142 1
77 143 1
77 158 1
77 159 1
77 161 1
77 169 1
77 176 1
77 177 1
78 79 1
78 82 1
78 120 1
78 129 1
78 152 1
78 153 1
78 160 1
79 84 1
79 85 1
79 86 1
79 89 1
79 90 1
79 124 1
79 125 1
79 127 1
79 128 1
79 133 1
79 157 1
79 163 1
79 164 1
80 81 1
80 84 1
80 99 1
80 109 1
80 116 1
80 131 1
80 135 1
80 149 1
80 151 1
80 157 1
80 160 1
80 168 1
80 175 1
80 178 1
80 179 1
81 89 1
81 93 1
81 99 1
81 107 1
81 108 1
81 117 1
81 120 1
81 128 1
81 142 1
81 150 1
81 152 1
81 154 1
81 160 1
81 162 1
81 168 1
81 172 1
82 85 1
82 110 1
82 114 1
82 121 1
82 122 1
82 128 1
82 147 1
82 171 1
82 174 1
82 176 1
83 100 1
83 104 1
83 110 1
83 112 1
83 124 1
83 126 1
83 140 1
83 141 1
83 151 1
84 92 1
84 108 1
84 115 1
84 117 1
84 120 1
84 123 1
84 126 1
84 131 1
84 134 1
84 157 1
84 178 1
85 86 1
85 90 1
85 99 1
85 100 1
85 114 1
85 141 1
85 148 1
85 152 1
85 158 1
85 163 1
85 167 1
85 173 1
85 178 1
86 101 1
86 130 1
86 135 1
86 142 1
86 159 1
86 166 1
86 177 1
87 97 1
87 111 1
87 126 1
87 137 1
87 150 1
87 155 1
87 156 1
87 171 1
88 95 1
88 96 1
88 99 1
88 106 1
88 115 1
88 127 1
88 129 1
88 136 1
88 160 1
88 171 1
88 173 1
88 175 1
88 176 1
89 96 1
89 105 1
89 132 1
89 133 1
89 134 1
89 146 1
89 154 1
89 171 1
90 96 1
90 115 1
90 123 1
90 129 1
90 140 1
90 159 1
90 163 1
90 179 1
91 96 1
91 98 1
91 102 1
91 112 1
91 125 1
91 144 1
91 146 1
91 150 1
91 158 1
91 162 1
91 165 1
91 167 1
92 100 1
92 106 1
92 137 1
92 144 1
92 147 1
92 176 1
93 101 1
93 104 1
93 115 1
93 116 1
93 117 1
93 124 1
93 126 1
93 142 1
93 144 1
93 149 1
93 160 1
94 102 1
94 110 1
94 115 1
94 116 1
94 135 1
94 137 1
94 138 1
94 144 1
94 150 1
94 159 1
94 169 1
95 104 1
95 112 1
95 126 1
95 148 1
95 152 1
95 160 1
95 170 1
96 115 1
96 121 1
96 123 1
96 138 1
96 145 1
96 168 1
97 98 1
97 100 1
97 129 1
97 136 1
97 137 1
97 146 1
97 151 1
97 161 1
98 103 1
98 108 1
98 118 1
98 127 1
98 134 1
98 136 1
98 137 1
98 140 1
98 143 1
98 146 1
98 174 1
99 114 1
99 123 1
99 134 1
99 135 1
99 140 1
99 141 1
99 161 1
99 163 1
99 167 1
100 116 1
100 123 1
100 135 1
100 137 1
100 144 1
100 153 1
100 156 1
100 158 1
101 107 1
101 112 1
101 125 1
101 129 1
101 137 1
101 141 1
101 158 1
101 160 1
101 161 1
101 166 1
101 170 1
101 177 1
102 111 1
102 112 1
102 121 1
102 145 1
102 146 1
102 148 1
102 161 1
102 167 1
103 104 1
103 107 1
103 109 1
103 111 1
103 120 1
103 137 1
103 140 1
103 143 1
103 150 1
103 177 1
103 178 1
104 113 1
104 123 1
104 137 1
104 139 1
104 143 1
104 146 1
104 157 1
104 162 1
104 171 1
104 178 1
105 111 1
105 118 1
105 124 1
105 131 1
105 134 1
105 139 1
105 141 1
105 148 1
105 168 1
105 171 1
106 107 1
106 130 1
106 133 1
106 134 1
106 135 1
106 140 1
106 154 1
106 167 1
106 169 1
106 175 1
106 179 1
107 114 1
107 127 1
107 128 1
107 131 1
107 136 1
107 143 1
107 148 1
107 179 1
108 110 1
108 116 1
108 132 1
108 136 1
109 115 1
109 171 1
109 172 1
109 175 1
109 177 1
110 112 1
110 123 1
110 125 1
110 133 1
110 134 1
110 139 1
110 141 1
110 151 1
110 163 1
110 173 1
111 138 1
111 148 1
111 149 1
111 154 1
111 168 1
112 130 1
112 145 1
112 146 1
112 152 1
112 154 1
112 155 1
112 167 1
112 175 1
112 176 1
113 121 1
113 128 1
113 129 1
113 148 1
113 155 1
113 160 1
113 167 1
113 177 1
114 121 1
114 143 1
114 147 1
114 150 1
114 152 1
114 155 1
115 118 1
115 122 1
115 125 1
115 129 1
115 136 1
115 141 1
115 167 1
116 120 1
116 125 1
116 139 1
116 146 1
116 151 1
116 156 1
116 176 1
116 177 1
116 178 1
117 127 1
117 134 1
117 145 1
117 149 1
117 156 1
117 161 1
117 166 1
118 131 1
118 152 1
118 169 1
118 178 1
119 130 1
119 133 1
119 136 1
119 138 1
119 143 1
119 153 1
119 155 1
119 162 1
119 164 1
120 151 1
120 155 1
120 171 1
120 172 1
120 177 1
121 130 1
121 132 1
121 141 1
121 152 1
121 163 1
121 172 1
121 175 1
122 133 1
122 142 1
122 151 1
122 163 1
123 124 1
123 133 1
123 140 1
123 148 1
123 152 1
123 158 1
123 163 1
123 167 1
123 168 1
123 170 1
123 173 1
123 177 1
123 178 1
124 128 1
124 132 1
124 142 1
124 146 1
124 169 1
125 133 1
125 146 1
125 164 1
125 167 1
125 170 1
125 179 1
126 127 1
126 136 1
126 156 1
126 171 1
127 139 1
127 140 1
127 151 1
127 156 1
127 163 1
127 168 1
128 134 1
128 136 1
128 149 1
128 151 1
128 155 1
128 168 1
128 179 1
129 137 1
129 150 1
129 154 1
129 163 1
129 165 1
130 131 1
130 148 1
130 159 1
130 164 1
130 176 1
131 151 1
131 155 1
131 162 1
132 133 1
132 140 1
132 142 1
132 143 1
132 145 1
132 156 1
132 163 1
132 175 1
132 177 1
133 135 1
133 136 1
133 137 1
133 143 1
133 145 1
133 152 1
133 176 1
133 177 1
134 151 1
134 159 1
134 166 1
134 169 1
135 141 1
135 152 1
135 155 1
135 162 1
135 167 1
135 168 1
135 169 1
135 170 1
136 139 1
136 149 1
136 152 1
136 153 1
136 171 1
136 172 1
137 142 1
137 143 1
137 158 1
137 172 1
138 149 1
138 151 1
138 153 1
138 165 1
139 140 1
139 152 1
139 164 1
139 172 1
139 174 1
140 148 1
140 162 1
140 165 1
140 171 1
140 172 1
141 167 1
141 174 1
142 171 1
142 173 1
143 146 1
143 151 1
143 163 1
143 178 1
144 150 1
144 155 1
144 160 1
144 162 1
144 173 1
145 177 1
145 179 1
146 151 1
146 152 1
146 159 1
146 163 1
146 173 1
146 174 1
146 179 1
147 153 1
147 167 1
148 149 1
148 150 1
148 160 1
148 170 1
150 151 1
150 155 1
150 160 1
150 164 1
150 172 1
151 154 1
151 155 1
151 166 1
151 170 1
151 178 1
152 163 1
152 174 1
152 176 1
153 165 1
153 169 1
153 173 1
155 159 1
155 160 1
155 168 1
155 171 1
155 179 1
156 162 1
156 164 1
156 167 1
156 173 1
156 176 1
157 168 1
157 169 1
158 166 1
158 170 1
159 170 1
159 174 1
159 175 1
160 166 1
160 167 1
160 169 1
160 173 1
160 174 1
160 178 1
160 179 1
162 166 1
162 168 1
162 171 1
163 167 1
163 177 1
164 167 1
164 172 1
164 173 1
165 170 1
165 173 1
166 176 1
166 179 1
167 173 1
168 173 1
169 174 1
169 175 1
170 175 1
172 174 1
173 176 1
177 179 1
1
133 117 88 157 171 44 126 99 93 139 173 47 109 77 56 41 10 96
