409
0 1 1
0 2 1
0 3 1
0 6 1
0 11 1
0 12 1
0 13 1
0 16 1
0 19 1
0 22 1
0 24 1
0 27 1
0 29 1
0 32 1
0 33 1
0 36 1
0 46 1
1 3 1
1 4 1
1 6 1
1 9 1
1 11 1
1 17 1
1 19 1
1 28 1
1 30 1
1 32 1
1 33 1
1 34 1
1 40 1
1 41 1
1 47 1
1 48 1
1 49 1
2 11 1
2 15 1
2 18 1
2 20 1
2 22 1
2 23 1
2 26 1
2 27 1
2 31 1
2 32 1
2 34 1
2 36 1
2 42 1
2 43 1
2 44 1
2 46 1
3 4 1
3 5 1
3 9 1
3 15 1
3 19 1
3 22 1
3 23 1
3 26 1
3 27 1
3 29 1
3 32 1
3 33 1
3 34 1
3 35 1
3 36 1
3 37 1
3 38 1
3 39 1
3 45 1
3 49 1
4 6 1
4 14 1
4 16 1
4 22 1
4 25 1
4 30 1
4 32 1
4 34 1
4 49 1
5 8 1
5 19 1
5 20 1
5 21 1
5 22 1
5 23 1
5 24 1
5 28 1
5 34 1
5 37 1
5 42 1
5 43 1
5 44 1
5 45 1
5 46 1
5 48 1
6 14 1
6 26 1
6 29 1
6 30 1
6 33 1
6 35 1
6 45 1
6 48 1
7 8 1
7 12 1
7 17 1
7 20 1
7 21 1
7 23 1
7 28 1
7 35 1
7 36 1
7 37 1
7 38 1
7 39 1
7 42 1
7 44 1
7 46 1
7 48 1
8 9 1
8 14 1
8 15 1
8 19 1
8 24 1
8 27 1
8 28 1
8 36 1
8 37 1
8 38 1
8 44 1
8 46 1
8 47 1
9 11 1
9 12 1
9 13 1
9 15 1
9 16 1
9 18 1
9 20 1
9 25 1
9 27 1
9 30 1
9 32 1
9 37 1
9 38 1
9 39 1
9 43 1
9 44 1
9 46 1
9 47 1
10 12 1
10 14 1
10 15 1
10 16 1
10 17 1
10 19 1
10 21 1
10 23 1
10 25 1
10 26 1
10 29 1
10 30 1
10 31 1
10 33 1
10 37 1
10 38 1
10 41 1
10 43 1
10 48 1
10 49 1
11 13 1
11 15 1
11 16 1
11 18 1
11 19 1
11 21 1
11 22 1
11 30 1
11 32 1
11 33 1
11 41 1
11 43 1
11 44 1
11 46 1
11 47 1
12 13 1
12 17 1
12 21 1
12 31 1
12 36 1
12 37 1
12 39 1
12 40 1
12 43 1
12 45 1
12 49 1
13 15 1
13 16 1
13 20 1
13 21 1
13 23 1
13 25 1
13 33 1
13 41 1
13 43 1
14 15 1
14 19 1
14 22 1
14 24 1
14 27 1
14 28 1
14 30 1
14 32 1
14 33 1
14 34 1
14 38 1
14 41 1
14 42 1
14 44 1
14 45 1
14 46 1
15 18 1
15 20 1
15 24 1
15 28 1
15 31 1
15 32 1
15 35 1
15 40 1
15 42 1
15 44 1
16 18 1
16 19 1
16 24 1
16 38 1
16 40 1
16 44 1
16 46 1
17 18 1
17 27 1
17 28 1
17 31 1
17 35 1
17 38 1
17 39 1
17 40 1
17 41 1
17 42 1
17 46 1
17 47 1
18 21 1
18 22 1
18 24 1
18 33 1
18 34 1
18 35 1
18 39 1
18 41 1
18 42 1
18 43 1
18 47 1
19 20 1
19 22 1
19 29 1
19 30 1
19 31 1
19 40 1
19 42 1
19 44 1
19 47 1
20 30 1
20 36 1
20 38 1
20 43 1
20 45 1
20 48 1
21 23 1
21 27 1
21 28 1
21 31 1
21 33 1
21 37 1
21 38 1
21 40 1
21 42 1
21 43 1
21 47 1
21 48 1
22 23 1
22 24 1
22 26 1
22 28 1
22 29 1
22 38 1
22 42 1
22 43 1
22 46 1
23 24 1
23 25 1
23 29 1
23 31 1
23 32 1
23 34 1
23 37 1
23 39 1
23 43 1
23 47 1
23 48 1
24 25 1
24 30 1
24 35 1
24 37 1
25 26 1
25 41 1
26 28 1
26 29 1
26 31 1
26 33 1
26 35 1
26 36 1
26 37 1
26 38 1
26 41 1
26 48 1
27 31 1
27 32 1
27 35 1
27 37 1
27 40 1
27 43 1
27 46 1
27 47 1
28 30 1
28 31 1
28 33 1
28 34 1
28 36 1
28 37 1
28 38 1
28 39 1
28 42 1
28 48 1
28 49 1
29 35 1
29 37 1
29 41 1
29 43 1
29 47 1
29 48 1
30 32 1
30 33 1
30 34 1
30 37 1
30 41 1
31 34 1
31 35 1
31 40 1
31 41 1
31 42 1
31 43 1
31 46 1
32 39 1
32 40 1
32 42 1
32 43 1
32 44 1
33 39 1
33 42 1
33 46 1
33 47 1
33 48 1
33 49 1
34 42 1
34 44 1
34 48 1
35 37 1
35 40 1
35 41 1
35 42 1
35 43 1
35 44 1
35 45 1
35 46 1
36 43 1
36 47 1
36 49 1
37 40 1
37 41 1
37 43 1
37 45 1
37 47 1
38 43 1
38 48 1
38 49 1
39 45 1
39 49 1
40 44 1
40 48 1
41 45 1
41 46 1
41 49 1
42 43 1
42 46 1
42 48 1
42 49 1
43 45 1
43 47 1
43 48 1
45 48 1
1
7 35 12 36 32
