1110
0 5 1
0 7 1
0 12 1
0 17 1
0 24 1
0 27 1
0 33 1
0 42 1
0 44 1
0 47 1
0 51 1
0 54 1
0 57 1
0 65 1
0 69 1
0 88 1
0 90 1
0 95 1
0 96 1
0 97 1
0 108 1
0 109 1
0 111 1
0 112 1
1 2 1
1 17 1
1 18 1
1 22 1
1 23 1
1 30 1
1 41 1
1 43 1
1 44 1
1 47 1
1 53 1
1 55 1
1 57 1
1 59 1
1 65 1
1 68 1
1 88 1
1 97 1
1 101 1
1 111 1
1 117 1
2 10 1
2 11 1
2 15 1
2 16 1
2 19 1
2 35 1
2 43 1
2 45 1
2 47 1
2 56 1
2 59 1
2 69 1
2 70 1
2 72 1
2 73 1
2 90 1
2 92 1
2 98 1
2 109 1
2 118 1
3 4 1
3 22 1
3 37 1
3 44 1
3 46 1
3 79 1
3 82 1
3 87 1
3 93 1
3 94 1
3 100 1
3 116 1
4 14 1
4 17 1
4 22 1
4 26 1
4 31 1
4 34 1
4 39 1
4 44 1
4 50 1
4 64 1
4 65 1
4 70 1
4 72 1
4 85 1
4 87 1
4 91 1
4 106 1
4 107 1
4 108 1
4 115 1
5 11 1
5 16 1
5 17 1
5 28 1
5 30 1
5 48 1
5 49 1
5 55 1
5 76 1
5 83 1
5 91 1
5 97 1
5 108 1
6 15 1
6 26 1
6 39 1
6 51 1
6 85 1
6 102 1
6 104 1
6 108 1
6 109 1
6 113 1
6 114 1
7 8 1
7 21 1
7 28 1
7 29 1
7 32 1
7 36 1
7 42 1
7 54 1
7 61 1
7 63 1
7 66 1
7 71 1
7 80 1
7 83 1
7 95 1
7 104 1
7 118 1
7 119 1
8 12 1
8 24 1
8 27 1
8 28 1
8 31 1
8 35 1
8 44 1
8 51 1
8 66 1
8 71 1
8 79 1
8 97 1
8 100 1
8 103 1
9 10 1
9 16 1
9 20 1
9 48 1
9 51 1
9 78 1
9 79 1
9 85 1
9 92 1
9 98 1
9 106 1
9 112 1
9 116 1
10 21 1
10 33 1
10 35 1
10 39 1
10 45 1
10 50 1
10 56 1
10 62 1
10 70 1
10 73 1
10 75 1
10 77 1
10 82 1
10 86 1
10 91 1
10 94 1
10 97 1
10 100 1
10 105 1
10 107 1
10 110 1
10 118 1
11 16 1
11 28 1
11 29 1
11 30 1
11 45 1
11 47 1
11 50 1
11 51 1
11 61 1
11 64 1
11 71 1
11 85 1
11 87 1
11 90 1
11 108 1
11 114 1
11 118 1
12 22 1
12 25 1
12 32 1
12 58 1
12 61 1
12 62 1
12 70 1
12 75 1
12 77 1
12 85 1
12 91 1
12 92 1
12 102 1
12 107 1
12 109 1
12 115 1
13 28 1
13 34 1
13 41 1
13 46 1
13 70 1
13 80 1
13 84 1
13 112 1
14 35 1
14 39 1
14 53 1
14 65 1
14 66 1
14 68 1
14 84 1
14 85 1
14 89 1
14 91 1
14 93 1
14 111 1
15 24 1
15 26 1
15 27 1
15 33 1
15 38 1
15 40 1
15 56 1
15 57 1
15 58 1
15 74 1
15 77 1
15 84 1
15 87 1
15 95 1
15 103 1
15 112 1
16 18 1
16 19 1
16 24 1
16 40 1
16 45 1
16 48 1
16 52 1
16 63 1
16 70 1
16 76 1
16 85 1
16 92 1
16 93 1
16 110 1
17 19 1
17 29 1
17 34 1
17 39 1
17 42 1
17 44 1
17 72 1
17 76 1
17 79 1
17 87 1
17 89 1
17 91 1
17 98 1
17 105 1
17 119 1
18 21 1
18 32 1
18 37 1
18 38 1
18 41 1
18 47 1
18 49 1
18 54 1
18 55 1
18 58 1
18 60 1
18 66 1
18 71 1
18 77 1
18 87 1
18 93 1
18 101 1
18 109 1
19 20 1
19 25 1
19 32 1
19 43 1
19 45 1
19 49 1
19 53 1
19 85 1
19 88 1
19 90 1
19 104 1
20 22 1
20 23 1
20 26 1
20 32 1
20 34 1
20 36 1
20 37 1
20 49 1
20 50 1
20 58 1
20 61 1
20 73 1
20 79 1
20 112 1
21 27 1
21 29 1
21 38 1
21 39 1
21 41 1
21 45 1
21 63 1
21 68 1
21 75 1
21 81 1
21 82 1
21 102 1
21 103 1
21 106 1
21 108 1
21 109 1
22 24 1
22 27 1
22 32 1
22 40 1
22 51 1
22 52 1
22 57 1
22 61 1
22 77 1
22 78 1
22 86 1
22 101 1
22 106 1
22 116 1
23 27 1
23 37 1
23 48 1
23 52 1
23 54 1
23 58 1
23 60 1
23 61 1
23 70 1
23 72 1
23 79 1
23 81 1
23 85 1
23 91 1
23 94 1
23 103 1
23 106 1
23 116 1
23 117 1
24 25 1
24 39 1
24 42 1
24 51 1
24 56 1
24 57 1
24 62 1
24 63 1
24 79 1
24 82 1
24 83 1
24 87 1
24 91 1
24 94 1
24 97 1
24 110 1
24 111 1
24 119 1
25 42 1
25 49 1
25 52 1
25 56 1
25 58 1
25 59 1
25 75 1
25 79 1
25 97 1
25 101 1
25 103 1
25 110 1
25 117 1
26 33 1
26 34 1
26 35 1
26 45 1
26 46 1
26 49 1
26 63 1
26 66 1
26 67 1
26 72 1
26 84 1
26 95 1
26 98 1
26 109 1
26 112 1
26 114 1
26 116 1
27 42 1
27 43 1
27 44 1
27 53 1
27 70 1
27 72 1
27 88 1
27 93 1
27 97 1
27 105 1
27 107 1
27 113 1
27 118 1
28 40 1
28 52 1
28 53 1
28 57 1
28 62 1
28 64 1
28 67 1
28 70 1
28 72 1
28 84 1
28 85 1
28 88 1
28 89 1
28 95 1
28 102 1
28 103 1
28 108 1
29 40 1
29 42 1
29 46 1
29 60 1
29 84 1
29 89 1
29 98 1
29 104 1
29 106 1
29 115 1
30 36 1
30 39 1
30 47 1
30 48 1
30 50 1
30 51 1
30 56 1
30 61 1
30 66 1
30 70 1
30 77 1
30 87 1
30 88 1
30 98 1
30 106 1
30 107 1
30 115 1
30 119 1
31 32 1
31 36 1
31 39 1
31 41 1
31 46 1
31 47 1
31 71 1
31 74 1
31 78 1
31 79 1
31 92 1
31 100 1
31 103 1
31 112 1
32 35 1
32 38 1
32 52 1
32 58 1
32 61 1
32 79 1
32 87 1
32 94 1
32 97 1
32 100 1
32 116 1
33 38 1
33 41 1
33 46 1
33 50 1
33 51 1
33 54 1
33 55 1
33 62 1
33 66 1
33 73 1
33 74 1
33 86 1
33 88 1
33 92 1
33 94 1
33 97 1
33 105 1
33 107 1
33 112 1
33 114 1
33 115 1
33 118 1
34 38 1
34 44 1
34 45 1
34 49 1
34 53 1
34 54 1
34 63 1
34 73 1
34 77 1
34 87 1
34 88 1
34 91 1
34 97 1
34 102 1
34 103 1
34 105 1
34 107 1
34 113 1
34 115 1
35 37 1
35 42 1
35 46 1
35 48 1
35 59 1
35 69 1
35 78 1
35 89 1
35 95 1
35 100 1
35 103 1
35 105 1
35 115 1
35 117 1
35 119 1
36 43 1
36 70 1
36 71 1
36 75 1
36 79 1
36 86 1
36 90 1
36 91 1
36 105 1
36 106 1
36 114 1
36 117 1
37 42 1
37 45 1
37 50 1
37 52 1
37 55 1
37 62 1
37 75 1
37 78 1
37 80 1
37 82 1
37 83 1
37 95 1
37 102 1
37 110 1
37 118 1
38 42 1
38 45 1
38 52 1
38 73 1
38 81 1
38 93 1
38 99 1
38 103 1
38 105 1
38 111 1
39 43 1
39 47 1
39 60 1
39 61 1
39 68 1
39 71 1
39 77 1
39 82 1
39 86 1
39 89 1
39 99 1
39 106 1
39 115 1
39 116 1
39 119 1
40 47 1
40 48 1
40 49 1
40 50 1
40 57 1
40 65 1
40 70 1
40 71 1
40 78 1
40 88 1
40 92 1
40 96 1
40 99 1
40 104 1
40 105 1
41 65 1
41 78 1
41 86 1
41 95 1
41 102 1
41 106 1
41 109 1
41 110 1
41 112 1
41 117 1
42 46 1
42 50 1
42 52 1
42 54 1
42 55 1
42 70 1
42 71 1
42 72 1
42 77 1
42 80 1
42 92 1
42 101 1
42 113 1
42 118 1
43 44 1
43 46 1
43 49 1
43 50 1
43 58 1
43 71 1
43 75 1
43 96 1
43 114 1
43 115 1
43 116 1
43 117 1
44 53 1
44 61 1
44 67 1
44 68 1
44 78 1
44 81 1
44 82 1
44 90 1
44 92 1
44 93 1
44 100 1
44 103 1
44 112 1
44 113 1
44 117 1
44 118 1
45 46 1
45 54 1
45 55 1
45 57 1
45 80 1
45 83 1
45 94 1
45 98 1
45 116 1
46 53 1
46 58 1
46 69 1
46 76 1
46 78 1
46 84 1
46 85 1
46 89 1
46 90 1
46 95 1
46 119 1
47 53 1
47 59 1
47 61 1
47 65 1
47 88 1
47 96 1
47 111 1
47 112 1
48 51 1
48 55 1
48 58 1
48 60 1
48 61 1
48 73 1
48 79 1
48 83 1
48 89 1
48 111 1
49 51 1
49 60 1
49 61 1
49 71 1
49 75 1
49 77 1
49 79 1
49 88 1
49 92 1
49 96 1
49 111 1
49 112 1
49 114 1
49 115 1
49 117 1
50 59 1
50 62 1
50 70 1
50 72 1
50 73 1
50 77 1
50 95 1
50 98 1
50 102 1
50 106 1
50 108 1
50 109 1
51 55 1
51 58 1
51 59 1
51 74 1
51 85 1
51 95 1
51 97 1
51 98 1
51 99 1
51 108 1
51 115 1
51 116 1
51 117 1
52 53 1
52 62 1
52 67 1
52 71 1
52 76 1
52 77 1
52 93 1
52 104 1
52 111 1
52 117 1
52 118 1
52 119 1
53 55 1
53 58 1
53 60 1
53 71 1
53 87 1
53 95 1
53 99 1
53 108 1
53 109 1
54 71 1
54 76 1
54 86 1
54 87 1
54 91 1
54 94 1
54 95 1
54 112 1
55 57 1
55 60 1
55 61 1
55 68 1
55 73 1
55 75 1
55 76 1
55 80 1
55 86 1
55 107 1
55 112 1
56 62 1
56 68 1
56 69 1
56 74 1
56 76 1
56 78 1
56 80 1
56 95 1
56 98 1
56 115 1
56 119 1
57 61 1
57 78 1
57 79 1
57 83 1
57 100 1
57 101 1
57 109 1
57 119 1
58 62 1
58 79 1
58 82 1
58 90 1
58 91 1
58 108 1
58 112 1
59 61 1
59 63 1
59 82 1
59 85 1
59 89 1
59 92 1
59 102 1
59 111 1
59 119 1
60 64 1
60 69 1
60 73 1
60 79 1
60 87 1
60 88 1
60 96 1
60 116 1
60 117 1
61 68 1
61 73 1
61 74 1
61 87 1
61 90 1
61 107 1
61 108 1
61 110 1
61 113 1
62 64 1
62 77 1
62 80 1
62 96 1
62 103 1
62 106 1
62 107 1
62 112 1
62 116 1
62 117 1
63 73 1
63 81 1
63 89 1
63 101 1
63 109 1
63 112 1
64 68 1
64 69 1
64 89 1
64 90 1
64 94 1
64 95 1
64 97 1
64 102 1
64 104 1
65 70 1
65 75 1
65 96 1
65 106 1
65 111 1
65 119 1
66 67 1
66 88 1
66 89 1
66 95 1
66 102 1
66 104 1
66 106 1
66 109 1
66 111 1
66 114 1
66 119 1
67 68 1
67 69 1
67 71 1
67 78 1
67 79 1
67 89 1
67 91 1
67 98 1
67 108 1
67 112 1
67 119 1
68 74 1
68 79 1
68 87 1
68 99 1
68 107 1
68 113 1
68 114 1
69 78 1
69 79 1
69 88 1
69 99 1
69 116 1
69 118 1
70 74 1
70 76 1
70 82 1
70 92 1
70 101 1
70 102 1
70 107 1
71 76 1
71 78 1
71 96 1
71 104 1
71 116 1
72 74 1
72 75 1
72 76 1
72 84 1
72 111 1
73 76 1
73 80 1
73 81 1
73 85 1
73 86 1
73 103 1
73 108 1
73 113 1
73 118 1
74 90 1
74 91 1
74 92 1
74 110 1
75 76 1
75 87 1
75 91 1
75 102 1
75 103 1
75 108 1
75 115 1
76 79 1
76 85 1
76 95 1
76 115 1
77 81 1
77 92 1
77 95 1
77 101 1
77 102 1
77 104 1
78 86 1
78 100 1
78 104 1
78 106 1
78 107 1
78 110 1
78 115 1
79 89 1
79 107 1
79 110 1
79 113 1
79 114 1
79 119 1
80 85 1
81 84 1
81 97 1
81 99 1
81 106 1
81 110 1
81 115 1
82 94 1
82 96 1
83 88 1
83 89 1
83 119 1
84 86 1
84 91 1
84 108 1
84 112 1
84 113 1
85 86 1
85 92 1
85 95 1
85 106 1
85 107 1
85 114 1
85 117 1
86 91 1
86 95 1
86 103 1
86 119 1
87 95 1
87 113 1
87 114 1
87 117 1
88 89 1
88 91 1
88 94 1
88 95 1
88 97 1
88 103 1
88 107 1
88 108 1
88 118 1
89 95 1
89 103 1
89 116 1
90 98 1
90 100 1
90 106 1
90 109 1
90 114 1
91 93 1
91 97 1
91 98 1
91 100 1
91 110 1
91 117 1
91 118 1
92 105 1
92 106 1
92 113 1
92 119 1
93 95 1
93 97 1
93 99 1
93 100 1
93 101 1
93 105 1
93 109 1
93 113 1
93 119 1
94 95 1
94 100 1
94 108 1
94 110 1
94 111 1
94 113 1
94 118 1
95 97 1
95 100 1
95 101 1
95 104 1
95 107 1
95 109 1
95 111 1
97 99 1
97 101 1
97 103 1
97 117 1
98 104 1
98 105 1
98 106 1
98 107 1
98 119 1
99 107 1
99 109 1
100 105 1
100 114 1
101 103 1
101 106 1
101 114 1
102 103 1
102 110 1
102 118 1
102 119 1
103 112 1
103 116 1
103 118 1
105 109 1
105 111 1
105 116 1
106 108 1
106 114 1
107 108 1
107 110 1
107 117 1
107 119 1
108 119 1
109 111 1
109 112 1
109 119 1
110 111 1
110 113 1
110 115 1
111 114 1
111 118 1
112 113 1
112 116 1
112 119 1
115 116 1
118 119 1
1
47 78 26 98 64 8 27 48 54 66 13 90
