111
0 2 1
0 3 1
0 4 1
0 5 1
0 6 1
0 8 1
0 9 1
0 10 1
0 11 1
0 13 1
0 14 1
0 16 1
0 17 1
0 18 1
0 19 1
1 4 1
1 7 1
1 8 1
1 9 1
1 12 1
1 13 1
1 14 1
1 15 1
1 16 1
1 18 1
2 3 1
2 6 1
2 7 1
2 10 1
2 12 1
2 14 1
2 15 1
2 17 1
2 18 1
3 4 1
3 5 1
3 8 1
3 9 1
3 10 1
3 12 1
3 13 1
3 14 1
3 16 1
3 18 1
3 19 1
4 5 1
4 6 1
4 11 1
4 12 1
4 13 1
4 14 1
4 16 1
4 17 1
5 6 1
5 7 1
5 9 1
5 11 1
5 13 1
5 18 1
6 8 1
6 10 1
6 11 1
6 12 1
6 14 1
6 15 1
6 17 1
6 18 1
6 19 1
7 8 1
7 10 1
7 12 1
7 14 1
7 15 1
7 17 1
8 9 1
8 11 1
8 13 1
8 15 1
8 17 1
8 19 1
9 10 1
9 11 1
9 13 1
9 14 1
10 11 1
10 14 1
10 15 1
10 18 1
10 19 1
11 13 1
11 14 1
11 16 1
11 17 1
11 19 1
12 13 1
12 14 1
12 18 1
12 19 1
13 14 1
13 17 1
13 18 1
14 17 1
14 19 1
15 16 1
15 17 1
15 19 1
16 17 1
16 18 1
16 19 1
17 19 1
18 19 1
1
7 2
