715
0 2 1
0 3 1
0 8 1
0 11 1
0 19 1
0 26 1
0 28 1
0 29 1
0 32 1
0 33 1
0 36 1
0 45 1
0 46 1
0 48 1
0 51 1
0 53 1
0 55 1
0 57 1
0 63 1
0 71 1
0 72 1
0 73 1
1 7 1
1 11 1
1 18 1
1 32 1
1 43 1
1 45 1
1 48 1
1 52 1
1 53 1
1 55 1
1 56 1
1 59 1
1 65 1
1 70 1
1 71 1
1 74 1
1 75 1
1 76 1
1 77 1
2 4 1
2 8 1
2 14 1
2 21 1
2 23 1
2 24 1
2 40 1
2 44 1
2 46 1
2 47 1
2 48 1
2 52 1
2 64 1
2 65 1
2 69 1
2 75 1
2 77 1
3 5 1
3 9 1
3 10 1
3 11 1
3 12 1
3 14 1
3 15 1
3 17 1
3 22 1
3 25 1
3 31 1
3 32 1
3 40 1
3 45 1
3 54 1
3 57 1
3 59 1
3 62 1
3 66 1
3 68 1
3 69 1
3 70 1
4 8 1
4 13 1
4 26 1
4 28 1
4 34 1
4 35 1
4 38 1
4 41 1
4 43 1
4 47 1
4 49 1
4 51 1
4 59 1
4 60 1
4 62 1
4 63 1
4 64 1
4 72 1
4 73 1
4 79 1
5 6 1
5 14 1
5 15 1
5 16 1
5 23 1
5 27 1
5 31 1
5 35 1
5 36 1
5 38 1
5 50 1
5 62 1
5 73 1
5 78 1
5 79 1
6 9 1
6 10 1
6 20 1
6 21 1
6 22 1
6 27 1
6 30 1
6 31 1
6 41 1
6 44 1
6 53 1
6 55 1
6 57 1
6 58 1
6 62 1
6 63 1
6 66 1
6 71 1
6 73 1
6 76 1
6 78 1
7 8 1
7 15 1
7 17 1
7 19 1
7 20 1
7 24 1
7 25 1
7 32 1
7 39 1
7 48 1
7 59 1
7 68 1
7 69 1
7 72 1
7 74 1
7 75 1
8 11 1
8 12 1
8 14 1
8 15 1
8 16 1
8 26 1
8 28 1
8 33 1
8 36 1
8 37 1
8 47 1
8 52 1
8 55 1
8 67 1
8 68 1
8 69 1
8 70 1
8 73 1
8 77 1
8 79 1
9 12 1
9 16 1
9 21 1
9 24 1
9 27 1
9 37 1
9 41 1
9 42 1
9 46 1
9 52 1
9 53 1
9 56 1
9 59 1
9 63 1
9 69 1
9 75 1
9 76 1
9 77 1
9 79 1
10 11 1
10 13 1
10 18 1
10 21 1
10 31 1
10 40 1
10 64 1
10 71 1
10 78 1
11 15 1
11 16 1
11 26 1
11 27 1
11 32 1
11 33 1
11 39 1
11 42 1
11 47 1
11 51 1
11 53 1
11 56 1
11 63 1
11 65 1
11 66 1
11 79 1
12 14 1
12 21 1
12 31 1
12 33 1
12 43 1
12 44 1
12 60 1
12 64 1
12 66 1
12 74 1
12 75 1
13 14 1
13 20 1
13 21 1
13 23 1
13 27 1
13 28 1
13 30 1
13 32 1
13 33 1
13 35 1
13 36 1
13 39 1
13 42 1
13 48 1
13 49 1
13 54 1
13 69 1
13 71 1
13 75 1
13 78 1
14 16 1
14 18 1
14 20 1
14 24 1
14 32 1
14 34 1
14 36 1
14 37 1
14 42 1
14 46 1
14 49 1
14 54 1
14 59 1
14 60 1
14 67 1
14 78 1
15 16 1
15 17 1
15 19 1
15 25 1
15 26 1
15 31 1
15 33 1
15 34 1
15 50 1
15 57 1
15 58 1
15 61 1
15 72 1
15 79 1
16 27 1
16 41 1
16 44 1
16 50 1
16 60 1
16 62 1
16 68 1
16 69 1
16 74 1
16 77 1
16 79 1
17 23 1
17 24 1
17 29 1
17 37 1
17 41 1
17 42 1
17 50 1
17 68 1
17 72 1
17 76 1
17 78 1
18 19 1
18 24 1
18 25 1
18 30 1
18 33 1
18 36 1
18 39 1
18 45 1
18 58 1
18 70 1
18 71 1
19 21 1
19 25 1
19 26 1
19 29 1
19 31 1
19 32 1
19 34 1
19 36 1
19 39 1
19 40 1
19 48 1
19 49 1
19 52 1
19 57 1
19 60 1
19 62 1
19 70 1
20 29 1
20 47 1
20 57 1
20 59 1
20 65 1
20 68 1
20 69 1
20 70 1
20 71 1
20 73 1
20 75 1
20 79 1
21 22 1
21 37 1
21 42 1
21 47 1
21 50 1
21 52 1
21 56 1
21 57 1
21 59 1
21 69 1
21 71 1
21 72 1
21 73 1
21 74 1
22 24 1
22 25 1
22 27 1
22 31 1
22 36 1
22 41 1
22 45 1
22 55 1
22 57 1
22 68 1
22 74 1
23 24 1
23 25 1
23 26 1
23 29 1
23 31 1
23 32 1
23 41 1
23 44 1
23 47 1
23 51 1
23 55 1
23 58 1
23 61 1
23 62 1
23 67 1
23 73 1
23 75 1
24 25 1
24 37 1
24 44 1
24 45 1
24 48 1
24 51 1
24 62 1
24 72 1
24 74 1
24 75 1
24 78 1
25 26 1
25 40 1
25 42 1
25 44 1
25 48 1
25 52 1
25 54 1
25 58 1
25 64 1
25 70 1
25 71 1
25 72 1
26 36 1
26 40 1
26 45 1
26 47 1
26 52 1
26 56 1
26 65 1
26 67 1
26 70 1
26 74 1
26 75 1
26 77 1
26 79 1
27 28 1
27 40 1
27 47 1
27 51 1
27 52 1
27 53 1
27 60 1
27 62 1
27 63 1
27 67 1
27 70 1
27 72 1
27 76 1
28 31 1
28 42 1
28 47 1
28 48 1
28 49 1
28 63 1
28 75 1
29 30 1
29 38 1
29 39 1
29 41 1
29 42 1
29 47 1
29 48 1
29 52 1
29 54 1
29 55 1
29 56 1
29 63 1
29 64 1
29 71 1
29 76 1
30 31 1
30 42 1
30 44 1
30 54 1
30 55 1
30 59 1
30 63 1
30 64 1
30 73 1
30 74 1
31 33 1
31 35 1
31 41 1
31 46 1
31 50 1
31 52 1
31 53 1
31 58 1
31 69 1
31 70 1
31 72 1
31 78 1
32 37 1
32 40 1
32 45 1
32 52 1
32 55 1
32 59 1
32 60 1
32 65 1
32 66 1
32 69 1
32 73 1
33 35 1
33 36 1
33 58 1
33 61 1
33 66 1
33 67 1
33 69 1
33 79 1
34 38 1
34 40 1
34 44 1
34 51 1
34 53 1
34 73 1
34 76 1
34 79 1
35 37 1
35 43 1
35 45 1
35 51 1
35 53 1
35 59 1
35 65 1
35 66 1
35 68 1
35 73 1
35 74 1
35 77 1
35 78 1
36 38 1
36 49 1
36 50 1
36 51 1
36 65 1
36 67 1
36 72 1
36 78 1
37 42 1
37 53 1
37 61 1
37 72 1
37 76 1
38 43 1
38 46 1
38 48 1
38 61 1
38 62 1
38 68 1
38 69 1
38 73 1
38 77 1
39 40 1
39 44 1
39 45 1
39 51 1
39 60 1
39 62 1
39 63 1
39 67 1
39 76 1
39 78 1
39 79 1
40 42 1
40 45 1
40 46 1
40 47 1
40 48 1
40 58 1
40 66 1
40 68 1
40 70 1
40 73 1
40 77 1
41 55 1
41 56 1
41 57 1
41 66 1
41 68 1
41 70 1
41 73 1
41 78 1
42 52 1
42 62 1
42 65 1
42 66 1
42 67 1
42 69 1
42 71 1
42 72 1
42 76 1
42 77 1
42 79 1
43 47 1
43 48 1
43 50 1
43 67 1
43 75 1
43 76 1
44 49 1
44 53 1
44 56 1
44 67 1
44 73 1
44 74 1
45 53 1
45 59 1
45 63 1
45 68 1
45 73 1
45 77 1
46 50 1
46 51 1
46 52 1
46 61 1
46 71 1
46 75 1
46 76 1
47 48 1
47 57 1
47 58 1
47 64 1
48 53 1
48 63 1
48 64 1
48 66 1
48 70 1
48 76 1
48 77 1
49 50 1
49 61 1
49 64 1
49 69 1
49 74 1
49 75 1
49 76 1
49 77 1
50 54 1
50 56 1
50 69 1
50 71 1
50 76 1
50 79 1
51 53 1
51 54 1
51 61 1
51 63 1
51 71 1
51 74 1
51 75 1
52 53 1
52 55 1
52 57 1
52 62 1
52 63 1
52 74 1
52 79 1
53 56 1
53 58 1
53 60 1
53 61 1
53 66 1
53 69 1
53 76 1
54 59 1
54 61 1
54 69 1
54 71 1
54 73 1
54 78 1
54 79 1
55 57 1
55 64 1
55 68 1
55 70 1
56 59 1
56 60 1
56 63 1
56 68 1
56 73 1
56 76 1
56 77 1
56 79 1
57 58 1
57 75 1
58 63 1
58 73 1
58 74 1
58 75 1
58 76 1
59 65 1
59 68 1
59 69 1
59 70 1
59 73 1
59 79 1
60 64 1
60 68 1
60 71 1
60 72 1
60 73 1
60 74 1
60 75 1
60 78 1
61 67 1
61 71 1
61 76 1
61 77 1
62 64 1
63 76 1
63 77 1
63 79 1
64 67 1
64 75 1
64 79 1
65 69 1
65 77 1
65 79 1
67 73 1
67 77 1
67 78 1
68 74 1
69 71 1
70 73 1
70 78 1
71 72 1
75 76 1
75 78 1
75 79 1
77 78 1
77 79 1
1
7 32 21 25 17 55 40 52
