580
0 2 1
0 3 1
0 6 1
0 12 1
0 21 1
0 28 1
0 34 1
0 35 1
0 37 1
0 39 1
0 44 1
0 45 1
0 51 1
0 55 1
0 56 1
0 58 1
0 59 1
0 63 1
0 65 1
0 67 1
1 5 1
1 11 1
1 12 1
1 14 1
1 18 1
1 22 1
1 23 1
1 37 1
1 42 1
1 43 1
1 44 1
1 45 1
1 51 1
1 53 1
1 54 1
1 62 1
1 68 1
2 4 1
2 11 1
2 22 1
2 30 1
2 33 1
2 35 1
2 41 1
2 45 1
2 48 1
2 50 1
3 5 1
3 7 1
3 13 1
3 18 1
3 21 1
3 22 1
3 26 1
3 32 1
3 33 1
3 43 1
3 47 1
3 60 1
3 65 1
4 13 1
4 15 1
4 25 1
4 32 1
4 34 1
4 43 1
4 48 1
4 50 1
4 52 1
4 53 1
4 55 1
4 56 1
4 58 1
4 63 1
5 12 1
5 25 1
5 28 1
5 36 1
5 40 1
5 46 1
5 54 1
5 57 1
5 60 1
5 61 1
5 62 1
5 63 1
5 64 1
5 65 1
6 11 1
6 17 1
6 18 1
6 21 1
6 22 1
6 24 1
6 32 1
6 39 1
6 40 1
6 41 1
6 50 1
6 52 1
6 55 1
7 8 1
7 11 1
7 26 1
7 34 1
7 37 1
7 38 1
7 40 1
7 44 1
7 50 1
7 55 1
7 57 1
7 64 1
7 66 1
8 9 1
8 13 1
8 16 1
8 23 1
8 25 1
8 31 1
8 39 1
8 44 1
8 47 1
8 48 1
8 53 1
8 56 1
8 67 1
9 13 1
9 22 1
9 25 1
9 27 1
9 30 1
9 31 1
9 34 1
9 40 1
9 41 1
9 46 1
9 51 1
9 54 1
9 56 1
9 57 1
9 61 1
9 68 1
9 69 1
10 13 1
10 15 1
10 16 1
10 17 1
10 18 1
10 26 1
10 27 1
10 36 1
10 39 1
10 40 1
10 42 1
10 47 1
10 48 1
10 49 1
10 54 1
10 66 1
10 69 1
11 18 1
11 26 1
11 28 1
11 34 1
11 44 1
11 45 1
11 54 1
11 57 1
11 62 1
11 67 1
11 68 1
12 13 1
12 16 1
12 31 1
12 32 1
12 33 1
12 34 1
12 35 1
12 36 1
12 42 1
12 55 1
12 59 1
12 66 1
13 15 1
13 16 1
13 18 1
13 21 1
13 26 1
13 29 1
13 32 1
13 35 1
13 40 1
13 46 1
13 51 1
13 54 1
13 55 1
13 60 1
13 63 1
13 66 1
13 67 1
14 15 1
14 21 1
14 25 1
14 28 1
14 29 1
14 31 1
14 32 1
14 33 1
14 40 1
14 41 1
14 42 1
14 43 1
14 45 1
14 47 1
14 53 1
14 63 1
15 19 1
15 24 1
15 30 1
15 34 1
15 43 1
15 44 1
15 49 1
15 63 1
15 65 1
16 26 1
16 39 1
16 41 1
16 42 1
16 43 1
16 45 1
16 50 1
16 53 1
16 55 1
16 56 1
16 59 1
16 61 1
16 63 1
16 64 1
17 30 1
17 31 1
17 32 1
17 55 1
17 60 1
17 62 1
17 68 1
18 21 1
18 24 1
18 25 1
18 34 1
18 36 1
18 42 1
18 44 1
18 46 1
18 47 1
18 50 1
18 54 1
18 55 1
18 61 1
18 62 1
18 63 1
19 21 1
19 26 1
19 27 1
19 29 1
19 32 1
19 35 1
19 38 1
19 41 1
19 45 1
19 47 1
19 49 1
19 50 1
19 57 1
19 66 1
19 67 1
20 33 1
20 34 1
20 37 1
20 44 1
20 48 1
20 49 1
20 56 1
20 58 1
20 59 1
20 65 1
21 25 1
21 32 1
21 39 1
21 42 1
21 47 1
21 49 1
21 55 1
21 56 1
21 59 1
21 67 1
22 26 1
22 27 1
22 35 1
22 36 1
22 37 1
22 41 1
22 53 1
22 59 1
22 60 1
22 62 1
22 66 1
23 29 1
23 30 1
23 32 1
23 34 1
23 38 1
23 43 1
23 46 1
23 47 1
23 50 1
23 54 1
23 55 1
23 65 1
23 66 1
23 67 1
23 69 1
24 27 1
24 29 1
24 32 1
24 33 1
24 37 1
24 43 1
24 44 1
24 50 1
24 51 1
24 64 1
24 65 1
24 67 1
24 68 1
25 28 1
25 29 1
25 40 1
25 45 1
25 48 1
25 50 1
25 56 1
25 58 1
25 59 1
25 69 1
26 28 1
26 34 1
26 36 1
26 37 1
26 38 1
26 39 1
26 42 1
26 43 1
26 44 1
26 57 1
26 60 1
26 61 1
26 65 1
27 28 1
27 31 1
27 34 1
27 37 1
27 44 1
27 45 1
27 47 1
27 49 1
27 65 1
28 34 1
28 36 1
28 44 1
28 52 1
28 53 1
28 54 1
28 61 1
29 33 1
29 41 1
29 44 1
29 52 1
29 54 1
29 57 1
29 59 1
29 60 1
29 64 1
29 66 1
30 35 1
30 36 1
30 37 1
30 38 1
30 39 1
30 40 1
30 41 1
30 42 1
30 47 1
30 49 1
30 50 1
30 51 1
30 54 1
30 56 1
30 58 1
30 62 1
30 63 1
30 64 1
31 32 1
31 36 1
31 37 1
31 38 1
31 47 1
31 49 1
31 50 1
31 54 1
31 61 1
31 63 1
32 38 1
32 43 1
32 44 1
32 58 1
32 62 1
32 66 1
32 67 1
32 68 1
33 34 1
33 52 1
33 53 1
33 54 1
33 60 1
33 64 1
33 68 1
34 37 1
34 50 1
34 51 1
34 62 1
35 37 1
35 38 1
35 39 1
35 40 1
35 45 1
35 56 1
35 59 1
35 68 1
36 39 1
36 40 1
36 56 1
36 62 1
36 64 1
36 66 1
37 40 1
37 44 1
37 51 1
37 53 1
37 54 1
37 55 1
37 60 1
37 64 1
37 66 1
38 39 1
38 40 1
38 41 1
38 43 1
38 44 1
38 46 1
38 47 1
38 49 1
38 51 1
38 57 1
38 61 1
38 64 1
38 65 1
38 66 1
38 67 1
38 69 1
39 40 1
39 49 1
39 53 1
39 54 1
39 55 1
39 56 1
39 57 1
39 59 1
39 60 1
39 61 1
40 41 1
40 52 1
40 53 1
40 58 1
40 64 1
40 67 1
41 46 1
41 47 1
41 48 1
41 50 1
41 54 1
41 55 1
41 62 1
41 63 1
42 47 1
42 48 1
42 49 1
42 51 1
42 53 1
42 63 1
42 64 1
42 65 1
42 68 1
42 69 1
43 47 1
43 52 1
43 54 1
43 55 1
43 60 1
43 68 1
44 45 1
44 47 1
44 48 1
44 54 1
44 55 1
44 56 1
44 61 1
44 64 1
44 65 1
45 49 1
45 59 1
45 62 1
45 69 1
46 47 1
46 49 1
46 53 1
46 55 1
47 54 1
47 56 1
47 57 1
47 63 1
48 51 1
48 60 1
49 54 1
49 60 1
50 51 1
50 53 1
50 54 1
50 58 1
51 53 1
51 58 1
51 59 1
51 64 1
51 67 1
52 56 1
52 62 1
52 64 1
52 67 1
52 69 1
53 54 1
53 59 1
53 60 1
53 63 1
53 66 1
54 59 1
54 64 1
54 66 1
55 57 1
55 60 1
55 62 1
56 62 1
56 65 1
57 65 1
57 68 1
57 69 1
58 62 1
59 60 1
59 62 1
59 68 1
60 64 1
60 67 1
60 69 1
61 66 1
62 65 1
62 67 1
62 68 1
65 67 1
66 68 1
68 69 1
1
10 65 19 15 38 27 56
