1414
0 2 1
0 5 1
0 11 1
0 16 1
0 18 1
0 22 1
0 27 1
0 35 1
0 38 1
0 59 1
0 82 1
0 85 1
0 88 1
0 95 1
0 101 1
0 120 1
0 122 1
1 3 1
1 6 1
1 11 1
1 13 1
1 21 1
1 32 1
1 34 1
1 37 1
1 45 1
1 52 1
1 59 1
1 64 1
1 67 1
1 69 1
1 77 1
1 81 1
1 90 1
1 92 1
1 95 1
1 99 1
1 110 1
1 111 1
1 114 1
1 116 1
1 118 1
1 119 1
1 123 1
1 124 1
1 126 1
1 134 1
2 5 1
2 24 1
2 29 1
2 30 1
2 41 1
2 47 1
2 49 1
2 62 1
2 68 1
2 72 1
2 83 1
2 100 1
2 105 1
2 109 1
2 120 1
3 10 1
3 17 1
3 18 1
3 38 1
3 41 1
3 48 1
3 51 1
3 55 1
3 57 1
3 59 1
3 60 1
3 68 1
3 82 1
3 88 1
3 90 1
3 96 1
3 97 1
3 101 1
3 105 1
3 106 1
3 111 1
3 112 1
3 114 1
3 139 1
4 8 1
4 16 1
4 19 1
4 33 1
4 43 1
4 47 1
4 49 1
4 51 1
4 53 1
4 69 1
4 79 1
4 80 1
4 82 1
4 86 1
4 91 1
4 111 1
4 115 1
4 118 1
4 122 1
4 124 1
4 125 1
5 6 1
5 8 1
5 13 1
5 14 1
5 23 1
5 24 1
5 25 1
5 26 1
5 38 1
5 39 1
5 41 1
5 51 1
5 52 1
5 53 1
5 56 1
5 59 1
5 64 1
5 69 1
5 74 1
5 76 1
5 83 1
5 87 1
5 89 1
5 90 1
5 102 1
5 120 1
5 127 1
5 130 1
6 16 1
6 50 1
6 66 1
6 69 1
6 70 1
6 73 1
6 76 1
6 85 1
6 88 1
6 90 1
6 94 1
6 107 1
6 110 1
6 112 1
6 113 1
6 114 1
6 116 1
6 127 1
6 134 1
6 135 1
6 138 1
7 12 1
7 16 1
7 28 1
7 32 1
7 34 1
7 38 1
7 49 1
7 57 1
7 62 1
7 65 1
7 75 1
7 83 1
7 89 1
7 93 1
7 103 1
7 115 1
7 117 1
7 120 1
7 126 1
7 131 1
8 10 1
8 13 1
8 14 1
8 19 1
8 36 1
8 49 1
8 50 1
8 60 1
8 67 1
8 76 1
8 77 1
8 83 1
8 89 1
8 92 1
8 93 1
8 126 1
9 13 1
9 16 1
9 23 1
9 25 1
9 29 1
9 31 1
9 32 1
9 54 1
9 55 1
9 65 1
9 69 1
9 85 1
9 103 1
9 108 1
9 114 1
9 115 1
9 117 1
9 130 1
10 16 1
10 17 1
10 34 1
10 36 1
10 41 1
10 74 1
10 76 1
10 84 1
10 87 1
10 91 1
10 99 1
10 101 1
10 103 1
10 133 1
10 139 1
11 13 1
11 16 1
11 26 1
11 55 1
11 78 1
11 87 1
11 92 1
11 93 1
11 102 1
11 103 1
11 107 1
11 119 1
11 122 1
11 129 1
12 14 1
12 18 1
12 58 1
12 71 1
12 74 1
12 76 1
12 78 1
12 84 1
12 85 1
12 86 1
12 95 1
12 101 1
12 103 1
12 105 1
12 106 1
12 115 1
12 135 1
13 44 1
13 47 1
13 48 1
13 50 1
13 53 1
13 78 1
13 82 1
13 87 1
13 95 1
13 115 1
13 116 1
13 120 1
13 129 1
13 130 1
13 133 1
14 20 1
14 25 1
14 31 1
14 33 1
14 50 1
14 57 1
14 61 1
14 72 1
14 79 1
14 84 1
14 98 1
14 108 1
14 112 1
14 115 1
14 122 1
14 128 1
14 129 1
14 135 1
15 17 1
15 25 1
15 26 1
15 35 1
15 36 1
15 39 1
15 57 1
15 73 1
15 74 1
15 80 1
15 99 1
15 103 1
15 107 1
15 109 1
15 111 1
15 112 1
15 125 1
15 131 1
15 135 1
15 136 1
16 17 1
16 19 1
16 21 1
16 33 1
16 35 1
16 36 1
16 38 1
16 39 1
16 42 1
16 46 1
16 52 1
16 64 1
16 67 1
16 75 1
16 77 1
16 88 1
16 96 1
16 122 1
16 123 1
16 125 1
16 128 1
16 137 1
17 26 1
17 29 1
17 30 1
17 40 1
17 46 1
17 51 1
17 56 1
17 63 1
17 64 1
17 72 1
17 78 1
17 85 1
17 103 1
17 106 1
17 110 1
17 112 1
17 117 1
17 119 1
17 120 1
17 133 1
17 134 1
17 138 1
18 22 1
18 23 1
18 42 1
18 48 1
18 51 1
18 65 1
18 70 1
18 79 1
18 80 1
18 83 1
18 88 1
18 90 1
18 93 1
18 113 1
18 127 1
19 29 1
19 33 1
19 35 1
19 36 1
19 38 1
19 61 1
19 62 1
19 63 1
19 81 1
19 91 1
19 93 1
19 107 1
19 115 1
19 121 1
20 29 1
20 37 1
20 55 1
20 58 1
20 62 1
20 64 1
20 68 1
20 69 1
20 99 1
20 105 1
20 111 1
20 113 1
20 120 1
20 123 1
20 135 1
20 137 1
21 24 1
21 25 1
21 26 1
21 36 1
21 56 1
21 63 1
21 65 1
21 68 1
21 71 1
21 78 1
21 84 1
21 92 1
21 94 1
21 100 1
21 131 1
21 132 1
22 24 1
22 33 1
22 41 1
22 48 1
22 57 1
22 61 1
22 63 1
22 79 1
22 88 1
22 95 1
22 102 1
22 104 1
22 107 1
22 113 1
22 122 1
22 131 1
22 133 1
22 136 1
23 31 1
23 57 1
23 61 1
23 73 1
23 84 1
23 105 1
23 106 1
23 112 1
23 132 1
23 137 1
24 44 1
24 51 1
24 56 1
24 59 1
24 61 1
24 62 1
24 69 1
24 72 1
24 74 1
24 76 1
24 93 1
24 114 1
24 117 1
24 123 1
25 31 1
25 46 1
25 51 1
25 54 1
25 56 1
25 69 1
25 79 1
25 82 1
25 83 1
25 87 1
25 88 1
25 95 1
25 103 1
25 114 1
25 122 1
25 124 1
25 127 1
25 128 1
25 133 1
25 135 1
26 28 1
26 39 1
26 40 1
26 48 1
26 54 1
26 64 1
26 77 1
26 86 1
26 94 1
26 111 1
26 116 1
26 134 1
26 137 1
27 29 1
27 32 1
27 33 1
27 34 1
27 45 1
27 50 1
27 56 1
27 67 1
27 68 1
27 70 1
27 75 1
27 78 1
27 85 1
27 90 1
27 102 1
27 110 1
27 116 1
27 121 1
27 132 1
28 50 1
28 55 1
28 60 1
28 64 1
28 66 1
28 89 1
28 99 1
28 103 1
28 105 1
28 106 1
28 108 1
28 109 1
28 117 1
28 121 1
28 130 1
28 135 1
29 31 1
29 32 1
29 34 1
29 41 1
29 47 1
29 65 1
29 73 1
29 77 1
29 84 1
29 107 1
29 113 1
29 132 1
29 138 1
30 48 1
30 57 1
30 66 1
30 76 1
30 88 1
30 104 1
30 107 1
30 109 1
30 115 1
30 128 1
30 130 1
30 135 1
30 138 1
31 32 1
31 39 1
31 46 1
31 50 1
31 53 1
31 55 1
31 68 1
31 71 1
31 73 1
31 90 1
31 92 1
31 100 1
31 102 1
31 131 1
31 132 1
31 139 1
32 33 1
32 44 1
32 50 1
32 56 1
32 69 1
32 70 1
32 90 1
32 95 1
32 98 1
32 103 1
32 106 1
32 125 1
33 40 1
33 45 1
33 48 1
33 52 1
33 55 1
33 83 1
33 95 1
33 97 1
33 102 1
33 112 1
33 119 1
33 122 1
34 60 1
34 83 1
34 84 1
34 87 1
34 95 1
34 99 1
34 103 1
34 104 1
34 109 1
34 112 1
34 128 1
34 131 1
34 138 1
35 36 1
35 38 1
35 41 1
35 43 1
35 49 1
35 50 1
35 67 1
35 77 1
35 79 1
35 83 1
35 84 1
35 89 1
35 103 1
35 107 1
35 121 1
36 39 1
36 42 1
36 51 1
36 64 1
36 70 1
36 92 1
36 93 1
36 100 1
36 101 1
36 105 1
36 109 1
36 112 1
36 138 1
37 48 1
37 49 1
37 53 1
37 54 1
37 63 1
37 65 1
37 73 1
37 78 1
37 79 1
37 89 1
37 99 1
37 100 1
37 123 1
37 124 1
38 49 1
38 51 1
38 53 1
38 54 1
38 65 1
38 70 1
38 71 1
38 75 1
38 82 1
38 84 1
38 86 1
38 92 1
38 109 1
38 120 1
38 125 1
38 130 1
38 135 1
38 136 1
38 138 1
39 44 1
39 46 1
39 48 1
39 62 1
39 64 1
39 76 1
39 87 1
39 93 1
39 94 1
39 99 1
39 101 1
39 105 1
39 119 1
40 47 1
40 57 1
40 58 1
40 61 1
40 65 1
40 86 1
40 92 1
40 100 1
40 119 1
40 122 1
40 123 1
40 124 1
40 127 1
40 134 1
41 44 1
41 45 1
41 50 1
41 56 1
41 77 1
41 80 1
41 88 1
41 98 1
41 100 1
41 104 1
41 106 1
41 134 1
42 60 1
42 69 1
42 74 1
42 76 1
42 84 1
42 86 1
42 87 1
42 94 1
42 107 1
42 114 1
42 124 1
42 126 1
42 138 1
43 56 1
43 58 1
43 60 1
43 61 1
43 70 1
43 71 1
43 84 1
43 87 1
43 95 1
43 96 1
43 98 1
43 103 1
43 109 1
43 111 1
43 117 1
43 125 1
43 127 1
43 134 1
43 135 1
43 138 1
44 56 1
44 65 1
44 68 1
44 76 1
44 89 1
44 93 1
44 98 1
44 101 1
44 105 1
44 115 1
44 116 1
44 131 1
44 136 1
44 138 1
45 46 1
45 50 1
45 54 1
45 60 1
45 69 1
45 75 1
45 78 1
45 93 1
45 98 1
45 99 1
45 102 1
45 103 1
45 110 1
45 115 1
45 119 1
45 125 1
45 139 1
46 48 1
46 52 1
46 54 1
46 66 1
46 69 1
46 79 1
46 93 1
46 98 1
46 103 1
46 104 1
46 118 1
46 126 1
46 130 1
46 138 1
47 48 1
47 67 1
47 68 1
47 71 1
47 78 1
47 90 1
47 100 1
47 117 1
47 118 1
47 123 1
47 134 1
47 137 1
48 49 1
48 50 1
48 54 1
48 57 1
48 62 1
48 72 1
48 77 1
48 86 1
48 87 1
48 107 1
48 111 1
48 113 1
48 132 1
49 61 1
49 64 1
49 72 1
49 76 1
49 78 1
49 79 1
49 80 1
49 94 1
49 96 1
49 98 1
49 104 1
49 124 1
49 126 1
49 133 1
50 57 1
50 63 1
50 94 1
50 97 1
50 101 1
50 106 1
50 108 1
50 110 1
50 121 1
50 123 1
50 124 1
50 126 1
50 129 1
50 132 1
51 54 1
51 63 1
51 81 1
51 90 1
51 98 1
51 106 1
51 112 1
51 118 1
52 53 1
52 60 1
52 69 1
52 71 1
52 72 1
52 81 1
52 84 1
52 91 1
52 93 1
52 100 1
52 112 1
52 114 1
52 120 1
52 135 1
53 54 1
53 59 1
53 70 1
53 74 1
53 77 1
53 81 1
53 83 1
53 96 1
53 97 1
53 101 1
53 114 1
53 122 1
53 124 1
53 125 1
53 129 1
54 69 1
54 70 1
54 77 1
54 78 1
54 89 1
54 90 1
54 95 1
54 96 1
54 102 1
54 106 1
54 112 1
54 114 1
54 126 1
54 127 1
54 128 1
54 130 1
55 56 1
55 57 1
55 67 1
55 68 1
55 84 1
55 87 1
55 90 1
55 91 1
55 98 1
55 106 1
55 115 1
55 119 1
55 124 1
55 128 1
56 72 1
56 81 1
56 94 1
56 114 1
56 117 1
56 121 1
56 123 1
56 125 1
56 128 1
57 62 1
57 77 1
57 78 1
57 79 1
57 91 1
57 100 1
57 116 1
57 123 1
57 125 1
57 127 1
57 135 1
57 138 1
58 66 1
58 69 1
58 80 1
58 87 1
58 93 1
58 100 1
58 114 1
58 115 1
58 133 1
58 138 1
59 66 1
59 73 1
59 77 1
59 81 1
59 86 1
59 89 1
59 92 1
59 95 1
59 97 1
59 104 1
59 108 1
59 110 1
59 112 1
59 113 1
59 116 1
59 137 1
59 139 1
60 64 1
60 70 1
60 71 1
60 76 1
60 80 1
60 89 1
60 92 1
60 98 1
60 99 1
60 100 1
60 129 1
60 134 1
61 62 1
61 70 1
61 74 1
61 77 1
61 78 1
61 82 1
61 90 1
61 102 1
61 108 1
61 114 1
61 124 1
61 130 1
62 69 1
62 74 1
62 75 1
62 79 1
62 92 1
62 104 1
62 107 1
62 111 1
62 115 1
62 124 1
62 125 1
62 131 1
62 136 1
63 74 1
63 80 1
63 82 1
63 85 1
63 103 1
63 109 1
63 111 1
63 112 1
63 113 1
63 124 1
63 134 1
63 135 1
64 69 1
64 82 1
64 89 1
64 100 1
64 109 1
64 111 1
64 113 1
64 118 1
64 120 1
64 121 1
64 126 1
64 127 1
64 128 1
65 80 1
65 114 1
65 119 1
66 87 1
66 90 1
66 91 1
66 108 1
66 110 1
66 126 1
66 133 1
66 135 1
66 138 1
67 71 1
67 81 1
67 84 1
67 98 1
67 110 1
67 123 1
67 124 1
67 130 1
67 135 1
67 138 1
68 74 1
68 89 1
68 101 1
68 124 1
68 126 1
68 135 1
69 77 1
69 85 1
69 88 1
69 89 1
69 92 1
69 95 1
69 100 1
69 125 1
69 133 1
69 137 1
70 76 1
70 86 1
70 87 1
70 96 1
70 101 1
70 105 1
70 111 1
70 112 1
70 132 1
70 135 1
70 136 1
71 75 1
71 77 1
71 81 1
71 82 1
71 90 1
71 104 1
71 105 1
71 125 1
71 126 1
71 127 1
71 128 1
71 133 1
71 135 1
72 78 1
72 80 1
72 88 1
72 92 1
72 99 1
72 109 1
72 116 1
72 117 1
72 118 1
72 121 1
72 125 1
72 131 1
72 138 1
73 74 1
73 79 1
73 94 1
73 101 1
73 115 1
73 117 1
73 121 1
73 137 1
74 81 1
74 83 1
74 121 1
74 123 1
75 79 1
75 92 1
75 95 1
75 100 1
75 104 1
75 106 1
75 111 1
75 126 1
76 85 1
76 88 1
76 92 1
76 114 1
76 119 1
76 130 1
76 132 1
76 137 1
77 80 1
77 100 1
77 102 1
77 107 1
77 118 1
77 138 1
78 84 1
78 86 1
78 90 1
78 94 1
78 105 1
78 108 1
78 115 1
78 128 1
78 130 1
78 131 1
78 133 1
78 136 1
79 86 1
79 92 1
79 95 1
79 99 1
79 111 1
79 112 1
79 119 1
79 121 1
79 131 1
80 90 1
80 91 1
80 92 1
80 99 1
80 106 1
80 110 1
80 115 1
80 116 1
80 117 1
80 120 1
80 123 1
80 124 1
80 129 1
81 100 1
81 113 1
81 121 1
81 127 1
82 91 1
82 94 1
82 97 1
82 98 1
82 99 1
82 109 1
82 112 1
82 122 1
82 123 1
82 129 1
82 133 1
83 86 1
83 98 1
83 106 1
83 113 1
83 125 1
84 89 1
85 88 1
85 97 1
85 102 1
85 130 1
85 139 1
86 98 1
86 104 1
86 106 1
86 120 1
86 122 1
86 137 1
87 106 1
87 116 1
87 117 1
87 120 1
87 121 1
87 122 1
87 127 1
87 130 1
87 134 1
87 136 1
88 89 1
88 96 1
88 107 1
88 112 1
88 113 1
88 116 1
88 119 1
88 122 1
88 132 1
88 138 1
89 93 1
89 102 1
89 103 1
89 116 1
89 126 1
89 128 1
89 131 1
89 132 1
89 138 1
90 96 1
90 99 1
90 105 1
90 106 1
90 112 1
90 122 1
90 126 1
90 127 1
90 133 1
90 136 1
91 105 1
91 108 1
91 115 1
91 116 1
91 121 1
91 123 1
91 132 1
91 136 1
92 96 1
92 101 1
92 105 1
92 107 1
92 108 1
92 116 1
92 130 1
92 131 1
92 132 1
92 137 1
93 95 1
93 99 1
93 107 1
93 114 1
93 118 1
93 121 1
93 130 1
93 138 1
94 97 1
94 133 1
95 105 1
95 121 1
95 128 1
95 131 1
95 136 1
95 138 1
95 139 1
96 100 1
96 111 1
96 114 1
96 130 1
97 99 1
97 112 1
97 113 1
97 114 1
97 124 1
97 126 1
97 127 1
97 134 1
98 105 1
98 111 1
98 123 1
98 129 1
99 101 1
99 103 1
99 111 1
99 116 1
99 124 1
99 138 1
100 102 1
100 107 1
100 109 1
100 123 1
100 124 1
100 138 1
101 107 1
101 112 1
101 134 1
102 108 1
102 114 1
102 125 1
102 127 1
102 133 1
103 106 1
103 107 1
103 108 1
103 111 1
103 113 1
103 114 1
103 125 1
103 129 1
104 105 1
104 111 1
104 113 1
104 117 1
104 126 1
104 127 1
105 111 1
105 119 1
105 126 1
106 113 1
106 115 1
106 117 1
106 119 1
106 121 1
106 123 1
106 127 1
106 128 1
106 136 1
107 117 1
107 119 1
107 125 1
108 111 1
108 114 1
108 120 1
108 129 1
108 134 1
108 135 1
108 138 1
109 119 1
109 128 1
109 137 1
109 139 1
110 113 1
110 114 1
110 122 1
110 125 1
110 130 1
110 131 1
111 117 1
111 120 1
111 122 1
111 135 1
111 137 1
112 130 1
112 137 1
112 138 1
113 114 1
113 117 1
113 124 1
113 128 1
113 131 1
113 134 1
113 136 1
113 139 1
114 116 1
114 123 1
114 125 1
114 136 1
115 119 1
115 126 1
115 128 1
115 129 1
115 136 1
115 139 1
116 126 1
116 134 1
117 121 1
117 128 1
117 130 1
117 136 1
117 137 1
117 139 1
118 121 1
118 125 1
118 127 1
118 133 1
118 137 1
119 123 1
119 137 1
120 129 1
120 139 1
121 123 1
121 125 1
121 130 1
121 138 1
122 127 1
122 128 1
122 129 1
122 130 1
122 134 1
123 125 1
123 139 1
124 125 1
124 126 1
124 129 1
125 128 1
125 131 1
125 132 1
127 131 1
127 132 1
128 139 1
129 139 1
132 135 1
133 135 1
133 139 1
134 138 1
134 139 1
136 139 1
137 138 1
137 139 1
1
72 1 119 93 56 44 2 37 78 90 36 52 30 7
