1378
0 3 1
0 4 1
0 12 1
0 33 1
0 75 1
0 79 1
0 80 1
0 90 1
0 102 1
0 103 1
0 109 1
0 116 1
0 119 1
0 124 1
0 128 1
0 137 1
1 11 1
1 18 1
1 51 1
1 53 1
1 55 1
1 56 1
1 69 1
1 71 1
1 79 1
1 93 1
1 95 1
1 107 1
1 113 1
1 115 1
1 132 1
1 138 1
2 7 1
2 12 1
2 15 1
2 18 1
2 21 1
2 54 1
2 55 1
2 63 1
2 71 1
2 72 1
2 77 1
2 80 1
2 91 1
2 93 1
2 96 1
2 104 1
2 111 1
2 112 1
2 119 1
2 135 1
2 139 1
3 11 1
3 12 1
3 15 1
3 27 1
3 50 1
3 71 1
3 77 1
3 79 1
3 93 1
3 107 1
3 116 1
3 117 1
3 119 1
3 123 1
3 126 1
3 128 1
4 8 1
4 10 1
4 13 1
4 68 1
4 70 1
4 75 1
4 82 1
4 90 1
4 101 1
4 109 1
4 129 1
4 138 1
5 9 1
5 17 1
5 19 1
5 22 1
5 31 1
5 32 1
5 33 1
5 35 1
5 46 1
5 72 1
5 75 1
5 82 1
5 86 1
5 87 1
5 90 1
5 95 1
5 104 1
5 107 1
5 119 1
5 120 1
5 139 1
6 8 1
6 16 1
6 23 1
6 40 1
6 42 1
6 45 1
6 51 1
6 59 1
6 69 1
6 75 1
6 88 1
6 93 1
6 100 1
6 105 1
6 106 1
6 107 1
6 109 1
6 116 1
6 117 1
6 124 1
6 130 1
6 137 1
7 17 1
7 21 1
7 29 1
7 33 1
7 37 1
7 42 1
7 43 1
7 56 1
7 59 1
7 61 1
7 70 1
7 83 1
7 97 1
7 119 1
7 122 1
7 130 1
7 131 1
8 9 1
8 16 1
8 17 1
8 27 1
8 28 1
8 34 1
8 37 1
8 39 1
8 49 1
8 50 1
8 53 1
8 76 1
8 83 1
8 86 1
8 92 1
8 98 1
8 102 1
8 105 1
8 109 1
8 126 1
8 131 1
8 136 1
8 137 1
9 12 1
9 24 1
9 38 1
9 46 1
9 56 1
9 65 1
9 69 1
9 75 1
9 76 1
9 83 1
9 86 1
9 99 1
9 119 1
9 135 1
10 21 1
10 23 1
10 31 1
10 33 1
10 48 1
10 52 1
10 72 1
10 77 1
10 82 1
10 86 1
10 91 1
10 92 1
10 93 1
10 97 1
10 98 1
10 105 1
10 109 1
10 115 1
10 116 1
10 119 1
10 121 1
10 122 1
10 128 1
10 137 1
11 17 1
11 30 1
11 32 1
11 46 1
11 49 1
11 56 1
11 60 1
11 65 1
11 73 1
11 91 1
11 98 1
11 110 1
11 123 1
11 125 1
12 35 1
12 36 1
12 43 1
12 47 1
12 50 1
12 56 1
12 63 1
12 65 1
12 80 1
12 83 1
12 93 1
12 100 1
12 106 1
12 110 1
12 111 1
12 113 1
12 114 1
12 118 1
12 123 1
12 124 1
12 126 1
12 128 1
12 131 1
12 136 1
13 35 1
13 39 1
13 44 1
13 46 1
13 47 1
13 58 1
13 59 1
13 67 1
13 68 1
13 79 1
13 80 1
13 86 1
13 87 1
13 90 1
13 94 1
13 97 1
13 98 1
13 106 1
13 110 1
13 111 1
13 117 1
14 17 1
14 30 1
14 31 1
14 33 1
14 39 1
14 40 1
14 48 1
14 50 1
14 53 1
14 55 1
14 59 1
14 61 1
14 68 1
14 82 1
14 87 1
14 91 1
14 100 1
14 102 1
14 103 1
14 130 1
14 137 1
14 138 1
15 27 1
15 32 1
15 34 1
15 35 1
15 47 1
15 52 1
15 59 1
15 66 1
15 69 1
15 70 1
15 77 1
15 79 1
15 82 1
15 95 1
15 98 1
15 114 1
15 127 1
15 137 1
15 138 1
16 21 1
16 25 1
16 26 1
16 37 1
16 44 1
16 51 1
16 56 1
16 57 1
16 60 1
16 79 1
16 81 1
16 85 1
16 87 1
16 88 1
16 92 1
16 108 1
16 139 1
17 18 1
17 22 1
17 24 1
17 25 1
17 30 1
17 37 1
17 39 1
17 45 1
17 46 1
17 60 1
17 84 1
17 86 1
17 87 1
17 88 1
17 96 1
17 108 1
17 113 1
17 118 1
17 119 1
17 133 1
17 135 1
18 20 1
18 30 1
18 34 1
18 37 1
18 42 1
18 46 1
18 61 1
18 84 1
18 88 1
18 91 1
18 97 1
18 98 1
18 103 1
18 116 1
18 118 1
18 125 1
19 22 1
19 23 1
19 26 1
19 46 1
19 57 1
19 58 1
19 73 1
19 77 1
19 82 1
19 98 1
19 117 1
19 137 1
20 22 1
20 23 1
20 36 1
20 42 1
20 44 1
20 51 1
20 55 1
20 74 1
20 75 1
20 77 1
20 83 1
20 95 1
20 96 1
20 97 1
20 105 1
20 107 1
21 54 1
21 55 1
21 69 1
21 78 1
21 79 1
21 108 1
21 114 1
21 117 1
21 119 1
21 124 1
21 133 1
21 138 1
22 32 1
22 54 1
22 74 1
22 85 1
22 106 1
22 116 1
22 121 1
22 136 1
23 26 1
23 27 1
23 31 1
23 43 1
23 44 1
23 47 1
23 58 1
23 63 1
23 66 1
23 67 1
23 78 1
23 82 1
23 96 1
23 111 1
23 130 1
24 30 1
24 39 1
24 41 1
24 55 1
24 61 1
24 69 1
24 81 1
24 82 1
24 86 1
24 89 1
24 91 1
24 92 1
24 97 1
24 111 1
24 119 1
24 135 1
24 138 1
25 26 1
25 29 1
25 35 1
25 40 1
25 42 1
25 59 1
25 64 1
25 67 1
25 78 1
25 82 1
25 85 1
25 93 1
25 102 1
25 109 1
25 127 1
25 128 1
25 131 1
25 133 1
25 135 1
25 137 1
25 138 1
26 37 1
26 39 1
26 42 1
26 43 1
26 47 1
26 52 1
26 60 1
26 63 1
26 66 1
26 73 1
26 79 1
26 80 1
26 88 1
26 91 1
26 102 1
26 105 1
26 106 1
26 108 1
26 109 1
26 113 1
26 116 1
26 120 1
26 126 1
27 28 1
27 40 1
27 44 1
27 47 1
27 51 1
27 59 1
27 69 1
27 71 1
27 77 1
27 83 1
27 101 1
27 122 1
27 123 1
27 124 1
27 126 1
27 127 1
27 132 1
27 133 1
27 134 1
27 138 1
28 38 1
28 58 1
28 77 1
28 88 1
28 90 1
28 91 1
28 104 1
28 118 1
28 120 1
29 41 1
29 69 1
29 73 1
29 79 1
29 87 1
29 88 1
29 93 1
29 98 1
29 104 1
29 112 1
29 114 1
29 120 1
29 126 1
29 137 1
29 139 1
30 49 1
30 51 1
30 57 1
30 59 1
30 60 1
30 68 1
30 86 1
30 88 1
30 99 1
30 101 1
30 104 1
30 114 1
30 116 1
30 134 1
30 139 1
31 37 1
31 46 1
31 47 1
31 52 1
31 63 1
31 65 1
31 69 1
31 72 1
31 116 1
31 118 1
31 121 1
31 125 1
31 131 1
31 139 1
32 41 1
32 42 1
32 45 1
32 65 1
32 70 1
32 71 1
32 72 1
32 74 1
32 75 1
32 78 1
32 83 1
32 84 1
32 89 1
32 91 1
32 93 1
32 105 1
32 107 1
32 109 1
32 126 1
33 43 1
33 52 1
33 69 1
33 71 1
33 93 1
33 96 1
33 101 1
33 102 1
33 107 1
33 111 1
33 117 1
33 120 1
33 123 1
34 35 1
34 49 1
34 59 1
34 69 1
34 81 1
34 82 1
34 83 1
34 88 1
34 90 1
34 94 1
34 98 1
34 108 1
34 112 1
34 114 1
34 118 1
34 124 1
34 137 1
35 43 1
35 45 1
35 53 1
35 56 1
35 77 1
35 90 1
35 95 1
35 96 1
35 111 1
35 114 1
35 122 1
35 125 1
35 127 1
36 39 1
36 45 1
36 48 1
36 56 1
36 63 1
36 77 1
36 87 1
36 113 1
36 116 1
36 128 1
36 131 1
36 138 1
37 41 1
37 58 1
37 64 1
37 70 1
37 71 1
37 78 1
37 85 1
37 91 1
37 94 1
37 98 1
37 104 1
37 113 1
37 123 1
37 125 1
38 44 1
38 46 1
38 69 1
38 78 1
38 92 1
38 106 1
38 117 1
38 126 1
38 127 1
38 128 1
38 138 1
39 42 1
39 43 1
39 48 1
39 49 1
39 52 1
39 56 1
39 58 1
39 60 1
39 66 1
39 77 1
39 92 1
39 94 1
39 106 1
39 107 1
39 111 1
39 117 1
39 126 1
39 128 1
39 129 1
39 130 1
39 132 1
40 41 1
40 52 1
40 60 1
40 61 1
40 64 1
40 67 1
40 76 1
40 81 1
40 84 1
40 92 1
40 102 1
40 107 1
40 115 1
40 119 1
40 128 1
40 129 1
41 42 1
41 48 1
41 52 1
41 53 1
41 60 1
41 71 1
41 75 1
41 80 1
41 81 1
41 86 1
41 92 1
41 97 1
41 106 1
41 107 1
41 112 1
41 126 1
41 128 1
41 136 1
41 138 1
42 46 1
42 57 1
42 95 1
42 100 1
42 103 1
42 115 1
42 116 1
42 121 1
42 122 1
42 123 1
42 124 1
42 128 1
42 139 1
43 51 1
43 64 1
43 67 1
43 74 1
43 75 1
43 83 1
43 92 1
43 96 1
43 99 1
43 110 1
43 122 1
43 126 1
43 135 1
44 46 1
44 47 1
44 48 1
44 49 1
44 53 1
44 56 1
44 58 1
44 60 1
44 69 1
44 84 1
44 86 1
44 89 1
44 93 1
44 95 1
44 111 1
44 114 1
44 124 1
44 126 1
44 137 1
45 49 1
45 50 1
45 57 1
45 64 1
45 67 1
45 68 1
45 85 1
45 96 1
45 99 1
45 110 1
45 129 1
45 130 1
46 67 1
46 68 1
46 74 1
46 81 1
46 82 1
46 92 1
46 95 1
46 97 1
46 101 1
46 109 1
46 113 1
46 118 1
46 139 1
47 57 1
47 59 1
47 63 1
47 65 1
47 67 1
47 72 1
47 84 1
47 104 1
47 109 1
47 119 1
47 127 1
47 137 1
48 52 1
48 61 1
48 65 1
48 78 1
48 79 1
48 84 1
48 85 1
48 94 1
48 100 1
48 106 1
48 108 1
48 114 1
48 120 1
48 124 1
48 129 1
48 139 1
49 52 1
49 66 1
49 68 1
49 74 1
49 86 1
49 94 1
49 107 1
49 112 1
49 115 1
49 129 1
49 135 1
50 55 1
50 60 1
50 62 1
50 65 1
50 68 1
50 80 1
50 83 1
50 87 1
50 105 1
50 119 1
50 131 1
50 136 1
51 57 1
51 63 1
51 70 1
51 94 1
51 109 1
51 110 1
51 120 1
51 127 1
51 138 1
52 57 1
52 67 1
52 70 1
52 91 1
52 108 1
52 112 1
52 116 1
52 120 1
52 130 1
52 133 1
52 139 1
53 60 1
53 61 1
53 70 1
53 90 1
53 98 1
53 102 1
53 108 1
53 112 1
53 128 1
53 138 1
53 139 1
54 65 1
54 66 1
54 70 1
54 83 1
54 88 1
54 94 1
54 96 1
54 97 1
54 104 1
54 108 1
54 111 1
54 116 1
54 120 1
55 59 1
55 67 1
55 72 1
55 74 1
55 93 1
55 108 1
55 114 1
55 137 1
55 138 1
56 64 1
56 95 1
56 99 1
56 103 1
56 122 1
56 123 1
56 128 1
56 130 1
57 59 1
57 70 1
57 76 1
57 82 1
57 85 1
57 90 1
57 92 1
57 99 1
57 101 1
57 103 1
57 113 1
57 116 1
57 125 1
57 130 1
57 131 1
58 66 1
58 67 1
58 70 1
58 72 1
58 74 1
58 75 1
58 76 1
58 100 1
58 101 1
58 108 1
58 110 1
58 114 1
58 115 1
58 117 1
58 118 1
58 122 1
58 132 1
58 136 1
59 65 1
59 66 1
59 67 1
59 84 1
59 105 1
59 106 1
59 109 1
59 117 1
59 118 1
59 130 1
59 131 1
59 137 1
59 139 1
60 65 1
60 69 1
60 84 1
60 117 1
60 121 1
60 130 1
60 136 1
60 139 1
61 77 1
61 81 1
61 83 1
61 85 1
61 91 1
61 96 1
61 99 1
61 106 1
61 110 1
61 113 1
61 114 1
61 131 1
62 63 1
62 64 1
62 68 1
62 70 1
62 72 1
62 99 1
62 117 1
62 119 1
62 137 1
62 139 1
63 64 1
63 74 1
63 83 1
63 97 1
63 99 1
63 102 1
63 123 1
63 130 1
63 131 1
63 132 1
64 67 1
64 72 1
64 78 1
64 81 1
64 85 1
64 90 1
64 92 1
64 97 1
64 107 1
64 115 1
64 125 1
64 126 1
64 130 1
64 131 1
64 133 1
64 134 1
64 139 1
65 87 1
65 109 1
65 115 1
65 124 1
65 127 1
65 131 1
65 133 1
65 136 1
65 139 1
66 73 1
66 82 1
66 92 1
66 93 1
66 114 1
66 116 1
66 117 1
66 120 1
66 125 1
66 134 1
66 136 1
67 85 1
67 95 1
67 99 1
67 103 1
67 117 1
67 122 1
67 124 1
67 128 1
67 129 1
67 139 1
68 78 1
68 80 1
68 90 1
68 95 1
68 105 1
68 111 1
68 119 1
68 122 1
68 124 1
68 129 1
68 130 1
68 136 1
68 137 1
69 80 1
69 83 1
69 86 1
69 89 1
69 91 1
69 98 1
69 99 1
69 107 1
69 108 1
69 109 1
69 114 1
69 120 1
69 135 1
70 72 1
70 74 1
70 80 1
70 84 1
70 99 1
70 107 1
70 111 1
70 112 1
70 121 1
70 122 1
70 126 1
70 136 1
70 138 1
71 79 1
71 93 1
71 100 1
71 105 1
71 106 1
71 121 1
71 136 1
72 74 1
72 76 1
72 84 1
72 86 1
72 97 1
72 98 1
72 111 1
72 120 1
72 129 1
73 105 1
73 110 1
73 115 1
73 120 1
73 121 1
73 128 1
73 129 1
73 134 1
74 78 1
74 91 1
74 111 1
74 120 1
74 124 1
74 127 1
74 137 1
75 78 1
75 83 1
75 84 1
75 96 1
75 102 1
75 106 1
75 122 1
75 127 1
75 128 1
75 135 1
75 138 1
76 78 1
76 81 1
76 83 1
76 89 1
76 92 1
76 100 1
76 103 1
76 104 1
76 106 1
76 108 1
76 130 1
76 135 1
76 137 1
76 138 1
77 81 1
77 87 1
77 88 1
77 90 1
77 92 1
77 93 1
77 108 1
77 110 1
77 124 1
77 128 1
77 139 1
78 80 1
78 81 1
78 86 1
78 104 1
78 113 1
78 127 1
78 139 1
79 94 1
79 104 1
79 107 1
79 111 1
79 123 1
79 124 1
79 138 1
80 84 1
80 97 1
80 121 1
80 122 1
81 84 1
81 92 1
81 100 1
81 108 1
81 119 1
81 126 1
81 133 1
82 112 1
82 124 1
82 130 1
82 136 1
82 139 1
83 135 1
83 138 1
84 96 1
84 97 1
84 100 1
84 109 1
84 116 1
84 119 1
84 134 1
84 137 1
84 138 1
85 86 1
85 96 1
85 98 1
85 100 1
85 110 1
85 113 1
85 114 1
85 127 1
85 133 1
86 102 1
86 114 1
86 118 1
86 121 1
86 135 1
86 138 1
87 92 1
87 112 1
87 116 1
87 117 1
87 126 1
87 132 1
87 133 1
87 138 1
87 139 1
88 99 1
88 104 1
88 129 1
89 94 1
89 98 1
89 101 1
89 107 1
89 114 1
89 126 1
89 131 1
89 132 1
89 135 1
90 91 1
90 96 1
90 97 1
90 108 1
90 118 1
90 122 1
90 128 1
90 129 1
90 131 1
90 137 1
90 139 1
91 93 1
91 95 1
91 100 1
91 103 1
91 104 1
91 106 1
91 107 1
91 108 1
91 112 1
91 129 1
91 132 1
92 98 1
92 100 1
92 104 1
92 112 1
92 113 1
92 114 1
92 116 1
92 118 1
92 123 1
92 139 1
93 124 1
93 131 1
93 137 1
93 139 1
94 99 1
94 100 1
94 103 1
94 105 1
94 114 1
94 115 1
94 121 1
94 126 1
94 129 1
95 96 1
95 98 1
95 99 1
95 103 1
95 113 1
95 118 1
95 126 1
95 137 1
96 98 1
96 112 1
96 115 1
96 120 1
96 122 1
96 123 1
96 128 1
96 134 1
97 102 1
97 107 1
97 112 1
97 119 1
97 128 1
98 114 1
98 131 1
98 137 1
99 100 1
99 106 1
99 115 1
99 116 1
99 129 1
99 132 1
100 111 1
100 128 1
100 131 1
100 134 1
100 135 1
100 137 1
101 104 1
101 117 1
101 123 1
101 125 1
101 132 1
101 139 1
102 128 1
102 130 1
102 131 1
102 137 1
103 110 1
103 115 1
103 118 1
103 122 1
103 126 1
103 136 1
103 137 1
104 115 1
104 121 1
104 127 1
104 129 1
104 130 1
105 120 1
105 134 1
105 138 1
106 113 1
106 121 1
106 125 1
106 135 1
107 116 1
107 117 1
107 119 1
107 135 1
108 114 1
108 138 1
109 114 1
109 129 1
109 133 1
110 115 1
110 119 1
110 124 1
110 132 1
110 134 1
111 116 1
111 125 1
111 126 1
111 134 1
112 133 1
113 114 1
113 127 1
113 134 1
113 135 1
114 117 1
114 121 1
114 123 1
114 135 1
115 119 1
115 128 1
116 123 1
116 133 1
116 137 1
118 123 1
118 127 1
118 133 1
118 139 1
119 130 1
119 137 1
120 132 1
120 137 1
121 123 1
121 129 1
121 134 1
121 139 1
122 132 1
123 128 1
123 129 1
124 127 1
124 129 1
125 138 1
126 128 1
126 130 1
126 131 1
126 135 1
127 138 1
130 139 1
131 132 1
133 136 1
133 138 1
135 136 1
135 139 1
136 139 1
1
107 99 111 75 40 73 121 130 64 138 25 112 44 43
