1801
0 3 1
0 18 1
0 33 1
0 42 1
0 59 1
0 70 1
0 72 1
0 74 1
0 85 1
0 86 1
0 132 1
0 140 1
0 147 1
0 154 1
0 166 1
0 173 1
0 174 1
0 178 1
1 18 1
1 26 1
1 41 1
1 49 1
1 56 1
1 61 1
1 62 1
1 73 1
1 74 1
1 79 1
1 90 1
1 112 1
1 117 1
1 119 1
1 130 1
1 143 1
1 147 1
1 148 1
1 170 1
1 179 1
2 7 1
2 46 1
2 55 1
2 60 1
2 68 1
2 79 1
2 102 1
2 112 1
2 123 1
2 127 1
2 132 1
2 135 1
2 137 1
2 146 1
2 147 1
3 9 1
3 18 1
3 22 1
3 34 1
3 48 1
3 55 1
3 82 1
3 86 1
3 91 1
3 93 1
3 109 1
3 115 1
3 119 1
3 128 1
3 130 1
3 158 1
4 8 1
4 13 1
4 14 1
4 34 1
4 51 1
4 52 1
4 54 1
4 57 1
4 59 1
4 106 1
4 123 1
4 127 1
4 130 1
4 174 1
4 178 1
5 11 1
5 22 1
5 29 1
5 31 1
5 55 1
5 58 1
5 64 1
5 81 1
5 82 1
5 99 1
5 123 1
5 124 1
5 128 1
5 134 1
5 159 1
5 166 1
5 171 1
6 12 1
6 14 1
6 18 1
6 31 1
6 32 1
6 40 1
6 46 1
6 47 1
6 54 1
6 64 1
6 70 1
6 73 1
6 86 1
6 88 1
6 91 1
6 95 1
6 107 1
6 115 1
6 120 1
6 136 1
6 138 1
6 158 1
6 160 1
6 164 1
6 176 1
6 178 1
7 15 1
7 21 1
7 31 1
7 40 1
7 42 1
7 88 1
7 90 1
7 116 1
7 125 1
7 132 1
7 141 1
8 12 1
8 15 1
8 18 1
8 31 1
8 33 1
8 48 1
8 58 1
8 72 1
8 76 1
8 94 1
8 100 1
8 102 1
8 119 1
8 122 1
8 137 1
8 140 1
8 160 1
8 171 1
9 11 1
9 15 1
9 22 1
9 43 1
9 47 1
9 69 1
9 71 1
9 74 1
9 75 1
9 88 1
9 97 1
9 132 1
9 136 1
9 139 1
9 146 1
9 147 1
9 160 1
9 167 1
9 168 1
9 174 1
10 15 1
10 20 1
10 31 1
10 34 1
10 36 1
10 40 1
10 52 1
10 55 1
10 72 1
10 88 1
10 98 1
10 113 1
10 147 1
10 150 1
10 157 1
10 158 1
10 168 1
10 177 1
11 15 1
11 20 1
11 40 1
11 47 1
11 69 1
11 74 1
11 76 1
11 82 1
11 84 1
11 99 1
11 100 1
11 111 1
11 114 1
11 118 1
11 124 1
11 133 1
11 141 1
11 147 1
11 150 1
11 157 1
11 159 1
11 167 1
11 170 1
11 177 1
11 178 1
12 38 1
12 39 1
12 44 1
12 46 1
12 54 1
12 59 1
12 62 1
12 68 1
12 69 1
12 71 1
12 75 1
12 83 1
12 86 1
12 99 1
12 103 1
12 120 1
12 126 1
12 130 1
12 149 1
12 155 1
12 158 1
12 166 1
12 173 1
13 19 1
13 36 1
13 38 1
13 39 1
13 44 1
13 46 1
13 52 1
13 56 1
13 80 1
13 98 1
13 109 1
13 126 1
13 129 1
13 130 1
13 135 1
13 143 1
13 149 1
13 151 1
13 159 1
13 165 1
13 178 1
14 20 1
14 25 1
14 48 1
14 70 1
14 87 1
14 88 1
14 97 1
14 102 1
14 133 1
14 152 1
14 162 1
14 167 1
14 172 1
14 175 1
14 176 1
15 37 1
15 53 1
15 55 1
15 57 1
15 64 1
15 68 1
15 69 1
15 105 1
15 114 1
15 124 1
15 130 1
15 133 1
15 141 1
15 164 1
15 173 1
16 21 1
16 25 1
16 28 1
16 32 1
16 71 1
16 73 1
16 74 1
16 94 1
16 103 1
16 107 1
16 109 1
16 124 1
16 125 1
16 132 1
16 133 1
16 135 1
16 147 1
16 157 1
16 158 1
16 163 1
16 164 1
16 167 1
17 25 1
17 34 1
17 36 1
17 40 1
17 44 1
17 57 1
17 58 1
17 69 1
17 72 1
17 74 1
17 90 1
17 99 1
17 106 1
17 111 1
17 117 1
17 137 1
17 143 1
17 161 1
17 175 1
17 177 1
18 44 1
18 56 1
18 59 1
18 74 1
18 78 1
18 89 1
18 92 1
18 118 1
18 119 1
18 131 1
18 140 1
18 151 1
18 153 1
18 161 1
18 164 1
18 166 1
18 167 1
19 24 1
19 27 1
19 37 1
19 40 1
19 43 1
19 45 1
19 46 1
19 56 1
19 71 1
19 83 1
19 105 1
19 121 1
19 126 1
19 131 1
19 136 1
19 137 1
19 146 1
19 173 1
19 174 1
20 25 1
20 41 1
20 43 1
20 59 1
20 104 1
20 105 1
20 116 1
20 122 1
20 134 1
20 141 1
20 153 1
20 156 1
20 160 1
20 164 1
20 166 1
20 178 1
21 39 1
21 52 1
21 69 1
21 91 1
21 100 1
21 109 1
21 123 1
21 125 1
21 127 1
21 141 1
21 144 1
21 150 1
21 151 1
21 165 1
21 170 1
21 174 1
22 24 1
22 36 1
22 53 1
22 56 1
22 64 1
22 67 1
22 71 1
22 83 1
22 85 1
22 95 1
22 104 1
22 113 1
22 132 1
22 153 1
22 163 1
22 165 1
22 170 1
23 24 1
23 36 1
23 74 1
23 78 1
23 90 1
23 94 1
23 116 1
23 137 1
23 145 1
23 150 1
23 154 1
23 160 1
23 163 1
23 172 1
23 174 1
23 177 1
24 47 1
24 68 1
24 90 1
24 109 1
24 117 1
24 146 1
24 165 1
25 31 1
25 46 1
25 51 1
25 55 1
25 58 1
25 61 1
25 71 1
25 78 1
25 87 1
25 94 1
25 100 1
25 107 1
25 140 1
25 157 1
25 163 1
25 166 1
25 167 1
25 176 1
26 33 1
26 49 1
26 59 1
26 86 1
26 114 1
26 115 1
26 116 1
26 133 1
26 134 1
26 135 1
26 138 1
26 144 1
26 153 1
26 166 1
26 178 1
27 28 1
27 45 1
27 52 1
27 58 1
27 64 1
27 72 1
27 74 1
27 78 1
27 81 1
27 86 1
27 106 1
27 118 1
27 121 1
27 143 1
27 146 1
27 151 1
27 152 1
27 159 1
27 172 1
27 177 1
28 33 1
28 36 1
28 55 1
28 63 1
28 82 1
28 89 1
28 99 1
28 121 1
28 122 1
28 125 1
28 126 1
28 129 1
28 130 1
28 153 1
28 177 1
29 36 1
29 39 1
29 41 1
29 42 1
29 72 1
29 96 1
29 120 1
29 128 1
29 134 1
29 136 1
29 139 1
29 141 1
29 162 1
30 33 1
30 36 1
30 39 1
30 50 1
30 82 1
30 88 1
30 89 1
30 90 1
30 91 1
30 97 1
30 126 1
30 139 1
30 140 1
30 143 1
30 151 1
30 153 1
30 155 1
30 159 1
30 166 1
31 33 1
31 35 1
31 37 1
31 40 1
31 55 1
31 57 1
31 70 1
31 76 1
31 79 1
31 81 1
31 93 1
31 107 1
31 109 1
31 126 1
31 129 1
31 135 1
31 146 1
31 158 1
31 169 1
31 179 1
32 48 1
32 63 1
32 70 1
32 72 1
32 75 1
32 103 1
32 104 1
32 111 1
32 117 1
32 128 1
32 139 1
32 150 1
32 161 1
32 163 1
32 173 1
32 174 1
33 39 1
33 49 1
33 52 1
33 70 1
33 73 1
33 76 1
33 80 1
33 81 1
33 90 1
33 92 1
33 98 1
33 119 1
33 128 1
33 141 1
33 153 1
33 154 1
33 162 1
33 168 1
33 174 1
33 179 1
34 49 1
34 75 1
34 77 1
34 84 1
34 85 1
34 92 1
34 94 1
34 112 1
34 117 1
34 136 1
34 155 1
34 159 1
34 162 1
34 165 1
34 170 1
34 176 1
34 178 1
34 179 1
35 39 1
35 42 1
35 47 1
35 48 1
35 53 1
35 58 1
35 59 1
35 82 1
35 84 1
35 92 1
35 108 1
35 119 1
35 140 1
35 146 1
35 153 1
36 47 1
36 54 1
36 65 1
36 74 1
36 76 1
36 80 1
36 86 1
36 90 1
36 99 1
36 106 1
36 148 1
36 152 1
36 159 1
37 40 1
37 66 1
37 75 1
37 77 1
37 81 1
37 88 1
37 95 1
37 102 1
37 107 1
37 125 1
37 147 1
37 154 1
37 163 1
37 169 1
37 175 1
38 39 1
38 41 1
38 43 1
38 60 1
38 73 1
38 75 1
38 86 1
38 92 1
38 95 1
38 99 1
38 101 1
38 108 1
38 127 1
38 128 1
38 134 1
38 137 1
38 138 1
38 145 1
38 150 1
38 159 1
39 40 1
39 51 1
39 62 1
39 75 1
39 78 1
39 84 1
39 97 1
39 104 1
39 108 1
39 109 1
39 113 1
39 120 1
39 121 1
39 122 1
39 124 1
39 125 1
39 143 1
39 165 1
39 167 1
39 170 1
40 48 1
40 70 1
40 73 1
40 78 1
40 83 1
40 95 1
40 99 1
40 106 1
40 107 1
40 111 1
40 113 1
40 115 1
40 116 1
40 134 1
40 145 1
40 150 1
40 153 1
41 44 1
41 53 1
41 56 1
41 58 1
41 63 1
41 64 1
41 82 1
41 94 1
41 97 1
41 99 1
41 124 1
41 131 1
41 137 1
41 139 1
41 149 1
41 157 1
41 168 1
42 48 1
42 51 1
42 52 1
42 57 1
42 66 1
42 76 1
42 88 1
42 89 1
42 95 1
42 104 1
42 111 1
42 112 1
42 117 1
42 118 1
42 135 1
42 137 1
42 141 1
42 146 1
42 151 1
42 169 1
42 177 1
42 178 1
43 59 1
43 65 1
43 75 1
43 87 1
43 93 1
43 97 1
43 98 1
43 102 1
43 107 1
43 119 1
43 121 1
43 122 1
43 129 1
43 138 1
43 142 1
43 147 1
43 155 1
43 169 1
43 170 1
43 174 1
44 71 1
44 80 1
44 83 1
44 102 1
44 106 1
44 116 1
44 120 1
44 130 1
44 131 1
44 137 1
44 146 1
44 155 1
44 157 1
44 165 1
44 170 1
45 72 1
45 80 1
45 87 1
45 101 1
45 115 1
45 123 1
45 133 1
45 136 1
45 145 1
45 168 1
45 173 1
45 175 1
46 48 1
46 62 1
46 66 1
46 103 1
46 117 1
46 122 1
46 125 1
46 138 1
46 141 1
46 145 1
46 148 1
46 150 1
46 151 1
46 158 1
46 160 1
47 82 1
47 100 1
47 125 1
47 126 1
47 132 1
47 142 1
47 143 1
47 157 1
47 160 1
47 165 1
47 176 1
48 49 1
48 57 1
48 90 1
48 106 1
48 118 1
48 138 1
48 170 1
48 172 1
48 178 1
48 179 1
49 53 1
49 63 1
49 78 1
49 87 1
49 90 1
49 93 1
49 99 1
49 104 1
49 122 1
49 127 1
49 135 1
49 138 1
49 145 1
49 150 1
49 154 1
49 157 1
49 164 1
49 168 1
49 173 1
50 57 1
50 74 1
50 79 1
50 98 1
50 102 1
50 105 1
50 106 1
50 131 1
50 135 1
50 148 1
50 156 1
50 172 1
50 176 1
51 52 1
51 55 1
51 70 1
51 78 1
51 111 1
51 129 1
51 132 1
51 135 1
51 139 1
51 177 1
52 53 1
52 69 1
52 88 1
52 90 1
52 105 1
52 108 1
52 110 1
52 113 1
52 128 1
52 130 1
52 135 1
52 137 1
52 139 1
52 145 1
52 146 1
52 152 1
52 153 1
52 166 1
52 172 1
52 175 1
53 55 1
53 61 1
53 63 1
53 69 1
53 70 1
53 92 1
53 94 1
53 96 1
53 109 1
53 125 1
53 128 1
53 134 1
53 140 1
53 146 1
53 157 1
53 173 1
54 70 1
54 72 1
54 132 1
54 135 1
54 159 1
54 168 1
55 58 1
55 59 1
55 61 1
55 66 1
55 69 1
55 71 1
55 81 1
55 103 1
55 104 1
55 109 1
55 121 1
55 127 1
55 130 1
55 171 1
55 175 1
56 64 1
56 65 1
56 96 1
56 100 1
56 101 1
56 102 1
56 109 1
56 116 1
56 126 1
56 127 1
56 151 1
56 155 1
56 162 1
56 163 1
56 171 1
56 177 1
56 178 1
57 61 1
57 82 1
57 83 1
57 84 1
57 98 1
57 115 1
57 117 1
57 124 1
57 132 1
57 154 1
57 159 1
57 161 1
57 166 1
57 167 1
57 174 1
57 175 1
58 67 1
58 70 1
58 72 1
58 96 1
58 100 1
58 109 1
58 117 1
58 122 1
58 136 1
58 146 1
58 148 1
58 152 1
58 162 1
58 175 1
58 177 1
59 66 1
59 69 1
59 88 1
59 93 1
59 97 1
59 128 1
59 138 1
59 141 1
59 161 1
59 169 1
59 172 1
59 174 1
59 177 1
59 179 1
60 70 1
60 71 1
60 72 1
60 75 1
60 76 1
60 93 1
60 97 1
60 100 1
60 105 1
60 107 1
60 124 1
60 126 1
60 133 1
60 143 1
60 146 1
60 155 1
60 171 1
60 178 1
60 179 1
61 74 1
61 79 1
61 92 1
61 94 1
61 100 1
61 118 1
61 141 1
61 143 1
61 173 1
62 68 1
62 74 1
62 75 1
62 83 1
62 89 1
62 96 1
62 102 1
62 112 1
62 114 1
62 120 1
62 122 1
62 137 1
62 141 1
62 145 1
62 151 1
62 161 1
62 171 1
62 176 1
63 70 1
63 79 1
63 110 1
63 112 1
63 124 1
63 135 1
63 137 1
63 145 1
63 150 1
63 153 1
63 157 1
63 159 1
63 162 1
63 175 1
64 76 1
64 100 1
64 103 1
64 122 1
64 128 1
64 130 1
64 140 1
64 157 1
64 166 1
64 170 1
64 176 1
65 70 1
65 72 1
65 77 1
65 79 1
65 87 1
65 89 1
65 94 1
65 95 1
65 97 1
65 109 1
65 121 1
65 129 1
65 132 1
65 138 1
65 171 1
65 178 1
66 70 1
66 74 1
66 78 1
66 91 1
66 115 1
66 118 1
66 126 1
66 139 1
66 149 1
66 157 1
66 179 1
67 75 1
67 84 1
67 89 1
67 105 1
67 107 1
67 126 1
67 130 1
67 139 1
67 155 1
67 170 1
67 171 1
67 178 1
68 81 1
68 92 1
68 104 1
68 111 1
68 117 1
68 130 1
68 131 1
68 132 1
68 136 1
68 137 1
68 138 1
68 153 1
68 162 1
68 164 1
68 174 1
68 175 1
69 79 1
69 84 1
69 87 1
69 91 1
69 93 1
69 98 1
69 115 1
69 118 1
69 121 1
69 130 1
69 133 1
69 143 1
69 154 1
70 80 1
70 90 1
70 91 1
70 99 1
70 110 1
70 117 1
70 118 1
70 120 1
70 126 1
70 135 1
70 137 1
70 139 1
70 144 1
70 155 1
70 156 1
70 158 1
70 167 1
70 170 1
70 172 1
70 179 1
71 74 1
71 82 1
71 100 1
71 107 1
71 137 1
71 150 1
71 179 1
72 78 1
72 86 1
72 92 1
72 102 1
72 105 1
72 132 1
72 138 1
72 146 1
72 158 1
72 171 1
72 175 1
72 176 1
73 74 1
73 75 1
73 81 1
73 94 1
73 99 1
73 104 1
73 107 1
73 118 1
73 121 1
73 134 1
73 154 1
73 165 1
73 166 1
73 171 1
73 172 1
73 173 1
74 80 1
74 93 1
74 96 1
74 106 1
74 110 1
74 116 1
74 128 1
74 138 1
74 144 1
74 145 1
74 152 1
74 167 1
74 171 1
75 80 1
75 81 1
75 91 1
75 92 1
75 107 1
75 135 1
75 147 1
75 149 1
75 152 1
75 155 1
75 157 1
75 163 1
75 168 1
76 80 1
76 82 1
76 86 1
76 89 1
76 90 1
76 108 1
76 129 1
76 142 1
76 147 1
76 152 1
76 155 1
77 99 1
77 100 1
77 110 1
77 111 1
77 113 1
77 123 1
77 135 1
77 137 1
77 139 1
77 142 1
77 155 1
77 159 1
77 161 1
78 79 1
78 84 1
78 89 1
78 91 1
78 98 1
78 113 1
78 117 1
78 123 1
78 126 1
78 130 1
78 153 1
78 164 1
78 174 1
78 179 1
79 81 1
79 93 1
79 105 1
79 108 1
79 122 1
79 143 1
79 147 1
79 149 1
79 157 1
79 166 1
79 173 1
80 91 1
80 102 1
80 109 1
80 113 1
80 119 1
80 125 1
80 127 1
80 132 1
80 136 1
80 150 1
80 156 1
80 160 1
80 174 1
80 175 1
81 88 1
81 92 1
81 102 1
81 104 1
81 108 1
81 110 1
81 115 1
81 155 1
81 164 1
81 170 1
81 172 1
81 179 1
82 86 1
82 98 1
82 103 1
82 106 1
82 107 1
82 112 1
82 116 1
82 117 1
82 121 1
82 128 1
82 139 1
82 143 1
83 84 1
83 87 1
83 91 1
83 98 1
83 100 1
83 132 1
83 134 1
83 144 1
83 146 1
83 149 1
83 150 1
83 158 1
84 89 1
84 97 1
84 100 1
84 103 1
84 110 1
84 138 1
84 149 1
84 153 1
84 163 1
84 168 1
85 93 1
85 96 1
85 101 1
85 113 1
85 126 1
85 131 1
85 149 1
85 150 1
85 153 1
85 168 1
85 176 1
85 179 1
86 94 1
86 95 1
86 101 1
86 103 1
86 111 1
86 139 1
86 150 1
86 152 1
86 157 1
86 158 1
86 172 1
86 173 1
86 175 1
86 176 1
87 88 1
87 95 1
87 97 1
87 117 1
87 122 1
87 128 1
87 166 1
88 110 1
88 115 1
88 116 1
88 127 1
88 142 1
88 147 1
88 161 1
88 166 1
88 167 1
88 169 1
88 172 1
89 94 1
89 99 1
89 101 1
89 103 1
89 104 1
89 109 1
89 129 1
89 150 1
90 95 1
90 100 1
90 108 1
90 116 1
90 123 1
90 148 1
90 166 1
90 170 1
90 175 1
91 119 1
91 133 1
91 140 1
91 142 1
91 146 1
91 154 1
91 157 1
91 161 1
91 169 1
91 174 1
91 176 1
91 179 1
92 102 1
92 120 1
92 147 1
92 150 1
92 178 1
93 108 1
93 110 1
93 114 1
93 122 1
93 124 1
93 127 1
93 128 1
93 134 1
93 142 1
93 159 1
93 172 1
93 179 1
94 96 1
94 105 1
94 110 1
94 125 1
94 127 1
94 141 1
94 142 1
94 147 1
94 156 1
94 157 1
94 169 1
94 173 1
95 127 1
95 149 1
95 169 1
95 172 1
95 174 1
95 179 1
96 101 1
96 112 1
96 119 1
96 133 1
96 134 1
96 136 1
96 154 1
96 162 1
96 164 1
96 174 1
96 177 1
97 105 1
97 108 1
97 111 1
97 114 1
97 123 1
97 130 1
97 159 1
97 168 1
97 177 1
98 99 1
98 112 1
98 124 1
98 141 1
98 142 1
98 165 1
99 101 1
99 112 1
99 113 1
100 120 1
100 136 1
100 139 1
100 162 1
100 170 1
100 173 1
101 108 1
101 115 1
101 117 1
101 135 1
101 150 1
101 159 1
101 177 1
102 108 1
102 114 1
102 117 1
102 120 1
102 127 1
102 143 1
102 147 1
102 153 1
102 166 1
102 167 1
103 106 1
103 107 1
103 122 1
103 137 1
103 140 1
103 141 1
103 149 1
103 154 1
103 163 1
103 164 1
103 165 1
103 179 1
104 117 1
104 129 1
104 136 1
104 151 1
104 152 1
104 154 1
104 175 1
105 120 1
105 124 1
105 128 1
105 131 1
105 141 1
105 145 1
105 150 1
105 152 1
105 163 1
105 167 1
105 173 1
106 127 1
106 174 1
106 176 1
107 108 1
107 121 1
107 125 1
107 126 1
107 137 1
107 152 1
107 163 1
107 172 1
107 173 1
108 111 1
108 118 1
108 124 1
108 125 1
108 127 1
108 130 1
108 144 1
108 170 1
109 130 1
109 144 1
109 156 1
109 161 1
109 169 1
109 174 1
109 175 1
109 176 1
110 128 1
110 144 1
110 163 1
110 177 1
111 144 1
111 151 1
111 165 1
111 176 1
112 127 1
112 128 1
112 129 1
112 132 1
112 140 1
112 159 1
113 116 1
113 123 1
113 141 1
113 145 1
113 153 1
113 170 1
114 117 1
114 123 1
114 125 1
114 126 1
114 131 1
114 140 1
114 142 1
114 154 1
114 178 1
115 116 1
115 117 1
115 146 1
115 152 1
115 159 1
115 173 1
116 119 1
116 125 1
116 126 1
116 137 1
116 149 1
116 159 1
116 163 1
116 170 1
116 172 1
116 178 1
117 124 1
117 126 1
117 127 1
117 135 1
117 137 1
117 138 1
117 148 1
117 175 1
117 179 1
118 120 1
118 129 1
118 140 1
118 144 1
118 162 1
118 172 1
118 175 1
119 121 1
119 129 1
119 138 1
119 139 1
119 142 1
119 148 1
119 151 1
119 156 1
119 158 1
119 159 1
119 164 1
119 168 1
120 134 1
120 136 1
120 139 1
120 148 1
120 167 1
120 173 1
121 128 1
121 133 1
121 141 1
121 150 1
121 151 1
121 158 1
121 159 1
121 179 1
122 140 1
122 149 1
122 175 1
122 179 1
123 160 1
123 168 1
123 175 1
123 178 1
124 133 1
124 140 1
124 142 1
124 156 1
125 126 1
125 132 1
125 134 1
125 155 1
125 160 1
126 129 1
126 135 1
126 141 1
126 146 1
126 156 1
126 170 1
126 172 1
126 173 1
127 152 1
128 130 1
128 140 1
128 167 1
129 136 1
129 139 1
129 147 1
129 150 1
129 166 1
130 132 1
130 148 1
130 150 1
130 152 1
130 155 1
130 168 1
130 172 1
130 176 1
131 136 1
131 137 1
131 143 1
131 152 1
131 153 1
131 159 1
131 160 1
131 165 1
132 135 1
132 137 1
132 138 1
132 144 1
132 164 1
132 172 1
132 177 1
133 136 1
133 145 1
133 147 1
133 178 1
134 135 1
134 140 1
134 142 1
134 145 1
134 147 1
134 154 1
134 168 1
135 139 1
135 152 1
135 155 1
135 175 1
135 176 1
136 143 1
136 154 1
136 155 1
136 156 1
136 160 1
136 164 1
137 145 1
137 161 1
137 175 1
138 146 1
138 167 1
138 178 1
139 149 1
139 150 1
139 177 1
140 145 1
140 146 1
140 153 1
140 166 1
140 178 1
141 166 1
141 178 1
141 179 1
142 146 1
142 153 1
142 156 1
142 166 1
143 144 1
143 157 1
143 169 1
143 173 1
143 175 1
144 161 1
144 170 1
144 171 1
145 170 1
145 175 1
146 147 1
146 149 1
146 150 1
146 151 1
146 152 1
146 175 1
147 159 1
147 169 1
147 175 1
148 163 1
150 152 1
150 155 1
150 156 1
150 169 1
150 171 1
150 175 1
150 178 1
151 156 1
151 162 1
151 175 1
152 162 1
153 162 1
153 166 1
153 178 1
154 158 1
154 169 1
154 173 1
155 179 1
156 161 1
157 167 1
159 165 1
159 172 1
159 175 1
160 163 1
160 172 1
160 173 1
160 178 1
161 163 1
161 178 1
161 179 1
162 175 1
162 178 1
163 165 1
163 167 1
164 170 1
164 171 1
165 172 1
166 179 1
168 175 1
168 178 1
169 177 1
169 178 1
171 178 1
172 179 1
173 175 1
174 178 1
176 179 1
1
23 32 115 35 63 71 58 105 53 42 55 24 31 70 89 99 38 103
