1860
0 12 1
0 14 1
0 34 1
0 43 1
0 60 1
0 83 1
0 89 1
0 108 1
0 114 1
0 122 1
0 157 1
0 174 1
1 16 1
1 18 1
1 22 1
1 25 1
1 27 1
1 34 1
1 54 1
1 57 1
1 63 1
1 64 1
1 68 1
1 69 1
1 78 1
1 80 1
1 83 1
1 114 1
1 118 1
1 134 1
1 136 1
1 161 1
1 177 1
2 3 1
2 13 1
2 18 1
2 21 1
2 38 1
2 63 1
2 94 1
2 109 1
2 122 1
2 128 1
2 143 1
2 146 1
2 148 1
2 151 1
2 152 1
2 157 1
2 173 1
3 5 1
3 23 1
3 31 1
3 41 1
3 45 1
3 48 1
3 63 1
3 67 1
3 68 1
3 73 1
3 75 1
3 79 1
3 88 1
3 98 1
3 103 1
3 122 1
3 123 1
3 124 1
3 137 1
3 142 1
3 160 1
3 169 1
3 176 1
4 10 1
4 15 1
4 28 1
4 34 1
4 36 1
4 52 1
4 60 1
4 62 1
4 66 1
4 67 1
4 77 1
4 80 1
4 103 1
4 104 1
4 107 1
4 116 1
4 132 1
4 133 1
4 136 1
4 156 1
4 159 1
4 160 1
4 163 1
5 16 1
5 18 1
5 57 1
5 63 1
5 74 1
5 85 1
5 102 1
5 110 1
5 123 1
5 128 1
5 139 1
5 141 1
5 155 1
5 166 1
5 168 1
6 9 1
6 12 1
6 14 1
6 72 1
6 75 1
6 82 1
6 88 1
6 107 1
6 120 1
6 128 1
6 132 1
7 11 1
7 13 1
7 20 1
7 29 1
7 30 1
7 33 1
7 46 1
7 63 1
7 80 1
7 85 1
7 100 1
7 101 1
7 103 1
7 105 1
7 123 1
7 162 1
7 178 1
8 10 1
8 29 1
8 67 1
8 90 1
8 97 1
8 99 1
8 100 1
8 101 1
8 110 1
8 127 1
8 129 1
8 134 1
8 136 1
8 141 1
8 150 1
8 159 1
8 167 1
8 173 1
9 14 1
9 28 1
9 34 1
9 38 1
9 49 1
9 69 1
9 74 1
9 85 1
9 92 1
9 93 1
9 103 1
9 104 1
9 111 1
9 119 1
9 121 1
9 133 1
9 176 1
10 13 1
10 25 1
10 27 1
10 33 1
10 34 1
10 37 1
10 38 1
10 47 1
10 56 1
10 73 1
10 74 1
10 82 1
10 91 1
10 92 1
10 93 1
10 105 1
10 110 1
10 117 1
10 127 1
10 128 1
10 133 1
10 147 1
10 150 1
10 160 1
10 161 1
10 170 1
10 177 1
11 21 1
11 34 1
11 45 1
11 47 1
11 48 1
11 78 1
11 80 1
11 86 1
11 118 1
11 122 1
11 127 1
11 148 1
11 151 1
11 155 1
11 157 1
11 170 1
11 179 1
12 14 1
12 17 1
12 26 1
12 29 1
12 36 1
12 37 1
12 49 1
12 52 1
12 67 1
12 79 1
12 86 1
12 102 1
12 104 1
12 128 1
12 135 1
12 136 1
12 137 1
12 160 1
12 163 1
12 177 1
13 16 1
13 17 1
13 19 1
13 31 1
13 39 1
13 47 1
13 52 1
13 55 1
13 74 1
13 78 1
13 95 1
13 99 1
13 112 1
13 113 1
13 119 1
13 124 1
13 135 1
13 154 1
13 160 1
13 174 1
14 15 1
14 23 1
14 24 1
14 42 1
14 43 1
14 46 1
14 60 1
14 90 1
14 91 1
14 100 1
14 104 1
14 107 1
14 119 1
14 121 1
14 124 1
14 129 1
14 137 1
14 143 1
14 152 1
14 159 1
14 171 1
15 21 1
15 40 1
15 41 1
15 61 1
15 76 1
15 90 1
15 100 1
15 107 1
15 135 1
15 139 1
15 147 1
15 155 1
15 160 1
15 164 1
15 173 1
16 18 1
16 31 1
16 32 1
16 34 1
16 50 1
16 80 1
16 85 1
16 95 1
16 98 1
16 124 1
16 129 1
16 141 1
16 163 1
16 165 1
16 177 1
17 24 1
17 45 1
17 56 1
17 61 1
17 89 1
17 95 1
17 98 1
17 111 1
17 115 1
17 118 1
17 124 1
17 142 1
17 150 1
17 151 1
17 170 1
18 30 1
18 56 1
18 91 1
18 100 1
18 102 1
18 105 1
18 106 1
18 112 1
18 113 1
18 115 1
18 118 1
18 121 1
18 134 1
18 144 1
18 145 1
18 152 1
18 172 1
19 37 1
19 47 1
19 55 1
19 56 1
19 58 1
19 59 1
19 64 1
19 68 1
19 75 1
19 83 1
19 84 1
19 87 1
19 104 1
19 106 1
19 128 1
19 132 1
19 133 1
19 148 1
19 158 1
19 159 1
19 175 1
19 177 1
19 178 1
20 21 1
20 25 1
20 29 1
20 36 1
20 38 1
20 39 1
20 43 1
20 47 1
20 59 1
20 62 1
20 67 1
20 70 1
20 81 1
20 98 1
20 109 1
20 113 1
20 121 1
20 137 1
20 144 1
20 156 1
20 171 1
20 173 1
21 25 1
21 37 1
21 39 1
21 40 1
21 50 1
21 73 1
21 75 1
21 81 1
21 87 1
21 91 1
21 96 1
21 98 1
21 102 1
21 109 1
21 120 1
21 132 1
21 144 1
21 145 1
21 159 1
22 25 1
22 28 1
22 40 1
22 53 1
22 83 1
22 94 1
22 95 1
22 106 1
22 109 1
22 110 1
22 115 1
22 119 1
22 143 1
22 159 1
22 165 1
22 166 1
22 169 1
23 27 1
23 33 1
23 38 1
23 39 1
23 43 1
23 46 1
23 60 1
23 63 1
23 71 1
23 87 1
23 90 1
23 94 1
23 112 1
23 118 1
23 119 1
23 122 1
23 156 1
23 162 1
23 165 1
23 169 1
23 171 1
24 29 1
24 39 1
24 65 1
24 66 1
24 67 1
24 83 1
24 85 1
24 91 1
24 92 1
24 98 1
24 99 1
24 105 1
24 111 1
24 119 1
24 120 1
24 124 1
24 137 1
24 144 1
24 146 1
24 157 1
25 26 1
25 30 1
25 32 1
25 40 1
25 41 1
25 46 1
25 54 1
25 63 1
25 69 1
25 71 1
25 72 1
25 84 1
25 96 1
25 108 1
25 123 1
25 126 1
25 132 1
25 135 1
25 139 1
25 144 1
25 154 1
25 157 1
25 160 1
26 30 1
26 33 1
26 39 1
26 42 1
26 43 1
26 73 1
26 89 1
26 91 1
26 92 1
26 98 1
26 104 1
26 111 1
26 117 1
26 158 1
26 168 1
26 179 1
27 29 1
27 32 1
27 40 1
27 44 1
27 66 1
27 77 1
27 80 1
27 81 1
27 93 1
27 100 1
27 115 1
27 124 1
27 129 1
27 131 1
27 135 1
27 136 1
27 148 1
27 150 1
27 153 1
27 157 1
27 172 1
27 177 1
28 41 1
28 76 1
28 85 1
28 87 1
28 89 1
28 92 1
28 95 1
28 103 1
28 117 1
28 119 1
28 138 1
28 148 1
28 157 1
28 159 1
28 161 1
28 167 1
28 170 1
28 175 1
29 37 1
29 42 1
29 51 1
29 57 1
29 63 1
29 72 1
29 110 1
29 123 1
29 128 1
29 129 1
29 138 1
29 142 1
29 143 1
29 150 1
29 165 1
29 174 1
29 177 1
29 178 1
30 32 1
30 36 1
30 40 1
30 43 1
30 53 1
30 67 1
30 69 1
30 73 1
30 77 1
30 86 1
30 97 1
30 107 1
30 140 1
30 145 1
30 169 1
30 179 1
31 33 1
31 51 1
31 56 1
31 74 1
31 86 1
31 92 1
31 97 1
31 107 1
31 108 1
31 121 1
31 125 1
31 130 1
31 135 1
31 142 1
31 145 1
31 160 1
31 171 1
31 177 1
32 36 1
32 40 1
32 85 1
32 91 1
32 100 1
32 104 1
32 108 1
32 109 1
32 122 1
32 128 1
32 144 1
32 146 1
32 158 1
32 165 1
32 176 1
33 43 1
33 46 1
33 58 1
33 59 1
33 84 1
33 85 1
33 96 1
33 99 1
33 113 1
33 122 1
33 132 1
33 133 1
33 135 1
33 138 1
33 139 1
33 144 1
33 148 1
33 167 1
34 36 1
34 38 1
34 83 1
34 85 1
34 95 1
34 106 1
34 120 1
34 133 1
34 137 1
34 139 1
34 148 1
34 158 1
34 164 1
34 173 1
34 179 1
35 37 1
35 53 1
35 83 1
35 110 1
35 116 1
35 117 1
35 120 1
35 134 1
35 146 1
35 157 1
35 164 1
35 170 1
36 45 1
36 64 1
36 67 1
36 75 1
36 81 1
36 86 1
36 90 1
36 97 1
36 116 1
36 125 1
36 132 1
36 140 1
36 151 1
36 161 1
36 169 1
36 175 1
37 53 1
37 57 1
37 75 1
37 88 1
37 107 1
37 115 1
37 125 1
37 128 1
37 131 1
37 139 1
37 150 1
37 152 1
37 153 1
37 173 1
38 40 1
38 76 1
38 83 1
38 84 1
38 88 1
38 113 1
38 116 1
38 119 1
38 123 1
38 124 1
38 144 1
38 145 1
38 162 1
38 164 1
39 41 1
39 44 1
39 49 1
39 57 1
39 63 1
39 89 1
39 92 1
39 94 1
39 103 1
39 106 1
39 131 1
39 134 1
39 140 1
39 146 1
39 148 1
39 150 1
39 164 1
39 165 1
39 175 1
40 42 1
40 43 1
40 47 1
40 53 1
40 55 1
40 84 1
40 85 1
40 109 1
40 110 1
40 132 1
40 143 1
40 150 1
40 159 1
40 162 1
41 60 1
41 68 1
41 69 1
41 77 1
41 79 1
41 89 1
41 91 1
41 94 1
41 101 1
41 110 1
41 115 1
41 117 1
41 124 1
41 126 1
41 131 1
41 132 1
41 138 1
41 144 1
41 146 1
41 147 1
41 157 1
41 159 1
41 165 1
41 167 1
42 46 1
42 59 1
42 67 1
42 100 1
42 102 1
42 105 1
42 115 1
42 126 1
42 130 1
42 132 1
42 136 1
42 141 1
42 152 1
42 178 1
43 50 1
43 53 1
43 64 1
43 82 1
43 84 1
43 92 1
43 103 1
43 106 1
43 132 1
43 133 1
43 135 1
43 138 1
43 152 1
43 169 1
43 176 1
44 50 1
44 57 1
44 62 1
44 70 1
44 71 1
44 76 1
44 78 1
44 121 1
44 122 1
44 126 1
44 130 1
44 136 1
44 149 1
44 154 1
44 169 1
44 172 1
44 178 1
45 51 1
45 54 1
45 65 1
45 77 1
45 78 1
45 84 1
45 89 1
45 103 1
45 106 1
45 109 1
45 115 1
45 117 1
45 140 1
45 144 1
45 145 1
45 146 1
45 169 1
45 172 1
46 49 1
46 67 1
46 83 1
46 85 1
46 89 1
46 114 1
46 123 1
46 128 1
46 146 1
46 156 1
46 164 1
46 166 1
47 52 1
47 63 1
47 64 1
47 78 1
47 104 1
47 137 1
47 150 1
47 154 1
47 173 1
47 175 1
47 178 1
48 67 1
48 76 1
48 88 1
48 93 1
48 98 1
48 111 1
48 128 1
48 142 1
48 149 1
48 151 1
48 155 1
48 158 1
48 159 1
48 162 1
48 163 1
48 169 1
48 175 1
49 58 1
49 74 1
49 79 1
49 84 1
49 98 1
49 103 1
49 124 1
49 134 1
49 140 1
49 151 1
49 166 1
49 168 1
49 176 1
50 51 1
50 53 1
50 55 1
50 57 1
50 62 1
50 68 1
50 70 1
50 79 1
50 83 1
50 96 1
50 103 1
50 106 1
50 119 1
50 131 1
50 141 1
50 144 1
50 145 1
50 154 1
50 157 1
50 160 1
50 172 1
50 173 1
50 176 1
51 52 1
51 64 1
51 76 1
51 82 1
51 104 1
51 107 1
51 108 1
51 112 1
51 120 1
51 138 1
51 139 1
51 142 1
51 146 1
51 168 1
51 176 1
52 54 1
52 70 1
52 72 1
52 113 1
52 123 1
52 133 1
52 137 1
52 145 1
52 146 1
52 148 1
52 158 1
52 165 1
52 169 1
52 174 1
52 177 1
53 60 1
53 61 1
53 70 1
53 85 1
53 96 1
53 101 1
53 106 1
53 109 1
53 125 1
53 126 1
53 136 1
53 143 1
53 146 1
53 151 1
54 62 1
54 101 1
54 119 1
54 135 1
54 142 1
54 156 1
54 175 1
55 73 1
55 78 1
55 84 1
55 93 1
55 108 1
55 112 1
55 122 1
55 129 1
55 130 1
55 134 1
55 142 1
55 150 1
56 59 1
56 89 1
56 100 1
56 111 1
56 127 1
56 138 1
56 142 1
56 147 1
56 154 1
56 155 1
56 159 1
56 160 1
56 161 1
56 163 1
56 167 1
56 175 1
57 75 1
57 76 1
57 94 1
57 95 1
57 96 1
57 104 1
57 106 1
57 107 1
57 116 1
57 130 1
57 134 1
57 139 1
57 149 1
57 159 1
57 165 1
57 168 1
58 59 1
58 67 1
58 68 1
58 93 1
58 109 1
58 113 1
58 114 1
58 121 1
58 124 1
58 130 1
58 155 1
58 160 1
58 161 1
58 164 1
58 171 1
58 172 1
58 173 1
58 176 1
59 63 1
59 73 1
59 86 1
59 98 1
59 103 1
59 111 1
59 138 1
59 156 1
59 163 1
59 166 1
59 171 1
60 62 1
60 71 1
60 76 1
60 85 1
60 86 1
60 105 1
60 107 1
60 123 1
60 131 1
60 143 1
60 147 1
60 155 1
60 158 1
60 172 1
61 65 1
61 82 1
61 84 1
61 97 1
61 106 1
61 112 1
61 127 1
61 138 1
61 145 1
61 151 1
61 165 1
61 168 1
61 175 1
61 176 1
62 70 1
62 83 1
62 87 1
62 98 1
62 104 1
62 105 1
62 109 1
62 114 1
62 118 1
62 128 1
62 133 1
62 150 1
62 156 1
62 159 1
62 162 1
62 166 1
62 167 1
63 74 1
63 76 1
63 77 1
63 115 1
63 118 1
63 121 1
63 129 1
63 138 1
63 157 1
63 163 1
63 166 1
63 171 1
63 179 1
64 70 1
64 74 1
64 77 1
64 83 1
64 85 1
64 87 1
64 89 1
64 108 1
64 127 1
64 129 1
64 141 1
64 150 1
64 152 1
64 155 1
64 173 1
64 175 1
65 67 1
65 71 1
65 72 1
65 74 1
65 78 1
65 88 1
65 101 1
65 104 1
65 108 1
65 111 1
65 121 1
65 138 1
65 150 1
65 155 1
65 170 1
66 68 1
66 69 1
66 78 1
66 91 1
66 118 1
66 126 1
66 148 1
66 166 1
66 167 1
66 170 1
66 173 1
67 79 1
67 85 1
67 88 1
67 89 1
67 114 1
67 123 1
67 142 1
68 77 1
68 79 1
68 82 1
68 84 1
68 87 1
68 98 1
68 103 1
68 112 1
68 115 1
68 117 1
68 119 1
68 122 1
68 125 1
68 139 1
68 141 1
68 145 1
68 159 1
68 172 1
69 79 1
69 86 1
69 102 1
69 109 1
69 110 1
69 112 1
69 134 1
69 140 1
69 144 1
69 157 1
70 81 1
70 111 1
70 116 1
70 117 1
70 120 1
70 127 1
70 128 1
70 131 1
70 145 1
70 153 1
70 157 1
70 172 1
70 175 1
71 76 1
71 79 1
71 87 1
71 97 1
71 98 1
71 101 1
71 119 1
71 121 1
71 134 1
71 147 1
71 152 1
71 154 1
71 159 1
71 173 1
72 74 1
72 78 1
72 80 1
72 112 1
72 118 1
72 121 1
72 162 1
72 166 1
72 170 1
72 172 1
73 78 1
73 93 1
73 113 1
73 122 1
73 133 1
73 134 1
73 135 1
73 146 1
73 151 1
73 152 1
73 163 1
73 164 1
73 168 1
73 175 1
74 83 1
74 89 1
74 91 1
74 97 1
74 99 1
74 124 1
74 129 1
74 131 1
74 145 1
74 146 1
74 154 1
74 167 1
74 168 1
74 170 1
74 173 1
74 174 1
74 176 1
75 77 1
75 80 1
75 83 1
75 84 1
75 117 1
75 118 1
75 136 1
75 145 1
75 150 1
75 164 1
75 171 1
75 177 1
76 89 1
76 104 1
76 105 1
76 110 1
76 134 1
76 137 1
76 152 1
76 154 1
76 158 1
76 168 1
76 172 1
76 173 1
77 83 1
77 93 1
77 102 1
77 103 1
77 104 1
77 107 1
77 119 1
77 120 1
77 122 1
77 123 1
77 129 1
77 136 1
77 144 1
77 152 1
77 165 1
77 171 1
77 172 1
77 173 1
77 176 1
78 88 1
78 113 1
78 123 1
78 127 1
78 129 1
78 135 1
78 143 1
78 145 1
78 165 1
78 166 1
79 88 1
79 117 1
79 131 1
79 133 1
79 146 1
79 154 1
79 157 1
80 102 1
80 105 1
80 124 1
80 127 1
80 130 1
80 132 1
80 153 1
80 154 1
80 164 1
81 85 1
81 94 1
81 96 1
81 105 1
81 121 1
81 122 1
81 124 1
81 131 1
81 152 1
81 154 1
81 156 1
81 159 1
81 164 1
82 90 1
82 94 1
82 107 1
82 108 1
82 112 1
82 117 1
82 122 1
82 128 1
82 138 1
82 139 1
82 147 1
82 148 1
82 149 1
82 153 1
82 154 1
82 164 1
82 176 1
83 88 1
83 90 1
83 103 1
83 118 1
83 123 1
83 139 1
83 148 1
83 158 1
83 169 1
83 170 1
84 87 1
84 99 1
84 105 1
84 140 1
84 141 1
84 150 1
84 170 1
85 90 1
85 99 1
85 102 1
85 111 1
85 118 1
85 134 1
85 145 1
85 163 1
85 169 1
85 170 1
86 91 1
86 110 1
86 125 1
86 127 1
86 142 1
86 144 1
86 150 1
86 151 1
86 158 1
86 163 1
86 165 1
87 88 1
87 97 1
87 106 1
87 112 1
87 119 1
87 124 1
87 140 1
87 143 1
87 164 1
87 166 1
87 173 1
88 110 1
88 111 1
88 112 1
88 115 1
88 116 1
88 119 1
88 123 1
88 136 1
88 160 1
88 166 1
88 167 1
88 178 1
88 179 1
89 96 1
89 98 1
89 101 1
89 105 1
89 114 1
89 116 1
89 127 1
89 128 1
89 130 1
89 163 1
89 164 1
90 123 1
90 124 1
90 140 1
90 147 1
90 156 1
90 158 1
90 170 1
90 178 1
91 104 1
91 110 1
91 111 1
91 116 1
91 121 1
91 122 1
91 139 1
91 143 1
91 156 1
91 170 1
92 101 1
92 103 1
92 114 1
92 120 1
92 132 1
92 141 1
92 143 1
92 167 1
92 168 1
92 169 1
92 173 1
93 99 1
93 107 1
93 116 1
93 117 1
93 120 1
93 145 1
93 162 1
93 164 1
93 172 1
93 174 1
94 110 1
94 121 1
94 132 1
94 137 1
94 156 1
94 161 1
94 163 1
94 177 1
95 100 1
95 143 1
95 148 1
95 170 1
95 173 1
96 101 1
96 120 1
96 126 1
96 129 1
96 137 1
96 142 1
96 170 1
96 176 1
97 114 1
97 116 1
97 120 1
97 121 1
97 135 1
97 144 1
97 164 1
97 172 1
97 174 1
97 175 1
97 179 1
98 104 1
98 107 1
98 126 1
98 131 1
98 132 1
98 135 1
98 144 1
98 145 1
98 151 1
98 159 1
98 160 1
98 162 1
98 173 1
98 176 1
98 179 1
99 115 1
99 116 1
99 129 1
99 136 1
99 151 1
99 155 1
99 158 1
99 167 1
99 169 1
100 103 1
100 106 1
100 125 1
100 130 1
100 141 1
101 104 1
101 106 1
101 136 1
101 162 1
101 172 1
102 148 1
102 149 1
102 151 1
102 161 1
102 164 1
102 173 1
103 112 1
103 113 1
103 144 1
103 151 1
103 161 1
103 167 1
103 177 1
103 179 1
104 108 1
104 116 1
104 124 1
104 126 1
104 140 1
104 142 1
104 147 1
104 154 1
104 156 1
104 159 1
104 162 1
104 164 1
104 172 1
105 118 1
105 131 1
105 143 1
105 155 1
105 164 1
105 179 1
106 127 1
106 133 1
106 136 1
106 139 1
106 142 1
106 147 1
106 176 1
107 110 1
107 116 1
107 131 1
107 132 1
107 144 1
107 152 1
107 162 1
107 164 1
107 165 1
107 168 1
107 169 1
107 175 1
107 176 1
107 178 1
108 113 1
108 116 1
108 122 1
108 124 1
108 126 1
108 150 1
108 158 1
108 164 1
108 166 1
108 170 1
108 172 1
108 175 1
109 119 1
109 120 1
109 122 1
109 133 1
109 148 1
109 150 1
109 152 1
109 178 1
110 165 1
110 169 1
110 174 1
110 176 1
111 112 1
111 117 1
111 122 1
111 126 1
111 135 1
111 143 1
111 164 1
111 166 1
111 177 1
111 179 1
112 128 1
112 178 1
113 130 1
113 132 1
113 133 1
113 142 1
113 151 1
113 153 1
113 165 1
113 174 1
114 122 1
114 128 1
114 130 1
114 137 1
114 142 1
114 157 1
114 161 1
114 166 1
115 120 1
115 125 1
115 132 1
115 141 1
115 169 1
115 171 1
116 120 1
116 121 1
116 122 1
116 133 1
116 134 1
116 149 1
116 156 1
116 157 1
116 170 1
116 174 1
116 176 1
116 178 1
117 128 1
117 131 1
117 150 1
117 153 1
117 154 1
117 170 1
117 171 1
117 177 1
118 124 1
118 126 1
118 134 1
118 136 1
118 164 1
118 170 1
118 171 1
118 173 1
119 125 1
119 132 1
119 138 1
119 146 1
119 149 1
119 160 1
119 170 1
119 175 1
119 179 1
120 127 1
120 132 1
120 138 1
120 147 1
120 167 1
120 168 1
120 169 1
121 128 1
121 134 1
121 144 1
121 153 1
121 170 1
122 126 1
122 135 1
122 145 1
122 146 1
122 149 1
122 156 1
122 169 1
123 131 1
123 132 1
123 143 1
123 149 1
123 168 1
123 177 1
124 125 1
124 140 1
124 153 1
124 154 1
124 155 1
124 157 1
124 166 1
125 135 1
125 136 1
125 139 1
125 145 1
125 170 1
125 174 1
125 179 1
126 135 1
126 142 1
126 154 1
126 158 1
126 170 1
127 131 1
127 166 1
128 133 1
128 157 1
128 158 1
128 177 1
129 130 1
129 131 1
129 143 1
129 144 1
129 145 1
129 154 1
129 170 1
129 171 1
129 172 1
129 177 1
130 145 1
130 152 1
130 155 1
130 161 1
130 165 1
131 156 1
131 163 1
131 164 1
131 166 1
131 171 1
131 177 1
131 178 1
132 148 1
132 155 1
132 157 1
133 141 1
133 142 1
133 148 1
133 157 1
133 172 1
133 178 1
134 147 1
134 151 1
134 152 1
134 153 1
134 174 1
135 136 1
135 145 1
135 148 1
135 149 1
135 153 1
135 164 1
135 171 1
136 144 1
136 145 1
136 153 1
136 154 1
136 162 1
137 139 1
137 140 1
137 144 1
137 148 1
137 150 1
137 153 1
137 155 1
137 166 1
137 174 1
137 178 1
138 153 1
138 162 1
138 166 1
138 175 1
138 179 1
139 144 1
139 150 1
139 156 1
139 162 1
139 166 1
139 170 1
139 175 1
139 177 1
139 178 1
140 163 1
140 175 1
141 169 1
141 175 1
141 177 1
142 168 1
143 144 1
143 146 1
143 147 1
143 151 1
143 163 1
143 164 1
143 167 1
143 173 1
143 175 1
144 149 1
144 154 1
144 164 1
144 169 1
144 178 1
145 174 1
145 175 1
146 153 1
146 173 1
146 179 1
147 148 1
147 152 1
147 162 1
147 168 1
147 171 1
148 154 1
148 162 1
148 163 1
148 165 1
148 175 1
148 176 1
149 158 1
150 151 1
150 155 1
150 169 1
150 174 1
151 162 1
151 163 1
151 173 1
151 175 1
151 179 1
152 159 1
152 176 1
153 154 1
153 155 1
153 166 1
153 179 1
154 156 1
154 170 1
154 178 1
155 166 1
155 168 1
155 173 1
155 175 1
155 178 1
157 170 1
157 178 1
158 164 1
159 171 1
159 172 1
159 177 1
160 163 1
160 166 1
160 168 1
160 169 1
160 170 1
161 165 1
161 169 1
161 173 1
162 166 1
162 175 1
162 176 1
162 178 1
163 165 1
163 170 1
163 173 1
163 177 1
164 174 1
164 175 1
166 168 1
167 173 1
169 174 1
170 171 1
170 172 1
174 177 1
1
5 52 155 70 61 123 15 121 32 0 146 126 107 139 115 179 4 28
