492
0 4 1
0 8 1
0 10 1
0 11 1
0 14 1
0 17 1
0 21 1
0 27 1
0 33 1
0 36 1
0 39 1
0 42 1
0 43 1
0 44 1
0 49 1
0 50 1
0 57 1
1 5 1
1 10 1
1 12 1
1 16 1
1 18 1
1 30 1
1 36 1
1 40 1
1 44 1
1 45 1
1 47 1
1 58 1
1 59 1
2 5 1
2 10 1
2 11 1
2 14 1
2 15 1
2 16 1
2 21 1
2 23 1
2 27 1
2 34 1
2 39 1
2 44 1
2 49 1
2 52 1
2 55 1
3 6 1
3 15 1
3 17 1
3 22 1
3 24 1
3 32 1
3 34 1
3 35 1
3 37 1
3 43 1
3 50 1
3 55 1
4 11 1
4 12 1
4 14 1
4 16 1
4 22 1
4 26 1
4 28 1
4 34 1
4 36 1
4 37 1
4 38 1
4 40 1
4 46 1
4 47 1
4 49 1
4 52 1
4 55 1
5 8 1
5 13 1
5 17 1
5 18 1
5 31 1
5 35 1
5 39 1
5 40 1
5 44 1
5 45 1
5 50 1
5 54 1
6 13 1
6 15 1
6 22 1
6 24 1
6 40 1
6 42 1
6 43 1
6 44 1
6 45 1
6 49 1
6 51 1
6 52 1
6 53 1
6 57 1
6 59 1
7 9 1
7 19 1
7 20 1
7 37 1
7 41 1
7 43 1
7 49 1
7 54 1
7 56 1
8 10 1
8 14 1
8 20 1
8 23 1
8 26 1
8 30 1
8 32 1
8 33 1
8 34 1
8 37 1
8 42 1
8 44 1
8 48 1
8 49 1
8 53 1
8 54 1
8 55 1
9 10 1
9 15 1
9 16 1
9 17 1
9 20 1
9 23 1
9 29 1
9 30 1
9 39 1
9 40 1
9 41 1
9 43 1
9 48 1
9 50 1
9 51 1
9 52 1
10 11 1
10 12 1
10 13 1
10 14 1
10 21 1
10 26 1
10 28 1
10 34 1
10 36 1
10 37 1
10 40 1
10 41 1
10 43 1
10 46 1
10 47 1
10 50 1
10 52 1
10 57 1
10 58 1
11 12 1
11 16 1
11 18 1
11 19 1
11 22 1
11 43 1
11 46 1
11 51 1
11 57 1
12 15 1
12 20 1
12 23 1
12 24 1
12 25 1
12 28 1
12 29 1
12 32 1
12 34 1
12 37 1
12 51 1
12 52 1
13 16 1
13 17 1
13 19 1
13 28 1
13 33 1
13 34 1
13 39 1
13 47 1
13 55 1
13 56 1
13 57 1
13 58 1
14 15 1
14 18 1
14 21 1
14 24 1
14 27 1
14 28 1
14 39 1
14 40 1
14 44 1
14 46 1
14 47 1
14 53 1
14 54 1
14 56 1
14 58 1
14 59 1
15 17 1
15 18 1
15 20 1
15 24 1
15 27 1
15 30 1
15 36 1
15 39 1
15 42 1
15 43 1
15 47 1
15 58 1
16 18 1
16 22 1
16 25 1
16 28 1
16 29 1
16 37 1
16 44 1
16 46 1
16 50 1
16 51 1
16 58 1
17 21 1
17 22 1
17 25 1
17 29 1
17 33 1
17 34 1
17 38 1
17 41 1
17 43 1
17 47 1
17 48 1
17 56 1
17 57 1
18 24 1
18 25 1
18 26 1
18 29 1
18 31 1
18 32 1
18 33 1
18 40 1
18 46 1
18 52 1
18 57 1
18 59 1
19 20 1
19 21 1
19 25 1
19 29 1
19 30 1
19 40 1
19 42 1
19 47 1
19 49 1
19 51 1
19 57 1
20 21 1
20 25 1
20 30 1
20 34 1
20 36 1
20 37 1
20 41 1
20 45 1
20 47 1
20 51 1
21 22 1
21 29 1
21 34 1
21 37 1
21 44 1
21 45 1
21 46 1
21 47 1
21 50 1
21 56 1
22 24 1
22 27 1
22 29 1
22 30 1
22 44 1
22 46 1
22 47 1
22 48 1
22 51 1
22 57 1
22 58 1
23 24 1
23 25 1
23 27 1
23 33 1
23 34 1
23 36 1
23 46 1
23 54 1
23 58 1
24 27 1
24 32 1
24 33 1
24 34 1
24 38 1
24 46 1
24 47 1
24 49 1
24 51 1
24 52 1
24 53 1
24 55 1
24 57 1
25 27 1
25 29 1
25 30 1
25 39 1
25 40 1
25 45 1
25 54 1
25 55 1
25 56 1
26 27 1
26 28 1
26 29 1
26 32 1
26 33 1
26 34 1
26 37 1
26 39 1
26 41 1
26 43 1
26 49 1
26 50 1
26 55 1
26 56 1
26 57 1
26 59 1
27 32 1
27 35 1
27 39 1
27 41 1
27 42 1
27 43 1
27 45 1
27 46 1
27 48 1
27 50 1
27 51 1
27 52 1
27 53 1
27 55 1
28 30 1
28 32 1
28 35 1
28 37 1
28 45 1
28 46 1
28 47 1
28 52 1
29 32 1
29 33 1
29 38 1
29 39 1
29 48 1
29 49 1
29 50 1
29 58 1
29 59 1
30 32 1
30 39 1
30 46 1
30 59 1
31 35 1
31 47 1
31 48 1
31 50 1
31 53 1
31 54 1
31 57 1
32 33 1
32 34 1
32 35 1
32 36 1
32 40 1
32 45 1
32 52 1
32 56 1
33 36 1
33 39 1
33 40 1
33 49 1
33 50 1
33 51 1
33 52 1
33 55 1
33 57 1
33 58 1
34 39 1
34 41 1
34 44 1
34 50 1
34 53 1
34 54 1
34 56 1
34 57 1
35 38 1
35 40 1
35 43 1
35 46 1
35 49 1
35 50 1
35 51 1
36 38 1
36 39 1
36 45 1
36 47 1
36 56 1
36 57 1
37 41 1
37 42 1
37 45 1
37 57 1
37 58 1
38 44 1
38 48 1
38 50 1
38 54 1
39 46 1
39 52 1
39 53 1
39 59 1
40 41 1
40 42 1
40 49 1
40 52 1
40 54 1
40 55 1
40 56 1
40 58 1
41 42 1
41 43 1
41 44 1
41 47 1
41 49 1
41 50 1
41 51 1
41 56 1
42 43 1
42 47 1
42 48 1
42 51 1
42 56 1
43 44 1
43 46 1
43 50 1
44 46 1
44 56 1
44 57 1
45 46 1
45 48 1
45 50 1
45 55 1
46 50 1
46 53 1
46 59 1
47 48 1
47 56 1
48 52 1
49 50 1
49 56 1
49 57 1
50 53 1
50 59 1
51 53 1
52 55 1
52 58 1
53 57 1
54 56 1
55 58 1
55 59 1
56 57 1
1
59 41 51 24 25 22
