376
0 9 1
0 11 1
0 18 1
0 26 1
0 27 1
0 28 1
0 33 1
0 34 1
0 35 1
0 39 1
0 43 1
0 48 1
1 2 1
1 14 1
1 15 1
1 21 1
1 23 1
1 27 1
1 28 1
1 29 1
1 30 1
1 32 1
1 34 1
1 45 1
1 47 1
1 49 1
2 3 1
2 9 1
2 10 1
2 12 1
2 18 1
2 21 1
2 22 1
2 23 1
2 25 1
2 26 1
2 28 1
2 35 1
2 37 1
2 38 1
2 39 1
2 40 1
2 42 1
2 43 1
2 46 1
2 49 1
3 4 1
3 5 1
3 22 1
3 24 1
3 27 1
3 29 1
3 37 1
3 38 1
3 45 1
3 48 1
4 6 1
4 8 1
4 12 1
4 25 1
4 29 1
4 30 1
4 32 1
4 33 1
4 34 1
4 39 1
4 42 1
4 44 1
5 11 1
5 15 1
5 20 1
5 25 1
5 30 1
5 31 1
5 36 1
5 42 1
5 46 1
5 48 1
6 9 1
6 11 1
6 12 1
6 20 1
6 24 1
6 25 1
6 29 1
6 31 1
6 33 1
6 35 1
6 39 1
7 8 1
7 14 1
7 21 1
7 25 1
7 36 1
7 37 1
7 40 1
7 43 1
7 45 1
7 46 1
8 10 1
8 16 1
8 18 1
8 19 1
8 23 1
8 25 1
8 31 1
8 38 1
8 42 1
8 47 1
9 11 1
9 15 1
9 16 1
9 19 1
9 23 1
9 24 1
9 26 1
9 35 1
9 37 1
9 38 1
9 41 1
9 42 1
9 47 1
9 49 1
10 13 1
10 17 1
10 20 1
10 29 1
10 32 1
10 34 1
10 35 1
10 40 1
10 45 1
10 46 1
10 48 1
10 49 1
11 12 1
11 14 1
11 15 1
11 16 1
11 17 1
11 20 1
11 24 1
11 25 1
11 29 1
11 32 1
11 37 1
11 42 1
11 46 1
11 48 1
12 18 1
12 19 1
12 21 1
12 23 1
12 25 1
12 27 1
12 35 1
12 41 1
12 47 1
13 14 1
13 17 1
13 18 1
13 20 1
13 24 1
13 25 1
13 31 1
13 34 1
13 36 1
13 37 1
13 40 1
13 42 1
13 44 1
13 46 1
13 48 1
14 16 1
14 17 1
14 19 1
14 20 1
14 22 1
14 23 1
14 27 1
14 31 1
14 33 1
14 36 1
14 38 1
14 40 1
14 42 1
14 48 1
15 19 1
15 20 1
15 24 1
15 25 1
15 27 1
15 28 1
15 29 1
15 31 1
15 32 1
15 33 1
15 35 1
15 37 1
15 40 1
15 44 1
15 48 1
16 17 1
16 18 1
16 20 1
16 24 1
16 27 1
16 28 1
16 37 1
16 41 1
16 44 1
16 45 1
16 47 1
17 20 1
17 21 1
17 31 1
17 34 1
17 39 1
17 40 1
17 43 1
17 44 1
17 45 1
17 47 1
17 48 1
17 49 1
18 19 1
18 20 1
18 24 1
18 28 1
18 30 1
18 33 1
18 34 1
18 36 1
18 39 1
18 40 1
18 43 1
18 49 1
19 22 1
19 25 1
19 27 1
19 32 1
19 33 1
19 34 1
19 35 1
19 36 1
19 37 1
19 38 1
19 39 1
19 42 1
19 43 1
19 44 1
19 45 1
20 22 1
20 27 1
20 34 1
20 36 1
20 39 1
20 42 1
20 44 1
20 45 1
20 47 1
20 48 1
21 23 1
21 30 1
21 32 1
21 35 1
21 36 1
21 39 1
21 42 1
21 43 1
22 24 1
22 27 1
22 29 1
22 30 1
22 34 1
22 35 1
22 38 1
23 25 1
23 29 1
23 32 1
23 37 1
23 47 1
23 48 1
23 49 1
24 31 1
24 43 1
24 44 1
24 45 1
24 48 1
25 28 1
25 34 1
25 36 1
25 39 1
25 40 1
25 41 1
25 43 1
25 47 1
26 31 1
26 33 1
26 34 1
26 44 1
26 48 1
27 34 1
27 35 1
27 37 1
27 39 1
27 45 1
28 33 1
28 38 1
28 39 1
28 40 1
28 41 1
28 48 1
29 30 1
29 31 1
29 36 1
29 38 1
29 42 1
30 35 1
30 39 1
30 40 1
30 42 1
30 46 1
30 48 1
30 49 1
31 32 1
31 34 1
31 35 1
31 39 1
31 45 1
31 48 1
32 37 1
32 39 1
32 40 1
32 41 1
32 43 1
32 46 1
32 47 1
33 45 1
33 47 1
34 39 1
34 44 1
34 47 1
34 48 1
34 49 1
35 37 1
35 44 1
36 39 1
36 40 1
36 41 1
36 47 1
37 39 1
37 40 1
37 44 1
37 46 1
37 48 1
38 40 1
38 42 1
38 48 1
39 41 1
39 42 1
39 43 1
39 44 1
39 45 1
40 41 1
40 44 1
40 47 1
41 42 1
41 47 1
42 48 1
43 44 1
44 49 1
45 49 1
46 47 1
46 48 1
48 49 1
1
45 44 0 15 14
