1249
0 7 1
0 16 1
0 26 1
0 28 1
0 30 1
0 33 1
0 38 1
0 39 1
0 44 1
0 48 1
0 53 1
0 57 1
0 59 1
0 70 1
0 73 1
0 77 1
0 82 1
0 90 1
0 96 1
0 103 1
0 106 1
0 111 1
0 116 1
0 117 1
0 118 1
0 119 1
0 125 1
0 127 1
1 6 1
1 9 1
1 11 1
1 23 1
1 25 1
1 44 1
1 45 1
1 58 1
1 63 1
1 73 1
1 74 1
1 77 1
1 82 1
1 88 1
1 89 1
1 96 1
1 100 1
1 103 1
1 107 1
1 112 1
1 125 1
1 126 1
2 5 1
2 6 1
2 10 1
2 20 1
2 22 1
2 33 1
2 39 1
2 40 1
2 41 1
2 46 1
2 56 1
2 74 1
2 75 1
2 83 1
2 89 1
2 93 1
2 97 1
2 99 1
2 102 1
3 18 1
3 19 1
3 29 1
3 31 1
3 33 1
3 47 1
3 62 1
3 69 1
3 80 1
3 96 1
3 100 1
3 104 1
3 108 1
3 109 1
3 110 1
3 119 1
3 125 1
3 127 1
4 5 1
4 21 1
4 22 1
4 28 1
4 35 1
4 43 1
4 52 1
4 55 1
4 62 1
4 64 1
4 76 1
4 78 1
4 83 1
4 85 1
4 89 1
4 95 1
4 106 1
4 119 1
4 121 1
4 126 1
4 128 1
5 6 1
5 7 1
5 18 1
5 19 1
5 40 1
5 52 1
5 57 1
5 67 1
5 76 1
5 95 1
5 108 1
5 120 1
5 122 1
6 7 1
6 8 1
6 10 1
6 20 1
6 21 1
6 50 1
6 56 1
6 63 1
6 66 1
6 78 1
6 82 1
6 96 1
6 105 1
6 106 1
6 122 1
6 126 1
7 9 1
7 10 1
7 12 1
7 14 1
7 19 1
7 21 1
7 24 1
7 26 1
7 31 1
7 37 1
7 45 1
7 46 1
7 51 1
7 53 1
7 59 1
7 60 1
7 64 1
7 74 1
7 84 1
7 85 1
7 98 1
7 103 1
7 119 1
7 126 1
7 129 1
8 9 1
8 16 1
8 20 1
8 27 1
8 29 1
8 30 1
8 33 1
8 63 1
8 67 1
8 68 1
8 79 1
8 80 1
8 85 1
8 92 1
8 107 1
8 117 1
8 119 1
8 120 1
8 125 1
9 12 1
9 17 1
9 23 1
9 24 1
9 30 1
9 35 1
9 45 1
9 48 1
9 54 1
9 55 1
9 57 1
9 72 1
9 88 1
9 95 1
9 97 1
9 99 1
9 117 1
9 126 1
10 13 1
10 22 1
10 32 1
10 35 1
10 38 1
10 39 1
10 45 1
10 50 1
10 54 1
10 69 1
10 70 1
10 75 1
10 76 1
10 85 1
10 91 1
10 105 1
10 107 1
10 110 1
10 124 1
11 13 1
11 18 1
11 19 1
11 22 1
11 48 1
11 52 1
11 64 1
11 75 1
11 98 1
11 99 1
11 104 1
11 108 1
11 114 1
11 121 1
12 35 1
12 38 1
12 44 1
12 48 1
12 56 1
12 57 1
12 62 1
12 70 1
12 78 1
12 86 1
12 87 1
12 96 1
12 114 1
12 122 1
12 128 1
13 36 1
13 37 1
13 42 1
13 50 1
13 52 1
13 70 1
13 71 1
13 75 1
13 79 1
13 87 1
13 89 1
13 97 1
13 122 1
13 123 1
14 16 1
14 17 1
14 22 1
14 29 1
14 35 1
14 43 1
14 45 1
14 48 1
14 52 1
14 60 1
14 65 1
14 69 1
14 90 1
14 91 1
14 98 1
14 120 1
15 28 1
15 32 1
15 36 1
15 37 1
15 52 1
15 59 1
15 78 1
15 83 1
15 93 1
15 109 1
15 117 1
15 119 1
15 122 1
15 124 1
15 127 1
16 18 1
16 28 1
16 31 1
16 32 1
16 34 1
16 37 1
16 39 1
16 54 1
16 59 1
16 62 1
16 73 1
16 75 1
16 76 1
16 77 1
16 82 1
16 90 1
16 105 1
16 117 1
16 118 1
16 120 1
17 22 1
17 32 1
17 41 1
17 44 1
17 48 1
17 51 1
17 52 1
17 70 1
17 71 1
17 82 1
17 83 1
17 93 1
17 101 1
17 105 1
17 113 1
17 117 1
17 121 1
17 126 1
18 23 1
18 24 1
18 39 1
18 47 1
18 50 1
18 55 1
18 60 1
18 71 1
18 76 1
18 77 1
18 81 1
18 85 1
18 96 1
18 97 1
18 104 1
18 120 1
18 123 1
19 25 1
19 26 1
19 36 1
19 41 1
19 55 1
19 60 1
19 63 1
19 97 1
19 103 1
19 104 1
19 113 1
19 115 1
19 120 1
19 122 1
20 34 1
20 52 1
20 67 1
20 69 1
20 78 1
20 79 1
20 80 1
20 83 1
20 88 1
20 96 1
20 101 1
20 105 1
20 113 1
20 115 1
20 124 1
20 125 1
21 25 1
21 32 1
21 34 1
21 53 1
21 54 1
21 59 1
21 62 1
21 74 1
21 75 1
21 82 1
21 113 1
21 122 1
22 23 1
22 25 1
22 44 1
22 52 1
22 66 1
22 71 1
22 72 1
22 74 1
22 77 1
22 78 1
22 91 1
22 93 1
22 94 1
22 108 1
22 110 1
22 113 1
22 129 1
23 29 1
23 32 1
23 36 1
23 44 1
23 47 1
23 49 1
23 56 1
23 68 1
23 76 1
23 84 1
23 94 1
23 95 1
23 98 1
23 99 1
23 102 1
23 108 1
23 117 1
23 124 1
23 126 1
23 127 1
24 42 1
24 43 1
24 49 1
24 67 1
24 68 1
24 71 1
24 75 1
24 82 1
24 84 1
24 92 1
24 93 1
24 99 1
24 105 1
24 107 1
24 110 1
24 116 1
25 27 1
25 29 1
25 36 1
25 37 1
25 44 1
25 49 1
25 59 1
25 60 1
25 61 1
25 72 1
25 84 1
25 93 1
25 102 1
25 108 1
25 109 1
25 111 1
25 116 1
25 125 1
26 31 1
26 36 1
26 49 1
26 56 1
26 74 1
26 77 1
26 87 1
26 91 1
26 104 1
26 106 1
26 115 1
26 123 1
26 127 1
27 29 1
27 31 1
27 36 1
27 52 1
27 63 1
27 68 1
27 76 1
27 79 1
27 93 1
27 102 1
27 104 1
27 116 1
27 118 1
27 124 1
28 31 1
28 52 1
28 53 1
28 60 1
28 81 1
28 84 1
28 88 1
28 92 1
28 100 1
28 102 1
28 104 1
28 108 1
28 109 1
28 129 1
29 40 1
29 45 1
29 49 1
29 50 1
29 53 1
29 59 1
29 65 1
29 68 1
29 77 1
29 78 1
29 82 1
29 96 1
29 100 1
29 108 1
29 117 1
29 120 1
30 33 1
30 39 1
30 42 1
30 49 1
30 55 1
30 62 1
30 72 1
30 88 1
30 91 1
30 104 1
30 110 1
30 116 1
30 120 1
30 127 1
31 32 1
31 38 1
31 43 1
31 50 1
31 67 1
31 73 1
31 93 1
31 107 1
31 113 1
31 123 1
32 38 1
32 39 1
32 41 1
32 50 1
32 52 1
32 64 1
32 75 1
32 76 1
32 79 1
32 80 1
32 86 1
32 87 1
32 91 1
32 97 1
32 105 1
32 107 1
33 34 1
33 38 1
33 43 1
33 47 1
33 55 1
33 57 1
33 62 1
33 64 1
33 72 1
33 80 1
33 83 1
33 87 1
33 98 1
33 104 1
33 117 1
33 119 1
33 121 1
33 122 1
33 124 1
34 42 1
34 65 1
34 69 1
34 70 1
34 84 1
34 85 1
34 97 1
34 100 1
34 102 1
34 117 1
35 40 1
35 44 1
35 45 1
35 47 1
35 52 1
35 53 1
35 62 1
35 65 1
35 69 1
35 73 1
35 77 1
35 98 1
35 101 1
35 104 1
35 111 1
35 116 1
35 120 1
35 123 1
35 126 1
36 38 1
36 45 1
36 55 1
36 60 1
36 65 1
36 68 1
36 72 1
36 89 1
36 96 1
36 99 1
36 105 1
36 106 1
36 123 1
36 124 1
37 47 1
37 60 1
37 63 1
37 64 1
37 70 1
37 76 1
37 82 1
37 83 1
37 91 1
37 96 1
37 98 1
37 103 1
37 108 1
37 110 1
37 112 1
37 116 1
37 124 1
37 129 1
38 42 1
38 46 1
38 50 1
38 60 1
38 68 1
38 89 1
38 90 1
38 91 1
38 94 1
38 96 1
38 111 1
38 114 1
38 118 1
38 127 1
38 128 1
38 129 1
39 46 1
39 56 1
39 59 1
39 60 1
39 69 1
39 77 1
39 84 1
39 92 1
39 100 1
39 106 1
39 111 1
39 112 1
39 121 1
39 126 1
40 48 1
40 54 1
40 55 1
40 57 1
40 59 1
40 62 1
40 65 1
40 73 1
40 81 1
40 87 1
40 94 1
40 101 1
40 104 1
40 114 1
40 124 1
41 45 1
41 50 1
41 54 1
41 74 1
41 79 1
41 80 1
41 82 1
41 85 1
41 102 1
41 125 1
42 48 1
42 61 1
42 63 1
42 74 1
42 76 1
42 77 1
42 82 1
42 88 1
42 91 1
42 92 1
42 93 1
42 94 1
42 107 1
42 113 1
42 117 1
43 63 1
43 72 1
43 78 1
43 89 1
43 95 1
43 102 1
43 104 1
43 106 1
43 112 1
43 116 1
43 117 1
44 50 1
44 51 1
44 60 1
44 61 1
44 63 1
44 65 1
44 70 1
44 94 1
44 111 1
45 51 1
45 60 1
45 67 1
45 72 1
45 73 1
45 76 1
45 84 1
45 88 1
45 91 1
45 96 1
45 99 1
45 101 1
45 114 1
45 120 1
45 122 1
45 125 1
46 47 1
46 67 1
46 69 1
46 71 1
46 86 1
46 87 1
46 97 1
46 117 1
46 124 1
46 127 1
47 48 1
47 52 1
47 57 1
47 66 1
47 78 1
47 80 1
47 89 1
47 96 1
47 107 1
47 114 1
47 128 1
48 63 1
48 92 1
48 93 1
48 106 1
48 119 1
49 51 1
49 54 1
49 55 1
49 61 1
49 62 1
49 63 1
49 64 1
49 74 1
49 78 1
49 81 1
49 97 1
49 103 1
49 116 1
50 51 1
50 65 1
50 72 1
50 84 1
50 103 1
50 104 1
50 115 1
50 124 1
50 125 1
51 52 1
51 58 1
51 76 1
51 77 1
51 83 1
51 92 1
51 93 1
51 114 1
51 129 1
52 60 1
52 71 1
52 73 1
52 89 1
52 93 1
52 100 1
52 101 1
52 107 1
52 111 1
53 68 1
53 69 1
53 77 1
53 87 1
53 99 1
53 117 1
53 120 1
53 121 1
53 124 1
53 125 1
53 127 1
54 61 1
54 62 1
54 73 1
54 75 1
54 88 1
54 97 1
54 99 1
54 121 1
55 117 1
55 128 1
56 59 1
56 70 1
56 82 1
56 88 1
56 92 1
56 98 1
56 108 1
56 109 1
56 110 1
56 129 1
57 58 1
57 64 1
57 72 1
57 76 1
57 88 1
57 92 1
57 97 1
57 106 1
57 108 1
57 116 1
57 119 1
57 124 1
58 73 1
58 75 1
58 76 1
58 79 1
58 87 1
58 93 1
58 97 1
58 100 1
58 119 1
59 63 1
59 64 1
59 76 1
59 77 1
59 95 1
59 96 1
59 102 1
59 104 1
59 105 1
59 118 1
59 123 1
60 63 1
60 71 1
60 72 1
60 78 1
60 92 1
60 94 1
60 108 1
60 109 1
60 110 1
60 114 1
60 116 1
60 125 1
61 65 1
61 71 1
61 72 1
61 83 1
61 84 1
61 87 1
61 96 1
61 104 1
61 112 1
61 115 1
61 117 1
61 120 1
61 125 1
61 129 1
62 65 1
62 70 1
62 78 1
62 79 1
62 81 1
62 92 1
62 93 1
62 96 1
62 99 1
62 100 1
62 115 1
62 121 1
62 125 1
62 126 1
62 127 1
63 64 1
63 80 1
63 90 1
63 94 1
63 108 1
63 111 1
63 115 1
63 127 1
63 129 1
64 65 1
64 66 1
64 69 1
64 72 1
64 85 1
64 95 1
64 102 1
64 103 1
64 109 1
64 110 1
64 111 1
64 113 1
64 126 1
65 67 1
65 73 1
65 77 1
65 78 1
65 88 1
65 101 1
65 103 1
65 105 1
65 110 1
65 113 1
65 115 1
65 124 1
65 125 1
66 69 1
66 71 1
66 75 1
66 106 1
66 111 1
66 113 1
67 72 1
67 75 1
67 86 1
67 93 1
67 109 1
67 115 1
67 119 1
68 97 1
68 100 1
68 111 1
68 112 1
68 125 1
69 75 1
69 101 1
69 109 1
69 122 1
69 125 1
70 72 1
70 76 1
70 78 1
70 90 1
70 96 1
70 102 1
70 105 1
70 118 1
71 75 1
71 83 1
71 99 1
71 102 1
71 107 1
71 108 1
71 124 1
72 76 1
72 79 1
72 80 1
72 82 1
72 85 1
72 87 1
72 91 1
72 128 1
73 78 1
73 86 1
73 95 1
73 97 1
73 120 1
73 126 1
74 78 1
74 93 1
74 98 1
74 102 1
74 110 1
74 114 1
74 122 1
74 124 1
75 83 1
75 87 1
75 89 1
75 95 1
75 101 1
75 107 1
75 113 1
75 114 1
75 115 1
75 116 1
75 123 1
76 81 1
76 90 1
76 97 1
76 104 1
76 109 1
76 113 1
77 85 1
77 87 1
77 91 1
77 95 1
77 102 1
77 104 1
77 109 1
77 114 1
77 115 1
77 118 1
78 80 1
78 94 1
78 95 1
78 100 1
78 122 1
78 129 1
79 81 1
79 86 1
79 103 1
79 109 1
79 114 1
79 116 1
79 126 1
79 127 1
79 128 1
80 89 1
80 96 1
80 97 1
80 102 1
80 108 1
80 110 1
80 124 1
80 126 1
80 129 1
81 89 1
81 91 1
81 92 1
81 93 1
81 98 1
81 109 1
81 111 1
82 91 1
82 97 1
82 100 1
82 109 1
82 117 1
82 121 1
82 124 1
82 129 1
83 85 1
83 88 1
83 103 1
83 106 1
83 107 1
83 113 1
83 122 1
83 129 1
84 106 1
84 112 1
84 113 1
84 123 1
84 128 1
85 90 1
85 93 1
85 104 1
85 109 1
85 112 1
85 125 1
85 129 1
86 89 1
86 94 1
86 95 1
86 112 1
86 115 1
86 121 1
86 123 1
87 97 1
87 100 1
87 104 1
87 106 1
87 108 1
87 111 1
87 129 1
88 89 1
88 94 1
88 110 1
88 112 1
88 118 1
88 119 1
88 123 1
88 124 1
88 125 1
88 129 1
89 92 1
89 106 1
89 113 1
89 116 1
89 119 1
90 94 1
90 105 1
90 119 1
90 122 1
90 124 1
91 106 1
91 113 1
91 120 1
91 121 1
91 129 1
92 94 1
92 96 1
92 101 1
92 103 1
92 105 1
92 109 1
92 116 1
92 122 1
92 123 1
92 129 1
93 98 1
93 102 1
93 107 1
93 111 1
93 112 1
93 116 1
93 119 1
93 126 1
94 98 1
94 105 1
94 111 1
94 112 1
94 115 1
95 99 1
95 111 1
95 122 1
95 125 1
96 97 1
96 106 1
96 124 1
97 105 1
97 108 1
97 117 1
97 119 1
97 120 1
97 129 1
98 100 1
98 104 1
98 106 1
98 108 1
98 110 1
99 102 1
99 113 1
99 115 1
100 101 1
100 116 1
100 121 1
100 122 1
101 102 1
101 111 1
101 124 1
101 125 1
102 107 1
102 108 1
102 110 1
102 111 1
102 117 1
102 121 1
103 104 1
103 109 1
103 115 1
103 117 1
104 105 1
104 109 1
104 110 1
104 114 1
105 116 1
105 117 1
106 120 1
107 110 1
107 111 1
107 115 1
107 116 1
107 123 1
107 125 1
107 126 1
108 117 1
108 120 1
108 123 1
108 125 1
108 128 1
109 111 1
109 114 1
109 120 1
109 122 1
109 123 1
109 124 1
110 119 1
110 121 1
111 114 1
111 122 1
111 124 1
111 128 1
111 129 1
112 121 1
112 124 1
112 125 1
112 128 1
114 122 1
114 128 1
115 120 1
115 124 1
116 117 1
116 122 1
117 119 1
117 123 1
117 126 1
117 128 1
119 120 1
120 123 1
120 127 1
121 126 1
121 127 1
123 124 1
124 127 1
128 129 1
1
40 7 84 22 117 113 4 115 101 62 104 79 87
