191
0 2 1
0 5 1
0 6 1
0 9 1
0 11 1
0 12 1
0 15 1
0 16 1
0 22 1
0 25 1
0 27 1
0 28 1
1 3 1
1 5 1
1 7 1
1 9 1
1 10 1
1 12 1
1 14 1
1 16 1
1 17 1
1 18 1
1 28 1
2 3 1
2 4 1
2 6 1
2 11 1
2 12 1
2 13 1
2 14 1
2 15 1
2 16 1
2 21 1
2 23 1
2 28 1
3 4 1
3 5 1
3 6 1
3 7 1
3 8 1
3 10 1
3 11 1
3 12 1
3 13 1
3 14 1
3 19 1
3 20 1
3 21 1
3 22 1
3 25 1
3 27 1
3 29 1
4 7 1
4 9 1
4 17 1
4 18 1
4 19 1
4 20 1
4 21 1
4 23 1
4 25 1
4 28 1
5 6 1
5 7 1
5 8 1
5 10 1
5 11 1
5 12 1
5 13 1
5 19 1
5 20 1
5 21 1
5 22 1
5 25 1
5 26 1
5 28 1
5 29 1
6 7 1
6 15 1
6 16 1
6 21 1
6 24 1
6 25 1
6 29 1
7 8 1
7 12 1
7 18 1
7 20 1
7 21 1
7 24 1
7 26 1
7 28 1
7 29 1
8 10 1
8 14 1
8 16 1
8 21 1
8 23 1
8 24 1
8 25 1
8 28 1
9 11 1
9 15 1
9 17 1
9 19 1
9 20 1
9 21 1
9 24 1
9 25 1
9 26 1
9 28 1
9 29 1
10 12 1
10 13 1
10 14 1
10 18 1
10 21 1
10 22 1
10 24 1
10 28 1
11 14 1
11 18 1
11 20 1
11 21 1
11 25 1
11 28 1
11 29 1
12 14 1
12 15 1
12 16 1
12 18 1
12 20 1
12 23 1
12 24 1
12 29 1
13 17 1
13 21 1
13 23 1
13 24 1
13 27 1
14 16 1
14 18 1
14 19 1
14 26 1
14 27 1
15 16 1
15 17 1
15 21 1
15 23 1
15 24 1
15 26 1
15 27 1
16 18 1
16 19 1
16 22 1
16 23 1
16 24 1
16 25 1
16 26 1
16 28 1
16 29 1
17 18 1
17 19 1
17 21 1
17 23 1
18 20 1
18 22 1
18 24 1
18 25 1
18 29 1
19 20 1
19 22 1
19 23 1
19 25 1
20 23 1
20 25 1
20 28 1
21 26 1
22 24 1
22 26 1
22 27 1
22 28 1
22 29 1
23 26 1
23 29 1
24 25 1
24 28 1
24 29 1
25 26 1
26 28 1
27 28 1
1
12 2 3
