662
0 4 1
0 13 1
0 18 1
0 27 1
0 30 1
0 43 1
0 44 1
0 46 1
0 51 1
0 54 1
0 57 1
0 63 1
0 69 1
0 72 1
0 78 1
1 2 1
1 3 1
1 8 1
1 9 1
1 10 1
1 11 1
1 13 1
1 19 1
1 22 1
1 26 1
1 29 1
1 34 1
1 41 1
1 43 1
1 59 1
1 63 1
1 64 1
1 65 1
1 67 1
1 69 1
1 74 1
2 5 1
2 14 1
2 17 1
2 19 1
2 21 1
2 31 1
2 36 1
2 38 1
2 41 1
2 59 1
2 66 1
2 77 1
3 4 1
3 7 1
3 9 1
3 10 1
3 17 1
3 25 1
3 30 1
3 38 1
3 49 1
3 54 1
3 55 1
3 57 1
3 59 1
3 61 1
3 62 1
3 65 1
3 66 1
3 68 1
3 70 1
3 79 1
4 16 1
4 17 1
4 22 1
4 25 1
4 36 1
4 48 1
4 52 1
4 56 1
4 58 1
4 62 1
4 63 1
4 73 1
4 75 1
5 7 1
5 12 1
5 14 1
5 20 1
5 21 1
5 22 1
5 31 1
5 34 1
5 35 1
5 40 1
5 42 1
5 49 1
5 57 1
5 60 1
5 69 1
5 74 1
5 76 1
6 15 1
6 21 1
6 26 1
6 36 1
6 40 1
6 45 1
6 47 1
6 59 1
6 73 1
6 74 1
6 75 1
6 78 1
7 8 1
7 15 1
7 20 1
7 23 1
7 30 1
7 32 1
7 35 1
7 36 1
7 37 1
7 46 1
7 47 1
7 49 1
7 57 1
7 58 1
7 59 1
7 60 1
7 63 1
7 70 1
8 14 1
8 15 1
8 19 1
8 22 1
8 36 1
8 42 1
8 47 1
8 50 1
8 52 1
8 58 1
8 61 1
8 62 1
9 11 1
9 13 1
9 19 1
9 65 1
9 67 1
9 71 1
9 72 1
9 73 1
9 74 1
10 13 1
10 15 1
10 18 1
10 22 1
10 23 1
10 30 1
10 31 1
10 33 1
10 38 1
10 39 1
10 49 1
10 53 1
10 54 1
10 55 1
10 59 1
10 61 1
10 62 1
10 64 1
10 69 1
10 70 1
10 72 1
11 12 1
11 17 1
11 21 1
11 29 1
11 39 1
11 41 1
11 49 1
11 60 1
11 65 1
11 66 1
11 74 1
11 75 1
11 78 1
12 31 1
12 42 1
12 43 1
12 46 1
12 50 1
12 55 1
12 57 1
12 69 1
12 70 1
12 71 1
13 16 1
13 29 1
13 35 1
13 40 1
13 46 1
13 67 1
13 70 1
14 28 1
14 30 1
14 35 1
14 42 1
14 43 1
14 48 1
14 55 1
14 58 1
14 65 1
14 69 1
14 71 1
14 74 1
14 76 1
14 79 1
15 18 1
15 24 1
15 25 1
15 27 1
15 54 1
15 57 1
15 60 1
15 62 1
15 64 1
15 65 1
15 68 1
15 69 1
15 72 1
15 77 1
16 26 1
16 27 1
16 28 1
16 31 1
16 37 1
16 38 1
16 41 1
16 50 1
16 56 1
16 59 1
16 63 1
16 70 1
16 73 1
17 27 1
17 36 1
17 39 1
17 45 1
17 46 1
17 48 1
17 49 1
17 57 1
17 62 1
17 63 1
17 64 1
17 71 1
17 72 1
17 76 1
17 79 1
18 21 1
18 26 1
18 28 1
18 39 1
18 48 1
18 50 1
18 52 1
18 55 1
18 56 1
18 57 1
18 61 1
18 69 1
18 73 1
18 74 1
19 28 1
19 35 1
19 48 1
19 57 1
19 67 1
19 75 1
20 26 1
20 27 1
20 28 1
20 32 1
20 34 1
20 40 1
20 44 1
20 51 1
20 57 1
20 59 1
20 61 1
20 63 1
20 64 1
20 68 1
20 71 1
20 74 1
20 79 1
21 22 1
21 23 1
21 25 1
21 26 1
21 28 1
21 30 1
21 32 1
21 40 1
21 41 1
21 43 1
21 47 1
21 48 1
21 50 1
21 53 1
21 56 1
21 59 1
21 68 1
21 77 1
22 26 1
22 41 1
22 43 1
22 47 1
22 49 1
22 51 1
22 54 1
22 55 1
22 57 1
22 63 1
22 67 1
22 69 1
23 27 1
23 44 1
23 57 1
23 58 1
23 68 1
23 71 1
23 77 1
24 31 1
24 49 1
24 54 1
25 27 1
25 39 1
25 44 1
25 46 1
25 48 1
25 51 1
25 52 1
25 53 1
25 54 1
25 62 1
25 77 1
25 79 1
26 33 1
26 34 1
26 35 1
26 36 1
26 37 1
26 40 1
26 45 1
26 51 1
26 53 1
26 62 1
26 67 1
26 69 1
26 73 1
26 76 1
27 28 1
27 29 1
27 30 1
27 32 1
27 35 1
27 43 1
27 45 1
27 56 1
27 58 1
27 59 1
27 61 1
27 64 1
27 70 1
27 76 1
28 30 1
28 32 1
28 34 1
28 41 1
28 43 1
28 47 1
28 49 1
28 54 1
28 57 1
28 59 1
28 60 1
28 72 1
28 73 1
28 74 1
28 79 1
29 34 1
29 35 1
29 39 1
29 47 1
29 48 1
29 53 1
29 57 1
29 63 1
29 64 1
29 69 1
29 76 1
29 78 1
30 31 1
30 32 1
30 33 1
30 38 1
30 48 1
30 54 1
30 55 1
30 62 1
30 64 1
30 65 1
30 67 1
30 69 1
30 77 1
31 34 1
31 46 1
31 47 1
31 53 1
31 58 1
31 66 1
31 71 1
31 77 1
32 34 1
32 37 1
32 49 1
32 54 1
32 56 1
32 59 1
32 61 1
32 69 1
32 72 1
33 37 1
33 50 1
33 51 1
33 56 1
33 58 1
33 70 1
33 71 1
33 78 1
34 37 1
34 38 1
34 41 1
34 42 1
34 46 1
34 59 1
34 64 1
34 77 1
34 78 1
35 38 1
35 40 1
35 48 1
35 53 1
35 73 1
35 75 1
36 37 1
36 48 1
36 49 1
36 51 1
36 53 1
36 54 1
36 58 1
36 60 1
36 65 1
36 66 1
36 71 1
36 72 1
37 54 1
37 60 1
37 63 1
37 67 1
37 77 1
38 42 1
38 43 1
38 50 1
38 52 1
38 54 1
38 57 1
38 60 1
38 68 1
38 69 1
39 44 1
39 47 1
39 56 1
39 58 1
39 59 1
39 60 1
39 65 1
40 42 1
40 43 1
40 49 1
40 50 1
40 54 1
40 55 1
40 66 1
40 67 1
40 74 1
40 76 1
40 79 1
41 50 1
41 51 1
41 56 1
41 58 1
41 62 1
42 43 1
42 48 1
42 50 1
42 52 1
42 55 1
42 65 1
42 73 1
42 75 1
42 79 1
43 51 1
43 55 1
43 56 1
43 58 1
43 60 1
43 67 1
43 74 1
43 79 1
44 45 1
44 52 1
44 58 1
44 65 1
44 68 1
44 69 1
44 71 1
44 72 1
44 74 1
44 77 1
45 46 1
45 52 1
45 53 1
45 55 1
45 60 1
45 72 1
45 73 1
45 75 1
46 48 1
46 52 1
46 53 1
46 60 1
46 62 1
46 72 1
46 75 1
46 77 1
47 58 1
47 61 1
47 66 1
47 69 1
47 71 1
47 76 1
47 78 1
48 49 1
48 53 1
48 54 1
48 66 1
48 68 1
48 71 1
48 73 1
49 50 1
49 62 1
49 64 1
49 72 1
49 73 1
49 75 1
49 77 1
50 51 1
50 61 1
50 68 1
50 69 1
50 70 1
50 78 1
51 57 1
51 58 1
51 65 1
51 72 1
51 73 1
51 74 1
51 79 1
52 56 1
52 58 1
52 60 1
52 61 1
52 63 1
52 64 1
52 77 1
52 78 1
53 58 1
53 62 1
53 65 1
53 67 1
53 70 1
53 73 1
54 56 1
54 57 1
54 61 1
54 67 1
54 68 1
54 69 1
54 72 1
54 77 1
55 56 1
55 68 1
55 73 1
55 75 1
55 79 1
56 57 1
56 58 1
56 59 1
56 68 1
56 72 1
56 74 1
57 59 1
57 61 1
57 62 1
57 64 1
57 65 1
57 77 1
58 60 1
58 64 1
58 65 1
58 72 1
58 74 1
58 77 1
58 78 1
59 60 1
59 64 1
59 67 1
59 69 1
60 66 1
60 67 1
60 69 1
61 64 1
61 65 1
61 76 1
62 63 1
62 68 1
62 77 1
62 79 1
63 65 1
63 66 1
64 67 1
64 68 1
64 74 1
64 79 1
65 71 1
65 73 1
65 76 1
66 76 1
67 68 1
67 74 1
67 79 1
69 71 1
69 74 1
70 77 1
71 75 1
71 79 1
72 76 1
74 76 1
75 78 1
75 79 1
76 77 1
1
47 18 35 32 30 19 46 6
