110
0 1 1
0 6 1
0 8 1
0 10 1
0 17 1
0 18 1
0 19 1
1 2 1
1 3 1
1 4 1
1 5 1
1 8 1
1 9 1
1 10 1
1 13 1
1 15 1
1 16 1
1 17 1
1 18 1
1 19 1
2 4 1
2 5 1
2 6 1
2 8 1
2 9 1
2 10 1
2 12 1
2 14 1
2 15 1
2 18 1
2 19 1
3 4 1
3 5 1
3 6 1
3 7 1
3 10 1
3 12 1
3 13 1
3 15 1
3 17 1
3 19 1
4 6 1
4 9 1
4 10 1
4 11 1
4 12 1
4 13 1
4 16 1
4 18 1
5 9 1
5 10 1
5 11 1
5 12 1
5 15 1
5 17 1
6 7 1
6 8 1
6 9 1
6 11 1
6 12 1
6 14 1
6 15 1
6 17 1
6 19 1
7 8 1
7 9 1
7 10 1
7 11 1
7 12 1
7 13 1
7 15 1
7 17 1
7 18 1
8 9 1
8 11 1
8 12 1
8 14 1
8 15 1
8 16 1
8 19 1
9 12 1
9 13 1
9 17 1
9 19 1
10 13 1
10 14 1
10 15 1
10 18 1
11 12 1
11 14 1
11 15 1
11 16 1
12 14 1
12 15 1
12 16 1
12 17 1
12 18 1
12 19 1
13 15 1
13 16 1
13 17 1
13 18 1
14 15 1
14 17 1
15 19 1
16 17 1
16 19 1
17 18 1
17 19 1
18 19 1
1
15 5
