903
0 2 1
0 4 1
0 14 1
0 22 1
0 29 1
0 30 1
0 33 1
0 39 1
0 48 1
0 51 1
0 53 1
0 61 1
0 64 1
0 69 1
0 70 1
0 77 1
0 79 1
0 85 1
1 4 1
1 5 1
1 7 1
1 30 1
1 35 1
1 41 1
1 43 1
1 44 1
1 45 1
1 47 1
1 57 1
1 61 1
1 62 1
1 63 1
1 66 1
1 69 1
1 78 1
1 82 1
1 87 1
2 3 1
2 4 1
2 9 1
2 13 1
2 23 1
2 27 1
2 28 1
2 29 1
2 39 1
2 44 1
2 48 1
2 52 1
2 57 1
2 71 1
2 76 1
2 86 1
2 89 1
2 90 1
2 96 1
3 16 1
3 27 1
3 43 1
3 44 1
3 45 1
3 47 1
3 51 1
3 52 1
3 53 1
3 65 1
3 76 1
3 86 1
3 88 1
3 93 1
3 98 1
3 99 1
4 13 1
4 16 1
4 35 1
4 38 1
4 56 1
4 64 1
4 80 1
4 81 1
4 91 1
4 93 1
4 98 1
5 7 1
5 15 1
5 30 1
5 32 1
5 34 1
5 39 1
5 40 1
5 42 1
5 51 1
5 55 1
5 59 1
5 61 1
5 73 1
5 74 1
5 75 1
5 84 1
5 89 1
5 94 1
6 7 1
6 15 1
6 18 1
6 25 1
6 28 1
6 29 1
6 35 1
6 57 1
6 63 1
6 77 1
6 81 1
6 86 1
6 88 1
6 91 1
6 96 1
7 11 1
7 15 1
7 17 1
7 26 1
7 32 1
7 43 1
7 53 1
7 55 1
7 58 1
7 61 1
7 63 1
7 69 1
7 74 1
7 80 1
7 85 1
7 91 1
7 92 1
7 93 1
8 9 1
8 10 1
8 12 1
8 22 1
8 31 1
8 33 1
8 43 1
8 49 1
8 65 1
8 79 1
8 84 1
8 87 1
8 93 1
8 95 1
8 96 1
9 10 1
9 26 1
9 28 1
9 31 1
9 32 1
9 42 1
9 44 1
9 45 1
9 61 1
9 65 1
9 69 1
9 70 1
9 72 1
9 74 1
9 85 1
9 86 1
9 93 1
9 98 1
10 15 1
10 19 1
10 26 1
10 27 1
10 36 1
10 41 1
10 54 1
10 56 1
10 57 1
10 58 1
10 65 1
10 70 1
10 78 1
10 81 1
10 90 1
10 93 1
10 95 1
10 98 1
11 21 1
11 22 1
11 25 1
11 48 1
11 52 1
11 54 1
11 56 1
11 60 1
11 66 1
11 79 1
11 82 1
11 83 1
11 90 1
11 94 1
11 97 1
11 99 1
12 16 1
12 23 1
12 26 1
12 28 1
12 32 1
12 36 1
12 37 1
12 58 1
12 62 1
12 66 1
12 68 1
12 78 1
12 79 1
12 84 1
12 85 1
12 92 1
12 94 1
12 95 1
13 15 1
13 22 1
13 24 1
13 28 1
13 33 1
13 41 1
13 42 1
13 45 1
13 51 1
13 52 1
13 55 1
13 57 1
13 62 1
13 68 1
13 69 1
13 76 1
13 78 1
13 80 1
13 86 1
13 88 1
13 92 1
13 98 1
14 23 1
14 29 1
14 32 1
14 36 1
14 39 1
14 55 1
14 61 1
14 63 1
14 69 1
14 76 1
14 78 1
14 81 1
14 82 1
14 93 1
14 95 1
14 98 1
15 18 1
15 23 1
15 25 1
15 39 1
15 43 1
15 54 1
15 68 1
15 69 1
15 78 1
15 89 1
15 90 1
16 24 1
16 29 1
16 32 1
16 33 1
16 44 1
16 47 1
16 52 1
16 53 1
16 56 1
16 72 1
16 74 1
16 87 1
16 98 1
16 99 1
17 25 1
17 31 1
17 37 1
17 39 1
17 42 1
17 52 1
17 53 1
17 61 1
17 63 1
17 64 1
17 67 1
17 78 1
17 81 1
17 87 1
17 88 1
17 89 1
17 91 1
17 92 1
17 97 1
18 34 1
18 39 1
18 42 1
18 45 1
18 51 1
18 52 1
18 58 1
18 65 1
18 66 1
18 75 1
18 79 1
18 80 1
18 83 1
19 26 1
19 34 1
19 40 1
19 50 1
19 51 1
19 53 1
19 62 1
19 67 1
19 75 1
19 85 1
19 86 1
19 90 1
19 94 1
19 97 1
20 21 1
20 34 1
20 36 1
20 48 1
20 49 1
20 50 1
20 53 1
20 57 1
20 67 1
20 70 1
20 75 1
20 76 1
20 83 1
20 84 1
20 88 1
20 94 1
20 95 1
20 97 1
20 99 1
21 22 1
21 28 1
21 35 1
21 59 1
21 62 1
21 72 1
21 74 1
21 78 1
21 89 1
21 91 1
21 95 1
21 97 1
21 99 1
22 34 1
22 43 1
22 46 1
22 54 1
22 67 1
22 76 1
22 78 1
22 85 1
22 86 1
22 88 1
22 98 1
22 99 1
23 27 1
23 38 1
23 41 1
23 52 1
23 58 1
23 59 1
23 65 1
23 69 1
23 74 1
23 77 1
23 78 1
23 81 1
23 89 1
24 32 1
24 44 1
24 46 1
24 49 1
24 67 1
24 68 1
24 70 1
24 72 1
24 74 1
24 83 1
24 87 1
24 89 1
24 90 1
24 97 1
24 99 1
25 44 1
25 47 1
25 49 1
25 52 1
25 53 1
25 55 1
25 63 1
25 66 1
25 76 1
25 82 1
25 84 1
25 85 1
25 87 1
25 90 1
26 34 1
26 38 1
26 39 1
26 43 1
26 48 1
26 59 1
26 64 1
26 65 1
26 80 1
26 82 1
26 83 1
26 84 1
26 87 1
27 29 1
27 35 1
27 36 1
27 40 1
27 41 1
27 56 1
27 58 1
27 74 1
27 79 1
27 82 1
27 95 1
27 99 1
28 30 1
28 44 1
28 47 1
28 52 1
28 71 1
28 75 1
28 83 1
28 88 1
28 94 1
28 95 1
28 97 1
29 37 1
29 43 1
29 48 1
29 57 1
29 62 1
29 68 1
29 69 1
29 72 1
29 80 1
29 93 1
29 95 1
30 45 1
30 51 1
30 58 1
30 62 1
30 63 1
30 65 1
30 69 1
30 79 1
30 84 1
30 87 1
30 94 1
30 98 1
30 99 1
31 33 1
31 35 1
31 36 1
31 45 1
31 49 1
31 50 1
31 54 1
31 59 1
31 60 1
31 67 1
31 82 1
31 93 1
31 94 1
31 98 1
32 35 1
32 42 1
32 49 1
32 69 1
32 70 1
32 84 1
32 85 1
32 87 1
32 98 1
33 40 1
33 44 1
33 52 1
33 55 1
33 57 1
33 66 1
33 70 1
33 71 1
33 73 1
33 81 1
33 82 1
33 83 1
33 85 1
33 87 1
33 92 1
33 97 1
34 40 1
34 45 1
34 46 1
34 48 1
34 56 1
34 60 1
34 61 1
34 69 1
34 71 1
34 74 1
34 75 1
34 77 1
34 79 1
34 80 1
34 83 1
35 42 1
35 44 1
35 45 1
35 48 1
35 53 1
35 54 1
35 58 1
35 67 1
35 76 1
35 89 1
35 90 1
35 95 1
35 96 1
36 39 1
36 61 1
36 63 1
36 64 1
36 65 1
36 68 1
36 69 1
36 72 1
36 77 1
36 92 1
36 93 1
37 46 1
37 52 1
37 60 1
37 69 1
37 73 1
37 74 1
37 79 1
37 81 1
37 85 1
37 96 1
37 98 1
38 41 1
38 50 1
38 51 1
38 53 1
38 61 1
38 62 1
38 70 1
38 74 1
38 78 1
38 84 1
38 85 1
39 42 1
39 45 1
39 53 1
39 57 1
39 65 1
39 67 1
39 68 1
39 69 1
39 73 1
39 75 1
39 81 1
39 82 1
39 86 1
40 53 1
40 58 1
40 64 1
40 70 1
40 74 1
40 75 1
40 81 1
40 82 1
40 89 1
40 96 1
40 99 1
41 50 1
41 55 1
41 85 1
42 48 1
42 65 1
42 68 1
42 74 1
42 82 1
42 90 1
42 91 1
42 94 1
42 97 1
43 44 1
43 62 1
43 66 1
43 89 1
43 92 1
44 53 1
44 55 1
44 57 1
44 58 1
44 61 1
44 72 1
44 76 1
44 77 1
44 78 1
44 79 1
44 82 1
44 88 1
44 95 1
44 99 1
45 57 1
45 63 1
45 65 1
45 79 1
45 84 1
45 86 1
45 95 1
45 97 1
45 98 1
46 50 1
46 53 1
46 58 1
46 69 1
46 74 1
46 75 1
46 77 1
46 83 1
46 85 1
47 49 1
47 50 1
47 59 1
47 69 1
47 79 1
47 93 1
47 97 1
48 50 1
48 55 1
48 56 1
48 60 1
48 61 1
48 73 1
48 80 1
48 84 1
48 91 1
48 93 1
49 60 1
49 62 1
49 68 1
49 74 1
49 77 1
49 81 1
49 83 1
49 90 1
49 98 1
50 63 1
50 66 1
50 71 1
50 72 1
50 87 1
50 89 1
50 92 1
50 94 1
50 98 1
50 99 1
51 57 1
51 60 1
51 61 1
51 64 1
51 65 1
51 74 1
51 76 1
51 77 1
51 88 1
51 93 1
51 96 1
51 97 1
52 53 1
52 60 1
52 67 1
52 71 1
52 83 1
52 88 1
52 91 1
52 92 1
52 93 1
52 96 1
53 55 1
53 61 1
53 72 1
53 73 1
53 80 1
53 89 1
53 95 1
54 57 1
54 67 1
54 72 1
54 83 1
54 84 1
54 88 1
54 89 1
55 56 1
55 57 1
55 59 1
55 68 1
55 69 1
55 74 1
55 78 1
55 84 1
55 89 1
55 99 1
56 57 1
56 61 1
56 68 1
56 69 1
56 80 1
56 83 1
57 67 1
57 68 1
57 69 1
57 74 1
57 75 1
57 89 1
58 62 1
58 64 1
58 66 1
58 74 1
58 75 1
58 77 1
58 80 1
58 87 1
58 90 1
59 64 1
59 69 1
59 78 1
59 82 1
59 86 1
59 88 1
59 90 1
60 65 1
60 70 1
60 72 1
60 74 1
60 77 1
60 84 1
60 90 1
60 93 1
60 95 1
60 99 1
61 65 1
61 74 1
61 79 1
61 80 1
61 81 1
61 85 1
61 88 1
62 63 1
62 69 1
62 90 1
62 97 1
62 99 1
63 77 1
63 87 1
63 94 1
63 96 1
63 98 1
64 66 1
64 67 1
64 72 1
64 78 1
64 80 1
64 81 1
64 84 1
64 86 1
64 87 1
64 94 1
64 97 1
65 79 1
66 71 1
66 80 1
66 89 1
66 97 1
67 70 1
67 90 1
68 70 1
68 72 1
68 83 1
68 84 1
68 86 1
68 95 1
68 97 1
69 71 1
69 73 1
69 74 1
69 85 1
69 88 1
69 92 1
69 93 1
69 96 1
69 98 1
70 93 1
70 96 1
71 73 1
71 75 1
71 78 1
71 84 1
72 73 1
72 77 1
72 95 1
72 97 1
73 75 1
73 88 1
73 92 1
73 95 1
74 79 1
74 89 1
74 92 1
74 93 1
74 94 1
75 79 1
75 80 1
75 82 1
75 89 1
75 98 1
76 84 1
76 91 1
76 92 1
76 98 1
77 79 1
77 82 1
77 85 1
77 86 1
78 85 1
78 87 1
78 95 1
78 96 1
78 99 1
79 84 1
79 86 1
79 87 1
79 89 1
79 90 1
79 91 1
79 93 1
80 85 1
80 87 1
81 84 1
81 87 1
81 90 1
81 96 1
81 99 1
82 88 1
82 93 1
82 94 1
83 86 1
83 88 1
84 90 1
84 94 1
84 98 1
85 86 1
86 88 1
86 89 1
86 90 1
86 94 1
86 97 1
88 91 1
88 93 1
89 95 1
89 98 1
90 93 1
90 94 1
90 95 1
90 96 1
90 97 1
91 92 1
91 98 1
92 94 1
92 95 1
93 95 1
93 97 1
94 95 1
95 98 1
96 97 1
96 98 1
97 99 1
1
91 29 78 5 87 42 26 14 74 70
