1020
0 12 1
0 17 1
0 23 1
0 26 1
0 29 1
0 38 1
0 49 1
0 50 1
0 53 1
0 56 1
0 65 1
0 70 1
0 81 1
0 84 1
0 87 1
0 90 1
0 95 1
0 98 1
0 103 1
0 106 1
1 10 1
1 12 1
1 21 1
1 23 1
1 26 1
1 28 1
1 36 1
1 43 1
1 53 1
1 55 1
1 68 1
1 75 1
1 77 1
1 78 1
1 83 1
1 95 1
1 96 1
1 100 1
1 103 1
2 7 1
2 19 1
2 29 1
2 34 1
2 38 1
2 39 1
2 40 1
2 44 1
2 45 1
2 46 1
2 54 1
2 55 1
2 57 1
2 61 1
2 62 1
2 63 1
2 78 1
2 79 1
2 83 1
2 85 1
2 93 1
2 95 1
2 99 1
2 100 1
2 104 1
3 9 1
3 16 1
3 20 1
3 22 1
3 33 1
3 52 1
3 60 1
3 65 1
3 70 1
3 74 1
3 75 1
3 78 1
3 93 1
3 96 1
3 98 1
3 105 1
4 8 1
4 24 1
4 25 1
4 26 1
4 38 1
4 45 1
4 47 1
4 49 1
4 50 1
4 51 1
4 53 1
4 60 1
4 62 1
4 68 1
4 84 1
4 94 1
4 96 1
4 101 1
4 106 1
4 108 1
4 109 1
5 6 1
5 15 1
5 19 1
5 20 1
5 27 1
5 35 1
5 37 1
5 45 1
5 48 1
5 60 1
5 61 1
5 69 1
5 102 1
5 107 1
6 8 1
6 10 1
6 12 1
6 18 1
6 24 1
6 28 1
6 36 1
6 38 1
6 40 1
6 41 1
6 48 1
6 53 1
6 56 1
6 57 1
6 60 1
6 62 1
6 63 1
6 70 1
6 80 1
6 88 1
6 104 1
6 108 1
7 9 1
7 24 1
7 25 1
7 26 1
7 27 1
7 30 1
7 42 1
7 50 1
7 57 1
7 61 1
7 63 1
7 72 1
7 75 1
7 77 1
7 91 1
7 92 1
7 95 1
7 97 1
7 102 1
7 103 1
7 104 1
7 107 1
8 11 1
8 13 1
8 16 1
8 18 1
8 20 1
8 23 1
8 33 1
8 35 1
8 40 1
8 46 1
8 51 1
8 64 1
8 67 1
8 69 1
8 71 1
8 74 1
8 79 1
8 80 1
8 88 1
8 92 1
8 100 1
8 104 1
9 38 1
9 48 1
9 51 1
9 59 1
9 62 1
9 66 1
9 70 1
9 73 1
9 75 1
9 83 1
9 84 1
9 86 1
9 91 1
10 14 1
10 15 1
10 16 1
10 21 1
10 44 1
10 46 1
10 51 1
10 52 1
10 55 1
10 59 1
10 62 1
10 64 1
10 68 1
10 79 1
10 82 1
10 83 1
10 85 1
10 90 1
10 98 1
10 102 1
10 104 1
11 13 1
11 16 1
11 26 1
11 27 1
11 32 1
11 41 1
11 43 1
11 48 1
11 51 1
11 53 1
11 54 1
11 60 1
11 63 1
11 68 1
11 69 1
11 70 1
11 79 1
11 88 1
11 90 1
11 91 1
11 102 1
11 106 1
12 14 1
12 15 1
12 23 1
12 25 1
12 28 1
12 31 1
12 35 1
12 41 1
12 51 1
12 53 1
12 58 1
12 63 1
12 78 1
12 79 1
12 83 1
12 88 1
12 92 1
13 26 1
13 32 1
13 35 1
13 42 1
13 44 1
13 46 1
13 48 1
13 49 1
13 57 1
13 70 1
13 75 1
13 80 1
13 90 1
13 94 1
13 99 1
13 102 1
14 15 1
14 17 1
14 32 1
14 37 1
14 45 1
14 50 1
14 55 1
14 59 1
14 67 1
14 68 1
14 69 1
14 70 1
14 87 1
14 94 1
14 101 1
15 27 1
15 37 1
15 41 1
15 43 1
15 49 1
15 50 1
15 53 1
15 54 1
15 78 1
15 81 1
15 91 1
15 101 1
15 104 1
16 18 1
16 23 1
16 29 1
16 40 1
16 46 1
16 48 1
16 55 1
16 57 1
16 64 1
16 73 1
16 84 1
16 85 1
16 87 1
17 22 1
17 23 1
17 26 1
17 32 1
17 36 1
17 38 1
17 42 1
17 50 1
17 59 1
17 66 1
17 76 1
17 88 1
17 89 1
17 93 1
17 94 1
17 97 1
17 103 1
18 27 1
18 40 1
18 43 1
18 44 1
18 45 1
18 48 1
18 51 1
18 58 1
18 59 1
18 60 1
18 66 1
18 74 1
18 78 1
18 80 1
18 82 1
18 84 1
18 102 1
18 106 1
19 25 1
19 31 1
19 43 1
19 45 1
19 47 1
19 52 1
19 56 1
19 70 1
19 71 1
19 78 1
19 82 1
19 85 1
19 86 1
19 89 1
19 91 1
19 92 1
19 93 1
19 98 1
19 100 1
20 21 1
20 28 1
20 48 1
20 52 1
20 54 1
20 63 1
20 65 1
20 70 1
20 82 1
20 84 1
20 96 1
20 105 1
20 107 1
20 108 1
21 22 1
21 25 1
21 28 1
21 39 1
21 48 1
21 50 1
21 57 1
21 61 1
21 73 1
21 74 1
21 98 1
22 31 1
22 34 1
22 44 1
22 57 1
22 58 1
22 64 1
22 74 1
22 84 1
22 92 1
23 26 1
23 32 1
23 34 1
23 59 1
23 60 1
23 67 1
23 71 1
23 74 1
23 75 1
23 76 1
23 101 1
23 102 1
24 30 1
24 40 1
24 44 1
24 51 1
24 55 1
24 58 1
24 64 1
24 66 1
24 67 1
24 68 1
24 76 1
24 92 1
24 94 1
24 95 1
24 101 1
24 106 1
25 30 1
25 32 1
25 34 1
25 37 1
25 38 1
25 61 1
25 73 1
25 76 1
25 80 1
25 82 1
25 83 1
25 84 1
25 85 1
25 90 1
25 98 1
25 102 1
25 103 1
25 104 1
26 28 1
26 45 1
26 46 1
26 47 1
26 48 1
26 51 1
26 52 1
26 53 1
26 62 1
26 78 1
26 80 1
26 93 1
26 96 1
26 100 1
26 105 1
26 106 1
27 30 1
27 33 1
27 34 1
27 37 1
27 40 1
27 48 1
27 50 1
27 59 1
27 66 1
27 70 1
27 77 1
27 108 1
28 29 1
28 56 1
28 65 1
28 75 1
28 81 1
28 84 1
28 86 1
28 90 1
28 99 1
28 105 1
28 108 1
29 31 1
29 32 1
29 33 1
29 50 1
29 67 1
29 75 1
29 81 1
29 94 1
29 101 1
29 105 1
29 106 1
29 109 1
30 36 1
30 52 1
30 55 1
30 57 1
30 58 1
30 60 1
30 61 1
30 66 1
30 79 1
30 85 1
30 87 1
30 89 1
30 92 1
30 99 1
30 105 1
31 46 1
31 48 1
31 55 1
31 60 1
31 67 1
31 70 1
31 78 1
31 89 1
31 94 1
31 95 1
31 97 1
31 98 1
31 104 1
31 108 1
32 34 1
32 42 1
32 44 1
32 49 1
32 63 1
32 74 1
32 77 1
32 92 1
32 95 1
32 102 1
33 35 1
33 38 1
33 51 1
33 55 1
33 61 1
33 66 1
33 74 1
33 85 1
33 86 1
33 103 1
34 36 1
34 45 1
34 48 1
34 50 1
34 55 1
34 69 1
34 71 1
34 73 1
34 78 1
34 80 1
34 95 1
34 97 1
34 101 1
34 108 1
35 36 1
35 38 1
35 44 1
35 48 1
35 54 1
35 65 1
35 71 1
35 85 1
35 90 1
35 94 1
35 95 1
35 99 1
35 104 1
36 38 1
36 41 1
36 48 1
36 59 1
36 62 1
36 73 1
36 80 1
36 96 1
36 97 1
36 104 1
37 38 1
37 59 1
37 61 1
37 62 1
37 63 1
37 68 1
37 70 1
37 73 1
37 81 1
37 84 1
37 87 1
37 93 1
37 100 1
37 101 1
38 44 1
38 47 1
38 49 1
38 62 1
38 74 1
38 87 1
38 107 1
38 108 1
39 43 1
39 49 1
39 51 1
39 61 1
39 71 1
39 77 1
39 82 1
39 90 1
39 91 1
39 97 1
39 98 1
39 99 1
39 100 1
39 102 1
40 42 1
40 60 1
40 63 1
40 70 1
40 71 1
40 73 1
40 78 1
40 81 1
40 84 1
40 101 1
40 103 1
40 104 1
40 106 1
41 42 1
41 50 1
41 61 1
41 63 1
41 64 1
41 77 1
41 79 1
41 81 1
41 85 1
41 88 1
41 93 1
41 107 1
42 43 1
42 44 1
42 51 1
42 67 1
42 68 1
42 81 1
42 84 1
42 91 1
42 94 1
42 96 1
42 108 1
43 50 1
43 53 1
43 63 1
43 66 1
43 78 1
43 83 1
43 86 1
43 87 1
43 91 1
43 99 1
43 104 1
43 106 1
43 108 1
43 109 1
44 51 1
44 53 1
44 54 1
44 80 1
44 85 1
45 59 1
45 74 1
45 77 1
45 81 1
45 90 1
45 97 1
45 102 1
46 49 1
46 61 1
46 64 1
46 66 1
46 95 1
46 100 1
47 49 1
47 54 1
47 57 1
47 59 1
47 62 1
47 79 1
47 81 1
47 84 1
47 97 1
47 100 1
48 49 1
48 54 1
48 56 1
48 57 1
48 68 1
48 89 1
48 98 1
48 102 1
48 109 1
49 54 1
49 59 1
49 67 1
49 70 1
49 72 1
49 75 1
49 78 1
49 82 1
49 84 1
49 85 1
49 89 1
49 90 1
49 91 1
49 98 1
49 103 1
50 67 1
50 70 1
50 76 1
50 84 1
50 96 1
50 97 1
50 100 1
50 108 1
50 109 1
51 57 1
51 59 1
51 69 1
51 78 1
51 80 1
51 81 1
51 83 1
51 84 1
51 87 1
51 90 1
51 92 1
51 93 1
51 95 1
51 96 1
51 101 1
51 106 1
52 53 1
52 63 1
52 64 1
52 72 1
52 85 1
52 87 1
52 89 1
52 94 1
52 103 1
52 107 1
53 67 1
53 75 1
53 82 1
53 84 1
53 86 1
53 93 1
53 96 1
53 97 1
53 100 1
54 55 1
54 70 1
54 71 1
54 75 1
54 87 1
54 94 1
54 95 1
54 103 1
54 108 1
55 60 1
55 68 1
55 71 1
55 78 1
55 79 1
55 83 1
55 93 1
55 95 1
56 57 1
56 67 1
56 71 1
56 89 1
56 91 1
56 101 1
56 105 1
57 63 1
57 77 1
57 83 1
57 102 1
57 103 1
57 107 1
58 74 1
58 80 1
58 90 1
58 96 1
58 98 1
58 102 1
58 109 1
59 71 1
59 75 1
59 81 1
59 82 1
59 92 1
60 64 1
60 71 1
60 83 1
60 89 1
60 97 1
60 98 1
60 99 1
60 103 1
60 107 1
60 108 1
60 109 1
61 65 1
61 77 1
61 86 1
61 94 1
61 104 1
62 64 1
62 66 1
62 67 1
62 68 1
62 70 1
62 72 1
62 85 1
62 88 1
62 93 1
62 101 1
63 65 1
63 73 1
63 74 1
63 75 1
63 87 1
63 92 1
63 102 1
63 105 1
64 68 1
64 71 1
64 77 1
64 79 1
64 82 1
64 96 1
64 97 1
64 104 1
65 68 1
65 73 1
65 76 1
65 106 1
65 108 1
66 69 1
66 75 1
66 78 1
66 81 1
66 98 1
66 109 1
67 71 1
67 78 1
67 83 1
67 84 1
67 86 1
67 87 1
67 92 1
67 93 1
67 94 1
67 95 1
67 97 1
67 98 1
67 107 1
68 71 1
68 72 1
68 95 1
68 102 1
68 103 1
68 108 1
68 109 1
69 70 1
69 71 1
69 74 1
69 75 1
69 76 1
69 77 1
69 78 1
69 79 1
69 81 1
69 102 1
69 109 1
70 72 1
70 76 1
70 77 1
70 81 1
70 84 1
70 93 1
70 103 1
71 76 1
71 78 1
71 79 1
71 80 1
71 81 1
71 92 1
71 95 1
71 109 1
72 78 1
72 86 1
72 90 1
72 92 1
72 94 1
72 96 1
72 97 1
72 98 1
72 100 1
72 108 1
73 74 1
73 88 1
73 90 1
73 92 1
73 104 1
74 81 1
74 92 1
74 94 1
74 100 1
75 76 1
75 79 1
75 86 1
75 94 1
75 96 1
75 98 1
75 99 1
75 108 1
76 89 1
76 106 1
77 79 1
77 85 1
77 107 1
78 83 1
78 85 1
78 86 1
78 95 1
78 102 1
78 106 1
79 91 1
79 98 1
80 85 1
80 97 1
80 98 1
80 100 1
80 101 1
80 102 1
80 103 1
80 105 1
80 107 1
81 82 1
81 90 1
81 91 1
81 97 1
81 103 1
81 109 1
82 84 1
82 86 1
82 92 1
82 98 1
82 101 1
83 98 1
83 105 1
83 108 1
84 90 1
84 94 1
84 96 1
84 103 1
84 105 1
84 107 1
85 94 1
85 95 1
85 96 1
85 105 1
86 96 1
86 101 1
86 108 1
87 91 1
87 94 1
87 106 1
87 109 1
88 94 1
88 104 1
88 107 1
89 107 1
90 91 1
90 92 1
90 104 1
90 108 1
91 92 1
91 102 1
91 104 1
91 105 1
92 96 1
92 99 1
92 102 1
92 106 1
94 98 1
94 100 1
94 103 1
96 105 1
96 108 1
97 100 1
98 101 1
98 104 1
98 105 1
99 101 1
100 103 1
100 104 1
101 102 1
101 105 1
102 104 1
102 105 1
103 105 1
104 107 1
106 109 1
1
84 7 8 102 55 0 107 95 5 16 51
