383
0 3 1
0 5 1
0 7 1
0 12 1
0 14 1
0 15 1
0 20 1
0 22 1
0 23 1
0 24 1
0 25 1
0 26 1
0 31 1
0 32 1
0 35 1
0 37 1
0 38 1
0 39 1
0 45 1
0 46 1
0 47 1
1 4 1
1 6 1
1 7 1
1 8 1
1 9 1
1 10 1
1 14 1
1 15 1
1 16 1
1 21 1
1 22 1
1 24 1
1 26 1
1 32 1
1 39 1
1 42 1
1 43 1
1 45 1
1 46 1
1 47 1
1 48 1
2 3 1
2 10 1
2 12 1
2 21 1
2 22 1
2 26 1
2 33 1
2 39 1
2 41 1
2 45 1
2 47 1
2 49 1
3 9 1
3 10 1
3 19 1
3 21 1
3 22 1
3 25 1
3 26 1
3 28 1
3 33 1
3 37 1
3 38 1
3 39 1
3 42 1
3 43 1
3 44 1
3 49 1
4 5 1
4 8 1
4 11 1
4 12 1
4 15 1
4 16 1
4 18 1
4 22 1
4 26 1
4 34 1
4 36 1
4 42 1
4 43 1
4 46 1
4 49 1
5 13 1
5 23 1
5 24 1
5 25 1
5 28 1
5 29 1
5 34 1
5 37 1
5 40 1
5 42 1
5 49 1
6 7 1
6 13 1
6 15 1
6 18 1
6 19 1
6 32 1
6 35 1
6 38 1
6 39 1
6 42 1
6 43 1
6 49 1
7 10 1
7 13 1
7 17 1
7 24 1
7 25 1
7 26 1
7 28 1
7 32 1
7 33 1
7 46 1
7 47 1
8 9 1
8 19 1
8 20 1
8 22 1
8 25 1
8 29 1
8 30 1
8 33 1
8 35 1
8 37 1
8 38 1
8 40 1
8 42 1
8 44 1
8 46 1
9 10 1
9 15 1
9 16 1
9 18 1
9 20 1
9 21 1
9 24 1
9 25 1
9 28 1
9 31 1
9 38 1
9 39 1
9 44 1
9 45 1
9 47 1
9 48 1
10 27 1
10 29 1
10 32 1
10 33 1
10 35 1
10 38 1
10 41 1
11 13 1
11 15 1
11 20 1
11 21 1
11 29 1
11 30 1
11 31 1
11 36 1
11 42 1
11 46 1
11 49 1
12 13 1
12 14 1
12 25 1
12 26 1
12 27 1
12 29 1
12 35 1
12 38 1
12 41 1
12 45 1
12 48 1
13 15 1
13 20 1
13 29 1
13 30 1
13 31 1
13 32 1
13 34 1
13 35 1
13 36 1
13 37 1
13 48 1
14 15 1
14 24 1
14 36 1
14 38 1
14 39 1
14 41 1
14 45 1
14 47 1
14 48 1
15 16 1
15 17 1
15 22 1
15 23 1
15 24 1
15 30 1
15 34 1
15 37 1
15 44 1
15 46 1
15 48 1
16 18 1
16 21 1
16 23 1
16 25 1
16 31 1
16 32 1
16 34 1
16 37 1
16 38 1
16 40 1
16 42 1
16 44 1
17 19 1
17 24 1
17 26 1
17 38 1
17 39 1
17 45 1
17 49 1
18 19 1
18 22 1
18 26 1
18 29 1
18 30 1
18 35 1
18 40 1
18 41 1
18 44 1
18 47 1
18 48 1
19 21 1
19 22 1
19 28 1
19 30 1
19 35 1
19 36 1
19 37 1
19 42 1
19 43 1
19 48 1
19 49 1
20 23 1
20 32 1
20 33 1
20 37 1
20 41 1
20 47 1
21 23 1
21 29 1
21 30 1
21 31 1
21 43 1
21 46 1
21 47 1
22 31 1
22 32 1
22 33 1
22 37 1
22 38 1
22 41 1
22 43 1
22 49 1
23 24 1
23 29 1
23 35 1
23 37 1
23 42 1
23 44 1
23 49 1
24 31 1
24 32 1
24 37 1
24 39 1
24 44 1
24 45 1
24 46 1
24 48 1
24 49 1
25 26 1
25 30 1
25 33 1
25 34 1
25 37 1
25 39 1
25 41 1
25 44 1
25 46 1
25 48 1
25 49 1
26 30 1
26 32 1
26 34 1
26 35 1
26 38 1
27 28 1
27 31 1
27 33 1
27 34 1
27 35 1
27 36 1
27 37 1
27 43 1
27 45 1
27 46 1
27 48 1
28 30 1
28 44 1
28 46 1
28 47 1
29 30 1
29 33 1
29 34 1
29 35 1
29 36 1
29 37 1
29 40 1
29 42 1
29 43 1
29 45 1
29 46 1
30 33 1
30 34 1
30 37 1
30 39 1
30 40 1
30 46 1
30 47 1
31 35 1
31 39 1
31 49 1
32 45 1
32 49 1
33 35 1
33 36 1
33 38 1
33 40 1
33 45 1
33 46 1
33 48 1
34 38 1
34 39 1
34 41 1
36 37 1
36 40 1
36 41 1
36 45 1
37 42 1
37 44 1
37 46 1
37 49 1
38 39 1
38 44 1
38 45 1
38 48 1
39 40 1
39 41 1
39 42 1
39 46 1
39 47 1
39 49 1
40 41 1
40 44 1
40 46 1
41 42 1
41 43 1
41 47 1
42 46 1
42 49 1
43 44 1
43 48 1
44 45 1
44 47 1
45 47 1
1
14 2 36 40 1
