112
0 2 1
0 3 1
0 5 1
0 7 1
0 11 1
0 12 1
0 14 1
0 16 1
0 17 1
1 6 1
1 8 1
1 12 1
1 14 1
1 15 1
1 17 1
1 18 1
1 19 1
2 3 1
2 6 1
2 8 1
2 10 1
2 11 1
2 13 1
2 16 1
2 17 1
2 19 1
3 4 1
3 6 1
3 7 1
3 8 1
3 9 1
3 11 1
3 14 1
3 15 1
3 17 1
3 18 1
3 19 1
4 7 1
4 11 1
4 13 1
4 16 1
4 18 1
5 7 1
5 8 1
5 9 1
5 12 1
5 13 1
5 14 1
5 15 1
5 16 1
5 17 1
5 19 1
6 7 1
6 9 1
6 10 1
6 11 1
6 12 1
6 13 1
6 14 1
6 15 1
6 16 1
6 17 1
6 18 1
7 8 1
7 13 1
7 14 1
7 16 1
7 17 1
7 19 1
8 11 1
8 12 1
8 13 1
8 16 1
8 17 1
8 19 1
9 10 1
9 11 1
9 12 1
9 13 1
9 15 1
9 16 1
9 17 1
10 11 1
10 12 1
10 13 1
10 17 1
11 12 1
11 13 1
11 14 1
11 16 1
11 17 1
11 18 1
11 19 1
12 13 1
12 14 1
12 16 1
12 17 1
12 19 1
13 14 1
13 16 1
13 19 1
14 18 1
14 19 1
15 16 1
15 18 1
15 19 1
16 17 1
16 18 1
16 19 1
17 18 1
17 19 1
18 19 1
1
0 10
