401
0 2 1
0 6 1
0 14 1
0 15 1
0 19 1
0 23 1
0 26 1
0 27 1
0 34 1
0 40 1
0 41 1
0 43 1
1 5 1
1 16 1
1 17 1
1 21 1
1 22 1
1 24 1
1 25 1
1 27 1
1 31 1
1 32 1
1 33 1
1 35 1
1 38 1
1 40 1
1 44 1
1 47 1
1 48 1
1 49 1
2 6 1
2 8 1
2 9 1
2 10 1
2 14 1
2 22 1
2 26 1
2 27 1
2 28 1
2 32 1
2 33 1
2 35 1
2 37 1
2 38 1
2 40 1
2 47 1
3 7 1
3 8 1
3 17 1
3 19 1
3 24 1
3 25 1
3 27 1
3 29 1
3 30 1
3 31 1
3 34 1
3 35 1
3 36 1
3 38 1
3 41 1
3 45 1
3 46 1
4 5 1
4 12 1
4 14 1
4 15 1
4 16 1
4 18 1
4 20 1
4 22 1
4 23 1
4 24 1
4 27 1
4 29 1
4 30 1
4 33 1
4 35 1
4 36 1
4 37 1
4 38 1
4 41 1
4 43 1
4 48 1
4 49 1
5 7 1
5 8 1
5 9 1
5 18 1
5 22 1
5 25 1
5 27 1
5 30 1
5 32 1
5 33 1
5 35 1
5 38 1
5 40 1
5 42 1
5 49 1
6 10 1
6 13 1
6 20 1
6 23 1
6 26 1
6 27 1
6 34 1
6 46 1
6 47 1
7 16 1
7 19 1
7 21 1
7 22 1
7 28 1
7 29 1
7 35 1
7 36 1
7 39 1
7 40 1
7 42 1
7 43 1
7 44 1
7 46 1
7 49 1
8 12 1
8 18 1
8 20 1
8 22 1
8 23 1
8 24 1
8 29 1
8 35 1
8 38 1
8 41 1
8 42 1
9 12 1
9 15 1
9 24 1
9 34 1
9 36 1
9 39 1
9 44 1
9 45 1
9 46 1
9 47 1
10 12 1
10 16 1
10 18 1
10 22 1
10 24 1
10 26 1
10 31 1
10 34 1
10 36 1
10 37 1
10 39 1
10 40 1
10 43 1
10 44 1
10 46 1
11 13 1
11 14 1
11 17 1
11 19 1
11 21 1
11 24 1
11 27 1
11 33 1
11 34 1
11 38 1
11 39 1
11 44 1
11 45 1
11 46 1
12 14 1
12 17 1
12 18 1
12 24 1
12 27 1
12 33 1
12 34 1
12 35 1
12 37 1
12 40 1
12 47 1
13 14 1
13 18 1
13 19 1
13 22 1
13 23 1
13 27 1
13 30 1
13 32 1
13 41 1
13 42 1
13 46 1
13 47 1
13 48 1
13 49 1
14 16 1
14 21 1
14 22 1
14 28 1
14 30 1
14 32 1
14 33 1
14 34 1
14 39 1
14 44 1
15 21 1
15 22 1
15 23 1
15 26 1
15 29 1
15 31 1
15 36 1
15 37 1
15 38 1
15 39 1
15 43 1
16 19 1
16 24 1
16 25 1
16 28 1
16 35 1
16 38 1
16 41 1
16 42 1
16 46 1
17 19 1
17 20 1
17 28 1
17 29 1
17 30 1
17 35 1
17 36 1
17 37 1
17 39 1
17 41 1
17 43 1
17 44 1
17 45 1
17 46 1
17 48 1
18 19 1
18 20 1
18 26 1
18 27 1
18 28 1
18 35 1
18 42 1
18 43 1
18 47 1
19 21 1
19 23 1
19 31 1
19 35 1
19 39 1
19 40 1
19 43 1
19 44 1
20 24 1
20 25 1
20 26 1
20 29 1
20 31 1
20 34 1
20 35 1
20 36 1
20 37 1
20 42 1
20 44 1
21 33 1
21 36 1
21 38 1
21 39 1
21 40 1
21 41 1
21 45 1
21 46 1
21 49 1
22 27 1
22 28 1
22 31 1
22 33 1
22 38 1
22 39 1
22 43 1
22 44 1
22 46 1
22 47 1
22 48 1
23 24 1
23 26 1
23 29 1
23 38 1
23 39 1
23 40 1
23 42 1
23 43 1
23 45 1
23 47 1
23 48 1
24 30 1
24 33 1
24 48 1
24 49 1
25 26 1
25 28 1
25 33 1
25 34 1
25 39 1
25 40 1
25 44 1
25 45 1
25 47 1
25 48 1
26 32 1
26 34 1
26 35 1
26 36 1
26 38 1
26 41 1
26 45 1
26 47 1
27 28 1
27 29 1
27 40 1
27 42 1
27 43 1
27 45 1
28 31 1
28 33 1
28 34 1
28 37 1
28 38 1
28 42 1
28 48 1
29 31 1
29 34 1
29 37 1
29 38 1
29 39 1
29 42 1
29 46 1
29 48 1
29 49 1
30 34 1
30 36 1
30 39 1
30 44 1
30 45 1
31 38 1
31 39 1
31 42 1
31 43 1
32 42 1
32 44 1
33 35 1
33 36 1
33 40 1
33 42 1
33 45 1
34 36 1
34 38 1
34 41 1
34 44 1
34 45 1
34 47 1
34 48 1
35 38 1
35 48 1
35 49 1
36 41 1
36 44 1
36 48 1
36 49 1
37 41 1
38 44 1
38 46 1
38 48 1
39 42 1
39 46 1
39 49 1
40 41 1
40 42 1
40 44 1
40 45 1
41 43 1
41 44 1
41 46 1
41 47 1
42 48 1
42 49 1
44 46 1
44 48 1
45 46 1
45 47 1
46 47 1
46 48 1
47 49 1
1
18 19 14 30 25
