401
0 2 1
0 3 1
0 4 1
0 6 1
0 7 1
0 12 1
0 22 1
0 31 1
0 33 1
0 37 1
0 39 1
0 40 1
0 43 1
0 48 1
1 4 1
1 6 1
1 12 1
1 25 1
1 26 1
1 28 1
1 35 1
1 42 1
1 45 1
1 46 1
1 49 1
2 3 1
2 7 1
2 9 1
2 11 1
2 13 1
2 15 1
2 16 1
2 17 1
2 18 1
2 20 1
2 28 1
2 29 1
2 30 1
2 38 1
2 42 1
2 43 1
2 45 1
2 46 1
2 48 1
2 49 1
3 10 1
3 19 1
3 20 1
3 25 1
3 27 1
3 29 1
3 30 1
3 31 1
3 33 1
3 34 1
3 43 1
3 45 1
3 47 1
3 48 1
4 7 1
4 13 1
4 16 1
4 32 1
4 33 1
4 34 1
4 38 1
4 41 1
4 44 1
5 6 1
5 7 1
5 8 1
5 9 1
5 13 1
5 16 1
5 17 1
5 33 1
5 36 1
5 45 1
5 46 1
5 48 1
5 49 1
6 8 1
6 10 1
6 11 1
6 13 1
6 15 1
6 17 1
6 22 1
6 23 1
6 24 1
6 26 1
6 31 1
6 32 1
6 37 1
6 38 1
6 42 1
6 49 1
7 12 1
7 16 1
7 20 1
7 21 1
7 27 1
7 28 1
7 32 1
7 35 1
7 36 1
7 38 1
7 42 1
7 46 1
7 48 1
8 11 1
8 13 1
8 18 1
8 19 1
8 28 1
8 31 1
8 33 1
8 34 1
8 37 1
8 40 1
8 43 1
8 44 1
8 48 1
9 12 1
9 13 1
9 15 1
9 17 1
9 21 1
9 22 1
9 24 1
9 25 1
9 28 1
9 29 1
9 31 1
9 34 1
9 47 1
10 12 1
10 17 1
10 21 1
10 22 1
10 24 1
10 27 1
10 32 1
10 36 1
10 37 1
10 39 1
10 41 1
10 43 1
10 45 1
10 48 1
10 49 1
11 14 1
11 16 1
11 21 1
11 22 1
11 23 1
11 24 1
11 27 1
11 33 1
11 40 1
11 45 1
11 46 1
11 49 1
12 14 1
12 17 1
12 18 1
12 22 1
12 25 1
12 26 1
12 27 1
12 28 1
12 32 1
12 38 1
12 40 1
12 44 1
12 46 1
12 48 1
13 15 1
13 23 1
13 29 1
13 30 1
13 32 1
13 40 1
13 41 1
13 43 1
13 44 1
13 49 1
14 17 1
14 18 1
14 20 1
14 25 1
14 27 1
14 30 1
14 32 1
14 34 1
14 37 1
14 48 1
15 17 1
15 18 1
15 19 1
15 20 1
15 33 1
15 34 1
15 39 1
15 40 1
15 44 1
15 46 1
15 47 1
15 48 1
16 20 1
16 25 1
16 26 1
16 27 1
16 33 1
16 36 1
16 41 1
16 43 1
16 46 1
16 49 1
17 20 1
17 21 1
17 23 1
17 25 1
17 26 1
17 32 1
17 34 1
17 36 1
17 40 1
17 41 1
17 47 1
17 48 1
18 26 1
18 27 1
18 28 1
18 29 1
18 32 1
18 33 1
18 34 1
18 39 1
18 42 1
18 45 1
18 49 1
19 21 1
19 22 1
19 23 1
19 27 1
19 32 1
19 33 1
19 34 1
19 35 1
19 37 1
19 47 1
19 48 1
20 21 1
20 27 1
20 32 1
20 35 1
20 42 1
20 49 1
21 22 1
21 24 1
21 25 1
21 26 1
21 28 1
21 32 1
21 33 1
21 36 1
21 38 1
21 39 1
21 45 1
21 47 1
21 49 1
22 24 1
22 26 1
22 30 1
22 35 1
22 38 1
22 39 1
22 40 1
22 41 1
22 45 1
22 46 1
22 49 1
23 25 1
23 27 1
23 29 1
23 30 1
23 34 1
23 37 1
23 42 1
23 46 1
23 47 1
24 27 1
24 31 1
24 37 1
24 38 1
24 39 1
24 41 1
24 42 1
24 44 1
25 27 1
25 29 1
25 31 1
25 34 1
25 36 1
25 37 1
25 41 1
25 46 1
25 48 1
26 27 1
26 31 1
26 33 1
26 36 1
26 37 1
26 40 1
26 41 1
26 42 1
26 45 1
26 48 1
26 49 1
27 30 1
27 37 1
27 38 1
27 39 1
27 41 1
27 46 1
27 49 1
28 29 1
28 30 1
28 33 1
28 37 1
28 41 1
28 45 1
28 46 1
28 47 1
28 49 1
29 33 1
29 35 1
29 36 1
29 38 1
29 44 1
30 31 1
30 35 1
30 38 1
30 41 1
30 43 1
30 44 1
30 46 1
30 48 1
31 32 1
31 43 1
31 44 1
31 46 1
32 35 1
32 38 1
32 40 1
32 42 1
32 43 1
32 44 1
32 45 1
32 46 1
32 49 1
33 35 1
33 40 1
33 45 1
33 47 1
33 48 1
33 49 1
34 36 1
34 39 1
34 43 1
34 44 1
34 47 1
35 36 1
35 39 1
35 41 1
35 45 1
35 47 1
35 48 1
36 38 1
36 43 1
36 45 1
36 47 1
37 39 1
37 44 1
38 41 1
38 43 1
39 45 1
40 47 1
40 48 1
40 49 1
41 42 1
41 45 1
42 43 1
42 45 1
43 47 1
43 48 1
44 45 1
44 47 1
45 47 1
45 48 1
1
12 35 15 40 37
