483
0 4 1
0 7 1
0 9 1
0 10 1
0 11 1
0 17 1
0 23 1
0 25 1
0 26 1
0 28 1
0 30 1
0 32 1
0 37 1
0 38 1
0 40 1
0 47 1
0 48 1
0 58 1
0 59 1
1 6 1
1 7 1
1 11 1
1 12 1
1 16 1
1 18 1
1 21 1
1 22 1
1 28 1
1 29 1
1 31 1
1 34 1
1 45 1
1 50 1
1 56 1
1 57 1
1 58 1
1 59 1
2 7 1
2 15 1
2 19 1
2 20 1
2 32 1
2 33 1
2 34 1
2 41 1
2 45 1
2 46 1
2 48 1
2 51 1
2 56 1
2 59 1
3 5 1
3 9 1
3 12 1
3 16 1
3 17 1
3 21 1
3 25 1
3 26 1
3 34 1
3 42 1
3 43 1
3 44 1
3 45 1
3 48 1
3 58 1
4 5 1
4 19 1
4 20 1
4 22 1
4 23 1
4 27 1
4 33 1
4 34 1
4 38 1
4 42 1
4 46 1
4 47 1
4 48 1
4 53 1
4 54 1
4 58 1
5 9 1
5 17 1
5 22 1
5 24 1
5 26 1
5 33 1
5 37 1
5 43 1
5 44 1
5 51 1
5 52 1
5 58 1
5 59 1
6 9 1
6 10 1
6 12 1
6 15 1
6 19 1
6 20 1
6 27 1
6 32 1
6 35 1
6 36 1
6 39 1
6 40 1
6 42 1
6 45 1
6 46 1
6 53 1
7 8 1
7 9 1
7 10 1
7 12 1
7 16 1
7 18 1
7 20 1
7 21 1
7 24 1
7 38 1
7 45 1
7 47 1
7 49 1
7 51 1
7 53 1
7 54 1
8 12 1
8 13 1
8 17 1
8 18 1
8 21 1
8 23 1
8 25 1
8 26 1
8 27 1
8 28 1
8 29 1
8 31 1
8 33 1
8 34 1
8 36 1
8 40 1
8 52 1
8 54 1
8 58 1
9 10 1
9 11 1
9 14 1
9 18 1
9 20 1
9 22 1
9 35 1
9 45 1
9 54 1
9 56 1
9 58 1
10 11 1
10 19 1
10 20 1
10 21 1
10 23 1
10 38 1
10 41 1
10 46 1
10 49 1
10 54 1
10 56 1
11 16 1
11 18 1
11 24 1
11 26 1
11 28 1
11 29 1
11 30 1
11 36 1
11 37 1
11 39 1
11 41 1
11 43 1
11 46 1
11 49 1
11 52 1
11 54 1
11 56 1
11 58 1
12 13 1
12 14 1
12 16 1
12 17 1
12 19 1
12 22 1
12 24 1
12 26 1
12 28 1
12 30 1
12 36 1
12 39 1
12 43 1
12 46 1
12 49 1
12 51 1
12 54 1
12 55 1
12 56 1
12 58 1
13 16 1
13 19 1
13 24 1
13 26 1
13 33 1
13 39 1
13 48 1
13 58 1
14 20 1
14 23 1
14 24 1
14 29 1
14 31 1
14 37 1
14 41 1
14 43 1
14 44 1
14 49 1
15 16 1
15 19 1
15 28 1
15 33 1
15 38 1
15 39 1
15 43 1
15 52 1
15 53 1
15 55 1
15 56 1
16 23 1
16 40 1
16 42 1
16 49 1
16 53 1
16 56 1
16 58 1
17 20 1
17 21 1
17 25 1
17 27 1
17 37 1
17 39 1
17 40 1
17 41 1
17 44 1
17 45 1
17 47 1
17 53 1
17 55 1
17 57 1
18 28 1
18 32 1
18 35 1
18 36 1
18 39 1
18 41 1
18 48 1
18 51 1
18 53 1
18 57 1
18 58 1
18 59 1
19 27 1
19 29 1
19 32 1
19 33 1
19 42 1
19 45 1
19 46 1
19 51 1
19 53 1
19 56 1
19 57 1
20 23 1
20 27 1
20 28 1
20 37 1
20 47 1
20 57 1
21 23 1
21 34 1
21 35 1
21 37 1
21 39 1
21 46 1
21 51 1
21 55 1
21 57 1
21 58 1
22 24 1
22 30 1
22 35 1
22 37 1
22 40 1
22 41 1
22 56 1
23 25 1
23 30 1
23 32 1
23 35 1
23 36 1
23 42 1
23 47 1
23 49 1
23 54 1
24 26 1
24 27 1
24 32 1
24 50 1
24 52 1
24 58 1
25 27 1
25 37 1
25 40 1
25 48 1
25 52 1
25 53 1
25 54 1
25 56 1
26 35 1
26 42 1
26 47 1
26 53 1
26 56 1
26 58 1
27 28 1
27 30 1
27 32 1
27 33 1
27 34 1
27 38 1
27 43 1
27 44 1
27 46 1
27 54 1
27 56 1
28 29 1
28 31 1
28 35 1
28 42 1
28 43 1
28 46 1
28 49 1
28 55 1
28 57 1
28 58 1
28 59 1
29 37 1
29 39 1
29 40 1
29 42 1
29 48 1
29 50 1
29 54 1
29 55 1
29 57 1
30 37 1
30 40 1
30 41 1
30 48 1
30 49 1
30 50 1
30 56 1
30 59 1
31 33 1
31 34 1
31 45 1
31 48 1
31 56 1
31 57 1
31 58 1
32 33 1
32 35 1
32 45 1
32 49 1
32 52 1
32 55 1
32 59 1
33 46 1
33 50 1
33 51 1
33 53 1
34 36 1
34 44 1
34 47 1
34 48 1
34 58 1
35 38 1
35 41 1
35 43 1
35 54 1
35 56 1
36 37 1
36 45 1
36 48 1
36 51 1
36 53 1
36 55 1
36 56 1
36 57 1
37 44 1
37 46 1
37 47 1
37 49 1
37 50 1
38 40 1
38 44 1
38 45 1
38 49 1
38 53 1
39 41 1
39 43 1
39 45 1
39 47 1
39 48 1
39 52 1
39 54 1
40 43 1
40 45 1
40 49 1
40 52 1
40 57 1
41 51 1
41 56 1
42 44 1
42 47 1
42 53 1
42 59 1
43 45 1
43 51 1
43 53 1
43 57 1
43 59 1
44 45 1
44 47 1
44 50 1
44 56 1
44 57 1
45 47 1
45 49 1
45 50 1
45 52 1
45 53 1
45 58 1
46 54 1
46 55 1
46 56 1
46 58 1
47 51 1
47 58 1
48 49 1
48 50 1
48 51 1
48 52 1
48 54 1
48 57 1
49 54 1
49 56 1
49 57 1
49 58 1
50 52 1
50 55 1
50 56 1
50 58 1
50 59 1
51 53 1
51 56 1
52 53 1
52 54 1
53 55 1
53 56 1
53 58 1
54 55 1
55 56 1
55 57 1
56 58 1
57 59 1
1
0 33 37 13 24 21
