1157
0 1 1
0 11 1
0 19 1
0 20 1
0 22 1
0 34 1
0 38 1
0 43 1
0 54 1
0 56 1
0 60 1
0 69 1
0 70 1
0 72 1
0 81 1
0 91 1
0 105 1
0 107 1
0 112 1
0 117 1
1 3 1
1 16 1
1 20 1
1 22 1
1 23 1
1 28 1
1 36 1
1 41 1
1 43 1
1 50 1
1 53 1
1 56 1
1 57 1
1 67 1
1 70 1
1 74 1
1 77 1
1 80 1
1 89 1
1 97 1
1 100 1
1 102 1
1 117 1
1 119 1
2 10 1
2 19 1
2 37 1
2 38 1
2 39 1
2 45 1
2 46 1
2 53 1
2 57 1
2 62 1
2 65 1
2 70 1
2 72 1
2 74 1
2 83 1
2 85 1
2 86 1
2 87 1
2 93 1
2 119 1
3 5 1
3 9 1
3 22 1
3 24 1
3 29 1
3 37 1
3 47 1
3 60 1
3 61 1
3 62 1
3 63 1
3 79 1
3 80 1
3 93 1
3 94 1
3 108 1
4 10 1
4 20 1
4 23 1
4 30 1
4 32 1
4 56 1
4 57 1
4 62 1
4 70 1
4 72 1
4 90 1
4 92 1
4 93 1
4 95 1
4 103 1
4 118 1
5 22 1
5 26 1
5 35 1
5 42 1
5 43 1
5 48 1
5 57 1
5 62 1
5 70 1
5 78 1
5 81 1
5 98 1
5 99 1
5 104 1
5 115 1
6 12 1
6 15 1
6 18 1
6 19 1
6 21 1
6 31 1
6 39 1
6 44 1
6 49 1
6 53 1
6 55 1
6 59 1
6 60 1
6 63 1
6 67 1
6 72 1
6 89 1
6 94 1
6 101 1
6 111 1
6 115 1
6 117 1
6 119 1
7 16 1
7 17 1
7 18 1
7 19 1
7 21 1
7 22 1
7 26 1
7 30 1
7 39 1
7 42 1
7 49 1
7 55 1
7 62 1
7 69 1
7 71 1
7 72 1
7 76 1
7 82 1
7 89 1
7 95 1
7 97 1
7 107 1
7 112 1
7 113 1
7 114 1
7 119 1
8 10 1
8 13 1
8 20 1
8 32 1
8 34 1
8 37 1
8 40 1
8 43 1
8 49 1
8 63 1
8 76 1
8 84 1
8 91 1
8 97 1
8 101 1
8 103 1
8 107 1
8 109 1
8 112 1
8 118 1
9 13 1
9 19 1
9 20 1
9 21 1
9 23 1
9 26 1
9 45 1
9 48 1
9 53 1
9 65 1
9 70 1
9 81 1
9 83 1
9 88 1
9 97 1
9 98 1
9 108 1
9 118 1
10 17 1
10 21 1
10 22 1
10 30 1
10 33 1
10 45 1
10 48 1
10 52 1
10 57 1
10 69 1
10 78 1
10 79 1
10 81 1
10 86 1
10 95 1
10 103 1
10 109 1
10 110 1
10 113 1
11 16 1
11 18 1
11 22 1
11 39 1
11 40 1
11 46 1
11 48 1
11 55 1
11 66 1
11 75 1
11 84 1
11 86 1
11 87 1
11 94 1
11 96 1
11 98 1
11 104 1
11 111 1
12 17 1
12 21 1
12 30 1
12 35 1
12 43 1
12 52 1
12 56 1
12 65 1
12 78 1
12 87 1
12 95 1
12 104 1
12 115 1
12 117 1
13 33 1
13 43 1
13 50 1
13 54 1
13 55 1
13 60 1
13 61 1
13 68 1
13 77 1
13 91 1
13 93 1
13 96 1
13 99 1
13 100 1
13 107 1
13 109 1
13 110 1
13 116 1
13 119 1
14 16 1
14 38 1
14 67 1
14 70 1
14 71 1
14 72 1
14 73 1
14 83 1
14 84 1
14 85 1
14 88 1
14 100 1
14 104 1
14 105 1
14 116 1
14 117 1
15 20 1
15 47 1
15 49 1
15 57 1
15 58 1
15 66 1
15 74 1
15 80 1
15 87 1
15 88 1
15 102 1
15 106 1
16 21 1
16 22 1
16 35 1
16 42 1
16 58 1
16 60 1
16 64 1
16 66 1
16 68 1
16 75 1
16 95 1
16 98 1
16 100 1
16 105 1
16 114 1
16 119 1
17 25 1
17 28 1
17 32 1
17 34 1
17 42 1
17 43 1
17 54 1
17 56 1
17 66 1
17 76 1
17 81 1
17 82 1
17 88 1
17 96 1
17 100 1
17 103 1
17 112 1
17 118 1
18 19 1
18 21 1
18 23 1
18 31 1
18 40 1
18 45 1
18 51 1
18 54 1
18 55 1
18 64 1
18 72 1
18 79 1
18 80 1
18 82 1
18 83 1
18 105 1
18 110 1
18 113 1
18 117 1
19 31 1
19 32 1
19 37 1
19 48 1
19 53 1
19 61 1
19 72 1
19 76 1
19 82 1
19 88 1
19 99 1
19 100 1
19 101 1
19 104 1
19 107 1
20 23 1
20 27 1
20 31 1
20 33 1
20 40 1
20 44 1
20 64 1
20 70 1
20 75 1
20 79 1
20 85 1
20 96 1
21 26 1
21 36 1
21 37 1
21 46 1
21 47 1
21 55 1
21 58 1
21 62 1
21 66 1
21 70 1
21 76 1
21 82 1
21 89 1
21 97 1
21 100 1
21 106 1
22 42 1
22 44 1
22 50 1
22 51 1
22 52 1
22 53 1
22 61 1
22 76 1
22 78 1
22 80 1
22 82 1
22 89 1
22 95 1
22 103 1
23 51 1
23 63 1
23 66 1
23 77 1
23 103 1
24 28 1
24 33 1
24 34 1
24 36 1
24 39 1
24 40 1
24 52 1
24 53 1
24 54 1
24 61 1
24 64 1
24 66 1
24 69 1
24 82 1
24 95 1
24 98 1
24 115 1
24 117 1
25 30 1
25 31 1
25 38 1
25 58 1
25 78 1
25 85 1
25 95 1
25 105 1
25 107 1
25 110 1
25 111 1
25 113 1
26 35 1
26 56 1
26 62 1
26 63 1
26 66 1
26 74 1
26 80 1
26 94 1
26 98 1
26 103 1
26 104 1
26 106 1
26 109 1
26 112 1
26 116 1
27 29 1
27 33 1
27 52 1
27 63 1
27 81 1
27 86 1
27 92 1
27 94 1
27 100 1
28 33 1
28 34 1
28 40 1
28 45 1
28 46 1
28 56 1
28 59 1
28 61 1
28 65 1
28 79 1
28 82 1
28 85 1
28 88 1
28 92 1
28 93 1
28 99 1
28 101 1
28 103 1
28 109 1
28 111 1
28 114 1
28 119 1
29 30 1
29 53 1
29 56 1
29 58 1
29 65 1
29 67 1
29 93 1
29 101 1
29 105 1
29 115 1
29 116 1
30 33 1
30 35 1
30 44 1
30 51 1
30 52 1
30 66 1
30 68 1
30 74 1
30 83 1
30 93 1
30 95 1
30 110 1
30 113 1
30 116 1
30 117 1
31 39 1
31 45 1
31 55 1
31 58 1
31 61 1
31 64 1
31 65 1
31 68 1
31 76 1
31 81 1
31 84 1
31 91 1
31 92 1
31 96 1
31 102 1
31 108 1
32 35 1
32 37 1
32 40 1
32 44 1
32 51 1
32 53 1
32 54 1
32 55 1
32 61 1
32 66 1
32 69 1
32 71 1
32 81 1
32 82 1
32 91 1
32 110 1
32 114 1
32 115 1
32 116 1
32 117 1
33 38 1
33 51 1
33 67 1
33 95 1
33 96 1
33 111 1
33 117 1
33 118 1
34 35 1
34 41 1
34 42 1
34 45 1
34 47 1
34 49 1
34 57 1
34 58 1
34 66 1
34 69 1
34 72 1
34 73 1
34 75 1
34 83 1
34 98 1
34 99 1
34 100 1
34 104 1
34 116 1
34 119 1
35 39 1
35 44 1
35 47 1
35 55 1
35 56 1
35 57 1
35 63 1
35 67 1
35 68 1
35 70 1
35 84 1
35 89 1
35 101 1
35 103 1
35 104 1
35 109 1
35 117 1
36 39 1
36 41 1
36 47 1
36 50 1
36 53 1
36 59 1
36 65 1
36 66 1
36 69 1
36 72 1
36 77 1
36 89 1
36 90 1
36 91 1
36 94 1
36 104 1
36 105 1
37 43 1
37 44 1
37 47 1
37 52 1
37 57 1
37 59 1
37 67 1
37 69 1
37 73 1
37 81 1
37 89 1
37 107 1
38 47 1
38 50 1
38 57 1
38 62 1
38 64 1
38 92 1
38 94 1
38 98 1
38 99 1
38 104 1
38 109 1
38 114 1
39 41 1
39 50 1
39 56 1
39 65 1
39 67 1
39 74 1
39 76 1
39 88 1
39 96 1
39 104 1
39 105 1
39 113 1
40 49 1
40 52 1
40 55 1
40 57 1
40 59 1
40 63 1
40 78 1
40 79 1
40 83 1
40 89 1
40 90 1
40 91 1
40 98 1
40 101 1
40 103 1
40 110 1
40 111 1
40 115 1
40 119 1
41 42 1
41 43 1
41 47 1
41 56 1
41 58 1
41 59 1
41 72 1
41 74 1
41 78 1
41 81 1
41 83 1
41 95 1
41 96 1
41 98 1
41 102 1
41 104 1
41 105 1
41 107 1
41 112 1
42 54 1
42 58 1
42 71 1
42 73 1
42 87 1
42 98 1
42 99 1
42 104 1
42 107 1
42 112 1
42 119 1
43 47 1
43 56 1
43 59 1
43 67 1
43 72 1
43 76 1
43 88 1
43 93 1
43 111 1
44 46 1
44 50 1
44 54 1
44 57 1
44 60 1
44 61 1
44 75 1
44 76 1
44 90 1
44 94 1
44 96 1
44 97 1
44 104 1
44 111 1
44 116 1
45 46 1
45 49 1
45 51 1
45 54 1
45 58 1
45 59 1
45 69 1
45 71 1
45 72 1
45 87 1
45 106 1
45 107 1
45 109 1
45 113 1
46 49 1
46 55 1
46 58 1
46 59 1
46 65 1
46 68 1
46 74 1
46 78 1
46 89 1
46 97 1
46 100 1
46 114 1
46 119 1
47 59 1
47 64 1
47 66 1
47 73 1
47 76 1
47 81 1
47 82 1
47 83 1
47 87 1
47 94 1
47 113 1
48 62 1
48 63 1
48 66 1
48 71 1
48 87 1
48 88 1
48 101 1
48 107 1
48 117 1
49 53 1
49 57 1
49 64 1
49 81 1
49 82 1
49 88 1
49 91 1
49 94 1
49 97 1
49 101 1
49 103 1
49 106 1
49 115 1
50 66 1
50 72 1
50 97 1
50 106 1
50 117 1
51 62 1
51 66 1
51 72 1
51 74 1
51 85 1
51 103 1
51 110 1
51 111 1
52 68 1
52 72 1
52 78 1
52 83 1
52 86 1
52 98 1
52 100 1
52 105 1
52 114 1
53 59 1
53 61 1
53 62 1
53 73 1
53 74 1
53 87 1
53 91 1
53 93 1
53 104 1
54 57 1
54 58 1
54 65 1
54 68 1
54 69 1
54 73 1
54 76 1
54 79 1
54 83 1
54 93 1
54 98 1
54 99 1
54 103 1
55 63 1
55 65 1
55 70 1
55 72 1
55 78 1
55 80 1
55 91 1
55 104 1
55 114 1
56 57 1
56 61 1
56 65 1
56 75 1
56 98 1
56 102 1
56 103 1
56 115 1
56 116 1
57 66 1
57 80 1
57 88 1
57 96 1
57 105 1
57 107 1
57 111 1
58 59 1
58 68 1
58 76 1
58 77 1
58 87 1
58 96 1
58 97 1
58 101 1
58 102 1
58 105 1
58 110 1
58 118 1
59 71 1
59 93 1
59 97 1
59 103 1
59 110 1
59 115 1
59 116 1
60 70 1
60 76 1
60 80 1
60 85 1
60 86 1
60 89 1
60 102 1
60 108 1
61 69 1
61 80 1
61 84 1
61 89 1
61 99 1
61 104 1
61 107 1
61 108 1
62 68 1
62 79 1
62 91 1
62 102 1
62 104 1
62 114 1
62 117 1
63 70 1
63 71 1
63 94 1
63 102 1
63 103 1
63 105 1
63 108 1
63 118 1
64 73 1
64 76 1
64 79 1
64 86 1
64 94 1
64 96 1
65 68 1
65 83 1
65 103 1
65 105 1
65 108 1
65 110 1
66 68 1
66 70 1
66 71 1
66 79 1
66 80 1
66 84 1
66 97 1
66 98 1
66 99 1
66 101 1
66 111 1
66 113 1
66 116 1
67 71 1
67 74 1
67 80 1
67 81 1
67 83 1
67 86 1
67 95 1
67 99 1
67 100 1
67 111 1
67 113 1
67 116 1
67 118 1
68 69 1
68 83 1
68 86 1
68 87 1
68 98 1
68 107 1
69 72 1
69 75 1
69 81 1
69 87 1
69 89 1
69 110 1
69 112 1
69 115 1
69 118 1
70 71 1
70 72 1
70 77 1
70 78 1
70 85 1
70 88 1
70 91 1
70 96 1
70 97 1
70 98 1
70 102 1
70 107 1
70 119 1
71 96 1
71 98 1
71 105 1
71 106 1
71 111 1
71 113 1
72 75 1
72 82 1
72 83 1
72 88 1
72 92 1
72 96 1
72 97 1
72 98 1
72 104 1
72 111 1
73 82 1
73 91 1
73 98 1
73 102 1
73 105 1
73 106 1
74 83 1
74 85 1
74 89 1
74 94 1
74 96 1
74 97 1
74 108 1
74 113 1
74 118 1
75 77 1
75 79 1
75 81 1
75 82 1
75 83 1
75 89 1
75 90 1
75 92 1
75 94 1
75 98 1
75 100 1
75 105 1
75 112 1
75 114 1
75 117 1
76 82 1
76 83 1
76 85 1
76 87 1
76 89 1
76 95 1
76 100 1
76 113 1
76 119 1
77 83 1
77 90 1
77 92 1
77 93 1
77 94 1
77 95 1
77 97 1
77 101 1
77 111 1
77 115 1
78 91 1
78 95 1
78 99 1
78 104 1
78 106 1
78 111 1
78 118 1
79 84 1
79 89 1
79 91 1
79 94 1
79 96 1
79 97 1
79 103 1
79 112 1
79 117 1
80 88 1
80 94 1
80 99 1
80 104 1
80 119 1
81 82 1
81 88 1
81 89 1
81 92 1
81 106 1
81 107 1
81 116 1
81 118 1
82 89 1
82 91 1
82 105 1
82 108 1
82 111 1
82 114 1
83 93 1
83 94 1
83 100 1
83 101 1
83 112 1
84 86 1
84 88 1
84 91 1
84 101 1
84 110 1
84 119 1
85 100 1
85 113 1
85 116 1
86 92 1
86 94 1
86 98 1
86 105 1
86 114 1
87 96 1
87 103 1
87 107 1
87 117 1
88 94 1
88 100 1
88 101 1
88 108 1
88 109 1
88 116 1
88 119 1
89 91 1
89 102 1
89 104 1
89 113 1
89 118 1
90 92 1
90 97 1
90 114 1
90 116 1
91 108 1
91 113 1
91 116 1
92 93 1
92 98 1
92 106 1
92 108 1
92 109 1
93 94 1
93 99 1
93 115 1
94 96 1
94 114 1
94 115 1
95 107 1
95 109 1
96 102 1
96 108 1
96 116 1
97 98 1
97 106 1
97 116 1
98 103 1
98 106 1
99 109 1
99 110 1
100 111 1
100 115 1
101 110 1
101 117 1
102 104 1
102 119 1
103 112 1
104 105 1
104 106 1
105 109 1
105 112 1
105 116 1
105 117 1
106 115 1
106 119 1
107 110 1
107 113 1
108 116 1
109 110 1
109 112 1
109 117 1
111 112 1
111 115 1
111 119 1
113 114 1
115 116 1
117 119 1
1
89 88 1 11 96 10 6 79 75 115 13 90
