835
0 8 1
0 9 1
0 12 1
0 16 1
0 22 1
0 24 1
0 26 1
0 28 1
0 36 1
0 37 1
0 52 1
0 59 1
0 61 1
0 62 1
0 66 1
0 67 1
0 77 1
1 16 1
1 26 1
1 28 1
1 30 1
1 42 1
1 51 1
1 53 1
1 58 1
1 65 1
1 70 1
1 74 1
1 75 1
1 84 1
2 13 1
2 16 1
2 19 1
2 23 1
2 28 1
2 32 1
2 35 1
2 37 1
2 39 1
2 44 1
2 47 1
2 48 1
2 49 1
2 53 1
2 59 1
2 61 1
2 68 1
2 70 1
2 72 1
2 83 1
2 89 1
3 7 1
3 11 1
3 17 1
3 20 1
3 21 1
3 35 1
3 37 1
3 47 1
3 51 1
3 55 1
3 58 1
3 59 1
3 65 1
3 68 1
3 69 1
3 73 1
3 81 1
3 85 1
3 87 1
4 12 1
4 13 1
4 29 1
4 30 1
4 39 1
4 41 1
4 42 1
4 43 1
4 50 1
4 51 1
4 53 1
4 57 1
4 59 1
4 71 1
4 72 1
4 77 1
4 80 1
4 82 1
4 83 1
4 85 1
4 89 1
5 8 1
5 14 1
5 22 1
5 25 1
5 30 1
5 39 1
5 46 1
5 50 1
5 53 1
5 55 1
5 62 1
5 65 1
5 67 1
5 73 1
6 8 1
6 15 1
6 25 1
6 28 1
6 32 1
6 41 1
6 49 1
6 56 1
6 60 1
6 63 1
6 70 1
6 71 1
6 80 1
6 83 1
6 86 1
6 89 1
7 9 1
7 12 1
7 20 1
7 24 1
7 29 1
7 32 1
7 35 1
7 36 1
7 40 1
7 44 1
7 46 1
7 61 1
7 69 1
7 71 1
7 76 1
7 77 1
7 78 1
7 83 1
7 85 1
8 10 1
8 15 1
8 31 1
8 38 1
8 42 1
8 43 1
8 53 1
8 63 1
8 67 1
8 72 1
8 76 1
8 82 1
8 85 1
8 86 1
9 12 1
9 15 1
9 18 1
9 20 1
9 27 1
9 30 1
9 38 1
9 41 1
9 43 1
9 45 1
9 46 1
9 57 1
9 66 1
9 67 1
9 71 1
9 75 1
9 77 1
9 80 1
9 82 1
9 83 1
9 84 1
9 87 1
10 23 1
10 27 1
10 35 1
10 36 1
10 45 1
10 50 1
10 51 1
10 56 1
10 61 1
10 62 1
10 67 1
10 70 1
10 74 1
10 76 1
10 79 1
10 82 1
10 85 1
11 13 1
11 15 1
11 22 1
11 30 1
11 32 1
11 33 1
11 35 1
11 36 1
11 39 1
11 43 1
11 45 1
11 46 1
11 48 1
11 52 1
11 63 1
11 72 1
11 76 1
11 84 1
11 87 1
12 13 1
12 19 1
12 27 1
12 33 1
12 38 1
12 39 1
12 40 1
12 42 1
12 43 1
12 55 1
12 56 1
12 63 1
12 76 1
12 78 1
12 83 1
12 84 1
12 86 1
13 29 1
13 36 1
13 42 1
13 43 1
13 46 1
13 47 1
13 52 1
13 54 1
13 60 1
13 66 1
13 73 1
13 77 1
13 81 1
14 19 1
14 21 1
14 28 1
14 36 1
14 38 1
14 44 1
14 48 1
14 49 1
14 54 1
14 56 1
14 72 1
14 73 1
14 82 1
14 85 1
14 89 1
15 16 1
15 29 1
15 37 1
15 40 1
15 42 1
15 44 1
15 47 1
15 49 1
15 52 1
15 54 1
15 56 1
15 59 1
15 61 1
15 68 1
15 70 1
15 74 1
15 77 1
15 84 1
15 85 1
15 88 1
16 21 1
16 31 1
16 39 1
16 51 1
16 59 1
16 60 1
16 65 1
16 67 1
16 75 1
16 84 1
16 89 1
17 18 1
17 21 1
17 29 1
17 49 1
17 50 1
17 58 1
17 59 1
17 62 1
17 63 1
17 65 1
17 67 1
17 75 1
18 19 1
18 24 1
18 40 1
18 45 1
18 67 1
18 70 1
18 77 1
18 80 1
18 81 1
18 82 1
18 83 1
18 84 1
18 85 1
18 89 1
19 20 1
19 23 1
19 30 1
19 31 1
19 37 1
19 38 1
19 43 1
19 50 1
19 64 1
19 65 1
19 73 1
19 75 1
19 81 1
19 85 1
19 88 1
20 26 1
20 28 1
20 33 1
20 69 1
20 76 1
20 77 1
20 79 1
20 82 1
21 26 1
21 37 1
21 39 1
21 40 1
21 46 1
21 48 1
21 50 1
21 65 1
21 66 1
21 69 1
21 75 1
21 80 1
21 81 1
22 23 1
22 25 1
22 30 1
22 31 1
22 35 1
22 37 1
22 45 1
22 47 1
22 49 1
22 50 1
22 52 1
22 53 1
22 56 1
22 57 1
22 59 1
22 62 1
22 63 1
22 83 1
22 86 1
23 29 1
23 31 1
23 35 1
23 38 1
23 42 1
23 46 1
23 47 1
23 53 1
23 56 1
23 58 1
23 63 1
23 66 1
23 76 1
23 77 1
23 83 1
23 88 1
23 89 1
24 26 1
24 31 1
24 32 1
24 33 1
24 34 1
24 36 1
24 37 1
24 41 1
24 42 1
24 46 1
24 52 1
24 57 1
24 58 1
24 60 1
24 61 1
24 64 1
24 65 1
24 69 1
24 75 1
24 76 1
24 80 1
25 35 1
25 38 1
25 45 1
25 46 1
25 49 1
25 53 1
25 59 1
25 67 1
25 68 1
26 28 1
26 41 1
26 68 1
26 80 1
26 82 1
26 84 1
26 85 1
26 87 1
26 88 1
27 28 1
27 29 1
27 31 1
27 37 1
27 38 1
27 39 1
27 45 1
27 46 1
27 53 1
27 56 1
27 60 1
27 61 1
27 65 1
27 70 1
27 71 1
27 72 1
27 75 1
27 76 1
27 81 1
27 82 1
27 87 1
28 40 1
28 41 1
28 45 1
28 53 1
28 58 1
28 62 1
28 70 1
28 77 1
28 83 1
28 87 1
28 88 1
29 44 1
29 48 1
29 50 1
29 57 1
29 58 1
29 59 1
29 62 1
29 74 1
29 75 1
29 77 1
30 48 1
30 49 1
30 54 1
30 56 1
30 57 1
30 59 1
30 60 1
30 68 1
30 78 1
30 86 1
30 88 1
30 89 1
31 49 1
31 58 1
31 60 1
31 68 1
31 70 1
31 72 1
31 76 1
31 79 1
31 80 1
31 88 1
32 38 1
32 40 1
32 41 1
32 44 1
32 53 1
32 57 1
32 59 1
32 60 1
32 71 1
32 72 1
32 73 1
32 74 1
32 77 1
32 84 1
32 86 1
32 89 1
33 36 1
33 49 1
33 50 1
33 70 1
33 74 1
33 80 1
33 82 1
33 84 1
33 87 1
34 35 1
34 37 1
34 42 1
34 43 1
34 47 1
34 49 1
34 51 1
34 55 1
34 65 1
34 67 1
34 68 1
35 40 1
35 42 1
35 46 1
35 47 1
35 52 1
35 55 1
35 59 1
35 65 1
35 67 1
35 68 1
35 71 1
35 73 1
35 83 1
35 85 1
35 89 1
36 38 1
36 40 1
36 54 1
36 55 1
36 56 1
36 63 1
36 66 1
36 77 1
36 79 1
36 81 1
37 39 1
37 46 1
37 49 1
37 50 1
37 68 1
37 72 1
37 74 1
38 44 1
38 47 1
38 52 1
38 53 1
38 58 1
38 59 1
38 60 1
38 79 1
38 89 1
39 42 1
39 51 1
39 59 1
39 74 1
39 77 1
39 78 1
39 81 1
40 41 1
40 47 1
40 53 1
40 55 1
40 61 1
40 67 1
40 75 1
40 81 1
40 86 1
40 89 1
41 46 1
41 54 1
41 65 1
41 67 1
41 72 1
41 76 1
42 46 1
42 53 1
42 56 1
42 61 1
42 73 1
42 75 1
42 78 1
42 84 1
43 50 1
43 51 1
43 56 1
43 70 1
43 71 1
43 73 1
43 74 1
43 76 1
43 80 1
43 81 1
43 83 1
43 85 1
43 88 1
44 45 1
44 55 1
44 56 1
44 57 1
44 61 1
44 77 1
44 81 1
44 84 1
45 48 1
45 58 1
45 70 1
45 71 1
45 75 1
45 77 1
45 79 1
46 50 1
46 52 1
46 54 1
46 58 1
46 60 1
46 67 1
46 68 1
46 78 1
46 84 1
46 88 1
46 89 1
47 54 1
47 58 1
47 74 1
47 77 1
47 81 1
47 83 1
47 87 1
48 49 1
48 51 1
48 52 1
48 59 1
48 65 1
48 70 1
48 73 1
48 74 1
48 76 1
48 77 1
48 80 1
49 50 1
49 51 1
49 54 1
49 56 1
49 58 1
49 66 1
49 69 1
49 71 1
49 72 1
49 76 1
49 80 1
49 84 1
49 88 1
50 51 1
50 53 1
50 54 1
50 55 1
50 62 1
50 64 1
50 65 1
50 72 1
50 74 1
50 76 1
51 63 1
51 66 1
51 72 1
51 74 1
51 81 1
52 55 1
52 57 1
52 61 1
52 68 1
52 73 1
52 81 1
52 84 1
52 88 1
53 61 1
53 63 1
53 69 1
53 75 1
53 77 1
53 80 1
54 63 1
54 64 1
54 65 1
54 71 1
54 77 1
54 78 1
54 84 1
54 85 1
54 86 1
55 61 1
55 63 1
55 65 1
55 67 1
55 79 1
55 82 1
55 85 1
56 59 1
56 65 1
56 68 1
56 75 1
56 82 1
56 84 1
57 62 1
57 63 1
57 68 1
57 70 1
57 74 1
57 76 1
57 81 1
57 82 1
57 86 1
58 67 1
58 75 1
58 77 1
58 89 1
59 60 1
59 61 1
59 63 1
59 65 1
59 74 1
59 75 1
59 80 1
59 84 1
59 88 1
60 61 1
60 65 1
60 69 1
60 72 1
60 78 1
60 82 1
60 85 1
61 63 1
61 70 1
61 73 1
61 77 1
62 76 1
62 77 1
62 79 1
62 84 1
62 85 1
62 86 1
63 64 1
63 65 1
63 68 1
63 70 1
63 77 1
63 79 1
63 86 1
64 65 1
64 69 1
64 79 1
64 80 1
64 81 1
64 87 1
64 89 1
65 68 1
65 70 1
65 72 1
65 74 1
65 76 1
65 82 1
65 85 1
65 86 1
66 72 1
66 73 1
66 77 1
66 83 1
67 79 1
67 80 1
67 85 1
68 74 1
68 80 1
68 83 1
68 85 1
69 73 1
69 76 1
70 71 1
70 75 1
70 82 1
70 84 1
70 85 1
70 87 1
71 78 1
71 81 1
71 85 1
71 86 1
72 73 1
72 75 1
72 77 1
72 81 1
72 83 1
72 84 1
73 82 1
74 84 1
75 79 1
75 82 1
75 84 1
75 86 1
76 79 1
76 80 1
76 84 1
76 89 1
78 87 1
79 80 1
79 82 1
79 87 1
80 81 1
80 83 1
80 85 1
80 86 1
81 85 1
82 86 1
82 89 1
83 84 1
83 89 1
84 85 1
85 86 1
85 88 1
86 89 1
1
30 87 31 73 36 6 28 27 32
