413
0 2 1
0 6 1
0 9 1
0 11 1
0 13 1
0 16 1
0 17 1
0 18 1
0 19 1
0 21 1
0 22 1
0 25 1
0 30 1
0 32 1
0 37 1
0 46 1
1 4 1
1 5 1
1 7 1
1 10 1
1 13 1
1 17 1
1 22 1
1 26 1
1 30 1
1 32 1
1 33 1
1 39 1
1 40 1
1 41 1
1 42 1
1 43 1
1 49 1
2 7 1
2 10 1
2 17 1
2 21 1
2 28 1
2 29 1
2 36 1
2 38 1
2 39 1
2 41 1
2 42 1
2 46 1
2 48 1
3 4 1
3 5 1
3 8 1
3 14 1
3 23 1
3 24 1
3 26 1
3 27 1
3 28 1
3 31 1
3 34 1
3 36 1
3 37 1
3 41 1
3 42 1
3 44 1
3 45 1
3 46 1
3 47 1
3 49 1
4 5 1
4 6 1
4 7 1
4 9 1
4 10 1
4 12 1
4 13 1
4 14 1
4 17 1
4 19 1
4 24 1
4 27 1
4 31 1
4 32 1
4 35 1
4 41 1
4 42 1
4 43 1
4 48 1
5 11 1
5 12 1
5 17 1
5 18 1
5 19 1
5 20 1
5 25 1
5 28 1
5 29 1
5 34 1
5 35 1
5 43 1
5 44 1
6 10 1
6 14 1
6 27 1
6 35 1
6 37 1
6 38 1
6 42 1
6 43 1
6 44 1
6 47 1
6 49 1
7 8 1
7 15 1
7 17 1
7 21 1
7 27 1
7 29 1
7 30 1
7 31 1
7 36 1
7 37 1
7 45 1
7 47 1
8 10 1
8 12 1
8 13 1
8 17 1
8 22 1
8 24 1
8 26 1
8 27 1
8 31 1
8 35 1
8 36 1
8 37 1
8 38 1
8 39 1
8 41 1
8 44 1
9 11 1
9 14 1
9 15 1
9 17 1
9 18 1
9 24 1
9 28 1
9 31 1
9 32 1
9 44 1
9 47 1
9 48 1
10 15 1
10 17 1
10 24 1
10 26 1
10 32 1
10 34 1
10 35 1
10 37 1
10 38 1
10 40 1
10 43 1
10 44 1
10 46 1
10 47 1
11 13 1
11 16 1
11 21 1
11 23 1
11 24 1
11 26 1
11 27 1
11 29 1
11 33 1
11 34 1
11 39 1
11 46 1
12 17 1
12 21 1
12 24 1
12 26 1
12 28 1
12 29 1
12 31 1
12 36 1
12 37 1
12 42 1
12 45 1
13 18 1
13 19 1
13 29 1
13 40 1
13 43 1
14 18 1
14 24 1
14 25 1
14 40 1
14 41 1
14 42 1
14 45 1
14 46 1
15 16 1
15 17 1
15 21 1
15 25 1
15 26 1
15 27 1
15 36 1
15 41 1
15 43 1
15 44 1
15 45 1
15 49 1
16 17 1
16 19 1
16 22 1
16 26 1
16 30 1
16 31 1
16 38 1
16 39 1
16 42 1
16 43 1
16 45 1
16 48 1
16 49 1
17 22 1
17 24 1
17 25 1
17 30 1
17 31 1
17 35 1
17 36 1
17 42 1
17 44 1
17 46 1
17 47 1
17 48 1
18 22 1
18 23 1
18 24 1
18 27 1
18 28 1
18 31 1
18 33 1
18 35 1
18 38 1
18 43 1
19 21 1
19 23 1
19 25 1
19 26 1
19 31 1
19 40 1
19 41 1
19 46 1
19 48 1
20 23 1
20 27 1
20 29 1
20 30 1
20 34 1
20 35 1
20 36 1
20 37 1
20 40 1
20 43 1
20 45 1
20 46 1
20 47 1
21 22 1
21 24 1
21 25 1
21 28 1
21 29 1
21 32 1
21 34 1
21 35 1
21 37 1
21 39 1
21 40 1
21 45 1
21 47 1
22 23 1
22 32 1
22 33 1
22 35 1
22 40 1
22 42 1
22 43 1
23 24 1
23 27 1
23 30 1
23 44 1
23 46 1
23 49 1
24 25 1
24 27 1
24 29 1
24 33 1
24 34 1
24 36 1
24 40 1
24 46 1
24 47 1
25 26 1
25 28 1
25 29 1
25 37 1
25 39 1
25 46 1
25 48 1
26 28 1
26 29 1
26 30 1
26 31 1
26 38 1
26 41 1
26 47 1
27 30 1
27 36 1
27 37 1
27 42 1
27 46 1
27 48 1
27 49 1
28 29 1
28 30 1
28 33 1
28 35 1
28 39 1
28 41 1
28 44 1
28 45 1
28 47 1
28 48 1
28 49 1
29 32 1
29 35 1
29 37 1
29 38 1
29 39 1
29 41 1
29 45 1
29 47 1
29 49 1
30 37 1
30 38 1
30 39 1
30 44 1
30 49 1
31 32 1
31 34 1
31 35 1
31 37 1
31 39 1
31 41 1
31 43 1
31 44 1
31 47 1
32 33 1
32 36 1
32 41 1
32 42 1
32 49 1
33 41 1
33 42 1
33 45 1
33 48 1
34 35 1
34 36 1
34 42 1
34 49 1
35 36 1
35 37 1
35 38 1
35 39 1
35 42 1
35 45 1
35 46 1
35 47 1
36 42 1
36 43 1
36 48 1
37 38 1
37 42 1
37 45 1
37 48 1
38 39 1
38 40 1
38 43 1
38 47 1
38 49 1
39 40 1
39 41 1
39 44 1
39 46 1
39 48 1
39 49 1
40 41 1
40 42 1
40 43 1
40 49 1
41 45 1
41 49 1
42 44 1
42 45 1
43 44 1
43 49 1
44 46 1
45 48 1
46 47 1
46 48 1
46 49 1
47 48 1
1
21 36 43 6 19
