570
0 2 1
0 7 1
0 11 1
0 25 1
0 29 1
0 33 1
0 35 1
0 37 1
0 39 1
0 43 1
0 48 1
0 49 1
0 53 1
0 55 1
0 67 1
1 3 1
1 17 1
1 36 1
1 61 1
1 68 1
2 5 1
2 10 1
2 11 1
2 14 1
2 22 1
2 25 1
2 27 1
2 30 1
2 34 1
2 39 1
2 42 1
2 48 1
2 52 1
2 53 1
2 54 1
2 56 1
2 65 1
2 66 1
2 69 1
3 18 1
3 20 1
3 23 1
3 33 1
3 34 1
3 35 1
3 36 1
3 38 1
3 40 1
3 45 1
3 56 1
3 57 1
4 8 1
4 10 1
4 24 1
4 32 1
4 36 1
4 41 1
4 48 1
4 49 1
4 52 1
4 55 1
4 62 1
4 64 1
4 66 1
4 67 1
4 68 1
5 11 1
5 17 1
5 20 1
5 23 1
5 39 1
5 47 1
5 53 1
5 61 1
5 62 1
5 67 1
5 69 1
6 7 1
6 9 1
6 16 1
6 23 1
6 36 1
6 44 1
6 46 1
6 47 1
6 49 1
6 50 1
6 61 1
7 12 1
7 23 1
7 26 1
7 31 1
7 37 1
7 40 1
7 44 1
7 45 1
7 47 1
7 48 1
7 49 1
7 51 1
7 54 1
7 55 1
7 67 1
8 11 1
8 15 1
8 20 1
8 26 1
8 28 1
8 32 1
8 34 1
8 36 1
8 44 1
8 48 1
8 49 1
8 57 1
8 58 1
8 59 1
9 11 1
9 14 1
9 17 1
9 20 1
9 25 1
9 29 1
9 31 1
9 32 1
9 37 1
9 39 1
9 47 1
9 50 1
9 55 1
9 61 1
9 67 1
10 13 1
10 16 1
10 21 1
10 22 1
10 23 1
10 24 1
10 26 1
10 30 1
10 31 1
10 35 1
10 36 1
10 45 1
10 46 1
10 58 1
10 59 1
10 68 1
11 14 1
11 24 1
11 31 1
11 32 1
11 38 1
11 40 1
11 43 1
11 44 1
11 45 1
11 48 1
11 56 1
11 66 1
12 15 1
12 30 1
12 32 1
12 36 1
12 39 1
12 41 1
12 43 1
12 45 1
12 50 1
12 51 1
12 53 1
12 56 1
12 58 1
12 60 1
12 62 1
12 65 1
12 67 1
12 68 1
13 19 1
13 24 1
13 25 1
13 27 1
13 29 1
13 31 1
13 32 1
13 41 1
13 44 1
13 50 1
14 18 1
14 20 1
14 22 1
14 23 1
14 24 1
14 25 1
14 32 1
14 34 1
14 36 1
14 41 1
14 42 1
14 52 1
14 53 1
14 54 1
14 58 1
14 60 1
14 63 1
15 19 1
15 24 1
15 25 1
15 29 1
15 30 1
15 43 1
15 48 1
15 51 1
15 53 1
15 54 1
15 57 1
15 58 1
15 65 1
16 17 1
16 20 1
16 23 1
16 24 1
16 29 1
16 31 1
16 32 1
16 34 1
16 41 1
16 43 1
16 45 1
16 49 1
16 52 1
16 61 1
16 68 1
16 69 1
17 28 1
17 29 1
17 36 1
17 39 1
17 40 1
17 44 1
17 45 1
17 49 1
17 51 1
17 56 1
17 64 1
18 27 1
18 33 1
18 37 1
18 38 1
18 45 1
18 46 1
18 52 1
18 56 1
18 63 1
19 21 1
19 22 1
19 27 1
19 29 1
19 37 1
19 38 1
19 45 1
19 55 1
19 56 1
19 64 1
19 65 1
19 66 1
19 68 1
19 69 1
20 23 1
20 38 1
20 43 1
20 47 1
20 51 1
20 53 1
20 67 1
21 22 1
21 26 1
21 33 1
21 36 1
21 40 1
21 42 1
21 51 1
21 53 1
22 25 1
22 30 1
22 32 1
22 38 1
22 53 1
22 55 1
22 57 1
22 59 1
22 61 1
23 29 1
23 35 1
23 39 1
23 41 1
23 43 1
23 46 1
23 63 1
23 64 1
23 67 1
24 26 1
24 43 1
24 44 1
24 47 1
24 50 1
24 54 1
24 55 1
24 57 1
24 63 1
25 28 1
25 30 1
25 33 1
25 37 1
25 38 1
25 39 1
25 46 1
25 47 1
25 51 1
25 54 1
25 55 1
25 61 1
25 62 1
25 64 1
25 65 1
25 67 1
26 30 1
26 31 1
26 35 1
26 39 1
26 42 1
26 43 1
26 51 1
26 57 1
26 58 1
26 59 1
26 60 1
26 61 1
26 62 1
26 65 1
26 66 1
27 35 1
27 37 1
27 38 1
27 41 1
27 43 1
27 51 1
27 55 1
27 58 1
27 59 1
27 62 1
27 68 1
28 31 1
28 32 1
28 34 1
28 50 1
28 52 1
28 54 1
28 59 1
28 63 1
28 67 1
28 69 1
29 32 1
29 33 1
29 35 1
29 36 1
29 38 1
29 40 1
29 42 1
29 44 1
29 55 1
29 59 1
29 60 1
29 62 1
29 64 1
29 69 1
30 34 1
30 35 1
30 37 1
30 41 1
30 42 1
30 48 1
30 54 1
30 57 1
30 62 1
30 66 1
30 67 1
31 38 1
31 47 1
31 49 1
31 55 1
31 58 1
31 59 1
31 61 1
31 65 1
31 66 1
31 68 1
32 34 1
32 36 1
32 37 1
32 50 1
32 53 1
32 55 1
32 57 1
32 64 1
32 66 1
32 68 1
32 69 1
33 36 1
33 38 1
33 39 1
33 44 1
33 46 1
33 58 1
33 59 1
33 64 1
33 69 1
34 36 1
34 51 1
34 58 1
34 63 1
35 36 1
35 43 1
35 46 1
35 48 1
35 49 1
35 55 1
35 60 1
36 37 1
36 38 1
36 44 1
36 45 1
36 46 1
36 51 1
36 57 1
36 58 1
36 65 1
37 46 1
37 56 1
37 58 1
37 62 1
37 65 1
38 43 1
38 44 1
38 48 1
38 50 1
38 57 1
38 60 1
38 61 1
38 63 1
38 64 1
38 67 1
38 68 1
39 40 1
39 46 1
39 50 1
39 51 1
39 57 1
39 59 1
39 63 1
39 65 1
39 69 1
40 42 1
40 47 1
40 48 1
40 51 1
40 54 1
40 56 1
40 62 1
40 65 1
40 66 1
40 68 1
41 48 1
41 51 1
41 52 1
41 56 1
41 60 1
41 63 1
41 68 1
42 44 1
42 57 1
42 58 1
42 60 1
43 50 1
43 53 1
43 62 1
43 65 1
43 68 1
43 69 1
44 58 1
44 64 1
44 65 1
44 67 1
45 46 1
45 50 1
45 57 1
45 59 1
45 62 1
45 69 1
46 54 1
46 56 1
46 60 1
46 61 1
46 62 1
46 65 1
46 66 1
47 50 1
47 56 1
47 59 1
47 60 1
47 62 1
48 49 1
48 50 1
48 51 1
48 53 1
48 60 1
49 51 1
49 56 1
49 58 1
49 59 1
49 65 1
49 66 1
50 51 1
50 53 1
50 54 1
50 66 1
51 53 1
51 54 1
51 56 1
51 59 1
51 60 1
52 59 1
52 60 1
52 62 1
52 64 1
52 66 1
52 68 1
53 54 1
53 59 1
53 61 1
53 64 1
53 66 1
54 59 1
54 66 1
55 56 1
55 57 1
55 62 1
55 63 1
55 66 1
55 67 1
56 63 1
56 65 1
56 68 1
56 69 1
57 59 1
57 64 1
58 65 1
59 64 1
59 69 1
60 64 1
61 63 1
62 66 1
62 68 1
63 64 1
63 67 1
63 69 1
65 67 1
65 68 1
67 68 1
67 69 1
1
23 7 59 16 61 24 46
