491
0 3 1
0 5 1
0 7 1
0 10 1
0 11 1
0 15 1
0 17 1
0 18 1
0 20 1
0 25 1
0 34 1
0 37 1
0 38 1
0 49 1
0 55 1
1 5 1
1 8 1
1 10 1
1 11 1
1 12 1
1 15 1
1 23 1
1 24 1
1 25 1
1 27 1
1 28 1
1 30 1
1 47 1
1 49 1
1 50 1
1 52 1
1 54 1
2 4 1
2 7 1
2 12 1
2 15 1
2 17 1
2 19 1
2 24 1
2 26 1
2 27 1
2 30 1
2 33 1
2 38 1
2 42 1
2 43 1
2 45 1
2 47 1
2 48 1
2 52 1
2 55 1
2 57 1
3 6 1
3 10 1
3 12 1
3 14 1
3 16 1
3 18 1
3 20 1
3 21 1
3 23 1
3 34 1
3 40 1
3 43 1
3 46 1
3 55 1
3 56 1
4 6 1
4 7 1
4 8 1
4 10 1
4 12 1
4 16 1
4 21 1
4 23 1
4 24 1
4 26 1
4 34 1
4 37 1
4 38 1
4 39 1
4 47 1
4 52 1
4 57 1
5 7 1
5 9 1
5 12 1
5 17 1
5 19 1
5 27 1
5 34 1
5 37 1
5 40 1
5 49 1
5 51 1
5 52 1
5 54 1
5 55 1
5 57 1
6 11 1
6 22 1
6 28 1
6 29 1
6 32 1
6 35 1
6 37 1
6 42 1
6 44 1
6 46 1
6 48 1
6 56 1
6 59 1
7 10 1
7 12 1
7 16 1
7 19 1
7 25 1
7 33 1
7 36 1
7 46 1
7 48 1
7 53 1
7 56 1
8 9 1
8 12 1
8 17 1
8 27 1
8 32 1
8 38 1
8 39 1
8 42 1
8 45 1
8 46 1
8 53 1
8 56 1
9 11 1
9 13 1
9 17 1
9 21 1
9 25 1
9 26 1
9 29 1
9 30 1
9 31 1
9 36 1
9 37 1
9 40 1
9 42 1
9 46 1
9 55 1
10 23 1
10 33 1
10 40 1
10 42 1
10 50 1
10 54 1
10 57 1
11 14 1
11 15 1
11 16 1
11 17 1
11 19 1
11 20 1
11 22 1
11 25 1
11 35 1
11 41 1
11 42 1
11 46 1
11 47 1
12 13 1
12 20 1
12 26 1
12 27 1
12 42 1
12 43 1
12 47 1
12 52 1
12 56 1
12 58 1
13 14 1
13 17 1
13 21 1
13 23 1
13 26 1
13 29 1
13 31 1
13 32 1
13 37 1
13 38 1
13 40 1
13 47 1
13 57 1
13 59 1
14 15 1
14 18 1
14 20 1
14 23 1
14 24 1
14 30 1
14 31 1
14 33 1
14 35 1
14 36 1
14 38 1
14 44 1
14 45 1
14 47 1
14 50 1
14 51 1
14 54 1
14 58 1
15 16 1
15 22 1
15 28 1
15 30 1
15 33 1
15 35 1
15 43 1
15 46 1
15 50 1
15 51 1
15 55 1
15 57 1
16 19 1
16 20 1
16 21 1
16 22 1
16 26 1
16 29 1
16 30 1
16 32 1
16 36 1
16 37 1
16 38 1
16 46 1
16 51 1
16 53 1
16 57 1
16 58 1
17 18 1
17 20 1
17 24 1
17 26 1
17 27 1
17 28 1
17 29 1
17 31 1
17 45 1
17 51 1
17 58 1
17 59 1
18 24 1
18 27 1
18 31 1
18 32 1
18 33 1
18 37 1
18 44 1
18 49 1
18 53 1
19 20 1
19 27 1
19 30 1
19 31 1
19 32 1
19 34 1
19 40 1
19 47 1
19 48 1
19 51 1
19 56 1
19 58 1
20 23 1
20 37 1
20 47 1
20 48 1
20 50 1
20 53 1
20 57 1
20 59 1
21 24 1
21 26 1
21 36 1
21 44 1
21 47 1
21 49 1
21 52 1
21 53 1
21 55 1
21 56 1
21 58 1
22 26 1
22 28 1
22 31 1
22 42 1
22 43 1
22 46 1
22 48 1
22 50 1
22 52 1
22 53 1
22 55 1
22 58 1
23 24 1
23 27 1
23 30 1
23 33 1
23 34 1
23 50 1
23 52 1
23 54 1
23 58 1
24 27 1
24 31 1
24 34 1
24 39 1
24 44 1
24 46 1
24 48 1
25 33 1
25 35 1
25 44 1
25 46 1
25 47 1
25 49 1
25 52 1
25 55 1
25 57 1
26 32 1
26 33 1
26 34 1
26 35 1
26 40 1
26 44 1
26 52 1
26 53 1
26 54 1
26 58 1
27 33 1
27 34 1
27 48 1
27 51 1
27 52 1
27 54 1
27 58 1
28 35 1
28 42 1
28 48 1
28 49 1
28 50 1
28 51 1
28 57 1
28 58 1
29 31 1
29 35 1
29 37 1
29 39 1
29 44 1
29 47 1
29 56 1
29 58 1
30 32 1
30 34 1
30 36 1
30 37 1
30 41 1
30 46 1
30 47 1
30 50 1
30 54 1
30 58 1
31 35 1
31 38 1
31 47 1
31 48 1
31 49 1
31 51 1
31 52 1
31 55 1
31 56 1
31 58 1
32 34 1
32 39 1
32 41 1
32 44 1
32 50 1
32 51 1
32 53 1
32 54 1
33 37 1
33 43 1
33 44 1
33 47 1
33 50 1
33 51 1
33 52 1
33 55 1
33 57 1
34 39 1
34 44 1
34 46 1
34 47 1
34 49 1
34 51 1
34 52 1
34 56 1
35 36 1
35 42 1
35 49 1
35 51 1
35 54 1
35 55 1
35 56 1
35 59 1
36 38 1
36 41 1
36 53 1
36 54 1
37 39 1
37 43 1
37 46 1
37 47 1
37 48 1
37 51 1
37 54 1
37 56 1
37 59 1
38 41 1
38 43 1
38 49 1
38 59 1
39 46 1
39 49 1
39 51 1
40 42 1
40 44 1
40 46 1
40 51 1
40 56 1
40 57 1
40 58 1
40 59 1
41 44 1
41 53 1
41 55 1
41 56 1
42 45 1
42 46 1
42 47 1
43 46 1
43 51 1
43 55 1
43 57 1
43 58 1
44 45 1
44 48 1
44 59 1
45 46 1
45 47 1
45 48 1
45 55 1
45 58 1
45 59 1
46 49 1
46 51 1
46 53 1
47 50 1
47 53 1
47 54 1
47 56 1
48 49 1
48 54 1
48 55 1
49 52 1
49 54 1
49 55 1
50 56 1
50 58 1
50 59 1
51 55 1
52 54 1
52 55 1
52 56 1
52 57 1
53 59 1
54 56 1
54 57 1
55 57 1
57 58 1
57 59 1
1
57 10 24 5 11 41
