1455
0 12 1
0 17 1
0 36 1
0 42 1
0 43 1
0 50 1
0 52 1
0 80 1
0 81 1
0 87 1
0 110 1
0 113 1
0 118 1
0 135 1
0 138 1
0 141 1
0 143 1
1 2 1
1 4 1
1 26 1
1 27 1
1 35 1
1 43 1
1 48 1
1 49 1
1 58 1
1 62 1
1 76 1
1 86 1
1 96 1
1 97 1
1 104 1
1 113 1
1 117 1
1 130 1
1 136 1
1 140 1
1 144 1
1 147 1
2 8 1
2 10 1
2 19 1
2 22 1
2 24 1
2 29 1
2 32 1
2 52 1
2 65 1
2 70 1
2 77 1
2 89 1
2 100 1
2 101 1
2 116 1
2 120 1
2 124 1
2 143 1
2 148 1
3 14 1
3 22 1
3 24 1
3 25 1
3 28 1
3 31 1
3 32 1
3 34 1
3 37 1
3 45 1
3 61 1
3 62 1
3 66 1
3 75 1
3 88 1
3 96 1
3 98 1
3 101 1
3 112 1
3 124 1
3 130 1
3 134 1
3 136 1
3 139 1
3 140 1
3 141 1
3 142 1
4 15 1
4 21 1
4 22 1
4 35 1
4 49 1
4 51 1
4 54 1
4 57 1
4 60 1
4 64 1
4 71 1
4 73 1
4 77 1
4 85 1
4 93 1
4 102 1
4 117 1
4 124 1
4 127 1
4 134 1
4 139 1
4 145 1
4 146 1
4 148 1
5 17 1
5 27 1
5 33 1
5 40 1
5 45 1
5 59 1
5 63 1
5 83 1
5 89 1
5 94 1
5 97 1
5 99 1
5 111 1
5 118 1
5 139 1
5 141 1
5 146 1
5 148 1
6 14 1
6 15 1
6 16 1
6 24 1
6 46 1
6 47 1
6 60 1
6 62 1
6 64 1
6 66 1
6 68 1
6 72 1
6 89 1
6 92 1
6 99 1
6 106 1
6 111 1
6 112 1
6 119 1
6 120 1
7 8 1
7 11 1
7 12 1
7 16 1
7 22 1
7 45 1
7 61 1
7 68 1
7 86 1
7 87 1
7 110 1
7 127 1
7 138 1
7 145 1
8 14 1
8 30 1
8 40 1
8 59 1
8 61 1
8 70 1
8 76 1
8 77 1
8 81 1
8 91 1
8 92 1
8 98 1
8 109 1
8 122 1
8 128 1
8 131 1
8 145 1
8 149 1
9 18 1
9 26 1
9 27 1
9 31 1
9 37 1
9 42 1
9 47 1
9 57 1
9 68 1
9 70 1
9 74 1
9 77 1
9 90 1
9 91 1
9 107 1
9 114 1
9 121 1
9 126 1
9 132 1
9 138 1
9 144 1
9 149 1
10 12 1
10 14 1
10 45 1
10 61 1
10 63 1
10 64 1
10 66 1
10 71 1
10 73 1
10 82 1
10 87 1
10 96 1
10 98 1
10 106 1
10 115 1
10 132 1
10 133 1
10 141 1
11 12 1
11 14 1
11 22 1
11 27 1
11 30 1
11 45 1
11 48 1
11 61 1
11 66 1
11 80 1
11 98 1
11 104 1
11 106 1
11 119 1
11 133 1
11 138 1
12 21 1
12 23 1
12 29 1
12 30 1
12 33 1
12 34 1
12 35 1
12 48 1
12 57 1
12 71 1
12 88 1
12 105 1
12 109 1
12 130 1
12 133 1
12 142 1
13 25 1
13 35 1
13 36 1
13 38 1
13 44 1
13 45 1
13 46 1
13 49 1
13 56 1
13 62 1
13 79 1
13 87 1
13 98 1
13 108 1
13 109 1
13 132 1
13 142 1
14 18 1
14 35 1
14 36 1
14 52 1
14 65 1
14 66 1
14 72 1
14 90 1
14 91 1
14 97 1
14 107 1
14 123 1
14 127 1
14 129 1
14 134 1
14 136 1
14 142 1
15 19 1
15 34 1
15 41 1
15 42 1
15 43 1
15 44 1
15 54 1
15 70 1
15 79 1
15 81 1
15 82 1
15 91 1
15 101 1
15 130 1
15 134 1
15 140 1
15 146 1
16 24 1
16 31 1
16 38 1
16 58 1
16 60 1
16 78 1
16 82 1
16 84 1
16 89 1
16 90 1
16 94 1
16 102 1
16 108 1
16 129 1
17 24 1
17 27 1
17 29 1
17 44 1
17 48 1
17 49 1
17 53 1
17 67 1
17 68 1
17 75 1
17 76 1
17 83 1
17 92 1
17 107 1
17 132 1
17 134 1
17 140 1
17 143 1
17 144 1
17 146 1
18 19 1
18 24 1
18 28 1
18 29 1
18 42 1
18 55 1
18 63 1
18 72 1
18 84 1
18 90 1
18 92 1
18 94 1
18 102 1
18 105 1
18 117 1
18 127 1
18 131 1
18 135 1
18 136 1
19 27 1
19 69 1
19 71 1
19 74 1
19 83 1
19 87 1
19 91 1
19 92 1
19 95 1
19 100 1
19 138 1
19 140 1
19 145 1
19 148 1
20 37 1
20 50 1
20 57 1
20 60 1
20 70 1
20 79 1
20 84 1
20 85 1
20 95 1
20 122 1
20 131 1
20 141 1
20 148 1
21 25 1
21 36 1
21 47 1
21 48 1
21 54 1
21 61 1
21 62 1
21 80 1
21 86 1
21 93 1
21 96 1
21 100 1
21 106 1
22 36 1
22 37 1
22 44 1
22 46 1
22 51 1
22 53 1
22 54 1
22 56 1
22 61 1
22 70 1
22 75 1
22 90 1
22 98 1
22 109 1
22 121 1
22 123 1
22 130 1
22 143 1
22 144 1
23 28 1
23 32 1
23 34 1
23 38 1
23 49 1
23 51 1
23 55 1
23 56 1
23 69 1
23 76 1
23 81 1
23 86 1
23 105 1
23 106 1
23 108 1
23 119 1
23 121 1
23 134 1
23 139 1
23 145 1
23 146 1
23 149 1
24 34 1
24 43 1
24 53 1
24 55 1
24 61 1
24 67 1
24 70 1
24 75 1
24 80 1
24 90 1
24 95 1
24 96 1
24 97 1
24 106 1
24 114 1
24 116 1
24 119 1
24 124 1
24 126 1
24 142 1
25 35 1
25 37 1
25 49 1
25 54 1
25 59 1
25 99 1
25 104 1
25 107 1
25 112 1
25 119 1
25 123 1
25 134 1
25 136 1
25 143 1
26 27 1
26 33 1
26 44 1
26 45 1
26 54 1
26 72 1
26 78 1
26 104 1
26 107 1
26 110 1
26 116 1
26 121 1
27 40 1
27 42 1
27 46 1
27 47 1
27 49 1
27 51 1
27 54 1
27 60 1
27 66 1
27 67 1
27 73 1
27 78 1
27 97 1
27 99 1
27 112 1
27 114 1
27 124 1
27 126 1
27 128 1
27 142 1
27 148 1
28 36 1
28 40 1
28 41 1
28 48 1
28 53 1
28 56 1
28 62 1
28 85 1
28 92 1
28 94 1
28 101 1
28 119 1
28 145 1
28 149 1
29 35 1
29 46 1
29 50 1
29 61 1
29 111 1
29 117 1
29 125 1
29 127 1
29 131 1
30 32 1
30 42 1
30 48 1
30 59 1
30 68 1
30 70 1
30 72 1
30 79 1
30 86 1
30 95 1
30 100 1
30 107 1
30 112 1
30 118 1
30 119 1
30 122 1
30 132 1
30 133 1
30 140 1
30 143 1
30 146 1
31 37 1
31 39 1
31 49 1
31 50 1
31 66 1
31 77 1
31 85 1
31 114 1
31 122 1
31 137 1
32 71 1
32 82 1
32 100 1
32 102 1
32 112 1
32 114 1
32 118 1
32 121 1
32 134 1
32 139 1
32 141 1
32 143 1
32 148 1
33 38 1
33 41 1
33 43 1
33 46 1
33 51 1
33 62 1
33 64 1
33 68 1
33 73 1
33 75 1
33 82 1
33 98 1
33 99 1
33 106 1
33 108 1
33 135 1
33 138 1
33 144 1
33 148 1
34 52 1
34 54 1
34 66 1
34 67 1
34 69 1
34 79 1
34 86 1
34 87 1
34 101 1
34 110 1
35 44 1
35 54 1
35 61 1
35 71 1
35 74 1
35 83 1
35 84 1
35 89 1
35 93 1
35 113 1
35 124 1
35 134 1
35 138 1
36 37 1
36 40 1
36 48 1
36 53 1
36 62 1
36 64 1
36 70 1
36 72 1
36 78 1
36 82 1
36 86 1
36 90 1
36 99 1
36 111 1
36 119 1
36 124 1
36 126 1
36 137 1
36 139 1
37 40 1
37 47 1
37 70 1
37 74 1
37 75 1
37 82 1
37 89 1
37 94 1
37 100 1
37 115 1
37 126 1
37 132 1
37 141 1
38 39 1
38 62 1
38 64 1
38 70 1
38 71 1
38 75 1
38 80 1
38 82 1
38 108 1
38 110 1
38 117 1
38 125 1
38 138 1
39 44 1
39 48 1
39 55 1
39 65 1
39 72 1
39 84 1
39 86 1
39 101 1
39 103 1
39 108 1
39 111 1
39 126 1
39 129 1
39 132 1
39 142 1
39 144 1
39 149 1
40 49 1
40 60 1
40 64 1
40 80 1
40 83 1
40 86 1
40 87 1
40 89 1
40 94 1
40 96 1
40 97 1
40 111 1
40 127 1
40 145 1
41 47 1
41 54 1
41 56 1
41 64 1
41 66 1
41 67 1
41 84 1
41 98 1
41 101 1
41 104 1
41 113 1
41 117 1
41 129 1
42 61 1
42 85 1
42 90 1
42 98 1
42 106 1
42 125 1
42 131 1
43 47 1
43 48 1
43 56 1
43 67 1
43 70 1
43 84 1
43 91 1
43 111 1
43 117 1
43 121 1
43 123 1
43 126 1
43 130 1
43 138 1
43 143 1
43 147 1
44 48 1
44 50 1
44 54 1
44 55 1
44 63 1
44 92 1
44 95 1
44 103 1
44 110 1
44 112 1
44 116 1
44 119 1
44 131 1
44 135 1
44 143 1
44 147 1
44 148 1
45 47 1
45 59 1
45 62 1
45 63 1
45 74 1
45 85 1
45 90 1
45 102 1
45 107 1
45 108 1
45 111 1
45 119 1
45 125 1
45 126 1
45 128 1
45 135 1
45 140 1
46 49 1
46 57 1
46 65 1
46 67 1
46 74 1
46 79 1
46 104 1
46 126 1
46 135 1
46 140 1
46 141 1
46 143 1
47 58 1
47 63 1
47 78 1
47 79 1
47 86 1
47 101 1
47 102 1
47 111 1
47 119 1
47 122 1
47 123 1
47 127 1
47 134 1
48 50 1
48 54 1
48 55 1
48 63 1
48 67 1
48 69 1
48 85 1
48 87 1
48 88 1
48 95 1
48 97 1
48 102 1
48 108 1
48 111 1
48 121 1
48 123 1
48 124 1
48 137 1
49 63 1
49 65 1
49 76 1
49 83 1
49 89 1
49 92 1
49 97 1
49 103 1
49 106 1
49 109 1
49 115 1
49 117 1
49 130 1
49 135 1
49 148 1
50 60 1
50 71 1
50 92 1
50 101 1
50 103 1
50 107 1
50 109 1
50 115 1
50 116 1
50 117 1
50 120 1
50 137 1
50 139 1
50 147 1
51 55 1
51 67 1
51 70 1
51 80 1
51 92 1
51 111 1
51 112 1
51 116 1
51 145 1
51 149 1
52 57 1
52 60 1
52 73 1
52 78 1
52 88 1
52 94 1
52 95 1
52 96 1
52 100 1
52 104 1
52 109 1
52 110 1
52 121 1
52 124 1
52 130 1
52 143 1
53 55 1
53 58 1
53 70 1
53 77 1
53 81 1
53 86 1
53 87 1
53 91 1
53 114 1
53 117 1
53 121 1
53 130 1
53 132 1
53 140 1
53 141 1
53 142 1
54 60 1
54 70 1
54 77 1
54 79 1
54 88 1
54 92 1
54 97 1
54 101 1
54 106 1
54 110 1
54 113 1
54 117 1
54 143 1
54 147 1
54 149 1
55 56 1
55 62 1
55 68 1
55 74 1
55 76 1
55 82 1
55 87 1
55 94 1
55 106 1
55 108 1
55 109 1
55 116 1
55 118 1
55 126 1
55 136 1
55 144 1
55 149 1
56 62 1
56 69 1
56 70 1
56 73 1
56 78 1
56 80 1
56 88 1
56 93 1
56 99 1
56 100 1
56 108 1
56 112 1
56 131 1
56 141 1
56 144 1
57 61 1
57 66 1
57 74 1
57 97 1
57 100 1
57 101 1
57 111 1
57 118 1
57 138 1
57 141 1
57 143 1
57 146 1
57 149 1
58 61 1
58 62 1
58 72 1
58 74 1
58 80 1
58 84 1
58 86 1
58 97 1
58 109 1
58 128 1
58 130 1
58 143 1
59 64 1
59 65 1
59 67 1
59 71 1
59 78 1
59 102 1
59 125 1
59 127 1
59 141 1
60 77 1
60 80 1
60 83 1
60 85 1
60 91 1
60 137 1
60 148 1
61 62 1
61 63 1
61 68 1
61 92 1
61 98 1
61 107 1
61 111 1
61 113 1
61 119 1
61 128 1
61 129 1
61 140 1
61 144 1
61 148 1
62 82 1
62 94 1
62 103 1
62 111 1
62 119 1
62 128 1
62 132 1
62 147 1
63 65 1
63 67 1
63 75 1
63 77 1
63 100 1
63 101 1
63 125 1
63 133 1
63 138 1
63 140 1
64 72 1
64 76 1
64 77 1
64 85 1
64 88 1
64 92 1
64 103 1
64 107 1
64 109 1
64 125 1
64 128 1
64 131 1
64 148 1
65 66 1
65 81 1
65 84 1
65 85 1
65 96 1
65 116 1
65 127 1
65 132 1
65 144 1
65 146 1
66 73 1
66 84 1
66 86 1
66 110 1
66 111 1
66 124 1
66 142 1
67 74 1
67 75 1
67 79 1
67 80 1
67 102 1
67 110 1
67 111 1
67 124 1
67 126 1
67 130 1
67 147 1
68 75 1
68 77 1
68 82 1
68 88 1
68 95 1
68 127 1
68 134 1
68 135 1
69 74 1
69 80 1
69 102 1
69 107 1
69 129 1
69 145 1
69 147 1
70 74 1
70 80 1
70 95 1
70 106 1
70 109 1
70 111 1
70 117 1
70 133 1
70 134 1
70 146 1
70 147 1
71 74 1
71 95 1
71 98 1
71 103 1
71 111 1
71 130 1
71 133 1
72 83 1
72 86 1
72 88 1
72 91 1
72 104 1
72 106 1
72 109 1
72 120 1
72 133 1
72 135 1
72 148 1
73 89 1
73 100 1
73 109 1
73 125 1
74 108 1
74 133 1
75 76 1
75 82 1
75 85 1
75 87 1
75 94 1
75 99 1
75 100 1
75 104 1
75 109 1
75 110 1
75 113 1
75 121 1
75 124 1
75 145 1
75 149 1
76 98 1
76 101 1
76 102 1
76 118 1
76 125 1
76 129 1
76 131 1
76 135 1
76 138 1
76 143 1
77 86 1
77 88 1
77 93 1
77 95 1
77 100 1
77 121 1
77 126 1
77 140 1
77 145 1
78 82 1
78 87 1
78 91 1
78 96 1
78 97 1
78 106 1
78 136 1
78 143 1
79 89 1
79 103 1
79 118 1
79 127 1
79 131 1
79 136 1
80 81 1
80 91 1
80 96 1
80 101 1
80 106 1
80 111 1
80 114 1
80 119 1
80 131 1
80 133 1
80 139 1
80 142 1
80 148 1
81 94 1
81 97 1
81 122 1
81 126 1
81 147 1
82 83 1
82 88 1
82 89 1
82 91 1
82 97 1
82 102 1
82 103 1
82 109 1
82 112 1
82 114 1
82 115 1
82 116 1
82 122 1
82 123 1
82 140 1
82 149 1
83 93 1
83 104 1
83 108 1
83 128 1
83 133 1
83 135 1
83 145 1
83 147 1
84 93 1
84 101 1
84 119 1
84 123 1
85 87 1
85 88 1
85 90 1
85 93 1
85 101 1
85 110 1
85 118 1
85 128 1
85 135 1
85 137 1
85 140 1
85 142 1
86 91 1
86 96 1
86 100 1
86 106 1
86 133 1
86 135 1
86 144 1
87 89 1
87 92 1
87 98 1
87 102 1
87 103 1
87 118 1
87 121 1
87 122 1
87 125 1
87 132 1
87 146 1
88 96 1
88 115 1
88 117 1
88 142 1
88 146 1
89 100 1
89 102 1
89 103 1
89 113 1
89 118 1
89 136 1
89 142 1
90 95 1
90 99 1
90 101 1
90 112 1
90 116 1
90 123 1
90 124 1
90 142 1
90 143 1
90 148 1
91 92 1
91 106 1
91 128 1
91 139 1
91 147 1
91 149 1
92 96 1
92 104 1
92 109 1
92 112 1
92 119 1
92 123 1
92 127 1
92 132 1
92 149 1
93 97 1
93 99 1
93 107 1
93 116 1
93 119 1
93 137 1
93 138 1
93 149 1
94 96 1
94 99 1
94 106 1
94 115 1
94 129 1
94 133 1
95 104 1
95 110 1
95 111 1
95 118 1
95 121 1
95 128 1
95 131 1
95 134 1
95 138 1
95 144 1
96 102 1
96 122 1
96 134 1
97 107 1
97 115 1
97 120 1
97 132 1
97 149 1
98 99 1
98 103 1
98 109 1
98 111 1
98 119 1
98 123 1
98 130 1
98 138 1
98 144 1
99 109 1
99 115 1
99 116 1
99 118 1
99 128 1
99 139 1
99 140 1
99 144 1
99 146 1
100 102 1
100 109 1
100 118 1
100 121 1
100 126 1
100 130 1
100 143 1
101 116 1
101 117 1
101 131 1
101 134 1
102 106 1
102 111 1
102 115 1
102 140 1
102 141 1
102 146 1
103 116 1
103 139 1
103 142 1
104 106 1
104 120 1
104 122 1
105 106 1
105 118 1
105 119 1
105 141 1
105 145 1
106 113 1
106 116 1
106 131 1
106 132 1
106 139 1
106 142 1
106 143 1
106 147 1
107 131 1
107 135 1
107 142 1
107 143 1
107 145 1
107 146 1
108 109 1
108 113 1
108 114 1
108 119 1
108 120 1
108 123 1
108 131 1
109 122 1
109 136 1
109 137 1
110 122 1
110 139 1
110 145 1
110 146 1
110 149 1
111 112 1
111 118 1
111 145 1
112 115 1
112 125 1
112 131 1
112 135 1
112 137 1
113 132 1
113 145 1
114 119 1
114 120 1
114 123 1
114 128 1
114 132 1
114 143 1
115 118 1
115 130 1
115 132 1
115 142 1
115 145 1
115 148 1
116 120 1
116 136 1
117 120 1
117 126 1
117 127 1
117 129 1
117 131 1
117 136 1
117 149 1
118 134 1
118 144 1
119 126 1
119 128 1
119 139 1
119 142 1
120 131 1
120 133 1
120 146 1
121 123 1
121 126 1
121 135 1
121 136 1
121 137 1
121 144 1
122 126 1
122 127 1
122 129 1
122 145 1
123 124 1
123 126 1
123 136 1
123 144 1
123 147 1
123 149 1
124 139 1
124 145 1
124 146 1
124 147 1
124 149 1
125 126 1
125 127 1
125 129 1
125 139 1
125 141 1
125 143 1
125 148 1
126 132 1
126 137 1
126 145 1
127 138 1
127 148 1
128 130 1
128 138 1
128 140 1
128 143 1
128 144 1
128 145 1
129 142 1
130 134 1
130 141 1
130 142 1
132 135 1
132 148 1
133 138 1
133 139 1
133 140 1
133 146 1
134 145 1
134 148 1
135 137 1
135 139 1
135 142 1
135 148 1
137 140 1
137 142 1
137 143 1
139 145 1
140 148 1
141 147 1
141 148 1
142 145 1
147 149 1
1
86 80 125 31 2 62 98 56 97 95 82 59 117 35 34
