590
0 3 1
0 6 1
0 7 1
0 10 1
0 13 1
0 14 1
0 21 1
0 22 1
0 34 1
0 35 1
0 37 1
0 39 1
0 40 1
0 43 1
0 46 1
0 49 1
0 51 1
0 53 1
0 60 1
0 61 1
0 63 1
0 65 1
0 66 1
0 67 1
1 3 1
1 7 1
1 10 1
1 14 1
1 15 1
1 16 1
1 17 1
1 23 1
1 30 1
1 31 1
1 33 1
1 41 1
1 47 1
1 48 1
1 51 1
1 54 1
1 56 1
1 59 1
1 67 1
1 68 1
2 5 1
2 9 1
2 11 1
2 14 1
2 15 1
2 17 1
2 18 1
2 22 1
2 24 1
2 36 1
2 43 1
2 44 1
2 47 1
2 52 1
2 64 1
2 67 1
3 10 1
3 16 1
3 19 1
3 21 1
3 22 1
3 28 1
3 32 1
3 34 1
3 35 1
3 36 1
3 39 1
3 40 1
3 47 1
3 48 1
3 51 1
3 52 1
3 54 1
3 62 1
3 63 1
4 9 1
4 14 1
4 16 1
4 20 1
4 21 1
4 25 1
4 29 1
4 33 1
4 34 1
4 44 1
4 49 1
4 51 1
4 57 1
4 58 1
4 62 1
4 64 1
4 69 1
5 6 1
5 7 1
5 19 1
5 20 1
5 23 1
5 26 1
5 28 1
5 31 1
5 33 1
5 44 1
5 45 1
5 51 1
5 54 1
5 59 1
5 60 1
5 68 1
6 8 1
6 10 1
6 13 1
6 19 1
6 26 1
6 33 1
6 35 1
6 39 1
6 42 1
6 43 1
6 48 1
6 52 1
6 54 1
6 65 1
6 67 1
6 69 1
7 12 1
7 13 1
7 21 1
7 24 1
7 25 1
7 35 1
7 37 1
7 39 1
7 40 1
7 45 1
7 54 1
7 57 1
7 61 1
7 62 1
7 65 1
7 67 1
8 9 1
8 13 1
8 15 1
8 22 1
8 28 1
8 33 1
8 38 1
8 39 1
8 41 1
8 47 1
8 51 1
8 52 1
8 65 1
8 68 1
9 14 1
9 26 1
9 27 1
9 29 1
9 34 1
9 37 1
9 40 1
9 42 1
9 43 1
9 44 1
9 52 1
9 53 1
9 59 1
9 63 1
9 66 1
10 11 1
10 14 1
10 19 1
10 21 1
10 27 1
10 34 1
10 37 1
10 40 1
10 45 1
10 47 1
10 50 1
10 52 1
10 56 1
10 61 1
10 64 1
11 12 1
11 14 1
11 16 1
11 21 1
11 24 1
11 41 1
11 47 1
11 49 1
11 51 1
11 53 1
11 57 1
11 59 1
11 61 1
12 16 1
12 25 1
12 27 1
12 29 1
12 30 1
12 39 1
12 46 1
12 50 1
12 51 1
12 57 1
12 59 1
12 68 1
13 14 1
13 19 1
13 26 1
13 55 1
13 61 1
13 69 1
14 16 1
14 17 1
14 21 1
14 23 1
14 35 1
14 37 1
14 44 1
14 45 1
14 48 1
14 49 1
14 52 1
14 63 1
15 19 1
15 26 1
15 31 1
15 32 1
15 34 1
15 43 1
15 44 1
15 45 1
15 52 1
15 55 1
15 58 1
15 60 1
15 64 1
15 66 1
15 68 1
16 21 1
16 29 1
16 30 1
16 31 1
16 32 1
16 35 1
16 37 1
16 38 1
16 43 1
16 44 1
16 49 1
16 52 1
16 54 1
16 57 1
16 59 1
16 66 1
16 68 1
16 69 1
17 18 1
17 27 1
17 32 1
17 33 1
17 39 1
17 42 1
17 44 1
17 47 1
17 51 1
17 52 1
17 64 1
17 65 1
18 20 1
18 23 1
18 25 1
18 28 1
18 33 1
18 34 1
18 35 1
18 36 1
18 40 1
18 41 1
18 43 1
18 47 1
18 52 1
18 61 1
19 22 1
19 24 1
19 26 1
19 28 1
19 31 1
19 33 1
19 35 1
19 36 1
19 38 1
19 46 1
19 47 1
19 51 1
19 54 1
19 63 1
19 64 1
19 66 1
19 67 1
20 21 1
20 22 1
20 25 1
20 27 1
20 32 1
20 47 1
20 51 1
20 56 1
20 64 1
21 23 1
21 26 1
21 32 1
21 36 1
21 38 1
21 45 1
21 52 1
21 59 1
22 24 1
22 26 1
22 31 1
22 36 1
22 47 1
22 49 1
22 51 1
23 26 1
23 38 1
23 41 1
23 45 1
23 58 1
23 60 1
23 62 1
23 68 1
24 25 1
24 26 1
24 29 1
24 30 1
24 44 1
24 53 1
24 55 1
24 56 1
24 58 1
24 66 1
25 28 1
25 34 1
25 35 1
25 36 1
25 41 1
25 44 1
25 48 1
25 51 1
25 56 1
25 59 1
25 60 1
25 67 1
25 69 1
26 37 1
26 39 1
26 40 1
26 48 1
26 50 1
26 51 1
26 54 1
26 57 1
26 58 1
26 61 1
27 29 1
27 32 1
27 34 1
27 52 1
27 66 1
27 68 1
28 29 1
28 40 1
28 43 1
28 46 1
28 48 1
28 54 1
28 62 1
28 66 1
28 69 1
29 39 1
29 41 1
29 43 1
29 52 1
29 53 1
29 64 1
30 37 1
30 38 1
30 41 1
30 45 1
30 46 1
30 48 1
30 49 1
30 50 1
30 54 1
30 56 1
30 58 1
30 64 1
30 69 1
31 32 1
31 35 1
31 36 1
31 41 1
31 45 1
31 56 1
31 57 1
31 63 1
32 36 1
32 37 1
32 44 1
32 48 1
32 52 1
32 55 1
32 59 1
32 60 1
32 66 1
33 34 1
33 38 1
33 40 1
33 42 1
33 46 1
33 47 1
33 48 1
33 50 1
33 51 1
33 52 1
33 55 1
33 57 1
33 59 1
33 64 1
34 41 1
34 43 1
34 44 1
34 57 1
34 62 1
34 68 1
34 69 1
35 37 1
35 38 1
35 39 1
35 42 1
35 48 1
35 50 1
35 56 1
35 64 1
35 69 1
36 38 1
36 39 1
36 41 1
36 44 1
36 48 1
36 50 1
36 52 1
36 53 1
36 55 1
36 58 1
36 60 1
36 62 1
36 68 1
36 69 1
37 43 1
37 53 1
37 58 1
37 61 1
37 66 1
37 68 1
38 43 1
38 47 1
38 50 1
38 53 1
38 55 1
38 61 1
38 63 1
38 65 1
39 46 1
39 47 1
39 62 1
39 65 1
39 66 1
39 69 1
40 41 1
40 44 1
40 49 1
40 55 1
40 61 1
40 66 1
41 44 1
41 45 1
41 52 1
41 53 1
41 54 1
41 57 1
41 65 1
41 66 1
41 68 1
42 50 1
42 53 1
42 55 1
42 57 1
42 61 1
42 63 1
43 46 1
43 48 1
43 49 1
43 50 1
43 55 1
43 57 1
43 60 1
43 62 1
43 64 1
43 65 1
43 66 1
44 45 1
44 48 1
44 57 1
44 61 1
44 65 1
44 68 1
45 46 1
45 50 1
45 52 1
45 59 1
45 64 1
45 66 1
46 48 1
46 50 1
46 58 1
46 62 1
46 63 1
46 64 1
46 66 1
46 69 1
47 57 1
47 59 1
47 68 1
48 49 1
48 50 1
48 57 1
48 60 1
48 61 1
48 63 1
49 52 1
49 53 1
49 54 1
49 59 1
49 65 1
49 66 1
49 67 1
50 52 1
51 54 1
51 65 1
51 66 1
52 57 1
52 61 1
52 63 1
53 63 1
53 69 1
54 55 1
54 56 1
54 58 1
54 59 1
54 66 1
55 59 1
55 62 1
56 63 1
56 64 1
56 66 1
57 58 1
58 63 1
58 65 1
58 68 1
59 60 1
59 63 1
59 66 1
61 64 1
61 65 1
62 65 1
62 67 1
63 68 1
64 68 1
65 68 1
67 68 1
68 69 1
1
35 57 41 43 18 9 2
