1386
0 1 1
0 21 1
0 23 1
0 76 1
0 77 1
0 78 1
0 88 1
0 105 1
0 109 1
0 111 1
0 116 1
0 135 1
0 138 1
1 4 1
1 8 1
1 11 1
1 16 1
1 19 1
1 31 1
1 32 1
1 39 1
1 53 1
1 54 1
1 69 1
1 71 1
1 73 1
1 77 1
1 89 1
1 92 1
1 94 1
1 97 1
1 108 1
1 116 1
1 123 1
1 125 1
1 135 1
1 139 1
2 12 1
2 24 1
2 29 1
2 31 1
2 34 1
2 36 1
2 45 1
2 48 1
2 52 1
2 57 1
2 69 1
2 73 1
2 74 1
2 94 1
2 95 1
2 98 1
2 112 1
2 114 1
2 120 1
2 124 1
2 125 1
2 135 1
3 14 1
3 16 1
3 19 1
3 23 1
3 26 1
3 29 1
3 43 1
3 54 1
3 69 1
3 73 1
3 75 1
3 76 1
3 77 1
3 94 1
3 99 1
3 100 1
3 104 1
3 120 1
3 121 1
3 131 1
3 134 1
3 135 1
4 11 1
4 14 1
4 16 1
4 17 1
4 27 1
4 35 1
4 41 1
4 65 1
4 90 1
4 98 1
4 108 1
4 114 1
4 115 1
4 120 1
4 122 1
4 127 1
4 129 1
4 130 1
5 16 1
5 18 1
5 21 1
5 32 1
5 34 1
5 44 1
5 48 1
5 49 1
5 54 1
5 63 1
5 65 1
5 90 1
5 92 1
5 96 1
5 98 1
5 101 1
5 107 1
5 121 1
5 128 1
5 129 1
5 132 1
6 12 1
6 15 1
6 33 1
6 36 1
6 40 1
6 43 1
6 49 1
6 53 1
6 57 1
6 60 1
6 68 1
6 69 1
6 73 1
6 77 1
6 106 1
6 118 1
6 121 1
6 125 1
6 137 1
7 12 1
7 20 1
7 21 1
7 41 1
7 44 1
7 74 1
7 77 1
7 85 1
7 94 1
7 98 1
7 100 1
7 101 1
7 103 1
7 106 1
7 108 1
7 110 1
7 113 1
7 122 1
7 124 1
7 132 1
7 137 1
8 24 1
8 41 1
8 43 1
8 53 1
8 63 1
8 74 1
8 80 1
8 91 1
8 125 1
8 136 1
9 11 1
9 15 1
9 21 1
9 22 1
9 23 1
9 25 1
9 36 1
9 45 1
9 48 1
9 49 1
9 51 1
9 66 1
9 75 1
9 85 1
9 99 1
9 100 1
9 108 1
9 118 1
9 124 1
9 125 1
9 131 1
10 12 1
10 13 1
10 15 1
10 23 1
10 26 1
10 29 1
10 42 1
10 47 1
10 49 1
10 57 1
10 58 1
10 75 1
10 85 1
10 86 1
10 92 1
10 94 1
10 102 1
10 105 1
10 109 1
10 126 1
10 138 1
11 18 1
11 19 1
11 28 1
11 29 1
11 31 1
11 32 1
11 34 1
11 35 1
11 41 1
11 48 1
11 52 1
11 61 1
11 63 1
11 67 1
11 68 1
11 70 1
11 90 1
11 95 1
11 103 1
11 111 1
11 123 1
11 126 1
11 132 1
11 133 1
11 138 1
12 24 1
12 34 1
12 38 1
12 39 1
12 49 1
12 50 1
12 53 1
12 61 1
12 68 1
12 83 1
12 86 1
12 87 1
12 90 1
12 96 1
12 105 1
12 106 1
12 109 1
12 119 1
13 14 1
13 16 1
13 44 1
13 45 1
13 66 1
13 67 1
13 68 1
13 70 1
13 72 1
13 76 1
13 85 1
13 88 1
13 96 1
13 99 1
13 101 1
13 118 1
13 123 1
13 125 1
13 126 1
13 131 1
13 138 1
14 17 1
14 18 1
14 20 1
14 21 1
14 26 1
14 28 1
14 36 1
14 42 1
14 49 1
14 53 1
14 69 1
14 71 1
14 77 1
14 80 1
14 85 1
14 89 1
14 92 1
14 104 1
14 110 1
14 136 1
14 139 1
15 17 1
15 19 1
15 20 1
15 24 1
15 25 1
15 28 1
15 47 1
15 49 1
15 87 1
15 91 1
16 30 1
16 34 1
16 35 1
16 39 1
16 42 1
16 43 1
16 61 1
16 64 1
16 70 1
16 71 1
16 75 1
16 77 1
16 83 1
16 84 1
16 103 1
16 104 1
16 107 1
16 108 1
16 110 1
16 112 1
16 114 1
16 124 1
16 135 1
16 136 1
17 18 1
17 25 1
17 32 1
17 36 1
17 46 1
17 51 1
17 60 1
17 64 1
17 69 1
17 79 1
17 87 1
17 96 1
17 113 1
17 128 1
18 22 1
18 42 1
18 46 1
18 52 1
18 56 1
18 73 1
18 79 1
18 90 1
18 93 1
18 94 1
18 112 1
18 119 1
18 128 1
18 131 1
18 133 1
19 42 1
19 48 1
19 54 1
19 56 1
19 59 1
19 61 1
19 64 1
19 67 1
19 69 1
19 73 1
19 75 1
19 76 1
19 80 1
19 86 1
19 101 1
19 111 1
19 118 1
19 121 1
19 125 1
19 128 1
19 132 1
19 136 1
20 24 1
20 27 1
20 32 1
20 37 1
20 39 1
20 43 1
20 45 1
20 47 1
20 56 1
20 58 1
20 68 1
20 81 1
20 82 1
20 83 1
20 110 1
20 111 1
20 115 1
20 119 1
20 120 1
20 126 1
20 131 1
20 132 1
20 138 1
21 25 1
21 34 1
21 51 1
21 52 1
21 54 1
21 60 1
21 76 1
21 77 1
21 80 1
21 91 1
21 98 1
21 100 1
21 129 1
21 133 1
22 29 1
22 37 1
22 41 1
22 45 1
22 67 1
22 68 1
22 70 1
22 83 1
22 94 1
22 98 1
22 99 1
22 100 1
22 110 1
22 112 1
23 29 1
23 30 1
23 40 1
23 46 1
23 47 1
23 55 1
23 64 1
23 77 1
23 82 1
23 88 1
23 89 1
23 95 1
23 99 1
23 103 1
23 126 1
24 29 1
24 41 1
24 46 1
24 51 1
24 54 1
24 57 1
24 58 1
24 66 1
24 68 1
24 69 1
24 74 1
24 78 1
24 86 1
24 87 1
24 93 1
24 105 1
24 114 1
24 125 1
24 134 1
24 137 1
25 42 1
25 58 1
25 66 1
25 71 1
25 97 1
25 99 1
25 100 1
25 110 1
25 113 1
25 114 1
25 126 1
25 130 1
25 132 1
26 29 1
26 36 1
26 37 1
26 49 1
26 53 1
26 55 1
26 56 1
26 59 1
26 60 1
26 68 1
26 82 1
26 94 1
26 95 1
26 97 1
26 101 1
26 108 1
26 111 1
26 128 1
27 31 1
27 46 1
27 47 1
27 77 1
27 79 1
27 80 1
27 82 1
27 86 1
27 88 1
27 113 1
27 115 1
27 135 1
27 137 1
28 33 1
28 36 1
28 37 1
28 38 1
28 40 1
28 41 1
28 48 1
28 60 1
28 76 1
28 84 1
28 86 1
28 90 1
28 96 1
28 99 1
28 107 1
28 113 1
28 120 1
28 123 1
28 132 1
28 134 1
28 137 1
29 33 1
29 39 1
29 72 1
29 76 1
29 80 1
29 87 1
29 95 1
29 109 1
29 128 1
29 131 1
29 135 1
29 137 1
30 35 1
30 37 1
30 38 1
30 45 1
30 64 1
30 70 1
30 74 1
30 81 1
30 88 1
30 102 1
30 103 1
30 108 1
30 110 1
30 119 1
30 127 1
30 136 1
31 48 1
31 59 1
31 64 1
31 72 1
31 79 1
31 83 1
31 89 1
31 103 1
31 106 1
31 121 1
31 124 1
31 125 1
31 129 1
31 131 1
31 139 1
32 38 1
32 47 1
32 50 1
32 74 1
32 76 1
32 90 1
32 133 1
32 134 1
32 137 1
32 139 1
33 54 1
33 58 1
33 62 1
33 70 1
33 74 1
33 89 1
33 94 1
33 105 1
33 106 1
33 112 1
33 116 1
33 122 1
33 123 1
33 125 1
33 128 1
34 42 1
34 43 1
34 61 1
34 68 1
34 73 1
34 74 1
34 99 1
34 107 1
34 113 1
34 129 1
34 136 1
35 50 1
35 57 1
35 59 1
35 70 1
35 85 1
35 86 1
35 91 1
35 100 1
35 102 1
35 106 1
35 119 1
35 122 1
35 131 1
35 132 1
35 133 1
36 41 1
36 45 1
36 46 1
36 57 1
36 61 1
36 63 1
36 64 1
36 75 1
36 80 1
36 81 1
36 107 1
36 110 1
36 114 1
36 115 1
36 123 1
36 127 1
36 133 1
36 138 1
37 39 1
37 52 1
37 53 1
37 57 1
37 62 1
37 90 1
37 91 1
37 96 1
37 103 1
37 107 1
37 117 1
37 123 1
37 126 1
37 129 1
38 45 1
38 51 1
38 53 1
38 57 1
38 72 1
38 89 1
38 128 1
38 133 1
38 135 1
39 45 1
39 48 1
39 50 1
39 55 1
39 59 1
39 72 1
39 87 1
39 100 1
39 112 1
39 115 1
40 46 1
40 54 1
40 59 1
40 65 1
40 70 1
40 76 1
40 80 1
40 93 1
40 106 1
40 108 1
40 109 1
40 112 1
40 134 1
41 48 1
41 55 1
41 57 1
41 59 1
41 65 1
41 68 1
41 71 1
41 73 1
41 76 1
41 78 1
41 87 1
41 90 1
41 96 1
41 97 1
41 118 1
41 119 1
41 138 1
42 47 1
42 63 1
42 67 1
42 88 1
42 89 1
42 92 1
42 93 1
42 108 1
42 109 1
42 117 1
42 121 1
42 122 1
42 126 1
42 128 1
43 46 1
43 62 1
43 69 1
43 81 1
43 83 1
43 87 1
43 102 1
43 108 1
43 122 1
43 127 1
43 130 1
43 139 1
44 51 1
44 52 1
44 54 1
44 56 1
44 57 1
44 71 1
44 90 1
44 94 1
44 98 1
44 105 1
44 114 1
44 118 1
44 123 1
44 125 1
44 134 1
45 46 1
45 52 1
45 53 1
45 58 1
45 73 1
45 76 1
45 82 1
45 98 1
45 99 1
45 101 1
45 106 1
45 111 1
45 118 1
45 127 1
45 129 1
46 49 1
46 51 1
46 52 1
46 63 1
46 98 1
46 102 1
46 106 1
46 122 1
46 131 1
46 133 1
47 49 1
47 62 1
47 65 1
47 73 1
47 81 1
47 98 1
47 99 1
47 105 1
47 110 1
47 111 1
47 113 1
47 120 1
47 122 1
47 123 1
47 125 1
47 127 1
47 130 1
47 139 1
48 52 1
48 57 1
48 58 1
48 62 1
48 78 1
48 87 1
48 97 1
48 99 1
48 100 1
48 106 1
48 131 1
48 136 1
48 137 1
49 53 1
49 56 1
49 57 1
49 58 1
49 61 1
49 68 1
49 69 1
49 76 1
49 77 1
49 99 1
49 104 1
49 118 1
49 123 1
49 126 1
49 128 1
49 129 1
49 131 1
49 133 1
50 65 1
50 77 1
50 87 1
50 91 1
50 93 1
50 98 1
50 106 1
50 114 1
50 115 1
50 132 1
51 58 1
51 60 1
51 62 1
51 65 1
51 66 1
51 68 1
51 69 1
51 70 1
51 71 1
51 82 1
51 92 1
51 99 1
51 102 1
51 105 1
51 115 1
51 118 1
51 121 1
51 134 1
52 54 1
52 62 1
52 67 1
52 71 1
52 121 1
52 127 1
52 130 1
53 56 1
53 57 1
53 65 1
53 71 1
53 73 1
53 81 1
53 86 1
53 89 1
53 95 1
53 108 1
53 123 1
53 125 1
53 127 1
53 131 1
53 132 1
54 79 1
54 84 1
54 87 1
54 91 1
54 103 1
54 104 1
54 106 1
54 108 1
54 110 1
54 116 1
54 134 1
54 137 1
55 60 1
55 75 1
55 86 1
55 93 1
55 100 1
55 111 1
55 112 1
55 120 1
55 137 1
56 58 1
56 62 1
56 63 1
56 65 1
56 77 1
56 81 1
56 87 1
56 90 1
56 91 1
56 109 1
56 120 1
56 121 1
56 137 1
57 60 1
57 61 1
57 64 1
57 67 1
57 73 1
57 77 1
57 86 1
57 94 1
57 98 1
57 107 1
58 76 1
58 86 1
58 87 1
58 89 1
58 91 1
58 92 1
58 93 1
58 115 1
58 120 1
58 128 1
58 132 1
58 139 1
59 66 1
59 79 1
59 90 1
59 104 1
59 109 1
59 117 1
59 119 1
59 124 1
60 61 1
60 64 1
60 81 1
60 89 1
60 110 1
60 113 1
60 114 1
60 126 1
60 134 1
61 72 1
61 74 1
61 84 1
61 96 1
61 102 1
61 103 1
61 118 1
61 125 1
61 135 1
62 71 1
62 80 1
62 87 1
62 90 1
62 93 1
62 100 1
62 106 1
62 110 1
62 119 1
62 129 1
62 130 1
63 71 1
63 78 1
63 81 1
63 99 1
63 102 1
63 117 1
63 122 1
63 128 1
63 130 1
63 134 1
63 135 1
63 136 1
64 65 1
64 66 1
64 77 1
64 96 1
64 97 1
64 101 1
64 114 1
64 128 1
64 136 1
64 139 1
65 69 1
65 70 1
65 71 1
65 82 1
65 84 1
65 88 1
65 96 1
65 97 1
65 98 1
65 102 1
65 112 1
65 115 1
65 120 1
65 124 1
65 128 1
66 69 1
66 70 1
66 71 1
66 83 1
66 92 1
66 93 1
66 94 1
66 115 1
66 120 1
66 129 1
66 130 1
66 133 1
66 134 1
66 139 1
67 83 1
67 91 1
67 93 1
67 94 1
67 98 1
67 113 1
67 118 1
67 119 1
67 122 1
67 128 1
67 130 1
68 83 1
68 86 1
68 97 1
68 99 1
68 120 1
68 123 1
68 125 1
69 70 1
69 72 1
69 77 1
69 78 1
69 82 1
69 85 1
69 101 1
69 109 1
69 111 1
69 113 1
69 114 1
69 121 1
69 126 1
70 75 1
70 81 1
70 91 1
70 95 1
70 105 1
70 121 1
70 123 1
70 136 1
71 83 1
71 95 1
71 101 1
71 106 1
71 119 1
71 122 1
71 125 1
71 134 1
72 82 1
72 88 1
72 101 1
72 130 1
73 75 1
73 76 1
73 81 1
73 82 1
73 91 1
73 99 1
73 114 1
73 123 1
73 124 1
73 129 1
73 132 1
74 91 1
74 93 1
74 98 1
74 109 1
74 115 1
74 116 1
74 125 1
74 136 1
75 82 1
75 86 1
75 103 1
75 113 1
75 116 1
75 127 1
75 128 1
75 135 1
76 79 1
76 93 1
76 106 1
76 107 1
76 113 1
76 115 1
76 126 1
76 129 1
76 131 1
77 79 1
77 87 1
77 90 1
77 93 1
77 126 1
77 131 1
77 134 1
77 137 1
78 99 1
78 110 1
78 115 1
78 123 1
78 129 1
78 139 1
79 83 1
79 87 1
79 90 1
79 100 1
79 101 1
79 102 1
79 111 1
79 120 1
79 127 1
80 89 1
80 99 1
80 110 1
80 111 1
80 115 1
80 128 1
80 134 1
80 138 1
81 82 1
81 85 1
81 87 1
81 88 1
81 104 1
81 108 1
81 130 1
81 134 1
81 139 1
82 84 1
82 88 1
82 100 1
82 108 1
82 124 1
82 132 1
82 135 1
82 138 1
83 90 1
83 91 1
83 107 1
83 109 1
84 87 1
84 92 1
84 107 1
84 123 1
84 128 1
84 131 1
84 132 1
84 135 1
85 93 1
85 94 1
85 100 1
85 103 1
85 111 1
85 116 1
85 126 1
85 139 1
86 88 1
86 95 1
86 108 1
86 121 1
86 125 1
86 128 1
86 136 1
87 113 1
87 118 1
87 137 1
88 91 1
88 107 1
88 113 1
88 115 1
88 119 1
88 129 1
88 133 1
88 139 1
89 98 1
89 102 1
89 110 1
89 115 1
89 132 1
89 135 1
89 137 1
90 95 1
90 130 1
90 133 1
90 136 1
91 96 1
91 97 1
91 100 1
91 103 1
91 106 1
91 113 1
91 116 1
91 123 1
91 125 1
91 128 1
92 104 1
92 113 1
92 115 1
92 133 1
92 139 1
93 99 1
93 102 1
93 106 1
93 117 1
93 126 1
93 136 1
94 98 1
94 106 1
94 108 1
94 109 1
94 121 1
95 96 1
95 100 1
95 106 1
95 111 1
95 123 1
95 125 1
95 133 1
95 134 1
95 135 1
95 138 1
96 103 1
96 122 1
96 131 1
96 132 1
97 98 1
97 105 1
97 107 1
97 110 1
97 111 1
97 112 1
97 116 1
97 118 1
97 126 1
97 137 1
98 111 1
98 119 1
98 127 1
98 129 1
98 137 1
99 100 1
99 101 1
99 120 1
99 122 1
99 126 1
99 127 1
99 129 1
99 130 1
100 107 1
100 113 1
100 128 1
100 136 1
101 104 1
101 105 1
101 107 1
101 121 1
101 123 1
101 127 1
101 130 1
101 132 1
102 104 1
102 106 1
102 110 1
102 113 1
102 114 1
102 118 1
102 135 1
102 137 1
102 138 1
103 111 1
103 117 1
103 119 1
103 123 1
103 124 1
103 126 1
103 129 1
104 107 1
104 120 1
104 123 1
104 137 1
105 111 1
105 113 1
105 124 1
105 133 1
105 135 1
106 107 1
106 109 1
106 112 1
106 114 1
106 117 1
106 122 1
106 129 1
107 111 1
107 118 1
107 119 1
107 122 1
107 130 1
107 136 1
107 138 1
108 114 1
108 117 1
108 120 1
108 126 1
108 128 1
108 138 1
109 124 1
110 111 1
110 113 1
110 116 1
110 121 1
110 126 1
110 134 1
111 114 1
111 119 1
111 120 1
111 138 1
112 129 1
112 133 1
112 136 1
112 137 1
113 124 1
113 136 1
113 139 1
114 119 1
114 132 1
114 134 1
115 125 1
115 127 1
115 130 1
115 131 1
116 120 1
116 125 1
116 127 1
116 130 1
116 136 1
116 138 1
117 125 1
117 127 1
118 122 1
118 132 1
119 120 1
119 124 1
119 125 1
119 133 1
119 138 1
120 128 1
121 128 1
121 130 1
122 128 1
123 125 1
124 137 1
124 138 1
125 129 1
125 131 1
125 138 1
126 129 1
126 132 1
127 130 1
127 134 1
128 136 1
128 137 1
129 132 1
129 133 1
129 137 1
130 132 1
130 134 1
130 139 1
133 134 1
133 136 1
134 138 1
1
81 42 125 62 46 10 89 101 78 129 38 6 52 4
