2109
0 8 1
0 42 1
0 44 1
0 63 1
0 65 1
0 66 1
0 87 1
0 115 1
0 118 1
0 128 1
0 154 1
0 176 1
0 185 1
1 5 1
1 7 1
1 28 1
1 29 1
1 30 1
1 31 1
1 35 1
1 38 1
1 57 1
1 81 1
1 82 1
1 88 1
1 90 1
1 93 1
1 108 1
1 111 1
1 123 1
1 124 1
1 128 1
1 131 1
1 134 1
1 144 1
1 148 1
1 156 1
1 178 1
1 189 1
1 192 1
2 11 1
2 15 1
2 28 1
2 44 1
2 54 1
2 65 1
2 71 1
2 76 1
2 93 1
2 109 1
2 129 1
2 136 1
2 137 1
2 140 1
2 147 1
2 155 1
2 168 1
2 177 1
2 180 1
2 189 1
3 4 1
3 35 1
3 38 1
3 44 1
3 51 1
3 68 1
3 71 1
3 77 1
3 79 1
3 84 1
3 90 1
3 95 1
3 103 1
3 125 1
3 138 1
3 139 1
3 163 1
3 168 1
3 169 1
3 175 1
3 177 1
3 191 1
4 6 1
4 30 1
4 31 1
4 44 1
4 48 1
4 51 1
4 53 1
4 60 1
4 74 1
4 90 1
4 92 1
4 114 1
4 121 1
4 125 1
4 133 1
4 143 1
4 147 1
4 148 1
4 158 1
4 165 1
4 171 1
5 8 1
5 11 1
5 13 1
5 19 1
5 64 1
5 78 1
5 81 1
5 85 1
5 103 1
5 105 1
5 121 1
5 124 1
5 130 1
5 131 1
5 139 1
5 145 1
5 153 1
5 164 1
5 166 1
5 167 1
5 194 1
6 8 1
6 13 1
6 15 1
6 16 1
6 19 1
6 20 1
6 28 1
6 29 1
6 37 1
6 47 1
6 49 1
6 69 1
6 70 1
6 85 1
6 114 1
6 134 1
6 139 1
6 146 1
6 147 1
6 158 1
6 182 1
7 8 1
7 54 1
7 55 1
7 83 1
7 84 1
7 94 1
7 105 1
7 111 1
7 123 1
7 128 1
7 143 1
7 144 1
7 151 1
7 157 1
7 182 1
7 195 1
8 9 1
8 10 1
8 49 1
8 50 1
8 53 1
8 58 1
8 74 1
8 90 1
8 106 1
8 112 1
8 114 1
8 117 1
8 129 1
8 136 1
8 141 1
8 143 1
8 146 1
8 156 1
8 167 1
8 175 1
8 187 1
9 20 1
9 22 1
9 43 1
9 46 1
9 50 1
9 58 1
9 59 1
9 61 1
9 76 1
9 91 1
9 94 1
9 96 1
9 100 1
9 102 1
9 119 1
9 133 1
9 145 1
9 154 1
9 156 1
9 175 1
9 177 1
9 193 1
9 198 1
10 27 1
10 37 1
10 60 1
10 61 1
10 62 1
10 65 1
10 79 1
10 82 1
10 97 1
10 100 1
10 132 1
10 136 1
10 138 1
10 148 1
10 150 1
10 153 1
10 188 1
11 13 1
11 31 1
11 35 1
11 37 1
11 65 1
11 70 1
11 88 1
11 98 1
11 116 1
11 118 1
11 122 1
11 129 1
11 133 1
11 135 1
11 138 1
11 143 1
11 146 1
11 155 1
11 158 1
11 159 1
11 162 1
11 164 1
11 191 1
11 192 1
11 194 1
12 13 1
12 38 1
12 47 1
12 54 1
12 60 1
12 84 1
12 87 1
12 106 1
12 122 1
12 133 1
12 140 1
12 150 1
12 155 1
12 164 1
12 170 1
12 171 1
12 180 1
12 196 1
13 35 1
13 52 1
13 57 1
13 69 1
13 89 1
13 122 1
13 135 1
13 141 1
13 161 1
13 163 1
13 164 1
13 168 1
13 176 1
13 186 1
14 24 1
14 41 1
14 42 1
14 55 1
14 56 1
14 67 1
14 72 1
14 85 1
14 86 1
14 100 1
14 112 1
14 122 1
14 140 1
14 142 1
14 143 1
14 157 1
14 162 1
14 166 1
14 170 1
14 171 1
14 185 1
14 189 1
14 199 1
15 29 1
15 40 1
15 44 1
15 58 1
15 62 1
15 63 1
15 75 1
15 82 1
15 83 1
15 103 1
15 117 1
15 119 1
15 124 1
15 125 1
15 127 1
15 136 1
15 153 1
15 159 1
15 165 1
15 167 1
15 171 1
15 175 1
15 177 1
16 17 1
16 23 1
16 33 1
16 35 1
16 38 1
16 40 1
16 50 1
16 53 1
16 58 1
16 62 1
16 65 1
16 66 1
16 70 1
16 96 1
16 98 1
16 101 1
16 116 1
16 124 1
16 128 1
16 130 1
16 134 1
16 138 1
16 139 1
16 154 1
16 160 1
16 177 1
16 180 1
16 182 1
16 188 1
17 18 1
17 48 1
17 61 1
17 63 1
17 92 1
17 102 1
17 103 1
17 104 1
17 140 1
17 144 1
17 152 1
17 169 1
17 191 1
18 23 1
18 30 1
18 50 1
18 54 1
18 56 1
18 59 1
18 76 1
18 83 1
18 106 1
18 112 1
18 128 1
18 135 1
18 141 1
18 145 1
18 150 1
18 151 1
18 152 1
18 163 1
18 171 1
18 184 1
19 27 1
19 32 1
19 50 1
19 51 1
19 54 1
19 75 1
19 80 1
19 105 1
19 110 1
19 118 1
19 123 1
19 126 1
19 132 1
19 143 1
19 145 1
19 184 1
20 22 1
20 47 1
20 51 1
20 58 1
20 80 1
20 81 1
20 85 1
20 87 1
20 100 1
20 108 1
20 110 1
20 114 1
20 115 1
20 131 1
20 140 1
20 145 1
20 148 1
20 178 1
21 25 1
21 26 1
21 34 1
21 39 1
21 72 1
21 87 1
21 90 1
21 107 1
21 129 1
21 132 1
21 136 1
21 140 1
21 142 1
21 158 1
21 171 1
21 178 1
21 181 1
21 198 1
22 43 1
22 54 1
22 55 1
22 58 1
22 68 1
22 74 1
22 77 1
22 78 1
22 82 1
22 85 1
22 94 1
22 95 1
22 99 1
22 116 1
22 135 1
22 142 1
22 153 1
22 165 1
22 181 1
22 185 1
22 199 1
23 37 1
23 40 1
23 43 1
23 61 1
23 64 1
23 75 1
23 115 1
23 116 1
23 130 1
23 139 1
23 140 1
23 148 1
23 150 1
23 179 1
23 181 1
23 182 1
23 186 1
24 32 1
24 36 1
24 55 1
24 67 1
24 89 1
24 106 1
24 112 1
24 123 1
24 142 1
24 150 1
24 185 1
24 193 1
24 194 1
25 37 1
25 38 1
25 41 1
25 84 1
25 93 1
25 95 1
25 106 1
25 124 1
25 128 1
25 129 1
25 130 1
25 140 1
25 144 1
25 146 1
25 151 1
25 152 1
25 163 1
25 177 1
25 184 1
26 53 1
26 55 1
26 57 1
26 60 1
26 68 1
26 105 1
26 113 1
26 115 1
26 117 1
26 119 1
26 131 1
26 163 1
26 171 1
26 174 1
26 175 1
26 185 1
26 189 1
26 190 1
26 191 1
27 28 1
27 34 1
27 35 1
27 37 1
27 69 1
27 87 1
27 96 1
27 101 1
27 113 1
27 120 1
27 151 1
27 176 1
27 183 1
27 189 1
27 192 1
27 193 1
27 194 1
27 198 1
28 39 1
28 57 1
28 59 1
28 72 1
28 77 1
28 81 1
28 84 1
28 85 1
28 94 1
28 98 1
28 114 1
28 122 1
28 123 1
28 128 1
28 130 1
28 131 1
28 132 1
28 133 1
28 136 1
28 141 1
28 144 1
28 146 1
28 161 1
28 165 1
28 166 1
28 169 1
28 191 1
29 34 1
29 37 1
29 40 1
29 41 1
29 42 1
29 44 1
29 49 1
29 54 1
29 63 1
29 86 1
29 93 1
29 99 1
29 101 1
29 110 1
29 117 1
29 122 1
29 134 1
29 138 1
29 150 1
29 167 1
29 190 1
30 31 1
30 32 1
30 39 1
30 46 1
30 64 1
30 68 1
30 72 1
30 77 1
30 88 1
30 94 1
30 98 1
30 106 1
30 113 1
30 118 1
30 131 1
30 133 1
30 140 1
30 155 1
30 177 1
30 180 1
30 184 1
30 188 1
30 199 1
31 37 1
31 55 1
31 71 1
31 84 1
31 88 1
31 95 1
31 103 1
31 131 1
31 133 1
31 135 1
31 136 1
31 166 1
31 197 1
31 199 1
32 40 1
32 44 1
32 55 1
32 56 1
32 59 1
32 97 1
32 104 1
32 106 1
32 124 1
32 126 1
32 130 1
32 139 1
32 143 1
32 149 1
32 156 1
32 157 1
32 166 1
32 184 1
32 191 1
32 192 1
32 193 1
32 197 1
33 46 1
33 53 1
33 83 1
33 84 1
33 87 1
33 88 1
33 91 1
33 103 1
33 106 1
33 119 1
33 120 1
33 131 1
33 132 1
33 141 1
33 150 1
33 174 1
33 180 1
33 192 1
33 195 1
33 196 1
34 58 1
34 63 1
34 64 1
34 96 1
34 101 1
34 104 1
34 107 1
34 123 1
34 128 1
34 130 1
34 132 1
34 160 1
35 49 1
35 55 1
35 67 1
35 75 1
35 77 1
35 87 1
35 88 1
35 93 1
35 95 1
35 96 1
35 99 1
35 113 1
35 115 1
35 124 1
35 138 1
35 141 1
35 151 1
35 158 1
35 164 1
35 185 1
35 194 1
36 68 1
36 77 1
36 85 1
36 102 1
36 110 1
36 132 1
36 151 1
36 152 1
36 156 1
36 159 1
36 178 1
36 193 1
36 198 1
37 54 1
37 57 1
37 65 1
37 72 1
37 84 1
37 88 1
37 90 1
37 94 1
37 98 1
37 99 1
37 102 1
37 103 1
37 124 1
37 138 1
37 180 1
37 183 1
37 195 1
38 39 1
38 69 1
38 70 1
38 74 1
38 85 1
38 93 1
38 105 1
38 124 1
38 132 1
38 136 1
38 147 1
38 162 1
38 163 1
38 181 1
38 185 1
39 54 1
39 57 1
39 59 1
39 71 1
39 77 1
39 93 1
39 102 1
39 109 1
39 110 1
39 111 1
39 129 1
39 132 1
39 140 1
39 160 1
39 166 1
39 172 1
39 188 1
39 193 1
40 46 1
40 57 1
40 59 1
40 64 1
40 77 1
40 82 1
40 89 1
40 96 1
40 100 1
40 112 1
40 114 1
40 116 1
40 120 1
40 174 1
40 187 1
40 195 1
40 198 1
41 51 1
41 56 1
41 86 1
41 89 1
41 162 1
41 163 1
41 178 1
42 69 1
42 93 1
42 95 1
42 96 1
42 98 1
42 108 1
42 114 1
42 134 1
42 135 1
42 150 1
42 162 1
42 166 1
42 171 1
42 172 1
42 176 1
42 179 1
42 189 1
43 45 1
43 48 1
43 67 1
43 72 1
43 77 1
43 85 1
43 86 1
43 90 1
43 91 1
43 101 1
43 111 1
43 122 1
43 125 1
43 131 1
43 152 1
43 155 1
43 170 1
43 175 1
43 191 1
44 48 1
44 55 1
44 63 1
44 88 1
44 110 1
44 114 1
44 117 1
44 154 1
44 166 1
44 179 1
44 190 1
45 56 1
45 74 1
45 87 1
45 106 1
45 108 1
45 119 1
45 133 1
45 138 1
45 161 1
45 168 1
45 169 1
45 170 1
45 185 1
45 187 1
45 188 1
46 50 1
46 69 1
46 78 1
46 79 1
46 118 1
46 143 1
46 149 1
46 158 1
46 163 1
46 164 1
46 170 1
46 180 1
46 184 1
46 188 1
47 48 1
47 55 1
47 57 1
47 58 1
47 61 1
47 68 1
47 71 1
47 72 1
47 82 1
47 83 1
47 100 1
47 144 1
47 147 1
47 148 1
47 155 1
47 166 1
47 170 1
47 174 1
47 177 1
47 182 1
47 192 1
47 194 1
48 53 1
48 57 1
48 67 1
48 80 1
48 82 1
48 84 1
48 92 1
48 93 1
48 95 1
48 102 1
48 112 1
48 114 1
48 123 1
48 144 1
48 159 1
48 186 1
48 189 1
49 52 1
49 69 1
49 86 1
49 128 1
49 141 1
49 144 1
49 153 1
49 170 1
49 172 1
49 192 1
50 59 1
50 62 1
50 78 1
50 79 1
50 90 1
50 94 1
50 137 1
50 149 1
50 153 1
50 156 1
50 196 1
50 198 1
51 52 1
51 91 1
51 93 1
51 110 1
51 114 1
51 117 1
51 128 1
51 135 1
51 138 1
51 156 1
51 157 1
51 160 1
51 162 1
51 169 1
51 180 1
51 194 1
52 67 1
52 86 1
52 95 1
52 96 1
52 100 1
52 104 1
52 109 1
52 110 1
52 116 1
52 120 1
52 129 1
52 154 1
52 172 1
52 175 1
52 178 1
52 182 1
52 183 1
52 188 1
53 58 1
53 61 1
53 70 1
53 73 1
53 76 1
53 84 1
53 98 1
53 112 1
53 113 1
53 129 1
53 135 1
53 142 1
53 156 1
53 162 1
53 163 1
53 172 1
53 186 1
53 192 1
53 194 1
53 195 1
54 59 1
54 69 1
54 74 1
54 82 1
54 85 1
54 122 1
54 143 1
54 147 1
54 153 1
54 170 1
54 173 1
54 181 1
54 183 1
55 57 1
55 62 1
55 64 1
55 80 1
55 101 1
55 110 1
55 116 1
55 117 1
55 131 1
55 134 1
55 135 1
55 165 1
55 173 1
55 191 1
55 193 1
56 67 1
56 72 1
56 75 1
56 78 1
56 83 1
56 84 1
56 90 1
56 94 1
56 102 1
56 117 1
56 120 1
56 127 1
56 146 1
56 148 1
56 161 1
56 169 1
56 180 1
57 65 1
57 78 1
57 84 1
57 98 1
57 99 1
57 106 1
57 110 1
57 113 1
57 120 1
57 124 1
57 141 1
57 146 1
57 156 1
57 185 1
57 193 1
58 71 1
58 96 1
58 104 1
58 111 1
58 160 1
58 179 1
59 61 1
59 83 1
59 88 1
59 109 1
59 120 1
59 130 1
59 133 1
59 136 1
59 137 1
59 138 1
59 140 1
59 144 1
59 167 1
59 171 1
59 178 1
59 185 1
59 198 1
60 66 1
60 79 1
60 83 1
60 87 1
60 90 1
60 91 1
60 99 1
60 103 1
60 104 1
60 106 1
60 137 1
60 151 1
60 154 1
60 161 1
60 170 1
60 174 1
60 184 1
60 190 1
60 199 1
61 67 1
61 94 1
61 99 1
61 105 1
61 108 1
61 110 1
61 115 1
61 121 1
61 123 1
61 131 1
61 143 1
61 153 1
61 154 1
61 172 1
61 174 1
61 183 1
61 189 1
62 68 1
62 73 1
62 75 1
62 114 1
62 131 1
62 132 1
62 142 1
62 171 1
62 174 1
62 189 1
63 105 1
63 109 1
63 110 1
63 134 1
63 149 1
63 153 1
63 155 1
63 161 1
63 163 1
63 169 1
63 178 1
63 184 1
63 190 1
63 198 1
64 67 1
64 68 1
64 75 1
64 84 1
64 110 1
64 125 1
64 128 1
64 130 1
64 144 1
64 146 1
64 156 1
64 175 1
64 195 1
65 66 1
65 69 1
65 74 1
65 80 1
65 85 1
65 87 1
65 99 1
65 111 1
65 124 1
65 132 1
65 150 1
65 176 1
65 189 1
65 190 1
66 67 1
66 69 1
66 72 1
66 85 1
66 88 1
66 100 1
66 110 1
66 119 1
66 127 1
66 131 1
66 142 1
66 145 1
66 146 1
66 158 1
66 161 1
67 69 1
67 82 1
67 111 1
67 122 1
67 127 1
67 140 1
67 142 1
67 149 1
67 158 1
67 162 1
67 167 1
67 173 1
67 181 1
67 196 1
67 197 1
68 78 1
68 83 1
68 95 1
68 107 1
68 115 1
68 121 1
68 125 1
68 130 1
68 149 1
68 182 1
68 185 1
68 188 1
68 196 1
69 70 1
69 72 1
69 91 1
69 101 1
69 106 1
69 124 1
69 128 1
69 135 1
69 143 1
69 147 1
69 151 1
69 157 1
69 164 1
69 174 1
69 177 1
69 179 1
69 184 1
69 188 1
69 189 1
70 71 1
70 75 1
70 81 1
70 87 1
70 93 1
70 110 1
70 120 1
70 137 1
70 156 1
70 161 1
70 168 1
70 170 1
70 199 1
71 75 1
71 86 1
71 94 1
71 97 1
71 105 1
71 110 1
71 118 1
71 124 1
71 136 1
71 140 1
71 141 1
71 157 1
71 167 1
71 179 1
71 199 1
72 73 1
72 87 1
72 93 1
72 106 1
72 114 1
72 119 1
72 135 1
72 139 1
72 143 1
72 173 1
72 179 1
72 190 1
72 192 1
72 195 1
73 106 1
73 113 1
73 117 1
73 121 1
73 126 1
73 127 1
73 140 1
73 146 1
73 147 1
73 149 1
73 153 1
73 156 1
73 160 1
73 172 1
73 175 1
73 192 1
74 80 1
74 115 1
74 123 1
74 126 1
74 129 1
74 149 1
74 151 1
74 155 1
74 184 1
75 126 1
75 148 1
75 157 1
75 173 1
75 196 1
75 199 1
76 88 1
76 90 1
76 101 1
76 141 1
76 164 1
76 165 1
76 178 1
76 184 1
76 187 1
76 188 1
76 192 1
76 195 1
77 84 1
77 102 1
77 103 1
77 110 1
77 136 1
77 184 1
77 185 1
77 188 1
77 190 1
77 198 1
77 199 1
78 103 1
78 112 1
78 116 1
78 123 1
78 145 1
78 146 1
78 166 1
78 170 1
78 188 1
78 193 1
79 84 1
79 103 1
79 105 1
79 113 1
79 115 1
79 128 1
79 139 1
79 149 1
79 154 1
79 162 1
79 179 1
79 181 1
79 189 1
80 82 1
80 87 1
80 99 1
80 118 1
80 120 1
80 131 1
80 136 1
80 139 1
80 153 1
80 171 1
80 181 1
80 186 1
81 92 1
81 100 1
81 108 1
81 117 1
81 124 1
81 125 1
81 129 1
81 150 1
81 172 1
81 179 1
81 181 1
81 184 1
81 190 1
81 194 1
82 97 1
82 100 1
82 102 1
82 103 1
82 107 1
82 108 1
82 110 1
82 117 1
82 118 1
82 127 1
82 144 1
82 161 1
82 163 1
82 170 1
82 173 1
82 199 1
83 89 1
83 97 1
83 105 1
83 112 1
83 113 1
83 118 1
83 119 1
83 150 1
83 165 1
83 188 1
84 91 1
84 108 1
84 111 1
84 113 1
84 126 1
84 138 1
84 140 1
84 155 1
84 159 1
84 169 1
84 177 1
84 180 1
84 182 1
85 91 1
85 106 1
85 110 1
85 124 1
85 125 1
85 129 1
85 157 1
85 163 1
85 168 1
85 179 1
85 184 1
85 185 1
85 187 1
85 197 1
86 93 1
86 98 1
86 101 1
86 108 1
86 111 1
86 113 1
86 114 1
86 123 1
86 126 1
86 145 1
86 151 1
86 153 1
86 156 1
86 167 1
86 193 1
87 89 1
87 100 1
87 105 1
87 111 1
87 116 1
87 119 1
87 124 1
87 125 1
87 136 1
87 141 1
87 160 1
87 162 1
87 185 1
87 189 1
87 190 1
87 194 1
87 199 1
88 93 1
88 105 1
88 122 1
88 123 1
88 135 1
88 149 1
88 153 1
88 163 1
88 164 1
88 169 1
88 170 1
88 174 1
88 184 1
88 195 1
89 101 1
89 110 1
89 117 1
89 118 1
89 127 1
89 138 1
89 146 1
89 147 1
89 157 1
89 160 1
89 163 1
89 166 1
89 172 1
89 178 1
89 184 1
89 187 1
89 195 1
89 198 1
90 93 1
90 107 1
90 122 1
90 157 1
90 172 1
90 178 1
90 179 1
90 185 1
90 191 1
90 194 1
90 196 1
90 197 1
91 120 1
91 124 1
91 125 1
91 143 1
91 146 1
91 172 1
91 177 1
91 185 1
92 101 1
92 110 1
92 124 1
92 132 1
92 133 1
92 138 1
92 145 1
92 150 1
92 159 1
92 160 1
92 165 1
92 170 1
92 179 1
92 195 1
93 97 1
93 100 1
93 116 1
93 155 1
93 159 1
93 176 1
93 185 1
93 199 1
94 98 1
94 107 1
94 111 1
94 114 1
94 126 1
94 139 1
94 143 1
94 149 1
94 151 1
94 156 1
94 164 1
94 186 1
94 190 1
94 192 1
94 198 1
95 99 1
95 100 1
95 108 1
95 120 1
95 121 1
95 122 1
95 129 1
95 132 1
95 143 1
95 148 1
95 152 1
95 167 1
95 168 1
95 171 1
95 184 1
95 187 1
96 99 1
96 108 1
96 109 1
96 119 1
96 125 1
96 131 1
96 138 1
96 140 1
96 144 1
96 156 1
96 180 1
97 114 1
97 120 1
97 121 1
97 123 1
97 125 1
97 126 1
97 135 1
97 137 1
97 148 1
97 157 1
97 166 1
97 179 1
97 182 1
97 184 1
98 132 1
98 139 1
98 146 1
98 153 1
98 166 1
98 170 1
98 194 1
99 116 1
99 131 1
99 132 1
99 134 1
99 137 1
99 139 1
99 140 1
99 143 1
99 155 1
99 169 1
99 174 1
99 180 1
99 189 1
100 107 1
100 149 1
100 150 1
100 152 1
100 167 1
100 176 1
101 104 1
101 129 1
101 143 1
101 153 1
101 158 1
101 166 1
101 171 1
101 184 1
101 194 1
102 108 1
102 109 1
102 128 1
102 137 1
102 138 1
102 140 1
102 149 1
102 153 1
102 185 1
102 197 1
103 111 1
103 114 1
103 119 1
103 126 1
103 127 1
103 128 1
103 132 1
103 138 1
103 141 1
103 146 1
103 162 1
103 164 1
103 167 1
103 182 1
103 194 1
104 106 1
104 108 1
104 117 1
104 126 1
104 133 1
104 138 1
104 146 1
104 153 1
104 156 1
104 166 1
104 168 1
104 176 1
104 179 1
104 183 1
104 185 1
105 111 1
105 149 1
105 150 1
105 173 1
105 176 1
105 190 1
105 196 1
106 109 1
106 110 1
106 130 1
106 139 1
106 150 1
106 152 1
106 154 1
106 167 1
106 169 1
107 110 1
107 111 1
107 112 1
107 132 1
107 148 1
107 156 1
107 162 1
107 163 1
107 184 1
107 193 1
107 198 1
108 112 1
108 124 1
108 128 1
108 129 1
108 130 1
108 133 1
108 151 1
108 161 1
108 194 1
109 111 1
109 114 1
109 123 1
109 124 1
109 134 1
109 136 1
109 149 1
109 158 1
109 168 1
109 189 1
109 197 1
110 111 1
110 128 1
110 137 1
110 138 1
110 142 1
110 150 1
110 159 1
110 167 1
111 114 1
111 130 1
111 163 1
111 164 1
111 169 1
111 183 1
111 192 1
112 132 1
112 136 1
112 159 1
112 161 1
112 188 1
113 118 1
113 124 1
113 134 1
113 144 1
113 147 1
113 153 1
113 179 1
113 193 1
113 195 1
113 199 1
114 126 1
114 135 1
114 146 1
114 150 1
114 154 1
114 170 1
114 172 1
114 178 1
114 188 1
114 196 1
115 155 1
115 172 1
115 187 1
115 191 1
115 192 1
115 194 1
116 119 1
116 120 1
116 122 1
116 125 1
116 127 1
116 130 1
116 132 1
116 136 1
116 142 1
116 147 1
116 148 1
116 161 1
116 164 1
116 170 1
116 180 1
116 187 1
116 193 1
116 199 1
117 128 1
117 132 1
117 137 1
117 150 1
117 167 1
117 185 1
117 195 1
118 125 1
118 126 1
118 140 1
118 144 1
118 154 1
118 164 1
118 177 1
118 181 1
118 193 1
119 123 1
119 135 1
119 147 1
119 151 1
119 167 1
119 180 1
119 189 1
119 195 1
119 196 1
119 197 1
119 199 1
120 127 1
120 130 1
120 134 1
120 152 1
120 171 1
120 177 1
120 190 1
120 194 1
120 196 1
121 127 1
121 148 1
121 152 1
121 153 1
121 158 1
121 183 1
121 194 1
122 128 1
122 129 1
122 131 1
122 132 1
122 148 1
122 153 1
122 166 1
122 187 1
122 197 1
123 124 1
123 128 1
123 141 1
123 157 1
123 159 1
123 160 1
123 172 1
123 182 1
123 197 1
124 128 1
124 142 1
124 144 1
124 148 1
124 156 1
124 161 1
124 173 1
124 176 1
124 179 1
124 190 1
124 191 1
125 128 1
125 150 1
125 174 1
125 182 1
125 186 1
126 127 1
126 135 1
126 144 1
126 152 1
126 179 1
126 183 1
126 185 1
127 129 1
127 131 1
127 132 1
127 133 1
127 166 1
127 173 1
127 178 1
127 180 1
127 184 1
127 189 1
127 191 1
128 133 1
128 138 1
128 141 1
128 142 1
128 160 1
128 171 1
128 172 1
128 173 1
128 175 1
129 131 1
129 151 1
129 154 1
129 158 1
129 170 1
129 192 1
130 138 1
130 140 1
130 147 1
130 151 1
130 179 1
131 134 1
131 152 1
131 160 1
131 165 1
131 170 1
131 185 1
132 137 1
132 173 1
132 189 1
133 169 1
133 176 1
133 178 1
133 186 1
133 192 1
134 140 1
134 141 1
134 149 1
134 150 1
134 155 1
134 164 1
134 167 1
134 183 1
134 196 1
135 154 1
135 173 1
135 196 1
136 146 1
136 169 1
136 177 1
136 183 1
136 188 1
136 190 1
136 196 1
137 146 1
137 157 1
137 168 1
137 169 1
137 188 1
137 193 1
137 195 1
138 148 1
138 152 1
138 160 1
138 168 1
138 175 1
138 181 1
138 184 1
138 193 1
138 196 1
139 157 1
139 163 1
139 171 1
139 177 1
139 178 1
139 187 1
139 194 1
139 195 1
140 151 1
140 158 1
140 163 1
140 164 1
141 154 1
141 163 1
141 170 1
141 190 1
141 194 1
142 149 1
142 158 1
142 189 1
142 193 1
142 197 1
143 159 1
143 166 1
143 167 1
143 180 1
143 186 1
143 188 1
144 146 1
144 148 1
144 156 1
144 161 1
144 178 1
144 181 1
145 159 1
145 162 1
145 173 1
145 178 1
145 184 1
145 185 1
145 195 1
145 197 1
145 198 1
146 165 1
146 192 1
147 151 1
147 153 1
147 159 1
147 177 1
147 197 1
147 199 1
148 155 1
148 157 1
148 158 1
148 171 1
148 178 1
148 182 1
149 151 1
149 166 1
149 168 1
149 174 1
149 193 1
150 170 1
150 171 1
150 183 1
150 192 1
150 193 1
151 175 1
152 153 1
152 158 1
152 161 1
152 176 1
152 177 1
152 181 1
152 185 1
152 190 1
152 198 1
153 154 1
153 166 1
153 168 1
153 175 1
153 177 1
153 183 1
154 163 1
154 177 1
154 197 1
155 169 1
155 191 1
155 194 1
155 196 1
156 169 1
156 175 1
156 180 1
156 186 1
156 195 1
157 161 1
157 172 1
157 173 1
157 179 1
157 180 1
157 196 1
157 198 1
158 159 1
158 161 1
159 163 1
159 179 1
159 182 1
159 189 1
159 190 1
159 192 1
159 199 1
160 172 1
160 177 1
160 180 1
160 186 1
160 194 1
160 198 1
161 184 1
161 198 1
162 168 1
163 164 1
163 171 1
163 183 1
163 187 1
164 186 1
165 178 1
165 180 1
166 168 1
166 174 1
166 186 1
167 168 1
167 177 1
167 178 1
167 181 1
167 184 1
167 189 1
167 196 1
168 170 1
168 176 1
168 188 1
168 191 1
168 194 1
168 196 1
169 171 1
169 174 1
169 177 1
169 192 1
169 197 1
171 181 1
171 193 1
172 181 1
172 182 1
172 186 1
173 193 1
174 183 1
175 176 1
175 177 1
175 186 1
176 182 1
176 186 1
177 182 1
177 188 1
177 193 1
178 180 1
178 188 1
178 193 1
179 192 1
179 193 1
180 192 1
180 198 1
181 184 1
182 193 1
182 196 1
183 198 1
184 193 1
185 188 1
186 187 1
186 197 1
187 196 1
188 190 1
188 192 1
188 198 1
191 194 1
1
94 107 166 100 92 60 64 72 47 134 39 6 22 41 62 130 177 199 136 135
