600
0 5 1
0 18 1
0 21 1
0 24 1
0 25 1
0 30 1
0 43 1
0 44 1
0 48 1
0 54 1
0 57 1
0 62 1
1 5 1
1 6 1
1 7 1
1 8 1
1 14 1
1 19 1
1 21 1
1 25 1
1 26 1
1 27 1
1 39 1
1 40 1
1 50 1
1 52 1
1 65 1
2 5 1
2 6 1
2 9 1
2 13 1
2 17 1
2 21 1
2 23 1
2 25 1
2 26 1
2 34 1
2 37 1
2 39 1
2 43 1
2 45 1
2 49 1
2 51 1
2 53 1
2 58 1
2 65 1
2 66 1
3 4 1
3 6 1
3 7 1
3 8 1
3 9 1
3 15 1
3 18 1
3 36 1
3 38 1
3 46 1
3 51 1
3 60 1
3 61 1
3 63 1
4 5 1
4 10 1
4 11 1
4 15 1
4 16 1
4 20 1
4 24 1
4 33 1
4 34 1
4 36 1
4 47 1
4 50 1
4 51 1
4 54 1
4 55 1
4 59 1
5 6 1
5 11 1
5 17 1
5 20 1
5 28 1
5 39 1
5 43 1
5 46 1
5 47 1
5 48 1
5 49 1
5 50 1
5 52 1
5 57 1
5 58 1
5 59 1
5 60 1
5 64 1
5 65 1
5 69 1
6 7 1
6 8 1
6 23 1
6 24 1
6 26 1
6 27 1
6 29 1
6 31 1
6 33 1
6 37 1
6 38 1
6 53 1
6 54 1
6 62 1
6 68 1
6 69 1
7 8 1
7 13 1
7 27 1
7 33 1
7 38 1
7 41 1
7 43 1
7 51 1
7 56 1
7 60 1
7 62 1
7 65 1
7 66 1
8 9 1
8 16 1
8 21 1
8 25 1
8 34 1
8 38 1
8 39 1
8 40 1
8 41 1
8 42 1
8 48 1
8 52 1
8 53 1
8 54 1
8 55 1
8 64 1
8 66 1
8 67 1
9 11 1
9 12 1
9 13 1
9 38 1
9 42 1
9 43 1
9 46 1
9 47 1
9 57 1
9 58 1
9 61 1
9 64 1
9 69 1
10 13 1
10 18 1
10 22 1
10 24 1
10 26 1
10 29 1
10 30 1
10 42 1
10 48 1
10 49 1
10 53 1
10 55 1
10 56 1
10 59 1
11 18 1
11 32 1
11 33 1
11 35 1
11 37 1
11 38 1
11 40 1
11 42 1
11 47 1
11 54 1
11 58 1
11 59 1
12 13 1
12 19 1
12 23 1
12 25 1
12 35 1
12 37 1
12 38 1
12 39 1
12 41 1
12 43 1
12 44 1
12 45 1
12 48 1
12 54 1
12 57 1
12 59 1
12 68 1
13 17 1
13 20 1
13 29 1
13 35 1
13 37 1
13 39 1
13 41 1
13 45 1
13 47 1
13 49 1
13 65 1
13 68 1
13 69 1
14 22 1
14 24 1
14 28 1
14 35 1
14 36 1
14 37 1
14 42 1
14 66 1
15 20 1
15 22 1
15 27 1
15 34 1
15 37 1
15 41 1
15 44 1
15 49 1
15 58 1
15 60 1
15 62 1
15 63 1
15 64 1
15 65 1
15 66 1
15 68 1
16 17 1
16 21 1
16 22 1
16 23 1
16 25 1
16 33 1
16 34 1
16 38 1
16 41 1
16 47 1
16 49 1
16 53 1
16 56 1
16 57 1
16 60 1
16 62 1
17 21 1
17 23 1
17 25 1
17 28 1
17 39 1
17 48 1
17 51 1
17 52 1
17 57 1
17 58 1
17 59 1
17 60 1
17 65 1
17 67 1
18 20 1
18 21 1
18 30 1
18 31 1
18 36 1
18 37 1
18 42 1
18 45 1
19 20 1
19 25 1
19 27 1
19 29 1
19 36 1
19 37 1
19 44 1
19 50 1
19 57 1
19 58 1
19 60 1
19 67 1
20 21 1
20 22 1
20 27 1
20 33 1
20 39 1
20 43 1
20 48 1
20 55 1
20 56 1
20 57 1
20 60 1
20 62 1
20 63 1
20 68 1
21 23 1
21 24 1
21 26 1
21 32 1
21 35 1
21 37 1
21 38 1
21 39 1
21 43 1
21 53 1
21 58 1
22 24 1
22 25 1
22 29 1
22 34 1
22 39 1
22 40 1
22 45 1
22 49 1
22 50 1
22 55 1
22 62 1
22 67 1
23 24 1
23 26 1
23 32 1
23 33 1
23 38 1
23 43 1
23 45 1
23 46 1
23 56 1
23 58 1
23 61 1
23 64 1
23 69 1
24 25 1
24 26 1
24 30 1
24 38 1
24 40 1
24 47 1
24 50 1
24 52 1
24 54 1
24 55 1
24 56 1
24 68 1
24 69 1
25 26 1
25 29 1
25 39 1
25 44 1
25 50 1
25 52 1
25 55 1
25 57 1
25 60 1
25 62 1
25 63 1
25 68 1
26 28 1
26 29 1
26 33 1
26 40 1
26 45 1
26 53 1
26 55 1
26 56 1
26 62 1
26 63 1
26 65 1
27 32 1
27 39 1
27 50 1
27 51 1
27 57 1
27 68 1
28 32 1
28 36 1
28 37 1
28 44 1
28 46 1
28 60 1
28 63 1
28 67 1
29 32 1
29 33 1
29 36 1
29 40 1
29 41 1
29 43 1
29 47 1
29 55 1
29 56 1
29 62 1
29 63 1
29 64 1
29 65 1
29 66 1
30 35 1
30 37 1
30 40 1
30 52 1
30 53 1
30 54 1
30 56 1
30 57 1
30 68 1
31 41 1
31 42 1
31 46 1
31 48 1
31 53 1
31 58 1
31 60 1
31 66 1
31 68 1
32 34 1
32 40 1
32 44 1
32 46 1
32 50 1
32 51 1
32 52 1
32 57 1
32 64 1
32 67 1
33 35 1
33 40 1
33 43 1
33 47 1
33 50 1
33 54 1
33 65 1
33 66 1
33 68 1
33 69 1
34 37 1
34 39 1
34 42 1
34 48 1
34 53 1
34 54 1
34 57 1
34 58 1
34 59 1
34 63 1
34 64 1
35 36 1
35 37 1
35 44 1
35 49 1
35 52 1
35 56 1
35 57 1
35 59 1
35 62 1
35 66 1
35 67 1
36 53 1
36 54 1
36 57 1
36 62 1
37 40 1
37 46 1
37 47 1
37 50 1
37 56 1
37 60 1
37 64 1
37 65 1
38 39 1
38 41 1
38 46 1
38 51 1
38 53 1
38 54 1
38 56 1
38 57 1
38 58 1
38 62 1
38 63 1
39 42 1
39 43 1
39 44 1
39 46 1
39 51 1
39 66 1
39 67 1
39 68 1
40 44 1
40 48 1
40 58 1
40 59 1
40 60 1
40 64 1
41 42 1
41 45 1
41 52 1
41 57 1
41 62 1
42 46 1
42 55 1
42 58 1
42 63 1
42 69 1
43 44 1
43 49 1
43 53 1
43 54 1
43 56 1
43 61 1
43 65 1
43 66 1
44 45 1
44 46 1
44 47 1
44 49 1
44 51 1
44 53 1
44 61 1
45 49 1
45 54 1
45 57 1
45 61 1
45 62 1
45 63 1
45 67 1
46 49 1
46 53 1
46 55 1
46 56 1
46 57 1
46 60 1
48 53 1
48 54 1
48 56 1
48 60 1
48 65 1
49 50 1
49 51 1
49 55 1
49 58 1
49 60 1
49 63 1
49 69 1
50 55 1
50 59 1
50 61 1
50 68 1
51 52 1
51 53 1
51 58 1
51 59 1
51 62 1
51 64 1
52 53 1
52 60 1
52 63 1
52 67 1
52 68 1
53 56 1
53 58 1
53 64 1
54 66 1
54 68 1
55 56 1
55 57 1
55 66 1
56 66 1
56 69 1
57 58 1
57 60 1
57 62 1
57 63 1
57 64 1
57 68 1
57 69 1
58 62 1
59 61 1
59 64 1
59 65 1
59 69 1
60 61 1
60 65 1
61 64 1
61 67 1
62 67 1
63 64 1
63 68 1
64 65 1
64 67 1
64 69 1
65 66 1
65 67 1
66 68 1
66 69 1
68 69 1
1
53 43 42 60 19 22 57
