1487
0 36 1
0 37 1
0 38 1
0 44 1
0 60 1
0 67 1
0 91 1
0 98 1
0 112 1
0 113 1
0 146 1
1 9 1
1 10 1
1 29 1
1 30 1
1 31 1
1 46 1
1 51 1
1 52 1
1 58 1
1 60 1
1 69 1
1 79 1
1 89 1
1 90 1
1 95 1
1 97 1
1 101 1
1 115 1
1 117 1
1 128 1
2 8 1
2 16 1
2 29 1
2 37 1
2 41 1
2 50 1
2 59 1
2 74 1
2 76 1
2 78 1
2 79 1
2 84 1
2 87 1
2 105 1
2 115 1
2 116 1
2 125 1
2 127 1
2 135 1
2 137 1
2 140 1
2 144 1
3 14 1
3 20 1
3 29 1
3 43 1
3 45 1
3 56 1
3 62 1
3 68 1
3 84 1
3 92 1
3 102 1
3 103 1
3 109 1
3 113 1
3 114 1
3 116 1
3 120 1
3 129 1
3 135 1
3 138 1
4 7 1
4 17 1
4 22 1
4 26 1
4 43 1
4 52 1
4 71 1
4 77 1
4 93 1
4 98 1
4 104 1
4 116 1
4 118 1
4 124 1
4 132 1
4 139 1
4 140 1
4 146 1
5 6 1
5 9 1
5 13 1
5 24 1
5 27 1
5 29 1
5 51 1
5 54 1
5 56 1
5 73 1
5 92 1
5 101 1
5 102 1
5 103 1
5 109 1
5 114 1
5 115 1
5 116 1
5 122 1
5 135 1
5 139 1
5 146 1
6 12 1
6 17 1
6 25 1
6 27 1
6 28 1
6 29 1
6 32 1
6 36 1
6 52 1
6 54 1
6 60 1
6 67 1
6 91 1
6 101 1
6 102 1
6 108 1
6 117 1
6 129 1
6 134 1
6 144 1
7 19 1
7 33 1
7 35 1
7 37 1
7 40 1
7 42 1
7 51 1
7 61 1
7 91 1
7 94 1
7 96 1
7 103 1
7 110 1
7 119 1
7 123 1
7 125 1
7 126 1
7 128 1
7 133 1
7 146 1
8 21 1
8 24 1
8 31 1
8 37 1
8 39 1
8 40 1
8 49 1
8 59 1
8 63 1
8 75 1
8 85 1
8 100 1
8 113 1
8 133 1
9 17 1
9 20 1
9 22 1
9 28 1
9 30 1
9 44 1
9 51 1
9 54 1
9 55 1
9 59 1
9 62 1
9 63 1
9 68 1
9 78 1
9 79 1
9 87 1
9 90 1
9 97 1
9 116 1
9 119 1
9 120 1
9 126 1
9 136 1
9 141 1
9 142 1
9 149 1
10 17 1
10 21 1
10 33 1
10 35 1
10 53 1
10 66 1
10 74 1
10 77 1
10 80 1
10 91 1
10 103 1
10 104 1
10 107 1
10 112 1
10 114 1
10 123 1
10 132 1
10 137 1
10 140 1
10 142 1
10 149 1
11 27 1
11 40 1
11 59 1
11 64 1
11 74 1
11 76 1
11 110 1
11 118 1
11 128 1
11 138 1
12 23 1
12 32 1
12 73 1
12 75 1
12 82 1
12 92 1
12 99 1
12 118 1
12 122 1
12 123 1
12 125 1
12 128 1
12 131 1
12 137 1
12 140 1
12 142 1
12 147 1
13 27 1
13 30 1
13 32 1
13 41 1
13 46 1
13 56 1
13 57 1
13 62 1
13 66 1
13 68 1
13 74 1
13 75 1
13 78 1
13 80 1
13 95 1
13 117 1
13 121 1
13 133 1
14 16 1
14 20 1
14 24 1
14 25 1
14 48 1
14 64 1
14 72 1
14 74 1
14 75 1
14 81 1
14 82 1
14 95 1
14 102 1
14 109 1
14 112 1
14 134 1
14 135 1
14 137 1
14 138 1
15 16 1
15 25 1
15 30 1
15 39 1
15 47 1
15 49 1
15 55 1
15 56 1
15 59 1
15 64 1
15 68 1
15 72 1
15 74 1
15 97 1
15 100 1
15 105 1
15 109 1
15 141 1
15 145 1
16 24 1
16 33 1
16 38 1
16 45 1
16 52 1
16 58 1
16 61 1
16 64 1
16 65 1
16 68 1
16 69 1
16 73 1
16 93 1
16 103 1
16 104 1
16 109 1
16 121 1
16 123 1
16 124 1
16 126 1
16 131 1
16 137 1
16 142 1
17 31 1
17 35 1
17 47 1
17 62 1
17 65 1
17 69 1
17 78 1
17 95 1
17 96 1
17 101 1
17 106 1
17 108 1
17 109 1
17 111 1
17 116 1
17 117 1
17 124 1
17 128 1
17 134 1
17 144 1
18 40 1
18 43 1
18 45 1
18 47 1
18 67 1
18 69 1
18 83 1
18 91 1
18 104 1
18 130 1
18 132 1
18 133 1
18 138 1
19 21 1
19 25 1
19 41 1
19 48 1
19 52 1
19 55 1
19 56 1
19 60 1
19 66 1
19 82 1
19 83 1
19 84 1
19 89 1
19 90 1
19 113 1
19 115 1
19 118 1
19 123 1
19 146 1
20 28 1
20 38 1
20 40 1
20 61 1
20 65 1
20 67 1
20 71 1
20 72 1
20 73 1
20 81 1
20 92 1
20 93 1
20 103 1
20 108 1
20 121 1
20 122 1
20 133 1
20 146 1
21 27 1
21 43 1
21 45 1
21 46 1
21 47 1
21 49 1
21 57 1
21 67 1
21 80 1
21 81 1
21 90 1
21 93 1
21 97 1
21 112 1
21 128 1
21 130 1
21 137 1
21 145 1
22 25 1
22 39 1
22 44 1
22 50 1
22 51 1
22 82 1
22 96 1
22 108 1
22 112 1
22 113 1
22 114 1
22 124 1
22 138 1
23 26 1
23 31 1
23 36 1
23 39 1
23 42 1
23 59 1
23 67 1
23 68 1
23 77 1
23 80 1
23 88 1
23 96 1
23 98 1
23 106 1
23 117 1
23 120 1
23 122 1
23 140 1
23 145 1
23 147 1
24 30 1
24 34 1
24 36 1
24 37 1
24 82 1
24 90 1
24 99 1
24 103 1
24 104 1
24 112 1
24 115 1
24 119 1
24 134 1
25 33 1
25 35 1
25 56 1
25 74 1
25 79 1
25 82 1
25 105 1
25 106 1
25 109 1
25 123 1
25 132 1
25 142 1
25 147 1
26 30 1
26 62 1
26 63 1
26 79 1
26 87 1
26 94 1
26 99 1
26 116 1
26 120 1
26 126 1
26 139 1
26 142 1
27 32 1
27 34 1
27 36 1
27 59 1
27 84 1
27 85 1
27 108 1
27 111 1
27 115 1
27 118 1
27 125 1
27 134 1
27 143 1
28 53 1
28 67 1
28 77 1
28 78 1
28 85 1
28 94 1
28 98 1
28 103 1
28 112 1
28 120 1
28 122 1
28 126 1
28 134 1
28 136 1
28 138 1
29 48 1
29 57 1
29 66 1
29 69 1
29 70 1
29 97 1
29 110 1
29 111 1
29 115 1
29 116 1
29 117 1
29 118 1
29 123 1
29 129 1
29 131 1
30 46 1
30 54 1
30 58 1
30 61 1
30 65 1
30 66 1
30 67 1
30 75 1
30 82 1
30 95 1
30 96 1
30 108 1
30 113 1
30 118 1
30 121 1
30 123 1
30 131 1
30 132 1
30 133 1
31 42 1
31 56 1
31 57 1
31 63 1
31 77 1
31 81 1
31 97 1
31 105 1
31 108 1
31 110 1
31 119 1
31 133 1
31 140 1
31 144 1
31 148 1
32 34 1
32 39 1
32 67 1
32 79 1
32 92 1
32 104 1
32 114 1
32 117 1
32 128 1
32 143 1
33 37 1
33 56 1
33 57 1
33 64 1
33 78 1
33 91 1
33 96 1
33 126 1
33 133 1
33 146 1
33 147 1
34 61 1
34 76 1
34 78 1
34 79 1
34 80 1
34 82 1
34 84 1
34 89 1
34 92 1
34 93 1
34 94 1
34 108 1
34 131 1
34 134 1
34 140 1
35 36 1
35 42 1
35 51 1
35 53 1
35 71 1
35 80 1
35 86 1
35 106 1
35 124 1
35 125 1
35 139 1
35 147 1
35 148 1
36 38 1
36 39 1
36 41 1
36 51 1
36 63 1
36 65 1
36 78 1
36 89 1
36 102 1
36 105 1
36 106 1
36 110 1
36 118 1
36 142 1
36 146 1
37 51 1
37 55 1
37 68 1
37 75 1
37 77 1
37 98 1
37 105 1
37 112 1
37 118 1
37 119 1
37 122 1
37 128 1
37 141 1
37 146 1
37 147 1
37 148 1
38 43 1
38 57 1
38 60 1
38 67 1
38 69 1
38 84 1
38 89 1
38 102 1
38 104 1
38 111 1
38 115 1
38 140 1
38 141 1
38 143 1
39 48 1
39 56 1
39 64 1
39 67 1
39 74 1
39 91 1
39 95 1
39 97 1
39 101 1
39 127 1
39 131 1
39 143 1
40 44 1
40 50 1
40 54 1
40 60 1
40 61 1
40 67 1
40 95 1
40 97 1
40 101 1
40 102 1
40 112 1
40 115 1
40 116 1
40 119 1
40 123 1
40 128 1
40 130 1
40 135 1
40 138 1
40 145 1
41 42 1
41 54 1
41 77 1
41 78 1
41 79 1
41 81 1
41 90 1
41 95 1
41 106 1
41 121 1
41 144 1
42 49 1
42 70 1
42 77 1
42 80 1
42 81 1
42 86 1
42 90 1
42 99 1
42 113 1
42 116 1
42 118 1
42 133 1
42 147 1
43 48 1
43 49 1
43 52 1
43 56 1
43 60 1
43 98 1
43 100 1
43 103 1
43 111 1
43 118 1
43 137 1
43 138 1
43 141 1
43 142 1
43 144 1
43 148 1
44 46 1
44 47 1
44 55 1
44 58 1
44 62 1
44 67 1
44 72 1
44 82 1
44 126 1
44 131 1
44 139 1
45 46 1
45 50 1
45 52 1
45 54 1
45 56 1
45 63 1
45 66 1
45 67 1
45 72 1
45 85 1
45 111 1
45 114 1
45 117 1
45 119 1
45 123 1
45 135 1
45 136 1
45 138 1
45 140 1
45 142 1
46 47 1
46 75 1
46 79 1
46 95 1
46 111 1
46 122 1
46 123 1
46 149 1
47 58 1
47 61 1
47 69 1
47 73 1
47 82 1
47 84 1
47 98 1
47 111 1
47 121 1
47 125 1
47 127 1
47 129 1
47 133 1
47 136 1
47 142 1
47 143 1
47 147 1
48 54 1
48 59 1
48 60 1
48 64 1
48 68 1
48 70 1
48 76 1
48 84 1
48 92 1
48 98 1
48 102 1
48 104 1
48 106 1
48 107 1
48 108 1
48 111 1
48 134 1
48 136 1
48 144 1
48 145 1
48 147 1
49 55 1
49 57 1
49 66 1
49 78 1
49 89 1
49 119 1
49 124 1
49 137 1
49 139 1
50 56 1
50 57 1
50 58 1
50 65 1
50 72 1
50 74 1
50 76 1
50 77 1
50 78 1
50 95 1
50 107 1
50 111 1
50 118 1
50 119 1
50 128 1
51 61 1
51 62 1
51 69 1
51 71 1
51 72 1
51 78 1
51 84 1
51 86 1
51 91 1
51 93 1
51 96 1
51 99 1
51 102 1
51 103 1
51 114 1
51 117 1
51 118 1
51 119 1
51 121 1
51 131 1
51 133 1
51 134 1
52 55 1
52 59 1
52 63 1
52 66 1
52 84 1
52 104 1
52 110 1
52 116 1
52 117 1
52 118 1
52 123 1
52 128 1
52 137 1
52 138 1
52 142 1
52 147 1
53 57 1
53 76 1
53 94 1
53 103 1
53 109 1
53 131 1
53 134 1
53 141 1
53 147 1
53 148 1
54 56 1
54 60 1
54 69 1
54 70 1
54 77 1
54 82 1
54 102 1
54 104 1
54 110 1
54 111 1
54 113 1
54 132 1
54 134 1
54 142 1
55 58 1
55 68 1
55 71 1
55 74 1
55 76 1
55 79 1
55 102 1
55 105 1
55 108 1
55 113 1
55 129 1
55 134 1
55 142 1
55 144 1
55 145 1
56 60 1
56 68 1
56 70 1
56 74 1
56 79 1
56 87 1
56 100 1
56 102 1
56 103 1
56 121 1
56 124 1
56 128 1
56 135 1
56 136 1
56 146 1
57 64 1
57 73 1
57 77 1
57 89 1
57 92 1
57 98 1
57 104 1
57 107 1
57 108 1
57 132 1
57 134 1
57 137 1
57 138 1
57 140 1
58 63 1
58 70 1
58 86 1
58 89 1
58 90 1
58 103 1
58 110 1
58 116 1
58 117 1
58 123 1
58 124 1
58 127 1
58 142 1
58 145 1
59 60 1
59 70 1
59 80 1
59 88 1
59 102 1
59 105 1
59 106 1
59 128 1
59 135 1
59 142 1
59 149 1
60 68 1
60 75 1
60 76 1
60 78 1
60 104 1
60 105 1
60 112 1
60 113 1
60 119 1
60 125 1
60 133 1
61 70 1
61 79 1
61 88 1
61 100 1
61 126 1
61 127 1
61 131 1
61 142 1
61 145 1
62 63 1
62 86 1
62 115 1
62 116 1
62 117 1
62 133 1
62 136 1
62 142 1
62 143 1
62 147 1
63 64 1
63 76 1
63 79 1
63 83 1
63 90 1
63 106 1
63 110 1
63 115 1
63 118 1
63 123 1
63 134 1
63 144 1
63 148 1
64 70 1
64 75 1
64 82 1
64 88 1
64 93 1
64 94 1
64 120 1
64 125 1
65 68 1
65 69 1
65 72 1
65 75 1
65 85 1
65 89 1
65 94 1
65 96 1
65 104 1
65 113 1
65 121 1
65 123 1
65 124 1
65 129 1
65 133 1
65 134 1
65 139 1
65 144 1
65 147 1
66 70 1
66 77 1
66 103 1
66 107 1
66 109 1
66 110 1
66 114 1
66 116 1
66 122 1
66 133 1
66 134 1
66 135 1
66 137 1
66 148 1
67 68 1
67 98 1
67 120 1
67 124 1
67 127 1
67 139 1
67 141 1
68 77 1
68 91 1
68 102 1
68 107 1
68 108 1
68 115 1
68 126 1
68 139 1
68 145 1
69 70 1
69 72 1
69 73 1
69 90 1
69 93 1
69 102 1
69 105 1
69 106 1
69 119 1
69 127 1
69 138 1
70 79 1
70 80 1
70 83 1
70 91 1
70 108 1
70 112 1
70 139 1
71 72 1
71 73 1
71 75 1
71 89 1
71 92 1
71 97 1
71 98 1
71 111 1
71 125 1
71 128 1
71 131 1
71 134 1
72 84 1
72 85 1
72 129 1
72 133 1
73 76 1
73 77 1
73 87 1
73 103 1
73 105 1
73 107 1
73 109 1
73 113 1
73 123 1
73 126 1
73 148 1
74 82 1
74 85 1
74 91 1
74 94 1
74 108 1
74 110 1
74 118 1
74 122 1
74 138 1
74 142 1
74 143 1
75 84 1
75 112 1
75 115 1
75 122 1
75 134 1
75 135 1
75 138 1
76 92 1
76 105 1
76 109 1
76 112 1
76 117 1
76 125 1
76 139 1
77 81 1
77 95 1
77 98 1
77 114 1
77 115 1
77 117 1
77 120 1
77 123 1
77 124 1
77 128 1
78 81 1
78 89 1
78 90 1
78 94 1
78 98 1
78 105 1
78 109 1
78 114 1
78 141 1
79 82 1
79 93 1
79 95 1
79 96 1
79 102 1
79 107 1
79 117 1
79 133 1
79 136 1
79 138 1
79 147 1
80 84 1
80 91 1
80 110 1
80 117 1
80 118 1
80 119 1
80 123 1
80 125 1
80 132 1
80 142 1
80 145 1
80 146 1
80 148 1
80 149 1
81 91 1
81 96 1
81 116 1
81 129 1
81 131 1
81 135 1
81 140 1
81 146 1
82 83 1
82 87 1
82 103 1
82 116 1
82 120 1
82 124 1
82 132 1
82 136 1
83 85 1
83 86 1
83 92 1
83 95 1
83 102 1
83 104 1
83 106 1
83 119 1
83 120 1
83 126 1
83 130 1
83 131 1
83 132 1
83 133 1
83 144 1
83 147 1
83 148 1
84 100 1
84 112 1
84 114 1
84 120 1
84 124 1
84 142 1
85 89 1
85 93 1
85 112 1
85 113 1
86 87 1
86 110 1
86 130 1
86 131 1
86 133 1
86 146 1
86 148 1
87 113 1
87 124 1
87 134 1
87 137 1
87 141 1
87 145 1
88 89 1
88 104 1
88 105 1
88 108 1
88 111 1
88 129 1
88 131 1
88 133 1
88 135 1
88 140 1
88 146 1
89 90 1
89 91 1
89 94 1
89 108 1
89 113 1
89 122 1
89 126 1
90 109 1
90 111 1
90 115 1
90 117 1
90 118 1
90 119 1
90 120 1
90 129 1
90 148 1
91 102 1
91 104 1
91 120 1
91 141 1
91 145 1
92 99 1
92 117 1
92 121 1
92 122 1
92 124 1
92 125 1
92 146 1
93 100 1
93 107 1
93 112 1
93 118 1
93 128 1
93 132 1
93 142 1
93 143 1
94 99 1
94 102 1
94 104 1
94 106 1
94 117 1
94 120 1
94 127 1
94 133 1
95 96 1
95 97 1
95 101 1
95 103 1
95 115 1
95 121 1
95 122 1
95 129 1
95 135 1
95 137 1
95 138 1
95 143 1
95 144 1
96 100 1
96 118 1
96 124 1
96 129 1
96 140 1
96 146 1
97 112 1
97 114 1
97 116 1
97 119 1
97 121 1
97 134 1
97 136 1
97 137 1
97 143 1
97 149 1
98 99 1
98 100 1
98 112 1
98 114 1
98 123 1
98 137 1
98 143 1
99 109 1
99 113 1
99 127 1
100 103 1
100 105 1
100 108 1
100 126 1
100 128 1
100 132 1
100 140 1
101 102 1
101 115 1
101 116 1
101 123 1
101 124 1
101 130 1
101 139 1
101 140 1
101 141 1
101 143 1
102 109 1
102 117 1
102 120 1
102 121 1
102 124 1
102 128 1
102 132 1
103 116 1
103 143 1
104 105 1
104 112 1
104 123 1
105 112 1
105 123 1
105 132 1
105 138 1
105 148 1
106 108 1
106 110 1
106 113 1
106 117 1
106 119 1
106 123 1
106 133 1
106 139 1
106 140 1
106 148 1
107 133 1
107 148 1
108 119 1
108 121 1
108 123 1
108 133 1
108 134 1
108 138 1
108 143 1
108 145 1
109 114 1
109 115 1
109 118 1
109 126 1
109 135 1
109 136 1
109 145 1
110 119 1
110 130 1
110 133 1
110 134 1
110 138 1
110 141 1
110 146 1
111 115 1
111 144 1
112 115 1
112 127 1
112 132 1
113 116 1
113 121 1
113 122 1
113 126 1
113 132 1
113 134 1
114 120 1
114 122 1
114 136 1
114 137 1
115 116 1
115 117 1
115 130 1
115 133 1
115 143 1
116 124 1
116 127 1
116 131 1
116 132 1
116 136 1
116 140 1
116 141 1
116 142 1
116 143 1
116 144 1
117 118 1
117 119 1
117 126 1
117 127 1
117 144 1
117 145 1
118 127 1
119 128 1
119 141 1
119 145 1
119 146 1
120 132 1
120 144 1
120 145 1
120 146 1
121 127 1
121 131 1
121 137 1
121 138 1
121 143 1
122 124 1
122 129 1
122 146 1
123 128 1
123 143 1
124 128 1
124 131 1
125 127 1
125 142 1
126 129 1
126 145 1
127 130 1
127 131 1
127 143 1
128 134 1
128 137 1
128 142 1
128 143 1
129 131 1
129 139 1
129 141 1
129 145 1
130 139 1
130 149 1
131 137 1
131 139 1
131 147 1
132 133 1
132 139 1
132 144 1
132 149 1
133 134 1
133 148 1
133 149 1
134 136 1
134 141 1
134 147 1
135 140 1
136 138 1
137 143 1
139 145 1
139 149 1
140 141 1
141 143 1
141 148 1
141 149 1
142 143 1
142 145 1
142 148 1
143 146 1
145 146 1
1
66 105 85 125 29 54 148 136 51 73 35 137 60 132 129
