1814
0 4 1
0 9 1
0 14 1
0 21 1
0 29 1
0 33 1
0 37 1
0 38 1
0 40 1
0 42 1
0 43 1
0 52 1
0 57 1
0 62 1
0 65 1
0 76 1
0 84 1
0 95 1
0 97 1
0 105 1
0 106 1
0 109 1
0 110 1
0 123 1
0 124 1
0 125 1
0 137 1
0 141 1
0 159 1
0 163 1
0 164 1
0 174 1
1 8 1
1 11 1
1 27 1
1 30 1
1 32 1
1 40 1
1 53 1
1 74 1
1 81 1
1 96 1
1 97 1
1 114 1
1 133 1
1 150 1
1 159 1
1 166 1
2 13 1
2 35 1
2 42 1
2 60 1
2 65 1
2 68 1
2 84 1
2 102 1
2 107 1
2 116 1
2 132 1
2 146 1
2 148 1
2 149 1
2 155 1
2 166 1
2 170 1
2 171 1
2 172 1
2 177 1
3 11 1
3 17 1
3 26 1
3 43 1
3 48 1
3 49 1
3 55 1
3 60 1
3 63 1
3 72 1
3 98 1
3 101 1
3 104 1
3 105 1
3 107 1
3 123 1
3 131 1
3 133 1
3 141 1
3 144 1
3 153 1
3 154 1
3 155 1
3 165 1
3 166 1
3 176 1
4 5 1
4 22 1
4 48 1
4 59 1
4 73 1
4 74 1
4 77 1
4 89 1
4 104 1
4 105 1
4 106 1
4 110 1
4 113 1
4 136 1
4 141 1
4 161 1
4 164 1
4 167 1
4 168 1
4 178 1
5 19 1
5 24 1
5 42 1
5 48 1
5 50 1
5 52 1
5 61 1
5 65 1
5 70 1
5 73 1
5 80 1
5 81 1
5 103 1
5 106 1
5 110 1
5 121 1
5 125 1
5 127 1
5 134 1
5 135 1
5 137 1
5 140 1
5 148 1
5 151 1
5 155 1
5 162 1
5 179 1
6 17 1
6 19 1
6 23 1
6 35 1
6 47 1
6 52 1
6 57 1
6 59 1
6 66 1
6 75 1
6 86 1
6 98 1
6 101 1
6 113 1
6 115 1
6 122 1
6 126 1
6 129 1
6 136 1
6 153 1
6 160 1
6 166 1
7 9 1
7 19 1
7 26 1
7 65 1
7 74 1
7 81 1
7 83 1
7 87 1
7 93 1
7 95 1
7 106 1
7 108 1
7 119 1
7 123 1
7 132 1
7 137 1
7 147 1
7 150 1
7 165 1
7 166 1
7 177 1
8 14 1
8 27 1
8 38 1
8 44 1
8 45 1
8 46 1
8 54 1
8 56 1
8 61 1
8 72 1
8 76 1
8 81 1
8 95 1
8 97 1
8 101 1
8 104 1
8 119 1
8 121 1
8 126 1
8 129 1
8 134 1
8 144 1
8 146 1
8 153 1
8 160 1
8 173 1
8 174 1
9 19 1
9 25 1
9 28 1
9 33 1
9 48 1
9 58 1
9 64 1
9 67 1
9 69 1
9 76 1
9 83 1
9 85 1
9 88 1
9 93 1
9 94 1
9 119 1
9 137 1
9 139 1
9 143 1
9 150 1
9 162 1
10 11 1
10 28 1
10 36 1
10 51 1
10 60 1
10 72 1
10 75 1
10 78 1
10 79 1
10 84 1
10 92 1
10 101 1
10 109 1
10 110 1
10 118 1
10 122 1
10 123 1
10 157 1
10 158 1
10 159 1
10 179 1
11 15 1
11 24 1
11 25 1
11 33 1
11 41 1
11 52 1
11 55 1
11 65 1
11 66 1
11 78 1
11 86 1
11 87 1
11 94 1
11 109 1
11 121 1
11 155 1
11 161 1
11 174 1
12 16 1
12 21 1
12 23 1
12 26 1
12 28 1
12 64 1
12 69 1
12 91 1
12 97 1
12 107 1
12 112 1
12 158 1
13 24 1
13 33 1
13 41 1
13 55 1
13 65 1
13 67 1
13 108 1
13 116 1
13 126 1
13 129 1
13 131 1
13 135 1
13 142 1
13 143 1
13 147 1
13 150 1
13 154 1
13 160 1
14 18 1
14 29 1
14 34 1
14 37 1
14 59 1
14 71 1
14 74 1
14 101 1
14 108 1
14 113 1
14 123 1
14 126 1
14 127 1
14 147 1
14 152 1
14 159 1
14 167 1
14 172 1
15 16 1
15 17 1
15 62 1
15 82 1
15 83 1
15 118 1
15 121 1
15 127 1
15 140 1
15 143 1
15 145 1
15 160 1
15 175 1
16 19 1
16 26 1
16 40 1
16 45 1
16 55 1
16 67 1
16 71 1
16 78 1
16 93 1
16 96 1
16 107 1
16 112 1
16 114 1
16 118 1
16 123 1
16 144 1
16 148 1
16 152 1
16 154 1
16 165 1
16 176 1
16 179 1
17 29 1
17 31 1
17 48 1
17 100 1
17 121 1
17 123 1
17 144 1
17 153 1
17 166 1
17 167 1
18 20 1
18 34 1
18 36 1
18 59 1
18 83 1
18 87 1
18 89 1
18 117 1
18 126 1
18 132 1
18 134 1
18 135 1
18 143 1
18 170 1
18 175 1
18 179 1
19 51 1
19 58 1
19 59 1
19 68 1
19 79 1
19 84 1
19 91 1
19 105 1
19 116 1
19 124 1
19 145 1
19 153 1
19 168 1
19 169 1
19 170 1
20 21 1
20 28 1
20 53 1
20 62 1
20 71 1
20 73 1
20 76 1
20 77 1
20 79 1
20 102 1
20 105 1
20 119 1
20 142 1
20 144 1
20 145 1
20 151 1
20 158 1
21 22 1
21 41 1
21 52 1
21 70 1
21 87 1
21 111 1
21 135 1
21 141 1
21 146 1
21 148 1
21 151 1
22 31 1
22 44 1
22 47 1
22 63 1
22 75 1
22 78 1
22 104 1
22 115 1
22 117 1
22 127 1
22 130 1
22 139 1
22 158 1
22 172 1
22 176 1
23 25 1
23 39 1
23 44 1
23 61 1
23 69 1
23 72 1
23 78 1
23 83 1
23 89 1
23 97 1
23 126 1
23 132 1
23 149 1
23 150 1
23 159 1
23 163 1
24 29 1
24 41 1
24 59 1
24 62 1
24 72 1
24 75 1
24 89 1
24 93 1
24 95 1
24 107 1
24 108 1
24 110 1
24 116 1
24 117 1
24 118 1
24 122 1
24 130 1
24 133 1
24 134 1
24 137 1
24 145 1
24 158 1
24 164 1
24 167 1
24 172 1
25 29 1
25 40 1
25 62 1
25 69 1
25 70 1
25 72 1
25 82 1
25 85 1
25 86 1
25 91 1
25 106 1
25 121 1
25 136 1
25 147 1
25 148 1
25 151 1
25 157 1
25 172 1
26 27 1
26 28 1
26 48 1
26 67 1
26 90 1
26 98 1
26 99 1
26 105 1
26 128 1
26 131 1
26 133 1
26 136 1
26 138 1
26 156 1
26 162 1
26 176 1
27 35 1
27 53 1
27 79 1
27 87 1
27 93 1
27 96 1
27 100 1
27 107 1
27 108 1
27 114 1
27 117 1
27 126 1
27 149 1
27 150 1
27 159 1
27 171 1
27 175 1
28 41 1
28 47 1
28 62 1
28 70 1
28 73 1
28 88 1
28 92 1
28 123 1
28 132 1
28 134 1
28 137 1
28 147 1
28 151 1
29 45 1
29 52 1
29 72 1
29 103 1
29 107 1
29 112 1
29 115 1
29 119 1
29 127 1
29 135 1
29 140 1
29 141 1
29 143 1
29 146 1
29 157 1
29 159 1
29 165 1
29 174 1
30 35 1
30 36 1
30 40 1
30 47 1
30 58 1
30 59 1
30 68 1
30 69 1
30 71 1
30 97 1
30 98 1
30 112 1
30 122 1
30 133 1
30 137 1
30 147 1
30 149 1
30 158 1
30 164 1
30 166 1
30 170 1
30 171 1
30 172 1
30 178 1
31 37 1
31 41 1
31 44 1
31 65 1
31 77 1
31 84 1
31 87 1
31 91 1
31 94 1
31 98 1
31 100 1
31 104 1
31 114 1
31 115 1
31 121 1
31 131 1
31 133 1
31 144 1
31 162 1
31 165 1
32 42 1
32 47 1
32 54 1
32 91 1
32 108 1
32 119 1
32 122 1
32 153 1
32 161 1
32 172 1
32 173 1
33 38 1
33 48 1
33 49 1
33 54 1
33 65 1
33 83 1
33 84 1
33 86 1
33 91 1
33 99 1
33 104 1
33 123 1
33 126 1
33 143 1
33 144 1
33 150 1
33 151 1
33 153 1
33 154 1
33 161 1
34 36 1
34 44 1
34 64 1
34 68 1
34 86 1
34 93 1
34 94 1
34 97 1
34 105 1
34 109 1
34 135 1
34 139 1
34 147 1
34 148 1
34 154 1
34 164 1
35 50 1
35 62 1
35 64 1
35 67 1
35 68 1
35 69 1
35 75 1
35 78 1
35 81 1
35 82 1
35 84 1
35 86 1
35 100 1
35 111 1
35 113 1
35 125 1
35 129 1
35 139 1
35 148 1
35 154 1
35 163 1
35 165 1
35 167 1
35 169 1
35 174 1
36 41 1
36 46 1
36 59 1
36 72 1
36 75 1
36 79 1
36 82 1
36 89 1
36 91 1
36 92 1
36 108 1
36 112 1
36 113 1
36 119 1
36 137 1
36 140 1
36 147 1
36 165 1
36 166 1
36 169 1
36 179 1
37 45 1
37 49 1
37 50 1
37 51 1
37 54 1
37 59 1
37 66 1
37 82 1
37 86 1
37 87 1
37 91 1
37 102 1
37 111 1
37 113 1
37 127 1
37 128 1
37 142 1
37 151 1
37 156 1
37 157 1
37 160 1
37 163 1
37 177 1
37 178 1
38 60 1
38 63 1
38 77 1
38 82 1
38 100 1
38 105 1
38 106 1
38 119 1
38 122 1
38 131 1
38 133 1
38 156 1
38 163 1
38 165 1
38 176 1
39 49 1
39 65 1
39 71 1
39 81 1
39 87 1
39 113 1
39 127 1
39 129 1
39 140 1
39 142 1
39 146 1
39 148 1
39 153 1
39 162 1
39 174 1
40 55 1
40 62 1
40 66 1
40 67 1
40 73 1
40 97 1
40 104 1
40 111 1
40 121 1
40 123 1
40 133 1
40 136 1
41 94 1
41 100 1
41 104 1
41 121 1
41 122 1
41 127 1
41 134 1
41 154 1
41 160 1
41 162 1
41 171 1
41 177 1
42 52 1
42 53 1
42 57 1
42 61 1
42 94 1
42 111 1
42 121 1
42 123 1
42 140 1
42 142 1
42 146 1
42 150 1
42 154 1
42 155 1
42 157 1
42 159 1
42 160 1
42 164 1
42 169 1
42 175 1
42 176 1
43 48 1
43 86 1
43 87 1
43 91 1
43 93 1
43 98 1
43 102 1
43 116 1
43 117 1
43 121 1
43 130 1
43 151 1
43 152 1
43 177 1
44 46 1
44 50 1
44 61 1
44 71 1
44 85 1
44 96 1
44 107 1
44 108 1
44 109 1
44 119 1
44 122 1
44 125 1
44 134 1
44 138 1
44 141 1
44 161 1
44 169 1
45 49 1
45 65 1
45 79 1
45 99 1
45 121 1
45 153 1
45 165 1
45 166 1
46 50 1
46 57 1
46 63 1
46 65 1
46 77 1
46 91 1
46 93 1
46 99 1
46 117 1
46 119 1
46 139 1
46 141 1
46 152 1
46 158 1
47 65 1
47 68 1
47 69 1
47 93 1
47 95 1
47 97 1
47 101 1
47 104 1
47 108 1
47 121 1
47 123 1
47 142 1
47 154 1
47 156 1
48 50 1
48 68 1
48 69 1
48 83 1
48 94 1
48 104 1
48 130 1
48 133 1
48 146 1
48 159 1
48 161 1
49 53 1
49 57 1
49 75 1
49 87 1
49 97 1
49 109 1
49 120 1
49 129 1
49 132 1
49 134 1
49 144 1
49 151 1
49 170 1
49 175 1
50 53 1
50 71 1
50 78 1
50 88 1
50 92 1
50 100 1
50 101 1
50 104 1
50 113 1
50 142 1
50 151 1
50 152 1
50 166 1
50 167 1
51 56 1
51 65 1
51 85 1
51 89 1
51 95 1
51 102 1
51 106 1
51 115 1
51 121 1
51 151 1
51 152 1
51 166 1
51 177 1
52 55 1
52 57 1
52 60 1
52 61 1
52 78 1
52 79 1
52 90 1
52 91 1
52 108 1
52 124 1
52 125 1
52 129 1
52 140 1
52 162 1
52 164 1
53 73 1
53 80 1
53 86 1
53 90 1
53 98 1
53 116 1
53 128 1
53 172 1
54 61 1
54 75 1
54 76 1
54 79 1
54 81 1
54 88 1
54 91 1
54 99 1
54 114 1
54 129 1
54 133 1
54 140 1
54 141 1
54 149 1
54 162 1
55 76 1
55 91 1
55 99 1
55 107 1
55 123 1
55 133 1
55 141 1
55 159 1
55 169 1
55 170 1
55 179 1
56 59 1
56 62 1
56 64 1
56 83 1
56 87 1
56 92 1
56 95 1
56 99 1
56 106 1
56 125 1
56 126 1
56 142 1
56 145 1
57 58 1
57 62 1
57 83 1
57 120 1
57 130 1
57 140 1
57 141 1
57 150 1
57 159 1
57 164 1
57 168 1
57 176 1
58 68 1
58 72 1
58 84 1
58 111 1
58 119 1
58 127 1
58 140 1
58 141 1
58 143 1
58 147 1
58 151 1
58 155 1
58 159 1
58 160 1
58 164 1
58 169 1
59 73 1
59 75 1
59 78 1
59 89 1
59 97 1
59 108 1
59 124 1
59 162 1
59 171 1
60 66 1
60 72 1
60 78 1
60 101 1
60 108 1
60 109 1
60 113 1
60 156 1
60 173 1
61 68 1
61 73 1
61 79 1
61 86 1
61 114 1
61 115 1
61 133 1
61 164 1
61 177 1
62 75 1
62 82 1
62 83 1
62 89 1
62 94 1
62 156 1
62 165 1
62 174 1
63 74 1
63 79 1
63 90 1
63 98 1
63 99 1
63 105 1
63 108 1
63 109 1
63 110 1
63 111 1
63 112 1
63 116 1
63 123 1
63 139 1
63 141 1
63 148 1
63 149 1
63 153 1
63 158 1
63 173 1
63 174 1
63 175 1
63 176 1
64 75 1
64 77 1
64 79 1
64 84 1
64 93 1
64 107 1
64 108 1
64 124 1
64 144 1
64 174 1
64 175 1
64 177 1
65 66 1
65 72 1
65 93 1
65 113 1
65 118 1
65 127 1
65 136 1
65 154 1
65 157 1
65 163 1
65 170 1
65 174 1
66 75 1
66 97 1
66 99 1
66 101 1
66 103 1
66 109 1
66 116 1
66 127 1
66 138 1
66 145 1
66 157 1
66 163 1
66 165 1
66 175 1
67 83 1
67 97 1
67 99 1
67 106 1
67 107 1
67 123 1
67 124 1
67 127 1
67 133 1
67 135 1
67 137 1
67 148 1
67 151 1
67 164 1
67 173 1
67 177 1
68 70 1
68 72 1
68 73 1
68 77 1
68 87 1
68 89 1
68 97 1
68 100 1
68 116 1
68 122 1
68 126 1
68 151 1
68 152 1
68 157 1
68 161 1
68 173 1
69 102 1
69 114 1
69 122 1
69 124 1
69 130 1
69 131 1
69 142 1
69 146 1
69 150 1
69 152 1
69 169 1
69 172 1
70 84 1
70 96 1
70 98 1
70 100 1
70 108 1
70 114 1
70 125 1
70 127 1
70 133 1
70 147 1
70 148 1
70 154 1
70 160 1
70 161 1
70 162 1
70 163 1
71 78 1
71 83 1
71 89 1
71 99 1
71 106 1
71 117 1
71 128 1
71 134 1
71 141 1
71 147 1
71 160 1
71 161 1
71 163 1
71 169 1
71 170 1
71 174 1
71 175 1
72 89 1
72 98 1
72 113 1
72 115 1
72 118 1
72 129 1
72 131 1
72 132 1
72 145 1
72 148 1
72 165 1
72 169 1
72 172 1
73 100 1
73 145 1
73 147 1
73 152 1
73 159 1
73 162 1
74 79 1
74 95 1
74 107 1
74 137 1
74 140 1
74 143 1
74 145 1
74 150 1
74 168 1
75 89 1
75 93 1
75 97 1
75 110 1
75 116 1
75 124 1
75 132 1
75 133 1
75 139 1
75 149 1
75 156 1
75 175 1
76 113 1
76 140 1
76 155 1
76 157 1
76 164 1
76 179 1
77 83 1
77 89 1
77 107 1
77 118 1
77 124 1
77 131 1
77 132 1
77 146 1
77 162 1
77 164 1
78 87 1
78 108 1
78 124 1
78 126 1
78 136 1
78 146 1
78 165 1
79 83 1
79 84 1
79 98 1
79 102 1
79 111 1
79 116 1
79 131 1
79 139 1
79 148 1
79 162 1
79 164 1
79 167 1
79 172 1
79 173 1
79 177 1
80 88 1
80 115 1
80 120 1
80 122 1
80 127 1
80 143 1
80 150 1
80 166 1
80 171 1
80 172 1
80 177 1
81 97 1
81 104 1
81 113 1
81 116 1
81 127 1
81 141 1
81 156 1
81 177 1
82 83 1
82 98 1
82 100 1
82 118 1
82 141 1
82 142 1
82 145 1
82 149 1
82 151 1
82 154 1
82 161 1
82 172 1
82 174 1
83 86 1
83 89 1
83 90 1
83 93 1
83 94 1
83 107 1
83 112 1
83 117 1
83 126 1
83 138 1
83 152 1
83 153 1
83 163 1
83 178 1
84 94 1
84 95 1
84 107 1
84 114 1
84 121 1
84 137 1
84 150 1
84 153 1
84 171 1
85 88 1
85 103 1
85 108 1
85 109 1
85 114 1
85 124 1
85 156 1
85 166 1
85 167 1
85 177 1
85 179 1
86 93 1
86 99 1
86 116 1
86 129 1
86 134 1
86 142 1
86 175 1
87 93 1
87 94 1
87 98 1
87 104 1
87 105 1
87 119 1
87 137 1
87 140 1
87 141 1
87 146 1
87 159 1
87 167 1
87 168 1
87 177 1
88 96 1
88 107 1
88 126 1
88 129 1
88 132 1
88 142 1
88 148 1
88 151 1
88 152 1
88 165 1
88 167 1
88 173 1
89 93 1
89 96 1
89 120 1
89 133 1
89 141 1
89 154 1
89 169 1
89 173 1
89 178 1
90 99 1
90 113 1
90 116 1
90 131 1
90 133 1
90 139 1
90 153 1
90 163 1
90 164 1
90 165 1
90 171 1
91 109 1
91 110 1
91 125 1
91 138 1
91 163 1
91 171 1
92 106 1
92 107 1
92 112 1
92 113 1
92 115 1
92 123 1
92 149 1
92 152 1
92 176 1
93 96 1
93 100 1
93 103 1
93 106 1
93 112 1
93 117 1
93 123 1
93 153 1
93 157 1
93 162 1
93 174 1
94 95 1
94 110 1
94 137 1
94 142 1
94 159 1
94 166 1
94 176 1
94 179 1
95 105 1
95 115 1
95 132 1
95 135 1
95 149 1
95 151 1
95 153 1
95 176 1
95 177 1
96 123 1
96 152 1
96 157 1
96 166 1
96 170 1
97 109 1
97 111 1
97 124 1
97 128 1
97 137 1
97 139 1
97 161 1
97 167 1
97 175 1
98 123 1
98 125 1
98 132 1
98 142 1
98 150 1
98 155 1
98 164 1
98 171 1
98 175 1
99 100 1
99 119 1
99 122 1
99 127 1
99 133 1
99 138 1
99 142 1
99 144 1
99 157 1
99 161 1
99 166 1
99 169 1
99 170 1
99 174 1
100 105 1
100 113 1
100 126 1
100 135 1
100 143 1
100 148 1
100 151 1
100 154 1
100 156 1
100 165 1
100 173 1
101 106 1
101 121 1
101 123 1
101 139 1
101 142 1
101 158 1
101 159 1
101 174 1
102 129 1
102 148 1
102 162 1
102 167 1
102 179 1
103 108 1
103 122 1
103 128 1
103 140 1
103 153 1
103 159 1
103 163 1
103 167 1
103 176 1
104 121 1
104 139 1
104 144 1
104 168 1
104 172 1
104 175 1
105 137 1
105 146 1
105 147 1
105 149 1
105 161 1
105 169 1
106 136 1
106 149 1
106 152 1
106 156 1
106 169 1
107 114 1
107 126 1
107 129 1
107 146 1
107 150 1
107 161 1
107 164 1
107 170 1
107 175 1
107 176 1
108 110 1
108 114 1
108 126 1
108 149 1
108 156 1
108 173 1
108 178 1
109 119 1
109 137 1
109 157 1
109 161 1
109 162 1
109 168 1
109 169 1
110 115 1
110 119 1
110 123 1
110 133 1
110 142 1
110 167 1
111 135 1
111 140 1
111 143 1
111 178 1
112 119 1
112 120 1
112 129 1
112 131 1
112 133 1
112 138 1
112 145 1
112 158 1
112 167 1
112 169 1
112 176 1
113 119 1
113 132 1
113 136 1
113 140 1
113 151 1
113 176 1
114 116 1
114 121 1
114 123 1
114 127 1
114 140 1
114 141 1
114 159 1
114 164 1
114 179 1
115 141 1
115 148 1
115 150 1
116 118 1
116 123 1
116 144 1
116 146 1
116 147 1
116 156 1
116 164 1
117 119 1
117 132 1
117 144 1
117 162 1
117 163 1
117 178 1
118 128 1
118 131 1
118 133 1
118 139 1
118 165 1
118 171 1
118 172 1
118 173 1
118 175 1
118 178 1
119 126 1
119 130 1
119 133 1
119 138 1
119 164 1
120 128 1
120 131 1
120 138 1
120 140 1
120 143 1
120 158 1
120 164 1
120 167 1
121 138 1
121 140 1
121 147 1
121 148 1
121 150 1
121 162 1
121 177 1
122 132 1
122 141 1
122 164 1
122 167 1
122 179 1
123 131 1
123 134 1
123 135 1
123 136 1
123 139 1
123 145 1
123 150 1
123 179 1
124 125 1
124 130 1
124 132 1
124 148 1
124 153 1
125 126 1
125 128 1
125 138 1
125 147 1
125 170 1
125 173 1
125 174 1
126 147 1
126 158 1
126 165 1
126 175 1
127 134 1
127 138 1
127 142 1
127 154 1
127 171 1
127 172 1
127 174 1
128 132 1
128 138 1
128 140 1
128 149 1
128 152 1
128 160 1
128 162 1
129 131 1
129 152 1
129 172 1
129 179 1
130 138 1
130 141 1
130 149 1
130 150 1
130 160 1
130 167 1
130 172 1
130 176 1
130 179 1
131 150 1
131 153 1
131 179 1
132 147 1
132 148 1
132 151 1
132 155 1
132 165 1
132 169 1
132 172 1
132 174 1
133 135 1
133 136 1
133 141 1
133 147 1
133 156 1
133 170 1
133 176 1
133 179 1
134 135 1
134 136 1
134 143 1
134 144 1
134 146 1
134 151 1
134 164 1
134 178 1
134 179 1
135 139 1
135 152 1
135 157 1
135 159 1
136 137 1
136 146 1
136 147 1
136 150 1
136 151 1
136 164 1
136 166 1
137 152 1
137 157 1
137 175 1
137 176 1
137 177 1
138 150 1
138 151 1
138 153 1
138 159 1
139 148 1
139 166 1
140 142 1
140 157 1
140 168 1
140 171 1
140 172 1
141 146 1
141 148 1
141 171 1
142 144 1
142 150 1
142 158 1
142 170 1
142 171 1
143 147 1
143 156 1
143 164 1
144 149 1
144 150 1
144 151 1
144 161 1
144 172 1
144 174 1
145 162 1
145 163 1
145 168 1
145 175 1
146 164 1
146 165 1
146 167 1
146 168 1
146 179 1
147 150 1
147 153 1
147 159 1
148 167 1
148 173 1
148 175 1
148 178 1
149 164 1
149 173 1
149 176 1
150 172 1
151 160 1
151 162 1
151 165 1
151 167 1
151 169 1
151 173 1
152 163 1
152 164 1
152 165 1
152 170 1
152 171 1
152 178 1
153 161 1
153 165 1
153 170 1
153 175 1
153 179 1
154 170 1
154 177 1
154 179 1
155 169 1
156 158 1
156 164 1
156 165 1
156 169 1
156 170 1
157 166 1
157 174 1
158 160 1
158 166 1
158 167 1
158 168 1
158 169 1
158 174 1
158 177 1
159 172 1
160 167 1
160 175 1
160 176 1
160 179 1
161 167 1
162 169 1
163 169 1
163 174 1
164 165 1
165 175 1
165 176 1
165 179 1
166 172 1
170 172 1
170 175 1
172 175 1
174 175 1
176 178 1
1
143 0 159 71 81 96 106 130 149 45 160 26 116 115 91 46 175 93
