479
0 2 1
0 6 1
0 12 1
0 18 1
0 20 1
0 37 1
0 47 1
1 5 1
1 7 1
1 9 1
1 22 1
1 30 1
1 31 1
1 41 1
1 58 1
2 4 1
2 7 1
2 15 1
2 24 1
2 30 1
2 32 1
2 33 1
2 35 1
2 37 1
2 38 1
2 46 1
2 51 1
2 54 1
2 57 1
3 5 1
3 7 1
3 11 1
3 13 1
3 15 1
3 18 1
3 19 1
3 23 1
3 24 1
3 25 1
3 29 1
3 32 1
3 34 1
3 37 1
3 38 1
3 39 1
3 40 1
3 45 1
3 49 1
3 50 1
3 51 1
4 13 1
4 18 1
4 19 1
4 24 1
4 25 1
4 29 1
4 31 1
4 44 1
4 45 1
4 48 1
4 54 1
4 55 1
4 58 1
4 59 1
5 11 1
5 13 1
5 14 1
5 17 1
5 21 1
5 26 1
5 29 1
5 36 1
5 38 1
5 39 1
5 41 1
5 42 1
5 46 1
5 47 1
5 48 1
5 51 1
5 54 1
5 57 1
5 58 1
6 7 1
6 12 1
6 14 1
6 23 1
6 31 1
6 32 1
6 34 1
6 40 1
6 41 1
6 42 1
6 44 1
6 51 1
6 54 1
6 55 1
6 57 1
6 59 1
7 13 1
7 20 1
7 26 1
7 29 1
7 41 1
7 42 1
7 44 1
7 45 1
7 48 1
7 50 1
7 51 1
7 56 1
7 57 1
8 10 1
8 11 1
8 12 1
8 14 1
8 24 1
8 27 1
8 29 1
8 31 1
8 33 1
8 37 1
8 44 1
8 45 1
8 46 1
8 52 1
8 54 1
8 56 1
8 57 1
9 13 1
9 15 1
9 17 1
9 31 1
9 32 1
9 36 1
9 39 1
9 40 1
9 42 1
9 54 1
9 57 1
9 58 1
10 11 1
10 13 1
10 16 1
10 19 1
10 20 1
10 32 1
10 34 1
10 35 1
10 36 1
10 38 1
10 44 1
10 46 1
10 47 1
10 48 1
10 50 1
10 58 1
11 12 1
11 16 1
11 17 1
11 23 1
11 25 1
11 31 1
11 32 1
11 33 1
11 38 1
11 40 1
11 43 1
11 48 1
11 54 1
11 58 1
11 59 1
12 13 1
12 15 1
12 17 1
12 19 1
12 20 1
12 29 1
12 34 1
12 35 1
12 39 1
12 40 1
12 41 1
12 43 1
12 45 1
12 46 1
12 49 1
12 51 1
12 56 1
13 14 1
13 17 1
13 18 1
13 20 1
13 21 1
13 23 1
13 25 1
13 31 1
13 33 1
13 35 1
13 45 1
13 51 1
13 56 1
13 58 1
14 22 1
14 24 1
14 25 1
14 34 1
14 38 1
14 47 1
14 52 1
14 56 1
14 58 1
15 19 1
15 20 1
15 22 1
15 28 1
15 29 1
15 39 1
15 41 1
15 44 1
15 46 1
15 49 1
15 57 1
15 59 1
16 28 1
16 35 1
16 37 1
16 40 1
16 46 1
16 47 1
16 56 1
17 27 1
17 35 1
17 40 1
17 41 1
17 42 1
17 46 1
17 55 1
18 22 1
18 24 1
18 36 1
18 37 1
18 40 1
18 41 1
18 42 1
18 46 1
18 47 1
18 48 1
18 50 1
18 52 1
18 55 1
18 58 1
19 20 1
19 23 1
19 26 1
19 28 1
19 29 1
19 30 1
19 40 1
19 50 1
19 52 1
19 53 1
19 56 1
20 24 1
20 27 1
20 28 1
20 40 1
20 41 1
20 43 1
20 48 1
20 55 1
21 22 1
21 23 1
21 31 1
21 37 1
21 40 1
21 41 1
21 49 1
21 52 1
21 55 1
21 57 1
21 58 1
22 23 1
22 28 1
22 31 1
22 32 1
22 37 1
22 38 1
22 45 1
22 48 1
22 54 1
22 55 1
23 24 1
23 27 1
23 31 1
23 32 1
23 36 1
23 38 1
23 44 1
23 45 1
23 48 1
23 58 1
24 25 1
24 27 1
24 29 1
24 34 1
24 37 1
24 38 1
24 41 1
24 43 1
24 46 1
24 47 1
24 49 1
24 56 1
24 58 1
25 29 1
25 30 1
25 31 1
25 47 1
26 27 1
26 29 1
26 30 1
26 31 1
26 35 1
26 40 1
26 42 1
26 43 1
26 45 1
26 50 1
26 52 1
26 53 1
26 55 1
26 58 1
26 59 1
27 28 1
27 37 1
27 42 1
27 43 1
27 47 1
27 53 1
27 54 1
27 56 1
27 57 1
28 29 1
28 33 1
28 34 1
28 40 1
28 44 1
28 54 1
28 59 1
29 34 1
29 35 1
29 39 1
29 44 1
29 45 1
29 46 1
29 51 1
29 54 1
29 56 1
29 58 1
30 33 1
30 36 1
30 38 1
30 41 1
30 45 1
30 48 1
30 55 1
30 56 1
30 57 1
31 39 1
31 49 1
31 58 1
32 34 1
32 35 1
32 38 1
32 40 1
32 51 1
32 55 1
33 34 1
33 38 1
33 39 1
33 44 1
33 49 1
33 50 1
33 56 1
34 35 1
34 36 1
34 37 1
34 52 1
34 54 1
34 57 1
34 58 1
35 38 1
35 39 1
35 41 1
35 44 1
35 50 1
35 51 1
35 54 1
36 38 1
36 39 1
36 40 1
36 41 1
36 42 1
36 46 1
36 47 1
36 49 1
36 52 1
37 39 1
37 49 1
37 53 1
37 55 1
37 56 1
37 58 1
37 59 1
38 42 1
38 44 1
38 47 1
38 55 1
39 42 1
39 43 1
39 48 1
39 49 1
39 50 1
39 58 1
40 41 1
40 46 1
40 48 1
40 52 1
40 53 1
40 55 1
40 59 1
41 42 1
41 47 1
41 49 1
41 50 1
41 51 1
41 52 1
41 53 1
41 57 1
41 59 1
42 43 1
42 46 1
42 54 1
43 45 1
43 48 1
43 53 1
43 56 1
43 59 1
44 45 1
44 47 1
44 48 1
44 49 1
44 50 1
45 53 1
46 50 1
46 51 1
46 55 1
46 57 1
47 50 1
47 51 1
48 53 1
48 54 1
48 57 1
48 59 1
49 54 1
49 56 1
50 52 1
50 55 1
51 56 1
51 57 1
51 59 1
52 54 1
52 56 1
53 58 1
53 59 1
54 56 1
55 57 1
56 58 1
1
24 22 45 28 5 1
