396
0 1 1
0 2 1
0 3 1
0 5 1
0 6 1
0 11 1
0 12 1
0 13 1
0 16 1
0 18 1
0 19 1
0 22 1
0 30 1
0 36 1
0 39 1
0 41 1
0 42 1
0 43 1
0 44 1
0 46 1
0 49 1
1 4 1
1 5 1
1 8 1
1 13 1
1 17 1
1 18 1
1 20 1
1 21 1
1 22 1
1 24 1
1 26 1
1 31 1
1 32 1
1 37 1
1 39 1
1 42 1
1 46 1
1 48 1
2 6 1
2 9 1
2 11 1
2 12 1
2 22 1
2 24 1
2 28 1
2 29 1
2 32 1
2 33 1
2 37 1
2 38 1
2 39 1
2 40 1
2 47 1
3 4 1
3 6 1
3 8 1
3 13 1
3 17 1
3 18 1
3 21 1
3 22 1
3 25 1
3 28 1
3 30 1
3 36 1
3 39 1
3 43 1
3 47 1
3 49 1
4 5 1
4 8 1
4 10 1
4 13 1
4 26 1
4 29 1
4 31 1
4 35 1
4 38 1
4 42 1
4 43 1
5 7 1
5 8 1
5 11 1
5 15 1
5 18 1
5 26 1
5 27 1
5 36 1
5 37 1
5 38 1
5 43 1
5 47 1
6 9 1
6 11 1
6 15 1
6 16 1
6 19 1
6 20 1
6 22 1
6 24 1
6 28 1
6 29 1
6 31 1
6 32 1
6 37 1
6 40 1
6 42 1
6 45 1
6 48 1
6 49 1
7 8 1
7 9 1
7 12 1
7 14 1
7 15 1
7 18 1
7 20 1
7 25 1
7 26 1
7 27 1
7 28 1
7 30 1
7 31 1
7 33 1
7 36 1
7 38 1
7 46 1
8 12 1
8 14 1
8 15 1
8 17 1
8 22 1
8 23 1
8 29 1
8 36 1
8 38 1
8 40 1
8 41 1
8 43 1
8 44 1
8 45 1
8 46 1
8 47 1
9 14 1
9 16 1
9 18 1
9 25 1
9 26 1
9 28 1
9 29 1
9 32 1
9 34 1
9 36 1
9 37 1
9 39 1
9 44 1
9 47 1
9 49 1
10 12 1
10 20 1
10 21 1
10 24 1
10 26 1
10 31 1
10 36 1
10 37 1
10 44 1
10 45 1
10 48 1
11 15 1
11 19 1
11 23 1
11 24 1
11 30 1
11 31 1
11 32 1
11 33 1
11 34 1
11 36 1
11 37 1
11 38 1
11 41 1
11 45 1
11 47 1
11 48 1
12 19 1
12 21 1
12 26 1
12 29 1
12 30 1
12 32 1
12 34 1
12 37 1
12 38 1
12 39 1
13 15 1
13 20 1
13 24 1
13 27 1
13 28 1
13 36 1
13 38 1
13 48 1
14 19 1
14 23 1
14 27 1
14 32 1
14 34 1
14 36 1
14 46 1
14 47 1
14 49 1
15 18 1
15 19 1
15 21 1
15 25 1
15 26 1
15 29 1
15 32 1
15 35 1
15 38 1
15 39 1
15 42 1
15 45 1
15 48 1
15 49 1
16 20 1
16 24 1
16 25 1
16 26 1
16 31 1
16 40 1
16 41 1
17 20 1
17 21 1
17 27 1
17 28 1
17 31 1
17 34 1
17 44 1
17 46 1
18 21 1
18 24 1
18 25 1
18 28 1
18 31 1
18 32 1
18 36 1
18 41 1
18 42 1
18 43 1
18 44 1
18 48 1
18 49 1
19 20 1
19 26 1
19 27 1
19 28 1
19 31 1
19 34 1
19 44 1
19 45 1
19 49 1
20 25 1
20 26 1
20 30 1
20 31 1
20 32 1
20 38 1
20 42 1
20 44 1
20 45 1
20 48 1
21 23 1
21 25 1
21 29 1
21 30 1
21 32 1
21 34 1
21 38 1
21 42 1
21 44 1
21 46 1
22 23 1
22 33 1
22 36 1
22 37 1
22 38 1
22 39 1
22 43 1
23 26 1
23 32 1
23 37 1
23 43 1
24 25 1
24 26 1
24 27 1
24 29 1
24 30 1
24 32 1
24 33 1
24 34 1
24 35 1
24 37 1
25 27 1
25 29 1
25 37 1
25 38 1
25 43 1
25 45 1
26 28 1
26 35 1
26 44 1
26 45 1
27 29 1
27 35 1
27 37 1
27 38 1
27 39 1
27 40 1
27 47 1
27 48 1
27 49 1
28 33 1
28 34 1
28 39 1
28 44 1
29 37 1
29 38 1
29 39 1
29 41 1
29 43 1
29 48 1
30 32 1
30 36 1
30 39 1
30 48 1
31 32 1
31 35 1
31 38 1
31 40 1
31 46 1
31 47 1
31 49 1
32 37 1
32 38 1
32 39 1
32 41 1
32 42 1
32 48 1
32 49 1
33 35 1
33 37 1
33 38 1
33 39 1
33 41 1
34 36 1
34 37 1
34 41 1
34 42 1
34 43 1
34 44 1
34 46 1
34 48 1
35 38 1
35 41 1
35 43 1
35 44 1
35 48 1
36 39 1
36 41 1
36 43 1
36 45 1
37 40 1
38 39 1
38 40 1
38 41 1
38 43 1
38 44 1
38 47 1
38 49 1
39 43 1
39 44 1
39 47 1
40 41 1
40 47 1
40 49 1
41 45 1
41 48 1
41 49 1
42 43 1
43 45 1
45 46 1
46 48 1
46 49 1
1
0 23 40 3 24
