440
0 2 1
0 3 1
0 10 1
0 13 1
0 22 1
0 29 1
0 30 1
0 35 1
0 36 1
0 40 1
0 43 1
0 45 1
0 49 1
0 52 1
0 53 1
0 54 1
1 7 1
1 8 1
1 15 1
1 29 1
1 32 1
1 33 1
1 37 1
1 41 1
1 42 1
1 45 1
1 52 1
1 53 1
2 3 1
2 4 1
2 8 1
2 9 1
2 22 1
2 25 1
2 32 1
2 46 1
2 49 1
2 54 1
2 56 1
2 59 1
3 7 1
3 17 1
3 19 1
3 22 1
3 27 1
3 34 1
3 39 1
3 42 1
3 45 1
3 46 1
3 49 1
3 56 1
3 58 1
4 7 1
4 11 1
4 12 1
4 14 1
4 18 1
4 19 1
4 23 1
4 35 1
4 43 1
4 47 1
4 51 1
5 7 1
5 8 1
5 12 1
5 17 1
5 18 1
5 22 1
5 29 1
5 33 1
5 45 1
5 50 1
6 12 1
6 27 1
6 28 1
6 29 1
6 34 1
6 44 1
6 45 1
6 46 1
6 49 1
6 54 1
6 59 1
7 8 1
7 10 1
7 16 1
7 17 1
7 18 1
7 20 1
7 23 1
7 27 1
7 28 1
7 29 1
7 31 1
7 34 1
7 43 1
7 45 1
7 46 1
7 47 1
7 50 1
7 51 1
7 56 1
8 13 1
8 14 1
8 16 1
8 18 1
8 21 1
8 23 1
8 27 1
8 28 1
8 39 1
8 40 1
8 43 1
8 54 1
8 56 1
8 57 1
8 59 1
9 10 1
9 12 1
9 24 1
9 28 1
9 29 1
9 30 1
9 31 1
9 32 1
9 39 1
9 44 1
9 55 1
9 58 1
10 12 1
10 14 1
10 18 1
10 21 1
10 22 1
10 26 1
10 37 1
10 46 1
10 47 1
10 49 1
10 51 1
10 58 1
11 13 1
11 21 1
11 23 1
11 29 1
11 30 1
11 35 1
11 38 1
11 41 1
11 44 1
11 50 1
11 57 1
11 59 1
12 15 1
12 22 1
12 23 1
12 27 1
12 29 1
12 35 1
12 42 1
12 44 1
12 46 1
12 53 1
12 57 1
12 58 1
13 17 1
13 24 1
13 26 1
13 33 1
13 36 1
13 47 1
13 49 1
13 55 1
13 58 1
14 18 1
14 20 1
14 24 1
14 25 1
14 34 1
14 36 1
14 39 1
14 43 1
14 47 1
14 58 1
15 19 1
15 28 1
15 31 1
15 35 1
15 52 1
15 53 1
16 17 1
16 19 1
16 20 1
16 21 1
16 25 1
16 26 1
16 27 1
16 34 1
16 40 1
16 45 1
16 46 1
17 19 1
17 32 1
17 36 1
17 39 1
17 42 1
17 43 1
17 45 1
17 47 1
17 50 1
17 52 1
17 54 1
17 55 1
18 19 1
18 25 1
18 27 1
18 28 1
18 34 1
18 37 1
18 38 1
18 41 1
18 44 1
18 46 1
18 47 1
18 53 1
18 54 1
18 55 1
18 59 1
19 22 1
19 24 1
19 26 1
19 31 1
19 36 1
19 43 1
19 45 1
19 48 1
19 49 1
19 52 1
19 53 1
19 54 1
20 25 1
20 29 1
20 31 1
20 33 1
20 34 1
20 39 1
20 43 1
20 46 1
20 54 1
21 26 1
21 28 1
21 31 1
21 33 1
21 34 1
21 37 1
21 39 1
21 43 1
21 44 1
21 57 1
21 58 1
22 26 1
22 28 1
22 35 1
22 37 1
22 38 1
22 50 1
22 54 1
23 26 1
23 27 1
23 36 1
23 45 1
24 25 1
24 28 1
24 30 1
24 33 1
24 39 1
24 41 1
24 46 1
24 51 1
24 52 1
24 54 1
24 55 1
25 29 1
25 30 1
25 33 1
25 34 1
25 40 1
25 43 1
25 44 1
25 46 1
25 49 1
25 54 1
25 56 1
25 57 1
26 28 1
26 30 1
26 32 1
26 37 1
26 38 1
26 40 1
26 42 1
26 43 1
26 46 1
26 53 1
27 28 1
27 29 1
27 41 1
27 42 1
27 45 1
27 48 1
27 53 1
27 54 1
27 55 1
27 59 1
28 33 1
28 34 1
28 36 1
28 37 1
28 43 1
28 44 1
28 49 1
28 50 1
28 51 1
28 52 1
29 30 1
29 31 1
29 32 1
29 39 1
29 42 1
29 43 1
29 47 1
29 49 1
29 56 1
29 59 1
30 33 1
30 38 1
30 42 1
30 43 1
30 45 1
30 50 1
30 52 1
30 53 1
30 57 1
31 36 1
31 38 1
31 51 1
31 57 1
31 58 1
31 59 1
32 33 1
32 34 1
32 42 1
32 43 1
32 45 1
32 55 1
33 34 1
33 48 1
33 52 1
33 53 1
33 54 1
33 58 1
34 37 1
34 39 1
34 41 1
34 42 1
34 46 1
34 59 1
35 41 1
35 46 1
35 49 1
35 53 1
35 54 1
36 42 1
36 44 1
36 45 1
36 46 1
36 53 1
36 55 1
36 59 1
37 43 1
37 46 1
37 48 1
37 55 1
38 43 1
38 45 1
38 49 1
38 53 1
38 54 1
38 56 1
38 58 1
38 59 1
39 45 1
39 53 1
40 42 1
40 46 1
40 49 1
40 50 1
40 51 1
40 53 1
41 42 1
41 43 1
41 44 1
41 53 1
41 55 1
42 45 1
43 45 1
43 48 1
43 49 1
43 50 1
43 51 1
43 52 1
43 55 1
43 56 1
45 48 1
45 59 1
46 47 1
46 50 1
47 50 1
47 51 1
47 52 1
47 57 1
47 58 1
48 52 1
48 57 1
48 59 1
49 50 1
49 57 1
49 59 1
50 51 1
50 53 1
50 57 1
51 57 1
52 57 1
52 59 1
53 56 1
53 57 1
55 57 1
57 58 1
1
28 33 37 24 34 45
