1656
0 15 1
0 16 1
0 33 1
0 41 1
0 46 1
0 55 1
0 63 1
0 66 1
0 86 1
0 90 1
0 91 1
0 96 1
0 109 1
0 115 1
0 121 1
0 124 1
0 125 1
0 150 1
0 162 1
1 4 1
1 6 1
1 11 1
1 13 1
1 18 1
1 25 1
1 39 1
1 42 1
1 63 1
1 64 1
1 65 1
1 72 1
1 76 1
1 89 1
1 94 1
1 103 1
1 129 1
1 132 1
1 160 1
1 166 1
2 5 1
2 18 1
2 19 1
2 24 1
2 37 1
2 76 1
2 79 1
2 83 1
2 91 1
2 97 1
2 116 1
2 118 1
2 141 1
2 149 1
2 155 1
3 10 1
3 11 1
3 13 1
3 24 1
3 34 1
3 36 1
3 41 1
3 54 1
3 55 1
3 75 1
3 83 1
3 91 1
3 92 1
3 95 1
3 101 1
3 106 1
3 109 1
3 117 1
3 128 1
3 132 1
3 151 1
3 156 1
3 163 1
4 11 1
4 14 1
4 21 1
4 24 1
4 26 1
4 34 1
4 40 1
4 55 1
4 71 1
4 86 1
4 96 1
4 100 1
4 105 1
4 115 1
4 133 1
4 138 1
4 142 1
4 149 1
4 150 1
4 160 1
5 12 1
5 14 1
5 16 1
5 31 1
5 50 1
5 53 1
5 60 1
5 66 1
5 70 1
5 74 1
5 79 1
5 88 1
5 95 1
5 96 1
5 98 1
5 111 1
5 126 1
5 129 1
5 146 1
5 154 1
5 155 1
5 166 1
5 168 1
6 7 1
6 29 1
6 42 1
6 47 1
6 48 1
6 56 1
6 61 1
6 70 1
6 72 1
6 77 1
6 92 1
6 100 1
6 108 1
6 113 1
6 117 1
6 151 1
7 8 1
7 31 1
7 34 1
7 45 1
7 50 1
7 58 1
7 73 1
7 76 1
7 81 1
7 86 1
7 87 1
7 92 1
7 113 1
7 121 1
7 127 1
7 143 1
7 153 1
7 156 1
7 165 1
8 16 1
8 26 1
8 28 1
8 39 1
8 41 1
8 54 1
8 57 1
8 70 1
8 71 1
8 76 1
8 84 1
8 87 1
8 95 1
8 101 1
8 122 1
8 132 1
8 140 1
8 145 1
8 158 1
8 163 1
8 169 1
9 10 1
9 22 1
9 25 1
9 27 1
9 45 1
9 48 1
9 55 1
9 59 1
9 61 1
9 71 1
9 86 1
9 88 1
9 139 1
9 149 1
9 154 1
9 167 1
9 169 1
10 29 1
10 37 1
10 54 1
10 66 1
10 71 1
10 101 1
10 103 1
10 105 1
10 108 1
10 112 1
10 123 1
10 132 1
10 134 1
10 142 1
10 146 1
10 157 1
10 158 1
10 163 1
11 18 1
11 30 1
11 32 1
11 37 1
11 47 1
11 75 1
11 82 1
11 97 1
11 102 1
11 112 1
11 121 1
11 122 1
11 129 1
11 132 1
11 143 1
11 144 1
11 149 1
11 151 1
12 30 1
12 36 1
12 46 1
12 50 1
12 51 1
12 61 1
12 62 1
12 70 1
12 74 1
12 80 1
12 85 1
12 97 1
12 101 1
12 103 1
12 106 1
12 113 1
12 142 1
12 144 1
12 146 1
12 148 1
13 37 1
13 53 1
13 67 1
13 76 1
13 78 1
13 81 1
13 91 1
13 97 1
13 104 1
13 109 1
13 110 1
13 114 1
13 123 1
13 126 1
13 136 1
13 137 1
13 138 1
13 160 1
13 163 1
13 169 1
14 18 1
14 24 1
14 35 1
14 37 1
14 49 1
14 55 1
14 60 1
14 61 1
14 93 1
14 97 1
14 120 1
14 131 1
14 140 1
14 162 1
15 17 1
15 43 1
15 63 1
15 82 1
15 98 1
15 118 1
15 146 1
15 157 1
15 160 1
15 165 1
16 20 1
16 24 1
16 31 1
16 35 1
16 39 1
16 43 1
16 46 1
16 48 1
16 50 1
16 53 1
16 57 1
16 102 1
16 131 1
16 135 1
16 144 1
16 149 1
17 20 1
17 27 1
17 41 1
17 43 1
17 46 1
17 60 1
17 62 1
17 68 1
17 71 1
17 75 1
17 94 1
17 105 1
17 117 1
17 119 1
17 120 1
17 127 1
17 128 1
17 131 1
17 137 1
17 140 1
17 144 1
17 147 1
17 153 1
17 155 1
17 159 1
17 169 1
18 20 1
18 28 1
18 47 1
18 48 1
18 55 1
18 59 1
18 70 1
18 74 1
18 78 1
18 80 1
18 96 1
18 103 1
18 104 1
18 108 1
18 120 1
18 156 1
18 160 1
18 163 1
18 169 1
19 23 1
19 25 1
19 43 1
19 69 1
19 81 1
19 85 1
19 88 1
19 106 1
19 118 1
19 130 1
19 136 1
19 137 1
19 138 1
19 139 1
19 141 1
19 143 1
19 145 1
19 158 1
19 165 1
20 25 1
20 32 1
20 38 1
20 40 1
20 54 1
20 60 1
20 77 1
20 88 1
20 95 1
20 99 1
20 119 1
20 128 1
20 132 1
20 145 1
20 158 1
20 167 1
21 67 1
21 76 1
21 81 1
21 84 1
21 90 1
21 91 1
21 97 1
21 116 1
21 121 1
21 131 1
21 139 1
21 145 1
21 157 1
21 167 1
21 168 1
21 169 1
22 29 1
22 30 1
22 42 1
22 48 1
22 51 1
22 54 1
22 63 1
22 65 1
22 79 1
22 83 1
22 84 1
22 85 1
22 102 1
22 118 1
22 121 1
22 130 1
22 132 1
22 137 1
22 140 1
22 142 1
22 146 1
22 154 1
22 156 1
22 161 1
22 162 1
22 164 1
23 35 1
23 41 1
23 43 1
23 48 1
23 61 1
23 63 1
23 67 1
23 93 1
23 96 1
23 100 1
23 105 1
23 106 1
23 108 1
23 124 1
23 141 1
23 153 1
23 156 1
24 26 1
24 33 1
24 35 1
24 38 1
24 39 1
24 62 1
24 81 1
24 90 1
24 100 1
24 104 1
24 124 1
24 148 1
24 160 1
24 168 1
25 44 1
25 49 1
25 60 1
25 61 1
25 66 1
25 68 1
25 72 1
25 75 1
25 78 1
25 115 1
25 126 1
25 133 1
25 137 1
25 138 1
25 145 1
25 153 1
26 46 1
26 53 1
26 82 1
26 96 1
26 99 1
26 100 1
26 101 1
26 102 1
26 105 1
26 121 1
26 132 1
26 135 1
26 139 1
26 144 1
26 145 1
26 151 1
26 161 1
26 163 1
27 42 1
27 43 1
27 48 1
27 49 1
27 53 1
27 57 1
27 60 1
27 64 1
27 65 1
27 66 1
27 90 1
27 102 1
27 104 1
27 106 1
27 108 1
27 113 1
27 125 1
27 130 1
27 131 1
27 138 1
27 140 1
27 165 1
28 33 1
28 41 1
28 44 1
28 45 1
28 63 1
28 69 1
28 82 1
28 90 1
28 91 1
28 103 1
28 105 1
28 109 1
28 133 1
28 165 1
28 167 1
29 32 1
29 35 1
29 37 1
29 50 1
29 55 1
29 59 1
29 71 1
29 95 1
29 99 1
29 102 1
29 110 1
29 112 1
29 122 1
29 125 1
29 148 1
29 161 1
30 31 1
30 34 1
30 35 1
30 42 1
30 46 1
30 51 1
30 52 1
30 60 1
30 75 1
30 90 1
30 103 1
30 106 1
30 112 1
30 113 1
30 135 1
30 137 1
30 146 1
30 158 1
31 35 1
31 40 1
31 51 1
31 61 1
31 64 1
31 65 1
31 66 1
31 81 1
31 87 1
31 89 1
31 105 1
31 111 1
31 113 1
31 132 1
31 146 1
31 149 1
31 153 1
31 154 1
31 156 1
31 161 1
32 63 1
32 70 1
32 86 1
32 91 1
32 105 1
32 115 1
32 117 1
32 160 1
32 168 1
33 36 1
33 39 1
33 42 1
33 82 1
33 86 1
33 90 1
33 111 1
33 117 1
33 136 1
33 139 1
33 169 1
34 36 1
34 37 1
34 38 1
34 44 1
34 68 1
34 85 1
34 94 1
34 98 1
34 126 1
34 134 1
34 136 1
34 145 1
34 154 1
34 157 1
35 37 1
35 38 1
35 41 1
35 45 1
35 49 1
35 71 1
35 74 1
35 82 1
35 115 1
35 119 1
35 134 1
35 136 1
35 152 1
35 153 1
35 155 1
35 158 1
35 168 1
35 169 1
36 41 1
36 45 1
36 47 1
36 48 1
36 52 1
36 56 1
36 61 1
36 63 1
36 68 1
36 72 1
36 84 1
36 116 1
36 120 1
36 124 1
36 129 1
36 134 1
36 140 1
36 141 1
36 153 1
36 155 1
36 163 1
36 166 1
37 64 1
37 77 1
37 91 1
37 99 1
37 101 1
37 135 1
37 137 1
37 142 1
37 152 1
37 163 1
38 40 1
38 43 1
38 71 1
38 79 1
38 95 1
38 98 1
38 146 1
38 148 1
38 158 1
39 48 1
39 53 1
39 62 1
39 68 1
39 75 1
39 87 1
39 98 1
39 111 1
39 124 1
39 129 1
39 133 1
39 144 1
39 151 1
40 52 1
40 74 1
40 95 1
40 107 1
40 122 1
40 125 1
40 134 1
40 141 1
40 155 1
40 166 1
40 168 1
41 44 1
41 50 1
41 57 1
41 82 1
41 89 1
41 93 1
41 106 1
41 133 1
41 135 1
42 80 1
42 82 1
42 105 1
42 119 1
42 124 1
42 132 1
43 61 1
43 70 1
43 94 1
43 98 1
43 104 1
43 108 1
43 130 1
43 149 1
44 53 1
44 57 1
44 78 1
44 80 1
44 83 1
44 86 1
44 94 1
44 96 1
44 99 1
44 106 1
44 113 1
44 126 1
44 127 1
44 128 1
44 129 1
44 136 1
44 137 1
44 139 1
44 141 1
44 144 1
44 159 1
44 160 1
45 57 1
45 78 1
45 93 1
45 99 1
45 117 1
45 121 1
45 135 1
45 143 1
45 147 1
45 148 1
45 154 1
45 166 1
46 48 1
46 52 1
46 56 1
46 66 1
46 67 1
46 68 1
46 78 1
46 89 1
46 112 1
46 115 1
46 140 1
46 147 1
46 159 1
46 161 1
47 49 1
47 50 1
47 61 1
47 65 1
47 103 1
47 120 1
47 127 1
47 135 1
47 160 1
47 162 1
48 63 1
48 66 1
48 69 1
48 102 1
48 105 1
48 106 1
48 108 1
48 117 1
48 118 1
48 130 1
48 147 1
48 152 1
48 167 1
48 168 1
49 70 1
49 73 1
49 74 1
49 79 1
49 98 1
49 133 1
49 143 1
49 166 1
50 51 1
50 71 1
50 75 1
50 89 1
50 92 1
50 96 1
50 99 1
50 125 1
50 126 1
50 143 1
50 148 1
50 152 1
50 156 1
50 161 1
51 54 1
51 55 1
51 67 1
51 68 1
51 77 1
51 102 1
51 103 1
51 108 1
51 113 1
51 121 1
51 128 1
51 131 1
51 148 1
51 158 1
51 159 1
51 160 1
51 166 1
52 56 1
52 59 1
52 63 1
52 66 1
52 80 1
52 94 1
52 96 1
52 129 1
52 133 1
52 154 1
52 155 1
52 156 1
52 168 1
53 56 1
53 64 1
53 77 1
53 83 1
53 87 1
53 88 1
53 95 1
53 110 1
53 111 1
53 128 1
53 129 1
53 153 1
53 155 1
53 159 1
53 161 1
54 78 1
54 114 1
54 116 1
54 125 1
54 126 1
54 129 1
54 131 1
54 149 1
54 167 1
54 168 1
55 57 1
55 68 1
55 76 1
55 86 1
55 87 1
55 88 1
55 92 1
55 94 1
55 118 1
55 119 1
55 126 1
55 127 1
55 134 1
55 153 1
55 154 1
55 166 1
56 97 1
56 101 1
56 104 1
56 111 1
56 131 1
56 139 1
56 161 1
56 167 1
57 62 1
57 65 1
57 66 1
57 67 1
57 77 1
57 83 1
57 112 1
57 126 1
57 147 1
57 149 1
57 150 1
57 167 1
58 59 1
58 64 1
58 76 1
58 88 1
58 91 1
58 97 1
58 102 1
58 112 1
58 113 1
58 125 1
58 133 1
58 134 1
58 135 1
58 140 1
58 143 1
58 148 1
58 150 1
58 166 1
59 60 1
59 72 1
59 74 1
59 78 1
59 84 1
59 85 1
59 89 1
59 90 1
59 95 1
59 96 1
59 99 1
59 111 1
59 117 1
59 119 1
59 133 1
59 136 1
59 137 1
59 140 1
59 143 1
59 144 1
59 148 1
59 152 1
59 159 1
60 80 1
60 92 1
60 97 1
60 104 1
60 134 1
60 141 1
60 150 1
60 155 1
60 166 1
61 65 1
61 76 1
61 86 1
61 91 1
61 97 1
61 101 1
61 135 1
61 153 1
62 64 1
62 99 1
62 104 1
62 117 1
62 118 1
62 160 1
62 164 1
63 76 1
63 84 1
63 90 1
63 99 1
63 120 1
63 133 1
63 134 1
63 149 1
63 153 1
63 159 1
64 75 1
64 79 1
64 94 1
64 97 1
64 111 1
64 115 1
64 120 1
64 121 1
64 125 1
64 130 1
64 133 1
64 145 1
64 155 1
64 167 1
65 70 1
65 87 1
65 98 1
65 100 1
65 101 1
65 110 1
65 119 1
65 123 1
65 133 1
65 134 1
65 139 1
65 152 1
65 164 1
66 78 1
66 85 1
66 88 1
66 90 1
66 98 1
66 109 1
66 112 1
66 118 1
66 122 1
66 134 1
66 154 1
66 163 1
66 166 1
67 78 1
67 84 1
67 91 1
67 123 1
67 124 1
67 128 1
67 140 1
67 149 1
67 160 1
67 161 1
67 165 1
67 169 1
68 69 1
68 71 1
68 89 1
68 93 1
68 96 1
68 97 1
68 104 1
68 123 1
68 125 1
68 128 1
68 146 1
68 148 1
68 158 1
68 164 1
68 165 1
69 74 1
69 97 1
69 99 1
69 107 1
69 109 1
69 110 1
69 118 1
69 132 1
69 133 1
69 144 1
69 146 1
69 155 1
70 91 1
70 94 1
70 99 1
70 104 1
70 110 1
70 111 1
70 114 1
70 117 1
70 118 1
70 120 1
70 125 1
70 127 1
70 146 1
70 161 1
70 169 1
71 76 1
71 79 1
71 96 1
71 101 1
71 105 1
71 106 1
71 114 1
71 115 1
71 116 1
71 117 1
71 123 1
71 142 1
71 147 1
71 148 1
71 155 1
71 157 1
71 167 1
72 97 1
72 101 1
72 102 1
72 109 1
72 114 1
72 121 1
72 124 1
72 127 1
72 131 1
72 133 1
72 139 1
72 140 1
72 142 1
72 152 1
72 157 1
72 160 1
73 74 1
73 93 1
73 99 1
73 106 1
73 107 1
73 117 1
73 123 1
73 129 1
73 146 1
73 152 1
73 155 1
74 77 1
74 131 1
74 138 1
74 151 1
74 152 1
74 168 1
75 77 1
75 82 1
75 84 1
75 89 1
75 90 1
75 91 1
75 96 1
75 99 1
75 119 1
75 128 1
75 133 1
75 141 1
75 152 1
75 153 1
75 156 1
75 162 1
75 163 1
76 84 1
76 89 1
76 100 1
76 104 1
76 110 1
76 113 1
76 116 1
76 117 1
76 120 1
76 130 1
76 150 1
76 151 1
77 80 1
77 84 1
77 90 1
77 101 1
77 127 1
77 145 1
77 152 1
77 154 1
77 163 1
77 167 1
78 92 1
78 98 1
78 100 1
78 116 1
78 129 1
78 143 1
78 147 1
78 152 1
78 154 1
78 160 1
78 166 1
79 84 1
79 97 1
79 100 1
79 115 1
79 119 1
79 145 1
79 151 1
79 154 1
79 163 1
79 168 1
80 97 1
80 108 1
80 109 1
80 116 1
80 122 1
80 140 1
80 156 1
80 163 1
80 169 1
81 97 1
81 126 1
81 127 1
81 128 1
81 134 1
81 153 1
81 154 1
82 90 1
82 94 1
82 111 1
82 126 1
82 132 1
82 139 1
82 151 1
82 158 1
82 162 1
82 167 1
83 84 1
83 88 1
83 94 1
83 110 1
83 116 1
83 117 1
83 126 1
83 127 1
83 130 1
83 137 1
83 143 1
83 150 1
83 159 1
83 160 1
83 164 1
84 86 1
84 92 1
84 95 1
84 96 1
84 105 1
84 111 1
84 112 1
84 114 1
84 121 1
84 131 1
84 153 1
85 86 1
85 92 1
85 99 1
85 101 1
85 113 1
85 116 1
85 129 1
85 133 1
85 137 1
86 87 1
86 102 1
86 116 1
86 123 1
86 148 1
86 165 1
87 90 1
87 91 1
87 110 1
87 120 1
87 129 1
87 132 1
87 134 1
87 152 1
87 161 1
87 164 1
87 165 1
88 95 1
88 97 1
88 108 1
88 125 1
88 143 1
88 149 1
88 152 1
88 154 1
88 169 1
89 94 1
89 100 1
89 129 1
89 134 1
89 135 1
89 146 1
89 151 1
89 165 1
89 166 1
90 96 1
90 97 1
90 102 1
90 108 1
90 112 1
90 115 1
90 118 1
90 120 1
90 124 1
90 142 1
90 144 1
90 168 1
91 95 1
91 97 1
91 103 1
91 109 1
91 122 1
91 133 1
91 139 1
91 140 1
91 158 1
92 97 1
92 99 1
92 102 1
92 106 1
92 111 1
92 149 1
92 155 1
92 157 1
93 100 1
93 101 1
93 104 1
93 108 1
93 119 1
93 128 1
93 137 1
93 143 1
93 148 1
93 159 1
93 166 1
93 168 1
94 99 1
94 113 1
94 119 1
94 124 1
94 128 1
94 139 1
94 142 1
94 147 1
94 156 1
94 165 1
94 168 1
95 100 1
95 102 1
95 105 1
95 110 1
95 116 1
95 129 1
95 141 1
95 151 1
95 156 1
95 163 1
95 167 1
96 106 1
96 114 1
96 121 1
96 123 1
96 136 1
96 140 1
96 141 1
96 148 1
96 164 1
97 112 1
97 124 1
97 132 1
97 144 1
97 152 1
97 161 1
98 112 1
98 129 1
98 134 1
98 142 1
99 100 1
99 102 1
99 109 1
99 111 1
99 132 1
99 146 1
99 147 1
99 157 1
99 167 1
100 108 1
100 112 1
100 114 1
100 118 1
100 120 1
100 122 1
100 130 1
100 135 1
100 145 1
100 152 1
100 157 1
100 159 1
101 102 1
101 103 1
101 112 1
101 114 1
101 122 1
101 123 1
101 129 1
101 135 1
101 143 1
101 152 1
101 159 1
101 162 1
102 126 1
102 132 1
102 136 1
102 143 1
102 147 1
102 153 1
102 163 1
102 165 1
103 107 1
103 126 1
103 131 1
103 133 1
103 135 1
103 142 1
103 165 1
104 108 1
104 120 1
104 121 1
104 143 1
104 149 1
105 106 1
105 114 1
105 130 1
105 141 1
105 159 1
106 112 1
106 118 1
106 128 1
106 130 1
106 132 1
106 147 1
106 150 1
106 153 1
106 157 1
106 167 1
106 168 1
107 109 1
107 133 1
107 145 1
107 157 1
107 163 1
108 115 1
108 128 1
108 129 1
108 137 1
108 138 1
109 111 1
109 113 1
109 114 1
109 115 1
109 121 1
109 135 1
109 146 1
109 153 1
109 154 1
109 165 1
109 168 1
110 131 1
110 134 1
110 155 1
111 120 1
111 130 1
111 140 1
111 146 1
112 131 1
112 150 1
112 154 1
112 169 1
113 118 1
113 119 1
113 122 1
113 126 1
113 128 1
113 144 1
113 152 1
113 169 1
114 119 1
114 121 1
114 130 1
114 131 1
114 162 1
114 163 1
115 121 1
115 123 1
115 143 1
115 163 1
116 136 1
116 142 1
116 146 1
117 129 1
117 131 1
117 136 1
117 141 1
117 147 1
117 150 1
117 158 1
118 125 1
118 128 1
118 142 1
118 143 1
118 144 1
118 147 1
118 161 1
119 144 1
119 145 1
119 147 1
119 156 1
119 165 1
119 167 1
120 121 1
120 128 1
120 136 1
120 143 1
120 165 1
121 127 1
121 144 1
121 156 1
121 161 1
121 167 1
122 125 1
122 127 1
122 148 1
122 154 1
122 155 1
122 157 1
122 167 1
123 131 1
123 135 1
123 165 1
123 169 1
124 137 1
124 147 1
124 153 1
125 130 1
125 135 1
125 138 1
125 149 1
125 154 1
125 163 1
125 167 1
125 169 1
126 127 1
126 133 1
126 138 1
126 141 1
126 146 1
126 151 1
126 155 1
126 157 1
126 158 1
126 162 1
126 164 1
127 135 1
127 142 1
127 146 1
128 132 1
128 141 1
128 143 1
128 146 1
128 159 1
128 161 1
128 162 1
128 169 1
129 136 1
129 145 1
129 155 1
129 161 1
130 146 1
130 151 1
130 153 1
130 155 1
130 161 1
130 166 1
131 132 1
131 134 1
131 136 1
131 148 1
131 156 1
131 157 1
131 162 1
131 166 1
131 169 1
132 142 1
132 149 1
132 150 1
132 157 1
132 159 1
132 161 1
132 164 1
132 167 1
133 135 1
133 158 1
133 165 1
134 135 1
134 137 1
134 139 1
134 147 1
135 162 1
135 163 1
135 169 1
136 140 1
136 145 1
136 147 1
136 153 1
136 165 1
136 168 1
137 145 1
137 148 1
137 149 1
137 158 1
137 166 1
138 140 1
138 143 1
138 144 1
138 163 1
139 153 1
139 158 1
140 147 1
140 154 1
140 165 1
140 167 1
140 168 1
141 150 1
141 162 1
142 163 1
144 147 1
145 147 1
146 148 1
146 155 1
146 159 1
147 149 1
147 153 1
147 157 1
147 163 1
148 151 1
150 154 1
150 165 1
151 168 1
152 158 1
153 160 1
154 156 1
155 157 1
156 162 1
157 158 1
157 159 1
157 164 1
157 165 1
158 161 1
160 169 1
163 168 1
164 165 1
164 166 1
165 169 1
168 169 1
1
31 62 1 16 135 93 145 37 21 169 148 141 104 77 58 152 23
