1063
0 2 1
0 3 1
0 5 1
0 8 1
0 10 1
0 18 1
0 21 1
0 30 1
0 46 1
0 50 1
0 59 1
0 63 1
0 66 1
0 68 1
0 84 1
0 87 1
0 92 1
0 93 1
0 95 1
0 99 1
0 103 1
1 2 1
1 5 1
1 12 1
1 22 1
1 30 1
1 33 1
1 62 1
1 66 1
1 67 1
1 77 1
1 78 1
1 88 1
1 94 1
1 101 1
1 103 1
1 105 1
2 14 1
2 23 1
2 30 1
2 34 1
2 38 1
2 39 1
2 40 1
2 41 1
2 46 1
2 53 1
2 59 1
2 62 1
2 63 1
2 71 1
2 74 1
2 78 1
2 92 1
2 98 1
2 106 1
2 108 1
3 5 1
3 10 1
3 14 1
3 18 1
3 23 1
3 24 1
3 33 1
3 35 1
3 44 1
3 46 1
3 50 1
3 66 1
3 80 1
3 82 1
3 84 1
3 89 1
3 92 1
3 93 1
3 96 1
3 105 1
3 109 1
4 15 1
4 16 1
4 18 1
4 21 1
4 32 1
4 33 1
4 43 1
4 46 1
4 47 1
4 52 1
4 55 1
4 56 1
4 65 1
4 68 1
4 70 1
4 72 1
4 81 1
4 85 1
4 89 1
4 99 1
4 104 1
5 6 1
5 14 1
5 15 1
5 25 1
5 40 1
5 41 1
5 42 1
5 45 1
5 55 1
5 57 1
5 58 1
5 64 1
5 82 1
5 90 1
5 92 1
5 94 1
5 103 1
6 7 1
6 11 1
6 14 1
6 35 1
6 57 1
6 62 1
6 69 1
6 80 1
6 83 1
6 87 1
6 88 1
6 91 1
6 96 1
6 100 1
6 104 1
7 10 1
7 13 1
7 17 1
7 29 1
7 35 1
7 43 1
7 44 1
7 48 1
7 50 1
7 60 1
7 67 1
7 69 1
7 70 1
7 73 1
7 85 1
7 93 1
7 97 1
7 101 1
7 102 1
7 107 1
8 12 1
8 14 1
8 19 1
8 21 1
8 23 1
8 27 1
8 33 1
8 35 1
8 45 1
8 46 1
8 56 1
8 61 1
8 74 1
8 79 1
8 87 1
8 91 1
8 104 1
8 105 1
8 107 1
8 108 1
9 10 1
9 11 1
9 12 1
9 14 1
9 28 1
9 29 1
9 30 1
9 31 1
9 32 1
9 35 1
9 42 1
9 49 1
9 64 1
9 74 1
9 76 1
9 82 1
9 83 1
9 89 1
9 92 1
9 93 1
9 97 1
9 100 1
9 101 1
9 102 1
10 32 1
10 40 1
10 41 1
10 49 1
10 51 1
10 58 1
10 60 1
10 63 1
10 64 1
10 65 1
10 66 1
10 70 1
10 80 1
10 90 1
10 94 1
10 95 1
10 96 1
10 100 1
10 107 1
11 26 1
11 30 1
11 35 1
11 45 1
11 47 1
11 56 1
11 70 1
11 71 1
11 92 1
11 106 1
12 33 1
12 35 1
12 37 1
12 50 1
12 57 1
12 58 1
12 65 1
12 66 1
12 76 1
12 77 1
12 91 1
12 109 1
13 19 1
13 21 1
13 22 1
13 23 1
13 34 1
13 35 1
13 36 1
13 38 1
13 39 1
13 55 1
13 59 1
13 60 1
13 64 1
13 66 1
13 67 1
13 70 1
13 72 1
13 74 1
13 79 1
13 84 1
14 28 1
14 36 1
14 39 1
14 45 1
14 49 1
14 58 1
14 61 1
14 64 1
14 71 1
14 73 1
14 78 1
14 79 1
14 83 1
14 86 1
14 87 1
14 92 1
14 94 1
14 95 1
14 97 1
15 21 1
15 27 1
15 31 1
15 36 1
15 50 1
15 53 1
15 62 1
15 75 1
15 81 1
15 85 1
15 90 1
15 101 1
15 104 1
15 107 1
16 22 1
16 46 1
16 56 1
16 69 1
16 75 1
16 80 1
16 87 1
16 94 1
16 95 1
16 98 1
16 99 1
16 102 1
16 105 1
16 109 1
17 24 1
17 30 1
17 33 1
17 53 1
17 67 1
17 68 1
17 70 1
17 74 1
17 77 1
17 82 1
17 88 1
17 89 1
17 91 1
17 100 1
17 105 1
17 106 1
18 19 1
18 40 1
18 42 1
18 47 1
18 50 1
18 68 1
18 77 1
18 83 1
18 86 1
18 90 1
18 107 1
19 40 1
19 42 1
19 75 1
19 77 1
19 82 1
19 86 1
19 95 1
19 99 1
19 105 1
20 36 1
20 37 1
20 40 1
20 46 1
20 47 1
20 57 1
20 67 1
20 77 1
20 78 1
20 83 1
20 86 1
20 93 1
20 94 1
20 96 1
20 97 1
20 101 1
20 107 1
20 108 1
21 24 1
21 26 1
21 35 1
21 37 1
21 38 1
21 44 1
21 53 1
21 62 1
21 72 1
21 75 1
21 79 1
21 80 1
21 87 1
21 98 1
21 101 1
22 27 1
22 32 1
22 34 1
22 38 1
22 39 1
22 40 1
22 43 1
22 48 1
22 52 1
22 57 1
22 59 1
22 65 1
22 68 1
22 70 1
22 76 1
22 85 1
22 86 1
22 88 1
22 102 1
22 104 1
22 106 1
23 36 1
23 41 1
23 43 1
23 53 1
23 61 1
23 64 1
23 74 1
23 86 1
23 96 1
23 100 1
23 103 1
24 30 1
24 40 1
24 42 1
24 47 1
24 53 1
24 56 1
24 63 1
24 66 1
24 78 1
24 79 1
24 82 1
24 85 1
24 94 1
24 99 1
24 101 1
24 103 1
24 104 1
24 106 1
25 26 1
25 28 1
25 29 1
25 53 1
25 57 1
25 63 1
25 65 1
25 76 1
25 77 1
25 90 1
25 92 1
25 93 1
25 99 1
26 29 1
26 31 1
26 32 1
26 37 1
26 39 1
26 41 1
26 43 1
26 55 1
26 63 1
26 71 1
26 72 1
26 76 1
26 77 1
26 93 1
26 103 1
27 29 1
27 41 1
27 46 1
27 49 1
27 52 1
27 63 1
27 65 1
27 66 1
27 70 1
27 71 1
27 78 1
27 92 1
27 93 1
27 97 1
27 101 1
28 29 1
28 30 1
28 34 1
28 42 1
28 48 1
28 60 1
28 64 1
28 78 1
28 81 1
28 85 1
28 100 1
28 101 1
29 35 1
29 37 1
29 47 1
29 58 1
29 59 1
29 62 1
29 70 1
29 91 1
29 92 1
29 96 1
30 32 1
30 44 1
30 54 1
30 60 1
30 65 1
30 68 1
30 70 1
30 80 1
30 83 1
30 90 1
30 94 1
30 98 1
30 103 1
31 33 1
31 39 1
31 40 1
31 48 1
31 53 1
31 56 1
31 57 1
31 59 1
31 66 1
31 73 1
31 74 1
31 75 1
31 79 1
31 85 1
31 95 1
31 101 1
31 106 1
31 109 1
32 43 1
32 50 1
32 53 1
32 66 1
32 68 1
32 75 1
32 84 1
32 94 1
32 97 1
32 104 1
33 43 1
33 51 1
33 52 1
33 58 1
33 59 1
33 62 1
33 70 1
33 72 1
33 74 1
33 77 1
33 83 1
33 87 1
33 88 1
34 40 1
34 42 1
34 48 1
34 51 1
34 58 1
34 60 1
34 61 1
34 62 1
34 67 1
34 70 1
34 76 1
34 88 1
34 90 1
34 99 1
34 107 1
35 44 1
35 55 1
35 71 1
35 72 1
35 81 1
35 82 1
35 87 1
35 91 1
35 94 1
35 98 1
35 103 1
35 107 1
36 45 1
36 58 1
36 62 1
36 68 1
36 74 1
36 99 1
36 109 1
37 38 1
37 40 1
37 52 1
37 58 1
37 68 1
37 74 1
37 83 1
37 90 1
37 92 1
37 96 1
37 102 1
38 39 1
38 49 1
38 50 1
38 55 1
38 58 1
38 66 1
38 67 1
38 68 1
38 74 1
38 78 1
38 79 1
38 80 1
38 86 1
38 87 1
38 88 1
38 94 1
38 96 1
38 101 1
38 106 1
38 107 1
39 54 1
39 61 1
39 72 1
39 74 1
39 75 1
39 76 1
39 88 1
39 89 1
39 100 1
39 107 1
40 46 1
40 53 1
40 57 1
40 67 1
40 101 1
40 108 1
41 43 1
41 49 1
41 56 1
41 67 1
41 70 1
41 76 1
41 84 1
41 86 1
41 87 1
41 89 1
41 94 1
41 95 1
41 98 1
41 102 1
41 103 1
42 43 1
42 49 1
42 52 1
42 54 1
42 57 1
42 59 1
42 60 1
42 77 1
42 78 1
42 82 1
42 83 1
42 87 1
42 91 1
42 95 1
42 102 1
43 44 1
43 49 1
43 57 1
43 62 1
43 63 1
43 64 1
43 85 1
43 86 1
43 89 1
43 92 1
43 94 1
43 98 1
43 100 1
43 102 1
44 48 1
44 50 1
44 53 1
44 58 1
44 63 1
44 73 1
44 91 1
44 98 1
44 100 1
44 105 1
44 109 1
45 49 1
45 76 1
45 80 1
45 82 1
45 88 1
45 89 1
45 100 1
45 103 1
45 107 1
45 109 1
46 57 1
46 70 1
46 74 1
46 75 1
46 86 1
46 87 1
46 88 1
46 90 1
46 98 1
46 103 1
47 61 1
47 64 1
47 70 1
47 71 1
47 79 1
47 84 1
47 92 1
47 99 1
47 107 1
48 59 1
48 75 1
48 81 1
48 83 1
48 95 1
48 103 1
48 105 1
49 51 1
49 53 1
49 58 1
49 60 1
49 74 1
49 77 1
49 83 1
49 89 1
49 90 1
49 92 1
49 94 1
49 104 1
50 66 1
50 78 1
50 79 1
50 80 1
50 84 1
50 87 1
50 89 1
50 92 1
50 95 1
50 105 1
51 54 1
51 56 1
51 59 1
51 70 1
51 72 1
51 73 1
51 74 1
51 77 1
51 78 1
51 81 1
51 89 1
51 91 1
51 93 1
51 96 1
51 97 1
51 100 1
51 103 1
52 60 1
52 61 1
52 66 1
52 73 1
52 76 1
52 84 1
52 88 1
52 93 1
52 102 1
52 103 1
52 104 1
52 107 1
52 108 1
53 55 1
53 66 1
53 69 1
53 83 1
53 106 1
54 62 1
54 70 1
54 76 1
54 80 1
54 81 1
54 83 1
54 87 1
54 97 1
55 58 1
55 60 1
55 62 1
55 67 1
55 68 1
55 82 1
55 85 1
55 86 1
55 92 1
55 93 1
55 97 1
55 101 1
55 102 1
55 105 1
55 107 1
56 59 1
56 60 1
56 78 1
56 79 1
56 81 1
56 87 1
56 88 1
56 95 1
56 96 1
56 102 1
57 60 1
57 71 1
57 74 1
57 76 1
57 77 1
57 85 1
57 87 1
57 108 1
57 109 1
58 59 1
58 68 1
58 71 1
58 81 1
58 82 1
58 83 1
58 84 1
58 89 1
58 90 1
58 91 1
58 102 1
59 63 1
59 64 1
59 94 1
59 95 1
59 97 1
59 100 1
59 105 1
59 109 1
60 64 1
60 67 1
60 71 1
60 73 1
60 76 1
60 78 1
60 83 1
60 92 1
60 102 1
60 109 1
61 63 1
61 67 1
61 69 1
61 72 1
61 90 1
61 95 1
61 96 1
61 97 1
61 101 1
61 105 1
62 69 1
62 76 1
62 79 1
62 91 1
62 99 1
63 65 1
63 74 1
63 80 1
63 90 1
63 100 1
63 104 1
63 106 1
63 107 1
64 70 1
64 73 1
64 75 1
64 87 1
64 91 1
64 92 1
64 98 1
64 100 1
64 102 1
64 103 1
65 73 1
65 74 1
65 76 1
65 77 1
65 80 1
65 81 1
65 84 1
65 86 1
65 88 1
65 91 1
65 93 1
65 108 1
66 84 1
66 89 1
66 102 1
66 106 1
67 86 1
67 91 1
68 83 1
68 92 1
68 93 1
68 108 1
69 83 1
69 88 1
69 89 1
69 99 1
69 102 1
69 103 1
69 105 1
70 73 1
70 74 1
70 78 1
70 79 1
70 82 1
70 83 1
70 87 1
70 88 1
70 92 1
70 106 1
70 109 1
71 73 1
71 77 1
71 78 1
71 81 1
71 90 1
71 95 1
71 96 1
71 97 1
71 100 1
71 109 1
72 77 1
72 80 1
72 83 1
72 91 1
72 101 1
73 75 1
73 82 1
73 85 1
73 96 1
73 97 1
73 106 1
73 108 1
74 75 1
74 79 1
74 80 1
74 84 1
74 88 1
74 95 1
74 98 1
74 100 1
74 103 1
74 108 1
75 77 1
75 81 1
75 82 1
75 86 1
75 97 1
75 101 1
75 106 1
76 88 1
76 89 1
76 90 1
76 97 1
76 99 1
76 106 1
77 82 1
77 90 1
77 93 1
77 94 1
77 95 1
77 99 1
77 100 1
77 104 1
77 105 1
77 106 1
78 84 1
78 93 1
78 97 1
78 100 1
79 86 1
79 90 1
79 91 1
79 93 1
79 98 1
79 109 1
80 98 1
80 104 1
80 107 1
80 108 1
81 88 1
81 90 1
81 96 1
81 98 1
81 103 1
82 88 1
82 90 1
82 93 1
82 105 1
82 107 1
83 84 1
83 85 1
83 90 1
83 96 1
83 100 1
83 105 1
84 85 1
84 86 1
84 91 1
84 96 1
84 97 1
85 108 1
86 91 1
86 99 1
87 88 1
87 90 1
87 95 1
87 102 1
88 92 1
88 99 1
88 103 1
88 106 1
88 107 1
89 90 1
89 92 1
89 98 1
89 104 1
89 109 1
90 93 1
90 95 1
90 98 1
90 103 1
90 109 1
91 92 1
91 93 1
91 109 1
92 93 1
92 95 1
92 98 1
92 100 1
92 105 1
93 95 1
93 98 1
93 104 1
93 107 1
94 95 1
94 98 1
94 100 1
94 101 1
94 106 1
95 97 1
95 101 1
95 102 1
96 99 1
96 100 1
96 109 1
97 100 1
97 101 1
97 108 1
98 107 1
99 100 1
99 103 1
101 108 1
102 108 1
102 109 1
104 107 1
105 106 1
105 109 1
106 107 1
108 109 1
1
91 63 34 104 61 6 67 39 16 85 18
