764
0 6 1
0 7 1
0 19 1
0 24 1
0 32 1
0 34 1
0 36 1
0 38 1
0 40 1
0 42 1
0 50 1
0 57 1
0 60 1
0 62 1
0 65 1
0 75 1
0 82 1
0 83 1
1 3 1
1 4 1
1 8 1
1 9 1
1 17 1
1 21 1
1 22 1
1 32 1
1 34 1
1 40 1
1 42 1
1 43 1
1 60 1
1 64 1
1 74 1
1 77 1
1 78 1
2 16 1
2 18 1
2 22 1
2 26 1
2 28 1
2 32 1
2 39 1
2 41 1
2 57 1
2 60 1
2 67 1
2 70 1
2 73 1
2 74 1
2 79 1
2 80 1
3 7 1
3 9 1
3 10 1
3 16 1
3 24 1
3 28 1
3 29 1
3 37 1
3 38 1
3 43 1
3 45 1
3 49 1
3 53 1
3 56 1
3 61 1
3 71 1
4 9 1
4 15 1
4 16 1
4 17 1
4 18 1
4 21 1
4 23 1
4 25 1
4 31 1
4 32 1
4 45 1
4 50 1
4 51 1
4 53 1
4 59 1
4 72 1
4 81 1
4 84 1
4 88 1
5 6 1
5 10 1
5 18 1
5 21 1
5 22 1
5 31 1
5 33 1
5 35 1
5 37 1
5 40 1
5 41 1
5 53 1
5 55 1
5 64 1
5 73 1
5 86 1
5 87 1
5 89 1
6 8 1
6 17 1
6 18 1
6 25 1
6 31 1
6 40 1
6 43 1
6 44 1
6 53 1
6 57 1
6 66 1
6 67 1
6 73 1
6 75 1
6 78 1
6 79 1
6 89 1
7 10 1
7 22 1
7 23 1
7 26 1
7 27 1
7 43 1
7 45 1
7 56 1
7 62 1
7 71 1
7 82 1
7 86 1
7 88 1
8 11 1
8 13 1
8 14 1
8 15 1
8 16 1
8 18 1
8 39 1
8 41 1
8 56 1
8 72 1
8 77 1
8 79 1
8 84 1
9 20 1
9 23 1
9 25 1
9 26 1
9 28 1
9 32 1
9 36 1
9 41 1
9 51 1
9 54 1
9 61 1
9 65 1
9 72 1
9 73 1
9 81 1
9 82 1
10 17 1
10 18 1
10 20 1
10 23 1
10 36 1
10 37 1
10 38 1
10 43 1
10 50 1
10 55 1
10 58 1
10 71 1
11 19 1
11 27 1
11 34 1
11 35 1
11 37 1
11 50 1
11 52 1
11 53 1
11 54 1
11 55 1
11 56 1
11 58 1
11 59 1
11 61 1
11 62 1
11 68 1
11 75 1
11 79 1
11 82 1
11 84 1
11 86 1
11 89 1
12 14 1
12 16 1
12 19 1
12 22 1
12 27 1
12 31 1
12 35 1
12 41 1
12 54 1
12 60 1
12 62 1
12 76 1
12 78 1
12 80 1
12 83 1
13 14 1
13 19 1
13 20 1
13 21 1
13 22 1
13 23 1
13 42 1
13 47 1
13 48 1
13 57 1
13 65 1
13 67 1
13 70 1
13 77 1
13 83 1
13 84 1
14 17 1
14 22 1
14 32 1
14 33 1
14 34 1
14 37 1
14 38 1
14 39 1
14 41 1
14 42 1
14 50 1
14 54 1
14 55 1
14 57 1
14 58 1
14 60 1
14 70 1
14 72 1
14 84 1
14 89 1
15 21 1
15 24 1
15 27 1
15 28 1
15 33 1
15 38 1
15 39 1
15 40 1
15 51 1
15 55 1
15 59 1
15 64 1
15 70 1
15 72 1
15 80 1
15 87 1
16 18 1
16 21 1
16 23 1
16 37 1
16 44 1
16 49 1
16 57 1
16 61 1
16 87 1
17 19 1
17 34 1
17 35 1
17 36 1
17 41 1
17 50 1
17 51 1
17 54 1
17 57 1
17 58 1
17 76 1
17 88 1
17 89 1
18 23 1
18 26 1
18 34 1
18 41 1
18 42 1
18 43 1
18 63 1
18 68 1
18 69 1
18 70 1
18 79 1
18 81 1
18 82 1
18 86 1
19 20 1
19 21 1
19 25 1
19 32 1
19 37 1
19 39 1
19 52 1
19 53 1
19 54 1
19 63 1
19 71 1
19 72 1
19 76 1
19 83 1
20 24 1
20 30 1
20 33 1
20 39 1
20 40 1
20 48 1
21 27 1
21 33 1
21 37 1
21 38 1
21 39 1
21 48 1
21 50 1
21 58 1
21 60 1
21 69 1
21 75 1
21 80 1
21 81 1
21 82 1
21 88 1
22 32 1
22 45 1
22 46 1
22 50 1
22 54 1
22 55 1
22 64 1
22 67 1
22 69 1
22 71 1
22 84 1
23 29 1
23 37 1
23 51 1
23 56 1
23 62 1
23 66 1
23 67 1
23 72 1
23 75 1
23 81 1
23 84 1
24 25 1
24 38 1
24 39 1
24 41 1
24 42 1
24 60 1
24 69 1
24 73 1
24 86 1
25 27 1
25 31 1
25 32 1
25 33 1
25 36 1
25 53 1
25 54 1
25 68 1
25 69 1
25 73 1
25 78 1
25 85 1
26 39 1
26 49 1
26 58 1
26 59 1
26 65 1
26 67 1
26 72 1
26 75 1
26 76 1
26 83 1
26 89 1
27 37 1
27 39 1
27 44 1
27 58 1
27 61 1
27 66 1
27 67 1
27 69 1
27 74 1
27 78 1
27 79 1
27 80 1
28 29 1
28 30 1
28 34 1
28 50 1
28 60 1
28 78 1
28 79 1
28 83 1
28 84 1
28 87 1
29 30 1
29 33 1
29 46 1
29 48 1
29 49 1
29 51 1
29 54 1
29 55 1
29 57 1
29 58 1
29 71 1
29 75 1
29 85 1
30 33 1
30 35 1
30 36 1
30 38 1
30 39 1
30 43 1
30 46 1
30 54 1
30 56 1
30 60 1
30 63 1
30 75 1
30 84 1
31 39 1
31 42 1
31 44 1
31 47 1
31 48 1
31 63 1
31 77 1
31 79 1
31 83 1
31 84 1
31 87 1
32 36 1
32 38 1
32 40 1
32 44 1
32 62 1
32 65 1
32 74 1
32 77 1
32 78 1
32 81 1
32 85 1
32 86 1
32 89 1
33 35 1
33 37 1
33 38 1
33 40 1
33 42 1
33 43 1
33 46 1
33 51 1
33 57 1
33 59 1
33 62 1
33 66 1
33 72 1
33 85 1
34 35 1
34 40 1
34 46 1
34 63 1
34 70 1
34 72 1
34 85 1
35 39 1
35 44 1
35 54 1
35 60 1
35 67 1
35 74 1
35 75 1
35 82 1
35 84 1
36 42 1
36 56 1
36 58 1
36 70 1
36 71 1
36 72 1
36 75 1
36 77 1
36 85 1
37 58 1
37 63 1
37 66 1
37 70 1
37 73 1
37 74 1
37 81 1
37 82 1
37 84 1
38 46 1
38 50 1
38 61 1
38 79 1
38 86 1
38 87 1
38 88 1
39 41 1
39 48 1
39 54 1
39 56 1
39 60 1
39 61 1
39 64 1
39 67 1
39 76 1
39 83 1
40 49 1
40 56 1
40 66 1
40 67 1
40 68 1
40 72 1
40 74 1
40 78 1
40 79 1
40 83 1
40 89 1
41 46 1
41 51 1
41 55 1
41 56 1
41 58 1
41 69 1
41 72 1
41 78 1
41 87 1
41 89 1
42 43 1
42 48 1
42 50 1
42 52 1
42 59 1
42 70 1
42 71 1
42 72 1
42 78 1
42 79 1
42 81 1
43 45 1
43 46 1
43 49 1
43 54 1
43 58 1
43 59 1
43 60 1
43 63 1
43 70 1
43 78 1
43 80 1
43 81 1
43 85 1
43 87 1
44 46 1
44 49 1
44 51 1
44 58 1
44 60 1
44 73 1
44 74 1
44 76 1
44 86 1
45 48 1
45 57 1
45 58 1
45 66 1
45 69 1
45 71 1
45 78 1
45 85 1
46 55 1
46 58 1
46 63 1
46 72 1
46 73 1
46 74 1
46 78 1
46 83 1
47 50 1
47 51 1
47 54 1
47 56 1
47 65 1
47 73 1
47 84 1
47 85 1
47 86 1
47 88 1
48 55 1
48 63 1
48 65 1
48 67 1
48 71 1
48 78 1
48 86 1
48 87 1
49 52 1
49 53 1
49 64 1
49 66 1
49 68 1
49 74 1
49 87 1
50 51 1
50 52 1
50 54 1
50 80 1
50 87 1
50 89 1
51 53 1
51 61 1
51 68 1
51 76 1
51 86 1
51 89 1
52 59 1
52 61 1
52 64 1
52 71 1
52 83 1
52 85 1
52 88 1
53 61 1
53 77 1
53 84 1
53 86 1
54 60 1
54 61 1
54 63 1
54 65 1
54 76 1
54 88 1
54 89 1
55 60 1
55 67 1
55 68 1
55 69 1
55 70 1
55 84 1
55 87 1
56 59 1
56 67 1
56 73 1
56 76 1
56 80 1
57 61 1
57 63 1
57 77 1
57 81 1
57 88 1
58 81 1
58 85 1
58 87 1
59 71 1
59 75 1
59 80 1
60 66 1
60 67 1
60 78 1
60 87 1
60 88 1
60 89 1
61 65 1
61 71 1
61 79 1
61 88 1
62 70 1
62 73 1
62 75 1
62 76 1
62 79 1
62 82 1
62 84 1
63 70 1
63 73 1
63 74 1
63 87 1
66 71 1
66 78 1
66 82 1
66 83 1
67 68 1
67 76 1
67 78 1
67 85 1
67 86 1
67 87 1
67 88 1
68 70 1
68 74 1
68 75 1
68 76 1
68 82 1
68 88 1
69 71 1
69 83 1
69 86 1
70 78 1
70 79 1
70 80 1
70 82 1
70 84 1
70 88 1
71 72 1
71 77 1
71 81 1
71 84 1
71 86 1
71 87 1
72 76 1
72 85 1
72 89 1
73 79 1
73 81 1
73 86 1
73 88 1
74 78 1
74 81 1
74 82 1
74 84 1
74 86 1
75 79 1
75 85 1
76 80 1
76 81 1
76 89 1
77 79 1
77 83 1
78 87 1
78 89 1
79 80 1
79 84 1
79 87 1
80 87 1
80 88 1
81 82 1
81 86 1
82 85 1
82 86 1
82 88 1
82 89 1
83 89 1
84 87 1
85 86 1
87 88 1
1
7 19 45 13 84 86 73 78 28
