1008
0 18 1
0 19 1
0 33 1
0 36 1
0 40 1
0 42 1
0 49 1
0 54 1
0 62 1
0 63 1
0 80 1
0 92 1
0 105 1
0 109 1
1 5 1
1 7 1
1 8 1
1 15 1
1 25 1
1 28 1
1 29 1
1 32 1
1 37 1
1 45 1
1 57 1
1 58 1
1 67 1
1 69 1
1 70 1
1 76 1
1 83 1
1 94 1
1 95 1
1 109 1
2 6 1
2 8 1
2 11 1
2 12 1
2 16 1
2 27 1
2 34 1
2 38 1
2 53 1
2 66 1
2 69 1
2 77 1
2 78 1
2 85 1
2 90 1
2 103 1
2 108 1
3 7 1
3 19 1
3 22 1
3 25 1
3 28 1
3 29 1
3 39 1
3 40 1
3 42 1
3 46 1
3 47 1
3 49 1
3 53 1
3 56 1
3 57 1
3 73 1
3 74 1
3 83 1
3 95 1
3 99 1
3 104 1
3 105 1
4 5 1
4 6 1
4 16 1
4 18 1
4 20 1
4 21 1
4 30 1
4 32 1
4 33 1
4 38 1
4 46 1
4 47 1
4 60 1
4 61 1
4 68 1
4 77 1
4 93 1
4 95 1
4 98 1
4 101 1
4 102 1
4 103 1
5 22 1
5 23 1
5 33 1
5 39 1
5 47 1
5 56 1
5 66 1
5 68 1
5 71 1
5 74 1
5 75 1
5 76 1
5 83 1
5 92 1
5 99 1
5 100 1
6 8 1
6 9 1
6 15 1
6 17 1
6 29 1
6 51 1
6 52 1
6 55 1
6 56 1
6 57 1
6 64 1
6 67 1
6 70 1
6 83 1
6 89 1
6 94 1
6 95 1
6 97 1
6 102 1
7 9 1
7 19 1
7 21 1
7 30 1
7 31 1
7 32 1
7 40 1
7 43 1
7 49 1
7 54 1
7 62 1
7 65 1
7 74 1
7 78 1
7 82 1
7 98 1
7 99 1
7 101 1
8 19 1
8 21 1
8 28 1
8 34 1
8 38 1
8 48 1
8 49 1
8 50 1
8 51 1
8 67 1
8 70 1
8 75 1
8 78 1
8 82 1
8 94 1
8 101 1
8 104 1
9 10 1
9 21 1
9 22 1
9 23 1
9 33 1
9 35 1
9 43 1
9 45 1
9 51 1
9 67 1
9 77 1
9 87 1
9 90 1
9 95 1
9 96 1
9 97 1
9 102 1
9 103 1
9 105 1
9 106 1
10 18 1
10 30 1
10 36 1
10 50 1
10 53 1
10 54 1
10 56 1
10 57 1
10 63 1
10 72 1
10 77 1
10 83 1
10 88 1
10 93 1
10 96 1
10 104 1
11 19 1
11 20 1
11 26 1
11 27 1
11 32 1
11 36 1
11 39 1
11 43 1
11 48 1
11 60 1
11 62 1
11 64 1
11 71 1
11 72 1
11 78 1
11 81 1
11 88 1
11 93 1
11 95 1
11 96 1
11 102 1
11 106 1
11 107 1
12 14 1
12 19 1
12 24 1
12 30 1
12 32 1
12 59 1
12 62 1
12 66 1
12 80 1
12 86 1
12 88 1
12 96 1
12 99 1
12 100 1
12 105 1
13 14 1
13 32 1
13 36 1
13 42 1
13 45 1
13 59 1
13 70 1
13 75 1
13 81 1
13 85 1
13 94 1
13 95 1
13 99 1
13 103 1
13 104 1
13 108 1
13 109 1
14 15 1
14 25 1
14 37 1
14 43 1
14 44 1
14 48 1
14 49 1
14 52 1
14 69 1
14 73 1
14 75 1
14 97 1
14 102 1
15 23 1
15 31 1
15 37 1
15 44 1
15 45 1
15 60 1
15 67 1
15 70 1
15 71 1
15 76 1
15 88 1
15 89 1
15 90 1
15 101 1
15 103 1
16 24 1
16 25 1
16 38 1
16 52 1
16 56 1
16 67 1
16 76 1
16 77 1
16 87 1
16 96 1
16 99 1
16 106 1
17 31 1
17 34 1
17 54 1
17 60 1
17 61 1
17 69 1
17 72 1
17 74 1
17 75 1
17 78 1
17 82 1
17 84 1
17 87 1
17 90 1
17 93 1
17 96 1
17 106 1
18 19 1
18 23 1
18 32 1
18 38 1
18 48 1
18 51 1
18 58 1
18 71 1
18 74 1
18 92 1
18 94 1
18 96 1
18 107 1
19 22 1
19 26 1
19 36 1
19 37 1
19 40 1
19 42 1
19 45 1
19 50 1
19 54 1
19 57 1
19 64 1
19 70 1
19 73 1
19 83 1
19 88 1
19 98 1
19 100 1
19 101 1
20 24 1
20 33 1
20 35 1
20 42 1
20 45 1
20 46 1
20 55 1
20 63 1
20 64 1
20 66 1
20 68 1
20 84 1
20 94 1
20 99 1
21 25 1
21 27 1
21 34 1
21 37 1
21 58 1
21 61 1
21 69 1
21 70 1
21 76 1
21 83 1
21 84 1
21 88 1
21 89 1
21 91 1
21 99 1
21 100 1
22 39 1
22 43 1
22 50 1
22 62 1
22 91 1
22 95 1
23 30 1
23 33 1
23 39 1
23 42 1
23 60 1
23 62 1
23 63 1
23 68 1
23 71 1
23 78 1
23 86 1
23 88 1
23 89 1
24 25 1
24 42 1
24 55 1
24 59 1
24 78 1
24 81 1
24 82 1
24 83 1
24 92 1
24 95 1
24 98 1
24 99 1
24 100 1
24 105 1
25 28 1
25 29 1
25 45 1
25 47 1
25 53 1
25 63 1
25 66 1
25 75 1
25 77 1
25 80 1
25 84 1
25 99 1
25 106 1
25 107 1
26 39 1
26 49 1
26 55 1
26 56 1
26 58 1
26 60 1
26 61 1
26 68 1
26 86 1
26 95 1
26 100 1
26 109 1
27 29 1
27 31 1
27 35 1
27 58 1
27 62 1
27 65 1
27 76 1
27 77 1
27 88 1
27 103 1
27 105 1
28 45 1
28 48 1
28 49 1
28 55 1
28 57 1
28 59 1
28 70 1
28 74 1
28 81 1
28 85 1
28 88 1
28 95 1
28 98 1
28 105 1
29 44 1
29 45 1
29 62 1
29 67 1
29 71 1
29 81 1
29 85 1
29 86 1
29 89 1
29 94 1
29 104 1
29 108 1
30 36 1
30 38 1
30 44 1
30 48 1
30 52 1
30 58 1
30 70 1
30 73 1
30 75 1
30 83 1
30 87 1
30 90 1
30 94 1
30 96 1
30 104 1
31 35 1
31 48 1
31 50 1
31 52 1
31 55 1
31 71 1
31 74 1
31 78 1
31 81 1
31 89 1
31 95 1
31 99 1
31 107 1
31 109 1
32 33 1
32 34 1
32 38 1
32 48 1
32 50 1
32 55 1
32 56 1
32 63 1
32 72 1
32 76 1
32 81 1
32 88 1
32 89 1
32 93 1
32 95 1
32 101 1
32 108 1
33 35 1
33 37 1
33 40 1
33 53 1
33 58 1
33 60 1
33 64 1
33 71 1
33 75 1
33 79 1
33 81 1
33 84 1
33 96 1
33 97 1
33 99 1
33 100 1
33 103 1
33 109 1
34 36 1
34 40 1
34 50 1
34 54 1
34 59 1
34 63 1
34 72 1
34 80 1
34 103 1
35 41 1
35 43 1
35 50 1
35 54 1
35 57 1
35 58 1
35 64 1
35 75 1
35 78 1
35 79 1
35 102 1
35 104 1
35 106 1
36 38 1
36 40 1
36 42 1
36 48 1
36 60 1
36 67 1
36 71 1
36 72 1
36 78 1
36 80 1
36 89 1
36 104 1
36 105 1
36 108 1
37 42 1
37 62 1
37 67 1
37 78 1
37 81 1
37 83 1
37 85 1
37 87 1
37 89 1
37 108 1
38 47 1
38 50 1
38 55 1
38 56 1
38 58 1
38 59 1
38 64 1
38 67 1
38 80 1
38 83 1
38 85 1
38 102 1
39 41 1
39 60 1
39 68 1
39 78 1
39 92 1
39 97 1
39 102 1
39 104 1
39 106 1
40 46 1
40 49 1
40 51 1
40 54 1
40 55 1
40 58 1
40 60 1
40 67 1
40 69 1
40 75 1
40 76 1
40 85 1
40 95 1
40 109 1
41 62 1
41 67 1
41 74 1
41 85 1
41 96 1
41 97 1
41 103 1
41 108 1
42 43 1
42 64 1
42 82 1
42 98 1
42 101 1
42 107 1
43 52 1
43 60 1
43 62 1
43 82 1
43 84 1
43 86 1
43 93 1
43 100 1
43 103 1
43 105 1
43 107 1
44 45 1
44 48 1
44 52 1
44 65 1
44 68 1
44 76 1
44 80 1
44 82 1
44 87 1
44 100 1
44 101 1
44 106 1
45 58 1
45 68 1
45 69 1
45 77 1
45 82 1
45 83 1
45 84 1
45 94 1
45 96 1
45 104 1
46 48 1
46 51 1
46 64 1
46 67 1
46 82 1
46 87 1
46 92 1
46 94 1
46 97 1
46 99 1
46 103 1
46 108 1
47 49 1
47 55 1
47 56 1
47 66 1
47 69 1
47 73 1
47 75 1
47 88 1
47 97 1
47 99 1
47 104 1
48 49 1
48 50 1
48 60 1
48 65 1
48 71 1
48 79 1
48 84 1
48 89 1
48 92 1
49 63 1
49 64 1
49 70 1
49 76 1
49 82 1
49 87 1
49 93 1
49 98 1
49 109 1
50 54 1
50 58 1
50 61 1
50 67 1
50 80 1
50 89 1
50 92 1
50 96 1
50 97 1
50 100 1
51 56 1
51 60 1
51 70 1
51 74 1
51 88 1
51 92 1
51 99 1
51 100 1
51 101 1
51 103 1
51 106 1
51 108 1
52 55 1
52 60 1
52 65 1
52 71 1
52 72 1
52 75 1
52 77 1
52 93 1
52 94 1
52 108 1
53 54 1
53 61 1
53 70 1
53 71 1
53 77 1
53 82 1
53 93 1
53 100 1
53 106 1
54 59 1
54 76 1
54 85 1
54 86 1
54 87 1
54 88 1
54 90 1
54 106 1
54 109 1
55 56 1
55 65 1
55 72 1
55 77 1
55 86 1
55 92 1
55 95 1
55 102 1
56 64 1
56 72 1
56 74 1
56 82 1
56 87 1
56 91 1
56 92 1
56 94 1
56 97 1
56 104 1
56 108 1
57 62 1
57 64 1
57 65 1
57 68 1
57 69 1
57 74 1
57 75 1
57 78 1
57 87 1
57 93 1
57 96 1
57 101 1
57 106 1
57 107 1
58 64 1
58 65 1
58 78 1
58 87 1
58 90 1
58 94 1
58 95 1
58 109 1
59 61 1
59 65 1
59 74 1
59 82 1
59 93 1
59 96 1
59 97 1
59 100 1
59 102 1
59 105 1
59 106 1
60 68 1
60 71 1
60 75 1
60 79 1
60 80 1
60 82 1
60 84 1
60 87 1
60 88 1
60 98 1
61 67 1
61 73 1
61 80 1
61 82 1
61 99 1
61 100 1
61 103 1
62 83 1
62 94 1
62 101 1
62 104 1
63 64 1
63 65 1
63 76 1
63 81 1
63 97 1
64 68 1
64 74 1
64 76 1
64 90 1
64 91 1
64 94 1
64 96 1
65 74 1
65 75 1
65 85 1
65 86 1
65 90 1
65 101 1
65 105 1
65 108 1
66 71 1
66 75 1
66 88 1
66 90 1
66 98 1
67 75 1
67 82 1
67 83 1
67 85 1
67 86 1
67 88 1
67 90 1
67 97 1
67 98 1
67 101 1
67 105 1
68 74 1
68 85 1
68 90 1
68 93 1
68 101 1
68 102 1
69 77 1
69 83 1
69 94 1
69 96 1
69 106 1
70 77 1
70 79 1
70 94 1
70 101 1
70 109 1
71 72 1
71 74 1
71 75 1
71 79 1
71 94 1
71 100 1
71 101 1
71 103 1
71 109 1
72 75 1
72 78 1
72 79 1
72 84 1
72 96 1
72 100 1
72 102 1
72 106 1
73 90 1
73 102 1
73 104 1
73 105 1
74 79 1
74 87 1
74 91 1
75 84 1
75 89 1
75 101 1
75 104 1
75 108 1
76 82 1
76 85 1
76 87 1
76 91 1
76 92 1
76 93 1
76 107 1
77 103 1
77 105 1
78 79 1
78 92 1
78 95 1
78 105 1
79 81 1
79 82 1
79 87 1
79 94 1
79 97 1
79 98 1
79 101 1
79 106 1
79 108 1
80 83 1
80 84 1
80 99 1
80 101 1
80 108 1
81 85 1
81 87 1
81 92 1
81 102 1
81 103 1
81 105 1
82 83 1
82 101 1
83 89 1
83 97 1
83 108 1
84 90 1
84 100 1
84 103 1
84 109 1
85 86 1
85 87 1
85 89 1
85 93 1
85 107 1
85 108 1
86 89 1
86 91 1
86 92 1
86 94 1
86 95 1
86 96 1
86 97 1
86 106 1
87 92 1
87 107 1
87 108 1
88 95 1
88 96 1
88 98 1
88 99 1
88 102 1
89 92 1
89 93 1
89 100 1
89 105 1
89 108 1
90 101 1
91 94 1
91 109 1
92 95 1
92 105 1
94 97 1
94 98 1
95 97 1
95 100 1
95 101 1
96 100 1
96 103 1
96 105 1
96 106 1
96 108 1
97 98 1
97 99 1
97 101 1
98 108 1
98 109 1
99 109 1
101 102 1
101 103 1
101 104 1
101 106 1
101 107 1
101 109 1
103 107 1
104 105 1
104 107 1
105 109 1
107 108 1
1
5 106 97 77 84 35 27 28 69 83 71
