1003
0 1 1
0 2 1
0 6 1
0 16 1
0 18 1
0 25 1
0 28 1
0 30 1
0 42 1
0 46 1
0 60 1
0 62 1
0 64 1
0 65 1
0 66 1
0 67 1
0 70 1
0 73 1
0 74 1
0 86 1
0 93 1
0 95 1
0 103 1
1 5 1
1 16 1
1 26 1
1 32 1
1 35 1
1 36 1
1 38 1
1 41 1
1 43 1
1 45 1
1 60 1
1 61 1
1 69 1
1 74 1
1 79 1
1 90 1
1 99 1
1 103 1
2 8 1
2 16 1
2 28 1
2 34 1
2 46 1
2 52 1
2 53 1
2 54 1
2 61 1
2 67 1
2 70 1
2 73 1
2 74 1
2 91 1
2 95 1
2 97 1
3 5 1
3 32 1
3 34 1
3 40 1
3 58 1
3 66 1
3 77 1
3 84 1
3 85 1
3 88 1
3 90 1
3 94 1
3 100 1
4 8 1
4 9 1
4 10 1
4 24 1
4 33 1
4 40 1
4 50 1
4 53 1
4 62 1
4 64 1
4 72 1
4 80 1
4 81 1
5 10 1
5 12 1
5 19 1
5 20 1
5 21 1
5 26 1
5 32 1
5 40 1
5 42 1
5 48 1
5 54 1
5 57 1
5 65 1
5 66 1
5 81 1
5 85 1
5 90 1
5 95 1
5 103 1
6 7 1
6 12 1
6 23 1
6 39 1
6 41 1
6 45 1
6 52 1
6 53 1
6 54 1
6 59 1
6 64 1
6 66 1
6 68 1
6 70 1
6 73 1
6 78 1
6 79 1
6 82 1
6 85 1
6 94 1
6 99 1
6 103 1
6 104 1
7 14 1
7 24 1
7 25 1
7 29 1
7 30 1
7 47 1
7 55 1
7 56 1
7 57 1
7 59 1
7 63 1
7 66 1
7 71 1
7 86 1
7 93 1
7 94 1
8 9 1
8 12 1
8 15 1
8 16 1
8 18 1
8 20 1
8 21 1
8 22 1
8 29 1
8 31 1
8 44 1
8 46 1
8 51 1
8 56 1
8 58 1
8 59 1
8 61 1
8 65 1
8 80 1
8 82 1
8 86 1
8 90 1
8 93 1
8 95 1
8 100 1
8 106 1
8 108 1
9 13 1
9 14 1
9 17 1
9 37 1
9 39 1
9 41 1
9 50 1
9 51 1
9 52 1
9 68 1
9 76 1
9 82 1
9 85 1
9 107 1
10 13 1
10 16 1
10 26 1
10 31 1
10 37 1
10 40 1
10 44 1
10 50 1
10 55 1
10 58 1
10 67 1
10 68 1
10 74 1
10 78 1
10 79 1
10 81 1
10 88 1
10 93 1
10 95 1
10 96 1
10 99 1
10 102 1
11 19 1
11 36 1
11 39 1
11 67 1
11 69 1
11 75 1
11 77 1
11 79 1
11 81 1
11 90 1
11 92 1
11 107 1
12 15 1
12 17 1
12 22 1
12 24 1
12 33 1
12 37 1
12 39 1
12 42 1
12 44 1
12 48 1
12 50 1
12 53 1
12 56 1
12 62 1
12 69 1
12 71 1
12 77 1
12 84 1
12 86 1
12 91 1
12 92 1
12 95 1
12 109 1
13 14 1
13 17 1
13 19 1
13 25 1
13 27 1
13 28 1
13 35 1
13 38 1
13 46 1
13 59 1
13 62 1
13 71 1
13 92 1
13 99 1
13 100 1
13 107 1
14 28 1
14 38 1
14 42 1
14 47 1
14 55 1
14 58 1
14 65 1
14 68 1
14 69 1
14 72 1
14 89 1
14 90 1
14 96 1
14 101 1
14 107 1
15 18 1
15 20 1
15 21 1
15 24 1
15 28 1
15 32 1
15 42 1
15 47 1
15 50 1
15 53 1
15 60 1
15 85 1
15 90 1
15 102 1
15 105 1
15 108 1
15 109 1
16 18 1
16 21 1
16 24 1
16 29 1
16 33 1
16 37 1
16 62 1
16 69 1
16 75 1
16 76 1
16 80 1
16 83 1
16 84 1
16 92 1
16 97 1
16 103 1
17 18 1
17 35 1
17 38 1
17 41 1
17 53 1
17 56 1
17 64 1
17 69 1
17 71 1
17 72 1
17 88 1
17 97 1
18 25 1
18 33 1
18 35 1
18 36 1
18 43 1
18 79 1
18 82 1
18 86 1
18 109 1
19 25 1
19 27 1
19 34 1
19 43 1
19 57 1
19 59 1
19 60 1
19 69 1
19 71 1
19 72 1
19 82 1
19 86 1
19 96 1
19 97 1
19 104 1
19 105 1
19 108 1
19 109 1
20 23 1
20 26 1
20 30 1
20 43 1
20 51 1
20 53 1
20 74 1
20 78 1
20 79 1
20 82 1
20 84 1
20 89 1
20 102 1
20 109 1
21 23 1
21 24 1
21 48 1
21 50 1
21 60 1
21 63 1
21 65 1
21 72 1
21 75 1
21 84 1
21 86 1
21 93 1
21 95 1
21 97 1
21 101 1
21 104 1
22 41 1
22 44 1
22 63 1
22 85 1
22 88 1
22 95 1
22 101 1
22 107 1
22 108 1
23 26 1
23 33 1
23 37 1
23 53 1
23 60 1
23 62 1
23 87 1
23 92 1
23 99 1
23 100 1
23 104 1
23 106 1
24 25 1
24 26 1
24 27 1
24 32 1
24 34 1
24 44 1
24 45 1
24 66 1
24 74 1
24 77 1
24 80 1
24 83 1
24 109 1
25 27 1
25 31 1
25 32 1
25 39 1
25 66 1
25 67 1
25 76 1
25 77 1
25 89 1
25 91 1
25 98 1
25 101 1
25 103 1
25 107 1
26 28 1
26 39 1
26 40 1
26 43 1
26 47 1
26 64 1
26 69 1
26 75 1
26 76 1
26 82 1
26 84 1
26 92 1
26 94 1
26 109 1
27 31 1
27 33 1
27 39 1
27 45 1
27 48 1
27 51 1
27 57 1
27 78 1
27 79 1
27 83 1
27 86 1
27 92 1
27 95 1
27 99 1
27 100 1
28 29 1
28 37 1
28 39 1
28 41 1
28 42 1
28 56 1
28 59 1
28 60 1
28 73 1
28 80 1
28 88 1
28 90 1
28 91 1
28 103 1
29 31 1
29 32 1
29 40 1
29 47 1
29 48 1
29 53 1
29 60 1
29 71 1
29 88 1
29 89 1
29 92 1
29 99 1
29 101 1
29 106 1
30 36 1
30 46 1
30 55 1
30 63 1
30 72 1
30 75 1
30 78 1
30 82 1
30 90 1
30 91 1
30 93 1
30 94 1
30 100 1
30 103 1
31 44 1
31 49 1
31 50 1
31 71 1
31 73 1
31 78 1
31 92 1
31 108 1
31 109 1
32 37 1
32 40 1
32 45 1
32 63 1
32 67 1
32 76 1
32 80 1
32 96 1
33 35 1
33 37 1
33 39 1
33 48 1
33 50 1
33 57 1
33 58 1
33 61 1
33 62 1
33 73 1
33 77 1
33 87 1
33 94 1
34 46 1
34 47 1
34 50 1
34 56 1
34 82 1
34 84 1
34 85 1
34 94 1
34 101 1
34 103 1
35 60 1
35 63 1
35 64 1
35 66 1
35 69 1
35 75 1
35 82 1
35 88 1
35 92 1
35 93 1
35 95 1
35 100 1
35 102 1
35 108 1
36 39 1
36 49 1
36 56 1
36 57 1
36 58 1
36 62 1
36 67 1
36 72 1
36 78 1
36 80 1
36 84 1
36 91 1
36 101 1
36 105 1
37 38 1
37 42 1
37 46 1
37 50 1
37 54 1
37 63 1
37 64 1
37 65 1
37 70 1
37 71 1
37 78 1
37 95 1
37 104 1
38 39 1
38 45 1
38 56 1
38 60 1
38 62 1
38 63 1
38 70 1
38 75 1
38 77 1
38 79 1
38 81 1
38 82 1
38 84 1
38 87 1
38 90 1
38 102 1
39 43 1
39 56 1
39 59 1
39 66 1
39 72 1
39 82 1
39 84 1
39 87 1
39 88 1
39 95 1
39 106 1
40 43 1
40 45 1
40 46 1
40 48 1
40 50 1
40 53 1
40 59 1
40 61 1
40 63 1
40 66 1
40 84 1
40 87 1
40 88 1
40 92 1
40 96 1
40 101 1
40 108 1
41 56 1
41 64 1
41 65 1
41 67 1
41 68 1
41 73 1
41 77 1
41 90 1
41 91 1
41 92 1
41 99 1
41 101 1
42 47 1
42 56 1
42 80 1
42 86 1
42 87 1
42 92 1
42 95 1
42 107 1
43 51 1
43 52 1
43 58 1
43 60 1
43 67 1
43 77 1
43 94 1
43 104 1
44 64 1
44 68 1
44 73 1
44 74 1
44 85 1
44 92 1
44 98 1
44 102 1
44 105 1
45 51 1
45 52 1
45 57 1
45 59 1
45 65 1
45 66 1
45 69 1
45 70 1
45 71 1
45 75 1
45 86 1
45 87 1
45 90 1
45 96 1
46 51 1
46 53 1
46 58 1
46 60 1
46 70 1
46 71 1
46 88 1
46 94 1
46 96 1
46 101 1
47 71 1
47 88 1
47 95 1
47 97 1
47 100 1
47 102 1
47 108 1
48 58 1
48 62 1
48 67 1
48 71 1
48 73 1
48 90 1
48 96 1
48 97 1
48 101 1
49 50 1
49 52 1
49 56 1
49 57 1
49 67 1
49 68 1
49 74 1
49 81 1
49 82 1
49 87 1
49 88 1
49 91 1
49 94 1
49 98 1
49 103 1
49 108 1
49 109 1
50 52 1
50 63 1
50 64 1
50 65 1
50 71 1
50 82 1
50 84 1
50 85 1
50 89 1
51 63 1
51 67 1
51 72 1
51 73 1
51 101 1
52 55 1
52 58 1
52 62 1
52 72 1
52 79 1
52 82 1
52 87 1
52 88 1
52 91 1
52 92 1
52 105 1
52 107 1
53 54 1
53 63 1
53 70 1
53 72 1
53 78 1
53 80 1
53 87 1
53 94 1
53 103 1
53 106 1
53 108 1
54 70 1
54 71 1
54 74 1
54 81 1
54 90 1
54 93 1
54 100 1
55 59 1
55 65 1
55 76 1
55 78 1
55 80 1
55 91 1
55 103 1
55 105 1
55 108 1
56 62 1
56 65 1
56 74 1
56 94 1
56 98 1
56 105 1
56 108 1
57 59 1
57 61 1
57 65 1
57 66 1
57 68 1
57 77 1
57 80 1
57 92 1
57 101 1
57 107 1
57 109 1
58 60 1
58 68 1
58 72 1
58 73 1
58 76 1
58 79 1
58 81 1
58 82 1
58 87 1
58 90 1
58 109 1
59 61 1
59 64 1
59 65 1
59 68 1
59 73 1
59 74 1
59 88 1
59 89 1
59 92 1
60 63 1
60 66 1
60 75 1
60 96 1
60 97 1
61 66 1
61 68 1
61 75 1
61 77 1
61 86 1
61 91 1
61 95 1
61 109 1
62 71 1
62 73 1
62 74 1
62 77 1
62 81 1
62 88 1
62 90 1
62 96 1
62 106 1
62 108 1
63 67 1
63 68 1
63 69 1
63 80 1
63 89 1
63 94 1
63 95 1
63 98 1
63 99 1
64 75 1
64 84 1
64 86 1
64 91 1
64 94 1
64 106 1
64 107 1
65 67 1
65 72 1
65 74 1
65 76 1
65 79 1
65 87 1
65 88 1
65 91 1
65 96 1
65 99 1
66 87 1
66 88 1
66 89 1
66 90 1
66 92 1
66 106 1
67 68 1
67 69 1
67 74 1
67 83 1
67 84 1
67 90 1
67 92 1
67 94 1
67 100 1
68 70 1
68 89 1
68 92 1
68 96 1
69 71 1
69 76 1
69 81 1
69 82 1
69 85 1
69 98 1
70 74 1
70 75 1
70 78 1
70 86 1
70 99 1
71 73 1
71 77 1
71 93 1
71 94 1
71 95 1
71 99 1
71 102 1
71 104 1
71 107 1
72 75 1
72 78 1
72 85 1
72 93 1
72 101 1
72 104 1
72 106 1
72 108 1
73 85 1
73 88 1
73 94 1
73 96 1
73 106 1
73 107 1
74 84 1
74 87 1
74 89 1
74 98 1
74 102 1
74 106 1
74 107 1
74 108 1
75 77 1
75 81 1
75 82 1
75 87 1
75 93 1
75 94 1
75 96 1
75 98 1
75 100 1
75 101 1
76 80 1
76 82 1
76 87 1
76 90 1
76 96 1
76 107 1
77 82 1
77 94 1
78 84 1
78 85 1
78 95 1
78 96 1
79 82 1
79 89 1
79 102 1
79 103 1
80 81 1
80 85 1
80 90 1
80 93 1
80 103 1
80 109 1
81 90 1
81 97 1
81 99 1
82 83 1
82 92 1
82 96 1
82 98 1
82 109 1
83 84 1
83 86 1
83 103 1
84 94 1
84 102 1
84 103 1
85 107 1
86 100 1
86 105 1
87 94 1
87 98 1
87 99 1
87 103 1
87 104 1
87 108 1
88 92 1
88 95 1
88 98 1
88 101 1
89 91 1
89 98 1
89 103 1
89 107 1
89 108 1
91 94 1
91 97 1
91 100 1
92 96 1
92 100 1
92 102 1
92 107 1
93 99 1
93 100 1
93 104 1
94 101 1
94 105 1
95 107 1
95 109 1
96 97 1
96 102 1
97 98 1
97 101 1
97 102 1
97 103 1
97 105 1
98 99 1
98 100 1
99 104 1
101 105 1
101 108 1
105 109 1
106 107 1
1
99 65 93 40 85 69 45 106 44 9 42
