1138
0 7 1
0 11 1
0 29 1
0 49 1
0 50 1
0 51 1
0 54 1
0 55 1
0 58 1
0 61 1
0 84 1
0 88 1
0 91 1
0 92 1
0 93 1
0 94 1
0 99 1
0 100 1
0 103 1
0 114 1
1 3 1
1 4 1
1 5 1
1 12 1
1 15 1
1 22 1
1 24 1
1 30 1
1 37 1
1 42 1
1 49 1
1 53 1
1 70 1
1 75 1
1 79 1
1 84 1
1 86 1
1 99 1
1 101 1
1 104 1
1 105 1
1 107 1
1 114 1
2 7 1
2 8 1
2 9 1
2 25 1
2 32 1
2 34 1
2 44 1
2 54 1
2 66 1
2 90 1
2 103 1
2 106 1
2 107 1
2 114 1
3 12 1
3 16 1
3 17 1
3 18 1
3 24 1
3 29 1
3 37 1
3 43 1
3 53 1
3 63 1
3 68 1
3 70 1
3 72 1
3 79 1
3 82 1
3 83 1
3 85 1
3 92 1
3 100 1
4 12 1
4 14 1
4 15 1
4 19 1
4 33 1
4 44 1
4 45 1
4 53 1
4 57 1
4 63 1
4 72 1
4 77 1
4 80 1
4 81 1
4 87 1
4 91 1
4 94 1
4 103 1
4 114 1
5 10 1
5 11 1
5 27 1
5 38 1
5 41 1
5 43 1
5 44 1
5 46 1
5 63 1
5 67 1
5 75 1
5 79 1
5 92 1
5 94 1
5 99 1
5 107 1
6 7 1
6 37 1
6 41 1
6 56 1
6 64 1
6 66 1
6 73 1
6 76 1
6 81 1
6 96 1
6 97 1
6 102 1
6 104 1
6 107 1
6 113 1
6 118 1
7 12 1
7 19 1
7 33 1
7 35 1
7 46 1
7 57 1
7 58 1
7 60 1
7 62 1
7 66 1
7 86 1
7 104 1
7 117 1
8 30 1
8 41 1
8 46 1
8 57 1
8 62 1
8 75 1
8 77 1
8 94 1
8 96 1
8 97 1
8 107 1
8 114 1
9 16 1
9 26 1
9 38 1
9 51 1
9 61 1
9 68 1
9 73 1
9 81 1
9 84 1
9 105 1
9 109 1
10 40 1
10 45 1
10 55 1
10 57 1
10 62 1
10 63 1
10 75 1
10 77 1
10 86 1
10 97 1
10 101 1
10 103 1
10 111 1
11 12 1
11 16 1
11 33 1
11 38 1
11 39 1
11 45 1
11 53 1
11 58 1
11 66 1
11 67 1
11 78 1
11 79 1
11 81 1
11 88 1
11 90 1
11 92 1
11 94 1
11 100 1
11 106 1
11 109 1
11 113 1
12 27 1
12 30 1
12 40 1
12 45 1
12 49 1
12 58 1
12 59 1
12 62 1
12 63 1
12 72 1
12 73 1
12 75 1
12 83 1
12 88 1
12 89 1
12 99 1
13 14 1
13 15 1
13 44 1
13 50 1
13 53 1
13 55 1
13 63 1
13 71 1
13 73 1
13 89 1
13 102 1
13 114 1
13 118 1
14 25 1
14 27 1
14 32 1
14 36 1
14 42 1
14 45 1
14 52 1
14 55 1
14 58 1
14 68 1
14 73 1
14 85 1
14 86 1
14 103 1
14 115 1
15 22 1
15 23 1
15 26 1
15 30 1
15 35 1
15 40 1
15 45 1
15 56 1
15 59 1
15 63 1
15 67 1
15 78 1
15 84 1
15 87 1
15 97 1
15 98 1
15 105 1
15 109 1
15 111 1
15 113 1
16 25 1
16 30 1
16 31 1
16 32 1
16 33 1
16 34 1
16 39 1
16 43 1
16 45 1
16 48 1
16 54 1
16 56 1
16 71 1
16 83 1
16 92 1
16 96 1
16 107 1
16 111 1
17 23 1
17 33 1
17 38 1
17 40 1
17 46 1
17 55 1
17 60 1
17 74 1
17 101 1
17 111 1
17 116 1
18 22 1
18 30 1
18 37 1
18 41 1
18 44 1
18 48 1
18 50 1
18 56 1
18 61 1
18 72 1
18 74 1
18 76 1
18 77 1
18 80 1
18 88 1
18 98 1
18 111 1
18 114 1
19 36 1
19 37 1
19 45 1
19 53 1
19 55 1
19 67 1
19 71 1
19 75 1
19 77 1
19 81 1
19 88 1
19 99 1
19 109 1
19 112 1
20 22 1
20 26 1
20 38 1
20 45 1
20 48 1
20 57 1
20 66 1
20 68 1
20 79 1
20 80 1
20 83 1
20 89 1
20 105 1
20 115 1
20 117 1
20 119 1
21 23 1
21 25 1
21 27 1
21 34 1
21 43 1
21 46 1
21 50 1
21 55 1
21 59 1
21 61 1
21 65 1
21 74 1
21 79 1
21 80 1
21 87 1
21 91 1
21 92 1
21 97 1
21 98 1
21 100 1
21 101 1
21 105 1
21 107 1
21 110 1
21 118 1
22 26 1
22 31 1
22 37 1
22 46 1
22 55 1
22 59 1
22 65 1
22 66 1
22 77 1
22 82 1
22 84 1
22 101 1
22 115 1
22 117 1
22 119 1
23 25 1
23 28 1
23 39 1
23 41 1
23 48 1
23 49 1
23 54 1
23 59 1
23 64 1
23 66 1
23 75 1
23 83 1
23 84 1
23 89 1
23 92 1
23 94 1
23 97 1
23 99 1
23 101 1
24 36 1
24 49 1
24 58 1
24 69 1
24 72 1
24 76 1
24 83 1
24 111 1
25 32 1
25 33 1
25 37 1
25 42 1
25 47 1
25 54 1
25 58 1
25 62 1
25 63 1
25 67 1
25 68 1
25 73 1
25 76 1
25 90 1
25 95 1
25 97 1
25 99 1
25 102 1
25 104 1
25 107 1
26 27 1
26 28 1
26 30 1
26 31 1
26 33 1
26 43 1
26 66 1
26 69 1
26 73 1
26 74 1
26 78 1
26 87 1
26 93 1
26 97 1
26 106 1
27 33 1
27 35 1
27 45 1
27 58 1
27 60 1
27 62 1
27 64 1
27 79 1
27 91 1
27 101 1
27 112 1
28 29 1
28 31 1
28 34 1
28 41 1
28 43 1
28 44 1
28 50 1
28 55 1
28 60 1
28 64 1
28 71 1
28 80 1
28 85 1
28 96 1
28 99 1
28 105 1
29 31 1
29 32 1
29 35 1
29 47 1
29 53 1
29 62 1
29 70 1
29 72 1
29 85 1
29 89 1
29 91 1
29 98 1
29 101 1
29 113 1
29 116 1
29 117 1
29 118 1
30 37 1
30 45 1
30 46 1
30 47 1
30 48 1
30 52 1
30 59 1
30 62 1
30 63 1
30 65 1
30 68 1
30 72 1
30 74 1
30 75 1
30 83 1
30 84 1
30 90 1
30 107 1
30 108 1
30 114 1
30 119 1
31 35 1
31 43 1
31 49 1
31 50 1
31 62 1
31 63 1
31 64 1
31 72 1
31 82 1
31 83 1
31 85 1
31 86 1
31 96 1
31 97 1
31 101 1
31 102 1
31 116 1
32 40 1
32 44 1
32 47 1
32 56 1
32 58 1
32 63 1
32 67 1
32 68 1
32 75 1
32 77 1
32 81 1
32 87 1
32 99 1
32 102 1
33 38 1
33 39 1
33 43 1
33 45 1
33 61 1
33 62 1
33 71 1
33 75 1
33 82 1
33 87 1
33 89 1
33 94 1
33 110 1
33 112 1
34 42 1
34 59 1
34 67 1
34 70 1
34 76 1
34 94 1
34 103 1
34 104 1
34 105 1
34 108 1
34 110 1
34 115 1
35 37 1
35 45 1
35 52 1
35 74 1
35 75 1
35 81 1
35 86 1
35 99 1
35 109 1
35 112 1
35 114 1
36 37 1
36 39 1
36 41 1
36 59 1
36 79 1
36 81 1
36 84 1
36 94 1
36 99 1
36 102 1
36 112 1
36 113 1
36 114 1
37 50 1
37 57 1
37 92 1
37 94 1
37 97 1
37 112 1
38 41 1
38 42 1
38 46 1
38 56 1
38 60 1
38 65 1
38 68 1
38 85 1
38 95 1
38 96 1
38 101 1
38 107 1
38 111 1
38 112 1
38 114 1
38 117 1
39 41 1
39 46 1
39 61 1
39 71 1
39 75 1
39 86 1
39 89 1
39 93 1
39 95 1
39 96 1
39 110 1
40 45 1
40 52 1
40 60 1
40 67 1
40 79 1
40 80 1
40 81 1
40 85 1
40 95 1
40 98 1
40 100 1
40 113 1
40 115 1
40 117 1
40 118 1
40 119 1
41 48 1
41 53 1
41 63 1
41 66 1
41 67 1
41 72 1
41 101 1
41 102 1
41 103 1
41 106 1
41 114 1
42 64 1
42 65 1
42 68 1
42 77 1
42 84 1
42 97 1
42 103 1
42 104 1
42 109 1
42 113 1
43 46 1
43 55 1
43 63 1
43 64 1
43 73 1
43 75 1
43 77 1
43 89 1
43 94 1
43 98 1
43 102 1
43 104 1
43 108 1
43 114 1
43 117 1
44 46 1
44 49 1
44 63 1
44 73 1
44 75 1
44 77 1
44 79 1
44 82 1
44 85 1
44 91 1
44 100 1
44 108 1
44 109 1
44 113 1
44 115 1
45 46 1
45 47 1
45 50 1
45 63 1
45 66 1
45 69 1
45 75 1
45 79 1
45 84 1
45 93 1
45 110 1
45 117 1
46 48 1
46 52 1
46 53 1
46 69 1
46 80 1
46 108 1
46 109 1
46 111 1
46 112 1
46 115 1
47 51 1
47 57 1
47 60 1
47 67 1
47 70 1
47 78 1
47 83 1
47 93 1
47 100 1
47 104 1
47 117 1
47 119 1
48 50 1
48 55 1
48 62 1
48 81 1
48 88 1
48 93 1
48 97 1
48 102 1
48 106 1
48 112 1
48 116 1
48 118 1
49 51 1
49 53 1
49 64 1
49 68 1
49 69 1
49 78 1
49 79 1
49 87 1
49 95 1
49 97 1
49 101 1
49 103 1
49 114 1
50 51 1
50 52 1
50 58 1
50 63 1
50 66 1
50 70 1
50 73 1
50 92 1
50 107 1
50 108 1
50 109 1
50 118 1
51 62 1
51 65 1
51 69 1
51 70 1
51 77 1
51 97 1
51 99 1
51 106 1
51 108 1
51 110 1
51 114 1
52 61 1
52 65 1
52 72 1
52 76 1
52 77 1
52 89 1
52 106 1
52 110 1
52 114 1
52 119 1
53 56 1
53 61 1
53 63 1
53 78 1
53 85 1
53 89 1
53 103 1
53 108 1
53 109 1
53 111 1
53 116 1
53 117 1
53 118 1
54 56 1
54 58 1
54 65 1
54 77 1
54 88 1
54 91 1
54 99 1
54 101 1
54 107 1
54 108 1
54 110 1
54 111 1
54 114 1
55 61 1
55 67 1
55 88 1
55 91 1
55 95 1
55 97 1
55 108 1
55 111 1
55 114 1
55 119 1
56 66 1
56 81 1
56 83 1
56 85 1
56 86 1
56 95 1
56 101 1
56 107 1
56 111 1
56 117 1
56 118 1
56 119 1
57 59 1
57 61 1
57 63 1
57 84 1
57 86 1
57 94 1
57 101 1
57 105 1
57 107 1
57 112 1
57 114 1
58 59 1
58 60 1
58 63 1
58 65 1
58 67 1
58 73 1
58 74 1
58 81 1
58 83 1
58 91 1
58 95 1
58 96 1
58 108 1
58 110 1
58 112 1
59 73 1
59 75 1
59 76 1
59 78 1
59 91 1
59 111 1
59 116 1
59 119 1
60 79 1
60 81 1
60 87 1
60 89 1
60 92 1
60 104 1
60 107 1
60 111 1
61 63 1
61 69 1
61 70 1
61 75 1
61 79 1
61 98 1
61 102 1
61 108 1
61 111 1
61 116 1
62 74 1
62 77 1
62 79 1
62 80 1
62 86 1
62 102 1
62 103 1
62 104 1
62 108 1
62 115 1
62 117 1
62 118 1
63 65 1
63 67 1
63 69 1
63 73 1
63 77 1
63 79 1
63 83 1
63 92 1
63 94 1
63 97 1
63 99 1
63 102 1
63 103 1
63 105 1
63 115 1
63 118 1
64 68 1
64 72 1
64 76 1
64 104 1
65 72 1
65 88 1
65 100 1
65 106 1
65 110 1
65 115 1
65 116 1
65 117 1
65 119 1
66 71 1
66 82 1
66 86 1
66 97 1
66 99 1
66 104 1
66 110 1
67 74 1
67 75 1
67 78 1
67 79 1
67 89 1
67 97 1
67 99 1
67 101 1
67 104 1
67 105 1
67 109 1
67 118 1
67 119 1
68 84 1
68 99 1
69 73 1
69 83 1
69 85 1
69 87 1
69 108 1
69 112 1
69 113 1
69 118 1
70 73 1
70 81 1
70 82 1
70 89 1
70 103 1
70 105 1
70 106 1
70 108 1
70 112 1
70 114 1
70 117 1
71 74 1
71 83 1
71 94 1
71 101 1
71 105 1
72 75 1
72 81 1
72 84 1
72 105 1
72 113 1
73 77 1
73 92 1
73 98 1
73 101 1
73 103 1
73 108 1
73 113 1
74 83 1
74 89 1
74 94 1
74 95 1
74 103 1
74 106 1
75 76 1
75 82 1
75 90 1
75 100 1
75 101 1
75 114 1
75 117 1
76 92 1
76 95 1
76 96 1
76 98 1
76 102 1
76 111 1
76 116 1
77 85 1
77 88 1
77 110 1
77 112 1
77 114 1
77 117 1
78 88 1
78 92 1
78 100 1
78 103 1
78 105 1
78 115 1
78 117 1
79 89 1
79 102 1
79 108 1
79 111 1
79 113 1
80 89 1
80 104 1
80 107 1
80 109 1
81 91 1
81 93 1
81 99 1
81 102 1
81 111 1
81 118 1
82 85 1
82 94 1
82 97 1
82 103 1
82 106 1
82 110 1
82 111 1
82 117 1
83 89 1
83 91 1
83 105 1
83 106 1
83 107 1
83 118 1
83 119 1
84 86 1
84 91 1
84 92 1
84 93 1
84 96 1
84 100 1
84 108 1
84 118 1
84 119 1
85 92 1
85 99 1
85 100 1
85 106 1
85 107 1
86 99 1
86 106 1
86 109 1
86 112 1
86 117 1
86 119 1
87 89 1
87 99 1
87 108 1
87 110 1
88 92 1
88 96 1
88 98 1
88 107 1
88 117 1
89 100 1
89 103 1
89 115 1
89 118 1
90 92 1
90 94 1
90 103 1
90 106 1
90 107 1
90 110 1
90 112 1
90 115 1
90 118 1
91 97 1
91 109 1
91 111 1
91 112 1
91 119 1
92 93 1
92 109 1
92 115 1
93 95 1
93 97 1
93 98 1
93 103 1
93 118 1
94 104 1
94 107 1
94 116 1
94 118 1
95 106 1
95 114 1
95 118 1
96 109 1
96 110 1
96 113 1
96 114 1
96 115 1
97 100 1
97 102 1
97 107 1
97 111 1
98 104 1
98 116 1
98 118 1
99 104 1
100 109 1
101 103 1
101 111 1
102 103 1
102 113 1
102 114 1
103 109 1
103 113 1
104 108 1
104 112 1
105 106 1
106 111 1
106 115 1
107 108 1
107 117 1
107 119 1
108 114 1
109 113 1
109 116 1
110 111 1
112 114 1
114 117 1
114 119 1
1
70 31 101 34 50 60 83 15 1 52 48 78
