1222
0 7 1
0 8 1
0 14 1
0 17 1
0 37 1
0 40 1
0 42 1
0 49 1
0 54 1
0 58 1
0 63 1
0 65 1
0 69 1
0 70 1
0 71 1
0 74 1
0 85 1
0 94 1
0 109 1
0 117 1
1 9 1
1 27 1
1 36 1
1 39 1
1 44 1
1 50 1
1 64 1
1 65 1
1 85 1
1 88 1
1 95 1
1 98 1
1 103 1
1 110 1
1 114 1
1 119 1
1 121 1
1 124 1
1 125 1
2 14 1
2 15 1
2 18 1
2 28 1
2 37 1
2 45 1
2 47 1
2 52 1
2 53 1
2 57 1
2 66 1
2 80 1
2 94 1
2 98 1
2 111 1
2 114 1
2 123 1
2 124 1
2 125 1
3 8 1
3 9 1
3 15 1
3 18 1
3 19 1
3 33 1
3 36 1
3 37 1
3 46 1
3 69 1
3 70 1
3 71 1
3 79 1
3 86 1
3 108 1
3 109 1
3 113 1
3 121 1
3 129 1
4 5 1
4 13 1
4 16 1
4 17 1
4 18 1
4 25 1
4 26 1
4 38 1
4 41 1
4 43 1
4 60 1
4 67 1
4 72 1
4 90 1
4 98 1
4 101 1
4 103 1
4 113 1
4 121 1
4 126 1
5 15 1
5 19 1
5 26 1
5 27 1
5 28 1
5 32 1
5 37 1
5 41 1
5 42 1
5 52 1
5 60 1
5 71 1
5 76 1
5 80 1
5 82 1
5 104 1
5 109 1
5 122 1
5 123 1
5 129 1
6 12 1
6 14 1
6 35 1
6 39 1
6 40 1
6 42 1
6 44 1
6 56 1
6 60 1
6 74 1
6 85 1
6 88 1
6 93 1
6 95 1
6 104 1
6 110 1
6 116 1
6 125 1
6 126 1
7 20 1
7 24 1
7 27 1
7 39 1
7 47 1
7 51 1
7 57 1
7 65 1
7 66 1
7 75 1
7 90 1
7 94 1
7 96 1
7 97 1
7 99 1
7 111 1
7 112 1
7 117 1
7 125 1
7 128 1
7 129 1
8 11 1
8 25 1
8 30 1
8 44 1
8 61 1
8 62 1
8 67 1
8 68 1
8 82 1
8 89 1
8 97 1
8 124 1
8 129 1
9 18 1
9 35 1
9 36 1
9 57 1
9 58 1
9 73 1
9 76 1
9 78 1
9 99 1
9 105 1
9 106 1
9 109 1
9 119 1
9 120 1
9 121 1
10 20 1
10 27 1
10 29 1
10 30 1
10 40 1
10 54 1
10 68 1
10 70 1
10 75 1
10 88 1
10 93 1
10 101 1
10 106 1
10 109 1
10 123 1
11 19 1
11 20 1
11 44 1
11 53 1
11 77 1
11 78 1
11 79 1
11 89 1
11 95 1
11 98 1
11 102 1
11 112 1
11 113 1
12 19 1
12 21 1
12 22 1
12 30 1
12 35 1
12 42 1
12 50 1
12 51 1
12 55 1
12 69 1
12 81 1
12 86 1
12 119 1
12 122 1
12 126 1
13 15 1
13 20 1
13 28 1
13 36 1
13 38 1
13 39 1
13 40 1
13 43 1
13 58 1
13 71 1
13 85 1
13 86 1
13 88 1
13 93 1
13 100 1
13 120 1
13 127 1
14 16 1
14 22 1
14 24 1
14 56 1
14 61 1
14 63 1
14 67 1
14 69 1
14 81 1
14 90 1
14 110 1
14 124 1
15 24 1
15 33 1
15 45 1
15 54 1
15 62 1
15 67 1
15 73 1
15 83 1
15 89 1
15 95 1
15 101 1
15 104 1
15 115 1
16 18 1
16 30 1
16 41 1
16 66 1
16 72 1
16 74 1
16 75 1
16 78 1
16 84 1
16 91 1
16 92 1
16 101 1
16 117 1
16 127 1
17 18 1
17 20 1
17 21 1
17 28 1
17 48 1
17 54 1
17 64 1
17 71 1
17 74 1
17 77 1
17 79 1
17 80 1
17 84 1
17 92 1
17 98 1
17 100 1
17 123 1
17 124 1
17 126 1
17 129 1
18 29 1
18 37 1
18 45 1
18 50 1
18 51 1
18 67 1
18 69 1
18 79 1
18 91 1
18 94 1
18 98 1
18 103 1
18 109 1
18 112 1
18 113 1
18 114 1
18 116 1
18 125 1
19 20 1
19 32 1
19 34 1
19 55 1
19 59 1
19 62 1
19 63 1
19 67 1
19 71 1
19 76 1
19 85 1
19 88 1
19 99 1
19 100 1
19 102 1
19 109 1
19 124 1
19 129 1
20 27 1
20 28 1
20 37 1
20 42 1
20 43 1
20 46 1
20 74 1
20 93 1
20 95 1
20 104 1
20 127 1
21 30 1
21 32 1
21 36 1
21 39 1
21 45 1
21 59 1
21 64 1
21 67 1
21 68 1
21 69 1
21 87 1
21 90 1
21 105 1
21 107 1
21 119 1
21 127 1
22 24 1
22 28 1
22 34 1
22 47 1
22 48 1
22 68 1
22 76 1
22 90 1
22 94 1
22 96 1
22 98 1
22 101 1
22 103 1
22 109 1
22 110 1
22 111 1
22 113 1
22 115 1
22 118 1
22 126 1
23 37 1
23 45 1
23 51 1
23 60 1
23 62 1
23 64 1
23 65 1
23 70 1
23 74 1
23 77 1
23 83 1
23 89 1
23 102 1
23 114 1
23 116 1
23 118 1
23 125 1
24 28 1
24 47 1
24 49 1
24 62 1
24 70 1
24 72 1
24 79 1
24 86 1
24 92 1
24 94 1
24 107 1
24 111 1
24 112 1
24 115 1
24 116 1
24 124 1
25 38 1
25 58 1
25 61 1
25 62 1
25 82 1
25 88 1
25 99 1
25 104 1
25 110 1
25 117 1
25 120 1
26 30 1
26 31 1
26 49 1
26 56 1
26 95 1
26 97 1
26 99 1
26 105 1
26 107 1
26 116 1
26 122 1
27 29 1
27 30 1
27 33 1
27 36 1
27 39 1
27 47 1
27 50 1
27 62 1
27 64 1
27 70 1
27 71 1
27 73 1
27 74 1
27 75 1
27 79 1
27 90 1
27 94 1
27 105 1
27 114 1
27 124 1
27 127 1
28 34 1
28 44 1
28 47 1
28 49 1
28 50 1
28 53 1
28 58 1
28 65 1
28 66 1
28 77 1
28 83 1
28 99 1
28 108 1
28 113 1
28 119 1
28 122 1
28 127 1
29 34 1
29 36 1
29 42 1
29 53 1
29 64 1
29 66 1
29 71 1
29 79 1
29 84 1
29 85 1
29 88 1
29 96 1
29 97 1
29 110 1
29 123 1
30 50 1
30 54 1
30 55 1
30 74 1
30 82 1
30 93 1
30 103 1
30 104 1
30 115 1
30 123 1
31 35 1
31 42 1
31 52 1
31 57 1
31 73 1
31 89 1
31 92 1
31 94 1
31 100 1
31 101 1
31 108 1
31 114 1
31 117 1
31 120 1
32 61 1
32 73 1
32 75 1
32 76 1
32 108 1
32 118 1
32 120 1
32 123 1
32 125 1
32 126 1
33 35 1
33 49 1
33 63 1
33 67 1
33 71 1
33 75 1
33 76 1
33 78 1
33 80 1
33 104 1
33 117 1
33 121 1
33 124 1
33 127 1
34 35 1
34 50 1
34 51 1
34 58 1
34 60 1
34 61 1
34 65 1
34 66 1
34 67 1
34 69 1
34 76 1
34 82 1
34 84 1
34 87 1
34 92 1
34 95 1
34 98 1
34 101 1
34 105 1
34 113 1
34 115 1
35 37 1
35 69 1
35 71 1
35 75 1
35 76 1
35 82 1
35 91 1
35 94 1
35 95 1
35 107 1
35 114 1
35 115 1
35 117 1
36 38 1
36 43 1
36 52 1
36 56 1
36 66 1
36 71 1
36 84 1
36 85 1
36 91 1
36 102 1
36 106 1
37 43 1
37 46 1
37 55 1
37 59 1
37 60 1
37 67 1
37 103 1
37 113 1
37 114 1
37 115 1
37 118 1
38 44 1
38 51 1
38 54 1
38 56 1
38 69 1
38 70 1
38 85 1
38 86 1
38 89 1
38 98 1
38 99 1
38 115 1
38 118 1
38 119 1
39 55 1
39 70 1
39 76 1
39 77 1
39 78 1
39 83 1
39 85 1
39 99 1
39 101 1
39 104 1
39 109 1
39 110 1
39 115 1
39 127 1
40 41 1
40 43 1
40 63 1
40 72 1
40 85 1
40 92 1
40 98 1
40 102 1
40 103 1
40 110 1
40 125 1
40 129 1
41 44 1
41 53 1
41 55 1
41 64 1
41 67 1
41 71 1
41 73 1
41 77 1
41 83 1
41 84 1
41 95 1
41 96 1
41 101 1
41 106 1
41 107 1
41 112 1
41 118 1
41 124 1
41 128 1
42 45 1
42 66 1
42 68 1
42 69 1
42 71 1
42 72 1
42 75 1
42 101 1
42 105 1
42 118 1
42 119 1
42 120 1
42 123 1
43 46 1
43 48 1
43 80 1
43 84 1
43 95 1
43 98 1
43 102 1
43 108 1
43 118 1
43 127 1
44 61 1
44 67 1
44 69 1
44 73 1
44 85 1
44 90 1
44 93 1
44 94 1
44 99 1
44 101 1
44 102 1
44 103 1
44 106 1
44 109 1
44 117 1
44 121 1
44 123 1
44 124 1
45 58 1
45 71 1
45 79 1
45 81 1
45 89 1
45 97 1
45 98 1
45 104 1
45 116 1
45 120 1
45 121 1
46 57 1
46 58 1
46 60 1
46 88 1
46 98 1
46 105 1
46 106 1
46 116 1
46 120 1
46 128 1
47 66 1
47 72 1
47 76 1
47 99 1
47 100 1
47 102 1
47 111 1
47 120 1
47 125 1
48 55 1
48 70 1
48 73 1
48 75 1
48 77 1
48 87 1
48 90 1
48 93 1
48 94 1
48 102 1
48 107 1
48 113 1
48 115 1
49 56 1
49 69 1
49 71 1
49 72 1
49 74 1
49 75 1
49 80 1
49 84 1
49 93 1
49 105 1
49 111 1
49 116 1
50 58 1
50 59 1
50 63 1
50 69 1
50 71 1
50 75 1
50 76 1
50 84 1
50 90 1
50 93 1
50 99 1
50 109 1
50 113 1
50 119 1
50 121 1
50 123 1
50 127 1
51 59 1
51 63 1
51 64 1
51 65 1
51 68 1
51 79 1
51 88 1
51 94 1
51 100 1
51 113 1
51 116 1
51 117 1
51 120 1
52 66 1
52 77 1
52 79 1
52 83 1
52 85 1
52 88 1
52 97 1
52 118 1
53 54 1
53 56 1
53 67 1
53 71 1
53 77 1
53 98 1
53 118 1
53 119 1
53 120 1
53 121 1
53 126 1
53 127 1
54 57 1
54 59 1
54 60 1
54 77 1
54 85 1
54 90 1
54 100 1
54 101 1
54 102 1
54 106 1
54 111 1
54 119 1
54 122 1
54 126 1
55 58 1
55 62 1
55 67 1
55 72 1
55 77 1
55 78 1
55 80 1
55 86 1
55 96 1
55 99 1
55 107 1
55 109 1
55 111 1
55 113 1
55 120 1
56 57 1
56 58 1
56 77 1
56 87 1
56 88 1
56 94 1
56 98 1
56 103 1
56 106 1
56 110 1
56 116 1
56 118 1
56 128 1
57 58 1
57 62 1
57 76 1
57 78 1
57 84 1
57 90 1
57 100 1
57 101 1
57 106 1
58 63 1
58 68 1
58 71 1
58 84 1
58 89 1
58 96 1
58 98 1
58 101 1
58 118 1
58 127 1
59 66 1
59 81 1
59 82 1
59 88 1
59 92 1
59 111 1
59 113 1
59 128 1
60 78 1
60 82 1
60 86 1
60 88 1
60 92 1
60 112 1
60 120 1
61 69 1
61 74 1
61 77 1
61 82 1
61 102 1
61 109 1
61 110 1
61 113 1
61 114 1
61 124 1
61 125 1
62 67 1
62 69 1
62 80 1
62 82 1
62 93 1
62 102 1
62 103 1
62 106 1
62 116 1
63 68 1
63 72 1
63 76 1
63 83 1
63 95 1
63 96 1
63 99 1
63 103 1
63 114 1
63 123 1
63 125 1
63 127 1
63 128 1
64 67 1
64 106 1
64 112 1
64 125 1
64 127 1
64 129 1
65 73 1
65 77 1
65 80 1
65 84 1
65 89 1
65 95 1
65 104 1
65 107 1
65 113 1
65 119 1
65 121 1
66 89 1
66 102 1
66 105 1
66 106 1
66 108 1
66 111 1
66 124 1
67 69 1
67 71 1
67 80 1
67 81 1
67 84 1
67 92 1
67 94 1
67 96 1
67 98 1
67 104 1
67 113 1
67 120 1
67 121 1
67 124 1
67 127 1
68 79 1
68 91 1
68 93 1
68 94 1
68 95 1
68 103 1
68 120 1
68 128 1
69 84 1
69 95 1
69 98 1
69 110 1
69 112 1
69 114 1
69 117 1
69 119 1
70 84 1
70 91 1
70 103 1
70 110 1
70 112 1
70 128 1
71 83 1
71 88 1
71 92 1
71 93 1
71 106 1
71 109 1
71 110 1
72 74 1
72 76 1
72 83 1
72 89 1
72 91 1
72 94 1
72 107 1
72 108 1
72 112 1
72 121 1
72 125 1
73 86 1
73 96 1
73 117 1
73 129 1
74 75 1
74 76 1
74 77 1
74 81 1
74 91 1
74 99 1
74 104 1
74 106 1
74 111 1
74 126 1
75 92 1
75 105 1
75 107 1
75 115 1
75 119 1
76 78 1
76 83 1
76 94 1
76 98 1
76 104 1
76 110 1
76 125 1
76 128 1
77 92 1
77 94 1
77 96 1
77 98 1
77 108 1
77 112 1
77 114 1
77 116 1
77 118 1
77 122 1
78 81 1
78 89 1
78 98 1
78 106 1
78 110 1
78 112 1
78 114 1
78 124 1
79 80 1
79 92 1
79 121 1
80 84 1
80 86 1
80 87 1
80 89 1
80 102 1
80 104 1
80 106 1
80 109 1
80 115 1
81 101 1
81 102 1
81 114 1
81 116 1
82 85 1
82 88 1
82 96 1
82 107 1
82 115 1
83 84 1
83 105 1
83 110 1
83 112 1
83 114 1
83 118 1
83 122 1
84 93 1
84 94 1
84 96 1
84 98 1
84 107 1
84 111 1
84 113 1
84 120 1
84 121 1
84 124 1
85 105 1
85 108 1
85 112 1
85 126 1
85 128 1
86 101 1
86 105 1
86 108 1
86 127 1
87 95 1
87 96 1
87 101 1
87 106 1
87 115 1
87 124 1
87 126 1
88 93 1
88 105 1
88 107 1
88 110 1
88 114 1
88 121 1
88 126 1
89 91 1
89 93 1
89 99 1
90 93 1
90 103 1
90 106 1
90 116 1
90 117 1
90 119 1
91 94 1
91 97 1
91 116 1
91 118 1
91 128 1
91 129 1
92 98 1
92 104 1
92 105 1
92 114 1
92 121 1
92 124 1
92 125 1
92 126 1
93 95 1
93 97 1
93 98 1
93 111 1
93 117 1
93 119 1
93 123 1
93 124 1
94 95 1
94 105 1
94 106 1
94 111 1
94 123 1
94 125 1
95 97 1
95 105 1
95 107 1
95 129 1
96 99 1
96 111 1
97 101 1
97 103 1
97 107 1
97 115 1
98 106 1
98 109 1
98 111 1
98 119 1
99 101 1
99 109 1
99 113 1
99 115 1
99 116 1
99 121 1
100 108 1
100 110 1
100 112 1
100 115 1
100 116 1
100 119 1
100 120 1
100 126 1
101 103 1
101 116 1
101 120 1
101 121 1
101 122 1
101 125 1
102 103 1
102 108 1
102 109 1
102 110 1
102 116 1
102 119 1
102 121 1
102 125 1
102 126 1
103 107 1
103 110 1
103 117 1
103 120 1
103 127 1
103 128 1
104 115 1
104 123 1
105 121 1
105 125 1
105 126 1
106 110 1
106 112 1
106 117 1
106 122 1
106 123 1
107 117 1
107 118 1
107 119 1
108 120 1
108 124 1
110 117 1
111 112 1
111 124 1
111 125 1
112 115 1
112 126 1
112 127 1
113 116 1
113 118 1
113 129 1
114 119 1
114 125 1
115 124 1
115 127 1
115 128 1
116 120 1
117 119 1
119 128 1
120 127 1
121 124 1
122 126 1
122 129 1
124 129 1
1
97 100 6 125 28 43 75 16 42 71 51 12 45
