2113
0 22 1
0 28 1
0 34 1
0 43 1
0 44 1
0 48 1
0 51 1
0 55 1
0 71 1
0 84 1
0 93 1
0 96 1
0 116 1
0 118 1
0 122 1
0 123 1
0 125 1
0 132 1
0 137 1
0 147 1
0 160 1
0 174 1
0 182 1
0 188 1
0 193 1
1 13 1
1 19 1
1 21 1
1 38 1
1 52 1
1 65 1
1 66 1
1 81 1
1 89 1
1 110 1
1 111 1
1 122 1
1 127 1
1 128 1
1 150 1
1 155 1
1 178 1
1 181 1
1 183 1
1 185 1
2 8 1
2 19 1
2 20 1
2 38 1
2 61 1
2 76 1
2 81 1
2 82 1
2 93 1
2 95 1
2 99 1
2 101 1
2 105 1
2 110 1
2 118 1
2 125 1
2 129 1
2 136 1
2 145 1
2 156 1
2 170 1
2 183 1
3 6 1
3 11 1
3 12 1
3 14 1
3 19 1
3 27 1
3 43 1
3 45 1
3 46 1
3 57 1
3 67 1
3 69 1
3 90 1
3 91 1
3 94 1
3 104 1
3 121 1
3 127 1
3 134 1
3 136 1
3 138 1
3 139 1
3 154 1
3 164 1
4 6 1
4 13 1
4 21 1
4 50 1
4 56 1
4 59 1
4 74 1
4 76 1
4 80 1
4 87 1
4 95 1
4 98 1
4 126 1
4 132 1
4 133 1
4 135 1
4 137 1
4 139 1
4 152 1
4 157 1
4 159 1
4 166 1
4 171 1
4 174 1
4 183 1
4 188 1
4 189 1
5 26 1
5 28 1
5 36 1
5 37 1
5 38 1
5 40 1
5 44 1
5 49 1
5 56 1
5 57 1
5 60 1
5 63 1
5 73 1
5 84 1
5 94 1
5 99 1
5 112 1
5 117 1
5 118 1
5 122 1
5 128 1
5 176 1
5 183 1
6 15 1
6 35 1
6 45 1
6 60 1
6 70 1
6 72 1
6 91 1
6 100 1
6 101 1
6 104 1
6 123 1
6 130 1
6 137 1
6 150 1
6 164 1
6 172 1
6 179 1
6 187 1
6 190 1
6 195 1
7 9 1
7 16 1
7 19 1
7 24 1
7 60 1
7 70 1
7 72 1
7 95 1
7 105 1
7 120 1
7 128 1
7 131 1
7 149 1
7 165 1
7 170 1
7 174 1
7 190 1
7 194 1
8 12 1
8 37 1
8 44 1
8 48 1
8 52 1
8 56 1
8 57 1
8 70 1
8 76 1
8 84 1
8 85 1
8 91 1
8 104 1
8 107 1
8 141 1
8 142 1
8 166 1
8 167 1
8 178 1
8 184 1
8 185 1
9 15 1
9 22 1
9 37 1
9 39 1
9 44 1
9 55 1
9 74 1
9 78 1
9 91 1
9 101 1
9 105 1
9 113 1
9 128 1
9 133 1
9 136 1
9 138 1
9 142 1
9 145 1
9 154 1
9 155 1
9 162 1
9 164 1
9 169 1
9 171 1
9 176 1
9 182 1
9 183 1
10 11 1
10 15 1
10 16 1
10 22 1
10 24 1
10 54 1
10 64 1
10 68 1
10 73 1
10 98 1
10 100 1
10 106 1
10 110 1
10 112 1
10 137 1
10 141 1
10 184 1
10 190 1
10 191 1
10 192 1
10 197 1
11 12 1
11 27 1
11 43 1
11 48 1
11 50 1
11 51 1
11 54 1
11 60 1
11 72 1
11 75 1
11 78 1
11 86 1
11 91 1
11 136 1
11 144 1
11 164 1
11 165 1
11 182 1
11 188 1
11 190 1
12 17 1
12 29 1
12 56 1
12 68 1
12 75 1
12 81 1
12 101 1
12 104 1
12 118 1
12 119 1
12 127 1
12 134 1
12 146 1
12 147 1
12 148 1
12 161 1
12 185 1
12 187 1
12 197 1
13 37 1
13 42 1
13 52 1
13 60 1
13 64 1
13 72 1
13 87 1
13 88 1
13 92 1
13 94 1
13 97 1
13 107 1
13 114 1
13 116 1
13 129 1
13 142 1
13 143 1
13 153 1
13 162 1
13 175 1
13 176 1
13 190 1
13 193 1
14 15 1
14 16 1
14 24 1
14 27 1
14 56 1
14 78 1
14 86 1
14 89 1
14 99 1
14 108 1
14 128 1
14 139 1
14 149 1
14 167 1
14 171 1
14 172 1
14 176 1
14 193 1
14 194 1
15 19 1
15 51 1
15 80 1
15 102 1
15 105 1
15 111 1
15 113 1
15 114 1
15 119 1
15 123 1
15 125 1
15 136 1
15 154 1
15 162 1
15 167 1
15 176 1
15 180 1
15 187 1
16 17 1
16 27 1
16 30 1
16 51 1
16 64 1
16 65 1
16 66 1
16 69 1
16 71 1
16 73 1
16 87 1
16 88 1
16 96 1
16 100 1
16 104 1
16 112 1
16 119 1
16 136 1
16 138 1
16 145 1
16 147 1
16 166 1
16 185 1
16 193 1
17 37 1
17 52 1
17 64 1
17 69 1
17 73 1
17 78 1
17 81 1
17 140 1
17 169 1
17 170 1
17 178 1
17 186 1
17 194 1
18 25 1
18 30 1
18 33 1
18 46 1
18 55 1
18 57 1
18 73 1
18 74 1
18 92 1
18 95 1
18 115 1
18 121 1
18 123 1
18 136 1
18 142 1
18 148 1
18 153 1
18 155 1
18 163 1
18 167 1
18 172 1
18 177 1
18 178 1
18 180 1
18 189 1
18 195 1
19 24 1
19 42 1
19 49 1
19 58 1
19 70 1
19 73 1
19 75 1
19 87 1
19 98 1
19 107 1
19 108 1
19 110 1
19 118 1
19 127 1
19 142 1
19 148 1
19 161 1
19 163 1
19 165 1
19 167 1
19 171 1
19 180 1
19 186 1
19 194 1
19 195 1
20 37 1
20 40 1
20 46 1
20 53 1
20 62 1
20 65 1
20 73 1
20 76 1
20 82 1
20 85 1
20 106 1
20 109 1
20 114 1
20 127 1
20 142 1
20 146 1
20 170 1
20 180 1
20 194 1
21 57 1
21 61 1
21 69 1
21 70 1
21 72 1
21 99 1
21 114 1
21 126 1
21 130 1
21 165 1
21 168 1
21 170 1
21 175 1
21 182 1
21 184 1
22 42 1
22 47 1
22 50 1
22 57 1
22 70 1
22 77 1
22 81 1
22 88 1
22 90 1
22 91 1
22 105 1
22 106 1
22 135 1
22 136 1
22 156 1
22 158 1
22 164 1
22 177 1
22 193 1
23 26 1
23 30 1
23 31 1
23 45 1
23 52 1
23 58 1
23 69 1
23 73 1
23 81 1
23 94 1
23 101 1
23 137 1
23 139 1
23 161 1
23 162 1
23 178 1
23 182 1
23 196 1
24 39 1
24 46 1
24 48 1
24 51 1
24 55 1
24 60 1
24 68 1
24 74 1
24 75 1
24 136 1
24 160 1
24 167 1
24 186 1
24 189 1
25 30 1
25 31 1
25 47 1
25 70 1
25 75 1
25 78 1
25 85 1
25 87 1
25 95 1
25 99 1
25 111 1
25 121 1
25 140 1
25 152 1
25 158 1
25 164 1
25 166 1
25 194 1
26 27 1
26 32 1
26 38 1
26 51 1
26 57 1
26 73 1
26 75 1
26 79 1
26 88 1
26 94 1
26 97 1
26 139 1
26 141 1
26 146 1
26 150 1
26 166 1
26 181 1
26 194 1
26 196 1
27 28 1
27 36 1
27 37 1
27 44 1
27 47 1
27 50 1
27 71 1
27 74 1
27 77 1
27 90 1
27 110 1
27 111 1
27 117 1
27 129 1
27 134 1
27 139 1
27 140 1
27 143 1
27 165 1
27 174 1
27 178 1
27 188 1
28 40 1
28 51 1
28 62 1
28 64 1
28 66 1
28 82 1
28 83 1
28 105 1
28 123 1
28 124 1
28 131 1
28 147 1
28 155 1
28 165 1
28 176 1
28 187 1
28 191 1
29 31 1
29 41 1
29 45 1
29 52 1
29 58 1
29 68 1
29 85 1
29 102 1
29 104 1
29 110 1
29 114 1
29 125 1
29 133 1
29 145 1
29 170 1
29 172 1
29 176 1
29 178 1
29 179 1
29 185 1
29 189 1
29 194 1
30 45 1
30 49 1
30 50 1
30 75 1
30 86 1
30 87 1
30 88 1
30 95 1
30 145 1
30 156 1
30 162 1
30 184 1
30 185 1
30 194 1
31 39 1
31 47 1
31 79 1
31 80 1
31 95 1
31 99 1
31 105 1
31 110 1
31 128 1
31 130 1
31 136 1
31 137 1
31 151 1
31 154 1
31 157 1
31 161 1
31 189 1
31 198 1
32 37 1
32 39 1
32 47 1
32 50 1
32 60 1
32 66 1
32 90 1
32 118 1
32 149 1
32 168 1
32 196 1
33 36 1
33 42 1
33 43 1
33 68 1
33 69 1
33 71 1
33 80 1
33 83 1
33 92 1
33 95 1
33 97 1
33 127 1
33 129 1
33 142 1
33 144 1
33 155 1
33 165 1
33 179 1
34 44 1
34 49 1
34 56 1
34 58 1
34 72 1
34 80 1
34 104 1
34 113 1
34 116 1
34 117 1
34 126 1
34 136 1
34 139 1
34 142 1
34 143 1
34 147 1
34 150 1
34 159 1
34 172 1
34 175 1
34 178 1
34 181 1
34 182 1
34 187 1
35 42 1
35 52 1
35 66 1
35 86 1
35 91 1
35 93 1
35 105 1
35 113 1
35 118 1
35 125 1
35 132 1
35 134 1
35 135 1
35 152 1
35 161 1
35 165 1
35 166 1
35 170 1
35 173 1
35 175 1
35 191 1
36 57 1
36 70 1
36 75 1
36 80 1
36 84 1
36 94 1
36 118 1
36 121 1
36 127 1
36 128 1
36 130 1
36 150 1
36 170 1
36 181 1
36 198 1
37 39 1
37 41 1
37 56 1
37 64 1
37 68 1
37 79 1
37 101 1
37 102 1
37 128 1
37 131 1
37 132 1
37 142 1
37 150 1
37 152 1
37 153 1
37 156 1
37 157 1
37 181 1
37 188 1
38 42 1
38 61 1
38 63 1
38 70 1
38 80 1
38 85 1
38 95 1
38 96 1
38 100 1
38 102 1
38 123 1
38 134 1
38 139 1
38 176 1
39 49 1
39 51 1
39 58 1
39 92 1
39 110 1
39 124 1
39 133 1
39 139 1
39 141 1
39 143 1
39 144 1
39 155 1
39 165 1
39 169 1
39 174 1
40 56 1
40 69 1
40 74 1
40 80 1
40 112 1
40 119 1
40 135 1
40 144 1
40 146 1
40 153 1
40 154 1
40 155 1
40 170 1
40 181 1
40 184 1
40 188 1
40 193 1
40 198 1
41 43 1
41 45 1
41 49 1
41 56 1
41 68 1
41 87 1
41 96 1
41 110 1
41 137 1
41 171 1
41 183 1
41 193 1
41 195 1
42 52 1
42 57 1
42 76 1
42 78 1
42 97 1
42 120 1
42 127 1
42 146 1
42 149 1
42 163 1
42 168 1
42 180 1
42 186 1
42 194 1
42 197 1
43 51 1
43 60 1
43 96 1
43 105 1
43 106 1
43 114 1
43 117 1
43 138 1
43 139 1
43 140 1
43 182 1
43 184 1
43 190 1
43 195 1
44 48 1
44 60 1
44 66 1
44 68 1
44 74 1
44 91 1
44 99 1
44 107 1
44 128 1
44 133 1
44 140 1
44 149 1
44 151 1
44 167 1
45 49 1
45 64 1
45 77 1
45 90 1
45 95 1
45 101 1
45 108 1
45 115 1
45 117 1
45 150 1
45 173 1
45 174 1
45 176 1
45 182 1
46 56 1
46 57 1
46 67 1
46 72 1
46 99 1
46 108 1
46 114 1
46 129 1
46 152 1
46 171 1
46 199 1
47 58 1
47 81 1
47 84 1
47 88 1
47 129 1
47 142 1
47 170 1
47 172 1
47 174 1
47 180 1
47 182 1
47 187 1
47 190 1
47 192 1
48 53 1
48 63 1
48 66 1
48 81 1
48 82 1
48 84 1
48 88 1
48 92 1
48 124 1
48 125 1
48 134 1
48 140 1
48 147 1
48 149 1
48 164 1
48 167 1
48 184 1
48 185 1
48 192 1
49 68 1
49 96 1
49 113 1
49 114 1
49 122 1
49 124 1
49 141 1
49 147 1
49 148 1
49 157 1
49 164 1
49 179 1
50 71 1
50 83 1
50 96 1
50 99 1
50 104 1
50 107 1
50 111 1
50 125 1
50 129 1
50 132 1
50 138 1
50 143 1
50 145 1
50 154 1
50 161 1
50 162 1
50 164 1
50 172 1
50 175 1
50 182 1
50 186 1
50 191 1
50 197 1
51 62 1
51 65 1
51 89 1
51 92 1
51 110 1
51 113 1
51 114 1
51 117 1
51 121 1
51 134 1
51 139 1
51 184 1
51 186 1
51 189 1
52 64 1
52 67 1
52 78 1
52 106 1
52 128 1
52 133 1
52 138 1
52 145 1
52 146 1
52 162 1
52 175 1
52 176 1
52 197 1
53 72 1
53 83 1
53 90 1
53 91 1
53 96 1
53 100 1
53 109 1
53 118 1
53 143 1
53 169 1
53 190 1
53 191 1
53 194 1
54 68 1
54 69 1
54 71 1
54 78 1
54 86 1
54 98 1
54 99 1
54 111 1
54 118 1
54 122 1
54 129 1
54 140 1
54 165 1
54 177 1
54 179 1
54 188 1
55 57 1
55 58 1
55 67 1
55 76 1
55 86 1
55 110 1
55 112 1
55 128 1
55 132 1
55 150 1
55 157 1
55 159 1
55 163 1
55 175 1
55 189 1
56 67 1
56 78 1
56 86 1
56 87 1
56 105 1
56 120 1
56 134 1
56 138 1
56 151 1
56 172 1
56 178 1
56 184 1
56 187 1
56 192 1
56 198 1
57 83 1
57 98 1
57 108 1
57 122 1
57 131 1
57 150 1
57 171 1
57 177 1
57 180 1
57 185 1
57 188 1
57 192 1
57 195 1
57 197 1
58 66 1
58 73 1
58 81 1
58 107 1
58 114 1
58 121 1
58 125 1
58 126 1
58 133 1
58 139 1
58 141 1
58 142 1
58 190 1
59 72 1
59 87 1
59 92 1
59 101 1
59 105 1
59 147 1
59 169 1
59 186 1
60 70 1
60 72 1
60 91 1
60 93 1
60 97 1
60 115 1
60 125 1
60 129 1
60 130 1
60 138 1
60 141 1
60 163 1
60 165 1
60 172 1
60 173 1
60 175 1
60 178 1
60 181 1
60 182 1
60 185 1
60 197 1
61 64 1
61 66 1
61 67 1
61 72 1
61 78 1
61 90 1
61 94 1
61 96 1
61 102 1
61 149 1
61 159 1
61 161 1
61 162 1
61 170 1
61 176 1
61 196 1
61 197 1
61 199 1
62 78 1
62 88 1
62 96 1
62 107 1
62 123 1
62 126 1
62 163 1
62 164 1
62 167 1
62 168 1
62 179 1
62 180 1
62 188 1
63 79 1
63 104 1
63 145 1
63 152 1
63 154 1
63 158 1
63 165 1
63 167 1
63 176 1
63 187 1
63 191 1
63 193 1
63 196 1
64 72 1
64 85 1
64 86 1
64 91 1
64 100 1
64 104 1
64 108 1
64 122 1
64 128 1
64 129 1
64 141 1
64 154 1
64 164 1
64 166 1
64 179 1
64 189 1
65 94 1
65 95 1
65 98 1
65 103 1
65 105 1
65 116 1
65 123 1
65 130 1
65 167 1
65 171 1
65 172 1
65 173 1
65 184 1
65 188 1
66 72 1
66 83 1
66 85 1
66 125 1
66 148 1
66 154 1
66 168 1
66 172 1
66 177 1
67 80 1
67 92 1
67 98 1
67 100 1
67 116 1
67 117 1
67 129 1
67 131 1
67 144 1
67 150 1
67 157 1
67 162 1
67 181 1
67 197 1
68 76 1
68 86 1
68 98 1
68 104 1
68 123 1
68 124 1
68 130 1
68 135 1
68 136 1
68 141 1
68 143 1
68 158 1
68 159 1
68 164 1
68 167 1
68 176 1
68 184 1
68 189 1
68 191 1
68 193 1
69 75 1
69 85 1
69 87 1
69 90 1
69 91 1
69 111 1
69 120 1
69 122 1
69 124 1
69 128 1
69 132 1
69 135 1
69 163 1
69 182 1
69 185 1
70 83 1
70 91 1
70 101 1
70 102 1
70 117 1
70 121 1
70 136 1
70 144 1
70 154 1
70 158 1
70 183 1
70 190 1
70 193 1
71 77 1
71 81 1
71 89 1
71 93 1
71 96 1
71 99 1
71 106 1
71 111 1
71 112 1
71 114 1
71 127 1
71 128 1
71 135 1
71 137 1
71 142 1
71 166 1
71 175 1
71 199 1
72 78 1
72 89 1
72 93 1
72 95 1
72 116 1
72 134 1
72 139 1
72 153 1
72 155 1
72 176 1
72 184 1
73 107 1
73 142 1
73 154 1
73 157 1
73 188 1
73 198 1
74 81 1
74 84 1
74 93 1
74 94 1
74 96 1
74 111 1
74 128 1
74 130 1
74 134 1
74 169 1
74 174 1
74 176 1
74 190 1
74 194 1
75 79 1
75 105 1
75 113 1
75 118 1
75 128 1
75 132 1
75 141 1
75 157 1
75 158 1
75 182 1
75 196 1
75 197 1
76 82 1
76 98 1
76 100 1
76 109 1
76 134 1
76 136 1
76 144 1
76 161 1
76 173 1
76 179 1
76 187 1
77 98 1
77 125 1
77 128 1
77 143 1
77 153 1
77 177 1
77 180 1
77 181 1
77 184 1
77 189 1
78 96 1
78 99 1
78 101 1
78 102 1
78 103 1
78 108 1
78 120 1
78 125 1
78 129 1
78 142 1
78 148 1
78 155 1
78 156 1
78 171 1
78 173 1
79 82 1
79 95 1
79 100 1
79 104 1
79 114 1
79 119 1
79 127 1
79 134 1
79 146 1
79 152 1
79 176 1
79 186 1
79 187 1
79 196 1
79 198 1
80 84 1
80 148 1
80 155 1
80 158 1
80 165 1
80 196 1
81 84 1
81 88 1
81 92 1
81 95 1
81 98 1
81 110 1
81 124 1
81 139 1
81 155 1
81 163 1
81 167 1
81 170 1
81 172 1
81 176 1
81 177 1
82 86 1
82 94 1
82 98 1
82 106 1
82 109 1
82 111 1
82 119 1
82 128 1
82 132 1
82 139 1
82 140 1
82 145 1
82 149 1
82 153 1
82 155 1
82 156 1
82 157 1
82 159 1
82 170 1
82 178 1
82 181 1
82 195 1
83 86 1
83 90 1
83 118 1
83 125 1
83 141 1
83 154 1
83 160 1
83 171 1
83 175 1
83 178 1
84 89 1
84 91 1
84 105 1
84 107 1
84 114 1
84 120 1
84 141 1
84 150 1
84 162 1
84 163 1
84 171 1
84 193 1
85 87 1
85 92 1
85 109 1
85 114 1
85 117 1
85 118 1
85 123 1
85 127 1
85 143 1
85 152 1
85 161 1
85 163 1
85 186 1
86 96 1
86 106 1
86 112 1
86 119 1
86 120 1
86 131 1
86 142 1
86 158 1
86 165 1
86 170 1
86 172 1
86 176 1
86 187 1
86 193 1
86 198 1
87 106 1
87 122 1
87 133 1
87 144 1
87 166 1
87 178 1
87 182 1
87 186 1
87 192 1
88 110 1
88 113 1
88 121 1
88 128 1
88 132 1
88 150 1
88 151 1
88 152 1
88 156 1
88 158 1
88 170 1
88 178 1
88 183 1
88 193 1
89 99 1
89 104 1
89 108 1
89 110 1
89 131 1
89 133 1
89 135 1
89 154 1
89 155 1
89 173 1
89 186 1
90 100 1
90 110 1
90 114 1
90 122 1
90 137 1
90 138 1
90 144 1
90 159 1
90 164 1
90 182 1
90 191 1
90 196 1
91 100 1
91 109 1
91 126 1
91 149 1
91 161 1
91 163 1
91 180 1
91 182 1
92 100 1
92 101 1
92 105 1
92 115 1
92 119 1
92 129 1
92 132 1
92 133 1
92 139 1
92 159 1
92 166 1
92 197 1
93 94 1
93 95 1
93 116 1
93 118 1
93 119 1
93 120 1
93 121 1
93 124 1
93 133 1
93 164 1
93 174 1
93 178 1
93 180 1
93 199 1
94 100 1
94 101 1
94 109 1
94 117 1
94 122 1
94 129 1
94 131 1
94 141 1
94 145 1
94 166 1
94 172 1
94 183 1
94 184 1
95 101 1
95 103 1
95 117 1
95 122 1
95 124 1
95 128 1
95 152 1
95 158 1
95 169 1
95 173 1
95 175 1
95 181 1
95 191 1
95 195 1
96 101 1
96 104 1
96 106 1
96 108 1
96 139 1
96 143 1
96 148 1
96 152 1
96 157 1
96 159 1
96 175 1
96 185 1
96 186 1
96 196 1
96 197 1
96 199 1
97 101 1
97 118 1
97 125 1
97 126 1
97 127 1
97 129 1
97 142 1
97 151 1
97 163 1
97 171 1
97 174 1
98 106 1
98 111 1
98 135 1
98 142 1
98 157 1
98 167 1
98 168 1
98 169 1
98 179 1
98 185 1
98 196 1
99 102 1
99 121 1
99 136 1
99 141 1
99 151 1
99 162 1
99 163 1
100 113 1
100 122 1
100 132 1
100 143 1
100 152 1
100 154 1
100 170 1
100 178 1
100 187 1
100 188 1
100 191 1
101 108 1
101 115 1
101 118 1
101 121 1
101 122 1
101 126 1
101 133 1
101 137 1
101 144 1
101 146 1
101 162 1
101 163 1
101 167 1
101 184 1
101 193 1
101 194 1
102 107 1
102 109 1
102 115 1
102 124 1
102 131 1
102 147 1
102 149 1
102 154 1
102 160 1
102 187 1
102 192 1
102 198 1
103 104 1
103 124 1
103 125 1
103 147 1
103 150 1
103 152 1
103 176 1
103 189 1
103 197 1
104 132 1
104 140 1
104 156 1
104 172 1
104 183 1
104 185 1
104 194 1
105 114 1
105 119 1
105 128 1
105 140 1
105 168 1
105 173 1
105 188 1
106 116 1
106 118 1
106 122 1
106 126 1
106 145 1
106 149 1
106 154 1
106 163 1
106 169 1
106 190 1
107 109 1
107 113 1
107 120 1
107 130 1
107 156 1
107 162 1
107 168 1
107 172 1
107 174 1
107 178 1
107 180 1
107 193 1
108 117 1
108 135 1
108 141 1
108 146 1
108 152 1
108 164 1
108 174 1
108 193 1
109 111 1
109 123 1
109 124 1
109 137 1
109 138 1
109 147 1
109 154 1
109 156 1
109 173 1
109 189 1
109 198 1
109 199 1
110 121 1
110 131 1
110 145 1
110 161 1
110 167 1
110 181 1
110 184 1
110 188 1
110 197 1
111 115 1
111 118 1
111 148 1
111 164 1
111 177 1
111 179 1
111 189 1
111 191 1
112 130 1
112 131 1
112 132 1
112 140 1
112 141 1
112 162 1
112 175 1
112 176 1
112 183 1
112 195 1
113 133 1
113 136 1
113 139 1
113 164 1
113 169 1
113 172 1
113 181 1
113 191 1
113 199 1
114 120 1
114 132 1
114 141 1
114 142 1
114 151 1
114 167 1
114 168 1
114 185 1
114 186 1
114 190 1
114 199 1
115 118 1
115 138 1
115 145 1
115 187 1
115 195 1
116 129 1
116 131 1
116 145 1
116 148 1
116 164 1
116 177 1
116 192 1
117 119 1
117 131 1
117 145 1
117 167 1
117 172 1
117 179 1
117 185 1
118 119 1
118 122 1
118 150 1
118 152 1
118 171 1
118 174 1
118 175 1
118 178 1
118 184 1
118 188 1
118 192 1
118 195 1
118 197 1
119 158 1
119 160 1
119 173 1
119 194 1
119 198 1
120 149 1
120 162 1
120 163 1
120 182 1
120 190 1
120 192 1
120 196 1
120 197 1
121 144 1
121 151 1
121 153 1
121 156 1
121 177 1
121 182 1
121 186 1
121 199 1
122 128 1
122 160 1
122 177 1
122 184 1
123 125 1
123 138 1
123 152 1
123 177 1
123 183 1
123 192 1
123 194 1
123 196 1
124 128 1
124 129 1
124 148 1
124 151 1
124 156 1
124 169 1
124 179 1
124 189 1
124 191 1
124 197 1
124 198 1
125 148 1
125 152 1
125 161 1
125 164 1
125 173 1
125 177 1
126 129 1
126 149 1
126 153 1
126 173 1
126 175 1
126 177 1
126 179 1
127 135 1
127 150 1
127 163 1
127 170 1
128 134 1
128 138 1
128 139 1
128 148 1
128 151 1
128 156 1
128 171 1
128 174 1
128 186 1
128 189 1
128 194 1
128 199 1
129 130 1
129 139 1
129 146 1
129 156 1
129 162 1
129 171 1
129 185 1
129 196 1
130 132 1
130 136 1
130 145 1
130 150 1
130 154 1
130 168 1
130 171 1
130 185 1
130 186 1
130 191 1
130 195 1
131 133 1
131 137 1
131 167 1
131 171 1
131 173 1
131 181 1
131 188 1
132 137 1
132 146 1
132 148 1
132 176 1
132 179 1
132 182 1
133 140 1
133 155 1
133 158 1
133 169 1
133 171 1
133 172 1
133 173 1
133 176 1
133 177 1
133 183 1
133 196 1
133 198 1
134 143 1
134 165 1
134 168 1
134 180 1
134 197 1
135 136 1
135 139 1
135 141 1
135 175 1
136 142 1
136 147 1
136 149 1
136 151 1
136 183 1
136 197 1
137 163 1
137 175 1
137 192 1
138 147 1
138 156 1
138 162 1
138 163 1
138 170 1
138 171 1
138 188 1
139 149 1
139 151 1
139 170 1
139 175 1
139 178 1
139 180 1
139 182 1
139 194 1
139 197 1
140 145 1
140 153 1
140 156 1
140 165 1
140 170 1
140 180 1
140 197 1
141 160 1
141 168 1
141 174 1
141 175 1
141 187 1
142 144 1
142 147 1
142 176 1
142 182 1
142 183 1
142 185 1
142 192 1
143 159 1
143 181 1
143 182 1
143 188 1
143 192 1
144 160 1
144 165 1
144 188 1
145 152 1
145 159 1
145 166 1
145 167 1
145 174 1
145 182 1
146 150 1
146 164 1
146 183 1
146 194 1
147 149 1
147 165 1
147 177 1
148 165 1
148 174 1
148 175 1
148 178 1
148 179 1
148 199 1
149 173 1
149 190 1
149 197 1
150 171 1
150 181 1
150 188 1
151 153 1
151 175 1
151 180 1
152 153 1
152 181 1
152 186 1
152 192 1
152 195 1
153 156 1
153 166 1
153 168 1
153 169 1
153 191 1
153 194 1
154 157 1
154 159 1
155 162 1
155 175 1
155 177 1
155 183 1
155 186 1
155 196 1
156 172 1
156 173 1
156 175 1
156 181 1
156 190 1
157 167 1
157 169 1
158 162 1
158 164 1
158 188 1
158 189 1
158 191 1
158 197 1
159 163 1
159 165 1
159 171 1
159 175 1
159 190 1
159 193 1
159 198 1
160 169 1
160 170 1
160 193 1
161 162 1
161 183 1
161 190 1
161 197 1
162 163 1
162 166 1
162 171 1
162 191 1
162 199 1
163 165 1
163 193 1
164 168 1
164 170 1
164 185 1
164 190 1
164 191 1
164 194 1
165 170 1
165 174 1
165 189 1
165 194 1
166 187 1
166 190 1
166 195 1
167 179 1
168 189 1
168 191 1
169 185 1
169 192 1
169 193 1
170 174 1
170 178 1
170 179 1
170 186 1
170 190 1
170 197 1
171 172 1
171 173 1
171 180 1
171 189 1
172 173 1
172 174 1
172 180 1
172 183 1
172 198 1
172 199 1
173 187 1
173 191 1
174 176 1
174 197 1
175 176 1
175 198 1
176 177 1
177 183 1
177 190 1
177 191 1
177 196 1
178 195 1
178 197 1
179 180 1
179 191 1
179 194 1
179 195 1
180 196 1
181 192 1
181 198 1
181 199 1
182 189 1
182 193 1
183 190 1
184 197 1
185 197 1
186 188 1
186 189 1
186 193 1
188 193 1
188 199 1
189 197 1
189 198 1
190 198 1
190 199 1
191 194 1
194 197 1
195 196 1
1
9 104 88 164 64 5 42 142 56 146 106 143 51 116 29 165 1 131 68 193
