2033
0 6 1
0 10 1
0 15 1
0 17 1
0 40 1
0 43 1
0 46 1
0 83 1
0 106 1
0 126 1
0 132 1
0 139 1
0 140 1
0 175 1
0 177 1
1 5 1
1 12 1
1 16 1
1 23 1
1 55 1
1 63 1
1 85 1
1 88 1
1 125 1
1 133 1
1 140 1
1 150 1
1 156 1
1 157 1
1 158 1
1 171 1
1 175 1
1 180 1
1 185 1
2 5 1
2 10 1
2 11 1
2 16 1
2 22 1
2 33 1
2 38 1
2 40 1
2 41 1
2 47 1
2 49 1
2 65 1
2 72 1
2 80 1
2 114 1
2 126 1
2 127 1
2 145 1
2 147 1
2 154 1
2 159 1
2 167 1
2 170 1
3 9 1
3 22 1
3 23 1
3 28 1
3 30 1
3 91 1
3 112 1
3 116 1
3 118 1
3 119 1
3 132 1
3 133 1
3 138 1
3 143 1
3 150 1
3 160 1
3 169 1
3 172 1
3 174 1
3 176 1
4 7 1
4 23 1
4 25 1
4 26 1
4 28 1
4 30 1
4 32 1
4 46 1
4 76 1
4 79 1
4 92 1
4 95 1
4 97 1
4 98 1
4 101 1
4 102 1
4 103 1
4 132 1
4 139 1
4 152 1
4 170 1
4 176 1
5 20 1
5 21 1
5 22 1
5 46 1
5 64 1
5 77 1
5 80 1
5 81 1
5 103 1
5 104 1
5 109 1
5 113 1
5 114 1
5 116 1
5 128 1
5 138 1
5 151 1
5 157 1
5 160 1
5 161 1
5 171 1
5 177 1
5 185 1
6 7 1
6 32 1
6 34 1
6 41 1
6 50 1
6 53 1
6 55 1
6 61 1
6 67 1
6 71 1
6 103 1
6 107 1
6 113 1
6 119 1
6 120 1
6 129 1
6 130 1
6 133 1
6 138 1
6 141 1
6 153 1
6 164 1
6 167 1
6 168 1
6 171 1
6 173 1
6 180 1
6 183 1
6 187 1
6 188 1
7 12 1
7 13 1
7 21 1
7 25 1
7 33 1
7 35 1
7 47 1
7 50 1
7 52 1
7 59 1
7 62 1
7 97 1
7 98 1
7 109 1
7 125 1
7 133 1
7 137 1
7 146 1
7 155 1
7 171 1
8 9 1
8 34 1
8 47 1
8 50 1
8 56 1
8 65 1
8 100 1
8 101 1
8 108 1
8 112 1
8 119 1
8 135 1
8 150 1
8 160 1
8 164 1
8 165 1
8 169 1
8 188 1
8 189 1
9 12 1
9 14 1
9 23 1
9 35 1
9 40 1
9 65 1
9 69 1
9 95 1
9 96 1
9 109 1
9 126 1
9 133 1
9 138 1
9 160 1
9 162 1
9 176 1
10 11 1
10 22 1
10 32 1
10 37 1
10 41 1
10 47 1
10 58 1
10 64 1
10 70 1
10 75 1
10 86 1
10 96 1
10 98 1
10 113 1
10 124 1
10 148 1
10 151 1
10 181 1
10 182 1
10 187 1
10 188 1
10 189 1
11 16 1
11 36 1
11 43 1
11 49 1
11 60 1
11 63 1
11 65 1
11 82 1
11 83 1
11 89 1
11 98 1
11 118 1
11 125 1
11 136 1
11 146 1
11 159 1
11 168 1
11 175 1
11 179 1
11 184 1
12 17 1
12 25 1
12 37 1
12 50 1
12 51 1
12 56 1
12 61 1
12 66 1
12 75 1
12 81 1
12 85 1
12 89 1
12 90 1
12 108 1
12 109 1
12 136 1
12 138 1
12 140 1
12 146 1
12 147 1
12 150 1
12 180 1
12 182 1
12 187 1
13 23 1
13 32 1
13 53 1
13 56 1
13 69 1
13 80 1
13 85 1
13 89 1
13 96 1
13 99 1
13 109 1
13 110 1
13 114 1
13 127 1
13 145 1
13 149 1
13 150 1
13 152 1
13 155 1
13 163 1
13 170 1
13 177 1
13 178 1
13 184 1
13 185 1
14 27 1
14 87 1
14 89 1
14 93 1
14 109 1
14 110 1
14 111 1
14 112 1
14 122 1
14 129 1
14 131 1
14 134 1
14 144 1
14 148 1
14 152 1
14 154 1
14 161 1
14 164 1
14 189 1
15 17 1
15 24 1
15 27 1
15 28 1
15 29 1
15 31 1
15 37 1
15 60 1
15 72 1
15 115 1
15 153 1
15 154 1
15 162 1
15 171 1
15 189 1
16 35 1
16 58 1
16 60 1
16 70 1
16 100 1
16 104 1
16 139 1
16 151 1
16 154 1
16 167 1
16 168 1
16 172 1
16 183 1
16 189 1
17 31 1
17 46 1
17 55 1
17 61 1
17 66 1
17 86 1
17 88 1
17 93 1
17 97 1
17 104 1
17 110 1
17 111 1
17 112 1
17 114 1
17 121 1
17 123 1
17 130 1
17 146 1
17 155 1
17 156 1
17 159 1
17 160 1
17 165 1
17 171 1
17 178 1
17 187 1
17 189 1
18 19 1
18 31 1
18 32 1
18 35 1
18 38 1
18 66 1
18 73 1
18 84 1
18 89 1
18 92 1
18 105 1
18 115 1
18 119 1
18 121 1
18 123 1
18 126 1
18 133 1
18 146 1
18 172 1
18 174 1
18 178 1
18 186 1
18 188 1
19 22 1
19 36 1
19 38 1
19 45 1
19 64 1
19 75 1
19 83 1
19 85 1
19 89 1
19 93 1
19 109 1
19 130 1
19 133 1
19 139 1
19 150 1
19 171 1
19 178 1
19 182 1
19 186 1
20 43 1
20 67 1
20 76 1
20 94 1
20 110 1
20 113 1
20 114 1
20 116 1
20 122 1
20 151 1
20 154 1
20 172 1
20 173 1
20 188 1
21 22 1
21 28 1
21 71 1
21 92 1
21 101 1
21 111 1
21 114 1
21 116 1
21 120 1
21 125 1
21 134 1
21 139 1
21 141 1
21 153 1
21 157 1
21 176 1
22 25 1
22 26 1
22 32 1
22 37 1
22 41 1
22 46 1
22 50 1
22 65 1
22 75 1
22 76 1
22 89 1
22 90 1
22 96 1
22 99 1
22 109 1
22 117 1
22 119 1
22 120 1
22 125 1
22 141 1
22 150 1
22 167 1
22 169 1
22 189 1
23 37 1
23 43 1
23 44 1
23 59 1
23 68 1
23 77 1
23 81 1
23 90 1
23 111 1
23 129 1
23 151 1
23 157 1
23 171 1
23 174 1
24 30 1
24 38 1
24 50 1
24 56 1
24 60 1
24 69 1
24 73 1
24 78 1
24 82 1
24 90 1
24 106 1
24 111 1
24 127 1
24 128 1
24 139 1
24 150 1
24 154 1
24 174 1
25 32 1
25 51 1
25 77 1
25 88 1
25 98 1
25 112 1
25 122 1
25 128 1
25 131 1
25 137 1
25 151 1
25 154 1
25 166 1
25 179 1
25 180 1
26 40 1
26 44 1
26 45 1
26 50 1
26 69 1
26 84 1
26 105 1
26 107 1
26 109 1
26 114 1
26 117 1
26 156 1
26 167 1
26 173 1
26 187 1
26 189 1
27 28 1
27 38 1
27 41 1
27 43 1
27 45 1
27 49 1
27 50 1
27 55 1
27 56 1
27 62 1
27 68 1
27 72 1
27 81 1
27 117 1
27 119 1
27 126 1
27 130 1
27 133 1
27 141 1
27 146 1
27 147 1
27 153 1
27 155 1
27 173 1
27 189 1
28 34 1
28 39 1
28 67 1
28 77 1
28 93 1
28 101 1
28 113 1
28 126 1
28 141 1
28 151 1
28 166 1
29 33 1
29 39 1
29 42 1
29 68 1
29 78 1
29 83 1
29 89 1
29 92 1
29 108 1
29 115 1
29 116 1
29 135 1
29 163 1
30 48 1
30 51 1
30 54 1
30 57 1
30 58 1
30 68 1
30 74 1
30 75 1
30 78 1
30 86 1
30 87 1
30 98 1
30 99 1
30 120 1
30 129 1
30 132 1
30 143 1
30 148 1
30 151 1
30 167 1
30 174 1
30 183 1
30 186 1
31 38 1
31 42 1
31 54 1
31 66 1
31 71 1
31 81 1
31 90 1
31 91 1
31 101 1
31 113 1
31 121 1
31 124 1
31 128 1
31 152 1
31 153 1
31 163 1
31 164 1
31 165 1
31 173 1
31 179 1
31 186 1
32 35 1
32 39 1
32 48 1
32 50 1
32 61 1
32 62 1
32 67 1
32 69 1
32 82 1
32 88 1
32 102 1
32 124 1
32 125 1
32 127 1
32 134 1
32 136 1
32 137 1
32 156 1
32 157 1
32 177 1
33 37 1
33 39 1
33 49 1
33 61 1
33 69 1
33 78 1
33 106 1
33 110 1
33 114 1
34 44 1
34 78 1
34 97 1
34 103 1
34 105 1
34 108 1
34 109 1
34 115 1
34 125 1
34 126 1
34 137 1
34 145 1
34 154 1
34 156 1
34 166 1
34 172 1
34 174 1
34 188 1
35 37 1
35 44 1
35 54 1
35 63 1
35 68 1
35 86 1
35 89 1
35 108 1
35 128 1
35 142 1
35 159 1
36 38 1
36 55 1
36 61 1
36 68 1
36 70 1
36 94 1
36 116 1
36 128 1
36 130 1
36 148 1
36 152 1
36 162 1
36 167 1
36 168 1
36 179 1
36 181 1
36 187 1
37 50 1
37 51 1
37 54 1
37 74 1
37 86 1
37 99 1
37 101 1
37 133 1
37 135 1
37 138 1
37 167 1
37 177 1
38 45 1
38 49 1
38 61 1
38 66 1
38 70 1
38 73 1
38 85 1
38 89 1
38 92 1
38 115 1
38 119 1
38 137 1
38 142 1
38 143 1
38 151 1
39 44 1
39 51 1
39 59 1
39 62 1
39 87 1
39 109 1
39 115 1
39 125 1
39 132 1
39 135 1
39 158 1
39 159 1
39 168 1
40 45 1
40 60 1
40 83 1
40 92 1
40 98 1
40 103 1
40 108 1
40 147 1
40 148 1
40 154 1
40 161 1
40 164 1
40 178 1
40 183 1
41 53 1
41 83 1
41 85 1
41 87 1
41 90 1
41 91 1
41 103 1
41 105 1
41 106 1
41 111 1
41 112 1
41 119 1
41 121 1
41 130 1
41 131 1
41 143 1
41 144 1
41 146 1
41 156 1
41 168 1
41 171 1
42 57 1
42 60 1
42 72 1
42 75 1
42 89 1
42 91 1
42 102 1
42 110 1
42 125 1
42 126 1
42 132 1
42 138 1
42 152 1
42 154 1
42 172 1
42 175 1
42 184 1
43 60 1
43 70 1
43 73 1
43 83 1
43 97 1
43 101 1
43 111 1
43 113 1
43 133 1
43 135 1
43 138 1
43 160 1
43 165 1
43 166 1
43 179 1
43 180 1
44 59 1
44 63 1
44 71 1
44 75 1
44 78 1
44 80 1
44 87 1
44 104 1
44 110 1
44 115 1
44 117 1
44 120 1
44 152 1
44 172 1
44 177 1
44 184 1
45 70 1
45 74 1
45 81 1
45 94 1
45 96 1
45 104 1
45 106 1
45 107 1
45 117 1
45 140 1
45 142 1
45 147 1
45 157 1
45 162 1
45 171 1
45 184 1
45 185 1
46 51 1
46 57 1
46 58 1
46 67 1
46 86 1
46 92 1
46 108 1
46 109 1
46 110 1
46 111 1
46 124 1
46 154 1
46 156 1
46 164 1
46 168 1
46 179 1
47 66 1
47 70 1
47 71 1
47 81 1
47 89 1
47 97 1
47 100 1
47 104 1
47 112 1
47 119 1
47 125 1
47 128 1
47 130 1
47 131 1
47 132 1
47 145 1
47 155 1
47 163 1
47 167 1
47 170 1
47 172 1
47 181 1
48 53 1
48 64 1
48 66 1
48 68 1
48 101 1
48 115 1
48 131 1
48 134 1
48 166 1
49 55 1
49 56 1
49 66 1
49 100 1
49 102 1
49 113 1
49 117 1
49 126 1
49 151 1
50 56 1
50 78 1
50 79 1
50 81 1
50 86 1
50 87 1
50 91 1
50 97 1
50 99 1
50 109 1
50 116 1
50 120 1
50 129 1
50 130 1
50 143 1
50 169 1
50 170 1
50 172 1
50 184 1
51 52 1
51 74 1
51 78 1
51 80 1
51 94 1
51 95 1
51 97 1
51 101 1
51 110 1
51 121 1
51 134 1
51 136 1
51 137 1
51 164 1
51 167 1
51 188 1
52 53 1
52 59 1
52 69 1
52 74 1
52 81 1
52 87 1
52 96 1
52 103 1
52 120 1
52 133 1
52 137 1
52 138 1
52 139 1
52 174 1
52 178 1
52 179 1
52 185 1
52 186 1
53 72 1
53 73 1
53 75 1
53 88 1
53 100 1
53 102 1
53 110 1
53 138 1
53 169 1
53 178 1
54 64 1
54 68 1
54 70 1
54 74 1
54 88 1
54 89 1
54 90 1
54 91 1
54 94 1
54 110 1
54 115 1
54 127 1
54 128 1
54 139 1
54 145 1
54 146 1
54 147 1
54 153 1
54 166 1
54 184 1
54 186 1
55 66 1
55 68 1
55 74 1
55 82 1
55 87 1
55 93 1
55 96 1
55 114 1
55 116 1
55 120 1
55 143 1
55 162 1
55 164 1
55 170 1
55 172 1
56 71 1
56 80 1
56 94 1
56 103 1
56 109 1
56 112 1
56 118 1
56 132 1
56 170 1
56 177 1
56 179 1
57 84 1
57 85 1
57 89 1
57 94 1
57 99 1
57 106 1
57 111 1
57 123 1
57 150 1
57 153 1
57 177 1
57 179 1
58 72 1
58 76 1
58 77 1
58 81 1
58 82 1
58 103 1
58 110 1
58 114 1
58 115 1
58 121 1
58 138 1
58 140 1
58 155 1
58 156 1
58 157 1
58 164 1
58 171 1
59 67 1
59 70 1
59 96 1
59 100 1
59 111 1
59 120 1
59 122 1
59 125 1
59 131 1
59 147 1
59 164 1
59 165 1
59 172 1
59 179 1
59 186 1
60 70 1
60 110 1
60 116 1
60 119 1
60 134 1
60 156 1
60 157 1
60 173 1
60 178 1
60 180 1
60 187 1
61 62 1
61 73 1
61 81 1
61 91 1
61 97 1
61 113 1
61 114 1
61 133 1
61 148 1
61 151 1
61 152 1
61 163 1
62 68 1
62 74 1
62 88 1
62 94 1
62 96 1
62 105 1
62 110 1
62 122 1
62 134 1
62 142 1
62 148 1
62 154 1
62 157 1
62 159 1
62 163 1
62 168 1
62 170 1
62 184 1
63 111 1
63 118 1
63 124 1
63 127 1
63 140 1
63 161 1
63 165 1
63 173 1
63 178 1
63 181 1
63 186 1
63 188 1
64 66 1
64 72 1
64 76 1
64 92 1
64 111 1
64 118 1
64 131 1
64 146 1
64 147 1
64 161 1
64 170 1
64 188 1
65 105 1
65 106 1
65 109 1
65 118 1
65 127 1
65 133 1
65 135 1
65 140 1
65 153 1
65 180 1
65 181 1
65 189 1
66 68 1
66 75 1
66 82 1
66 96 1
66 109 1
66 127 1
66 128 1
66 141 1
66 142 1
66 144 1
66 147 1
66 148 1
66 149 1
66 159 1
66 165 1
66 182 1
67 75 1
67 79 1
67 80 1
67 104 1
67 114 1
67 123 1
67 129 1
67 130 1
67 143 1
67 144 1
67 154 1
67 160 1
67 168 1
67 173 1
67 174 1
67 180 1
67 184 1
67 186 1
68 73 1
68 77 1
68 80 1
68 82 1
68 87 1
68 90 1
68 124 1
68 126 1
68 139 1
68 140 1
68 145 1
68 149 1
68 152 1
68 155 1
68 171 1
68 173 1
68 174 1
68 176 1
68 179 1
68 186 1
69 75 1
69 76 1
69 85 1
69 90 1
69 103 1
69 123 1
69 134 1
69 143 1
70 73 1
70 83 1
70 89 1
70 90 1
70 91 1
70 93 1
70 98 1
70 110 1
70 115 1
70 124 1
70 129 1
70 134 1
70 145 1
70 153 1
70 158 1
70 159 1
70 177 1
70 182 1
70 183 1
71 76 1
71 80 1
71 96 1
71 100 1
71 114 1
71 117 1
71 129 1
71 130 1
71 133 1
71 138 1
71 148 1
71 153 1
71 154 1
71 158 1
71 174 1
71 176 1
72 80 1
72 85 1
72 86 1
72 99 1
72 108 1
72 123 1
72 124 1
72 129 1
72 130 1
72 136 1
72 146 1
72 147 1
72 155 1
72 172 1
72 176 1
72 186 1
73 79 1
73 89 1
73 91 1
73 97 1
73 98 1
73 120 1
73 124 1
73 127 1
73 144 1
73 147 1
73 148 1
73 149 1
73 153 1
73 161 1
73 162 1
73 177 1
74 95 1
74 103 1
74 105 1
74 106 1
74 119 1
74 136 1
74 141 1
74 148 1
74 171 1
74 174 1
74 184 1
75 76 1
75 85 1
75 88 1
75 114 1
75 119 1
75 136 1
75 137 1
75 139 1
75 141 1
75 150 1
75 154 1
75 156 1
75 167 1
75 168 1
75 173 1
75 181 1
76 88 1
76 92 1
76 105 1
76 115 1
76 119 1
76 122 1
76 131 1
76 134 1
76 157 1
76 170 1
76 183 1
76 187 1
77 80 1
77 81 1
77 87 1
77 90 1
77 99 1
77 116 1
77 122 1
77 124 1
77 134 1
77 137 1
77 139 1
77 141 1
77 145 1
77 149 1
77 154 1
77 157 1
77 160 1
77 167 1
77 169 1
78 88 1
78 93 1
78 97 1
78 102 1
78 107 1
78 110 1
78 117 1
78 126 1
78 130 1
78 178 1
78 186 1
79 88 1
79 89 1
79 90 1
79 95 1
79 102 1
79 106 1
79 115 1
79 119 1
79 120 1
79 138 1
79 168 1
79 172 1
79 187 1
80 81 1
80 90 1
80 91 1
80 93 1
80 109 1
80 114 1
80 118 1
80 129 1
80 131 1
80 134 1
80 136 1
80 142 1
80 149 1
80 151 1
80 155 1
80 156 1
80 158 1
80 168 1
80 172 1
80 175 1
80 185 1
81 105 1
81 114 1
81 130 1
81 132 1
81 133 1
81 134 1
81 146 1
81 152 1
81 156 1
81 158 1
81 159 1
81 163 1
81 167 1
81 175 1
81 178 1
81 182 1
82 84 1
82 88 1
82 120 1
82 128 1
82 129 1
82 133 1
82 134 1
82 145 1
82 146 1
82 148 1
82 160 1
82 162 1
82 174 1
82 175 1
82 176 1
82 179 1
82 183 1
82 186 1
83 87 1
83 108 1
83 122 1
83 145 1
83 152 1
83 155 1
83 167 1
83 168 1
83 173 1
83 177 1
84 85 1
84 89 1
84 91 1
84 93 1
84 95 1
84 116 1
84 121 1
84 123 1
84 141 1
84 145 1
84 150 1
84 152 1
84 155 1
84 158 1
84 171 1
85 88 1
85 90 1
85 105 1
85 110 1
85 120 1
85 126 1
85 135 1
85 147 1
85 150 1
86 95 1
86 97 1
86 103 1
86 105 1
86 111 1
86 112 1
86 132 1
86 139 1
86 152 1
86 154 1
86 156 1
86 164 1
86 169 1
86 171 1
86 179 1
87 88 1
87 93 1
87 99 1
87 108 1
87 134 1
87 138 1
87 141 1
87 143 1
87 152 1
87 162 1
87 169 1
87 173 1
87 183 1
88 93 1
88 100 1
88 102 1
88 109 1
88 120 1
88 130 1
88 136 1
88 144 1
88 163 1
88 164 1
88 166 1
88 187 1
88 189 1
89 97 1
89 117 1
89 122 1
89 125 1
89 142 1
89 143 1
89 152 1
89 183 1
89 184 1
89 185 1
89 187 1
90 105 1
90 110 1
90 115 1
90 117 1
90 136 1
90 138 1
90 141 1
90 168 1
90 170 1
90 172 1
90 175 1
91 93 1
91 120 1
91 134 1
91 136 1
91 147 1
91 165 1
91 178 1
92 101 1
92 103 1
92 115 1
92 123 1
92 132 1
92 144 1
92 154 1
92 157 1
92 159 1
92 161 1
92 164 1
92 175 1
92 177 1
92 178 1
92 183 1
92 185 1
93 98 1
93 99 1
93 101 1
93 108 1
93 112 1
93 118 1
93 120 1
93 127 1
93 133 1
93 137 1
93 144 1
93 145 1
93 147 1
93 154 1
93 168 1
93 177 1
93 178 1
93 186 1
94 95 1
94 112 1
94 118 1
94 121 1
94 124 1
94 141 1
94 147 1
94 158 1
94 163 1
94 177 1
94 180 1
94 181 1
94 185 1
94 187 1
95 100 1
95 102 1
95 108 1
95 134 1
95 144 1
95 146 1
95 160 1
95 167 1
95 168 1
95 170 1
95 183 1
96 97 1
96 109 1
96 114 1
96 128 1
96 152 1
96 162 1
96 164 1
96 180 1
96 188 1
97 100 1
97 113 1
97 123 1
97 128 1
97 135 1
97 136 1
97 156 1
97 174 1
97 178 1
97 184 1
97 189 1
98 100 1
98 110 1
98 121 1
98 162 1
98 163 1
98 164 1
98 171 1
98 175 1
99 126 1
99 138 1
99 141 1
99 148 1
99 154 1
99 155 1
99 175 1
100 103 1
100 111 1
100 119 1
100 123 1
100 126 1
100 134 1
100 143 1
100 147 1
100 156 1
100 158 1
100 161 1
100 172 1
100 173 1
101 112 1
101 115 1
101 135 1
101 148 1
101 151 1
101 154 1
101 155 1
101 157 1
101 161 1
101 166 1
101 168 1
101 171 1
101 175 1
102 103 1
102 123 1
102 128 1
102 164 1
102 175 1
102 184 1
103 107 1
103 134 1
103 135 1
103 154 1
103 173 1
103 177 1
103 180 1
103 182 1
104 112 1
104 121 1
104 125 1
104 139 1
104 165 1
104 166 1
104 184 1
105 114 1
105 117 1
105 128 1
105 136 1
105 140 1
105 143 1
105 161 1
105 165 1
105 167 1
105 170 1
105 187 1
106 112 1
106 115 1
106 117 1
106 129 1
106 135 1
106 142 1
106 149 1
106 155 1
106 161 1
106 163 1
106 185 1
107 109 1
107 113 1
107 126 1
107 135 1
107 140 1
107 144 1
107 155 1
107 158 1
107 159 1
107 164 1
107 169 1
108 118 1
108 130 1
108 131 1
108 132 1
108 133 1
108 155 1
108 159 1
108 163 1
108 166 1
108 168 1
108 175 1
109 112 1
109 120 1
109 122 1
109 130 1
109 134 1
109 146 1
109 151 1
109 160 1
109 168 1
109 172 1
109 177 1
109 183 1
110 117 1
110 132 1
110 150 1
110 177 1
110 180 1
110 187 1
111 120 1
111 129 1
111 149 1
111 150 1
111 167 1
111 169 1
111 170 1
111 178 1
111 180 1
112 113 1
112 115 1
112 125 1
112 139 1
112 141 1
112 146 1
112 157 1
112 159 1
112 172 1
112 174 1
112 180 1
112 184 1
113 125 1
113 126 1
113 127 1
113 133 1
113 138 1
113 184 1
113 186 1
114 155 1
114 160 1
114 187 1
115 120 1
115 127 1
115 147 1
115 157 1
115 184 1
116 119 1
116 121 1
116 124 1
116 138 1
116 142 1
116 162 1
116 172 1
116 175 1
116 179 1
116 188 1
116 189 1
117 151 1
117 158 1
117 163 1
117 165 1
117 167 1
117 177 1
117 181 1
118 123 1
118 124 1
118 131 1
118 137 1
118 149 1
118 151 1
118 152 1
118 186 1
118 189 1
119 121 1
119 132 1
119 133 1
119 137 1
119 184 1
119 185 1
119 188 1
120 126 1
120 128 1
120 130 1
120 133 1
120 142 1
120 144 1
120 145 1
120 158 1
121 122 1
121 136 1
121 142 1
121 154 1
121 168 1
122 130 1
122 135 1
122 137 1
122 150 1
122 160 1
122 170 1
123 124 1
123 130 1
123 133 1
123 148 1
123 167 1
123 174 1
123 176 1
123 178 1
123 181 1
124 132 1
124 139 1
124 147 1
124 150 1
124 157 1
124 163 1
124 165 1
124 171 1
124 187 1
125 135 1
125 149 1
125 153 1
125 158 1
125 160 1
125 162 1
125 163 1
125 165 1
125 168 1
125 173 1
125 188 1
126 129 1
126 132 1
126 137 1
126 166 1
126 173 1
126 179 1
126 183 1
127 129 1
127 130 1
127 131 1
127 135 1
127 142 1
127 143 1
127 148 1
127 183 1
127 184 1
127 185 1
128 131 1
128 167 1
129 153 1
129 171 1
129 173 1
129 179 1
129 182 1
130 133 1
130 148 1
130 156 1
130 175 1
130 184 1
130 185 1
130 186 1
131 144 1
131 162 1
131 167 1
131 172 1
131 187 1
132 139 1
132 142 1
132 155 1
132 158 1
132 163 1
133 134 1
133 135 1
133 143 1
133 148 1
133 149 1
133 156 1
133 164 1
133 171 1
133 173 1
133 178 1
134 142 1
134 149 1
134 179 1
135 151 1
135 159 1
135 166 1
135 174 1
135 177 1
136 137 1
136 138 1
136 141 1
136 151 1
136 154 1
136 176 1
136 185 1
137 138 1
137 159 1
137 188 1
137 189 1
138 147 1
138 159 1
138 169 1
138 183 1
139 158 1
139 171 1
139 184 1
140 145 1
140 153 1
140 165 1
140 167 1
140 175 1
140 183 1
140 184 1
141 143 1
141 159 1
141 160 1
141 164 1
141 165 1
141 173 1
141 184 1
142 143 1
142 165 1
142 181 1
143 145 1
143 157 1
143 166 1
143 171 1
143 182 1
143 184 1
144 153 1
144 161 1
144 164 1
144 171 1
144 175 1
144 186 1
145 148 1
145 157 1
145 160 1
145 168 1
145 175 1
145 181 1
145 182 1
146 148 1
146 150 1
146 159 1
146 160 1
146 166 1
146 168 1
146 169 1
146 183 1
147 150 1
147 153 1
147 165 1
147 166 1
147 173 1
147 180 1
147 189 1
148 156 1
148 158 1
148 161 1
148 164 1
148 167 1
148 172 1
148 173 1
148 178 1
149 151 1
149 159 1
149 167 1
149 169 1
149 177 1
149 180 1
150 166 1
150 175 1
151 154 1
151 156 1
151 165 1
151 166 1
151 168 1
151 181 1
151 187 1
152 161 1
152 170 1
152 175 1
153 179 1
153 187 1
154 162 1
154 167 1
154 169 1
154 173 1
155 161 1
155 164 1
155 167 1
155 172 1
155 180 1
156 160 1
157 168 1
157 175 1
157 184 1
157 185 1
157 188 1
158 165 1
158 168 1
158 185 1
159 163 1
159 178 1
159 182 1
160 165 1
160 172 1
160 180 1
160 181 1
160 189 1
161 171 1
161 183 1
161 189 1
162 181 1
163 171 1
164 170 1
165 166 1
165 171 1
165 177 1
166 175 1
166 189 1
167 178 1
168 170 1
168 178 1
168 185 1
168 186 1
168 187 1
170 172 1
170 175 1
170 179 1
172 185 1
172 189 1
173 189 1
174 182 1
175 184 1
176 183 1
177 181 1
177 186 1
180 187 1
180 188 1
183 185 1
186 189 1
1
23 102 164 175 114 132 64 176 29 141 75 89 100 86 146 48 121 147 1
