413
0 5 1
0 10 1
0 11 1
0 14 1
0 15 1
0 16 1
0 17 1
0 20 1
0 22 1
0 27 1
0 29 1
0 32 1
0 37 1
0 38 1
0 40 1
0 41 1
0 45 1
0 49 1
1 3 1
1 4 1
1 5 1
1 6 1
1 7 1
1 17 1
1 20 1
1 21 1
1 26 1
1 29 1
1 30 1
1 33 1
1 35 1
1 37 1
1 38 1
1 40 1
1 42 1
1 43 1
1 45 1
2 6 1
2 7 1
2 9 1
2 13 1
2 14 1
2 15 1
2 17 1
2 19 1
2 21 1
2 28 1
2 29 1
2 30 1
2 32 1
2 33 1
2 35 1
2 37 1
2 38 1
2 41 1
2 44 1
3 4 1
3 5 1
3 12 1
3 13 1
3 15 1
3 23 1
3 29 1
3 34 1
3 35 1
3 39 1
3 42 1
3 43 1
3 46 1
3 47 1
4 7 1
4 8 1
4 9 1
4 10 1
4 11 1
4 14 1
4 17 1
4 19 1
4 20 1
4 22 1
4 28 1
4 29 1
4 32 1
4 38 1
4 41 1
4 43 1
4 48 1
4 49 1
5 7 1
5 11 1
5 14 1
5 17 1
5 27 1
5 30 1
5 40 1
5 42 1
5 44 1
5 46 1
6 7 1
6 16 1
6 20 1
6 27 1
6 33 1
6 40 1
6 43 1
6 46 1
6 47 1
7 11 1
7 12 1
7 14 1
7 15 1
7 17 1
7 18 1
7 22 1
7 24 1
7 32 1
7 36 1
7 38 1
7 40 1
7 41 1
7 42 1
7 44 1
7 46 1
7 49 1
8 10 1
8 18 1
8 21 1
8 24 1
8 25 1
8 26 1
8 29 1
8 30 1
8 33 1
8 38 1
8 39 1
8 40 1
8 41 1
8 46 1
9 13 1
9 14 1
9 20 1
9 26 1
9 28 1
9 33 1
9 34 1
9 40 1
9 44 1
9 48 1
10 11 1
10 12 1
10 13 1
10 14 1
10 15 1
10 18 1
10 19 1
10 21 1
10 23 1
10 24 1
10 25 1
10 38 1
10 40 1
10 41 1
10 42 1
10 44 1
10 48 1
11 12 1
11 14 1
11 23 1
11 25 1
11 27 1
11 30 1
11 32 1
11 37 1
11 38 1
11 41 1
11 42 1
11 43 1
11 45 1
11 49 1
12 13 1
12 17 1
12 20 1
12 22 1
12 24 1
12 29 1
12 34 1
12 39 1
12 42 1
12 45 1
13 18 1
13 19 1
13 20 1
13 22 1
13 26 1
13 27 1
13 28 1
13 32 1
13 34 1
13 36 1
13 37 1
13 38 1
13 40 1
13 43 1
13 45 1
13 47 1
13 48 1
13 49 1
14 15 1
14 21 1
14 23 1
14 30 1
14 31 1
14 33 1
14 34 1
14 36 1
14 37 1
14 38 1
14 42 1
14 43 1
14 44 1
14 45 1
15 19 1
15 22 1
15 23 1
15 27 1
15 29 1
15 36 1
15 38 1
15 40 1
15 42 1
15 45 1
15 47 1
16 18 1
16 19 1
16 32 1
16 34 1
16 37 1
16 38 1
16 46 1
16 47 1
17 18 1
17 19 1
17 26 1
17 28 1
17 31 1
17 35 1
17 41 1
17 44 1
17 45 1
17 48 1
18 20 1
18 26 1
18 28 1
18 32 1
18 33 1
18 37 1
18 38 1
18 39 1
18 40 1
18 45 1
18 47 1
18 48 1
19 20 1
19 22 1
19 25 1
19 28 1
19 43 1
20 21 1
20 28 1
20 29 1
20 30 1
20 31 1
20 35 1
20 40 1
20 41 1
20 42 1
20 45 1
20 49 1
21 33 1
21 36 1
21 39 1
21 42 1
21 45 1
21 48 1
21 49 1
22 23 1
22 27 1
22 32 1
22 33 1
22 34 1
22 38 1
22 40 1
22 41 1
22 44 1
22 45 1
22 49 1
23 24 1
23 26 1
23 27 1
23 31 1
23 34 1
23 35 1
23 37 1
23 38 1
23 49 1
24 29 1
24 32 1
24 35 1
24 37 1
24 38 1
24 39 1
24 41 1
24 42 1
24 43 1
24 47 1
24 48 1
25 27 1
25 28 1
25 30 1
25 32 1
25 33 1
25 34 1
25 36 1
25 38 1
25 47 1
25 48 1
26 28 1
26 30 1
26 33 1
26 34 1
26 36 1
26 38 1
26 47 1
26 49 1
27 29 1
27 37 1
27 41 1
27 45 1
27 46 1
28 31 1
28 40 1
28 41 1
28 43 1
28 45 1
28 48 1
28 49 1
29 38 1
29 45 1
29 48 1
30 34 1
30 35 1
30 38 1
30 47 1
30 49 1
31 32 1
31 34 1
31 35 1
31 36 1
31 37 1
31 39 1
31 41 1
31 42 1
31 44 1
31 46 1
31 48 1
32 35 1
32 40 1
32 41 1
32 42 1
32 44 1
32 45 1
33 34 1
33 38 1
33 39 1
33 42 1
33 44 1
33 49 1
34 36 1
34 39 1
34 46 1
34 49 1
35 37 1
35 42 1
35 43 1
36 38 1
36 47 1
36 48 1
37 39 1
37 40 1
37 43 1
37 44 1
37 46 1
37 49 1
38 41 1
38 42 1
38 44 1
39 42 1
39 45 1
39 46 1
40 41 1
40 43 1
40 44 1
40 46 1
40 49 1
41 47 1
42 43 1
42 45 1
43 45 1
44 49 1
46 47 1
46 49 1
47 49 1
48 49 1
1
40 11 17 7 42
