1011
0 2 1
0 6 1
0 7 1
0 13 1
0 15 1
0 19 1
0 22 1
0 25 1
0 31 1
0 49 1
0 50 1
0 53 1
0 55 1
0 66 1
0 74 1
0 76 1
0 81 1
0 88 1
0 91 1
0 92 1
0 95 1
0 100 1
1 5 1
1 12 1
1 16 1
1 24 1
1 26 1
1 28 1
1 30 1
1 34 1
1 40 1
1 44 1
1 51 1
1 52 1
1 61 1
1 65 1
1 67 1
1 68 1
1 70 1
1 71 1
1 81 1
1 84 1
1 87 1
1 99 1
1 102 1
1 108 1
2 5 1
2 6 1
2 9 1
2 16 1
2 21 1
2 23 1
2 24 1
2 32 1
2 46 1
2 51 1
2 66 1
2 71 1
2 73 1
2 75 1
2 92 1
2 97 1
2 103 1
3 5 1
3 10 1
3 17 1
3 20 1
3 41 1
3 45 1
3 56 1
3 58 1
3 66 1
3 67 1
3 68 1
3 72 1
3 85 1
3 95 1
3 97 1
3 99 1
3 100 1
3 108 1
4 17 1
4 24 1
4 37 1
4 50 1
4 61 1
4 64 1
4 72 1
4 74 1
4 78 1
4 89 1
4 91 1
4 106 1
5 6 1
5 18 1
5 26 1
5 29 1
5 30 1
5 31 1
5 38 1
5 45 1
5 49 1
5 51 1
5 57 1
5 62 1
5 63 1
5 68 1
5 72 1
5 78 1
5 79 1
5 83 1
5 85 1
5 100 1
5 102 1
5 109 1
6 9 1
6 11 1
6 15 1
6 24 1
6 25 1
6 31 1
6 34 1
6 35 1
6 36 1
6 44 1
6 45 1
6 46 1
6 47 1
6 53 1
6 63 1
6 72 1
6 85 1
6 91 1
6 97 1
6 102 1
6 103 1
6 105 1
6 106 1
6 109 1
7 11 1
7 15 1
7 27 1
7 37 1
7 47 1
7 52 1
7 57 1
7 58 1
7 67 1
7 68 1
7 69 1
7 71 1
7 81 1
7 92 1
7 99 1
7 102 1
8 9 1
8 15 1
8 18 1
8 25 1
8 34 1
8 38 1
8 39 1
8 42 1
8 46 1
8 53 1
8 54 1
8 59 1
8 69 1
8 81 1
8 87 1
8 95 1
8 97 1
8 101 1
9 13 1
9 14 1
9 15 1
9 31 1
9 49 1
9 52 1
9 58 1
9 61 1
9 66 1
9 73 1
9 79 1
9 83 1
9 89 1
9 105 1
10 32 1
10 38 1
10 40 1
10 42 1
10 51 1
10 53 1
10 58 1
10 64 1
10 71 1
10 72 1
10 74 1
10 76 1
10 95 1
10 97 1
10 99 1
10 101 1
10 108 1
10 109 1
11 20 1
11 22 1
11 25 1
11 30 1
11 36 1
11 40 1
11 41 1
11 42 1
11 56 1
11 58 1
11 60 1
11 65 1
11 67 1
11 70 1
11 73 1
11 78 1
11 85 1
11 88 1
11 90 1
11 97 1
11 101 1
12 17 1
12 28 1
12 37 1
12 39 1
12 61 1
12 65 1
12 78 1
12 79 1
12 90 1
12 93 1
12 102 1
12 103 1
13 17 1
13 18 1
13 23 1
13 28 1
13 34 1
13 37 1
13 43 1
13 49 1
13 50 1
13 61 1
13 64 1
13 69 1
13 72 1
13 76 1
13 79 1
13 83 1
13 84 1
13 85 1
13 91 1
13 92 1
13 109 1
14 15 1
14 24 1
14 33 1
14 45 1
14 50 1
14 53 1
14 57 1
14 75 1
14 77 1
14 79 1
14 84 1
14 89 1
14 100 1
14 102 1
14 106 1
14 107 1
15 19 1
15 23 1
15 32 1
15 44 1
15 47 1
15 61 1
15 67 1
15 70 1
15 86 1
15 95 1
15 103 1
15 108 1
15 109 1
16 18 1
16 22 1
16 25 1
16 45 1
16 56 1
16 70 1
16 73 1
16 80 1
16 83 1
16 89 1
16 91 1
16 101 1
16 104 1
17 23 1
17 25 1
17 29 1
17 35 1
17 46 1
17 57 1
17 65 1
17 68 1
17 69 1
17 78 1
17 81 1
17 82 1
17 88 1
17 109 1
18 19 1
18 24 1
18 32 1
18 34 1
18 38 1
18 43 1
18 44 1
18 52 1
18 55 1
18 56 1
18 73 1
18 79 1
18 81 1
18 82 1
18 87 1
19 28 1
19 32 1
19 36 1
19 38 1
19 63 1
19 66 1
19 71 1
19 78 1
19 79 1
19 80 1
19 88 1
19 94 1
19 95 1
19 97 1
20 37 1
20 40 1
20 42 1
20 44 1
20 45 1
20 50 1
20 52 1
20 57 1
20 61 1
20 68 1
20 73 1
20 87 1
20 88 1
20 89 1
20 92 1
21 30 1
21 34 1
21 37 1
21 50 1
21 59 1
21 64 1
21 85 1
21 86 1
21 87 1
21 90 1
21 91 1
21 95 1
21 101 1
21 108 1
22 23 1
22 24 1
22 26 1
22 29 1
22 34 1
22 35 1
22 40 1
22 50 1
22 61 1
22 62 1
22 70 1
22 71 1
22 78 1
22 90 1
22 91 1
22 92 1
22 98 1
23 24 1
23 26 1
23 32 1
23 42 1
23 43 1
23 51 1
23 53 1
23 54 1
23 61 1
23 72 1
23 74 1
23 82 1
23 83 1
23 93 1
23 101 1
24 30 1
24 40 1
24 41 1
24 44 1
24 45 1
24 51 1
24 53 1
24 54 1
24 57 1
24 61 1
24 68 1
24 72 1
24 75 1
24 79 1
24 80 1
24 84 1
24 94 1
24 108 1
25 31 1
25 32 1
25 35 1
25 43 1
25 44 1
25 48 1
25 50 1
25 52 1
25 59 1
25 60 1
25 65 1
25 66 1
25 77 1
25 85 1
25 86 1
25 87 1
25 101 1
25 102 1
25 107 1
26 27 1
26 34 1
26 45 1
26 61 1
26 63 1
26 75 1
26 82 1
26 83 1
26 86 1
26 88 1
26 99 1
26 102 1
27 37 1
27 40 1
27 44 1
27 46 1
27 59 1
27 67 1
27 72 1
27 92 1
27 99 1
28 34 1
28 36 1
28 40 1
28 42 1
28 43 1
28 46 1
28 53 1
28 55 1
28 63 1
28 65 1
28 74 1
28 75 1
28 78 1
28 81 1
28 82 1
28 85 1
28 87 1
28 108 1
29 31 1
29 32 1
29 36 1
29 40 1
29 48 1
29 49 1
29 57 1
29 70 1
29 73 1
29 75 1
29 82 1
29 86 1
29 94 1
29 97 1
29 108 1
30 31 1
30 43 1
30 44 1
30 46 1
30 52 1
30 61 1
30 62 1
30 67 1
30 72 1
30 73 1
30 76 1
30 77 1
30 80 1
30 89 1
30 92 1
30 101 1
30 105 1
30 106 1
31 42 1
31 59 1
31 69 1
31 70 1
31 72 1
31 80 1
31 83 1
31 86 1
31 106 1
32 34 1
32 52 1
32 53 1
32 55 1
32 67 1
32 72 1
32 94 1
32 96 1
32 100 1
32 103 1
32 105 1
32 108 1
33 34 1
33 41 1
33 45 1
33 56 1
33 62 1
33 69 1
33 81 1
33 83 1
33 85 1
33 89 1
33 91 1
33 92 1
33 98 1
33 104 1
33 109 1
34 37 1
34 56 1
34 76 1
34 78 1
34 80 1
34 86 1
34 101 1
35 39 1
35 50 1
35 53 1
35 54 1
35 57 1
35 61 1
35 65 1
35 66 1
35 73 1
35 89 1
35 94 1
35 96 1
35 102 1
35 103 1
35 105 1
36 40 1
36 54 1
36 73 1
36 78 1
36 80 1
36 87 1
36 92 1
36 102 1
37 38 1
37 39 1
37 40 1
37 41 1
37 48 1
37 49 1
37 52 1
37 58 1
37 68 1
37 76 1
37 81 1
37 85 1
37 95 1
37 97 1
37 101 1
37 103 1
37 108 1
38 43 1
38 59 1
38 60 1
38 66 1
38 91 1
38 92 1
38 93 1
38 105 1
38 108 1
39 40 1
39 46 1
39 47 1
39 49 1
39 61 1
39 83 1
39 96 1
39 97 1
39 98 1
39 102 1
39 104 1
39 106 1
39 107 1
40 46 1
40 53 1
40 59 1
40 63 1
40 67 1
40 69 1
40 71 1
40 93 1
40 94 1
40 108 1
41 51 1
41 57 1
41 58 1
41 68 1
41 77 1
41 82 1
41 97 1
41 100 1
42 43 1
42 48 1
42 51 1
42 58 1
42 87 1
42 88 1
42 97 1
42 98 1
42 108 1
43 46 1
43 50 1
43 52 1
43 69 1
43 78 1
43 104 1
44 63 1
44 71 1
44 73 1
44 75 1
44 78 1
44 83 1
44 98 1
44 108 1
45 52 1
45 53 1
45 56 1
45 62 1
45 67 1
45 69 1
45 74 1
45 75 1
45 82 1
45 95 1
45 101 1
45 102 1
45 105 1
45 107 1
46 49 1
46 63 1
46 65 1
46 68 1
46 69 1
46 70 1
46 78 1
46 80 1
46 92 1
46 98 1
46 101 1
46 105 1
47 54 1
47 64 1
47 67 1
47 69 1
47 74 1
47 77 1
47 94 1
47 109 1
48 50 1
48 54 1
48 56 1
48 62 1
48 65 1
48 74 1
48 79 1
48 81 1
48 84 1
48 85 1
48 99 1
48 104 1
49 53 1
49 56 1
49 66 1
49 71 1
49 78 1
49 96 1
49 99 1
49 103 1
49 104 1
50 62 1
50 68 1
50 69 1
50 78 1
50 79 1
50 94 1
50 95 1
50 99 1
50 101 1
50 103 1
50 106 1
51 60 1
51 66 1
51 82 1
51 89 1
51 90 1
51 95 1
51 96 1
51 97 1
51 98 1
51 107 1
51 109 1
52 53 1
52 54 1
52 64 1
52 66 1
52 70 1
52 84 1
52 85 1
52 91 1
52 96 1
52 100 1
52 102 1
52 107 1
53 63 1
53 70 1
53 72 1
53 78 1
53 81 1
53 83 1
53 88 1
53 90 1
53 108 1
54 58 1
54 61 1
54 67 1
54 70 1
54 71 1
54 78 1
54 90 1
54 95 1
54 109 1
55 57 1
55 61 1
55 65 1
55 70 1
55 76 1
55 78 1
55 79 1
55 82 1
55 87 1
55 89 1
55 94 1
55 100 1
55 107 1
56 61 1
56 69 1
56 70 1
56 71 1
56 74 1
56 76 1
56 80 1
56 88 1
56 92 1
56 93 1
56 104 1
56 108 1
57 59 1
57 61 1
57 62 1
57 69 1
57 86 1
57 89 1
57 95 1
57 102 1
57 109 1
58 66 1
58 78 1
58 90 1
58 91 1
58 97 1
58 99 1
58 101 1
58 105 1
59 64 1
59 65 1
59 71 1
59 78 1
59 80 1
59 81 1
59 95 1
59 97 1
59 98 1
59 100 1
59 103 1
59 104 1
60 61 1
60 62 1
60 72 1
60 84 1
60 87 1
60 94 1
61 63 1
61 65 1
61 72 1
61 77 1
61 80 1
61 85 1
61 97 1
62 75 1
62 77 1
62 82 1
62 87 1
62 88 1
62 90 1
62 98 1
62 103 1
62 107 1
63 72 1
63 75 1
63 88 1
63 94 1
63 102 1
64 66 1
64 67 1
64 70 1
64 76 1
64 79 1
64 88 1
64 89 1
64 90 1
64 91 1
64 93 1
65 73 1
65 75 1
65 79 1
65 84 1
65 94 1
66 76 1
66 83 1
66 107 1
67 69 1
67 75 1
67 82 1
67 83 1
67 87 1
67 96 1
67 104 1
67 107 1
68 77 1
68 86 1
69 70 1
69 73 1
69 75 1
69 80 1
69 82 1
69 89 1
69 92 1
69 105 1
70 78 1
70 80 1
70 81 1
70 82 1
70 85 1
70 92 1
70 94 1
70 107 1
71 77 1
71 81 1
71 94 1
71 97 1
71 100 1
71 103 1
72 78 1
72 79 1
72 94 1
72 100 1
72 102 1
72 108 1
73 79 1
73 86 1
73 88 1
73 89 1
73 90 1
73 98 1
73 99 1
73 101 1
73 109 1
74 89 1
74 90 1
74 99 1
74 102 1
74 105 1
74 107 1
75 77 1
75 81 1
75 82 1
75 85 1
75 89 1
75 103 1
75 108 1
76 82 1
76 83 1
76 92 1
76 95 1
76 101 1
76 102 1
77 84 1
77 93 1
77 103 1
78 94 1
78 100 1
78 101 1
79 86 1
79 92 1
79 95 1
79 99 1
80 82 1
80 107 1
81 105 1
82 88 1
82 89 1
82 90 1
82 103 1
83 87 1
83 92 1
83 94 1
83 98 1
83 102 1
84 93 1
84 94 1
84 101 1
85 86 1
85 89 1
85 94 1
85 103 1
85 108 1
85 109 1
86 92 1
86 97 1
86 104 1
86 106 1
87 102 1
87 109 1
88 93 1
88 101 1
88 105 1
88 107 1
89 100 1
89 103 1
89 109 1
90 91 1
90 96 1
90 97 1
90 108 1
91 103 1
91 105 1
92 93 1
92 94 1
92 102 1
92 104 1
92 107 1
92 108 1
93 96 1
94 96 1
94 100 1
94 106 1
94 109 1
95 99 1
95 100 1
95 102 1
96 99 1
96 101 1
96 106 1
97 102 1
98 102 1
98 106 1
98 108 1
99 100 1
99 107 1
101 104 1
101 108 1
102 109 1
103 109 1
105 108 1
107 109 1
1
42 100 70 103 18 23 75 66 26 24 98
