1008
0 2 1
0 9 1
0 20 1
0 21 1
0 23 1
0 30 1
0 37 1
0 44 1
0 51 1
0 52 1
0 53 1
0 71 1
0 75 1
0 83 1
0 89 1
0 91 1
0 92 1
0 97 1
0 98 1
0 99 1
1 8 1
1 9 1
1 10 1
1 12 1
1 22 1
1 25 1
1 27 1
1 29 1
1 30 1
1 32 1
1 41 1
1 42 1
1 53 1
1 56 1
1 57 1
1 60 1
1 75 1
1 88 1
1 91 1
1 98 1
1 102 1
1 103 1
1 106 1
1 109 1
2 7 1
2 9 1
2 21 1
2 23 1
2 29 1
2 30 1
2 34 1
2 37 1
2 40 1
2 41 1
2 42 1
2 44 1
2 45 1
2 46 1
2 62 1
2 66 1
2 67 1
2 80 1
2 83 1
2 85 1
2 91 1
2 96 1
2 100 1
2 102 1
3 6 1
3 7 1
3 8 1
3 15 1
3 16 1
3 17 1
3 25 1
3 26 1
3 27 1
3 33 1
3 45 1
3 53 1
3 60 1
3 75 1
3 77 1
3 78 1
3 79 1
3 92 1
3 97 1
3 101 1
3 105 1
3 106 1
3 108 1
3 109 1
4 7 1
4 9 1
4 10 1
4 11 1
4 15 1
4 18 1
4 21 1
4 22 1
4 27 1
4 52 1
4 62 1
4 68 1
4 80 1
4 88 1
4 89 1
4 92 1
4 93 1
4 100 1
4 109 1
5 7 1
5 8 1
5 11 1
5 17 1
5 25 1
5 28 1
5 32 1
5 33 1
5 41 1
5 64 1
5 67 1
5 76 1
5 84 1
5 94 1
5 98 1
5 108 1
6 23 1
6 30 1
6 37 1
6 49 1
6 51 1
6 56 1
6 58 1
6 61 1
6 63 1
6 69 1
6 84 1
6 86 1
6 89 1
6 93 1
6 96 1
6 102 1
6 103 1
7 11 1
7 12 1
7 13 1
7 14 1
7 21 1
7 35 1
7 48 1
7 53 1
7 65 1
7 72 1
7 75 1
7 83 1
7 93 1
7 104 1
7 105 1
7 108 1
8 15 1
8 21 1
8 33 1
8 45 1
8 57 1
8 58 1
8 66 1
8 69 1
8 72 1
8 87 1
8 88 1
8 89 1
8 94 1
8 100 1
9 16 1
9 18 1
9 22 1
9 24 1
9 41 1
9 43 1
9 44 1
9 45 1
9 47 1
9 54 1
9 59 1
9 64 1
9 67 1
9 68 1
9 73 1
9 77 1
9 81 1
9 93 1
9 99 1
9 101 1
9 102 1
9 105 1
10 13 1
10 15 1
10 17 1
10 29 1
10 32 1
10 44 1
10 58 1
10 60 1
10 63 1
10 64 1
10 70 1
10 82 1
10 104 1
11 30 1
11 46 1
11 50 1
11 55 1
11 59 1
11 63 1
11 69 1
11 70 1
11 71 1
11 75 1
11 77 1
11 80 1
11 83 1
11 87 1
11 92 1
11 97 1
11 99 1
12 19 1
12 27 1
12 29 1
12 30 1
12 33 1
12 34 1
12 35 1
12 36 1
12 38 1
12 40 1
12 48 1
12 54 1
12 55 1
12 75 1
12 77 1
12 83 1
12 93 1
12 96 1
12 98 1
12 103 1
12 106 1
13 17 1
13 18 1
13 24 1
13 25 1
13 28 1
13 36 1
13 42 1
13 48 1
13 49 1
13 51 1
13 64 1
13 89 1
13 92 1
13 93 1
13 95 1
13 108 1
14 26 1
14 40 1
14 47 1
14 58 1
14 59 1
14 62 1
14 65 1
14 79 1
14 88 1
14 95 1
14 97 1
14 104 1
14 106 1
15 20 1
15 26 1
15 35 1
15 37 1
15 39 1
15 40 1
15 43 1
15 44 1
15 53 1
15 54 1
15 55 1
15 63 1
15 67 1
15 76 1
15 77 1
15 80 1
15 93 1
15 95 1
15 96 1
15 109 1
16 24 1
16 26 1
16 35 1
16 38 1
16 44 1
16 49 1
16 51 1
16 57 1
16 61 1
16 65 1
16 78 1
16 86 1
17 18 1
17 27 1
17 28 1
17 30 1
17 38 1
17 43 1
17 48 1
17 54 1
17 56 1
17 60 1
17 64 1
17 75 1
17 79 1
17 82 1
17 88 1
17 89 1
17 98 1
17 103 1
18 19 1
18 36 1
18 37 1
18 42 1
18 43 1
18 45 1
18 59 1
18 60 1
18 61 1
18 64 1
18 74 1
18 77 1
18 81 1
18 82 1
18 83 1
18 88 1
18 91 1
18 95 1
18 99 1
18 104 1
18 106 1
19 21 1
19 27 1
19 32 1
19 39 1
19 44 1
19 51 1
19 68 1
19 69 1
19 70 1
19 73 1
19 81 1
19 93 1
19 95 1
20 28 1
20 31 1
20 41 1
20 51 1
20 55 1
20 59 1
20 74 1
20 81 1
20 91 1
20 99 1
20 108 1
21 26 1
21 27 1
21 33 1
21 36 1
21 39 1
21 48 1
21 50 1
21 59 1
21 62 1
21 65 1
21 66 1
21 71 1
21 73 1
21 74 1
21 76 1
21 92 1
21 96 1
21 97 1
21 108 1
22 42 1
22 49 1
22 57 1
22 60 1
22 63 1
22 65 1
22 66 1
22 67 1
22 73 1
22 75 1
22 89 1
22 99 1
22 108 1
23 35 1
23 40 1
23 46 1
23 57 1
23 69 1
23 70 1
23 78 1
23 83 1
23 87 1
23 95 1
23 99 1
23 106 1
23 109 1
24 36 1
24 37 1
24 38 1
24 40 1
24 52 1
24 53 1
24 56 1
24 58 1
24 61 1
24 66 1
24 70 1
24 73 1
24 75 1
24 98 1
24 99 1
24 103 1
24 107 1
25 29 1
25 31 1
25 39 1
25 41 1
25 44 1
25 50 1
25 52 1
25 62 1
25 70 1
25 79 1
25 85 1
25 95 1
25 97 1
25 98 1
25 99 1
25 105 1
26 28 1
26 40 1
26 45 1
26 52 1
26 66 1
26 71 1
26 72 1
26 95 1
26 101 1
26 102 1
26 109 1
27 32 1
27 50 1
27 63 1
27 72 1
27 90 1
27 91 1
27 101 1
27 108 1
28 32 1
28 33 1
28 35 1
28 40 1
28 61 1
28 66 1
28 70 1
28 71 1
28 75 1
28 78 1
28 87 1
28 97 1
28 98 1
28 99 1
28 108 1
29 38 1
29 46 1
29 47 1
29 55 1
29 57 1
29 58 1
29 59 1
29 62 1
29 67 1
29 68 1
29 69 1
29 75 1
29 86 1
29 94 1
29 99 1
29 106 1
29 108 1
30 45 1
30 56 1
30 75 1
30 77 1
30 80 1
30 86 1
30 95 1
31 38 1
31 43 1
31 47 1
31 64 1
31 69 1
31 74 1
31 76 1
31 86 1
31 96 1
31 99 1
32 37 1
32 56 1
32 70 1
32 82 1
32 96 1
32 105 1
33 36 1
33 75 1
33 77 1
33 79 1
33 89 1
33 99 1
33 100 1
33 101 1
33 105 1
33 107 1
33 108 1
34 37 1
34 39 1
34 44 1
34 45 1
34 55 1
34 59 1
34 60 1
34 63 1
34 72 1
34 75 1
34 86 1
34 89 1
34 90 1
34 92 1
34 106 1
35 39 1
35 48 1
35 55 1
35 57 1
35 58 1
35 76 1
35 85 1
35 92 1
35 98 1
35 100 1
35 101 1
35 107 1
35 109 1
36 39 1
36 44 1
36 59 1
36 68 1
36 72 1
36 77 1
36 80 1
36 84 1
36 86 1
36 95 1
36 108 1
37 38 1
37 46 1
37 50 1
37 52 1
37 53 1
37 54 1
37 57 1
37 63 1
37 67 1
37 73 1
37 78 1
37 79 1
37 85 1
37 88 1
37 97 1
37 106 1
38 49 1
38 51 1
38 56 1
38 57 1
38 60 1
38 63 1
38 65 1
38 68 1
38 69 1
38 72 1
38 77 1
38 79 1
38 81 1
38 95 1
38 96 1
38 99 1
39 49 1
39 52 1
39 53 1
39 57 1
39 61 1
39 64 1
39 69 1
39 72 1
39 73 1
39 77 1
39 90 1
39 91 1
39 93 1
39 99 1
39 101 1
39 102 1
39 103 1
40 46 1
40 51 1
40 55 1
40 59 1
40 82 1
40 83 1
40 93 1
40 100 1
41 44 1
41 47 1
41 61 1
41 64 1
41 84 1
41 94 1
41 95 1
41 96 1
41 103 1
42 45 1
42 58 1
42 66 1
42 73 1
42 80 1
42 90 1
42 95 1
42 101 1
42 104 1
43 61 1
43 62 1
43 65 1
43 70 1
43 75 1
43 80 1
43 87 1
43 89 1
43 101 1
44 46 1
44 55 1
44 56 1
44 67 1
44 69 1
44 77 1
44 87 1
44 95 1
44 99 1
44 107 1
44 108 1
45 54 1
45 57 1
45 65 1
45 103 1
45 108 1
45 109 1
46 58 1
46 62 1
46 69 1
46 77 1
46 79 1
46 81 1
46 82 1
46 95 1
46 103 1
46 106 1
46 108 1
47 60 1
47 66 1
47 68 1
47 85 1
47 88 1
47 93 1
47 106 1
48 52 1
48 57 1
48 59 1
48 64 1
48 71 1
48 73 1
48 75 1
48 77 1
48 90 1
48 91 1
48 99 1
48 100 1
48 101 1
48 109 1
49 61 1
49 64 1
49 65 1
49 66 1
49 75 1
49 76 1
49 78 1
49 82 1
49 91 1
49 93 1
49 94 1
49 101 1
49 107 1
50 59 1
50 63 1
50 66 1
50 80 1
50 81 1
50 88 1
50 89 1
50 92 1
50 93 1
50 105 1
51 58 1
51 59 1
51 60 1
51 63 1
51 67 1
51 70 1
51 75 1
51 80 1
51 82 1
51 83 1
51 95 1
51 103 1
52 57 1
52 58 1
52 65 1
52 66 1
52 68 1
52 72 1
52 81 1
52 85 1
52 90 1
52 95 1
53 58 1
53 78 1
53 81 1
53 87 1
53 91 1
53 101 1
53 102 1
53 108 1
54 64 1
54 69 1
54 84 1
54 85 1
54 92 1
54 97 1
54 99 1
54 101 1
55 58 1
55 60 1
55 76 1
55 81 1
55 85 1
55 106 1
55 109 1
56 62 1
56 74 1
56 94 1
56 95 1
56 100 1
56 108 1
57 60 1
57 66 1
57 69 1
57 71 1
57 76 1
57 80 1
57 92 1
57 96 1
57 99 1
57 102 1
58 64 1
58 69 1
58 76 1
58 77 1
58 79 1
58 86 1
58 92 1
58 96 1
58 100 1
58 105 1
59 61 1
59 63 1
59 68 1
59 69 1
59 76 1
59 82 1
59 94 1
59 100 1
59 103 1
59 107 1
60 80 1
60 82 1
60 89 1
60 97 1
61 71 1
61 76 1
61 77 1
61 78 1
61 82 1
61 83 1
61 89 1
61 94 1
61 104 1
61 107 1
62 65 1
62 66 1
62 67 1
62 68 1
62 73 1
62 92 1
62 96 1
62 99 1
62 108 1
63 66 1
63 70 1
63 73 1
63 74 1
63 75 1
63 86 1
63 88 1
63 93 1
63 99 1
63 104 1
64 72 1
64 82 1
64 88 1
64 91 1
64 99 1
64 100 1
64 104 1
64 106 1
65 69 1
65 78 1
65 81 1
65 102 1
65 103 1
65 108 1
66 67 1
66 73 1
66 77 1
66 83 1
66 102 1
67 69 1
67 73 1
67 85 1
67 93 1
67 94 1
67 95 1
67 104 1
67 105 1
68 72 1
68 77 1
68 93 1
68 99 1
68 108 1
69 70 1
69 76 1
69 89 1
69 95 1
69 100 1
69 102 1
69 107 1
70 78 1
70 80 1
70 89 1
70 94 1
70 95 1
70 96 1
71 72 1
71 73 1
71 76 1
71 89 1
71 95 1
71 99 1
71 102 1
71 105 1
72 81 1
72 85 1
72 95 1
72 97 1
72 106 1
73 91 1
73 94 1
73 97 1
74 75 1
74 83 1
74 90 1
74 98 1
74 99 1
74 102 1
74 107 1
75 104 1
76 77 1
76 78 1
76 83 1
76 90 1
76 94 1
76 96 1
76 100 1
76 103 1
77 85 1
77 100 1
77 104 1
78 87 1
78 97 1
78 101 1
78 107 1
78 109 1
79 80 1
79 81 1
79 82 1
79 86 1
79 88 1
79 92 1
79 102 1
80 84 1
80 85 1
80 88 1
80 90 1
80 96 1
80 103 1
80 108 1
81 84 1
81 85 1
81 87 1
81 90 1
81 93 1
81 95 1
81 104 1
81 105 1
82 85 1
82 87 1
82 92 1
83 88 1
83 97 1
83 100 1
84 85 1
84 89 1
84 91 1
84 92 1
84 95 1
84 101 1
84 105 1
85 94 1
85 96 1
86 95 1
86 101 1
87 105 1
87 109 1
88 106 1
89 94 1
89 96 1
89 107 1
90 92 1
90 99 1
90 100 1
91 93 1
91 99 1
91 107 1
92 93 1
92 95 1
92 103 1
92 108 1
93 94 1
93 96 1
93 99 1
94 104 1
94 108 1
95 97 1
95 98 1
97 104 1
97 107 1
98 100 1
98 101 1
98 103 1
98 106 1
99 100 1
99 104 1
99 107 1
99 108 1
101 103 1
101 105 1
102 104 1
102 109 1
103 107 1
104 106 1
104 108 1
106 107 1
1
55 91 3 101 41 54 80 50 26 74 44
