1178
0 5 1
0 18 1
0 19 1
0 36 1
0 45 1
0 54 1
0 55 1
0 57 1
0 58 1
0 68 1
0 70 1
0 76 1
0 86 1
0 89 1
0 100 1
0 103 1
0 116 1
0 117 1
1 2 1
1 3 1
1 5 1
1 14 1
1 23 1
1 31 1
1 47 1
1 48 1
1 49 1
1 52 1
1 53 1
1 58 1
1 72 1
1 82 1
1 84 1
1 88 1
1 94 1
1 99 1
1 109 1
1 110 1
1 112 1
2 3 1
2 4 1
2 13 1
2 17 1
2 22 1
2 40 1
2 41 1
2 45 1
2 53 1
2 55 1
2 86 1
2 90 1
2 94 1
2 97 1
2 103 1
2 104 1
2 111 1
2 116 1
2 118 1
3 9 1
3 12 1
3 15 1
3 20 1
3 24 1
3 25 1
3 28 1
3 34 1
3 41 1
3 42 1
3 44 1
3 45 1
3 50 1
3 55 1
3 63 1
3 76 1
3 87 1
3 90 1
3 92 1
3 109 1
3 114 1
3 117 1
4 8 1
4 15 1
4 23 1
4 24 1
4 29 1
4 31 1
4 37 1
4 47 1
4 48 1
4 52 1
4 53 1
4 65 1
4 66 1
4 74 1
4 76 1
4 83 1
4 85 1
4 106 1
4 107 1
4 111 1
4 112 1
4 114 1
5 11 1
5 19 1
5 21 1
5 25 1
5 38 1
5 42 1
5 46 1
5 48 1
5 50 1
5 60 1
5 61 1
5 83 1
5 86 1
5 87 1
5 88 1
5 89 1
5 91 1
5 101 1
5 103 1
5 104 1
5 112 1
5 116 1
6 12 1
6 26 1
6 33 1
6 38 1
6 39 1
6 41 1
6 42 1
6 46 1
6 53 1
6 54 1
6 55 1
6 61 1
6 64 1
6 66 1
6 100 1
6 110 1
6 116 1
7 8 1
7 14 1
7 20 1
7 28 1
7 29 1
7 30 1
7 36 1
7 39 1
7 48 1
7 53 1
7 64 1
7 66 1
7 73 1
7 74 1
7 78 1
7 84 1
7 89 1
7 98 1
7 106 1
7 108 1
7 115 1
8 11 1
8 17 1
8 21 1
8 25 1
8 33 1
8 37 1
8 38 1
8 39 1
8 45 1
8 46 1
8 58 1
8 59 1
8 69 1
8 70 1
8 72 1
8 77 1
8 78 1
8 79 1
8 88 1
8 91 1
8 95 1
8 101 1
8 102 1
8 109 1
8 115 1
8 118 1
9 13 1
9 24 1
9 25 1
9 29 1
9 30 1
9 51 1
9 60 1
9 74 1
9 78 1
9 79 1
9 81 1
9 83 1
9 86 1
9 89 1
9 91 1
9 96 1
9 98 1
9 102 1
9 117 1
10 18 1
10 23 1
10 25 1
10 29 1
10 35 1
10 36 1
10 39 1
10 46 1
10 50 1
10 62 1
10 71 1
10 72 1
10 76 1
10 82 1
10 93 1
10 95 1
10 99 1
10 116 1
10 117 1
11 12 1
11 14 1
11 15 1
11 17 1
11 28 1
11 30 1
11 35 1
11 54 1
11 61 1
11 79 1
11 108 1
11 111 1
11 112 1
11 116 1
12 13 1
12 22 1
12 25 1
12 28 1
12 29 1
12 35 1
12 37 1
12 38 1
12 39 1
12 48 1
12 55 1
12 56 1
12 65 1
12 67 1
12 71 1
12 76 1
12 77 1
12 81 1
12 88 1
12 101 1
12 102 1
12 108 1
12 114 1
12 118 1
13 24 1
13 31 1
13 37 1
13 45 1
13 50 1
13 56 1
13 57 1
13 77 1
13 85 1
13 88 1
13 89 1
13 91 1
13 97 1
13 99 1
13 106 1
13 108 1
13 114 1
14 25 1
14 31 1
14 37 1
14 38 1
14 47 1
14 51 1
14 60 1
14 61 1
14 62 1
14 63 1
14 84 1
14 85 1
14 86 1
14 100 1
14 107 1
14 108 1
14 113 1
14 119 1
15 27 1
15 28 1
15 29 1
15 30 1
15 37 1
15 38 1
15 43 1
15 49 1
15 50 1
15 51 1
15 67 1
15 80 1
15 83 1
15 84 1
15 86 1
15 96 1
15 97 1
15 108 1
15 110 1
16 32 1
16 58 1
16 70 1
16 72 1
16 77 1
16 86 1
16 87 1
16 90 1
16 96 1
16 104 1
16 105 1
16 110 1
16 116 1
16 117 1
17 18 1
17 21 1
17 24 1
17 31 1
17 45 1
17 66 1
17 71 1
17 81 1
17 89 1
17 100 1
17 103 1
17 104 1
17 105 1
17 108 1
17 113 1
17 119 1
18 35 1
18 38 1
18 69 1
18 71 1
18 74 1
18 76 1
18 77 1
18 82 1
18 89 1
18 105 1
18 115 1
19 22 1
19 25 1
19 28 1
19 29 1
19 37 1
19 42 1
19 45 1
19 48 1
19 54 1
19 63 1
19 67 1
19 75 1
19 83 1
19 88 1
19 90 1
19 94 1
19 99 1
19 112 1
19 115 1
19 117 1
20 25 1
20 27 1
20 29 1
20 33 1
20 36 1
20 38 1
20 68 1
20 75 1
20 83 1
20 93 1
20 98 1
20 108 1
20 109 1
21 22 1
21 28 1
21 29 1
21 32 1
21 33 1
21 34 1
21 41 1
21 57 1
21 63 1
21 66 1
21 69 1
21 74 1
21 78 1
21 97 1
21 100 1
21 103 1
21 107 1
21 114 1
22 42 1
22 49 1
22 51 1
22 52 1
22 53 1
22 59 1
22 62 1
22 76 1
22 77 1
22 91 1
22 94 1
22 97 1
22 115 1
22 117 1
23 29 1
23 34 1
23 40 1
23 51 1
23 52 1
23 60 1
23 66 1
23 88 1
23 89 1
23 99 1
23 103 1
24 27 1
24 32 1
24 39 1
24 40 1
24 60 1
24 70 1
24 77 1
24 92 1
24 93 1
24 99 1
25 26 1
25 29 1
25 41 1
25 43 1
25 47 1
25 48 1
25 57 1
25 98 1
25 100 1
25 104 1
25 113 1
25 119 1
26 36 1
26 46 1
26 62 1
26 64 1
26 68 1
26 73 1
26 76 1
26 77 1
26 86 1
26 88 1
26 91 1
26 102 1
26 108 1
26 112 1
26 113 1
26 116 1
27 31 1
27 36 1
27 48 1
27 60 1
27 69 1
27 71 1
27 78 1
27 86 1
27 100 1
27 108 1
27 111 1
28 29 1
28 47 1
28 48 1
28 71 1
28 73 1
28 81 1
28 89 1
28 92 1
28 104 1
28 112 1
29 31 1
29 34 1
29 35 1
29 38 1
29 52 1
29 54 1
29 59 1
29 69 1
29 76 1
29 77 1
29 99 1
29 104 1
29 114 1
29 119 1
30 33 1
30 35 1
30 42 1
30 48 1
30 49 1
30 54 1
30 55 1
30 59 1
30 60 1
30 65 1
30 72 1
30 82 1
30 85 1
30 87 1
30 89 1
30 92 1
30 94 1
30 104 1
30 107 1
30 111 1
31 32 1
31 36 1
31 42 1
31 54 1
31 56 1
31 57 1
31 60 1
31 66 1
31 82 1
31 98 1
31 99 1
31 107 1
31 113 1
32 33 1
32 52 1
32 62 1
32 71 1
32 91 1
32 95 1
32 107 1
32 112 1
32 118 1
32 119 1
33 43 1
33 55 1
33 58 1
33 59 1
33 63 1
33 67 1
33 69 1
33 70 1
33 72 1
33 116 1
34 36 1
34 38 1
34 50 1
34 53 1
34 65 1
34 81 1
34 83 1
34 86 1
34 88 1
34 93 1
34 97 1
34 99 1
34 100 1
34 112 1
34 114 1
34 115 1
35 42 1
35 43 1
35 52 1
35 57 1
35 80 1
35 82 1
35 92 1
35 95 1
35 100 1
35 101 1
35 105 1
35 109 1
35 115 1
35 117 1
36 40 1
36 43 1
36 51 1
36 65 1
36 68 1
36 71 1
36 73 1
36 93 1
36 94 1
36 106 1
36 110 1
36 115 1
37 47 1
37 65 1
37 79 1
37 80 1
37 83 1
37 89 1
37 93 1
37 101 1
37 105 1
37 111 1
37 115 1
38 45 1
38 47 1
38 56 1
38 57 1
38 62 1
38 66 1
38 76 1
38 79 1
38 80 1
38 81 1
38 91 1
38 96 1
38 98 1
38 101 1
38 102 1
38 104 1
38 107 1
38 110 1
38 113 1
38 114 1
38 115 1
39 45 1
39 52 1
39 66 1
39 75 1
39 80 1
39 81 1
39 93 1
39 101 1
39 103 1
39 107 1
39 110 1
39 117 1
39 119 1
40 48 1
40 51 1
40 52 1
40 53 1
40 61 1
40 66 1
40 68 1
40 79 1
40 87 1
40 88 1
40 90 1
40 105 1
40 107 1
40 108 1
40 115 1
41 45 1
41 51 1
41 56 1
41 66 1
41 72 1
41 73 1
41 76 1
41 94 1
41 97 1
41 107 1
41 112 1
41 116 1
42 45 1
42 57 1
42 61 1
42 63 1
42 66 1
42 91 1
42 98 1
42 101 1
42 106 1
42 111 1
42 112 1
43 44 1
43 46 1
43 53 1
43 73 1
43 82 1
43 85 1
43 86 1
43 88 1
43 94 1
43 106 1
43 107 1
43 110 1
44 53 1
44 54 1
44 56 1
44 57 1
44 58 1
44 59 1
44 62 1
44 63 1
44 67 1
44 79 1
44 84 1
44 100 1
44 106 1
44 110 1
44 111 1
44 112 1
44 113 1
44 117 1
45 50 1
45 53 1
45 55 1
45 67 1
45 75 1
45 82 1
45 90 1
45 92 1
45 107 1
45 108 1
45 109 1
45 114 1
46 52 1
46 66 1
46 79 1
46 83 1
46 85 1
46 91 1
46 96 1
46 97 1
46 98 1
46 109 1
46 112 1
46 119 1
47 48 1
47 59 1
47 94 1
47 97 1
47 104 1
47 105 1
47 119 1
48 49 1
48 52 1
48 54 1
48 58 1
48 59 1
48 70 1
48 71 1
48 72 1
48 81 1
48 83 1
48 95 1
48 97 1
48 103 1
48 108 1
48 109 1
48 110 1
48 115 1
48 117 1
49 51 1
49 53 1
49 54 1
49 57 1
49 63 1
49 71 1
49 74 1
49 78 1
49 83 1
49 89 1
49 97 1
49 98 1
49 104 1
49 112 1
49 118 1
50 54 1
50 58 1
50 60 1
50 68 1
50 78 1
50 85 1
50 86 1
50 94 1
50 96 1
50 110 1
50 118 1
51 54 1
51 82 1
51 85 1
51 86 1
51 97 1
51 102 1
51 106 1
51 108 1
51 113 1
51 117 1
51 118 1
52 69 1
52 71 1
52 76 1
52 85 1
52 87 1
52 94 1
52 97 1
52 103 1
52 109 1
52 112 1
52 114 1
52 119 1
53 70 1
53 71 1
53 77 1
53 84 1
53 86 1
53 99 1
53 104 1
53 109 1
53 116 1
54 55 1
54 71 1
54 83 1
54 85 1
54 88 1
54 91 1
54 94 1
54 98 1
54 105 1
55 58 1
55 59 1
55 65 1
55 78 1
55 79 1
55 83 1
55 99 1
55 109 1
55 110 1
55 118 1
56 59 1
56 63 1
56 65 1
56 68 1
56 71 1
56 74 1
56 80 1
56 83 1
56 89 1
56 94 1
56 100 1
56 107 1
56 115 1
57 59 1
57 63 1
57 71 1
57 72 1
57 84 1
57 87 1
57 93 1
57 99 1
57 104 1
57 105 1
57 107 1
57 110 1
57 116 1
58 71 1
58 72 1
58 73 1
58 78 1
58 93 1
58 100 1
58 106 1
58 109 1
58 113 1
58 115 1
58 118 1
59 68 1
59 76 1
59 77 1
59 94 1
59 95 1
59 107 1
59 117 1
59 118 1
60 61 1
60 65 1
60 95 1
60 106 1
60 110 1
60 112 1
60 114 1
61 81 1
61 82 1
61 88 1
61 93 1
61 101 1
61 108 1
61 116 1
61 119 1
62 71 1
62 73 1
62 75 1
62 78 1
62 84 1
62 87 1
62 92 1
62 105 1
62 109 1
62 114 1
62 115 1
63 66 1
63 71 1
63 72 1
63 81 1
63 86 1
63 93 1
63 94 1
63 100 1
63 103 1
63 110 1
63 113 1
64 65 1
64 70 1
64 72 1
64 77 1
64 102 1
64 105 1
64 106 1
64 110 1
65 67 1
65 79 1
65 80 1
65 99 1
65 100 1
65 101 1
65 102 1
65 103 1
65 105 1
65 106 1
65 108 1
66 68 1
66 83 1
66 104 1
66 109 1
66 111 1
66 114 1
66 116 1
66 118 1
67 68 1
67 73 1
67 76 1
67 79 1
67 80 1
67 89 1
67 108 1
67 109 1
67 110 1
67 115 1
67 116 1
68 81 1
68 84 1
68 86 1
68 89 1
68 91 1
68 97 1
68 100 1
68 103 1
68 105 1
68 113 1
68 117 1
69 75 1
69 78 1
69 79 1
69 80 1
69 82 1
69 83 1
69 84 1
69 89 1
69 94 1
69 104 1
69 105 1
69 108 1
69 115 1
70 96 1
70 97 1
70 98 1
70 99 1
70 101 1
70 108 1
70 110 1
70 112 1
70 119 1
71 84 1
71 87 1
71 91 1
71 93 1
71 101 1
71 108 1
71 115 1
72 75 1
72 77 1
72 79 1
72 81 1
72 86 1
72 87 1
72 103 1
72 106 1
72 107 1
72 111 1
73 85 1
73 99 1
73 103 1
73 110 1
73 115 1
74 77 1
74 83 1
74 85 1
74 86 1
74 89 1
74 91 1
74 96 1
74 103 1
74 105 1
74 107 1
74 117 1
74 119 1
75 76 1
75 82 1
75 85 1
75 89 1
75 92 1
75 97 1
75 98 1
75 102 1
75 106 1
75 108 1
75 111 1
75 117 1
76 87 1
76 91 1
76 95 1
76 98 1
76 102 1
76 114 1
77 80 1
77 85 1
77 93 1
77 96 1
77 116 1
78 88 1
78 93 1
78 95 1
78 97 1
78 104 1
78 114 1
78 117 1
78 118 1
78 119 1
79 80 1
79 95 1
79 97 1
80 89 1
80 93 1
80 96 1
80 108 1
80 119 1
81 87 1
81 89 1
81 90 1
81 91 1
81 95 1
81 115 1
81 119 1
82 89 1
82 99 1
82 100 1
82 107 1
82 109 1
82 115 1
82 118 1
83 86 1
83 101 1
83 104 1
83 113 1
84 85 1
84 95 1
84 96 1
84 100 1
84 102 1
84 108 1
84 110 1
85 99 1
85 100 1
85 107 1
85 110 1
85 113 1
85 114 1
85 116 1
86 89 1
86 119 1
87 92 1
87 94 1
87 96 1
87 98 1
87 107 1
87 111 1
87 112 1
88 96 1
88 103 1
88 106 1
88 113 1
88 114 1
89 100 1
89 104 1
89 110 1
89 115 1
90 105 1
90 116 1
91 93 1
91 94 1
91 97 1
91 98 1
91 104 1
91 106 1
91 117 1
91 118 1
91 119 1
92 94 1
92 95 1
92 97 1
92 102 1
92 107 1
92 110 1
93 97 1
93 106 1
93 113 1
93 114 1
93 118 1
95 98 1
95 105 1
95 118 1
96 101 1
96 109 1
96 118 1
97 115 1
98 103 1
98 112 1
99 108 1
99 110 1
99 117 1
100 101 1
100 103 1
100 110 1
100 113 1
101 111 1
102 104 1
102 107 1
102 108 1
102 119 1
103 116 1
103 118 1
104 106 1
104 114 1
104 115 1
105 114 1
106 118 1
109 119 1
110 116 1
110 117 1
111 116 1
113 114 1
113 118 1
113 119 1
114 119 1
118 119 1
1
66 6 40 20 59 35 34 24 51 85 10 118
