405
0 1 1
0 2 1
0 3 1
0 7 1
0 9 1
0 13 1
0 16 1
0 24 1
0 25 1
0 26 1
0 34 1
0 37 1
0 41 1
0 42 1
0 48 1
1 6 1
1 10 1
1 11 1
1 14 1
1 16 1
1 17 1
1 21 1
1 34 1
1 38 1
1 39 1
1 43 1
1 44 1
1 47 1
1 49 1
2 6 1
2 9 1
2 11 1
2 16 1
2 17 1
2 20 1
2 22 1
2 24 1
2 27 1
2 34 1
2 35 1
2 41 1
3 4 1
3 5 1
3 12 1
3 14 1
3 22 1
3 30 1
3 32 1
3 35 1
3 37 1
3 40 1
3 42 1
3 49 1
4 6 1
4 8 1
4 9 1
4 10 1
4 11 1
4 12 1
4 14 1
4 15 1
4 16 1
4 17 1
4 22 1
4 24 1
4 27 1
4 33 1
4 43 1
4 49 1
5 6 1
5 10 1
5 11 1
5 12 1
5 15 1
5 16 1
5 17 1
5 18 1
5 23 1
5 24 1
5 25 1
5 26 1
5 27 1
5 29 1
5 30 1
5 34 1
5 35 1
5 37 1
5 38 1
5 40 1
5 48 1
6 16 1
6 17 1
6 21 1
6 26 1
6 27 1
6 32 1
6 40 1
6 44 1
6 47 1
7 8 1
7 10 1
7 11 1
7 14 1
7 18 1
7 20 1
7 21 1
7 22 1
7 23 1
7 27 1
7 34 1
7 36 1
7 38 1
7 48 1
8 9 1
8 11 1
8 12 1
8 13 1
8 18 1
8 21 1
8 23 1
8 28 1
8 29 1
8 30 1
8 34 1
8 36 1
8 41 1
8 46 1
9 11 1
9 13 1
9 14 1
9 16 1
9 22 1
9 30 1
9 33 1
9 35 1
9 36 1
9 47 1
9 49 1
10 15 1
10 18 1
10 26 1
10 31 1
10 33 1
10 35 1
10 42 1
10 44 1
10 46 1
10 47 1
10 48 1
10 49 1
11 12 1
11 14 1
11 15 1
11 16 1
11 19 1
11 21 1
11 25 1
11 30 1
11 31 1
11 35 1
11 39 1
11 41 1
11 42 1
11 44 1
11 45 1
11 46 1
11 48 1
12 18 1
12 19 1
12 24 1
12 27 1
12 28 1
12 33 1
12 34 1
12 37 1
12 41 1
12 42 1
12 45 1
12 46 1
12 48 1
13 14 1
13 15 1
13 16 1
13 18 1
13 19 1
13 22 1
13 23 1
13 24 1
13 30 1
13 33 1
13 34 1
13 36 1
14 16 1
14 18 1
14 20 1
14 25 1
14 27 1
14 30 1
14 35 1
14 37 1
14 38 1
14 41 1
14 42 1
14 43 1
14 44 1
14 49 1
15 16 1
15 20 1
15 23 1
15 25 1
15 26 1
15 27 1
15 32 1
15 36 1
15 37 1
15 45 1
15 46 1
15 47 1
15 49 1
16 17 1
16 18 1
16 21 1
16 25 1
16 26 1
16 28 1
16 30 1
16 32 1
16 33 1
16 38 1
16 40 1
16 41 1
16 44 1
16 46 1
16 47 1
16 48 1
17 21 1
17 23 1
17 25 1
17 26 1
17 35 1
17 41 1
17 44 1
17 49 1
18 25 1
18 27 1
18 29 1
18 32 1
18 34 1
18 39 1
18 41 1
18 44 1
18 45 1
18 47 1
19 25 1
19 30 1
19 31 1
19 34 1
19 35 1
19 38 1
19 39 1
19 46 1
19 47 1
20 21 1
20 24 1
20 25 1
20 27 1
20 29 1
20 31 1
20 39 1
20 42 1
20 44 1
20 45 1
20 48 1
21 23 1
21 29 1
21 32 1
21 33 1
21 34 1
21 35 1
21 36 1
21 37 1
21 41 1
21 42 1
21 43 1
22 24 1
22 25 1
22 31 1
22 32 1
22 34 1
22 38 1
22 39 1
22 44 1
22 45 1
23 28 1
23 29 1
23 31 1
23 32 1
23 33 1
23 36 1
23 42 1
23 45 1
23 48 1
23 49 1
24 29 1
24 31 1
24 33 1
24 36 1
24 38 1
24 42 1
24 44 1
24 46 1
24 48 1
25 28 1
25 32 1
25 34 1
25 39 1
25 40 1
25 48 1
26 29 1
26 30 1
26 34 1
26 40 1
26 41 1
26 45 1
26 46 1
26 47 1
27 33 1
27 35 1
27 39 1
27 42 1
27 43 1
28 33 1
28 38 1
28 43 1
28 45 1
28 48 1
29 30 1
29 32 1
29 39 1
29 43 1
30 32 1
30 33 1
30 34 1
30 40 1
30 48 1
31 32 1
31 33 1
31 35 1
31 36 1
31 38 1
31 39 1
31 42 1
31 45 1
31 49 1
32 34 1
32 36 1
32 37 1
32 38 1
32 39 1
32 42 1
32 48 1
33 36 1
33 37 1
33 38 1
33 44 1
33 46 1
33 49 1
34 35 1
34 40 1
34 47 1
34 48 1
35 37 1
35 38 1
35 39 1
35 41 1
35 46 1
36 41 1
36 48 1
37 42 1
37 43 1
37 44 1
37 47 1
37 48 1
37 49 1
38 45 1
38 46 1
38 48 1
38 49 1
39 45 1
39 46 1
39 47 1
39 49 1
40 41 1
40 42 1
40 45 1
40 47 1
41 47 1
43 45 1
43 46 1
43 49 1
44 47 1
45 47 1
45 49 1
47 48 1
47 49 1
1
22 12 39 20 4
