826
0 6 1
0 9 1
0 15 1
0 17 1
0 19 1
0 20 1
0 21 1
0 31 1
0 32 1
0 34 1
0 37 1
0 44 1
0 45 1
0 46 1
0 52 1
0 66 1
0 79 1
0 87 1
0 88 1
1 12 1
1 20 1
1 24 1
1 34 1
1 35 1
1 47 1
1 48 1
1 58 1
1 61 1
1 73 1
1 75 1
1 76 1
1 87 1
2 4 1
2 5 1
2 6 1
2 8 1
2 36 1
2 40 1
2 43 1
2 48 1
2 51 1
2 57 1
2 64 1
2 67 1
2 77 1
2 78 1
2 82 1
2 87 1
3 9 1
3 16 1
3 17 1
3 20 1
3 21 1
3 27 1
3 34 1
3 40 1
3 42 1
3 45 1
3 48 1
3 50 1
3 51 1
3 53 1
3 55 1
3 56 1
3 65 1
3 70 1
3 71 1
3 73 1
3 75 1
3 88 1
4 8 1
4 11 1
4 13 1
4 15 1
4 22 1
4 28 1
4 31 1
4 37 1
4 38 1
4 41 1
4 49 1
4 54 1
4 65 1
4 77 1
4 83 1
5 8 1
5 10 1
5 13 1
5 18 1
5 22 1
5 23 1
5 33 1
5 40 1
5 54 1
5 63 1
5 67 1
5 69 1
5 70 1
5 75 1
5 78 1
5 85 1
5 89 1
6 15 1
6 17 1
6 19 1
6 22 1
6 23 1
6 25 1
6 26 1
6 28 1
6 37 1
6 40 1
6 43 1
6 46 1
6 54 1
6 63 1
6 70 1
6 71 1
6 86 1
7 8 1
7 20 1
7 23 1
7 24 1
7 25 1
7 33 1
7 39 1
7 41 1
7 43 1
7 56 1
7 65 1
7 70 1
7 72 1
7 84 1
7 86 1
8 11 1
8 15 1
8 21 1
8 22 1
8 25 1
8 29 1
8 30 1
8 38 1
8 43 1
8 48 1
8 55 1
8 65 1
8 75 1
8 78 1
8 80 1
8 81 1
9 10 1
9 29 1
9 31 1
9 39 1
9 42 1
9 45 1
9 46 1
9 47 1
9 50 1
9 51 1
9 54 1
9 60 1
9 69 1
9 71 1
9 75 1
9 78 1
9 83 1
9 85 1
9 88 1
10 15 1
10 18 1
10 20 1
10 24 1
10 31 1
10 32 1
10 34 1
10 37 1
10 40 1
10 42 1
10 47 1
10 52 1
10 58 1
10 59 1
10 67 1
10 68 1
10 74 1
10 77 1
10 79 1
10 82 1
10 84 1
10 88 1
11 12 1
11 21 1
11 22 1
11 35 1
11 37 1
11 43 1
11 44 1
11 46 1
11 48 1
11 51 1
11 52 1
11 53 1
11 59 1
11 80 1
11 82 1
11 87 1
11 88 1
12 16 1
12 19 1
12 25 1
12 28 1
12 54 1
12 57 1
12 61 1
12 66 1
12 68 1
12 72 1
12 74 1
12 79 1
12 80 1
12 82 1
12 88 1
13 16 1
13 20 1
13 23 1
13 28 1
13 32 1
13 33 1
13 36 1
13 46 1
13 47 1
13 54 1
13 55 1
13 59 1
13 63 1
13 67 1
13 84 1
13 85 1
13 88 1
14 15 1
14 29 1
14 32 1
14 36 1
14 47 1
14 59 1
14 60 1
14 65 1
14 74 1
14 75 1
14 77 1
14 82 1
14 84 1
14 85 1
14 86 1
14 87 1
15 16 1
15 20 1
15 21 1
15 27 1
15 29 1
15 34 1
15 36 1
15 38 1
15 47 1
15 54 1
15 64 1
15 65 1
15 67 1
15 74 1
15 75 1
15 77 1
15 78 1
15 87 1
15 89 1
16 20 1
16 27 1
16 34 1
16 35 1
16 37 1
16 39 1
16 40 1
16 53 1
16 57 1
16 62 1
16 65 1
16 66 1
16 74 1
16 77 1
16 88 1
17 23 1
17 26 1
17 30 1
17 34 1
17 42 1
17 55 1
17 56 1
17 59 1
17 61 1
17 72 1
17 74 1
17 79 1
17 83 1
17 87 1
18 26 1
18 32 1
18 34 1
18 46 1
18 50 1
18 60 1
18 63 1
18 70 1
18 87 1
19 24 1
19 26 1
19 28 1
19 31 1
19 43 1
19 44 1
19 48 1
19 59 1
19 74 1
19 76 1
19 77 1
19 78 1
19 82 1
19 84 1
20 22 1
20 23 1
20 24 1
20 32 1
20 36 1
20 39 1
20 43 1
20 45 1
20 47 1
20 56 1
20 64 1
20 71 1
20 76 1
20 77 1
20 87 1
21 24 1
21 30 1
21 44 1
21 47 1
21 57 1
21 58 1
21 59 1
21 72 1
21 73 1
21 74 1
21 76 1
21 88 1
22 23 1
22 29 1
22 36 1
22 39 1
22 48 1
22 50 1
22 64 1
22 65 1
22 70 1
22 71 1
22 75 1
22 76 1
22 79 1
22 83 1
22 85 1
23 34 1
23 35 1
23 37 1
23 41 1
23 50 1
23 55 1
23 63 1
23 65 1
23 69 1
23 70 1
23 74 1
23 82 1
23 83 1
23 85 1
24 27 1
24 28 1
24 37 1
24 42 1
24 49 1
24 68 1
24 71 1
24 73 1
24 80 1
24 83 1
24 87 1
25 27 1
25 33 1
25 36 1
25 41 1
25 54 1
25 61 1
25 64 1
25 68 1
25 69 1
25 74 1
25 86 1
25 87 1
26 27 1
26 35 1
26 41 1
26 49 1
26 73 1
26 79 1
26 80 1
27 34 1
27 35 1
27 45 1
27 52 1
27 65 1
27 71 1
27 87 1
27 88 1
27 89 1
28 41 1
28 43 1
28 44 1
28 52 1
28 56 1
28 57 1
28 64 1
28 76 1
28 83 1
28 88 1
29 35 1
29 36 1
29 47 1
29 49 1
29 56 1
29 61 1
29 75 1
29 80 1
30 39 1
30 42 1
30 48 1
30 55 1
30 57 1
30 58 1
30 63 1
30 73 1
30 74 1
30 78 1
30 81 1
30 82 1
30 84 1
30 88 1
31 41 1
31 44 1
31 47 1
31 49 1
31 54 1
31 61 1
31 65 1
31 67 1
31 75 1
31 77 1
31 88 1
32 45 1
32 47 1
32 59 1
32 61 1
32 63 1
32 84 1
32 85 1
32 87 1
32 89 1
33 35 1
33 37 1
33 38 1
33 40 1
33 51 1
33 55 1
33 56 1
33 59 1
33 64 1
33 67 1
33 69 1
33 75 1
33 88 1
34 45 1
34 54 1
34 58 1
34 59 1
34 64 1
34 68 1
34 71 1
34 75 1
34 78 1
34 79 1
34 81 1
34 86 1
35 37 1
35 40 1
35 49 1
35 50 1
35 51 1
35 56 1
35 58 1
35 62 1
35 63 1
35 64 1
35 66 1
35 68 1
35 71 1
35 75 1
35 76 1
35 77 1
35 82 1
35 86 1
36 38 1
36 40 1
36 42 1
36 44 1
36 46 1
36 47 1
36 49 1
36 51 1
36 52 1
36 61 1
36 67 1
36 79 1
36 81 1
36 86 1
37 47 1
37 52 1
37 61 1
37 64 1
37 66 1
37 71 1
37 73 1
37 81 1
37 85 1
38 48 1
38 53 1
38 54 1
38 67 1
38 69 1
38 72 1
38 74 1
38 75 1
38 78 1
38 87 1
39 45 1
39 49 1
39 52 1
39 53 1
39 54 1
39 57 1
39 58 1
39 60 1
39 63 1
39 66 1
39 76 1
39 83 1
39 88 1
40 44 1
40 46 1
40 51 1
40 54 1
40 55 1
40 62 1
40 65 1
40 74 1
40 84 1
40 85 1
41 42 1
41 56 1
41 58 1
41 64 1
41 72 1
41 75 1
41 76 1
41 80 1
41 83 1
41 87 1
41 88 1
42 44 1
42 50 1
42 51 1
42 52 1
42 57 1
42 59 1
42 60 1
42 64 1
42 65 1
42 76 1
43 56 1
43 73 1
43 77 1
43 78 1
43 83 1
44 63 1
44 70 1
44 73 1
44 75 1
44 82 1
44 86 1
45 49 1
45 50 1
45 54 1
45 65 1
45 70 1
45 73 1
45 87 1
46 47 1
46 50 1
46 54 1
46 61 1
46 66 1
46 72 1
46 74 1
46 76 1
46 88 1
47 56 1
47 59 1
47 60 1
47 62 1
47 63 1
47 64 1
47 65 1
47 67 1
47 69 1
47 74 1
47 82 1
47 83 1
48 53 1
48 59 1
48 60 1
48 65 1
48 70 1
48 72 1
48 74 1
48 79 1
48 81 1
48 82 1
48 83 1
48 86 1
48 87 1
48 88 1
49 55 1
49 58 1
49 59 1
49 66 1
49 67 1
49 75 1
49 76 1
49 79 1
50 52 1
50 53 1
50 55 1
50 88 1
51 52 1
51 61 1
51 65 1
51 77 1
51 82 1
51 83 1
51 85 1
52 53 1
52 55 1
52 62 1
52 72 1
52 74 1
52 78 1
52 80 1
53 60 1
53 71 1
53 73 1
53 78 1
53 81 1
53 82 1
53 83 1
53 86 1
53 89 1
54 58 1
54 60 1
54 64 1
54 65 1
54 77 1
54 82 1
54 83 1
54 86 1
55 62 1
55 63 1
55 64 1
55 67 1
55 69 1
55 73 1
55 75 1
55 83 1
56 60 1
56 62 1
56 69 1
56 70 1
56 71 1
56 85 1
56 89 1
57 74 1
57 79 1
57 81 1
57 82 1
57 87 1
57 88 1
58 60 1
58 63 1
58 69 1
58 70 1
58 75 1
58 76 1
58 80 1
58 84 1
58 85 1
58 87 1
58 88 1
59 66 1
59 71 1
59 76 1
59 81 1
59 84 1
59 86 1
59 89 1
60 63 1
60 66 1
60 67 1
60 68 1
60 69 1
60 71 1
60 76 1
61 65 1
61 69 1
61 73 1
61 78 1
62 63 1
62 77 1
62 83 1
62 85 1
62 89 1
63 70 1
63 76 1
63 78 1
63 82 1
63 83 1
64 65 1
64 73 1
64 76 1
64 79 1
64 81 1
64 82 1
64 86 1
64 89 1
65 76 1
65 79 1
65 83 1
65 85 1
65 87 1
65 88 1
66 68 1
66 70 1
66 72 1
66 87 1
67 71 1
67 77 1
67 78 1
67 83 1
67 84 1
67 85 1
68 77 1
68 79 1
68 80 1
68 85 1
68 89 1
69 71 1
69 74 1
69 81 1
69 83 1
69 87 1
70 77 1
70 81 1
70 84 1
70 88 1
70 89 1
71 78 1
71 79 1
71 83 1
71 85 1
72 74 1
72 79 1
72 87 1
73 74 1
73 79 1
73 83 1
73 89 1
74 87 1
75 76 1
75 77 1
75 84 1
75 85 1
75 86 1
75 88 1
76 79 1
76 80 1
76 88 1
77 82 1
78 79 1
78 84 1
78 88 1
79 88 1
80 82 1
80 87 1
80 89 1
81 83 1
81 84 1
82 85 1
84 86 1
84 87 1
86 88 1
86 89 1
88 89 1
1
78 83 65 25 57 26 3 45 21
