611
0 1 1
0 11 1
0 12 1
0 14 1
0 16 1
0 18 1
0 20 1
0 24 1
0 27 1
0 28 1
0 31 1
0 39 1
0 44 1
0 48 1
0 55 1
0 60 1
0 61 1
0 63 1
0 68 1
1 14 1
1 21 1
1 29 1
1 42 1
1 44 1
1 50 1
1 53 1
1 59 1
1 60 1
1 64 1
2 3 1
2 5 1
2 8 1
2 13 1
2 21 1
2 24 1
2 25 1
2 36 1
2 40 1
2 52 1
2 56 1
2 58 1
2 63 1
2 65 1
3 5 1
3 8 1
3 9 1
3 16 1
3 22 1
3 23 1
3 28 1
3 37 1
3 40 1
3 43 1
3 44 1
3 49 1
3 58 1
3 64 1
4 5 1
4 9 1
4 11 1
4 14 1
4 17 1
4 30 1
4 33 1
4 35 1
4 39 1
4 41 1
4 42 1
4 45 1
4 46 1
4 48 1
4 52 1
4 54 1
4 56 1
4 60 1
4 61 1
4 64 1
4 65 1
4 66 1
5 11 1
5 24 1
5 27 1
5 35 1
5 37 1
5 38 1
5 45 1
5 46 1
5 48 1
5 49 1
5 56 1
5 62 1
5 63 1
5 66 1
5 69 1
6 7 1
6 17 1
6 22 1
6 27 1
6 32 1
6 34 1
6 37 1
6 38 1
6 40 1
6 53 1
6 58 1
6 61 1
6 67 1
6 69 1
7 8 1
7 12 1
7 20 1
7 21 1
7 24 1
7 25 1
7 26 1
7 27 1
7 28 1
7 31 1
7 33 1
7 35 1
7 38 1
7 41 1
7 44 1
7 53 1
7 57 1
8 9 1
8 16 1
8 23 1
8 24 1
8 25 1
8 34 1
8 35 1
8 38 1
8 41 1
8 47 1
8 54 1
8 63 1
8 68 1
8 69 1
9 10 1
9 16 1
9 19 1
9 24 1
9 26 1
9 27 1
9 33 1
9 36 1
9 38 1
9 49 1
9 50 1
9 56 1
9 57 1
9 59 1
9 61 1
9 62 1
9 64 1
9 68 1
10 11 1
10 13 1
10 14 1
10 16 1
10 18 1
10 20 1
10 37 1
10 38 1
10 41 1
10 46 1
10 50 1
10 55 1
10 57 1
10 60 1
10 61 1
10 64 1
10 68 1
10 69 1
11 13 1
11 17 1
11 18 1
11 20 1
11 23 1
11 27 1
11 28 1
11 43 1
11 44 1
11 47 1
11 51 1
11 52 1
11 53 1
11 58 1
11 61 1
11 62 1
11 63 1
11 67 1
11 69 1
12 14 1
12 18 1
12 24 1
12 29 1
12 32 1
12 38 1
12 39 1
12 41 1
12 47 1
12 50 1
12 55 1
12 63 1
12 69 1
13 27 1
13 28 1
13 35 1
13 39 1
13 44 1
13 58 1
13 59 1
13 66 1
13 69 1
14 15 1
14 18 1
14 19 1
14 22 1
14 23 1
14 29 1
14 34 1
14 35 1
14 36 1
14 40 1
14 43 1
14 45 1
14 46 1
14 48 1
14 49 1
14 50 1
14 51 1
14 53 1
14 55 1
14 56 1
14 58 1
14 60 1
14 64 1
14 65 1
14 66 1
14 69 1
15 16 1
15 34 1
15 40 1
15 42 1
15 48 1
15 56 1
15 57 1
15 60 1
15 66 1
15 67 1
15 69 1
16 21 1
16 23 1
16 26 1
16 27 1
16 30 1
16 32 1
16 34 1
16 37 1
16 38 1
16 56 1
16 61 1
16 69 1
17 24 1
17 33 1
17 41 1
17 46 1
17 47 1
17 50 1
17 53 1
17 54 1
17 55 1
17 56 1
17 57 1
17 58 1
17 61 1
17 62 1
17 65 1
17 66 1
17 67 1
18 21 1
18 37 1
18 45 1
18 47 1
18 52 1
18 56 1
18 60 1
18 65 1
18 69 1
19 28 1
19 37 1
19 40 1
19 41 1
19 43 1
19 47 1
19 48 1
19 61 1
19 62 1
19 64 1
19 66 1
19 69 1
20 21 1
20 23 1
20 25 1
20 26 1
20 27 1
20 31 1
20 35 1
20 42 1
20 46 1
20 54 1
20 59 1
20 62 1
21 22 1
21 23 1
21 28 1
21 29 1
21 34 1
21 36 1
21 38 1
21 40 1
21 45 1
21 50 1
21 54 1
21 55 1
21 56 1
21 59 1
21 62 1
21 68 1
22 27 1
22 29 1
22 40 1
22 41 1
22 42 1
22 45 1
22 49 1
22 51 1
22 53 1
22 64 1
22 65 1
22 68 1
22 69 1
23 25 1
23 29 1
23 33 1
23 34 1
23 40 1
23 45 1
23 51 1
23 54 1
23 56 1
23 59 1
23 65 1
23 69 1
24 32 1
24 33 1
24 34 1
24 35 1
24 36 1
24 46 1
24 51 1
24 58 1
24 62 1
24 68 1
25 26 1
25 32 1
25 33 1
25 36 1
25 40 1
25 43 1
25 46 1
25 50 1
25 56 1
25 59 1
25 60 1
26 32 1
26 35 1
26 36 1
26 45 1
26 46 1
26 53 1
26 54 1
26 59 1
26 67 1
26 69 1
27 35 1
27 36 1
27 40 1
27 49 1
27 53 1
27 54 1
27 55 1
27 67 1
27 68 1
27 69 1
28 30 1
28 32 1
28 36 1
28 38 1
28 44 1
28 57 1
28 58 1
28 59 1
28 65 1
29 33 1
29 35 1
29 36 1
29 43 1
29 44 1
29 50 1
29 53 1
29 56 1
29 57 1
29 63 1
29 65 1
30 33 1
30 35 1
30 43 1
30 52 1
30 55 1
30 58 1
30 62 1
30 69 1
31 32 1
31 33 1
31 37 1
31 38 1
31 42 1
31 44 1
31 47 1
31 48 1
31 52 1
31 56 1
31 60 1
31 62 1
31 64 1
31 65 1
32 34 1
32 38 1
32 45 1
32 48 1
32 55 1
32 58 1
32 62 1
32 69 1
33 36 1
33 39 1
33 45 1
33 49 1
33 50 1
33 63 1
33 64 1
34 42 1
34 46 1
34 47 1
34 48 1
34 51 1
34 54 1
34 55 1
34 60 1
34 63 1
34 64 1
35 37 1
35 55 1
35 57 1
35 58 1
35 64 1
35 65 1
35 66 1
36 42 1
36 43 1
36 53 1
36 56 1
36 57 1
36 58 1
36 59 1
36 63 1
36 64 1
36 65 1
36 68 1
37 38 1
37 39 1
37 40 1
37 43 1
37 49 1
37 50 1
37 51 1
37 55 1
37 56 1
37 65 1
37 68 1
37 69 1
38 48 1
38 50 1
38 56 1
38 60 1
38 64 1
38 67 1
39 41 1
39 52 1
39 54 1
39 55 1
39 59 1
39 61 1
39 62 1
40 41 1
40 43 1
40 46 1
40 56 1
40 59 1
40 69 1
41 44 1
41 45 1
41 57 1
41 58 1
41 61 1
41 63 1
41 64 1
41 66 1
42 43 1
42 44 1
42 45 1
42 49 1
42 51 1
42 53 1
42 65 1
42 68 1
43 47 1
43 48 1
43 61 1
43 64 1
44 45 1
44 46 1
44 48 1
44 50 1
44 53 1
44 57 1
44 61 1
45 47 1
45 48 1
45 54 1
45 55 1
45 56 1
45 58 1
46 47 1
46 57 1
46 61 1
46 62 1
47 52 1
47 53 1
47 54 1
47 57 1
47 59 1
47 60 1
47 62 1
48 50 1
48 58 1
48 60 1
48 67 1
49 52 1
49 54 1
49 55 1
49 61 1
49 68 1
50 52 1
50 53 1
50 55 1
50 56 1
50 59 1
50 61 1
50 63 1
50 64 1
50 66 1
50 68 1
51 54 1
51 58 1
51 61 1
51 64 1
51 65 1
51 66 1
51 67 1
52 55 1
52 64 1
52 66 1
53 60 1
53 65 1
53 67 1
54 67 1
55 67 1
56 60 1
56 63 1
56 65 1
57 58 1
57 59 1
57 63 1
58 64 1
58 65 1
59 60 1
59 61 1
59 63 1
59 68 1
60 68 1
61 64 1
63 64 1
63 67 1
64 68 1
65 67 1
66 67 1
66 68 1
1
35 27 51 10 69 19 50
