1888
0 20 1
0 28 1
0 32 1
0 33 1
0 35 1
0 43 1
0 46 1
0 47 1
0 56 1
0 59 1
0 84 1
0 91 1
0 92 1
0 95 1
0 107 1
0 125 1
0 141 1
0 142 1
0 161 1
0 163 1
0 167 1
0 176 1
1 13 1
1 16 1
1 23 1
1 34 1
1 39 1
1 42 1
1 55 1
1 75 1
1 89 1
1 101 1
1 110 1
1 114 1
1 116 1
1 123 1
1 141 1
1 178 1
2 3 1
2 13 1
2 20 1
2 32 1
2 33 1
2 43 1
2 61 1
2 70 1
2 79 1
2 91 1
2 98 1
2 103 1
2 107 1
2 123 1
2 126 1
2 138 1
2 146 1
2 147 1
2 149 1
2 155 1
2 168 1
2 174 1
2 176 1
3 20 1
3 25 1
3 48 1
3 62 1
3 70 1
3 76 1
3 84 1
3 90 1
3 94 1
3 99 1
3 107 1
3 125 1
3 143 1
3 155 1
3 161 1
4 7 1
4 14 1
4 44 1
4 47 1
4 59 1
4 75 1
4 78 1
4 82 1
4 83 1
4 85 1
4 111 1
4 113 1
4 114 1
4 130 1
4 132 1
4 135 1
4 140 1
4 145 1
4 162 1
4 164 1
5 7 1
5 26 1
5 30 1
5 32 1
5 41 1
5 45 1
5 48 1
5 62 1
5 76 1
5 80 1
5 82 1
5 85 1
5 102 1
5 114 1
5 120 1
5 135 1
5 136 1
5 140 1
5 154 1
5 159 1
5 163 1
5 171 1
6 16 1
6 20 1
6 21 1
6 34 1
6 56 1
6 64 1
6 76 1
6 79 1
6 90 1
6 95 1
6 97 1
6 119 1
6 120 1
6 136 1
6 141 1
6 157 1
7 13 1
7 21 1
7 31 1
7 49 1
7 78 1
7 117 1
7 121 1
7 130 1
7 137 1
7 164 1
8 12 1
8 20 1
8 22 1
8 28 1
8 30 1
8 37 1
8 39 1
8 43 1
8 46 1
8 57 1
8 68 1
8 85 1
8 107 1
8 115 1
8 130 1
8 150 1
8 172 1
9 10 1
9 16 1
9 41 1
9 48 1
9 52 1
9 55 1
9 58 1
9 62 1
9 74 1
9 81 1
9 92 1
9 121 1
9 124 1
9 134 1
9 145 1
9 148 1
9 150 1
9 153 1
9 156 1
9 169 1
9 174 1
9 179 1
10 12 1
10 28 1
10 33 1
10 41 1
10 42 1
10 76 1
10 85 1
10 88 1
10 108 1
10 110 1
10 134 1
10 135 1
10 138 1
10 157 1
10 161 1
10 166 1
10 169 1
10 174 1
10 179 1
11 13 1
11 14 1
11 23 1
11 24 1
11 28 1
11 35 1
11 42 1
11 49 1
11 50 1
11 59 1
11 76 1
11 77 1
11 79 1
11 81 1
11 87 1
11 103 1
11 108 1
11 109 1
11 129 1
11 140 1
11 151 1
11 167 1
11 177 1
12 24 1
12 38 1
12 51 1
12 75 1
12 76 1
12 77 1
12 105 1
12 114 1
12 123 1
12 140 1
12 165 1
12 171 1
12 172 1
12 178 1
12 179 1
13 17 1
13 19 1
13 25 1
13 41 1
13 43 1
13 52 1
13 53 1
13 57 1
13 65 1
13 66 1
13 78 1
13 87 1
13 105 1
13 113 1
13 120 1
13 135 1
13 139 1
13 142 1
13 145 1
13 149 1
13 153 1
13 176 1
13 177 1
14 27 1
14 34 1
14 35 1
14 44 1
14 47 1
14 75 1
14 76 1
14 78 1
14 87 1
14 95 1
14 107 1
14 114 1
14 119 1
14 124 1
14 137 1
14 139 1
14 164 1
14 166 1
14 170 1
14 175 1
15 18 1
15 26 1
15 50 1
15 64 1
15 70 1
15 71 1
15 73 1
15 74 1
15 75 1
15 78 1
15 85 1
15 96 1
15 107 1
15 113 1
15 127 1
15 133 1
15 140 1
15 158 1
16 17 1
16 19 1
16 51 1
16 53 1
16 61 1
16 65 1
16 67 1
16 68 1
16 73 1
16 81 1
16 93 1
16 102 1
16 122 1
16 124 1
16 130 1
16 131 1
16 133 1
16 135 1
16 139 1
16 144 1
16 151 1
16 153 1
16 156 1
16 164 1
16 169 1
17 19 1
17 57 1
17 67 1
17 74 1
17 77 1
17 95 1
17 99 1
17 106 1
17 112 1
17 124 1
17 132 1
17 139 1
17 140 1
17 141 1
17 143 1
17 148 1
17 153 1
17 167 1
17 175 1
17 179 1
18 24 1
18 35 1
18 46 1
18 56 1
18 57 1
18 63 1
18 80 1
18 83 1
18 87 1
18 92 1
18 104 1
18 110 1
18 119 1
18 126 1
18 155 1
18 162 1
18 167 1
18 170 1
19 32 1
19 35 1
19 37 1
19 60 1
19 73 1
19 88 1
19 89 1
19 94 1
19 101 1
19 104 1
19 109 1
19 123 1
19 136 1
19 170 1
19 172 1
20 22 1
20 25 1
20 40 1
20 44 1
20 49 1
20 73 1
20 77 1
20 83 1
20 88 1
20 91 1
20 122 1
20 130 1
20 148 1
20 157 1
20 162 1
20 170 1
21 33 1
21 37 1
21 45 1
21 53 1
21 55 1
21 64 1
21 69 1
21 84 1
21 86 1
21 98 1
21 111 1
21 115 1
21 118 1
21 119 1
21 122 1
21 130 1
21 132 1
21 134 1
21 135 1
21 140 1
21 141 1
21 143 1
21 146 1
21 166 1
21 167 1
21 178 1
22 35 1
22 47 1
22 53 1
22 59 1
22 72 1
22 91 1
22 93 1
22 94 1
22 111 1
22 119 1
22 127 1
22 136 1
22 139 1
22 142 1
22 144 1
22 156 1
22 172 1
22 177 1
23 30 1
23 32 1
23 36 1
23 40 1
23 45 1
23 61 1
23 82 1
23 94 1
23 108 1
23 124 1
23 129 1
23 132 1
23 142 1
23 149 1
23 150 1
23 159 1
24 26 1
24 42 1
24 48 1
24 53 1
24 55 1
24 66 1
24 72 1
24 81 1
24 84 1
24 87 1
24 90 1
24 103 1
24 106 1
24 125 1
24 127 1
24 137 1
24 159 1
24 161 1
24 171 1
24 175 1
25 49 1
25 55 1
25 58 1
25 61 1
25 63 1
25 70 1
25 73 1
25 78 1
25 83 1
25 85 1
25 86 1
25 88 1
25 112 1
25 127 1
25 132 1
25 135 1
25 156 1
25 162 1
25 163 1
25 168 1
25 170 1
25 175 1
26 32 1
26 34 1
26 38 1
26 46 1
26 59 1
26 71 1
26 78 1
26 88 1
26 113 1
26 115 1
26 129 1
26 130 1
26 147 1
26 152 1
26 162 1
26 167 1
27 33 1
27 42 1
27 46 1
27 65 1
27 71 1
27 76 1
27 86 1
27 96 1
27 120 1
27 125 1
27 136 1
27 143 1
27 154 1
27 160 1
27 161 1
27 164 1
27 177 1
28 31 1
28 54 1
28 71 1
28 106 1
28 109 1
28 127 1
28 130 1
28 131 1
28 139 1
28 141 1
28 150 1
28 162 1
28 168 1
28 170 1
28 174 1
29 31 1
29 78 1
29 94 1
29 95 1
29 109 1
29 115 1
29 116 1
29 120 1
29 135 1
29 141 1
29 150 1
29 160 1
29 165 1
29 169 1
30 36 1
30 40 1
30 45 1
30 53 1
30 80 1
30 89 1
30 91 1
30 110 1
30 112 1
30 117 1
30 118 1
30 121 1
30 132 1
30 141 1
30 146 1
30 157 1
30 166 1
30 169 1
30 170 1
31 40 1
31 54 1
31 55 1
31 58 1
31 63 1
31 72 1
31 73 1
31 78 1
31 88 1
31 95 1
31 113 1
31 135 1
31 138 1
31 141 1
31 142 1
31 143 1
31 159 1
31 160 1
31 171 1
32 42 1
32 43 1
32 46 1
32 47 1
32 59 1
32 65 1
32 75 1
32 77 1
32 81 1
32 84 1
32 86 1
32 92 1
32 95 1
32 114 1
32 129 1
32 133 1
32 148 1
32 153 1
32 157 1
33 38 1
33 47 1
33 68 1
33 74 1
33 76 1
33 84 1
33 85 1
33 99 1
33 104 1
33 123 1
33 150 1
33 157 1
33 161 1
33 179 1
34 39 1
34 42 1
34 45 1
34 58 1
34 63 1
34 65 1
34 66 1
34 73 1
34 74 1
34 81 1
34 83 1
34 86 1
34 91 1
34 107 1
34 116 1
34 139 1
34 143 1
34 151 1
34 178 1
35 58 1
35 65 1
35 66 1
35 67 1
35 68 1
35 69 1
35 83 1
35 94 1
35 111 1
35 112 1
35 113 1
35 122 1
35 143 1
35 145 1
35 148 1
35 157 1
35 159 1
35 172 1
36 58 1
36 69 1
36 136 1
36 138 1
36 140 1
36 150 1
36 162 1
37 45 1
37 49 1
37 52 1
37 56 1
37 57 1
37 62 1
37 66 1
37 76 1
37 82 1
37 103 1
37 110 1
37 121 1
37 129 1
37 134 1
37 137 1
37 159 1
37 164 1
37 167 1
38 55 1
38 61 1
38 66 1
38 69 1
38 70 1
38 88 1
38 108 1
38 109 1
38 127 1
38 128 1
38 137 1
38 157 1
38 176 1
38 177 1
39 72 1
39 80 1
39 81 1
39 86 1
39 87 1
39 88 1
39 95 1
39 116 1
39 121 1
39 123 1
39 128 1
39 129 1
39 135 1
39 136 1
39 143 1
39 160 1
39 168 1
39 170 1
39 174 1
40 50 1
40 62 1
40 85 1
40 89 1
40 93 1
40 94 1
40 98 1
40 100 1
40 101 1
40 103 1
40 125 1
40 127 1
40 128 1
40 134 1
40 137 1
40 139 1
40 156 1
40 165 1
40 166 1
40 167 1
41 42 1
41 43 1
41 55 1
41 75 1
41 89 1
41 97 1
41 104 1
41 106 1
41 121 1
41 142 1
41 150 1
41 158 1
41 160 1
41 161 1
41 162 1
41 164 1
42 51 1
42 57 1
42 69 1
42 74 1
42 81 1
42 100 1
42 101 1
42 117 1
42 122 1
42 131 1
42 140 1
42 143 1
42 171 1
42 173 1
42 175 1
43 44 1
43 50 1
43 59 1
43 65 1
43 77 1
43 98 1
43 108 1
43 109 1
43 112 1
43 117 1
43 128 1
43 133 1
43 139 1
43 141 1
43 146 1
43 156 1
43 163 1
43 169 1
43 173 1
44 50 1
44 55 1
44 61 1
44 62 1
44 101 1
44 114 1
44 115 1
44 118 1
44 120 1
44 130 1
44 134 1
44 140 1
44 141 1
44 147 1
45 73 1
45 83 1
45 87 1
45 102 1
45 112 1
45 118 1
45 119 1
45 130 1
45 131 1
45 132 1
45 133 1
45 141 1
45 148 1
45 169 1
45 175 1
46 51 1
46 55 1
46 73 1
46 77 1
46 78 1
46 87 1
46 90 1
46 92 1
46 118 1
46 126 1
46 162 1
47 57 1
47 61 1
47 75 1
47 86 1
47 87 1
47 88 1
47 93 1
47 95 1
47 96 1
47 104 1
47 106 1
47 110 1
47 115 1
47 145 1
47 150 1
47 152 1
47 154 1
47 158 1
47 161 1
47 170 1
48 69 1
48 80 1
48 86 1
48 91 1
48 98 1
48 101 1
48 106 1
48 112 1
48 114 1
48 118 1
48 122 1
48 123 1
48 136 1
48 138 1
48 157 1
48 162 1
48 165 1
48 166 1
48 177 1
49 64 1
49 68 1
49 72 1
49 75 1
49 84 1
49 89 1
49 90 1
49 91 1
49 92 1
49 118 1
49 119 1
49 122 1
49 129 1
49 141 1
49 144 1
49 146 1
49 159 1
49 164 1
49 177 1
50 57 1
50 80 1
50 94 1
50 106 1
50 113 1
50 135 1
50 150 1
50 158 1
50 159 1
50 162 1
50 175 1
51 66 1
51 82 1
51 86 1
51 87 1
51 93 1
51 108 1
51 122 1
51 136 1
51 137 1
51 141 1
51 142 1
51 163 1
52 57 1
52 62 1
52 68 1
52 77 1
52 79 1
52 86 1
52 117 1
52 118 1
52 127 1
52 131 1
52 133 1
52 152 1
52 155 1
53 59 1
53 64 1
53 71 1
53 75 1
53 97 1
53 108 1
53 111 1
53 123 1
53 128 1
53 129 1
53 131 1
53 137 1
53 140 1
53 145 1
53 157 1
53 170 1
53 178 1
53 179 1
54 75 1
54 76 1
54 85 1
54 89 1
54 90 1
54 102 1
54 120 1
54 146 1
54 147 1
54 151 1
54 152 1
54 166 1
54 169 1
54 171 1
54 175 1
55 66 1
55 68 1
55 69 1
55 74 1
55 78 1
55 80 1
55 112 1
55 115 1
55 116 1
55 121 1
55 138 1
55 140 1
55 161 1
55 173 1
55 177 1
56 60 1
56 61 1
56 71 1
56 72 1
56 81 1
56 82 1
56 92 1
56 93 1
56 124 1
56 133 1
56 147 1
56 170 1
57 59 1
57 62 1
57 69 1
57 95 1
57 101 1
57 111 1
57 114 1
57 116 1
57 120 1
57 135 1
57 149 1
57 151 1
57 161 1
57 174 1
57 175 1
58 64 1
58 79 1
58 98 1
58 107 1
58 112 1
58 123 1
58 148 1
58 157 1
58 161 1
58 167 1
58 170 1
58 175 1
59 61 1
59 78 1
59 82 1
59 101 1
59 108 1
59 111 1
59 116 1
59 123 1
59 124 1
59 126 1
59 127 1
59 147 1
59 151 1
59 160 1
59 169 1
60 69 1
60 78 1
60 81 1
60 83 1
60 87 1
60 91 1
60 101 1
60 106 1
60 132 1
60 133 1
60 148 1
60 152 1
60 154 1
60 166 1
60 172 1
60 174 1
61 70 1
61 80 1
61 97 1
61 103 1
61 122 1
61 131 1
61 146 1
61 151 1
61 162 1
61 164 1
62 70 1
62 77 1
62 83 1
62 89 1
62 96 1
62 102 1
62 118 1
62 121 1
62 122 1
62 127 1
62 131 1
62 143 1
62 174 1
62 179 1
63 64 1
63 67 1
63 87 1
63 105 1
63 118 1
63 135 1
63 141 1
63 142 1
63 144 1
63 175 1
63 179 1
64 71 1
64 73 1
64 83 1
64 87 1
64 100 1
64 109 1
64 116 1
64 127 1
64 130 1
64 137 1
64 147 1
64 149 1
64 157 1
64 163 1
64 165 1
64 172 1
64 173 1
65 77 1
65 84 1
65 92 1
65 93 1
65 113 1
65 130 1
65 159 1
65 165 1
65 177 1
66 69 1
66 72 1
66 87 1
66 92 1
66 126 1
66 131 1
66 132 1
66 136 1
66 149 1
66 150 1
66 158 1
66 160 1
66 171 1
66 174 1
67 79 1
67 82 1
67 83 1
67 86 1
67 90 1
67 99 1
67 107 1
67 115 1
67 157 1
67 167 1
67 173 1
68 72 1
68 78 1
68 81 1
68 90 1
68 94 1
68 102 1
68 112 1
68 114 1
68 125 1
68 130 1
68 147 1
68 151 1
68 158 1
68 168 1
69 70 1
69 87 1
69 93 1
69 116 1
69 120 1
69 128 1
69 131 1
69 136 1
69 139 1
69 145 1
69 148 1
69 152 1
69 173 1
70 74 1
70 78 1
70 87 1
70 91 1
70 96 1
70 107 1
70 108 1
70 132 1
70 139 1
70 151 1
70 165 1
70 171 1
71 74 1
71 84 1
71 98 1
71 105 1
71 107 1
71 108 1
71 110 1
71 111 1
71 129 1
71 133 1
71 139 1
71 140 1
71 161 1
71 168 1
71 176 1
72 90 1
72 91 1
72 93 1
72 96 1
72 97 1
72 109 1
72 124 1
72 128 1
72 129 1
72 151 1
72 154 1
72 159 1
72 164 1
73 76 1
73 83 1
73 86 1
73 91 1
73 94 1
73 99 1
73 101 1
73 110 1
73 118 1
73 119 1
73 123 1
73 128 1
73 138 1
73 144 1
73 145 1
73 146 1
73 148 1
73 154 1
73 161 1
73 162 1
73 163 1
73 171 1
74 79 1
74 86 1
74 88 1
74 90 1
74 94 1
74 99 1
74 102 1
74 107 1
74 115 1
74 122 1
74 138 1
74 140 1
74 159 1
74 173 1
75 91 1
75 114 1
75 116 1
75 120 1
75 125 1
75 127 1
75 130 1
75 144 1
75 147 1
75 155 1
75 157 1
75 158 1
75 172 1
75 177 1
75 178 1
76 114 1
76 117 1
76 133 1
76 135 1
76 154 1
76 161 1
76 165 1
76 169 1
76 177 1
77 80 1
77 83 1
77 98 1
77 99 1
77 135 1
77 137 1
77 139 1
77 150 1
77 177 1
77 179 1
78 93 1
78 95 1
78 99 1
78 122 1
78 125 1
78 135 1
78 140 1
78 142 1
78 143 1
78 147 1
78 160 1
79 83 1
79 85 1
79 97 1
79 104 1
79 114 1
79 130 1
79 137 1
79 154 1
79 163 1
79 166 1
79 167 1
79 170 1
79 175 1
79 177 1
80 86 1
80 92 1
80 101 1
80 139 1
80 143 1
80 145 1
80 156 1
80 157 1
80 159 1
80 164 1
80 174 1
81 92 1
81 93 1
81 95 1
81 102 1
81 106 1
81 121 1
81 132 1
81 143 1
81 153 1
81 156 1
81 158 1
81 160 1
81 177 1
81 178 1
82 93 1
82 99 1
82 111 1
82 128 1
82 132 1
82 134 1
82 141 1
82 159 1
83 88 1
83 89 1
83 108 1
83 111 1
83 116 1
83 126 1
83 130 1
83 142 1
83 143 1
83 148 1
83 149 1
83 150 1
83 153 1
83 158 1
83 160 1
84 88 1
84 90 1
84 91 1
84 98 1
84 111 1
84 113 1
84 124 1
84 130 1
84 137 1
84 154 1
84 166 1
85 86 1
85 104 1
85 108 1
85 143 1
85 145 1
85 149 1
85 154 1
85 160 1
85 163 1
85 173 1
85 175 1
85 176 1
86 95 1
86 96 1
86 98 1
86 105 1
86 113 1
86 121 1
86 162 1
86 176 1
86 179 1
87 94 1
87 99 1
87 117 1
87 140 1
87 141 1
87 147 1
87 156 1
87 162 1
87 175 1
88 89 1
88 99 1
88 108 1
88 120 1
88 132 1
88 133 1
88 147 1
88 150 1
88 173 1
88 175 1
89 98 1
89 103 1
89 106 1
89 115 1
89 116 1
89 120 1
89 135 1
89 166 1
89 169 1
89 173 1
90 111 1
90 112 1
90 116 1
90 120 1
90 129 1
90 131 1
90 151 1
90 159 1
90 168 1
90 177 1
91 92 1
91 95 1
91 99 1
91 109 1
91 112 1
91 145 1
91 154 1
91 158 1
91 168 1
92 109 1
92 114 1
92 119 1
92 141 1
92 146 1
92 161 1
92 162 1
92 166 1
92 170 1
93 99 1
93 113 1
93 114 1
93 121 1
93 122 1
93 130 1
93 142 1
94 96 1
94 106 1
94 119 1
94 126 1
94 133 1
94 151 1
94 166 1
94 178 1
95 103 1
95 117 1
95 129 1
95 141 1
95 143 1
95 145 1
95 146 1
95 171 1
96 103 1
96 112 1
96 120 1
96 125 1
96 130 1
96 133 1
96 135 1
96 144 1
96 147 1
96 151 1
96 161 1
96 162 1
96 169 1
96 171 1
96 173 1
97 98 1
97 103 1
97 105 1
97 114 1
97 117 1
97 121 1
97 133 1
97 138 1
97 139 1
97 147 1
97 157 1
97 160 1
98 99 1
98 109 1
98 111 1
98 114 1
98 118 1
98 122 1
98 127 1
98 128 1
98 129 1
98 131 1
98 134 1
98 135 1
98 154 1
98 158 1
98 163 1
98 164 1
98 172 1
99 100 1
99 105 1
99 106 1
99 113 1
99 117 1
99 119 1
99 121 1
99 132 1
99 138 1
99 142 1
99 151 1
99 152 1
99 157 1
99 171 1
100 106 1
100 121 1
100 124 1
100 127 1
100 133 1
100 134 1
100 143 1
100 144 1
100 146 1
100 153 1
100 167 1
100 173 1
101 103 1
101 122 1
101 137 1
101 144 1
101 147 1
101 159 1
101 162 1
102 107 1
102 111 1
102 112 1
102 114 1
102 124 1
102 137 1
102 138 1
102 144 1
102 146 1
102 154 1
103 107 1
103 122 1
103 127 1
103 134 1
103 142 1
103 144 1
103 156 1
103 163 1
103 171 1
104 106 1
104 115 1
104 119 1
104 127 1
104 131 1
104 132 1
104 149 1
104 160 1
104 170 1
105 112 1
105 116 1
105 117 1
105 126 1
105 130 1
105 132 1
105 145 1
105 158 1
105 168 1
105 177 1
106 112 1
106 115 1
106 133 1
106 135 1
106 142 1
106 148 1
106 166 1
106 174 1
107 109 1
107 112 1
107 113 1
107 117 1
107 118 1
107 120 1
107 146 1
107 148 1
107 149 1
107 166 1
107 168 1
108 120 1
108 134 1
108 136 1
108 141 1
108 144 1
108 167 1
108 169 1
109 110 1
109 117 1
109 131 1
109 142 1
109 145 1
109 146 1
109 170 1
109 173 1
109 175 1
110 126 1
110 130 1
110 140 1
110 148 1
110 162 1
110 174 1
110 176 1
110 177 1
111 119 1
111 124 1
111 136 1
111 141 1
111 148 1
111 149 1
111 158 1
111 163 1
111 176 1
112 117 1
112 122 1
112 125 1
112 128 1
112 136 1
112 137 1
112 142 1
112 144 1
112 154 1
112 162 1
112 170 1
112 174 1
113 126 1
113 128 1
113 129 1
113 139 1
113 142 1
113 159 1
113 169 1
114 121 1
114 133 1
114 138 1
114 146 1
115 119 1
115 120 1
115 122 1
115 129 1
115 146 1
115 149 1
115 156 1
115 163 1
115 165 1
115 168 1
115 179 1
116 117 1
116 133 1
116 144 1
116 160 1
116 167 1
116 168 1
117 131 1
117 136 1
117 169 1
117 170 1
117 177 1
117 179 1
118 123 1
118 124 1
118 125 1
118 127 1
118 131 1
118 134 1
118 145 1
118 148 1
118 149 1
118 150 1
118 167 1
118 176 1
118 177 1
119 137 1
119 140 1
119 153 1
119 158 1
119 160 1
119 176 1
119 177 1
120 149 1
120 156 1
120 160 1
120 175 1
120 177 1
121 122 1
121 126 1
121 143 1
121 152 1
121 156 1
121 161 1
121 163 1
121 164 1
121 170 1
121 177 1
122 125 1
122 134 1
122 142 1
122 167 1
122 170 1
123 138 1
123 145 1
123 164 1
123 168 1
124 134 1
124 135 1
124 137 1
124 141 1
124 143 1
124 156 1
124 159 1
124 163 1
125 128 1
125 143 1
125 146 1
125 148 1
125 151 1
125 157 1
125 166 1
125 167 1
125 172 1
126 142 1
126 149 1
126 150 1
126 160 1
126 162 1
126 163 1
126 170 1
126 173 1
127 130 1
127 131 1
127 151 1
127 152 1
127 154 1
127 162 1
127 171 1
128 130 1
128 134 1
128 157 1
128 176 1
128 178 1
128 179 1
129 138 1
129 139 1
129 140 1
129 148 1
129 151 1
129 157 1
129 167 1
129 173 1
129 174 1
129 177 1
130 137 1
130 147 1
130 151 1
130 173 1
130 179 1
131 154 1
131 155 1
131 162 1
131 170 1
131 177 1
132 144 1
132 149 1
132 154 1
132 168 1
132 174 1
133 139 1
133 147 1
133 153 1
133 162 1
133 164 1
133 166 1
133 170 1
133 172 1
134 141 1
134 145 1
134 156 1
134 159 1
134 171 1
134 176 1
134 177 1
135 138 1
135 140 1
135 149 1
135 160 1
135 165 1
135 168 1
135 169 1
135 173 1
135 175 1
135 178 1
136 139 1
136 144 1
136 151 1
136 158 1
136 166 1
136 171 1
137 159 1
137 179 1
138 142 1
138 163 1
138 179 1
139 147 1
139 162 1
139 163 1
139 176 1
139 178 1
140 152 1
140 156 1
140 161 1
141 161 1
141 170 1
141 179 1
142 161 1
142 170 1
142 176 1
143 150 1
143 170 1
143 179 1
144 145 1
144 176 1
144 177 1
145 149 1
145 158 1
145 173 1
146 147 1
146 150 1
146 158 1
146 162 1
146 163 1
146 178 1
148 157 1
148 158 1
148 172 1
149 156 1
150 170 1
150 171 1
150 177 1
151 160 1
151 161 1
152 161 1
152 170 1
152 175 1
153 171 1
153 177 1
154 168 1
154 174 1
154 178 1
156 160 1
156 162 1
156 174 1
156 179 1
157 160 1
157 165 1
157 171 1
157 173 1
158 174 1
159 174 1
160 164 1
161 169 1
161 174 1
161 178 1
162 164 1
162 176 1
163 165 1
163 167 1
163 171 1
163 174 1
163 178 1
164 174 1
165 166 1
166 172 1
166 173 1
167 174 1
168 174 1
169 176 1
172 176 1
175 176 1
178 179 1
1
173 161 69 150 170 132 52 79 15 73 96 21 16 169 87 103 91 89
