1502
0 1 1
0 9 1
0 13 1
0 25 1
0 26 1
0 37 1
0 49 1
0 77 1
0 83 1
0 89 1
0 92 1
0 95 1
0 99 1
0 100 1
0 104 1
0 107 1
0 123 1
0 125 1
0 136 1
0 137 1
0 139 1
1 8 1
1 13 1
1 22 1
1 25 1
1 27 1
1 35 1
1 41 1
1 46 1
1 49 1
1 50 1
1 53 1
1 56 1
1 63 1
1 68 1
1 72 1
1 104 1
1 105 1
1 107 1
1 108 1
1 120 1
1 129 1
1 146 1
2 8 1
2 15 1
2 20 1
2 24 1
2 25 1
2 27 1
2 56 1
2 58 1
2 59 1
2 63 1
2 72 1
2 87 1
2 93 1
2 95 1
2 99 1
2 103 1
2 104 1
2 108 1
2 138 1
2 143 1
2 145 1
3 8 1
3 14 1
3 24 1
3 28 1
3 31 1
3 37 1
3 62 1
3 74 1
3 77 1
3 78 1
3 101 1
3 115 1
3 119 1
3 120 1
3 121 1
3 127 1
3 130 1
3 136 1
3 137 1
3 147 1
4 13 1
4 14 1
4 20 1
4 37 1
4 44 1
4 56 1
4 78 1
4 85 1
4 87 1
4 96 1
4 98 1
4 101 1
4 103 1
4 138 1
4 140 1
4 145 1
5 13 1
5 22 1
5 25 1
5 30 1
5 45 1
5 49 1
5 75 1
5 80 1
5 83 1
5 86 1
5 88 1
5 104 1
5 113 1
5 123 1
5 132 1
5 134 1
5 141 1
6 23 1
6 30 1
6 37 1
6 39 1
6 42 1
6 50 1
6 51 1
6 59 1
6 62 1
6 81 1
6 84 1
6 88 1
6 94 1
6 103 1
6 116 1
6 120 1
6 124 1
6 128 1
6 135 1
6 138 1
6 149 1
7 13 1
7 21 1
7 43 1
7 45 1
7 65 1
7 66 1
7 85 1
7 88 1
7 102 1
7 104 1
7 114 1
7 120 1
7 122 1
7 128 1
7 131 1
7 132 1
7 133 1
7 134 1
7 135 1
7 136 1
7 149 1
8 13 1
8 18 1
8 29 1
8 32 1
8 38 1
8 42 1
8 51 1
8 62 1
8 66 1
8 69 1
8 83 1
8 97 1
8 106 1
8 134 1
8 139 1
8 147 1
9 19 1
9 47 1
9 63 1
9 64 1
9 76 1
9 81 1
9 89 1
9 98 1
9 115 1
9 119 1
9 125 1
9 126 1
9 146 1
9 147 1
10 45 1
10 59 1
10 76 1
10 81 1
10 85 1
10 86 1
10 87 1
10 88 1
10 107 1
10 112 1
10 127 1
10 135 1
10 146 1
11 12 1
11 15 1
11 23 1
11 72 1
11 75 1
11 80 1
11 88 1
11 102 1
11 123 1
11 128 1
11 130 1
11 140 1
12 14 1
12 16 1
12 21 1
12 76 1
12 80 1
12 100 1
12 101 1
12 127 1
12 137 1
13 20 1
13 22 1
13 23 1
13 26 1
13 36 1
13 38 1
13 41 1
13 54 1
13 74 1
13 75 1
13 80 1
13 84 1
13 104 1
13 122 1
13 125 1
13 131 1
13 140 1
13 141 1
13 142 1
13 147 1
14 21 1
14 24 1
14 46 1
14 51 1
14 53 1
14 56 1
14 60 1
14 61 1
14 69 1
14 72 1
14 87 1
14 102 1
14 124 1
14 135 1
14 137 1
14 141 1
14 142 1
15 18 1
15 23 1
15 32 1
15 38 1
15 40 1
15 44 1
15 58 1
15 59 1
15 63 1
15 66 1
15 84 1
15 95 1
15 103 1
15 106 1
15 110 1
15 124 1
15 129 1
15 132 1
15 135 1
16 20 1
16 25 1
16 36 1
16 41 1
16 61 1
16 62 1
16 76 1
16 82 1
16 105 1
16 109 1
16 115 1
16 129 1
16 135 1
16 141 1
16 143 1
16 144 1
16 146 1
17 26 1
17 31 1
17 37 1
17 38 1
17 41 1
17 44 1
17 51 1
17 53 1
17 54 1
17 58 1
17 60 1
17 64 1
17 65 1
17 69 1
17 73 1
17 86 1
17 88 1
17 96 1
17 106 1
17 129 1
17 135 1
18 29 1
18 35 1
18 41 1
18 53 1
18 55 1
18 82 1
18 83 1
18 111 1
18 123 1
18 136 1
19 28 1
19 39 1
19 54 1
19 55 1
19 60 1
19 69 1
19 82 1
19 94 1
19 102 1
19 108 1
19 117 1
19 122 1
19 126 1
19 127 1
19 135 1
19 143 1
19 144 1
20 34 1
20 36 1
20 39 1
20 43 1
20 66 1
20 68 1
20 69 1
20 70 1
20 73 1
20 74 1
20 79 1
20 94 1
20 98 1
20 100 1
20 101 1
20 105 1
20 130 1
20 133 1
20 138 1
20 144 1
20 146 1
21 38 1
21 40 1
21 44 1
21 63 1
21 65 1
21 70 1
21 73 1
21 83 1
21 88 1
21 117 1
21 119 1
21 134 1
22 23 1
22 26 1
22 31 1
22 39 1
22 40 1
22 41 1
22 46 1
22 56 1
22 59 1
22 74 1
22 82 1
22 83 1
22 90 1
22 102 1
22 107 1
22 133 1
22 140 1
22 143 1
22 144 1
22 146 1
23 27 1
23 42 1
23 44 1
23 52 1
23 55 1
23 69 1
23 77 1
23 83 1
23 84 1
23 99 1
23 101 1
23 129 1
23 139 1
23 148 1
24 31 1
24 42 1
24 55 1
24 56 1
24 57 1
24 64 1
24 73 1
24 77 1
24 88 1
24 105 1
24 108 1
24 110 1
24 116 1
24 122 1
24 128 1
24 138 1
25 43 1
25 44 1
25 47 1
25 57 1
25 60 1
25 62 1
25 63 1
25 68 1
25 69 1
25 76 1
25 93 1
25 98 1
25 99 1
25 101 1
25 102 1
25 112 1
25 116 1
25 135 1
26 41 1
26 45 1
26 47 1
26 60 1
26 67 1
26 69 1
26 71 1
26 74 1
26 77 1
26 84 1
26 87 1
26 101 1
26 119 1
26 121 1
26 122 1
26 123 1
27 28 1
27 32 1
27 33 1
27 50 1
27 53 1
27 57 1
27 58 1
27 74 1
27 83 1
27 88 1
27 99 1
27 113 1
27 123 1
27 124 1
27 128 1
27 138 1
27 143 1
27 146 1
28 30 1
28 40 1
28 41 1
28 51 1
28 52 1
28 64 1
28 69 1
28 74 1
28 78 1
28 85 1
28 91 1
28 98 1
28 100 1
28 110 1
28 111 1
28 131 1
28 132 1
28 141 1
28 146 1
28 148 1
29 32 1
29 37 1
29 44 1
29 46 1
29 48 1
29 50 1
29 57 1
29 64 1
29 66 1
29 97 1
29 106 1
29 109 1
29 111 1
29 120 1
29 121 1
29 131 1
29 137 1
29 144 1
30 43 1
30 60 1
30 68 1
30 71 1
30 75 1
30 82 1
30 91 1
30 94 1
30 102 1
30 124 1
30 129 1
30 140 1
30 147 1
31 35 1
31 37 1
31 39 1
31 40 1
31 61 1
31 69 1
31 70 1
31 74 1
31 76 1
31 78 1
31 80 1
31 89 1
31 96 1
31 102 1
31 103 1
31 124 1
31 125 1
31 128 1
31 143 1
31 144 1
31 146 1
32 37 1
32 41 1
32 55 1
32 83 1
32 86 1
32 92 1
32 95 1
32 99 1
32 106 1
32 112 1
32 117 1
32 127 1
32 132 1
32 133 1
32 144 1
33 42 1
33 52 1
33 73 1
33 74 1
33 80 1
33 102 1
33 107 1
33 108 1
33 112 1
33 115 1
33 125 1
33 128 1
33 132 1
33 148 1
34 60 1
34 64 1
34 67 1
34 78 1
34 93 1
34 112 1
34 132 1
35 41 1
35 46 1
35 52 1
35 53 1
35 68 1
35 70 1
35 89 1
35 92 1
35 122 1
35 123 1
35 148 1
36 39 1
36 57 1
36 59 1
36 67 1
36 76 1
36 83 1
36 85 1
36 86 1
36 99 1
36 114 1
36 120 1
36 127 1
36 145 1
37 38 1
37 49 1
37 51 1
37 61 1
37 66 1
37 71 1
37 83 1
37 86 1
37 90 1
37 91 1
37 98 1
37 107 1
37 108 1
37 109 1
37 112 1
37 114 1
37 116 1
37 118 1
37 124 1
37 143 1
37 144 1
37 145 1
37 146 1
37 147 1
38 39 1
38 40 1
38 49 1
38 51 1
38 53 1
38 56 1
38 58 1
38 72 1
38 84 1
38 89 1
38 97 1
38 104 1
38 106 1
38 110 1
38 114 1
39 41 1
39 43 1
39 44 1
39 50 1
39 64 1
39 65 1
39 69 1
39 73 1
39 75 1
39 78 1
39 88 1
39 90 1
39 102 1
39 104 1
39 111 1
39 116 1
39 131 1
39 134 1
39 137 1
39 148 1
40 45 1
40 48 1
40 65 1
40 75 1
40 84 1
40 87 1
40 103 1
40 105 1
40 106 1
40 109 1
40 118 1
40 121 1
40 125 1
40 130 1
41 43 1
41 54 1
41 61 1
41 70 1
41 81 1
41 82 1
41 89 1
41 90 1
41 92 1
41 100 1
41 104 1
41 106 1
41 107 1
41 110 1
41 118 1
41 135 1
41 140 1
42 72 1
42 74 1
42 83 1
42 95 1
42 98 1
42 125 1
42 139 1
42 140 1
43 61 1
43 64 1
43 71 1
43 85 1
43 102 1
43 108 1
43 114 1
43 120 1
43 130 1
43 134 1
43 137 1
43 139 1
43 145 1
43 148 1
44 60 1
44 76 1
44 78 1
44 87 1
44 93 1
44 101 1
44 108 1
44 109 1
44 110 1
44 111 1
44 117 1
44 122 1
44 128 1
44 129 1
44 133 1
45 47 1
45 52 1
45 64 1
45 68 1
45 70 1
45 92 1
45 100 1
45 104 1
45 106 1
45 122 1
45 128 1
45 136 1
45 142 1
45 149 1
46 50 1
46 51 1
46 55 1
46 65 1
46 67 1
46 76 1
46 79 1
46 104 1
46 105 1
46 111 1
46 115 1
46 142 1
47 48 1
47 52 1
47 62 1
47 70 1
47 73 1
47 89 1
47 97 1
47 121 1
47 131 1
47 133 1
47 135 1
47 147 1
48 63 1
48 65 1
48 67 1
48 70 1
48 76 1
48 82 1
48 88 1
48 96 1
48 117 1
48 120 1
48 144 1
48 149 1
49 55 1
49 60 1
49 67 1
49 76 1
49 77 1
49 90 1
49 95 1
49 117 1
49 118 1
49 129 1
49 136 1
49 148 1
49 149 1
50 66 1
50 67 1
50 82 1
50 85 1
50 88 1
50 107 1
50 123 1
51 55 1
51 61 1
51 72 1
51 81 1
51 87 1
51 93 1
51 94 1
51 96 1
51 97 1
51 114 1
51 115 1
51 132 1
51 133 1
51 135 1
51 139 1
51 147 1
51 148 1
52 53 1
52 65 1
52 72 1
52 80 1
52 84 1
52 91 1
52 94 1
52 108 1
52 109 1
52 113 1
52 126 1
52 142 1
52 148 1
53 54 1
53 58 1
53 66 1
53 69 1
53 109 1
53 117 1
53 121 1
54 62 1
54 71 1
54 76 1
54 78 1
54 82 1
54 84 1
54 85 1
54 87 1
54 92 1
54 106 1
54 117 1
54 127 1
54 131 1
54 141 1
54 149 1
55 57 1
55 58 1
55 76 1
55 96 1
55 97 1
55 100 1
55 107 1
55 110 1
55 112 1
55 117 1
55 123 1
55 126 1
55 127 1
56 62 1
56 74 1
56 75 1
56 77 1
56 80 1
56 90 1
56 91 1
56 95 1
56 99 1
56 107 1
56 123 1
56 138 1
56 145 1
56 149 1
57 66 1
57 68 1
57 92 1
57 98 1
57 100 1
57 114 1
57 128 1
57 136 1
57 143 1
58 74 1
58 86 1
58 96 1
58 108 1
58 113 1
58 117 1
58 125 1
58 131 1
58 132 1
58 146 1
58 147 1
59 74 1
59 90 1
59 94 1
59 98 1
59 107 1
59 114 1
59 115 1
59 116 1
59 126 1
59 135 1
59 139 1
60 63 1
60 69 1
60 70 1
60 92 1
60 104 1
60 121 1
60 131 1
60 133 1
60 134 1
60 149 1
61 64 1
61 67 1
61 80 1
61 81 1
61 91 1
61 93 1
61 115 1
61 119 1
61 126 1
61 132 1
61 135 1
62 66 1
62 68 1
62 74 1
62 104 1
62 106 1
62 123 1
62 132 1
62 133 1
62 135 1
62 138 1
63 87 1
63 103 1
63 104 1
63 109 1
63 112 1
63 115 1
63 116 1
63 118 1
63 119 1
63 123 1
63 124 1
63 136 1
63 144 1
63 147 1
63 148 1
64 66 1
64 68 1
64 72 1
64 86 1
64 96 1
64 125 1
64 143 1
65 67 1
65 81 1
65 90 1
65 91 1
65 106 1
65 107 1
65 111 1
65 114 1
65 122 1
65 125 1
65 129 1
65 132 1
65 139 1
66 68 1
66 72 1
66 90 1
66 91 1
66 92 1
66 106 1
66 111 1
66 112 1
66 123 1
66 144 1
66 147 1
67 77 1
67 78 1
67 80 1
67 90 1
67 95 1
67 96 1
67 99 1
67 121 1
67 124 1
67 126 1
67 141 1
67 147 1
67 149 1
68 74 1
68 98 1
68 100 1
68 106 1
68 109 1
68 110 1
68 112 1
68 118 1
68 122 1
68 128 1
68 135 1
69 75 1
69 83 1
69 85 1
69 86 1
69 98 1
69 101 1
69 102 1
69 130 1
69 134 1
69 137 1
69 140 1
69 142 1
69 149 1
70 72 1
70 85 1
70 107 1
70 109 1
70 124 1
70 126 1
70 133 1
70 134 1
70 135 1
70 143 1
71 74 1
71 77 1
71 78 1
71 80 1
71 88 1
71 94 1
71 99 1
71 106 1
71 107 1
71 115 1
71 117 1
71 142 1
71 144 1
71 147 1
72 77 1
72 78 1
72 79 1
72 81 1
72 84 1
72 89 1
72 96 1
72 104 1
72 107 1
72 114 1
72 116 1
72 118 1
72 122 1
72 125 1
72 129 1
72 138 1
72 142 1
73 79 1
73 81 1
73 90 1
73 111 1
73 125 1
73 130 1
73 146 1
74 81 1
74 96 1
74 99 1
74 104 1
74 105 1
74 107 1
74 108 1
74 112 1
74 116 1
74 122 1
74 141 1
74 147 1
75 80 1
75 83 1
75 91 1
75 92 1
75 93 1
75 99 1
75 101 1
75 107 1
75 112 1
75 119 1
75 120 1
75 126 1
75 137 1
76 81 1
76 91 1
76 108 1
76 137 1
77 80 1
77 91 1
77 92 1
77 99 1
77 104 1
77 109 1
77 118 1
77 119 1
77 122 1
77 124 1
77 132 1
77 133 1
77 141 1
78 89 1
78 90 1
78 101 1
78 108 1
78 112 1
78 113 1
78 117 1
78 123 1
78 139 1
78 144 1
78 148 1
79 96 1
79 103 1
79 104 1
79 106 1
79 109 1
79 133 1
80 81 1
80 93 1
80 99 1
80 102 1
80 109 1
80 113 1
80 128 1
80 137 1
80 138 1
80 139 1
80 142 1
80 143 1
81 86 1
81 88 1
81 107 1
81 127 1
81 130 1
81 136 1
81 145 1
82 87 1
82 92 1
82 112 1
82 122 1
82 130 1
82 144 1
83 86 1
83 88 1
83 98 1
83 100 1
83 102 1
83 119 1
83 133 1
84 90 1
84 98 1
84 113 1
84 127 1
84 140 1
84 142 1
84 148 1
85 90 1
85 95 1
85 106 1
85 114 1
85 122 1
85 123 1
85 126 1
86 94 1
86 109 1
86 113 1
86 114 1
86 115 1
86 116 1
86 120 1
86 127 1
86 132 1
86 139 1
86 146 1
86 147 1
87 111 1
87 129 1
87 134 1
87 145 1
88 91 1
88 97 1
88 104 1
88 106 1
88 107 1
88 115 1
88 119 1
88 120 1
88 121 1
88 137 1
88 141 1
88 143 1
88 144 1
88 147 1
88 148 1
89 94 1
89 104 1
89 118 1
89 131 1
89 132 1
89 136 1
89 137 1
89 144 1
89 147 1
90 94 1
90 95 1
90 107 1
90 113 1
90 114 1
90 128 1
90 139 1
90 141 1
91 93 1
91 100 1
91 102 1
91 110 1
91 122 1
91 132 1
91 134 1
91 138 1
91 140 1
91 144 1
92 114 1
92 116 1
92 125 1
92 133 1
92 136 1
93 96 1
93 99 1
93 105 1
93 110 1
93 119 1
93 122 1
93 127 1
93 135 1
93 145 1
94 101 1
94 108 1
94 114 1
94 123 1
94 128 1
94 129 1
94 133 1
94 134 1
94 139 1
95 100 1
95 107 1
95 110 1
95 118 1
95 124 1
95 126 1
95 128 1
95 129 1
95 135 1
95 139 1
96 98 1
96 102 1
96 117 1
96 128 1
96 141 1
96 149 1
97 122 1
97 131 1
97 135 1
97 139 1
97 147 1
98 101 1
98 110 1
98 112 1
98 117 1
98 120 1
98 123 1
98 128 1
99 104 1
99 112 1
99 116 1
99 123 1
99 131 1
99 132 1
99 141 1
99 149 1
100 103 1
100 107 1
100 111 1
100 112 1
100 124 1
100 134 1
100 135 1
100 149 1
101 102 1
101 110 1
101 111 1
101 126 1
101 134 1
101 137 1
101 144 1
102 105 1
102 106 1
102 122 1
102 126 1
102 127 1
102 129 1
102 133 1
102 137 1
102 140 1
102 144 1
102 148 1
103 118 1
103 125 1
103 129 1
103 137 1
103 146 1
104 111 1
104 126 1
104 129 1
104 132 1
104 133 1
104 135 1
104 139 1
104 147 1
104 148 1
105 106 1
105 113 1
105 117 1
105 120 1
105 125 1
105 127 1
105 134 1
105 141 1
105 145 1
105 147 1
106 109 1
106 121 1
106 130 1
106 135 1
106 143 1
106 147 1
106 148 1
107 127 1
107 148 1
108 112 1
108 118 1
108 119 1
108 126 1
108 133 1
108 134 1
108 136 1
108 139 1
108 141 1
108 142 1
108 143 1
108 147 1
108 148 1
109 113 1
109 114 1
109 127 1
109 128 1
109 130 1
109 143 1
110 119 1
110 124 1
110 125 1
110 132 1
110 138 1
110 147 1
110 149 1
111 113 1
111 115 1
111 121 1
111 127 1
111 135 1
111 142 1
111 143 1
112 125 1
112 135 1
112 147 1
113 126 1
113 143 1
113 149 1
114 126 1
114 127 1
114 128 1
114 129 1
115 122 1
115 135 1
115 139 1
115 140 1
115 142 1
115 144 1
115 147 1
115 148 1
116 120 1
116 122 1
116 132 1
116 137 1
116 138 1
116 140 1
117 137 1
117 141 1
117 143 1
117 149 1
118 121 1
118 125 1
118 128 1
118 137 1
118 139 1
118 148 1
118 149 1
119 123 1
119 125 1
119 128 1
119 130 1
119 133 1
119 135 1
119 140 1
120 131 1
120 134 1
120 140 1
121 125 1
121 126 1
121 129 1
121 147 1
121 148 1
121 149 1
122 127 1
122 141 1
122 146 1
124 136 1
124 141 1
124 144 1
124 148 1
124 149 1
125 142 1
125 146 1
125 149 1
126 139 1
126 140 1
126 145 1
127 128 1
127 129 1
127 133 1
127 137 1
128 129 1
128 147 1
129 130 1
129 143 1
130 132 1
130 133 1
130 137 1
130 142 1
130 143 1
131 132 1
131 135 1
131 145 1
132 146 1
134 138 1
134 143 1
134 144 1
134 148 1
135 136 1
135 148 1
136 139 1
136 144 1
137 145 1
137 146 1
137 148 1
138 139 1
138 144 1
138 146 1
139 142 1
140 141 1
140 142 1
140 143 1
140 144 1
140 145 1
140 149 1
141 147 1
142 144 1
143 146 1
144 147 1
147 149 1
1
105 32 17 147 13 57 119 59 18 28 36 113 71 112 30
