984
0 8 1
0 10 1
0 12 1
0 16 1
0 21 1
0 29 1
0 31 1
0 41 1
0 47 1
0 48 1
0 51 1
0 52 1
0 53 1
0 64 1
0 66 1
0 69 1
0 76 1
0 78 1
0 81 1
0 82 1
0 84 1
0 92 1
0 96 1
1 2 1
1 4 1
1 15 1
1 19 1
1 23 1
1 28 1
1 32 1
1 37 1
1 40 1
1 53 1
1 61 1
1 79 1
1 82 1
1 83 1
1 89 1
1 90 1
1 92 1
2 5 1
2 11 1
2 23 1
2 30 1
2 38 1
2 40 1
2 43 1
2 44 1
2 45 1
2 51 1
2 54 1
2 65 1
2 72 1
2 79 1
2 83 1
2 84 1
2 96 1
2 98 1
2 99 1
2 108 1
3 7 1
3 13 1
3 22 1
3 34 1
3 35 1
3 53 1
3 73 1
3 76 1
3 77 1
3 83 1
3 84 1
4 5 1
4 7 1
4 8 1
4 11 1
4 20 1
4 23 1
4 24 1
4 30 1
4 34 1
4 44 1
4 47 1
4 49 1
4 58 1
4 59 1
4 72 1
4 74 1
4 77 1
4 79 1
4 88 1
4 93 1
4 94 1
4 95 1
4 97 1
4 109 1
5 7 1
5 9 1
5 12 1
5 17 1
5 22 1
5 23 1
5 27 1
5 28 1
5 29 1
5 48 1
5 49 1
5 62 1
5 65 1
5 68 1
5 79 1
5 86 1
5 90 1
5 100 1
5 101 1
5 107 1
6 9 1
6 23 1
6 27 1
6 31 1
6 37 1
6 41 1
6 50 1
6 74 1
6 90 1
7 14 1
7 15 1
7 18 1
7 25 1
7 43 1
7 52 1
7 59 1
7 62 1
7 64 1
7 65 1
7 75 1
7 76 1
7 77 1
7 79 1
7 82 1
7 96 1
7 108 1
8 17 1
8 32 1
8 48 1
8 59 1
8 72 1
8 84 1
8 92 1
8 93 1
8 99 1
8 102 1
8 105 1
9 19 1
9 24 1
9 28 1
9 30 1
9 35 1
9 39 1
9 44 1
9 45 1
9 49 1
9 51 1
9 54 1
9 56 1
9 57 1
9 74 1
9 75 1
9 78 1
9 83 1
9 84 1
9 95 1
9 98 1
9 105 1
9 109 1
10 11 1
10 20 1
10 22 1
10 24 1
10 26 1
10 36 1
10 53 1
10 57 1
10 71 1
10 80 1
10 81 1
10 84 1
10 85 1
10 88 1
10 95 1
10 98 1
10 101 1
10 102 1
10 105 1
10 106 1
11 21 1
11 23 1
11 42 1
11 43 1
11 44 1
11 46 1
11 61 1
11 64 1
11 65 1
11 66 1
11 86 1
11 87 1
11 96 1
11 99 1
12 15 1
12 17 1
12 22 1
12 30 1
12 34 1
12 45 1
12 65 1
12 67 1
12 70 1
12 72 1
12 79 1
12 86 1
12 87 1
12 89 1
12 90 1
12 91 1
12 109 1
13 17 1
13 18 1
13 33 1
13 38 1
13 43 1
13 47 1
13 52 1
13 54 1
13 64 1
13 83 1
13 93 1
13 94 1
13 101 1
14 20 1
14 51 1
14 60 1
14 62 1
14 63 1
14 73 1
14 82 1
14 85 1
14 106 1
15 43 1
15 46 1
15 56 1
15 67 1
15 73 1
15 75 1
15 79 1
15 90 1
15 94 1
15 95 1
15 100 1
15 103 1
15 105 1
16 17 1
16 21 1
16 42 1
16 47 1
16 54 1
16 59 1
16 66 1
16 67 1
16 82 1
16 83 1
16 88 1
16 95 1
17 19 1
17 21 1
17 27 1
17 28 1
17 38 1
17 39 1
17 44 1
17 56 1
17 69 1
17 76 1
17 94 1
17 96 1
17 100 1
17 103 1
18 22 1
18 26 1
18 29 1
18 31 1
18 50 1
18 59 1
18 70 1
18 76 1
18 84 1
18 96 1
18 105 1
18 107 1
19 22 1
19 26 1
19 28 1
19 37 1
19 45 1
19 47 1
19 48 1
19 52 1
19 69 1
19 70 1
19 71 1
19 72 1
19 73 1
19 77 1
19 78 1
19 80 1
19 86 1
19 95 1
19 96 1
19 98 1
19 102 1
19 107 1
19 108 1
20 26 1
20 32 1
20 33 1
20 40 1
20 41 1
20 44 1
20 49 1
20 51 1
20 53 1
20 62 1
20 66 1
20 70 1
20 89 1
20 90 1
20 98 1
20 100 1
20 101 1
21 39 1
21 45 1
21 46 1
21 47 1
21 62 1
21 67 1
21 75 1
21 77 1
21 81 1
21 83 1
21 87 1
21 92 1
21 93 1
21 106 1
22 24 1
22 30 1
22 36 1
22 41 1
22 56 1
22 57 1
22 61 1
22 63 1
22 66 1
22 71 1
22 73 1
22 76 1
22 94 1
22 100 1
23 24 1
23 31 1
23 44 1
23 51 1
23 54 1
23 61 1
23 63 1
23 72 1
23 78 1
23 93 1
23 97 1
23 101 1
23 102 1
23 104 1
23 106 1
24 34 1
24 37 1
24 41 1
24 43 1
24 48 1
24 59 1
24 66 1
24 69 1
24 73 1
24 77 1
24 84 1
24 94 1
24 102 1
24 106 1
25 26 1
25 29 1
25 33 1
25 45 1
25 64 1
25 68 1
25 78 1
25 86 1
25 87 1
25 92 1
25 101 1
25 105 1
26 32 1
26 45 1
26 49 1
26 50 1
26 57 1
26 58 1
26 61 1
26 63 1
26 65 1
26 67 1
26 72 1
26 100 1
26 105 1
27 35 1
27 38 1
27 40 1
27 44 1
27 47 1
27 53 1
27 81 1
27 96 1
27 102 1
27 103 1
27 104 1
27 109 1
28 29 1
28 35 1
28 36 1
28 42 1
28 45 1
28 50 1
28 52 1
28 71 1
28 73 1
28 80 1
28 102 1
29 38 1
29 40 1
29 48 1
29 54 1
29 61 1
29 64 1
29 66 1
29 71 1
29 72 1
29 73 1
29 75 1
29 77 1
29 78 1
29 79 1
29 81 1
29 90 1
29 92 1
29 97 1
29 99 1
29 104 1
29 108 1
29 109 1
30 31 1
30 32 1
30 63 1
30 71 1
30 74 1
30 78 1
30 92 1
30 100 1
31 42 1
31 48 1
31 49 1
31 58 1
31 63 1
31 70 1
31 76 1
31 87 1
31 92 1
31 96 1
31 101 1
32 44 1
32 51 1
32 56 1
32 58 1
32 68 1
32 76 1
32 77 1
32 78 1
32 91 1
32 107 1
33 36 1
33 49 1
33 58 1
33 59 1
33 91 1
33 94 1
33 105 1
33 106 1
33 109 1
34 38 1
34 41 1
34 44 1
34 47 1
34 63 1
34 67 1
34 72 1
34 75 1
34 78 1
34 80 1
34 82 1
34 89 1
34 90 1
34 93 1
34 96 1
34 97 1
35 50 1
35 54 1
35 57 1
35 62 1
35 64 1
35 66 1
35 69 1
35 74 1
35 75 1
35 81 1
35 86 1
35 87 1
35 94 1
35 98 1
35 107 1
36 39 1
36 45 1
36 48 1
36 52 1
36 58 1
36 63 1
36 65 1
36 71 1
36 74 1
36 91 1
36 95 1
36 102 1
37 64 1
37 67 1
37 82 1
37 84 1
37 89 1
37 93 1
37 96 1
37 100 1
37 109 1
38 39 1
38 41 1
38 43 1
38 47 1
38 60 1
38 68 1
38 75 1
38 78 1
38 86 1
38 92 1
38 103 1
38 106 1
38 109 1
39 42 1
39 43 1
39 45 1
39 50 1
39 53 1
39 62 1
39 69 1
39 73 1
39 75 1
39 76 1
39 77 1
39 96 1
39 102 1
40 41 1
40 54 1
40 58 1
40 70 1
40 73 1
40 87 1
40 93 1
40 95 1
40 98 1
40 100 1
41 45 1
41 51 1
41 52 1
41 54 1
41 55 1
41 57 1
41 61 1
41 62 1
41 71 1
41 72 1
41 73 1
41 76 1
41 91 1
41 100 1
41 103 1
42 50 1
42 52 1
42 58 1
42 66 1
42 67 1
42 69 1
42 78 1
42 80 1
42 85 1
42 87 1
42 93 1
42 95 1
42 98 1
43 53 1
43 60 1
43 67 1
43 77 1
43 83 1
43 92 1
43 108 1
44 46 1
44 52 1
44 56 1
44 65 1
44 66 1
44 70 1
44 81 1
44 95 1
44 97 1
45 50 1
45 58 1
45 68 1
45 71 1
45 75 1
45 78 1
45 79 1
45 82 1
45 88 1
45 93 1
45 95 1
45 97 1
45 104 1
46 49 1
46 56 1
46 59 1
46 71 1
46 80 1
46 86 1
46 102 1
47 48 1
47 54 1
47 58 1
47 80 1
47 89 1
47 100 1
47 103 1
47 104 1
47 107 1
48 51 1
48 57 1
48 65 1
48 67 1
48 80 1
48 87 1
48 88 1
48 89 1
48 104 1
48 106 1
49 52 1
49 55 1
49 56 1
49 57 1
49 59 1
49 62 1
49 69 1
49 75 1
49 79 1
49 105 1
49 106 1
50 53 1
50 59 1
50 70 1
50 71 1
50 74 1
50 84 1
50 104 1
51 54 1
51 55 1
51 93 1
51 97 1
51 103 1
51 109 1
52 53 1
52 60 1
52 67 1
52 68 1
52 70 1
52 79 1
52 82 1
52 88 1
52 106 1
52 109 1
53 64 1
53 65 1
53 74 1
53 97 1
53 98 1
54 56 1
54 60 1
54 64 1
54 70 1
54 89 1
54 96 1
54 97 1
54 103 1
55 57 1
55 59 1
55 63 1
55 87 1
55 90 1
55 94 1
55 104 1
55 108 1
56 57 1
56 65 1
56 71 1
56 73 1
56 80 1
56 85 1
56 90 1
57 62 1
57 69 1
57 72 1
57 78 1
57 80 1
57 84 1
57 85 1
57 92 1
57 98 1
57 102 1
58 59 1
58 62 1
58 70 1
58 76 1
58 94 1
58 95 1
58 102 1
58 104 1
59 73 1
59 80 1
59 83 1
59 85 1
59 94 1
59 99 1
59 106 1
59 109 1
60 62 1
60 63 1
60 70 1
60 74 1
60 81 1
60 83 1
60 93 1
60 95 1
60 103 1
60 107 1
61 65 1
61 71 1
61 74 1
61 79 1
61 88 1
61 90 1
61 91 1
61 92 1
61 94 1
61 97 1
61 102 1
61 106 1
62 64 1
62 66 1
62 68 1
62 70 1
62 73 1
62 83 1
62 96 1
62 103 1
63 69 1
63 74 1
63 82 1
63 84 1
64 73 1
64 76 1
64 77 1
64 90 1
64 92 1
64 94 1
64 95 1
64 96 1
64 102 1
64 108 1
65 72 1
65 73 1
65 75 1
65 86 1
65 89 1
65 96 1
65 102 1
66 70 1
66 85 1
66 90 1
66 94 1
66 96 1
67 68 1
67 69 1
67 70 1
67 71 1
67 82 1
67 91 1
67 97 1
68 70 1
68 75 1
68 76 1
68 81 1
68 82 1
68 86 1
68 99 1
68 104 1
69 70 1
69 76 1
69 84 1
69 92 1
69 93 1
69 96 1
69 98 1
69 100 1
69 104 1
70 71 1
70 72 1
70 75 1
70 77 1
70 87 1
70 88 1
70 105 1
71 75 1
71 80 1
71 82 1
71 83 1
71 89 1
71 95 1
71 98 1
71 101 1
71 106 1
71 108 1
71 109 1
72 73 1
72 77 1
72 81 1
72 82 1
72 91 1
72 94 1
72 95 1
72 96 1
72 97 1
73 76 1
73 91 1
73 94 1
73 99 1
73 102 1
73 105 1
73 108 1
74 78 1
74 88 1
74 99 1
75 78 1
75 82 1
75 86 1
75 93 1
75 94 1
75 102 1
75 104 1
75 106 1
76 78 1
76 98 1
76 108 1
76 109 1
77 78 1
77 87 1
77 90 1
77 95 1
77 98 1
77 107 1
78 79 1
78 80 1
78 82 1
78 92 1
78 104 1
79 85 1
79 96 1
79 101 1
79 103 1
79 104 1
80 81 1
80 83 1
80 101 1
80 104 1
80 106 1
80 107 1
81 84 1
81 100 1
81 108 1
82 85 1
82 99 1
82 102 1
82 105 1
82 106 1
82 107 1
82 108 1
82 109 1
83 90 1
83 96 1
83 101 1
83 104 1
83 105 1
83 109 1
84 94 1
84 95 1
85 90 1
85 93 1
85 108 1
86 91 1
86 93 1
86 95 1
86 96 1
86 98 1
86 108 1
87 89 1
87 91 1
87 108 1
88 90 1
88 91 1
88 94 1
88 101 1
88 105 1
89 90 1
89 104 1
89 108 1
90 103 1
90 108 1
91 93 1
91 94 1
91 96 1
91 99 1
91 101 1
91 103 1
92 94 1
92 100 1
93 95 1
93 103 1
94 99 1
94 103 1
95 101 1
95 105 1
96 99 1
96 103 1
96 104 1
96 105 1
97 98 1
97 100 1
97 104 1
98 107 1
98 109 1
99 107 1
100 105 1
101 102 1
103 109 1
104 107 1
104 109 1
107 109 1
1
37 102 65 80 72 5 70 106 41 12 60
