1282
0 8 1
0 18 1
0 23 1
0 27 1
0 31 1
0 33 1
0 35 1
0 36 1
0 44 1
0 50 1
0 52 1
0 53 1
0 68 1
0 70 1
0 76 1
0 81 1
0 87 1
0 92 1
0 93 1
0 100 1
0 105 1
0 107 1
0 119 1
0 122 1
0 124 1
1 6 1
1 18 1
1 20 1
1 33 1
1 40 1
1 43 1
1 44 1
1 55 1
1 58 1
1 59 1
1 64 1
1 65 1
1 84 1
1 85 1
1 99 1
1 100 1
1 102 1
1 107 1
1 108 1
1 109 1
1 114 1
1 117 1
1 126 1
2 4 1
2 8 1
2 13 1
2 14 1
2 18 1
2 22 1
2 28 1
2 33 1
2 36 1
2 54 1
2 55 1
2 58 1
2 73 1
2 74 1
2 82 1
2 85 1
2 96 1
2 104 1
2 122 1
2 125 1
3 5 1
3 11 1
3 26 1
3 30 1
3 34 1
3 66 1
3 72 1
3 76 1
3 77 1
3 90 1
3 91 1
3 93 1
3 94 1
3 102 1
3 105 1
3 116 1
3 127 1
4 5 1
4 11 1
4 14 1
4 17 1
4 19 1
4 28 1
4 29 1
4 30 1
4 55 1
4 59 1
4 61 1
4 66 1
4 72 1
4 87 1
4 89 1
4 91 1
4 97 1
4 100 1
4 103 1
4 119 1
4 127 1
5 6 1
5 7 1
5 12 1
5 16 1
5 20 1
5 30 1
5 40 1
5 62 1
5 67 1
5 77 1
5 78 1
5 88 1
5 93 1
5 96 1
5 103 1
5 112 1
5 113 1
5 122 1
6 7 1
6 18 1
6 24 1
6 26 1
6 28 1
6 29 1
6 37 1
6 52 1
6 53 1
6 77 1
6 82 1
6 85 1
6 86 1
6 108 1
6 124 1
6 129 1
7 13 1
7 15 1
7 17 1
7 32 1
7 46 1
7 62 1
7 63 1
7 71 1
7 105 1
7 118 1
7 122 1
7 126 1
8 10 1
8 14 1
8 16 1
8 21 1
8 37 1
8 50 1
8 57 1
8 69 1
8 76 1
8 81 1
8 83 1
8 85 1
8 87 1
8 89 1
8 90 1
8 99 1
8 108 1
8 125 1
8 126 1
8 127 1
8 128 1
9 10 1
9 12 1
9 13 1
9 21 1
9 22 1
9 33 1
9 37 1
9 43 1
9 46 1
9 57 1
9 62 1
9 64 1
9 67 1
9 73 1
9 79 1
9 83 1
9 89 1
9 91 1
9 101 1
9 102 1
9 104 1
9 119 1
9 128 1
10 12 1
10 13 1
10 16 1
10 18 1
10 27 1
10 35 1
10 36 1
10 38 1
10 39 1
10 47 1
10 53 1
10 60 1
10 61 1
10 68 1
10 74 1
10 76 1
10 79 1
10 84 1
10 104 1
10 105 1
10 111 1
10 115 1
10 125 1
10 127 1
10 128 1
11 15 1
11 21 1
11 24 1
11 27 1
11 28 1
11 30 1
11 31 1
11 32 1
11 33 1
11 36 1
11 47 1
11 56 1
11 57 1
11 58 1
11 67 1
11 74 1
11 76 1
11 85 1
11 102 1
11 112 1
11 117 1
11 127 1
11 128 1
12 14 1
12 22 1
12 31 1
12 38 1
12 44 1
12 46 1
12 54 1
12 59 1
12 64 1
12 68 1
12 70 1
12 73 1
12 77 1
12 81 1
12 90 1
12 98 1
12 99 1
12 106 1
12 111 1
12 113 1
12 115 1
12 127 1
12 128 1
12 129 1
13 16 1
13 27 1
13 34 1
13 37 1
13 38 1
13 47 1
13 62 1
13 69 1
13 75 1
13 83 1
13 89 1
13 93 1
13 95 1
13 102 1
13 109 1
13 113 1
13 125 1
13 129 1
14 20 1
14 24 1
14 39 1
14 47 1
14 49 1
14 62 1
14 65 1
14 67 1
14 78 1
14 93 1
14 97 1
14 103 1
14 105 1
14 112 1
14 114 1
14 120 1
15 20 1
15 23 1
15 27 1
15 31 1
15 45 1
15 48 1
15 51 1
15 52 1
15 59 1
15 60 1
15 76 1
15 77 1
15 82 1
15 90 1
15 99 1
15 101 1
15 107 1
15 109 1
15 111 1
15 116 1
15 122 1
15 124 1
15 128 1
16 24 1
16 25 1
16 35 1
16 36 1
16 40 1
16 58 1
16 63 1
16 65 1
16 68 1
16 75 1
16 84 1
16 88 1
16 92 1
16 96 1
16 102 1
16 104 1
16 105 1
16 116 1
16 121 1
16 125 1
16 129 1
17 24 1
17 26 1
17 31 1
17 36 1
17 38 1
17 40 1
17 43 1
17 50 1
17 55 1
17 67 1
17 89 1
17 91 1
17 93 1
17 96 1
18 27 1
18 31 1
18 35 1
18 44 1
18 54 1
18 69 1
18 91 1
18 99 1
18 100 1
18 105 1
18 111 1
18 115 1
18 119 1
18 123 1
18 125 1
19 40 1
19 42 1
19 45 1
19 54 1
19 63 1
19 71 1
19 80 1
19 86 1
19 87 1
19 94 1
19 98 1
19 109 1
19 110 1
20 25 1
20 27 1
20 33 1
20 36 1
20 39 1
20 42 1
20 49 1
20 54 1
20 60 1
20 69 1
20 72 1
20 83 1
20 94 1
20 101 1
20 102 1
20 103 1
20 113 1
20 122 1
20 123 1
20 128 1
21 23 1
21 28 1
21 29 1
21 30 1
21 80 1
21 81 1
21 90 1
21 94 1
21 97 1
21 105 1
21 108 1
21 111 1
22 25 1
22 26 1
22 32 1
22 33 1
22 38 1
22 47 1
22 49 1
22 50 1
22 63 1
22 67 1
22 68 1
22 73 1
22 77 1
22 82 1
22 101 1
22 114 1
22 115 1
23 30 1
23 41 1
23 43 1
23 49 1
23 53 1
23 60 1
23 69 1
23 74 1
23 84 1
23 86 1
23 87 1
23 93 1
23 95 1
23 97 1
23 98 1
23 103 1
23 104 1
23 113 1
24 30 1
24 37 1
24 38 1
24 39 1
24 42 1
24 48 1
24 54 1
24 60 1
24 67 1
24 68 1
24 71 1
24 77 1
24 89 1
24 101 1
24 108 1
24 111 1
25 31 1
25 34 1
25 35 1
25 47 1
25 54 1
25 57 1
25 58 1
25 59 1
25 61 1
25 65 1
25 68 1
25 77 1
25 78 1
25 79 1
25 91 1
25 97 1
25 100 1
25 101 1
25 108 1
25 111 1
25 121 1
25 126 1
26 34 1
26 49 1
26 60 1
26 61 1
26 64 1
26 66 1
26 78 1
26 96 1
26 112 1
26 125 1
26 129 1
27 30 1
27 32 1
27 45 1
27 50 1
27 52 1
27 65 1
27 72 1
27 84 1
27 88 1
27 93 1
27 99 1
28 45 1
28 49 1
28 52 1
28 69 1
28 76 1
28 89 1
28 97 1
28 119 1
29 36 1
29 42 1
29 43 1
29 44 1
29 45 1
29 49 1
29 75 1
29 82 1
29 95 1
29 99 1
29 100 1
29 102 1
29 104 1
29 120 1
29 129 1
30 34 1
30 38 1
30 53 1
30 71 1
30 82 1
30 92 1
30 99 1
30 102 1
30 109 1
30 112 1
30 121 1
30 124 1
30 125 1
30 126 1
31 37 1
31 41 1
31 49 1
31 59 1
31 60 1
31 66 1
31 71 1
31 76 1
31 80 1
31 93 1
31 101 1
31 118 1
31 123 1
31 124 1
31 129 1
32 33 1
32 46 1
32 48 1
32 60 1
32 61 1
32 72 1
32 76 1
32 78 1
32 90 1
32 93 1
32 101 1
32 109 1
32 114 1
32 116 1
32 127 1
33 34 1
33 44 1
33 45 1
33 53 1
33 59 1
33 65 1
33 71 1
33 73 1
33 76 1
33 79 1
33 80 1
33 85 1
33 87 1
33 92 1
33 104 1
33 116 1
33 126 1
33 128 1
34 41 1
34 44 1
34 50 1
34 72 1
34 77 1
34 83 1
34 84 1
34 111 1
34 113 1
34 115 1
34 120 1
34 125 1
35 46 1
35 47 1
35 48 1
35 59 1
35 68 1
35 85 1
35 98 1
35 101 1
35 113 1
35 114 1
35 118 1
35 126 1
36 38 1
36 47 1
36 50 1
36 61 1
36 69 1
36 73 1
36 74 1
36 77 1
36 81 1
36 84 1
36 86 1
36 87 1
36 89 1
36 111 1
36 121 1
36 122 1
36 123 1
36 129 1
37 43 1
37 44 1
37 54 1
37 56 1
37 69 1
37 84 1
37 90 1
37 98 1
37 99 1
37 120 1
37 121 1
38 60 1
38 78 1
38 79 1
38 91 1
38 96 1
38 107 1
38 113 1
38 120 1
38 123 1
38 125 1
38 129 1
39 51 1
39 63 1
39 64 1
39 76 1
39 77 1
39 81 1
39 83 1
39 85 1
39 86 1
39 95 1
39 97 1
39 100 1
39 104 1
39 115 1
39 118 1
39 119 1
39 123 1
39 129 1
40 41 1
40 58 1
40 60 1
40 79 1
40 82 1
40 89 1
40 92 1
40 95 1
40 99 1
40 100 1
40 108 1
40 110 1
40 116 1
40 127 1
40 129 1
41 45 1
41 51 1
41 52 1
41 63 1
41 84 1
41 87 1
41 99 1
41 103 1
41 114 1
41 117 1
41 118 1
42 49 1
42 55 1
42 58 1
42 60 1
42 65 1
42 66 1
42 68 1
42 79 1
42 82 1
42 86 1
42 95 1
42 107 1
42 108 1
42 115 1
42 118 1
42 124 1
42 127 1
43 49 1
43 50 1
43 60 1
43 68 1
43 70 1
43 73 1
43 74 1
43 81 1
43 99 1
43 101 1
43 105 1
43 107 1
43 110 1
43 111 1
43 112 1
43 116 1
43 121 1
44 47 1
44 53 1
44 56 1
44 81 1
44 96 1
44 101 1
44 104 1
44 109 1
44 127 1
44 129 1
45 47 1
45 65 1
45 67 1
45 69 1
45 73 1
45 75 1
45 77 1
45 78 1
45 95 1
45 102 1
45 110 1
45 113 1
45 115 1
45 116 1
45 117 1
45 120 1
45 121 1
45 125 1
46 51 1
46 68 1
46 85 1
46 89 1
46 92 1
46 95 1
46 103 1
46 104 1
46 106 1
46 121 1
47 48 1
47 53 1
47 58 1
47 87 1
47 91 1
47 96 1
48 65 1
48 66 1
48 69 1
48 88 1
48 95 1
48 97 1
48 98 1
48 101 1
48 103 1
48 108 1
48 113 1
48 119 1
49 60 1
49 61 1
49 62 1
49 66 1
49 78 1
49 81 1
49 87 1
49 99 1
49 104 1
49 109 1
49 110 1
49 111 1
49 112 1
49 129 1
50 51 1
50 57 1
50 78 1
50 93 1
50 96 1
50 117 1
50 121 1
51 64 1
51 66 1
51 71 1
51 80 1
51 81 1
51 85 1
51 103 1
51 109 1
51 115 1
51 116 1
51 121 1
52 54 1
52 67 1
52 69 1
52 73 1
52 82 1
52 95 1
52 105 1
52 109 1
52 115 1
52 119 1
52 122 1
52 126 1
53 56 1
53 66 1
53 83 1
53 84 1
53 86 1
53 95 1
53 98 1
53 113 1
53 121 1
53 129 1
54 56 1
54 64 1
54 65 1
54 68 1
54 81 1
54 83 1
54 85 1
54 89 1
54 95 1
54 98 1
54 100 1
54 110 1
54 116 1
54 127 1
55 74 1
55 87 1
55 92 1
55 100 1
55 106 1
55 108 1
55 111 1
55 112 1
55 115 1
55 118 1
55 120 1
56 58 1
56 61 1
56 68 1
56 74 1
56 83 1
56 95 1
56 102 1
56 105 1
56 116 1
56 119 1
57 61 1
57 73 1
57 86 1
57 91 1
57 94 1
57 101 1
57 102 1
57 111 1
57 115 1
57 116 1
57 120 1
57 125 1
57 127 1
58 88 1
58 90 1
58 99 1
58 101 1
58 111 1
58 112 1
58 116 1
58 119 1
58 120 1
58 122 1
58 124 1
58 127 1
58 128 1
59 61 1
59 63 1
59 69 1
59 70 1
59 76 1
59 83 1
59 85 1
59 89 1
59 94 1
59 103 1
59 104 1
59 110 1
59 120 1
59 123 1
60 64 1
60 65 1
60 69 1
60 72 1
60 75 1
60 78 1
60 85 1
60 100 1
60 107 1
60 112 1
61 64 1
61 89 1
61 97 1
61 110 1
61 112 1
62 64 1
62 75 1
62 76 1
62 86 1
62 95 1
62 116 1
62 118 1
62 123 1
63 66 1
63 67 1
63 69 1
63 74 1
63 83 1
63 87 1
63 102 1
63 104 1
63 115 1
63 117 1
63 118 1
63 128 1
63 129 1
64 66 1
64 99 1
64 100 1
64 103 1
64 107 1
64 114 1
64 120 1
65 67 1
65 75 1
65 85 1
65 89 1
65 102 1
65 108 1
65 112 1
65 117 1
65 123 1
65 127 1
66 84 1
66 91 1
66 96 1
66 99 1
66 103 1
66 109 1
66 129 1
67 79 1
67 86 1
67 93 1
67 101 1
67 119 1
67 121 1
67 125 1
68 78 1
68 81 1
68 86 1
68 87 1
68 89 1
68 111 1
68 125 1
69 79 1
69 90 1
69 102 1
69 116 1
69 120 1
69 123 1
69 124 1
70 76 1
70 82 1
70 93 1
70 99 1
70 112 1
70 124 1
70 127 1
71 73 1
71 77 1
71 92 1
71 95 1
71 98 1
71 108 1
71 109 1
71 115 1
71 118 1
72 84 1
72 87 1
72 94 1
72 95 1
72 104 1
72 105 1
72 112 1
72 114 1
72 125 1
73 76 1
73 77 1
73 78 1
73 79 1
73 95 1
73 98 1
73 105 1
73 106 1
73 119 1
73 121 1
73 126 1
74 78 1
74 88 1
74 89 1
74 91 1
74 96 1
74 102 1
74 108 1
74 112 1
74 113 1
74 114 1
74 116 1
74 127 1
75 77 1
75 93 1
75 116 1
75 119 1
75 125 1
75 126 1
75 129 1
76 81 1
76 93 1
76 96 1
76 98 1
76 108 1
76 114 1
76 119 1
76 120 1
76 125 1
77 86 1
77 92 1
77 97 1
77 101 1
77 110 1
77 114 1
77 116 1
77 117 1
77 122 1
77 125 1
77 127 1
78 100 1
79 86 1
79 89 1
79 93 1
79 109 1
79 113 1
79 114 1
79 124 1
79 128 1
80 86 1
80 87 1
80 89 1
80 98 1
80 118 1
80 124 1
80 129 1
81 86 1
81 87 1
81 90 1
81 94 1
81 95 1
81 99 1
81 104 1
81 108 1
81 112 1
81 113 1
81 123 1
81 128 1
81 129 1
82 83 1
82 101 1
82 111 1
82 123 1
82 128 1
83 87 1
83 91 1
83 104 1
83 108 1
83 109 1
83 114 1
83 116 1
83 120 1
84 88 1
84 92 1
84 96 1
84 98 1
84 117 1
84 118 1
84 120 1
84 123 1
84 124 1
84 127 1
85 97 1
85 115 1
85 129 1
86 87 1
86 88 1
86 100 1
86 105 1
86 111 1
86 114 1
86 126 1
86 127 1
87 99 1
87 102 1
87 107 1
87 114 1
87 120 1
87 122 1
87 123 1
88 89 1
88 90 1
88 93 1
88 95 1
88 117 1
88 122 1
88 124 1
89 92 1
89 94 1
89 98 1
89 99 1
89 103 1
89 105 1
89 123 1
89 124 1
90 95 1
90 104 1
90 107 1
90 111 1
90 114 1
90 124 1
90 129 1
91 110 1
91 111 1
91 125 1
92 95 1
92 107 1
92 111 1
92 113 1
92 116 1
92 118 1
92 119 1
92 129 1
93 94 1
93 95 1
93 103 1
93 113 1
93 117 1
93 124 1
94 96 1
94 99 1
94 100 1
94 105 1
94 111 1
94 120 1
94 123 1
94 124 1
94 128 1
94 129 1
95 111 1
95 119 1
95 123 1
95 128 1
96 106 1
96 109 1
96 114 1
96 115 1
96 121 1
96 129 1
97 105 1
97 108 1
97 110 1
97 113 1
97 124 1
97 126 1
98 101 1
98 104 1
98 106 1
98 116 1
98 119 1
98 123 1
98 128 1
99 104 1
99 106 1
99 111 1
99 120 1
99 123 1
100 104 1
100 108 1
100 119 1
101 108 1
101 117 1
101 125 1
102 113 1
102 115 1
102 121 1
102 124 1
102 126 1
102 129 1
103 109 1
103 110 1
103 117 1
103 120 1
103 124 1
105 108 1
105 116 1
105 118 1
105 125 1
106 109 1
106 111 1
107 110 1
107 112 1
107 113 1
107 124 1
108 114 1
108 127 1
108 128 1
109 110 1
109 118 1
109 121 1
110 122 1
111 112 1
111 121 1
112 121 1
112 123 1
113 119 1
113 127 1
116 117 1
116 121 1
116 125 1
116 129 1
117 118 1
117 120 1
118 127 1
119 127 1
121 125 1
125 129 1
126 128 1
127 129 1
1
39 76 119 52 120 48 104 75 78 126 46 16 102
