584
0 4 1
0 5 1
0 14 1
0 24 1
0 26 1
0 31 1
0 36 1
0 38 1
0 41 1
0 48 1
0 49 1
0 51 1
0 54 1
0 60 1
0 66 1
1 6 1
1 12 1
1 22 1
1 23 1
1 26 1
1 40 1
1 42 1
1 45 1
1 47 1
1 49 1
1 53 1
1 60 1
1 63 1
1 64 1
2 7 1
2 11 1
2 20 1
2 22 1
2 30 1
2 32 1
2 37 1
2 38 1
2 40 1
2 41 1
2 44 1
2 46 1
2 50 1
2 57 1
2 61 1
2 66 1
2 68 1
3 9 1
3 11 1
3 20 1
3 22 1
3 28 1
3 29 1
3 30 1
3 32 1
3 33 1
3 37 1
3 39 1
3 44 1
3 45 1
3 46 1
3 50 1
3 52 1
3 53 1
3 54 1
3 67 1
4 7 1
4 9 1
4 14 1
4 20 1
4 22 1
4 23 1
4 27 1
4 28 1
4 30 1
4 46 1
4 50 1
4 58 1
4 66 1
4 67 1
4 69 1
5 13 1
5 20 1
5 26 1
5 35 1
5 37 1
5 39 1
5 41 1
5 44 1
5 51 1
5 53 1
5 56 1
5 58 1
6 8 1
6 10 1
6 14 1
6 15 1
6 16 1
6 18 1
6 19 1
6 30 1
6 33 1
6 35 1
6 36 1
6 40 1
6 44 1
6 45 1
6 46 1
6 47 1
6 52 1
6 57 1
6 63 1
6 69 1
7 13 1
7 19 1
7 25 1
7 26 1
7 29 1
7 31 1
7 37 1
7 39 1
7 44 1
7 47 1
7 51 1
7 53 1
7 56 1
7 64 1
8 14 1
8 16 1
8 17 1
8 19 1
8 20 1
8 30 1
8 36 1
8 37 1
8 39 1
8 44 1
8 48 1
8 51 1
8 54 1
8 58 1
8 63 1
9 10 1
9 15 1
9 20 1
9 24 1
9 28 1
9 30 1
9 36 1
9 39 1
9 49 1
9 52 1
9 55 1
9 56 1
9 64 1
9 66 1
9 67 1
9 69 1
10 16 1
10 17 1
10 26 1
10 28 1
10 29 1
10 34 1
10 35 1
10 41 1
10 53 1
10 54 1
10 61 1
10 65 1
11 21 1
11 38 1
11 41 1
11 46 1
11 47 1
11 52 1
11 55 1
11 57 1
11 58 1
11 65 1
11 69 1
12 17 1
12 19 1
12 29 1
12 32 1
12 33 1
12 35 1
12 38 1
12 42 1
12 43 1
12 44 1
12 45 1
12 48 1
12 50 1
12 58 1
12 60 1
12 66 1
12 69 1
13 18 1
13 19 1
13 31 1
13 33 1
13 34 1
13 36 1
13 39 1
13 43 1
13 49 1
13 57 1
13 63 1
14 15 1
14 16 1
14 17 1
14 18 1
14 20 1
14 21 1
14 28 1
14 33 1
14 41 1
14 43 1
14 44 1
14 47 1
14 56 1
14 59 1
14 61 1
14 62 1
14 63 1
14 65 1
15 24 1
15 26 1
15 27 1
15 30 1
15 41 1
15 49 1
15 52 1
15 54 1
15 55 1
15 56 1
15 57 1
15 59 1
15 61 1
15 62 1
15 63 1
15 64 1
15 69 1
16 20 1
16 21 1
16 22 1
16 23 1
16 26 1
16 28 1
16 30 1
16 38 1
16 39 1
16 40 1
16 43 1
16 44 1
16 53 1
16 57 1
16 65 1
16 69 1
17 22 1
17 23 1
17 25 1
17 29 1
17 35 1
17 36 1
17 55 1
17 61 1
17 63 1
17 68 1
18 21 1
18 28 1
18 30 1
18 37 1
18 39 1
18 41 1
18 45 1
18 46 1
18 59 1
18 61 1
18 64 1
18 66 1
19 27 1
19 31 1
19 32 1
19 52 1
19 60 1
19 63 1
19 64 1
19 65 1
19 67 1
19 69 1
20 26 1
20 28 1
20 29 1
20 35 1
20 36 1
20 39 1
20 43 1
20 49 1
20 50 1
20 51 1
20 60 1
20 63 1
20 64 1
20 69 1
21 27 1
21 38 1
21 43 1
21 44 1
21 49 1
21 50 1
21 52 1
21 53 1
21 62 1
21 64 1
22 23 1
22 27 1
22 34 1
22 36 1
22 37 1
22 40 1
22 41 1
22 44 1
22 45 1
22 49 1
22 50 1
22 51 1
22 54 1
22 56 1
22 58 1
22 61 1
22 66 1
22 67 1
23 37 1
23 43 1
23 48 1
23 49 1
23 50 1
23 53 1
23 58 1
23 61 1
24 26 1
24 28 1
24 34 1
24 38 1
24 50 1
24 53 1
24 56 1
24 59 1
24 63 1
25 28 1
25 30 1
25 31 1
25 35 1
25 36 1
25 39 1
25 45 1
25 51 1
25 61 1
25 64 1
26 29 1
26 35 1
26 40 1
26 41 1
26 45 1
26 46 1
26 47 1
26 48 1
26 51 1
26 56 1
26 58 1
26 64 1
26 66 1
27 40 1
27 41 1
27 52 1
27 54 1
27 61 1
27 63 1
28 30 1
28 32 1
28 37 1
28 47 1
28 50 1
28 56 1
28 59 1
29 44 1
29 49 1
29 55 1
29 64 1
29 65 1
29 68 1
30 32 1
30 33 1
30 38 1
30 39 1
30 41 1
30 42 1
30 47 1
30 51 1
30 64 1
31 54 1
31 56 1
31 60 1
31 61 1
31 65 1
31 69 1
32 34 1
32 41 1
32 44 1
32 45 1
32 50 1
32 53 1
32 56 1
32 59 1
32 65 1
33 39 1
33 40 1
33 50 1
33 51 1
33 56 1
33 61 1
33 62 1
33 67 1
34 43 1
34 45 1
34 46 1
34 48 1
34 51 1
34 52 1
34 55 1
34 68 1
34 69 1
35 38 1
35 39 1
35 47 1
35 50 1
35 51 1
35 56 1
35 60 1
35 61 1
35 62 1
36 37 1
36 41 1
36 43 1
36 44 1
36 45 1
36 62 1
36 65 1
36 66 1
36 69 1
37 49 1
37 52 1
37 57 1
37 61 1
37 63 1
37 64 1
37 65 1
38 41 1
38 43 1
38 45 1
38 46 1
38 48 1
38 52 1
38 53 1
38 62 1
38 63 1
38 67 1
39 49 1
39 50 1
39 51 1
39 52 1
39 59 1
39 63 1
39 66 1
39 69 1
40 41 1
40 42 1
40 43 1
40 46 1
40 47 1
40 55 1
40 68 1
41 43 1
41 56 1
41 62 1
41 63 1
41 64 1
41 65 1
41 67 1
41 69 1
42 47 1
42 55 1
42 58 1
42 68 1
43 52 1
43 53 1
43 56 1
43 62 1
43 63 1
43 65 1
44 69 1
45 53 1
45 57 1
45 66 1
45 67 1
45 68 1
46 49 1
46 52 1
46 53 1
46 56 1
46 60 1
46 62 1
46 64 1
46 68 1
46 69 1
47 49 1
47 50 1
47 53 1
47 59 1
47 60 1
47 62 1
48 54 1
48 58 1
48 66 1
48 69 1
49 51 1
49 52 1
49 55 1
49 56 1
49 61 1
49 67 1
49 69 1
50 53 1
50 54 1
50 55 1
50 58 1
50 63 1
50 64 1
50 65 1
50 66 1
51 54 1
51 57 1
51 62 1
51 66 1
51 67 1
52 56 1
52 59 1
53 56 1
53 57 1
53 58 1
53 61 1
53 62 1
53 69 1
54 57 1
54 58 1
54 60 1
54 63 1
54 67 1
54 68 1
56 65 1
57 59 1
57 62 1
57 67 1
58 61 1
58 63 1
58 65 1
58 66 1
59 60 1
59 63 1
59 65 1
60 62 1
60 67 1
61 65 1
62 63 1
62 66 1
62 67 1
62 68 1
64 65 1
64 66 1
64 67 1
64 68 1
67 68 1
67 69 1
1
24 16 53 54 36 26 38
