380
0 4 1
0 5 1
0 9 1
0 12 1
0 15 1
0 16 1
0 20 1
0 30 1
0 32 1
0 34 1
0 37 1
0 38 1
0 39 1
0 40 1
0 41 1
1 2 1
1 3 1
1 10 1
1 12 1
1 14 1
1 15 1
1 23 1
1 24 1
1 25 1
1 26 1
1 31 1
1 33 1
1 36 1
1 37 1
1 38 1
1 41 1
1 44 1
2 7 1
2 9 1
2 11 1
2 15 1
2 20 1
2 25 1
2 26 1
2 30 1
2 35 1
2 38 1
2 39 1
2 42 1
2 45 1
2 48 1
3 4 1
3 7 1
3 14 1
3 15 1
3 17 1
3 18 1
3 21 1
3 22 1
3 23 1
3 24 1
3 29 1
3 30 1
3 34 1
3 38 1
3 39 1
3 40 1
3 41 1
3 44 1
3 47 1
3 48 1
3 49 1
4 7 1
4 9 1
4 12 1
4 13 1
4 15 1
4 23 1
4 27 1
4 28 1
4 31 1
4 33 1
4 35 1
4 36 1
4 40 1
4 41 1
4 44 1
4 47 1
5 9 1
5 10 1
5 19 1
5 23 1
5 28 1
5 29 1
5 37 1
5 39 1
5 46 1
6 10 1
6 13 1
6 14 1
6 19 1
6 21 1
6 22 1
6 27 1
6 29 1
6 30 1
6 31 1
6 33 1
6 34 1
6 35 1
6 42 1
6 46 1
6 47 1
6 49 1
7 9 1
7 11 1
7 15 1
7 16 1
7 18 1
7 21 1
7 24 1
7 32 1
7 33 1
7 35 1
7 42 1
7 46 1
8 11 1
8 12 1
8 16 1
8 18 1
8 22 1
8 23 1
8 26 1
8 28 1
8 31 1
8 38 1
8 44 1
8 46 1
8 47 1
8 49 1
9 15 1
9 16 1
9 26 1
9 32 1
9 33 1
9 40 1
9 41 1
9 43 1
9 44 1
9 46 1
9 49 1
10 13 1
10 16 1
10 22 1
10 24 1
10 25 1
10 26 1
10 28 1
10 37 1
10 38 1
10 42 1
10 45 1
10 49 1
11 15 1
11 17 1
11 20 1
11 34 1
11 46 1
12 14 1
12 16 1
12 17 1
12 22 1
12 23 1
12 24 1
12 25 1
12 30 1
12 35 1
12 36 1
12 44 1
12 48 1
13 18 1
13 19 1
13 24 1
13 25 1
13 26 1
13 27 1
13 28 1
13 33 1
13 36 1
13 40 1
13 43 1
13 45 1
13 48 1
13 49 1
14 16 1
14 17 1
14 18 1
14 21 1
14 22 1
14 25 1
14 27 1
14 28 1
14 29 1
14 34 1
14 36 1
14 38 1
14 39 1
15 23 1
15 27 1
15 28 1
15 35 1
15 36 1
15 37 1
15 41 1
15 42 1
15 44 1
15 46 1
15 49 1
16 17 1
16 18 1
16 23 1
16 24 1
16 33 1
16 36 1
16 37 1
16 38 1
16 44 1
17 22 1
17 25 1
17 26 1
17 30 1
17 34 1
17 37 1
17 41 1
17 49 1
18 19 1
18 23 1
18 32 1
18 33 1
18 35 1
18 40 1
18 43 1
18 48 1
19 22 1
19 25 1
19 26 1
19 27 1
19 32 1
19 34 1
19 37 1
19 40 1
19 43 1
19 44 1
19 48 1
20 21 1
20 23 1
20 25 1
20 27 1
20 28 1
20 33 1
20 37 1
20 40 1
20 47 1
21 23 1
21 28 1
21 29 1
21 31 1
21 33 1
21 36 1
21 37 1
21 43 1
21 47 1
21 49 1
22 23 1
22 24 1
22 26 1
22 37 1
22 43 1
22 44 1
22 47 1
22 48 1
22 49 1
23 24 1
23 27 1
23 31 1
23 32 1
23 41 1
23 48 1
23 49 1
24 30 1
24 31 1
24 36 1
24 38 1
24 41 1
24 42 1
24 44 1
24 45 1
24 47 1
24 49 1
25 33 1
25 35 1
25 38 1
25 40 1
25 41 1
25 45 1
25 46 1
25 48 1
25 49 1
26 29 1
26 36 1
26 45 1
26 49 1
27 30 1
27 36 1
27 37 1
27 38 1
27 39 1
27 41 1
27 42 1
27 48 1
28 31 1
28 40 1
28 46 1
28 48 1
29 30 1
29 33 1
29 34 1
29 36 1
29 37 1
29 40 1
29 43 1
29 46 1
29 47 1
30 31 1
30 32 1
30 33 1
30 34 1
30 36 1
30 41 1
30 46 1
30 49 1
31 36 1
31 45 1
31 46 1
31 48 1
32 40 1
32 41 1
32 42 1
32 43 1
33 38 1
33 42 1
33 48 1
33 49 1
34 37 1
34 38 1
34 43 1
35 37 1
35 39 1
35 45 1
35 46 1
36 37 1
36 40 1
36 42 1
36 43 1
36 44 1
36 47 1
37 38 1
37 42 1
37 44 1
38 44 1
38 48 1
38 49 1
39 42 1
39 43 1
39 45 1
39 46 1
40 42 1
40 43 1
41 43 1
41 49 1
42 48 1
42 49 1
45 47 1
45 48 1
46 48 1
1
11 20 10 23 43
