1424
0 12 1
0 15 1
0 18 1
0 33 1
0 40 1
0 44 1
0 53 1
0 56 1
0 80 1
0 99 1
0 102 1
0 141 1
1 6 1
1 20 1
1 22 1
1 29 1
1 41 1
1 47 1
1 48 1
1 49 1
1 56 1
1 64 1
1 89 1
1 111 1
1 113 1
1 114 1
1 125 1
1 133 1
1 138 1
1 139 1
1 143 1
1 147 1
1 148 1
2 13 1
2 16 1
2 17 1
2 18 1
2 19 1
2 21 1
2 24 1
2 26 1
2 29 1
2 32 1
2 39 1
2 43 1
2 44 1
2 45 1
2 52 1
2 57 1
2 59 1
2 63 1
2 66 1
2 70 1
2 78 1
2 82 1
2 90 1
2 95 1
2 97 1
2 108 1
2 132 1
2 142 1
2 143 1
3 4 1
3 5 1
3 37 1
3 45 1
3 57 1
3 63 1
3 70 1
3 74 1
3 80 1
3 81 1
3 84 1
3 96 1
3 97 1
3 105 1
3 115 1
3 142 1
3 144 1
4 40 1
4 44 1
4 47 1
4 49 1
4 57 1
4 61 1
4 83 1
4 84 1
4 89 1
4 91 1
4 101 1
4 107 1
4 113 1
4 120 1
5 10 1
5 17 1
5 28 1
5 40 1
5 41 1
5 47 1
5 57 1
5 67 1
5 73 1
5 76 1
5 78 1
5 83 1
5 99 1
5 106 1
5 115 1
5 116 1
5 139 1
5 141 1
5 145 1
6 10 1
6 13 1
6 15 1
6 33 1
6 34 1
6 54 1
6 67 1
6 69 1
6 83 1
6 93 1
6 99 1
6 126 1
6 128 1
6 141 1
6 142 1
6 146 1
7 15 1
7 19 1
7 24 1
7 51 1
7 52 1
7 61 1
7 66 1
7 69 1
7 71 1
7 77 1
7 81 1
7 92 1
7 97 1
7 105 1
7 109 1
7 113 1
7 128 1
8 17 1
8 20 1
8 29 1
8 31 1
8 39 1
8 49 1
8 51 1
8 57 1
8 61 1
8 66 1
8 71 1
8 90 1
8 99 1
8 107 1
8 114 1
8 115 1
8 120 1
8 125 1
8 127 1
8 130 1
8 138 1
8 142 1
8 145 1
9 19 1
9 23 1
9 30 1
9 33 1
9 56 1
9 61 1
9 64 1
9 73 1
9 82 1
9 88 1
9 124 1
9 130 1
9 135 1
9 138 1
9 142 1
10 15 1
10 17 1
10 23 1
10 36 1
10 43 1
10 50 1
10 55 1
10 81 1
10 84 1
10 85 1
10 105 1
10 124 1
10 127 1
10 129 1
10 134 1
10 139 1
10 146 1
10 147 1
11 22 1
11 27 1
11 29 1
11 35 1
11 38 1
11 46 1
11 53 1
11 56 1
11 70 1
11 73 1
11 79 1
11 81 1
11 86 1
11 97 1
11 101 1
11 102 1
11 112 1
11 115 1
11 117 1
11 131 1
12 18 1
12 19 1
12 53 1
12 54 1
12 74 1
12 76 1
12 84 1
12 101 1
12 106 1
12 119 1
12 125 1
12 129 1
12 135 1
12 141 1
12 144 1
13 32 1
13 36 1
13 38 1
13 41 1
13 52 1
13 61 1
13 71 1
13 82 1
13 88 1
13 90 1
13 114 1
13 129 1
13 136 1
13 138 1
13 144 1
14 17 1
14 20 1
14 22 1
14 24 1
14 27 1
14 28 1
14 29 1
14 33 1
14 34 1
14 35 1
14 47 1
14 50 1
14 51 1
14 64 1
14 70 1
14 83 1
14 85 1
14 88 1
14 97 1
14 99 1
14 105 1
14 106 1
14 122 1
14 124 1
14 132 1
14 134 1
14 138 1
14 140 1
14 147 1
15 19 1
15 26 1
15 34 1
15 56 1
15 60 1
15 61 1
15 62 1
15 81 1
15 90 1
15 108 1
15 112 1
15 114 1
15 120 1
15 125 1
15 130 1
16 18 1
16 19 1
16 24 1
16 27 1
16 34 1
16 42 1
16 57 1
16 80 1
16 83 1
16 84 1
16 96 1
16 100 1
16 109 1
16 113 1
16 120 1
16 136 1
16 141 1
17 18 1
17 27 1
17 37 1
17 48 1
17 62 1
17 64 1
17 69 1
17 74 1
17 77 1
17 90 1
17 106 1
17 118 1
17 128 1
17 137 1
18 21 1
18 28 1
18 48 1
18 49 1
18 69 1
18 104 1
18 106 1
18 111 1
18 114 1
18 116 1
18 125 1
18 146 1
18 149 1
19 23 1
19 57 1
19 63 1
19 69 1
19 73 1
19 86 1
19 92 1
19 94 1
19 96 1
19 100 1
19 103 1
19 109 1
19 112 1
19 129 1
19 134 1
19 146 1
19 148 1
20 23 1
20 26 1
20 36 1
20 38 1
20 44 1
20 50 1
20 51 1
20 60 1
20 66 1
20 73 1
20 110 1
20 126 1
20 131 1
20 134 1
20 136 1
21 25 1
21 28 1
21 56 1
21 62 1
21 71 1
21 74 1
21 79 1
21 104 1
21 109 1
21 111 1
21 112 1
21 123 1
21 124 1
21 125 1
21 131 1
21 148 1
22 43 1
22 44 1
22 51 1
22 59 1
22 63 1
22 65 1
22 74 1
22 77 1
22 86 1
22 87 1
22 88 1
22 105 1
22 108 1
22 113 1
22 123 1
22 127 1
22 129 1
22 131 1
22 141 1
23 34 1
23 36 1
23 37 1
23 50 1
23 51 1
23 59 1
23 69 1
23 71 1
23 76 1
23 84 1
23 88 1
23 93 1
23 121 1
23 123 1
23 127 1
23 145 1
23 146 1
24 27 1
24 31 1
24 35 1
24 36 1
24 62 1
24 63 1
24 67 1
24 75 1
24 82 1
24 90 1
24 92 1
24 102 1
24 111 1
24 115 1
24 121 1
24 123 1
24 127 1
24 146 1
25 30 1
25 65 1
25 67 1
25 104 1
25 105 1
25 107 1
25 114 1
25 128 1
25 139 1
25 141 1
25 142 1
26 64 1
26 65 1
26 67 1
26 78 1
26 83 1
26 84 1
26 90 1
26 96 1
26 100 1
26 101 1
26 104 1
26 119 1
26 127 1
26 132 1
26 148 1
26 149 1
27 29 1
27 40 1
27 45 1
27 48 1
27 51 1
27 52 1
27 53 1
27 67 1
27 85 1
27 101 1
27 120 1
27 127 1
27 148 1
28 32 1
28 38 1
28 40 1
28 48 1
28 55 1
28 59 1
28 85 1
28 105 1
28 109 1
28 115 1
28 116 1
28 128 1
28 133 1
28 134 1
28 141 1
29 30 1
29 31 1
29 35 1
29 47 1
29 49 1
29 58 1
29 66 1
29 68 1
29 81 1
29 97 1
29 105 1
29 109 1
29 111 1
29 126 1
29 142 1
30 34 1
30 39 1
30 45 1
30 58 1
30 65 1
30 73 1
30 75 1
30 86 1
30 106 1
30 112 1
30 126 1
30 131 1
31 38 1
31 52 1
31 78 1
31 121 1
31 122 1
31 141 1
31 143 1
32 45 1
32 61 1
32 63 1
32 67 1
32 73 1
32 75 1
32 77 1
32 86 1
32 101 1
32 113 1
32 123 1
32 124 1
32 135 1
32 138 1
32 142 1
33 34 1
33 38 1
33 49 1
33 53 1
33 56 1
33 79 1
33 90 1
33 97 1
33 99 1
33 112 1
33 125 1
33 126 1
33 132 1
33 138 1
33 144 1
33 149 1
34 37 1
34 53 1
34 55 1
34 57 1
34 69 1
34 74 1
34 77 1
34 90 1
34 113 1
34 123 1
34 129 1
34 130 1
34 141 1
35 47 1
35 49 1
35 56 1
35 67 1
35 73 1
35 82 1
35 108 1
35 116 1
35 119 1
35 133 1
35 135 1
36 43 1
36 44 1
36 47 1
36 52 1
36 72 1
36 77 1
36 93 1
36 101 1
36 107 1
36 120 1
36 121 1
36 124 1
36 138 1
36 142 1
36 147 1
36 148 1
37 39 1
37 44 1
37 49 1
37 51 1
37 72 1
37 78 1
37 81 1
37 110 1
37 114 1
37 116 1
37 133 1
37 149 1
38 39 1
38 56 1
38 59 1
38 65 1
38 67 1
38 72 1
38 93 1
38 106 1
38 114 1
38 118 1
38 122 1
38 132 1
38 137 1
38 147 1
39 43 1
39 45 1
39 49 1
39 50 1
39 61 1
39 79 1
39 81 1
39 109 1
39 115 1
39 126 1
39 129 1
39 135 1
39 140 1
39 143 1
39 148 1
40 50 1
40 58 1
40 68 1
40 90 1
40 92 1
40 108 1
40 112 1
40 128 1
40 141 1
40 144 1
40 146 1
40 147 1
40 148 1
41 46 1
41 53 1
41 74 1
41 81 1
41 89 1
41 91 1
41 95 1
41 114 1
41 115 1
41 129 1
42 46 1
42 65 1
42 66 1
42 67 1
42 74 1
42 84 1
42 88 1
42 91 1
42 95 1
42 102 1
42 105 1
42 112 1
42 121 1
42 124 1
42 125 1
42 131 1
42 140 1
42 141 1
42 145 1
42 146 1
42 147 1
43 45 1
43 47 1
43 48 1
43 51 1
43 79 1
43 81 1
43 92 1
43 102 1
43 109 1
43 113 1
43 114 1
43 117 1
43 123 1
43 125 1
43 135 1
44 53 1
44 56 1
44 67 1
44 71 1
44 72 1
44 83 1
44 104 1
44 106 1
44 110 1
44 124 1
44 131 1
44 133 1
44 137 1
44 146 1
44 149 1
45 66 1
45 67 1
45 82 1
45 112 1
45 128 1
45 129 1
45 130 1
45 138 1
45 148 1
46 76 1
46 81 1
46 92 1
46 97 1
46 98 1
46 107 1
46 114 1
46 118 1
46 121 1
46 137 1
46 142 1
47 49 1
47 54 1
47 56 1
47 68 1
47 76 1
47 88 1
47 93 1
47 118 1
47 119 1
47 125 1
47 128 1
47 129 1
47 137 1
47 148 1
47 149 1
48 52 1
48 56 1
48 57 1
48 87 1
48 92 1
48 96 1
48 104 1
48 111 1
48 120 1
48 123 1
48 127 1
48 130 1
48 144 1
48 148 1
49 50 1
49 61 1
49 84 1
49 92 1
49 102 1
49 113 1
49 123 1
49 128 1
49 134 1
50 52 1
50 62 1
50 69 1
50 91 1
50 94 1
50 102 1
50 104 1
50 109 1
50 111 1
50 121 1
50 127 1
50 131 1
50 135 1
51 52 1
51 58 1
51 60 1
51 76 1
51 96 1
51 99 1
51 102 1
51 108 1
51 126 1
51 129 1
52 67 1
52 74 1
52 75 1
52 78 1
52 89 1
52 92 1
52 98 1
52 121 1
52 135 1
52 149 1
53 54 1
53 56 1
53 93 1
53 94 1
53 96 1
53 101 1
53 124 1
53 133 1
53 140 1
53 144 1
53 149 1
54 58 1
54 68 1
54 70 1
54 78 1
54 79 1
54 82 1
54 95 1
54 96 1
54 97 1
54 106 1
54 108 1
54 111 1
54 128 1
54 132 1
54 134 1
54 146 1
55 62 1
55 70 1
55 76 1
55 77 1
55 79 1
55 81 1
55 90 1
55 97 1
55 102 1
55 136 1
56 64 1
56 68 1
56 74 1
56 79 1
56 80 1
56 100 1
56 109 1
56 113 1
56 114 1
56 116 1
56 120 1
56 135 1
56 141 1
56 144 1
57 63 1
57 68 1
57 103 1
57 116 1
57 139 1
58 68 1
58 72 1
58 73 1
58 77 1
58 79 1
58 83 1
58 85 1
58 93 1
58 94 1
58 95 1
58 96 1
58 114 1
58 116 1
58 136 1
59 62 1
59 71 1
59 73 1
59 82 1
59 85 1
59 101 1
59 109 1
59 113 1
59 116 1
59 127 1
59 129 1
59 140 1
59 142 1
59 143 1
59 149 1
60 63 1
60 64 1
60 83 1
60 86 1
60 95 1
60 99 1
60 107 1
60 108 1
60 116 1
60 117 1
60 124 1
60 131 1
60 138 1
60 142 1
61 64 1
61 67 1
61 72 1
61 74 1
61 76 1
61 79 1
61 85 1
61 101 1
61 104 1
61 107 1
61 130 1
61 148 1
62 83 1
62 90 1
62 99 1
62 101 1
62 109 1
62 118 1
62 130 1
62 132 1
62 143 1
62 147 1
63 71 1
63 78 1
63 88 1
63 106 1
63 116 1
63 123 1
63 125 1
63 128 1
63 129 1
63 144 1
63 145 1
63 147 1
64 70 1
64 81 1
64 82 1
64 86 1
64 93 1
64 121 1
64 122 1
64 129 1
65 73 1
65 75 1
65 76 1
65 85 1
65 90 1
65 91 1
65 98 1
65 99 1
65 107 1
65 111 1
65 113 1
65 119 1
65 122 1
65 127 1
65 128 1
65 136 1
65 138 1
66 75 1
66 80 1
66 103 1
66 104 1
66 107 1
66 108 1
66 110 1
66 125 1
66 134 1
66 135 1
66 139 1
66 146 1
67 72 1
67 73 1
67 75 1
67 82 1
67 83 1
67 90 1
67 94 1
67 104 1
67 109 1
67 118 1
67 144 1
67 148 1
68 69 1
68 86 1
68 98 1
68 100 1
68 103 1
68 104 1
68 110 1
68 111 1
68 118 1
68 120 1
68 125 1
68 127 1
68 134 1
68 142 1
68 143 1
68 148 1
69 74 1
69 79 1
69 85 1
69 90 1
69 91 1
69 99 1
69 105 1
69 109 1
69 111 1
69 122 1
69 125 1
69 128 1
69 131 1
69 132 1
69 146 1
70 74 1
70 80 1
70 94 1
70 104 1
70 138 1
70 145 1
70 149 1
71 80 1
71 90 1
71 91 1
71 93 1
71 113 1
71 114 1
71 141 1
71 147 1
72 73 1
72 80 1
72 81 1
72 83 1
72 89 1
72 90 1
72 91 1
72 95 1
72 96 1
72 98 1
72 117 1
72 118 1
72 130 1
72 134 1
72 143 1
73 92 1
73 97 1
73 114 1
73 115 1
73 125 1
73 136 1
74 86 1
74 92 1
74 101 1
74 112 1
74 115 1
74 122 1
74 123 1
74 126 1
74 133 1
74 136 1
75 102 1
75 113 1
75 118 1
75 123 1
75 126 1
75 129 1
75 132 1
76 77 1
76 85 1
76 92 1
76 93 1
76 100 1
76 107 1
76 119 1
76 126 1
76 134 1
76 146 1
77 85 1
77 101 1
77 107 1
77 114 1
77 120 1
77 126 1
77 133 1
77 140 1
78 94 1
78 103 1
78 107 1
78 108 1
78 112 1
78 118 1
78 128 1
78 132 1
78 136 1
78 142 1
79 84 1
79 93 1
79 144 1
79 148 1
80 82 1
80 97 1
80 99 1
80 105 1
80 120 1
80 126 1
80 130 1
80 145 1
81 88 1
81 100 1
81 101 1
81 105 1
81 114 1
81 139 1
81 142 1
81 144 1
81 148 1
82 87 1
82 91 1
82 104 1
82 131 1
82 139 1
82 145 1
83 93 1
83 105 1
83 108 1
83 113 1
83 115 1
83 119 1
83 129 1
83 143 1
84 88 1
84 95 1
84 96 1
84 101 1
84 102 1
84 106 1
84 108 1
84 109 1
84 116 1
84 128 1
84 130 1
84 136 1
84 146 1
85 98 1
85 110 1
85 116 1
85 126 1
85 134 1
85 137 1
85 143 1
86 90 1
86 97 1
86 114 1
86 119 1
86 123 1
86 130 1
86 135 1
86 145 1
87 92 1
87 93 1
87 100 1
87 107 1
87 116 1
87 118 1
87 121 1
87 123 1
87 124 1
87 129 1
88 100 1
88 107 1
88 114 1
88 115 1
88 117 1
88 122 1
88 135 1
88 137 1
88 139 1
88 141 1
88 143 1
89 96 1
89 98 1
89 100 1
89 139 1
89 143 1
89 148 1
90 94 1
90 109 1
90 121 1
90 124 1
90 131 1
90 135 1
90 139 1
90 145 1
91 92 1
91 101 1
91 110 1
91 112 1
91 123 1
91 135 1
91 141 1
92 93 1
92 96 1
92 105 1
92 110 1
92 132 1
92 134 1
92 138 1
92 139 1
92 141 1
92 149 1
93 103 1
93 108 1
93 116 1
93 120 1
93 122 1
93 138 1
93 139 1
93 147 1
94 104 1
94 115 1
94 118 1
94 122 1
94 127 1
94 129 1
94 148 1
94 149 1
95 105 1
95 109 1
95 111 1
95 113 1
96 98 1
96 103 1
96 106 1
96 127 1
96 132 1
96 138 1
97 119 1
97 127 1
97 134 1
97 136 1
97 138 1
98 101 1
98 105 1
98 108 1
98 132 1
98 137 1
98 141 1
98 144 1
99 102 1
99 109 1
99 124 1
99 140 1
99 147 1
100 103 1
100 107 1
100 111 1
100 118 1
100 122 1
100 126 1
100 130 1
100 132 1
100 137 1
100 138 1
101 105 1
101 109 1
101 111 1
101 112 1
101 118 1
101 120 1
101 136 1
101 148 1
102 108 1
102 111 1
102 112 1
102 113 1
102 117 1
102 118 1
102 119 1
102 126 1
102 137 1
103 105 1
103 118 1
103 125 1
103 127 1
103 130 1
103 141 1
104 105 1
104 127 1
104 132 1
104 135 1
104 137 1
104 138 1
104 142 1
105 129 1
105 131 1
105 143 1
105 149 1
106 115 1
106 121 1
106 132 1
106 133 1
107 109 1
107 115 1
107 132 1
107 136 1
108 111 1
108 126 1
108 134 1
108 140 1
109 110 1
109 121 1
109 127 1
109 141 1
110 132 1
110 134 1
110 143 1
111 127 1
111 128 1
111 133 1
112 119 1
112 121 1
112 125 1
112 142 1
112 145 1
113 119 1
113 128 1
113 141 1
113 144 1
113 149 1
114 119 1
114 130 1
114 142 1
114 147 1
115 129 1
115 145 1
115 149 1
116 121 1
116 128 1
116 133 1
117 120 1
117 121 1
117 124 1
117 131 1
117 143 1
118 123 1
118 146 1
118 147 1
118 148 1
119 124 1
119 127 1
119 128 1
119 142 1
119 145 1
119 148 1
120 129 1
120 130 1
120 134 1
120 146 1
120 148 1
120 149 1
121 131 1
121 139 1
121 141 1
121 144 1
122 128 1
122 137 1
122 140 1
122 141 1
122 143 1
123 126 1
123 128 1
123 131 1
123 144 1
124 133 1
124 140 1
124 143 1
125 128 1
125 129 1
125 140 1
125 145 1
126 132 1
126 143 1
126 149 1
127 128 1
128 134 1
129 133 1
129 137 1
129 145 1
130 144 1
130 149 1
131 133 1
132 147 1
132 148 1
133 146 1
134 135 1
134 137 1
134 139 1
134 141 1
134 142 1
134 146 1
134 147 1
134 149 1
136 137 1
136 139 1
136 142 1
136 147 1
137 140 1
138 146 1
138 148 1
139 147 1
141 142 1
141 144 1
143 148 1
144 146 1
144 147 1
144 149 1
145 149 1
148 149 1
1
39 48 7 1 115 22 14 66 93 87 25 47 99 107 42
