1252
0 8 1
0 15 1
0 19 1
0 25 1
0 31 1
0 34 1
0 38 1
0 40 1
0 43 1
0 47 1
0 48 1
0 56 1
0 60 1
0 65 1
0 69 1
0 71 1
0 103 1
0 111 1
0 119 1
0 124 1
1 4 1
1 27 1
1 32 1
1 40 1
1 41 1
1 49 1
1 50 1
1 53 1
1 59 1
1 62 1
1 66 1
1 79 1
1 88 1
1 89 1
1 94 1
1 95 1
1 99 1
1 113 1
1 116 1
1 121 1
1 127 1
2 4 1
2 10 1
2 11 1
2 13 1
2 20 1
2 44 1
2 46 1
2 59 1
2 81 1
2 86 1
2 90 1
2 93 1
2 111 1
2 120 1
2 121 1
3 10 1
3 29 1
3 55 1
3 56 1
3 63 1
3 66 1
3 67 1
3 80 1
3 85 1
3 92 1
3 96 1
3 97 1
3 102 1
3 108 1
3 110 1
3 118 1
3 125 1
3 129 1
4 8 1
4 12 1
4 18 1
4 20 1
4 32 1
4 33 1
4 55 1
4 56 1
4 59 1
4 60 1
4 62 1
4 68 1
4 74 1
4 78 1
4 81 1
4 85 1
4 87 1
4 97 1
4 99 1
4 112 1
4 121 1
4 123 1
5 6 1
5 12 1
5 14 1
5 28 1
5 35 1
5 36 1
5 40 1
5 47 1
5 50 1
5 55 1
5 57 1
5 72 1
5 109 1
5 110 1
5 123 1
6 44 1
6 68 1
6 76 1
6 110 1
6 120 1
7 9 1
7 21 1
7 23 1
7 31 1
7 37 1
7 49 1
7 51 1
7 56 1
7 64 1
7 71 1
7 75 1
7 78 1
7 82 1
7 86 1
7 88 1
7 94 1
7 99 1
7 101 1
7 102 1
7 104 1
7 108 1
7 112 1
7 119 1
7 123 1
7 124 1
7 125 1
7 126 1
8 9 1
8 11 1
8 15 1
8 18 1
8 19 1
8 20 1
8 37 1
8 39 1
8 46 1
8 48 1
8 56 1
8 64 1
8 68 1
8 73 1
8 77 1
8 89 1
8 112 1
9 29 1
9 39 1
9 40 1
9 44 1
9 45 1
9 47 1
9 48 1
9 49 1
9 55 1
9 70 1
9 72 1
9 76 1
9 88 1
9 89 1
9 91 1
9 92 1
9 111 1
9 115 1
9 118 1
9 125 1
9 127 1
9 128 1
10 45 1
10 49 1
10 52 1
10 59 1
10 63 1
10 67 1
10 73 1
10 77 1
10 79 1
10 82 1
10 85 1
10 92 1
10 97 1
10 104 1
10 109 1
10 112 1
10 114 1
10 120 1
10 123 1
10 124 1
10 128 1
11 15 1
11 17 1
11 28 1
11 43 1
11 65 1
11 75 1
11 79 1
11 95 1
11 98 1
11 100 1
11 103 1
11 104 1
11 107 1
11 110 1
11 115 1
12 13 1
12 41 1
12 59 1
12 60 1
12 62 1
12 64 1
12 68 1
12 80 1
12 82 1
12 90 1
12 97 1
12 99 1
12 100 1
12 101 1
12 105 1
12 108 1
13 19 1
13 20 1
13 40 1
13 46 1
13 70 1
13 74 1
13 75 1
13 80 1
13 89 1
13 108 1
13 109 1
13 113 1
13 116 1
13 118 1
14 35 1
14 36 1
14 57 1
14 58 1
14 63 1
14 64 1
14 66 1
14 67 1
14 68 1
14 73 1
14 76 1
14 77 1
14 83 1
14 86 1
14 87 1
14 96 1
14 114 1
14 118 1
14 125 1
15 16 1
15 27 1
15 31 1
15 38 1
15 63 1
15 65 1
15 74 1
15 76 1
15 77 1
15 90 1
15 93 1
15 94 1
15 96 1
15 104 1
15 105 1
15 107 1
15 113 1
15 120 1
15 123 1
15 124 1
16 18 1
16 20 1
16 33 1
16 71 1
16 74 1
16 81 1
16 85 1
16 87 1
16 89 1
16 92 1
16 106 1
16 128 1
17 25 1
17 30 1
17 34 1
17 42 1
17 46 1
17 57 1
17 78 1
17 82 1
17 85 1
17 106 1
17 109 1
17 110 1
17 112 1
17 115 1
17 118 1
17 127 1
18 28 1
18 34 1
18 37 1
18 38 1
18 39 1
18 40 1
18 42 1
18 49 1
18 53 1
18 58 1
18 60 1
18 61 1
18 69 1
18 72 1
18 86 1
18 98 1
18 102 1
18 105 1
18 107 1
18 114 1
18 119 1
18 123 1
19 21 1
19 23 1
19 26 1
19 31 1
19 38 1
19 40 1
19 41 1
19 47 1
19 63 1
19 71 1
19 80 1
19 107 1
19 110 1
19 116 1
19 118 1
19 120 1
19 124 1
20 46 1
20 65 1
20 68 1
20 75 1
20 77 1
20 78 1
20 88 1
20 98 1
20 100 1
20 107 1
20 114 1
20 117 1
21 23 1
21 29 1
21 47 1
21 60 1
21 64 1
21 70 1
21 74 1
21 85 1
21 100 1
21 101 1
21 114 1
21 119 1
21 127 1
21 128 1
22 25 1
22 30 1
22 38 1
22 40 1
22 42 1
22 43 1
22 49 1
22 59 1
22 64 1
22 72 1
22 76 1
22 91 1
22 94 1
22 99 1
22 102 1
22 104 1
23 24 1
23 32 1
23 40 1
23 42 1
23 44 1
23 47 1
23 48 1
23 55 1
23 61 1
23 62 1
23 80 1
23 86 1
23 87 1
23 90 1
23 112 1
23 126 1
23 127 1
24 26 1
24 37 1
24 40 1
24 48 1
24 54 1
24 68 1
24 78 1
24 85 1
24 95 1
24 102 1
24 110 1
24 116 1
24 123 1
25 31 1
25 33 1
25 39 1
25 47 1
25 62 1
25 64 1
25 71 1
25 74 1
25 85 1
25 97 1
25 104 1
25 116 1
25 125 1
26 27 1
26 29 1
26 36 1
26 44 1
26 46 1
26 48 1
26 57 1
26 65 1
26 73 1
26 79 1
26 82 1
26 85 1
26 96 1
26 100 1
26 110 1
26 112 1
26 113 1
26 119 1
26 122 1
26 123 1
26 126 1
27 30 1
27 34 1
27 35 1
27 37 1
27 48 1
27 51 1
27 54 1
27 55 1
27 80 1
27 81 1
27 85 1
27 98 1
27 101 1
27 121 1
27 129 1
28 30 1
28 40 1
28 46 1
28 47 1
28 55 1
28 71 1
28 79 1
28 80 1
28 81 1
28 91 1
28 100 1
28 101 1
28 119 1
28 122 1
28 126 1
29 47 1
29 48 1
29 57 1
29 63 1
29 70 1
29 72 1
29 78 1
29 81 1
29 85 1
29 86 1
29 94 1
29 106 1
29 109 1
29 124 1
30 31 1
30 33 1
30 39 1
30 44 1
30 46 1
30 54 1
30 55 1
30 76 1
30 77 1
30 85 1
30 89 1
30 98 1
30 105 1
30 107 1
30 113 1
30 120 1
30 124 1
30 129 1
31 34 1
31 36 1
31 38 1
31 40 1
31 48 1
31 58 1
31 68 1
31 89 1
31 94 1
31 110 1
31 113 1
31 115 1
31 119 1
31 128 1
32 37 1
32 45 1
32 53 1
32 55 1
32 58 1
32 59 1
32 63 1
32 82 1
32 86 1
32 91 1
32 101 1
32 102 1
32 121 1
32 124 1
32 129 1
33 39 1
33 40 1
33 44 1
33 58 1
33 72 1
33 78 1
33 81 1
33 83 1
33 92 1
33 98 1
33 112 1
33 117 1
34 37 1
34 38 1
34 40 1
34 42 1
34 56 1
34 57 1
34 63 1
34 64 1
34 70 1
34 80 1
34 83 1
34 86 1
34 95 1
34 100 1
34 102 1
34 118 1
34 120 1
34 128 1
35 39 1
35 50 1
35 56 1
35 76 1
35 86 1
35 87 1
35 91 1
35 95 1
35 102 1
35 116 1
35 120 1
35 126 1
36 44 1
36 46 1
36 55 1
36 60 1
36 63 1
36 75 1
36 83 1
36 116 1
36 119 1
36 123 1
36 124 1
36 126 1
37 43 1
37 47 1
37 49 1
37 58 1
37 63 1
37 67 1
37 73 1
37 81 1
37 89 1
37 90 1
37 94 1
37 98 1
37 108 1
37 113 1
37 114 1
37 120 1
37 127 1
38 40 1
38 64 1
38 77 1
38 85 1
38 93 1
38 98 1
38 101 1
38 105 1
38 117 1
38 118 1
38 122 1
39 49 1
39 52 1
39 58 1
39 66 1
39 75 1
39 76 1
39 82 1
39 87 1
39 93 1
39 99 1
39 101 1
39 109 1
39 125 1
39 127 1
40 42 1
40 51 1
40 53 1
40 57 1
40 62 1
40 66 1
40 67 1
40 75 1
40 80 1
40 103 1
40 114 1
40 116 1
40 121 1
41 51 1
41 54 1
41 65 1
41 66 1
41 70 1
41 71 1
41 72 1
41 80 1
41 91 1
41 93 1
41 107 1
41 113 1
41 124 1
42 47 1
42 48 1
42 50 1
42 60 1
42 61 1
42 63 1
42 69 1
42 73 1
42 75 1
42 80 1
42 83 1
42 87 1
42 88 1
42 93 1
42 111 1
42 117 1
42 122 1
43 46 1
43 51 1
43 65 1
43 68 1
43 70 1
43 82 1
43 91 1
43 92 1
43 105 1
43 109 1
43 116 1
43 128 1
44 55 1
44 61 1
44 64 1
44 66 1
44 71 1
44 78 1
44 81 1
44 89 1
44 93 1
44 104 1
44 105 1
44 122 1
45 62 1
45 64 1
45 73 1
45 86 1
45 93 1
45 98 1
45 99 1
45 107 1
45 108 1
45 116 1
46 54 1
46 60 1
46 71 1
46 72 1
46 86 1
46 92 1
46 94 1
46 96 1
46 98 1
46 100 1
46 108 1
46 113 1
46 127 1
46 129 1
47 61 1
47 65 1
47 67 1
47 73 1
47 78 1
47 81 1
47 84 1
47 90 1
47 93 1
47 106 1
47 110 1
47 111 1
47 114 1
47 116 1
48 51 1
48 53 1
48 59 1
48 60 1
48 61 1
48 66 1
48 80 1
48 97 1
48 105 1
48 112 1
48 121 1
48 125 1
49 50 1
49 56 1
49 58 1
49 59 1
49 67 1
49 75 1
49 78 1
49 105 1
49 122 1
49 126 1
49 128 1
50 52 1
50 63 1
50 66 1
50 69 1
50 70 1
50 72 1
50 76 1
50 82 1
50 93 1
50 99 1
50 122 1
51 52 1
51 58 1
51 60 1
51 77 1
51 81 1
51 85 1
51 86 1
51 87 1
51 96 1
51 102 1
51 110 1
51 124 1
51 127 1
51 129 1
52 62 1
52 66 1
52 76 1
52 80 1
52 88 1
52 113 1
52 115 1
52 116 1
52 121 1
52 127 1
53 55 1
53 56 1
53 62 1
53 70 1
53 86 1
53 92 1
53 94 1
53 105 1
53 107 1
53 109 1
53 117 1
53 120 1
53 127 1
54 58 1
54 61 1
54 62 1
54 70 1
54 79 1
54 87 1
54 89 1
54 96 1
54 107 1
54 111 1
54 112 1
54 115 1
54 126 1
54 129 1
55 62 1
55 95 1
55 97 1
55 100 1
55 101 1
55 102 1
55 105 1
56 57 1
56 75 1
56 78 1
56 81 1
56 83 1
56 87 1
56 93 1
56 96 1
56 103 1
56 107 1
56 109 1
56 125 1
56 127 1
57 61 1
57 62 1
57 73 1
57 79 1
57 86 1
57 100 1
57 102 1
57 114 1
57 123 1
58 82 1
58 99 1
58 103 1
58 106 1
58 124 1
58 128 1
59 61 1
59 65 1
59 66 1
59 81 1
59 85 1
59 86 1
59 107 1
59 110 1
59 115 1
59 116 1
59 117 1
59 121 1
59 125 1
60 61 1
60 71 1
60 73 1
60 74 1
60 77 1
60 79 1
60 89 1
60 97 1
60 99 1
60 129 1
61 62 1
61 63 1
61 67 1
61 78 1
61 80 1
61 88 1
61 98 1
61 103 1
61 107 1
61 116 1
61 125 1
62 72 1
62 93 1
62 97 1
62 101 1
62 103 1
62 105 1
62 106 1
62 111 1
62 116 1
62 119 1
63 68 1
63 88 1
63 89 1
63 94 1
63 104 1
63 118 1
63 128 1
64 69 1
64 71 1
64 86 1
64 92 1
64 103 1
64 111 1
64 118 1
64 125 1
65 77 1
65 78 1
65 87 1
65 91 1
65 97 1
65 99 1
65 102 1
65 111 1
65 113 1
65 116 1
65 117 1
65 119 1
65 123 1
65 124 1
65 126 1
65 129 1
66 68 1
66 73 1
66 90 1
66 94 1
66 98 1
66 99 1
66 103 1
66 105 1
66 114 1
66 115 1
66 117 1
66 123 1
66 125 1
66 128 1
67 69 1
67 74 1
67 78 1
67 85 1
67 110 1
67 113 1
68 69 1
68 70 1
68 108 1
68 119 1
68 121 1
68 123 1
68 124 1
68 125 1
68 127 1
69 73 1
69 83 1
69 84 1
69 91 1
69 97 1
69 98 1
69 100 1
69 107 1
69 109 1
69 121 1
70 79 1
70 82 1
70 85 1
70 86 1
70 90 1
70 93 1
70 95 1
70 100 1
70 103 1
70 125 1
70 127 1
71 76 1
71 85 1
71 97 1
71 100 1
71 102 1
71 111 1
71 112 1
71 114 1
71 116 1
71 125 1
72 73 1
72 75 1
72 77 1
72 88 1
72 101 1
72 104 1
72 120 1
72 122 1
72 123 1
72 128 1
73 76 1
73 79 1
73 82 1
73 102 1
73 107 1
73 118 1
73 127 1
74 78 1
74 84 1
74 91 1
74 93 1
74 98 1
74 100 1
74 105 1
74 126 1
75 83 1
75 93 1
75 98 1
75 105 1
75 108 1
75 115 1
75 120 1
76 80 1
76 85 1
76 88 1
76 92 1
76 103 1
76 105 1
76 113 1
76 114 1
76 116 1
77 90 1
77 95 1
77 98 1
77 105 1
77 106 1
77 108 1
77 113 1
77 115 1
78 83 1
78 98 1
78 102 1
78 103 1
78 106 1
78 122 1
78 125 1
79 82 1
79 99 1
79 110 1
79 112 1
79 115 1
79 116 1
79 126 1
79 129 1
80 89 1
80 114 1
80 120 1
80 124 1
80 129 1
81 82 1
81 88 1
81 93 1
81 101 1
81 104 1
81 107 1
81 116 1
81 123 1
81 126 1
82 87 1
82 97 1
82 105 1
82 114 1
82 119 1
82 122 1
83 87 1
83 89 1
83 95 1
83 104 1
83 113 1
83 117 1
83 123 1
84 85 1
84 87 1
84 89 1
84 91 1
84 93 1
84 116 1
84 118 1
84 129 1
85 87 1
85 104 1
85 108 1
85 111 1
85 121 1
85 127 1
86 88 1
86 93 1
86 115 1
86 118 1
86 122 1
87 89 1
87 94 1
87 98 1
87 100 1
87 101 1
87 114 1
87 127 1
88 91 1
88 92 1
88 128 1
88 129 1
89 91 1
89 99 1
89 104 1
89 114 1
89 116 1
89 121 1
89 125 1
90 98 1
90 100 1
90 101 1
90 102 1
90 109 1
90 126 1
90 128 1
90 129 1
91 93 1
91 94 1
91 98 1
91 111 1
91 115 1
91 117 1
92 95 1
92 102 1
92 113 1
92 115 1
92 116 1
92 118 1
92 121 1
93 102 1
93 107 1
93 109 1
93 112 1
93 122 1
93 128 1
94 101 1
94 107 1
94 115 1
95 100 1
95 122 1
96 107 1
96 110 1
96 113 1
96 122 1
96 126 1
96 128 1
97 99 1
97 101 1
97 102 1
97 105 1
97 113 1
97 115 1
97 125 1
98 108 1
98 111 1
98 112 1
98 117 1
98 121 1
99 106 1
99 122 1
100 101 1
100 105 1
100 108 1
100 126 1
101 114 1
101 119 1
102 103 1
102 112 1
102 118 1
102 121 1
103 106 1
103 113 1
103 117 1
103 120 1
103 122 1
103 125 1
103 127 1
103 129 1
104 117 1
104 120 1
104 123 1
104 126 1
104 127 1
105 113 1
105 115 1
106 109 1
106 111 1
106 115 1
106 128 1
107 113 1
107 114 1
107 117 1
107 128 1
107 129 1
108 109 1
108 119 1
109 116 1
109 118 1
109 124 1
110 113 1
110 117 1
111 114 1
111 129 1
112 119 1
112 123 1
112 125 1
113 118 1
113 128 1
114 115 1
114 119 1
114 127 1
114 128 1
116 123 1
118 121 1
118 125 1
118 128 1
119 121 1
121 123 1
121 124 1
121 129 1
122 123 1
123 129 1
124 127 1
126 127 1
126 128 1
1
31 125 52 88 24 70 17 66 104 118 18 64 44
