1617
0 6 1
0 7 1
0 25 1
0 28 1
0 34 1
0 40 1
0 47 1
0 48 1
0 53 1
0 56 1
0 70 1
0 83 1
0 86 1
0 93 1
0 99 1
0 107 1
0 115 1
0 122 1
0 129 1
0 132 1
0 135 1
0 141 1
0 151 1
0 155 1
0 156 1
0 159 1
1 5 1
1 21 1
1 23 1
1 32 1
1 33 1
1 34 1
1 38 1
1 43 1
1 47 1
1 50 1
1 68 1
1 70 1
1 82 1
1 101 1
1 105 1
1 134 1
1 137 1
1 139 1
1 141 1
1 144 1
1 150 1
1 152 1
1 155 1
2 4 1
2 43 1
2 44 1
2 50 1
2 51 1
2 55 1
2 57 1
2 121 1
2 132 1
2 138 1
2 154 1
2 158 1
3 10 1
3 14 1
3 18 1
3 29 1
3 30 1
3 35 1
3 41 1
3 48 1
3 52 1
3 55 1
3 58 1
3 61 1
3 70 1
3 80 1
3 89 1
3 93 1
3 94 1
3 107 1
3 113 1
3 135 1
3 137 1
3 141 1
3 142 1
3 151 1
4 7 1
4 10 1
4 20 1
4 21 1
4 34 1
4 46 1
4 51 1
4 62 1
4 68 1
4 70 1
4 85 1
4 90 1
4 107 1
4 108 1
4 117 1
4 119 1
4 133 1
4 155 1
5 14 1
5 28 1
5 29 1
5 41 1
5 45 1
5 67 1
5 68 1
5 77 1
5 85 1
5 87 1
5 92 1
5 95 1
5 99 1
5 106 1
5 119 1
5 126 1
5 143 1
5 144 1
5 149 1
5 150 1
5 155 1
6 26 1
6 38 1
6 39 1
6 41 1
6 58 1
6 60 1
6 62 1
6 65 1
6 67 1
6 84 1
6 106 1
6 111 1
6 113 1
6 130 1
6 132 1
6 133 1
6 140 1
6 154 1
7 22 1
7 23 1
7 24 1
7 27 1
7 30 1
7 31 1
7 35 1
7 42 1
7 43 1
7 52 1
7 58 1
7 61 1
7 62 1
7 66 1
7 74 1
7 107 1
7 112 1
7 118 1
7 119 1
7 125 1
7 156 1
8 11 1
8 14 1
8 26 1
8 29 1
8 33 1
8 35 1
8 41 1
8 48 1
8 50 1
8 54 1
8 55 1
8 64 1
8 71 1
8 75 1
8 77 1
8 81 1
8 82 1
8 90 1
8 99 1
8 105 1
8 110 1
8 124 1
8 132 1
8 133 1
8 140 1
8 141 1
8 143 1
8 145 1
8 146 1
9 23 1
9 46 1
9 48 1
9 60 1
9 66 1
9 86 1
9 89 1
9 92 1
9 95 1
9 98 1
9 116 1
9 117 1
9 118 1
9 119 1
9 124 1
9 135 1
9 137 1
9 147 1
9 156 1
10 19 1
10 21 1
10 24 1
10 25 1
10 26 1
10 35 1
10 38 1
10 39 1
10 44 1
10 47 1
10 51 1
10 52 1
10 54 1
10 57 1
10 78 1
10 90 1
10 91 1
10 102 1
10 144 1
10 158 1
11 17 1
11 19 1
11 22 1
11 31 1
11 48 1
11 56 1
11 72 1
11 77 1
11 80 1
11 90 1
11 99 1
11 103 1
11 118 1
11 130 1
11 132 1
11 144 1
11 154 1
12 32 1
12 55 1
12 69 1
12 70 1
12 71 1
12 81 1
12 92 1
12 116 1
12 119 1
12 122 1
12 129 1
12 133 1
12 136 1
12 144 1
13 17 1
13 40 1
13 41 1
13 57 1
13 58 1
13 64 1
13 76 1
13 80 1
13 83 1
13 90 1
13 108 1
13 114 1
13 134 1
13 152 1
13 159 1
14 20 1
14 38 1
14 40 1
14 42 1
14 69 1
14 81 1
14 84 1
14 101 1
14 102 1
14 103 1
14 105 1
14 120 1
14 126 1
14 131 1
14 134 1
14 146 1
14 150 1
14 155 1
14 159 1
15 35 1
15 46 1
15 53 1
15 58 1
15 60 1
15 67 1
15 71 1
15 72 1
15 103 1
15 104 1
15 105 1
15 119 1
15 120 1
15 128 1
15 132 1
15 145 1
15 148 1
16 17 1
16 20 1
16 21 1
16 25 1
16 28 1
16 30 1
16 34 1
16 39 1
16 50 1
16 60 1
16 67 1
16 69 1
16 76 1
16 80 1
16 85 1
16 86 1
16 93 1
16 102 1
16 117 1
16 120 1
16 121 1
16 130 1
16 132 1
16 144 1
16 146 1
17 24 1
17 46 1
17 55 1
17 57 1
17 75 1
17 87 1
17 88 1
17 89 1
17 101 1
17 102 1
17 104 1
17 107 1
17 108 1
17 116 1
17 123 1
17 124 1
17 126 1
17 136 1
17 142 1
17 155 1
17 158 1
18 26 1
18 61 1
18 68 1
18 70 1
18 87 1
18 104 1
18 107 1
18 110 1
18 122 1
18 127 1
18 136 1
18 143 1
18 152 1
19 37 1
19 38 1
19 44 1
19 50 1
19 52 1
19 56 1
19 60 1
19 70 1
19 84 1
19 93 1
19 105 1
19 124 1
19 138 1
19 139 1
19 144 1
19 147 1
19 155 1
20 37 1
20 45 1
20 67 1
20 90 1
20 99 1
20 120 1
20 123 1
20 130 1
20 131 1
20 137 1
20 145 1
20 152 1
20 158 1
21 28 1
21 33 1
21 36 1
21 52 1
21 54 1
21 66 1
21 79 1
21 117 1
21 123 1
21 131 1
21 140 1
21 147 1
22 27 1
22 31 1
22 40 1
22 70 1
22 74 1
22 80 1
22 85 1
22 96 1
22 128 1
22 138 1
22 148 1
22 151 1
22 152 1
22 156 1
23 27 1
23 31 1
23 43 1
23 67 1
23 80 1
23 84 1
23 86 1
23 94 1
23 124 1
23 132 1
23 136 1
23 148 1
23 154 1
23 155 1
24 31 1
24 43 1
24 44 1
24 49 1
24 50 1
24 53 1
24 56 1
24 59 1
24 60 1
24 69 1
24 71 1
24 73 1
24 108 1
24 113 1
24 115 1
24 116 1
24 120 1
24 124 1
24 128 1
24 148 1
24 150 1
24 151 1
24 156 1
25 41 1
25 42 1
25 71 1
25 78 1
25 81 1
25 87 1
25 91 1
25 93 1
25 97 1
25 108 1
25 109 1
25 111 1
25 119 1
25 134 1
25 143 1
25 151 1
25 155 1
26 35 1
26 72 1
26 82 1
26 88 1
26 90 1
26 91 1
26 93 1
26 99 1
26 105 1
26 109 1
26 110 1
26 116 1
26 121 1
26 123 1
26 150 1
26 157 1
27 33 1
27 38 1
27 41 1
27 45 1
27 59 1
27 67 1
27 86 1
27 91 1
27 93 1
27 100 1
27 118 1
27 124 1
27 126 1
27 130 1
27 151 1
27 153 1
27 157 1
28 37 1
28 46 1
28 56 1
28 64 1
28 65 1
28 69 1
28 71 1
28 72 1
28 73 1
28 76 1
28 80 1
28 87 1
28 130 1
28 137 1
28 140 1
28 142 1
28 151 1
28 153 1
28 155 1
29 31 1
29 40 1
29 43 1
29 59 1
29 81 1
29 91 1
29 113 1
29 119 1
29 134 1
29 141 1
29 142 1
30 32 1
30 58 1
30 62 1
30 67 1
30 71 1
30 74 1
30 89 1
30 104 1
30 139 1
30 140 1
30 154 1
30 157 1
31 40 1
31 44 1
31 46 1
31 48 1
31 53 1
31 57 1
31 76 1
31 82 1
31 84 1
31 96 1
31 97 1
31 124 1
31 126 1
31 136 1
31 140 1
31 146 1
31 152 1
32 44 1
32 51 1
32 52 1
32 59 1
32 73 1
32 74 1
32 84 1
32 89 1
32 90 1
32 96 1
32 98 1
32 99 1
32 104 1
32 112 1
32 132 1
32 134 1
32 139 1
32 143 1
32 147 1
33 36 1
33 49 1
33 55 1
33 62 1
33 64 1
33 72 1
33 86 1
33 87 1
33 95 1
33 96 1
33 99 1
33 107 1
33 157 1
33 159 1
34 37 1
34 51 1
34 54 1
34 55 1
34 66 1
34 67 1
34 68 1
34 70 1
34 90 1
34 93 1
34 101 1
34 110 1
34 127 1
34 132 1
34 138 1
34 147 1
34 152 1
34 154 1
35 40 1
35 41 1
35 43 1
35 51 1
35 59 1
35 66 1
35 75 1
35 110 1
35 124 1
35 136 1
35 142 1
35 145 1
35 156 1
36 40 1
36 52 1
36 60 1
36 71 1
36 74 1
36 80 1
36 90 1
36 94 1
36 105 1
36 107 1
36 110 1
36 125 1
36 129 1
36 130 1
36 142 1
36 150 1
36 156 1
36 157 1
37 41 1
37 51 1
37 55 1
37 58 1
37 65 1
37 77 1
37 83 1
37 84 1
37 91 1
37 103 1
37 104 1
37 109 1
37 110 1
37 116 1
37 123 1
37 136 1
37 140 1
37 145 1
37 148 1
38 51 1
38 54 1
38 60 1
38 72 1
38 81 1
38 83 1
38 106 1
38 107 1
38 109 1
38 112 1
38 119 1
38 145 1
38 146 1
38 150 1
38 152 1
39 49 1
39 52 1
39 55 1
39 62 1
39 73 1
39 83 1
39 108 1
39 117 1
39 118 1
39 136 1
39 148 1
39 151 1
40 59 1
40 91 1
40 96 1
40 104 1
40 117 1
40 122 1
40 127 1
40 136 1
40 137 1
41 42 1
41 45 1
41 58 1
41 64 1
41 67 1
41 70 1
41 72 1
41 76 1
41 86 1
41 107 1
41 133 1
41 152 1
42 48 1
42 61 1
42 64 1
42 68 1
42 69 1
42 73 1
42 74 1
42 75 1
42 85 1
42 108 1
42 110 1
42 118 1
42 123 1
42 128 1
42 139 1
42 148 1
42 150 1
42 157 1
43 49 1
43 52 1
43 58 1
43 70 1
43 75 1
43 78 1
43 79 1
43 83 1
43 90 1
43 155 1
43 157 1
44 48 1
44 50 1
44 52 1
44 61 1
44 66 1
44 72 1
44 116 1
44 123 1
44 124 1
44 130 1
44 139 1
44 141 1
44 142 1
44 159 1
45 51 1
45 56 1
45 59 1
45 68 1
45 83 1
45 89 1
45 94 1
45 95 1
45 100 1
45 103 1
45 125 1
45 137 1
45 149 1
45 153 1
46 60 1
46 62 1
46 65 1
46 68 1
46 71 1
46 80 1
46 83 1
46 85 1
46 91 1
46 92 1
46 99 1
46 100 1
46 118 1
46 142 1
46 154 1
46 155 1
47 50 1
47 82 1
47 100 1
47 101 1
47 103 1
47 120 1
47 134 1
47 144 1
48 53 1
48 55 1
48 56 1
48 57 1
48 65 1
48 77 1
48 91 1
48 117 1
48 130 1
48 139 1
48 149 1
49 59 1
49 60 1
49 61 1
49 64 1
49 68 1
49 73 1
49 83 1
49 86 1
49 88 1
49 90 1
49 95 1
49 100 1
49 107 1
49 121 1
49 141 1
49 148 1
49 155 1
50 55 1
50 61 1
50 63 1
50 88 1
50 102 1
50 107 1
50 108 1
50 110 1
50 111 1
50 123 1
50 126 1
50 137 1
50 146 1
50 152 1
50 156 1
51 53 1
51 64 1
51 90 1
51 105 1
51 117 1
51 119 1
51 139 1
51 140 1
52 62 1
52 63 1
52 80 1
52 94 1
52 96 1
52 104 1
52 113 1
52 114 1
52 123 1
52 128 1
52 130 1
52 131 1
52 137 1
52 156 1
53 54 1
53 58 1
53 71 1
53 75 1
53 101 1
53 102 1
53 106 1
53 114 1
53 115 1
53 122 1
53 143 1
53 144 1
53 145 1
53 152 1
54 68 1
54 71 1
54 73 1
54 78 1
54 81 1
54 89 1
54 92 1
54 95 1
54 98 1
54 110 1
54 111 1
54 113 1
54 126 1
54 127 1
54 133 1
54 136 1
54 138 1
54 139 1
54 141 1
55 69 1
55 83 1
55 89 1
55 92 1
55 101 1
55 102 1
55 105 1
55 113 1
55 114 1
55 142 1
55 149 1
55 159 1
56 61 1
56 82 1
56 92 1
56 97 1
56 105 1
56 110 1
56 117 1
56 121 1
56 132 1
56 138 1
56 150 1
56 157 1
57 65 1
57 76 1
57 84 1
57 101 1
57 103 1
57 106 1
57 110 1
57 112 1
57 120 1
57 124 1
57 131 1
57 135 1
57 139 1
57 143 1
57 149 1
58 61 1
58 63 1
58 65 1
58 66 1
58 72 1
58 73 1
58 82 1
58 85 1
58 93 1
58 98 1
58 99 1
58 103 1
58 104 1
58 107 1
58 112 1
58 115 1
58 117 1
58 122 1
58 129 1
58 130 1
58 135 1
58 138 1
58 140 1
58 141 1
58 144 1
58 148 1
59 62 1
59 77 1
59 86 1
59 87 1
59 96 1
59 101 1
59 103 1
59 114 1
59 119 1
59 131 1
59 138 1
59 141 1
60 63 1
60 66 1
60 71 1
60 82 1
60 85 1
60 90 1
60 92 1
60 98 1
60 110 1
60 115 1
60 128 1
60 131 1
60 134 1
60 137 1
60 141 1
60 143 1
61 63 1
61 75 1
61 76 1
61 95 1
61 100 1
61 103 1
61 106 1
61 109 1
61 113 1
61 115 1
61 131 1
61 132 1
61 134 1
61 136 1
62 63 1
62 68 1
62 80 1
62 86 1
62 92 1
62 108 1
62 115 1
62 140 1
62 157 1
63 74 1
63 84 1
63 91 1
63 101 1
63 107 1
63 124 1
63 128 1
63 129 1
63 130 1
63 134 1
63 153 1
63 158 1
64 82 1
64 84 1
64 90 1
64 103 1
64 108 1
64 125 1
64 134 1
64 136 1
64 143 1
64 154 1
65 66 1
65 69 1
65 74 1
65 80 1
65 88 1
65 93 1
65 95 1
65 97 1
65 103 1
65 109 1
65 113 1
65 125 1
65 127 1
65 134 1
65 153 1
65 155 1
66 70 1
66 77 1
66 79 1
66 89 1
66 93 1
66 112 1
66 113 1
66 120 1
66 122 1
66 125 1
66 127 1
66 133 1
66 135 1
66 146 1
66 148 1
66 152 1
67 68 1
67 76 1
67 85 1
67 100 1
67 103 1
67 109 1
67 113 1
67 116 1
67 135 1
67 141 1
67 151 1
67 158 1
68 83 1
68 91 1
68 97 1
68 100 1
68 117 1
68 121 1
68 147 1
68 150 1
68 155 1
68 156 1
68 157 1
68 159 1
69 71 1
69 78 1
69 98 1
69 105 1
69 111 1
69 116 1
69 117 1
69 121 1
69 122 1
69 136 1
69 139 1
69 140 1
69 145 1
69 152 1
69 155 1
70 96 1
70 108 1
70 111 1
70 132 1
70 137 1
70 139 1
71 79 1
71 88 1
71 89 1
71 93 1
71 99 1
71 105 1
71 116 1
71 117 1
71 133 1
71 136 1
71 150 1
71 151 1
72 92 1
72 120 1
72 122 1
72 147 1
73 77 1
73 98 1
73 108 1
73 110 1
73 119 1
73 122 1
73 150 1
74 77 1
74 79 1
74 85 1
74 87 1
74 91 1
74 118 1
74 125 1
74 136 1
75 89 1
75 91 1
75 94 1
75 102 1
75 104 1
75 136 1
75 138 1
75 154 1
76 79 1
76 82 1
76 86 1
76 87 1
76 91 1
76 99 1
76 102 1
76 107 1
76 113 1
76 120 1
76 124 1
76 129 1
77 81 1
77 82 1
77 86 1
77 88 1
77 94 1
77 99 1
77 106 1
77 110 1
77 121 1
77 128 1
77 148 1
78 82 1
78 85 1
78 91 1
78 108 1
78 126 1
78 133 1
78 135 1
78 144 1
78 146 1
78 147 1
78 159 1
79 92 1
79 96 1
79 104 1
79 105 1
79 108 1
79 122 1
79 137 1
79 140 1
79 141 1
80 86 1
80 88 1
80 89 1
80 94 1
80 111 1
80 115 1
80 131 1
80 142 1
81 96 1
81 98 1
81 102 1
81 110 1
81 112 1
81 115 1
81 123 1
81 128 1
82 83 1
82 87 1
82 100 1
82 120 1
82 124 1
83 85 1
83 130 1
83 134 1
83 139 1
83 140 1
83 146 1
83 151 1
83 152 1
83 155 1
84 89 1
84 90 1
84 93 1
84 105 1
84 127 1
84 138 1
84 144 1
84 155 1
85 107 1
85 110 1
85 113 1
85 135 1
85 137 1
85 157 1
86 87 1
86 88 1
86 101 1
86 109 1
86 113 1
86 139 1
86 143 1
86 145 1
86 146 1
86 153 1
87 90 1
87 100 1
87 105 1
87 107 1
87 108 1
87 110 1
87 112 1
87 131 1
87 134 1
87 139 1
87 140 1
87 142 1
87 144 1
87 147 1
87 149 1
87 155 1
87 156 1
87 157 1
88 93 1
88 96 1
88 99 1
88 105 1
88 119 1
88 134 1
88 136 1
88 146 1
88 148 1
88 149 1
88 151 1
89 91 1
89 99 1
89 101 1
89 102 1
89 113 1
89 118 1
89 119 1
89 121 1
89 148 1
89 151 1
89 156 1
89 158 1
90 95 1
90 103 1
90 117 1
90 119 1
90 125 1
90 134 1
90 145 1
90 153 1
91 94 1
91 99 1
91 104 1
91 112 1
91 117 1
91 118 1
91 120 1
91 125 1
91 136 1
91 139 1
91 152 1
91 156 1
92 93 1
92 114 1
92 119 1
92 134 1
92 137 1
92 147 1
92 156 1
93 94 1
93 96 1
93 102 1
93 103 1
93 114 1
93 117 1
93 136 1
93 139 1
93 145 1
93 149 1
94 109 1
94 119 1
94 122 1
94 129 1
94 131 1
94 133 1
94 136 1
95 96 1
95 105 1
95 107 1
95 117 1
95 126 1
95 135 1
95 150 1
96 97 1
96 112 1
96 117 1
96 150 1
96 151 1
97 98 1
97 99 1
97 104 1
97 106 1
97 107 1
97 108 1
97 110 1
97 119 1
97 140 1
97 142 1
98 106 1
98 111 1
98 117 1
98 119 1
98 120 1
98 125 1
98 153 1
98 159 1
99 100 1
99 110 1
99 114 1
99 132 1
99 140 1
99 142 1
99 155 1
99 158 1
100 101 1
100 110 1
100 113 1
100 114 1
100 122 1
100 124 1
100 133 1
100 134 1
100 143 1
100 154 1
101 119 1
101 124 1
101 126 1
101 130 1
101 135 1
101 141 1
101 146 1
102 105 1
102 126 1
102 127 1
102 133 1
102 141 1
102 156 1
103 110 1
103 115 1
103 118 1
103 119 1
103 124 1
103 126 1
103 132 1
103 145 1
104 109 1
104 134 1
104 148 1
104 154 1
104 159 1
105 113 1
105 119 1
105 123 1
105 129 1
105 139 1
105 149 1
105 159 1
106 116 1
106 121 1
106 123 1
106 127 1
106 131 1
106 132 1
106 133 1
106 136 1
106 137 1
106 146 1
106 154 1
107 113 1
107 118 1
107 120 1
107 124 1
107 138 1
107 155 1
108 112 1
108 130 1
108 135 1
108 137 1
108 143 1
108 147 1
108 153 1
109 111 1
109 112 1
109 115 1
109 120 1
109 124 1
109 135 1
109 140 1
109 141 1
110 116 1
110 131 1
110 141 1
110 142 1
110 146 1
110 150 1
110 151 1
110 154 1
110 158 1
111 119 1
111 132 1
111 136 1
111 139 1
111 140 1
111 141 1
111 151 1
111 152 1
112 126 1
112 129 1
112 132 1
112 133 1
112 134 1
112 141 1
112 154 1
113 126 1
113 137 1
113 139 1
113 148 1
113 158 1
114 116 1
114 129 1
114 131 1
114 133 1
114 137 1
114 139 1
114 142 1
114 145 1
114 149 1
114 150 1
115 119 1
115 137 1
115 150 1
115 151 1
115 153 1
115 156 1
115 159 1
116 118 1
116 132 1
116 137 1
116 142 1
116 150 1
116 157 1
117 122 1
117 125 1
117 131 1
117 136 1
117 139 1
117 141 1
117 150 1
117 151 1
117 152 1
117 154 1
117 157 1
118 137 1
118 143 1
118 146 1
118 151 1
119 129 1
119 134 1
119 139 1
119 151 1
119 154 1
120 147 1
120 155 1
121 123 1
121 126 1
121 127 1
121 140 1
121 141 1
122 123 1
122 131 1
122 138 1
122 140 1
122 146 1
123 125 1
124 131 1
124 135 1
124 138 1
124 141 1
124 149 1
125 126 1
125 133 1
125 141 1
125 142 1
125 155 1
125 158 1
126 150 1
126 151 1
126 154 1
126 155 1
127 145 1
127 150 1
127 151 1
128 130 1
128 139 1
128 151 1
129 133 1
129 135 1
129 145 1
129 152 1
129 153 1
129 155 1
130 131 1
130 134 1
130 146 1
131 135 1
131 142 1
131 150 1
131 158 1
132 136 1
132 137 1
132 145 1
132 147 1
133 142 1
133 144 1
133 146 1
133 149 1
133 151 1
133 157 1
133 158 1
134 148 1
134 152 1
135 144 1
136 141 1
136 145 1
136 149 1
136 156 1
137 149 1
137 152 1
138 152 1
138 158 1
140 142 1
140 143 1
140 147 1
140 152 1
140 155 1
141 145 1
141 156 1
142 145 1
142 154 1
142 159 1
143 155 1
143 158 1
144 145 1
145 148 1
145 154 1
146 153 1
147 153 1
148 154 1
149 154 1
149 156 1
150 155 1
151 159 1
154 157 1
154 158 1
155 157 1
1
149 159 83 37 38 98 41 92 74 9 102 10 80 115 22 57
