2020
0 4 1
0 26 1
0 30 1
0 44 1
0 49 1
0 61 1
0 62 1
0 67 1
0 73 1
0 81 1
0 94 1
0 95 1
0 98 1
0 99 1
0 108 1
0 109 1
0 119 1
0 126 1
0 132 1
0 134 1
0 138 1
0 142 1
0 144 1
0 151 1
0 152 1
0 155 1
0 158 1
0 163 1
0 165 1
1 4 1
1 12 1
1 24 1
1 29 1
1 40 1
1 48 1
1 50 1
1 54 1
1 56 1
1 68 1
1 70 1
1 83 1
1 93 1
1 95 1
1 115 1
1 117 1
1 120 1
1 131 1
1 137 1
1 144 1
1 157 1
1 159 1
1 163 1
1 167 1
1 173 1
1 181 1
1 188 1
2 8 1
2 9 1
2 28 1
2 34 1
2 35 1
2 37 1
2 39 1
2 44 1
2 47 1
2 49 1
2 52 1
2 64 1
2 65 1
2 68 1
2 73 1
2 76 1
2 81 1
2 82 1
2 104 1
2 120 1
2 154 1
2 155 1
2 161 1
2 163 1
2 176 1
2 186 1
3 7 1
3 13 1
3 22 1
3 28 1
3 32 1
3 54 1
3 55 1
3 58 1
3 90 1
3 91 1
3 103 1
3 121 1
3 140 1
3 153 1
3 156 1
3 162 1
3 168 1
3 169 1
3 185 1
4 5 1
4 17 1
4 26 1
4 27 1
4 32 1
4 33 1
4 56 1
4 58 1
4 63 1
4 68 1
4 73 1
4 76 1
4 102 1
4 114 1
4 121 1
4 139 1
4 143 1
4 155 1
4 159 1
4 166 1
4 167 1
4 175 1
4 182 1
4 184 1
5 26 1
5 33 1
5 52 1
5 53 1
5 56 1
5 83 1
5 84 1
5 92 1
5 108 1
5 109 1
5 112 1
5 133 1
5 151 1
5 154 1
5 164 1
5 166 1
5 172 1
5 173 1
5 184 1
6 18 1
6 21 1
6 24 1
6 29 1
6 31 1
6 35 1
6 48 1
6 83 1
6 119 1
6 123 1
6 135 1
6 142 1
6 144 1
6 147 1
6 148 1
6 154 1
6 159 1
6 162 1
6 171 1
6 184 1
7 16 1
7 43 1
7 47 1
7 48 1
7 61 1
7 69 1
7 79 1
7 88 1
7 89 1
7 98 1
7 100 1
7 101 1
7 125 1
7 126 1
7 129 1
7 135 1
7 143 1
7 146 1
7 162 1
7 163 1
7 164 1
7 166 1
7 170 1
7 178 1
7 179 1
7 180 1
8 24 1
8 38 1
8 47 1
8 52 1
8 76 1
8 78 1
8 80 1
8 82 1
8 101 1
8 102 1
8 112 1
8 117 1
8 120 1
8 131 1
8 134 1
8 155 1
8 161 1
8 163 1
8 165 1
8 166 1
8 168 1
8 182 1
9 39 1
9 43 1
9 71 1
9 83 1
9 94 1
9 104 1
9 106 1
9 113 1
9 121 1
9 141 1
9 155 1
9 157 1
9 175 1
9 176 1
9 178 1
9 186 1
10 13 1
10 17 1
10 34 1
10 37 1
10 52 1
10 62 1
10 68 1
10 72 1
10 74 1
10 85 1
10 92 1
10 94 1
10 127 1
10 128 1
10 131 1
10 139 1
10 140 1
10 164 1
10 168 1
10 187 1
10 188 1
11 33 1
11 36 1
11 39 1
11 53 1
11 73 1
11 88 1
11 96 1
11 97 1
11 98 1
11 128 1
11 146 1
11 148 1
11 158 1
11 163 1
12 17 1
12 24 1
12 52 1
12 55 1
12 56 1
12 62 1
12 63 1
12 81 1
12 87 1
12 89 1
12 111 1
12 128 1
12 136 1
12 154 1
12 155 1
12 171 1
12 174 1
12 180 1
13 14 1
13 18 1
13 34 1
13 36 1
13 37 1
13 52 1
13 90 1
13 93 1
13 101 1
13 114 1
13 132 1
13 147 1
13 158 1
13 163 1
13 189 1
14 21 1
14 22 1
14 37 1
14 38 1
14 39 1
14 45 1
14 58 1
14 69 1
14 71 1
14 74 1
14 86 1
14 98 1
14 103 1
14 115 1
14 138 1
14 157 1
14 169 1
14 176 1
14 184 1
15 21 1
15 23 1
15 25 1
15 38 1
15 41 1
15 46 1
15 53 1
15 56 1
15 64 1
15 69 1
15 76 1
15 99 1
15 113 1
15 118 1
15 135 1
15 136 1
15 137 1
15 149 1
15 154 1
15 167 1
15 168 1
15 173 1
15 175 1
15 186 1
15 189 1
16 22 1
16 32 1
16 41 1
16 47 1
16 49 1
16 54 1
16 70 1
16 76 1
16 79 1
16 82 1
16 104 1
16 110 1
16 111 1
16 124 1
16 125 1
16 128 1
16 135 1
16 139 1
16 147 1
16 155 1
16 162 1
16 165 1
16 167 1
17 23 1
17 46 1
17 51 1
17 52 1
17 59 1
17 77 1
17 78 1
17 81 1
17 85 1
17 100 1
17 102 1
17 108 1
17 111 1
17 117 1
17 145 1
17 159 1
17 170 1
17 173 1
17 174 1
18 31 1
18 33 1
18 49 1
18 50 1
18 64 1
18 77 1
18 88 1
18 89 1
18 90 1
18 109 1
18 117 1
18 130 1
18 132 1
18 133 1
18 135 1
18 138 1
18 141 1
18 146 1
18 148 1
18 150 1
18 152 1
18 161 1
18 163 1
18 172 1
18 174 1
19 30 1
19 55 1
19 76 1
19 99 1
19 107 1
19 111 1
19 120 1
19 124 1
19 126 1
19 144 1
19 145 1
19 147 1
19 148 1
19 150 1
19 164 1
19 169 1
19 175 1
19 178 1
20 34 1
20 35 1
20 42 1
20 45 1
20 47 1
20 52 1
20 63 1
20 68 1
20 71 1
20 81 1
20 82 1
20 92 1
20 95 1
20 118 1
20 120 1
20 139 1
20 140 1
20 158 1
20 176 1
21 30 1
21 35 1
21 40 1
21 45 1
21 49 1
21 59 1
21 72 1
21 79 1
21 84 1
21 86 1
21 95 1
21 96 1
21 100 1
21 103 1
21 136 1
21 137 1
21 141 1
21 161 1
21 180 1
21 185 1
21 187 1
21 188 1
22 29 1
22 38 1
22 40 1
22 45 1
22 48 1
22 49 1
22 52 1
22 53 1
22 67 1
22 69 1
22 71 1
22 74 1
22 77 1
22 97 1
22 100 1
22 112 1
22 118 1
22 122 1
22 130 1
22 138 1
22 169 1
22 180 1
22 186 1
22 189 1
23 25 1
23 28 1
23 31 1
23 33 1
23 59 1
23 63 1
23 68 1
23 70 1
23 73 1
23 75 1
23 82 1
23 85 1
23 89 1
23 91 1
23 103 1
23 114 1
23 119 1
23 133 1
23 138 1
23 147 1
23 151 1
23 159 1
23 177 1
23 178 1
23 184 1
23 186 1
24 42 1
24 50 1
24 74 1
24 86 1
24 94 1
24 98 1
24 105 1
24 112 1
24 117 1
24 118 1
24 120 1
24 127 1
24 138 1
24 161 1
24 166 1
24 168 1
24 172 1
24 179 1
24 182 1
24 185 1
25 40 1
25 78 1
25 82 1
25 87 1
25 101 1
25 116 1
25 117 1
25 122 1
25 132 1
25 137 1
25 138 1
25 139 1
25 158 1
25 160 1
25 163 1
25 186 1
26 29 1
26 55 1
26 76 1
26 89 1
26 94 1
26 108 1
26 112 1
26 115 1
26 125 1
26 126 1
26 130 1
26 134 1
26 152 1
26 166 1
26 169 1
26 175 1
26 176 1
27 31 1
27 50 1
27 53 1
27 57 1
27 62 1
27 65 1
27 72 1
27 73 1
27 77 1
27 81 1
27 82 1
27 104 1
27 110 1
27 129 1
27 131 1
27 147 1
27 152 1
27 162 1
27 165 1
27 166 1
27 172 1
27 176 1
27 188 1
28 36 1
28 41 1
28 46 1
28 51 1
28 71 1
28 75 1
28 78 1
28 79 1
28 94 1
28 100 1
28 123 1
28 132 1
28 146 1
28 163 1
28 167 1
28 172 1
29 45 1
29 47 1
29 49 1
29 51 1
29 52 1
29 64 1
29 78 1
29 88 1
29 91 1
29 97 1
29 99 1
29 110 1
29 121 1
29 146 1
29 158 1
29 160 1
29 171 1
29 181 1
29 184 1
30 31 1
30 40 1
30 75 1
30 78 1
30 79 1
30 86 1
30 98 1
30 101 1
30 103 1
30 112 1
30 116 1
30 117 1
30 118 1
30 139 1
30 141 1
30 142 1
30 157 1
30 164 1
31 42 1
31 45 1
31 68 1
31 70 1
31 82 1
31 98 1
31 99 1
31 106 1
31 117 1
31 132 1
31 137 1
31 139 1
31 141 1
31 148 1
31 159 1
31 168 1
31 171 1
31 172 1
31 174 1
31 180 1
32 33 1
32 40 1
32 44 1
32 60 1
32 72 1
32 76 1
32 85 1
32 91 1
32 96 1
32 100 1
32 102 1
32 111 1
32 119 1
32 125 1
32 128 1
32 141 1
32 143 1
32 144 1
32 155 1
32 157 1
32 184 1
33 40 1
33 50 1
33 55 1
33 56 1
33 76 1
33 94 1
33 97 1
33 101 1
33 102 1
33 104 1
33 108 1
33 143 1
33 174 1
33 178 1
33 189 1
34 43 1
34 60 1
34 72 1
34 75 1
34 84 1
34 98 1
34 99 1
34 100 1
34 103 1
34 104 1
34 115 1
34 126 1
34 131 1
34 133 1
34 155 1
34 162 1
34 188 1
34 189 1
35 37 1
35 40 1
35 46 1
35 49 1
35 67 1
35 70 1
35 85 1
35 90 1
35 94 1
35 97 1
35 108 1
35 111 1
35 120 1
35 121 1
35 158 1
35 162 1
35 168 1
35 180 1
35 181 1
36 44 1
36 48 1
36 49 1
36 51 1
36 57 1
36 61 1
36 71 1
36 88 1
36 92 1
36 105 1
36 109 1
36 114 1
36 115 1
36 120 1
36 125 1
36 142 1
36 161 1
37 38 1
37 49 1
37 51 1
37 71 1
37 100 1
37 128 1
37 130 1
37 139 1
37 149 1
37 153 1
37 164 1
37 170 1
37 176 1
38 41 1
38 71 1
38 72 1
38 95 1
38 125 1
38 130 1
38 167 1
38 168 1
39 47 1
39 69 1
39 72 1
39 85 1
39 97 1
39 98 1
39 102 1
39 108 1
39 113 1
39 127 1
39 129 1
39 140 1
39 148 1
39 151 1
39 158 1
39 159 1
39 169 1
39 189 1
40 47 1
40 70 1
40 74 1
40 77 1
40 84 1
40 97 1
40 120 1
40 137 1
40 150 1
40 153 1
40 154 1
40 155 1
40 170 1
40 171 1
40 177 1
40 184 1
41 42 1
41 44 1
41 54 1
41 63 1
41 64 1
41 94 1
41 116 1
41 132 1
41 142 1
41 162 1
41 163 1
41 167 1
41 168 1
41 178 1
41 181 1
41 183 1
42 44 1
42 48 1
42 53 1
42 57 1
42 61 1
42 67 1
42 90 1
42 101 1
42 109 1
42 113 1
42 128 1
42 139 1
42 140 1
42 146 1
42 148 1
42 166 1
42 169 1
42 176 1
43 57 1
43 58 1
43 64 1
43 79 1
43 84 1
43 94 1
43 108 1
43 117 1
43 121 1
43 127 1
43 135 1
43 147 1
43 151 1
43 154 1
43 158 1
43 162 1
43 175 1
44 48 1
44 58 1
44 67 1
44 77 1
44 80 1
44 82 1
44 105 1
44 116 1
44 120 1
44 121 1
44 126 1
44 130 1
44 133 1
44 140 1
44 153 1
44 159 1
44 172 1
44 173 1
44 186 1
44 188 1
45 63 1
45 97 1
45 104 1
45 105 1
45 109 1
45 110 1
45 114 1
45 122 1
45 135 1
45 142 1
45 150 1
45 159 1
45 164 1
45 182 1
45 185 1
45 187 1
45 189 1
46 49 1
46 56 1
46 57 1
46 71 1
46 89 1
46 92 1
46 95 1
46 97 1
46 100 1
46 121 1
46 132 1
46 145 1
46 163 1
46 165 1
46 169 1
46 174 1
46 177 1
46 178 1
46 185 1
47 55 1
47 65 1
47 66 1
47 82 1
47 107 1
47 108 1
47 119 1
47 149 1
47 174 1
48 50 1
48 53 1
48 57 1
48 62 1
48 66 1
48 67 1
48 69 1
48 74 1
48 108 1
48 110 1
48 113 1
48 118 1
48 120 1
48 131 1
48 136 1
48 137 1
48 141 1
48 150 1
48 167 1
48 175 1
48 179 1
48 180 1
49 80 1
49 81 1
49 91 1
49 94 1
49 99 1
49 103 1
49 105 1
49 108 1
49 118 1
49 144 1
49 155 1
49 156 1
49 158 1
49 160 1
49 167 1
49 170 1
49 172 1
49 176 1
49 186 1
50 51 1
50 68 1
50 76 1
50 78 1
50 83 1
50 87 1
50 92 1
50 109 1
50 125 1
50 142 1
50 173 1
50 175 1
50 189 1
51 60 1
51 64 1
51 106 1
51 116 1
51 120 1
51 135 1
51 145 1
51 148 1
51 156 1
51 170 1
52 59 1
52 65 1
52 67 1
52 69 1
52 71 1
52 92 1
52 98 1
52 105 1
52 109 1
52 110 1
52 112 1
52 115 1
52 130 1
52 133 1
52 134 1
52 150 1
52 157 1
52 163 1
52 171 1
52 173 1
52 186 1
53 62 1
53 80 1
53 85 1
53 100 1
53 104 1
53 119 1
53 120 1
53 133 1
53 135 1
53 138 1
53 158 1
53 175 1
53 185 1
54 60 1
54 75 1
54 92 1
54 95 1
54 103 1
54 121 1
54 126 1
54 141 1
54 148 1
54 182 1
55 56 1
55 64 1
55 70 1
55 72 1
55 84 1
55 128 1
55 131 1
55 148 1
55 157 1
55 165 1
55 169 1
55 187 1
56 70 1
56 72 1
56 107 1
56 115 1
56 126 1
56 143 1
56 147 1
56 151 1
56 163 1
56 166 1
56 167 1
56 168 1
56 176 1
57 59 1
57 67 1
57 70 1
57 85 1
57 88 1
57 93 1
57 96 1
57 106 1
57 115 1
57 119 1
57 137 1
57 143 1
57 145 1
57 149 1
57 157 1
57 167 1
57 174 1
57 178 1
58 67 1
58 68 1
58 78 1
58 82 1
58 97 1
58 98 1
58 101 1
58 117 1
58 118 1
58 125 1
58 131 1
58 150 1
58 154 1
58 162 1
58 165 1
58 171 1
58 183 1
59 70 1
59 78 1
59 100 1
59 103 1
59 111 1
59 131 1
59 140 1
59 163 1
59 165 1
59 175 1
59 184 1
59 189 1
60 62 1
60 65 1
60 78 1
60 85 1
60 93 1
60 122 1
60 141 1
60 143 1
60 148 1
60 173 1
60 181 1
61 68 1
61 73 1
61 77 1
61 84 1
61 96 1
61 97 1
61 113 1
61 115 1
61 127 1
61 134 1
61 151 1
61 152 1
61 158 1
61 162 1
62 80 1
62 94 1
62 97 1
62 109 1
62 112 1
62 117 1
62 120 1
62 126 1
62 132 1
62 141 1
62 142 1
62 148 1
62 150 1
62 162 1
62 181 1
62 183 1
62 187 1
63 80 1
63 86 1
63 94 1
63 95 1
63 104 1
63 113 1
63 130 1
63 136 1
63 141 1
63 144 1
63 156 1
63 174 1
63 178 1
63 185 1
64 71 1
64 85 1
64 92 1
64 99 1
64 115 1
64 130 1
64 136 1
64 140 1
64 162 1
65 92 1
65 119 1
65 126 1
65 135 1
65 141 1
65 143 1
65 146 1
65 179 1
65 187 1
66 77 1
66 89 1
66 113 1
66 121 1
66 159 1
66 168 1
66 174 1
67 73 1
67 79 1
67 82 1
67 84 1
67 85 1
67 91 1
67 100 1
67 114 1
67 115 1
67 117 1
67 120 1
67 121 1
67 142 1
67 146 1
67 180 1
68 76 1
68 78 1
68 107 1
68 110 1
68 113 1
68 118 1
68 134 1
68 139 1
68 141 1
68 145 1
69 84 1
69 113 1
69 117 1
69 122 1
69 124 1
69 141 1
69 143 1
69 144 1
69 155 1
69 165 1
69 181 1
69 184 1
69 186 1
69 188 1
70 73 1
70 86 1
70 96 1
70 100 1
70 113 1
70 114 1
70 116 1
70 120 1
70 152 1
71 83 1
71 90 1
71 99 1
71 100 1
71 106 1
71 114 1
71 122 1
71 126 1
71 135 1
71 148 1
71 151 1
71 163 1
71 175 1
71 178 1
71 185 1
71 186 1
71 187 1
72 82 1
72 86 1
72 88 1
72 92 1
72 123 1
72 130 1
72 141 1
72 145 1
72 151 1
72 155 1
72 168 1
72 170 1
72 182 1
72 185 1
73 83 1
73 93 1
73 99 1
73 106 1
73 111 1
73 137 1
73 158 1
73 162 1
73 172 1
73 175 1
73 182 1
74 95 1
74 100 1
74 112 1
74 114 1
74 120 1
74 126 1
74 130 1
74 139 1
74 141 1
74 172 1
74 183 1
74 184 1
75 115 1
75 123 1
75 125 1
75 138 1
75 139 1
75 157 1
75 159 1
75 165 1
75 171 1
75 188 1
76 80 1
76 87 1
76 98 1
76 110 1
76 115 1
76 117 1
76 119 1
76 128 1
76 132 1
76 140 1
76 148 1
76 152 1
76 155 1
76 158 1
76 161 1
76 169 1
76 171 1
76 183 1
77 79 1
77 81 1
77 83 1
77 89 1
77 95 1
77 118 1
77 133 1
77 137 1
77 142 1
77 160 1
77 163 1
77 164 1
77 166 1
77 170 1
77 183 1
77 188 1
78 89 1
78 117 1
78 120 1
78 121 1
78 130 1
78 137 1
78 147 1
78 153 1
78 154 1
78 160 1
78 163 1
78 171 1
79 85 1
79 87 1
79 93 1
79 102 1
79 107 1
79 109 1
79 110 1
79 116 1
79 126 1
79 137 1
79 145 1
79 155 1
79 172 1
79 178 1
79 180 1
79 187 1
80 87 1
80 88 1
80 96 1
80 102 1
80 114 1
80 116 1
80 152 1
80 158 1
80 189 1
81 87 1
81 96 1
81 107 1
81 123 1
81 130 1
81 139 1
81 143 1
81 165 1
81 170 1
81 173 1
82 84 1
82 88 1
82 89 1
82 94 1
82 101 1
82 110 1
82 128 1
82 148 1
82 152 1
82 154 1
82 179 1
83 96 1
83 99 1
83 100 1
83 120 1
83 144 1
83 149 1
83 158 1
83 175 1
84 89 1
84 108 1
84 134 1
84 146 1
84 147 1
84 149 1
84 150 1
84 154 1
84 156 1
84 185 1
85 105 1
85 119 1
85 122 1
85 125 1
85 128 1
85 139 1
85 147 1
85 148 1
85 150 1
85 154 1
85 168 1
85 183 1
86 89 1
86 99 1
86 115 1
86 118 1
86 128 1
86 131 1
86 151 1
86 166 1
86 180 1
86 184 1
87 100 1
87 103 1
87 131 1
87 140 1
87 149 1
87 161 1
87 169 1
87 173 1
87 180 1
88 124 1
88 138 1
88 142 1
88 148 1
88 156 1
88 161 1
88 167 1
88 180 1
88 184 1
88 186 1
89 95 1
89 100 1
89 106 1
89 127 1
89 131 1
89 140 1
89 145 1
89 160 1
89 171 1
89 184 1
90 92 1
90 94 1
90 106 1
90 119 1
90 123 1
90 137 1
90 139 1
90 157 1
90 163 1
90 171 1
90 182 1
90 185 1
91 100 1
91 106 1
91 113 1
91 125 1
91 150 1
91 152 1
91 155 1
91 162 1
91 164 1
92 97 1
92 100 1
92 152 1
92 153 1
92 166 1
92 168 1
92 176 1
92 179 1
92 181 1
92 185 1
93 100 1
93 106 1
93 109 1
93 113 1
93 114 1
93 116 1
93 156 1
93 171 1
93 185 1
94 100 1
94 123 1
94 125 1
94 126 1
94 133 1
94 143 1
94 148 1
94 181 1
94 183 1
94 184 1
95 101 1
95 115 1
95 118 1
95 119 1
95 120 1
95 127 1
95 132 1
95 138 1
95 142 1
95 147 1
95 158 1
95 168 1
95 169 1
96 101 1
96 110 1
96 122 1
96 135 1
96 142 1
96 147 1
96 151 1
96 152 1
96 156 1
96 168 1
96 171 1
96 174 1
97 106 1
97 119 1
97 121 1
97 126 1
97 127 1
97 129 1
97 135 1
97 138 1
97 152 1
97 157 1
97 169 1
97 173 1
97 185 1
98 101 1
98 135 1
98 138 1
98 147 1
98 168 1
98 182 1
99 103 1
99 108 1
99 110 1
99 145 1
99 152 1
99 154 1
99 155 1
99 164 1
99 166 1
99 173 1
99 177 1
99 178 1
100 106 1
100 110 1
100 130 1
100 149 1
100 155 1
100 158 1
100 165 1
100 185 1
101 110 1
101 138 1
101 140 1
101 164 1
101 182 1
101 187 1
101 189 1
102 111 1
102 114 1
102 142 1
102 144 1
102 145 1
102 151 1
102 153 1
102 186 1
103 115 1
103 125 1
103 140 1
103 147 1
103 163 1
103 176 1
103 189 1
104 107 1
104 114 1
104 115 1
104 134 1
104 144 1
104 152 1
104 157 1
104 164 1
104 172 1
104 175 1
104 184 1
105 113 1
105 137 1
105 144 1
105 146 1
105 165 1
105 183 1
106 107 1
106 125 1
106 144 1
106 149 1
106 167 1
106 169 1
106 178 1
106 182 1
107 118 1
107 124 1
107 138 1
107 145 1
107 153 1
107 167 1
107 172 1
107 179 1
107 183 1
107 185 1
108 134 1
108 135 1
108 152 1
108 169 1
108 174 1
108 179 1
108 180 1
109 141 1
109 142 1
109 149 1
109 156 1
109 167 1
109 168 1
109 171 1
109 172 1
109 177 1
109 183 1
110 114 1
110 130 1
110 131 1
110 133 1
110 147 1
110 148 1
110 150 1
110 158 1
110 160 1
110 164 1
110 168 1
110 170 1
110 171 1
110 173 1
111 119 1
111 120 1
111 128 1
111 136 1
111 137 1
111 141 1
111 149 1
111 156 1
111 157 1
111 170 1
111 172 1
111 181 1
111 187 1
112 113 1
112 119 1
112 120 1
112 129 1
112 163 1
112 174 1
112 184 1
112 186 1
113 116 1
113 119 1
113 124 1
113 137 1
113 157 1
113 162 1
113 172 1
113 182 1
114 118 1
114 122 1
114 123 1
114 125 1
114 129 1
114 141 1
114 150 1
114 158 1
114 172 1
114 179 1
114 182 1
114 185 1
115 118 1
115 119 1
115 135 1
115 139 1
115 142 1
115 155 1
115 158 1
115 161 1
115 174 1
115 180 1
116 119 1
116 123 1
116 126 1
116 159 1
116 167 1
116 171 1
116 174 1
116 175 1
117 123 1
117 134 1
117 136 1
117 142 1
117 143 1
117 144 1
117 170 1
117 173 1
117 174 1
117 176 1
117 178 1
117 184 1
117 187 1
118 121 1
118 146 1
118 167 1
118 175 1
118 182 1
119 134 1
119 142 1
119 148 1
119 153 1
119 158 1
119 172 1
119 177 1
120 143 1
120 161 1
120 168 1
120 177 1
120 178 1
120 185 1
121 122 1
121 155 1
121 162 1
121 170 1
121 171 1
121 189 1
122 124 1
122 131 1
122 144 1
122 177 1
122 179 1
122 181 1
122 184 1
123 124 1
123 125 1
123 132 1
123 146 1
123 152 1
123 155 1
123 159 1
123 168 1
123 189 1
124 135 1
124 136 1
124 141 1
124 149 1
124 171 1
124 173 1
124 183 1
125 148 1
125 155 1
125 184 1
125 185 1
125 187 1
126 135 1
126 139 1
126 155 1
126 169 1
126 175 1
126 177 1
126 180 1
126 182 1
127 131 1
127 137 1
127 140 1
127 161 1
127 165 1
127 166 1
127 183 1
128 145 1
128 156 1
128 172 1
128 177 1
128 189 1
129 137 1
129 138 1
129 142 1
129 145 1
129 189 1
130 134 1
130 137 1
130 138 1
130 139 1
130 140 1
130 147 1
130 153 1
130 162 1
130 183 1
130 189 1
131 133 1
131 139 1
131 153 1
131 156 1
131 165 1
131 183 1
132 139 1
132 141 1
132 143 1
132 148 1
132 149 1
132 156 1
132 160 1
132 182 1
132 183 1
133 158 1
133 164 1
133 177 1
133 178 1
133 179 1
133 187 1
134 136 1
134 145 1
134 161 1
134 162 1
134 164 1
134 185 1
135 144 1
135 146 1
135 149 1
135 150 1
135 151 1
135 162 1
135 163 1
135 179 1
135 180 1
135 182 1
135 187 1
136 142 1
136 160 1
136 161 1
136 173 1
136 176 1
137 140 1
137 141 1
137 152 1
138 139 1
138 143 1
138 154 1
138 157 1
138 175 1
138 188 1
139 152 1
139 156 1
139 163 1
139 169 1
139 170 1
139 171 1
139 172 1
139 178 1
139 183 1
139 189 1
140 162 1
140 175 1
140 179 1
140 184 1
140 186 1
141 144 1
141 148 1
141 161 1
141 170 1
141 178 1
141 179 1
141 188 1
142 145 1
142 157 1
142 165 1
142 175 1
142 180 1
143 150 1
144 152 1
144 160 1
144 167 1
144 178 1
144 180 1
144 189 1
145 148 1
145 149 1
145 151 1
145 154 1
145 158 1
145 162 1
145 166 1
145 185 1
145 188 1
146 147 1
146 154 1
146 166 1
146 176 1
146 181 1
146 184 1
147 148 1
147 155 1
147 156 1
147 161 1
147 167 1
147 183 1
148 150 1
148 160 1
148 167 1
148 169 1
148 176 1
148 180 1
148 183 1
148 188 1
149 164 1
149 171 1
149 172 1
149 177 1
149 185 1
150 159 1
151 152 1
151 163 1
151 165 1
151 172 1
151 187 1
152 159 1
152 185 1
153 172 1
153 176 1
153 180 1
153 186 1
154 165 1
154 174 1
154 175 1
154 184 1
155 172 1
155 174 1
155 182 1
155 186 1
156 162 1
156 173 1
156 184 1
156 185 1
157 165 1
157 175 1
157 183 1
157 185 1
158 161 1
158 165 1
158 168 1
158 178 1
159 166 1
159 172 1
159 188 1
160 161 1
160 162 1
160 178 1
160 182 1
162 164 1
163 165 1
163 178 1
163 181 1
164 165 1
164 169 1
164 176 1
164 180 1
165 181 1
166 169 1
166 172 1
167 183 1
167 184 1
167 188 1
168 173 1
168 181 1
168 184 1
169 171 1
169 177 1
169 179 1
170 175 1
170 188 1
171 184 1
171 187 1
172 173 1
172 178 1
172 184 1
173 178 1
173 188 1
174 182 1
175 178 1
175 181 1
175 188 1
176 182 1
177 182 1
177 183 1
178 183 1
183 185 1
184 189 1
185 188 1
1
163 187 176 153 23 139 73 116 118 96 58 188 42 183 123 48 182 92 17
