493
0 1 1
0 7 1
0 8 1
0 14 1
0 18 1
0 21 1
0 27 1
0 31 1
0 32 1
0 34 1
0 40 1
0 44 1
0 46 1
0 49 1
0 52 1
0 53 1
0 54 1
0 56 1
1 6 1
1 10 1
1 15 1
1 16 1
1 18 1
1 24 1
1 29 1
1 30 1
1 31 1
1 37 1
1 41 1
1 50 1
1 53 1
1 55 1
1 57 1
2 13 1
2 14 1
2 15 1
2 16 1
2 20 1
2 25 1
2 28 1
2 30 1
2 37 1
2 53 1
2 54 1
2 57 1
3 10 1
3 13 1
3 15 1
3 17 1
3 19 1
3 20 1
3 22 1
3 25 1
3 28 1
3 34 1
3 35 1
3 48 1
3 51 1
3 53 1
3 54 1
4 11 1
4 15 1
4 16 1
4 21 1
4 22 1
4 25 1
4 26 1
4 32 1
4 35 1
4 36 1
4 37 1
4 44 1
4 45 1
4 52 1
4 53 1
4 54 1
5 6 1
5 9 1
5 16 1
5 17 1
5 25 1
5 29 1
5 31 1
5 36 1
5 40 1
5 48 1
5 49 1
5 55 1
5 57 1
6 11 1
6 14 1
6 15 1
6 19 1
6 21 1
6 23 1
6 26 1
6 27 1
6 30 1
6 33 1
6 35 1
6 38 1
6 39 1
6 42 1
6 48 1
6 51 1
6 54 1
6 59 1
7 9 1
7 10 1
7 15 1
7 16 1
7 17 1
7 20 1
7 21 1
7 27 1
7 31 1
7 38 1
7 45 1
7 46 1
7 50 1
7 55 1
7 57 1
8 13 1
8 21 1
8 24 1
8 28 1
8 46 1
8 47 1
8 49 1
8 55 1
8 56 1
8 57 1
8 59 1
9 10 1
9 18 1
9 19 1
9 20 1
9 28 1
9 29 1
9 30 1
9 32 1
9 34 1
9 49 1
9 54 1
9 56 1
9 57 1
10 14 1
10 16 1
10 17 1
10 25 1
10 26 1
10 32 1
10 35 1
10 37 1
10 39 1
10 41 1
10 48 1
10 51 1
10 56 1
10 59 1
11 14 1
11 17 1
11 27 1
11 35 1
11 39 1
11 44 1
11 45 1
11 53 1
11 54 1
12 15 1
12 16 1
12 17 1
12 23 1
12 30 1
12 32 1
12 40 1
12 42 1
12 43 1
12 49 1
12 51 1
13 17 1
13 20 1
13 25 1
13 26 1
13 30 1
13 33 1
13 34 1
13 36 1
13 40 1
13 50 1
13 52 1
13 58 1
13 59 1
14 30 1
14 31 1
14 36 1
14 37 1
14 40 1
14 46 1
14 49 1
14 53 1
14 54 1
14 55 1
14 57 1
14 58 1
14 59 1
15 20 1
15 25 1
15 28 1
15 32 1
15 34 1
15 35 1
15 36 1
15 43 1
15 50 1
15 51 1
15 58 1
16 20 1
16 22 1
16 24 1
16 29 1
16 30 1
16 33 1
16 38 1
16 41 1
16 43 1
16 48 1
16 53 1
16 58 1
16 59 1
17 18 1
17 20 1
17 26 1
17 30 1
17 37 1
17 41 1
17 46 1
17 54 1
17 58 1
18 20 1
18 26 1
18 31 1
18 33 1
18 38 1
18 42 1
18 46 1
18 47 1
19 25 1
19 29 1
19 32 1
19 35 1
19 36 1
19 39 1
19 43 1
19 45 1
19 49 1
19 50 1
20 21 1
20 26 1
20 28 1
20 38 1
20 42 1
20 45 1
20 46 1
20 53 1
20 57 1
21 23 1
21 24 1
21 32 1
21 33 1
21 38 1
21 43 1
21 44 1
21 45 1
21 50 1
21 51 1
21 53 1
21 55 1
21 58 1
22 25 1
22 27 1
22 28 1
22 29 1
22 34 1
22 36 1
22 37 1
22 43 1
22 44 1
22 45 1
22 48 1
22 50 1
22 56 1
22 59 1
23 25 1
23 28 1
23 30 1
23 38 1
23 40 1
23 43 1
23 44 1
23 51 1
23 53 1
23 56 1
23 57 1
23 59 1
24 25 1
24 27 1
24 28 1
24 30 1
24 31 1
24 36 1
24 37 1
24 40 1
24 41 1
24 43 1
24 45 1
24 46 1
24 50 1
24 53 1
24 58 1
25 30 1
25 31 1
25 33 1
25 38 1
25 39 1
25 40 1
25 41 1
25 46 1
25 49 1
25 50 1
25 56 1
25 59 1
26 27 1
26 32 1
26 33 1
26 34 1
26 47 1
26 50 1
26 54 1
26 55 1
26 57 1
26 58 1
26 59 1
27 35 1
27 56 1
28 29 1
28 31 1
28 34 1
28 41 1
28 46 1
28 54 1
28 55 1
28 56 1
28 57 1
29 34 1
29 35 1
29 40 1
29 43 1
29 49 1
29 51 1
29 53 1
29 55 1
30 32 1
30 36 1
30 37 1
30 38 1
30 41 1
30 46 1
30 51 1
30 54 1
30 55 1
30 59 1
31 32 1
31 33 1
31 35 1
31 38 1
31 39 1
31 40 1
31 41 1
31 42 1
31 53 1
31 54 1
32 34 1
32 43 1
32 44 1
32 45 1
32 47 1
32 48 1
32 49 1
32 50 1
32 53 1
32 57 1
32 58 1
33 36 1
33 41 1
33 50 1
33 53 1
33 54 1
33 56 1
33 57 1
33 59 1
34 37 1
34 40 1
34 42 1
34 44 1
34 46 1
34 47 1
34 50 1
34 52 1
34 53 1
34 57 1
34 58 1
35 45 1
35 54 1
35 57 1
36 37 1
36 39 1
36 40 1
36 41 1
36 44 1
36 47 1
36 52 1
37 39 1
37 42 1
37 44 1
37 49 1
37 52 1
37 55 1
37 58 1
38 39 1
38 45 1
38 46 1
38 52 1
39 40 1
39 47 1
39 53 1
39 55 1
39 56 1
39 57 1
39 59 1
40 48 1
40 50 1
40 51 1
40 52 1
40 56 1
40 57 1
41 45 1
41 47 1
41 50 1
41 56 1
42 48 1
42 49 1
42 50 1
42 51 1
42 56 1
43 48 1
43 50 1
43 51 1
43 53 1
44 52 1
44 53 1
44 58 1
45 51 1
45 54 1
45 59 1
46 48 1
46 49 1
46 50 1
46 57 1
46 58 1
47 54 1
47 55 1
47 56 1
48 50 1
48 55 1
48 58 1
48 59 1
49 52 1
49 54 1
49 55 1
49 56 1
50 53 1
50 56 1
50 58 1
51 53 1
51 54 1
51 58 1
51 59 1
53 54 1
53 58 1
53 59 1
55 57 1
55 58 1
1
25 18 17 54 3 31
