1199
0 3 1
0 6 1
0 8 1
0 12 1
0 25 1
0 26 1
0 42 1
0 43 1
0 60 1
0 67 1
0 68 1
0 69 1
0 72 1
0 80 1
0 82 1
0 87 1
0 96 1
0 99 1
0 109 1
0 112 1
0 119 1
0 122 1
0 126 1
1 10 1
1 22 1
1 70 1
1 75 1
1 79 1
1 82 1
1 88 1
1 91 1
1 92 1
1 94 1
1 116 1
1 121 1
1 123 1
1 125 1
1 127 1
2 5 1
2 11 1
2 29 1
2 30 1
2 33 1
2 38 1
2 45 1
2 54 1
2 72 1
2 89 1
2 90 1
2 96 1
2 100 1
2 114 1
2 116 1
2 120 1
2 121 1
3 4 1
3 13 1
3 14 1
3 20 1
3 24 1
3 40 1
3 44 1
3 45 1
3 48 1
3 49 1
3 53 1
3 57 1
3 62 1
3 64 1
3 72 1
3 74 1
3 76 1
3 77 1
3 87 1
3 90 1
3 94 1
3 103 1
3 111 1
3 112 1
3 115 1
3 120 1
3 125 1
4 5 1
4 16 1
4 20 1
4 27 1
4 31 1
4 45 1
4 50 1
4 53 1
4 55 1
4 63 1
4 73 1
4 83 1
4 85 1
4 92 1
4 97 1
4 108 1
4 110 1
4 114 1
4 121 1
4 127 1
5 9 1
5 10 1
5 12 1
5 15 1
5 23 1
5 29 1
5 33 1
5 40 1
5 45 1
5 47 1
5 49 1
5 51 1
5 58 1
5 59 1
5 60 1
5 67 1
5 79 1
5 102 1
5 110 1
5 112 1
5 120 1
5 128 1
6 23 1
6 34 1
6 38 1
6 41 1
6 43 1
6 50 1
6 59 1
6 63 1
6 69 1
6 79 1
6 80 1
6 85 1
6 96 1
6 99 1
6 100 1
6 129 1
7 14 1
7 22 1
7 30 1
7 35 1
7 46 1
7 50 1
7 52 1
7 55 1
7 61 1
7 87 1
7 89 1
7 96 1
7 98 1
7 123 1
7 124 1
7 125 1
7 127 1
8 22 1
8 29 1
8 39 1
8 71 1
8 73 1
8 75 1
8 100 1
8 107 1
8 129 1
9 10 1
9 13 1
9 14 1
9 16 1
9 20 1
9 26 1
9 29 1
9 35 1
9 51 1
9 66 1
9 74 1
9 83 1
9 94 1
9 98 1
9 128 1
10 23 1
10 25 1
10 32 1
10 43 1
10 44 1
10 47 1
10 53 1
10 59 1
10 70 1
10 71 1
10 72 1
10 77 1
10 81 1
10 94 1
10 99 1
10 110 1
10 112 1
10 124 1
10 125 1
10 129 1
11 12 1
11 31 1
11 39 1
11 52 1
11 56 1
11 62 1
11 65 1
11 70 1
11 76 1
11 81 1
11 84 1
11 85 1
11 88 1
11 109 1
11 111 1
12 21 1
12 22 1
12 24 1
12 32 1
12 47 1
12 60 1
12 69 1
12 84 1
12 85 1
12 88 1
12 111 1
12 126 1
13 16 1
13 17 1
13 21 1
13 25 1
13 26 1
13 45 1
13 48 1
13 56 1
13 68 1
13 75 1
13 80 1
13 82 1
13 87 1
13 99 1
13 105 1
13 113 1
13 128 1
13 129 1
14 16 1
14 28 1
14 31 1
14 41 1
14 49 1
14 52 1
14 55 1
14 57 1
14 62 1
14 71 1
14 89 1
14 90 1
14 109 1
14 110 1
14 127 1
15 18 1
15 21 1
15 27 1
15 42 1
15 45 1
15 51 1
15 58 1
15 60 1
15 68 1
15 74 1
15 81 1
15 105 1
15 106 1
15 107 1
15 119 1
15 120 1
15 122 1
16 26 1
16 30 1
16 40 1
16 41 1
16 46 1
16 62 1
16 74 1
16 76 1
16 77 1
16 83 1
16 90 1
16 92 1
16 93 1
16 102 1
16 103 1
16 105 1
16 111 1
16 119 1
16 120 1
17 21 1
17 31 1
17 37 1
17 42 1
17 46 1
17 50 1
17 58 1
17 64 1
17 66 1
17 73 1
17 76 1
17 88 1
17 96 1
17 97 1
17 98 1
17 108 1
17 109 1
17 115 1
17 116 1
17 127 1
18 24 1
18 30 1
18 34 1
18 39 1
18 44 1
18 49 1
18 72 1
18 76 1
18 82 1
18 85 1
18 99 1
18 101 1
18 113 1
18 120 1
19 21 1
19 23 1
19 32 1
19 35 1
19 41 1
19 48 1
19 51 1
19 58 1
19 65 1
19 67 1
19 70 1
19 77 1
19 81 1
19 102 1
19 110 1
19 116 1
19 127 1
20 26 1
20 31 1
20 39 1
20 41 1
20 50 1
20 63 1
20 64 1
20 67 1
20 74 1
20 75 1
20 81 1
20 83 1
20 86 1
20 101 1
21 27 1
21 40 1
21 44 1
21 45 1
21 48 1
21 54 1
21 60 1
21 72 1
21 75 1
21 76 1
21 78 1
21 94 1
21 107 1
21 122 1
22 25 1
22 26 1
22 28 1
22 30 1
22 32 1
22 55 1
22 61 1
22 68 1
22 73 1
22 93 1
22 98 1
22 107 1
22 115 1
22 126 1
23 25 1
23 26 1
23 33 1
23 38 1
23 43 1
23 47 1
23 51 1
23 52 1
23 53 1
23 56 1
23 82 1
23 91 1
23 94 1
23 95 1
23 107 1
23 116 1
23 120 1
24 37 1
24 46 1
24 61 1
24 65 1
24 77 1
24 80 1
24 82 1
24 92 1
24 98 1
24 100 1
24 101 1
24 108 1
24 116 1
24 121 1
24 123 1
25 26 1
25 28 1
25 33 1
25 38 1
25 41 1
25 42 1
25 44 1
25 45 1
25 46 1
25 47 1
25 51 1
25 57 1
25 59 1
25 60 1
25 64 1
25 77 1
25 85 1
25 86 1
25 89 1
25 91 1
25 113 1
25 118 1
25 121 1
26 40 1
26 51 1
26 59 1
26 61 1
26 67 1
26 68 1
26 79 1
26 80 1
26 84 1
26 90 1
26 91 1
26 92 1
26 97 1
26 108 1
26 109 1
26 112 1
26 115 1
26 116 1
26 118 1
26 127 1
26 129 1
27 30 1
27 31 1
27 39 1
27 48 1
27 71 1
27 72 1
27 83 1
27 92 1
27 107 1
27 113 1
27 114 1
27 116 1
27 122 1
28 30 1
28 37 1
28 40 1
28 43 1
28 45 1
28 49 1
28 50 1
28 51 1
28 59 1
28 61 1
28 63 1
28 74 1
28 75 1
28 76 1
28 83 1
28 90 1
28 96 1
28 105 1
28 115 1
28 121 1
28 127 1
29 30 1
29 31 1
29 40 1
29 43 1
29 51 1
29 52 1
29 56 1
29 62 1
29 65 1
29 67 1
29 68 1
29 75 1
29 87 1
29 102 1
29 112 1
29 121 1
29 128 1
30 34 1
30 38 1
30 68 1
30 81 1
30 84 1
30 89 1
30 90 1
30 97 1
30 98 1
30 111 1
30 113 1
30 115 1
30 123 1
30 125 1
30 127 1
31 40 1
31 56 1
31 64 1
31 67 1
31 69 1
31 74 1
31 77 1
31 83 1
31 91 1
31 96 1
31 97 1
31 127 1
32 33 1
32 43 1
32 46 1
32 55 1
32 57 1
32 70 1
32 78 1
32 85 1
32 102 1
32 103 1
32 125 1
32 126 1
33 42 1
33 67 1
33 76 1
33 87 1
33 101 1
33 102 1
33 106 1
33 116 1
33 118 1
33 128 1
34 42 1
34 44 1
34 55 1
34 73 1
34 85 1
34 89 1
34 90 1
34 92 1
34 93 1
34 100 1
34 105 1
35 45 1
35 61 1
35 63 1
35 66 1
35 70 1
35 74 1
35 78 1
35 84 1
35 86 1
35 88 1
35 95 1
35 104 1
35 106 1
35 114 1
35 122 1
36 38 1
36 48 1
36 61 1
36 63 1
36 81 1
36 82 1
36 90 1
36 113 1
36 125 1
37 38 1
37 50 1
37 72 1
37 73 1
37 76 1
37 80 1
37 81 1
37 82 1
37 91 1
37 93 1
37 104 1
37 111 1
37 112 1
37 116 1
37 119 1
37 120 1
37 126 1
38 41 1
38 58 1
38 62 1
38 89 1
38 95 1
38 96 1
38 101 1
38 113 1
38 117 1
39 41 1
39 44 1
39 51 1
39 54 1
39 62 1
39 75 1
39 84 1
39 85 1
39 89 1
39 103 1
40 59 1
40 71 1
40 101 1
40 102 1
40 103 1
40 105 1
40 114 1
40 123 1
40 125 1
41 50 1
41 59 1
41 61 1
41 70 1
41 76 1
41 81 1
41 86 1
41 89 1
41 94 1
41 97 1
41 101 1
41 105 1
41 121 1
41 122 1
42 44 1
42 54 1
42 67 1
42 73 1
42 82 1
42 83 1
42 91 1
42 108 1
42 112 1
42 114 1
42 115 1
43 45 1
43 47 1
43 50 1
43 58 1
43 77 1
43 86 1
43 87 1
43 96 1
43 97 1
43 108 1
43 109 1
43 110 1
43 115 1
43 126 1
44 45 1
44 51 1
44 55 1
44 61 1
44 74 1
44 82 1
44 85 1
44 90 1
44 92 1
44 105 1
44 120 1
44 129 1
45 46 1
45 54 1
45 55 1
45 74 1
45 75 1
45 77 1
45 78 1
45 99 1
45 111 1
45 112 1
45 118 1
46 53 1
46 62 1
46 63 1
46 67 1
46 88 1
46 89 1
46 97 1
46 109 1
46 112 1
46 124 1
47 52 1
47 54 1
47 58 1
47 72 1
47 83 1
47 88 1
47 108 1
47 114 1
47 115 1
47 125 1
47 126 1
48 56 1
48 59 1
48 61 1
48 66 1
48 72 1
48 99 1
48 103 1
48 121 1
49 54 1
49 63 1
49 64 1
49 88 1
49 95 1
49 97 1
49 101 1
49 104 1
49 127 1
50 55 1
50 64 1
50 67 1
50 75 1
50 81 1
50 86 1
50 114 1
50 117 1
50 118 1
51 60 1
51 62 1
51 64 1
51 80 1
51 88 1
51 92 1
51 96 1
51 116 1
51 126 1
52 65 1
52 70 1
52 72 1
52 75 1
52 83 1
52 105 1
52 108 1
52 124 1
52 127 1
53 56 1
53 60 1
53 61 1
53 113 1
53 115 1
54 65 1
54 71 1
54 74 1
54 75 1
54 85 1
54 90 1
54 93 1
54 98 1
54 104 1
54 108 1
54 111 1
54 115 1
54 119 1
54 122 1
54 123 1
55 64 1
55 90 1
55 97 1
55 98 1
55 105 1
55 116 1
55 117 1
55 118 1
55 123 1
56 58 1
56 73 1
56 78 1
56 82 1
56 94 1
56 97 1
56 98 1
56 108 1
56 115 1
56 124 1
57 65 1
57 85 1
57 88 1
57 92 1
57 98 1
57 111 1
57 113 1
57 119 1
57 124 1
57 125 1
57 128 1
58 59 1
58 81 1
58 85 1
58 86 1
58 89 1
58 92 1
58 98 1
58 99 1
58 102 1
58 104 1
58 120 1
58 122 1
58 129 1
59 70 1
59 72 1
59 86 1
59 109 1
59 114 1
59 115 1
59 116 1
60 61 1
60 69 1
60 72 1
60 77 1
60 79 1
60 80 1
60 104 1
60 109 1
60 111 1
60 115 1
60 116 1
60 123 1
60 128 1
61 66 1
61 67 1
61 71 1
61 97 1
61 103 1
61 109 1
62 63 1
62 66 1
62 67 1
62 69 1
62 86 1
62 87 1
62 89 1
62 90 1
62 97 1
62 100 1
62 104 1
62 112 1
62 116 1
63 84 1
63 85 1
63 90 1
63 99 1
63 100 1
63 103 1
63 117 1
63 122 1
63 127 1
64 70 1
64 78 1
64 87 1
64 90 1
64 96 1
64 106 1
64 111 1
64 114 1
64 116 1
64 123 1
65 67 1
65 70 1
65 78 1
65 79 1
65 82 1
65 84 1
65 91 1
65 107 1
65 110 1
65 116 1
65 119 1
65 120 1
65 125 1
66 73 1
66 79 1
66 91 1
66 96 1
66 100 1
66 110 1
66 112 1
66 117 1
67 83 1
67 88 1
67 89 1
67 97 1
67 99 1
67 107 1
67 108 1
67 111 1
67 119 1
67 122 1
67 125 1
67 128 1
68 79 1
68 83 1
68 85 1
68 95 1
68 97 1
68 100 1
68 116 1
68 120 1
68 128 1
69 75 1
69 79 1
69 82 1
69 91 1
69 99 1
69 100 1
69 108 1
69 118 1
69 120 1
69 128 1
70 72 1
70 76 1
70 87 1
70 91 1
71 76 1
71 77 1
71 92 1
71 95 1
71 100 1
71 119 1
71 125 1
72 76 1
72 84 1
72 91 1
72 94 1
72 95 1
72 98 1
72 106 1
72 114 1
72 129 1
73 74 1
73 81 1
73 102 1
73 105 1
74 78 1
74 94 1
74 96 1
74 97 1
74 101 1
74 102 1
74 106 1
74 114 1
75 86 1
75 98 1
75 107 1
75 117 1
75 124 1
76 80 1
76 83 1
76 95 1
76 96 1
76 97 1
76 111 1
76 118 1
77 78 1
77 90 1
77 91 1
77 95 1
77 113 1
77 117 1
77 128 1
78 82 1
78 89 1
78 102 1
78 104 1
78 108 1
78 110 1
78 115 1
78 122 1
78 125 1
79 82 1
79 87 1
79 98 1
79 104 1
79 109 1
79 114 1
79 119 1
80 83 1
80 86 1
80 93 1
80 99 1
80 103 1
80 104 1
80 106 1
80 108 1
80 111 1
80 115 1
80 116 1
80 121 1
80 129 1
81 87 1
81 90 1
81 91 1
81 95 1
81 106 1
81 121 1
82 84 1
82 87 1
82 92 1
82 98 1
82 101 1
82 107 1
82 115 1
82 118 1
82 125 1
82 129 1
83 84 1
83 86 1
83 91 1
83 92 1
83 106 1
83 107 1
83 108 1
83 117 1
83 120 1
83 126 1
84 92 1
84 96 1
84 98 1
84 103 1
84 113 1
84 117 1
85 88 1
85 100 1
85 101 1
85 112 1
85 118 1
85 121 1
85 124 1
86 93 1
86 98 1
86 114 1
86 119 1
86 120 1
86 123 1
86 126 1
87 123 1
88 91 1
88 101 1
88 108 1
88 121 1
88 123 1
89 93 1
89 111 1
89 117 1
89 127 1
90 93 1
90 96 1
90 97 1
90 110 1
90 111 1
90 124 1
91 97 1
91 101 1
91 105 1
91 110 1
92 94 1
92 95 1
92 113 1
92 118 1
92 119 1
93 97 1
93 99 1
93 102 1
93 103 1
93 106 1
93 115 1
93 121 1
93 125 1
93 128 1
94 95 1
94 96 1
94 103 1
94 106 1
94 109 1
94 113 1
94 116 1
94 123 1
94 126 1
95 98 1
95 99 1
95 107 1
95 119 1
95 123 1
96 97 1
96 101 1
96 109 1
96 114 1
96 122 1
96 123 1
96 129 1
97 106 1
97 114 1
97 118 1
97 119 1
97 127 1
98 101 1
98 112 1
98 114 1
98 125 1
99 104 1
99 112 1
99 123 1
99 126 1
100 108 1
100 112 1
100 120 1
100 127 1
100 129 1
101 111 1
101 121 1
102 103 1
102 112 1
102 117 1
102 126 1
103 112 1
103 116 1
103 125 1
104 109 1
104 113 1
104 124 1
105 109 1
105 114 1
105 116 1
105 121 1
105 127 1
106 108 1
106 122 1
106 128 1
106 129 1
107 109 1
107 114 1
107 127 1
109 112 1
109 120 1
110 112 1
110 116 1
110 119 1
110 122 1
110 124 1
110 127 1
111 114 1
112 116 1
112 119 1
112 121 1
112 124 1
113 114 1
113 117 1
113 125 1
114 119 1
114 120 1
114 124 1
115 123 1
115 126 1
115 128 1
117 123 1
117 126 1
117 128 1
118 126 1
119 127 1
121 129 1
122 127 1
123 124 1
1
1 98 109 14 16 67 56 91 64 34 25 93 30
