1714
0 2 1
0 3 1
0 5 1
0 8 1
0 27 1
0 30 1
0 39 1
0 51 1
0 63 1
0 74 1
0 90 1
0 94 1
0 96 1
0 105 1
0 122 1
0 131 1
0 133 1
0 135 1
0 161 1
0 169 1
1 5 1
1 11 1
1 15 1
1 18 1
1 32 1
1 48 1
1 56 1
1 69 1
1 105 1
1 113 1
1 118 1
1 123 1
1 129 1
1 136 1
1 143 1
1 159 1
2 7 1
2 10 1
2 16 1
2 24 1
2 26 1
2 40 1
2 44 1
2 47 1
2 48 1
2 60 1
2 74 1
2 77 1
2 93 1
2 96 1
2 98 1
2 120 1
2 126 1
2 155 1
2 164 1
2 165 1
2 168 1
3 12 1
3 15 1
3 35 1
3 46 1
3 67 1
3 79 1
3 81 1
3 87 1
3 88 1
3 114 1
3 119 1
3 124 1
3 127 1
3 130 1
3 132 1
3 134 1
3 157 1
3 158 1
3 159 1
3 160 1
3 161 1
4 8 1
4 10 1
4 29 1
4 39 1
4 43 1
4 65 1
4 73 1
4 80 1
4 82 1
4 94 1
4 117 1
4 150 1
5 24 1
5 25 1
5 50 1
5 59 1
5 61 1
5 78 1
5 82 1
5 88 1
5 101 1
5 114 1
5 126 1
5 132 1
5 136 1
5 143 1
5 146 1
5 157 1
5 162 1
5 163 1
6 10 1
6 11 1
6 26 1
6 29 1
6 37 1
6 44 1
6 48 1
6 62 1
6 80 1
6 83 1
6 98 1
6 106 1
6 121 1
6 135 1
6 143 1
6 144 1
6 154 1
6 159 1
6 161 1
6 163 1
6 168 1
6 169 1
7 28 1
7 43 1
7 54 1
7 63 1
7 102 1
7 111 1
7 145 1
7 153 1
7 156 1
7 157 1
7 160 1
7 161 1
8 9 1
8 14 1
8 43 1
8 52 1
8 54 1
8 60 1
8 63 1
8 86 1
8 89 1
8 103 1
8 104 1
8 115 1
8 120 1
8 123 1
8 157 1
8 160 1
8 165 1
9 23 1
9 34 1
9 42 1
9 60 1
9 66 1
9 67 1
9 81 1
9 118 1
9 120 1
9 125 1
9 138 1
9 145 1
9 155 1
10 44 1
10 50 1
10 58 1
10 68 1
10 76 1
10 79 1
10 91 1
10 101 1
10 113 1
10 116 1
10 119 1
10 120 1
10 126 1
10 128 1
10 132 1
10 135 1
10 163 1
10 164 1
11 20 1
11 31 1
11 41 1
11 47 1
11 49 1
11 51 1
11 63 1
11 67 1
11 80 1
11 87 1
11 95 1
11 107 1
11 109 1
11 114 1
11 115 1
11 117 1
11 129 1
11 161 1
12 17 1
12 21 1
12 28 1
12 30 1
12 37 1
12 51 1
12 78 1
12 89 1
12 126 1
12 131 1
12 135 1
12 138 1
12 160 1
13 14 1
13 27 1
13 47 1
13 56 1
13 79 1
13 83 1
13 91 1
13 104 1
13 105 1
13 125 1
13 137 1
13 138 1
13 139 1
13 144 1
13 149 1
13 156 1
13 166 1
14 38 1
14 46 1
14 50 1
14 59 1
14 60 1
14 68 1
14 74 1
14 79 1
14 89 1
14 105 1
14 111 1
14 117 1
14 133 1
14 141 1
14 149 1
14 151 1
14 153 1
14 156 1
14 167 1
15 20 1
15 21 1
15 23 1
15 55 1
15 58 1
15 71 1
15 80 1
15 87 1
15 89 1
15 90 1
15 95 1
15 100 1
15 106 1
15 108 1
15 112 1
15 122 1
15 126 1
15 130 1
15 139 1
15 143 1
15 152 1
15 164 1
16 18 1
16 19 1
16 26 1
16 30 1
16 32 1
16 36 1
16 39 1
16 48 1
16 53 1
16 54 1
16 60 1
16 65 1
16 67 1
16 73 1
16 76 1
16 80 1
16 83 1
16 92 1
16 94 1
16 101 1
16 103 1
16 128 1
16 141 1
16 142 1
16 151 1
16 158 1
16 159 1
17 22 1
17 30 1
17 37 1
17 38 1
17 58 1
17 62 1
17 73 1
17 77 1
17 79 1
17 84 1
17 105 1
17 118 1
17 119 1
17 121 1
17 124 1
17 134 1
17 138 1
17 142 1
17 151 1
18 42 1
18 43 1
18 52 1
18 53 1
18 64 1
18 78 1
18 81 1
18 83 1
18 86 1
18 122 1
18 133 1
18 145 1
18 149 1
18 159 1
18 161 1
18 162 1
18 169 1
19 26 1
19 32 1
19 41 1
19 43 1
19 44 1
19 45 1
19 47 1
19 50 1
19 54 1
19 85 1
19 111 1
19 114 1
19 120 1
19 146 1
19 148 1
19 155 1
19 160 1
20 22 1
20 30 1
20 32 1
20 35 1
20 36 1
20 40 1
20 43 1
20 45 1
20 46 1
20 50 1
20 53 1
20 67 1
20 78 1
20 81 1
20 84 1
20 91 1
20 98 1
20 101 1
20 116 1
20 118 1
20 122 1
20 132 1
20 144 1
20 146 1
20 148 1
20 150 1
20 159 1
20 163 1
20 166 1
21 24 1
21 28 1
21 45 1
21 48 1
21 54 1
21 57 1
21 65 1
21 75 1
21 81 1
21 86 1
21 87 1
21 90 1
21 93 1
21 113 1
21 117 1
21 122 1
21 127 1
21 128 1
21 137 1
21 139 1
21 140 1
21 154 1
21 160 1
21 165 1
21 167 1
22 32 1
22 44 1
22 46 1
22 51 1
22 55 1
22 56 1
22 77 1
22 88 1
22 98 1
22 103 1
22 112 1
22 124 1
22 131 1
22 136 1
22 141 1
22 147 1
22 160 1
22 164 1
22 168 1
23 40 1
23 58 1
23 66 1
23 99 1
23 111 1
23 117 1
23 118 1
23 121 1
23 123 1
23 128 1
23 138 1
23 163 1
24 25 1
24 38 1
24 39 1
24 62 1
24 69 1
24 72 1
24 75 1
24 78 1
24 86 1
24 87 1
24 97 1
24 105 1
24 119 1
24 123 1
24 130 1
24 150 1
24 154 1
24 164 1
25 40 1
25 42 1
25 45 1
25 47 1
25 53 1
25 68 1
25 77 1
25 84 1
25 110 1
25 126 1
25 139 1
25 146 1
25 158 1
25 163 1
25 165 1
25 168 1
26 33 1
26 37 1
26 38 1
26 39 1
26 62 1
26 65 1
26 67 1
26 73 1
26 76 1
26 79 1
26 81 1
26 82 1
26 88 1
26 121 1
26 127 1
26 134 1
26 135 1
26 166 1
27 36 1
27 37 1
27 42 1
27 46 1
27 48 1
27 52 1
27 58 1
27 61 1
27 65 1
27 69 1
27 80 1
27 82 1
27 83 1
27 86 1
27 94 1
27 96 1
27 98 1
27 103 1
27 105 1
27 116 1
27 118 1
27 124 1
27 133 1
27 135 1
27 139 1
27 151 1
28 33 1
28 48 1
28 51 1
28 53 1
28 54 1
28 84 1
28 87 1
28 96 1
28 137 1
28 144 1
28 152 1
28 156 1
29 36 1
29 41 1
29 43 1
29 56 1
29 59 1
29 69 1
29 77 1
29 81 1
29 116 1
29 129 1
29 132 1
29 141 1
29 142 1
29 146 1
29 149 1
29 158 1
29 161 1
29 166 1
30 41 1
30 45 1
30 47 1
30 49 1
30 56 1
30 58 1
30 67 1
30 73 1
30 76 1
30 78 1
30 85 1
30 101 1
30 103 1
30 117 1
30 121 1
30 124 1
30 125 1
30 130 1
30 142 1
30 160 1
31 34 1
31 38 1
31 46 1
31 49 1
31 54 1
31 58 1
31 64 1
31 76 1
31 84 1
31 97 1
31 102 1
31 126 1
31 149 1
31 162 1
31 166 1
32 36 1
32 42 1
32 55 1
32 65 1
32 77 1
32 90 1
32 100 1
32 133 1
32 140 1
32 144 1
32 157 1
33 37 1
33 45 1
33 52 1
33 65 1
33 68 1
33 75 1
33 90 1
33 102 1
33 110 1
33 115 1
33 117 1
33 132 1
33 147 1
33 149 1
34 41 1
34 51 1
34 52 1
34 54 1
34 58 1
34 62 1
34 67 1
34 68 1
34 76 1
34 82 1
34 88 1
34 94 1
34 103 1
34 108 1
34 118 1
34 152 1
34 158 1
34 161 1
35 41 1
35 51 1
35 59 1
35 78 1
35 84 1
35 97 1
35 103 1
35 127 1
35 134 1
35 144 1
35 152 1
35 155 1
35 163 1
36 42 1
36 55 1
36 72 1
36 75 1
36 79 1
36 93 1
36 105 1
36 109 1
36 112 1
36 126 1
36 129 1
36 140 1
36 141 1
36 151 1
36 160 1
37 42 1
37 46 1
37 54 1
37 58 1
37 70 1
37 78 1
37 81 1
37 111 1
37 118 1
37 132 1
37 162 1
37 164 1
38 40 1
38 65 1
38 73 1
38 84 1
38 88 1
38 94 1
38 103 1
38 104 1
38 106 1
38 117 1
38 155 1
39 42 1
39 48 1
39 57 1
39 75 1
39 103 1
39 109 1
39 111 1
39 114 1
39 123 1
39 151 1
40 41 1
40 51 1
40 72 1
40 108 1
40 114 1
40 122 1
40 141 1
40 150 1
40 153 1
41 50 1
41 51 1
41 52 1
41 69 1
41 84 1
41 91 1
41 92 1
41 97 1
41 101 1
41 116 1
41 125 1
41 127 1
41 137 1
41 140 1
42 55 1
42 56 1
42 59 1
42 60 1
42 67 1
42 79 1
42 103 1
42 122 1
42 132 1
42 149 1
42 157 1
42 161 1
42 167 1
43 48 1
43 51 1
43 54 1
43 57 1
43 72 1
43 77 1
43 80 1
43 87 1
43 90 1
43 94 1
43 103 1
43 112 1
43 131 1
43 144 1
43 153 1
43 165 1
44 53 1
44 57 1
44 69 1
44 70 1
44 80 1
44 94 1
44 109 1
44 115 1
44 120 1
44 131 1
44 140 1
44 142 1
44 150 1
44 154 1
44 155 1
44 165 1
45 50 1
45 53 1
45 90 1
45 92 1
45 94 1
45 102 1
45 111 1
45 125 1
45 140 1
45 142 1
45 158 1
45 159 1
46 47 1
46 54 1
46 56 1
46 58 1
46 62 1
46 66 1
46 76 1
46 90 1
46 100 1
46 106 1
46 121 1
46 137 1
46 150 1
46 168 1
47 51 1
47 52 1
47 54 1
47 57 1
47 58 1
47 64 1
47 70 1
47 73 1
47 79 1
47 83 1
47 88 1
47 107 1
47 119 1
47 123 1
47 124 1
47 129 1
47 142 1
47 153 1
47 168 1
48 49 1
48 55 1
48 56 1
48 58 1
48 60 1
48 67 1
48 71 1
48 77 1
48 78 1
48 92 1
48 103 1
48 108 1
48 113 1
48 115 1
48 116 1
48 124 1
48 137 1
48 158 1
49 63 1
49 65 1
49 78 1
49 89 1
49 115 1
49 136 1
49 140 1
49 146 1
49 152 1
49 157 1
49 169 1
50 51 1
50 53 1
50 58 1
50 68 1
50 70 1
50 80 1
50 87 1
50 94 1
50 97 1
50 99 1
50 108 1
50 111 1
50 116 1
50 124 1
50 160 1
51 56 1
51 67 1
51 72 1
51 84 1
51 94 1
51 107 1
51 110 1
51 116 1
51 118 1
51 120 1
51 124 1
51 132 1
51 136 1
51 144 1
51 157 1
51 162 1
51 165 1
51 167 1
52 53 1
52 54 1
52 56 1
52 64 1
52 72 1
52 79 1
52 84 1
52 86 1
52 88 1
52 91 1
52 100 1
52 103 1
52 107 1
52 112 1
52 122 1
52 123 1
52 140 1
52 156 1
52 158 1
52 164 1
52 168 1
53 54 1
53 60 1
53 64 1
53 68 1
53 70 1
53 76 1
53 81 1
53 85 1
53 89 1
53 93 1
53 106 1
53 119 1
53 122 1
53 129 1
53 147 1
53 148 1
53 150 1
53 153 1
53 154 1
53 160 1
53 165 1
54 110 1
54 127 1
54 150 1
54 155 1
54 161 1
54 165 1
54 169 1
55 60 1
55 66 1
55 71 1
55 82 1
55 87 1
55 96 1
55 98 1
55 99 1
55 106 1
55 142 1
55 157 1
55 158 1
55 162 1
56 78 1
56 83 1
56 85 1
56 96 1
56 98 1
56 130 1
56 134 1
56 154 1
57 59 1
57 78 1
57 101 1
57 103 1
57 119 1
57 124 1
57 131 1
57 140 1
57 141 1
57 143 1
57 165 1
57 166 1
58 65 1
58 79 1
58 82 1
58 90 1
58 108 1
58 114 1
58 125 1
58 131 1
58 134 1
58 155 1
58 160 1
58 163 1
59 77 1
59 78 1
59 84 1
59 85 1
59 96 1
59 101 1
59 108 1
59 116 1
59 118 1
59 121 1
59 149 1
59 164 1
59 165 1
60 72 1
60 83 1
60 87 1
60 95 1
60 108 1
60 109 1
60 116 1
60 120 1
60 121 1
60 127 1
60 138 1
60 156 1
60 157 1
61 64 1
61 78 1
61 79 1
61 80 1
61 81 1
61 86 1
61 103 1
61 114 1
61 115 1
61 118 1
61 124 1
61 147 1
61 163 1
61 167 1
62 69 1
62 70 1
62 71 1
62 81 1
62 85 1
62 89 1
62 90 1
62 98 1
62 111 1
62 116 1
62 121 1
62 129 1
62 152 1
62 154 1
62 163 1
63 66 1
63 68 1
63 71 1
63 72 1
63 75 1
63 87 1
63 89 1
63 90 1
63 101 1
63 106 1
63 111 1
63 113 1
63 116 1
63 124 1
63 129 1
63 153 1
63 161 1
64 67 1
64 82 1
64 86 1
64 89 1
64 90 1
64 102 1
64 106 1
64 120 1
64 123 1
64 131 1
64 134 1
64 144 1
64 155 1
65 86 1
65 94 1
65 117 1
65 134 1
65 150 1
65 153 1
66 69 1
66 74 1
66 87 1
66 93 1
66 94 1
66 102 1
66 139 1
66 154 1
66 163 1
67 71 1
67 76 1
67 78 1
67 96 1
67 98 1
67 130 1
67 147 1
68 99 1
68 103 1
68 111 1
68 117 1
68 128 1
68 135 1
68 136 1
68 139 1
68 149 1
68 155 1
68 159 1
69 76 1
69 83 1
69 89 1
69 124 1
69 146 1
69 148 1
69 162 1
69 166 1
69 167 1
70 80 1
70 82 1
70 84 1
70 85 1
70 87 1
70 103 1
70 110 1
70 115 1
70 119 1
70 120 1
70 133 1
70 134 1
70 135 1
71 85 1
71 93 1
71 95 1
71 99 1
71 113 1
71 118 1
71 125 1
71 127 1
71 132 1
71 152 1
71 158 1
71 162 1
71 166 1
72 73 1
72 78 1
72 80 1
72 97 1
72 118 1
72 125 1
72 126 1
72 131 1
72 151 1
72 157 1
73 78 1
73 85 1
73 89 1
73 95 1
73 96 1
73 108 1
73 112 1
73 113 1
73 114 1
73 134 1
73 141 1
73 148 1
74 79 1
74 85 1
74 88 1
74 96 1
74 106 1
74 109 1
74 115 1
74 126 1
74 131 1
74 151 1
74 156 1
74 161 1
75 77 1
75 82 1
75 86 1
75 87 1
75 92 1
75 103 1
75 120 1
75 121 1
75 122 1
75 144 1
75 149 1
75 155 1
75 161 1
75 165 1
76 89 1
76 96 1
76 99 1
76 103 1
76 112 1
76 133 1
76 136 1
76 142 1
76 154 1
76 157 1
76 159 1
76 160 1
77 84 1
77 89 1
77 92 1
77 101 1
77 116 1
77 118 1
77 134 1
77 135 1
77 161 1
77 167 1
78 81 1
78 89 1
78 92 1
78 107 1
78 114 1
78 131 1
78 138 1
78 155 1
78 156 1
78 158 1
78 166 1
79 83 1
79 89 1
79 90 1
79 93 1
79 106 1
79 107 1
79 115 1
79 125 1
79 127 1
79 128 1
79 132 1
79 157 1
80 89 1
80 92 1
80 96 1
80 100 1
80 108 1
80 116 1
80 129 1
80 137 1
80 146 1
80 162 1
80 164 1
81 83 1
81 84 1
81 90 1
81 100 1
81 110 1
81 121 1
81 122 1
81 136 1
81 140 1
81 169 1
82 84 1
82 88 1
82 93 1
82 95 1
82 103 1
82 104 1
82 105 1
82 109 1
82 129 1
82 155 1
82 160 1
83 84 1
83 86 1
83 101 1
83 104 1
83 105 1
83 107 1
83 109 1
83 117 1
83 119 1
83 126 1
83 146 1
84 90 1
84 92 1
84 96 1
84 99 1
84 103 1
84 105 1
84 109 1
84 116 1
84 117 1
84 120 1
84 121 1
84 124 1
84 136 1
84 140 1
84 141 1
84 144 1
84 145 1
84 151 1
84 157 1
84 164 1
84 166 1
84 168 1
85 87 1
85 88 1
85 108 1
85 112 1
85 120 1
85 122 1
85 140 1
85 161 1
85 166 1
86 95 1
86 96 1
86 99 1
86 101 1
86 105 1
86 110 1
86 122 1
86 125 1
86 149 1
87 89 1
87 94 1
87 99 1
87 110 1
87 111 1
87 115 1
87 132 1
87 149 1
87 158 1
87 164 1
87 166 1
88 89 1
88 105 1
88 108 1
88 115 1
88 125 1
88 132 1
88 144 1
88 148 1
88 152 1
88 158 1
88 159 1
88 160 1
88 164 1
89 92 1
89 119 1
89 124 1
89 125 1
89 131 1
89 135 1
89 143 1
89 151 1
89 153 1
89 157 1
89 166 1
90 96 1
90 120 1
90 124 1
90 127 1
90 138 1
90 142 1
90 156 1
90 168 1
90 169 1
91 92 1
91 152 1
91 165 1
92 95 1
92 96 1
92 104 1
92 112 1
92 117 1
92 128 1
92 137 1
92 140 1
92 146 1
92 151 1
92 154 1
92 157 1
93 105 1
93 118 1
93 121 1
93 132 1
93 135 1
93 146 1
93 148 1
93 153 1
93 160 1
93 166 1
94 99 1
94 109 1
94 116 1
94 118 1
94 121 1
94 134 1
94 137 1
94 144 1
94 147 1
94 151 1
94 152 1
94 153 1
94 155 1
95 118 1
95 128 1
95 129 1
95 130 1
95 133 1
95 158 1
95 168 1
95 169 1
96 98 1
96 112 1
96 113 1
96 118 1
96 119 1
96 120 1
96 121 1
96 128 1
96 129 1
96 134 1
96 143 1
96 148 1
96 158 1
96 161 1
97 101 1
97 117 1
97 138 1
97 139 1
97 147 1
97 158 1
97 162 1
98 103 1
98 112 1
98 117 1
98 123 1
98 132 1
98 157 1
98 160 1
98 162 1
98 167 1
98 169 1
99 103 1
99 105 1
99 106 1
99 109 1
99 124 1
99 130 1
99 133 1
99 134 1
99 141 1
100 102 1
100 103 1
100 108 1
100 119 1
100 125 1
100 135 1
100 143 1
100 155 1
100 158 1
100 163 1
101 113 1
101 118 1
101 124 1
101 127 1
101 136 1
101 166 1
102 126 1
102 141 1
102 145 1
102 148 1
102 157 1
102 160 1
102 163 1
102 165 1
102 169 1
103 105 1
103 107 1
103 108 1
103 113 1
103 130 1
103 144 1
103 160 1
104 109 1
104 111 1
104 112 1
104 114 1
104 116 1
104 118 1
104 126 1
104 134 1
104 144 1
104 162 1
105 106 1
105 116 1
105 121 1
105 122 1
105 135 1
105 137 1
105 140 1
105 143 1
105 144 1
105 167 1
106 109 1
106 117 1
106 121 1
106 122 1
106 139 1
106 146 1
106 150 1
106 155 1
106 160 1
106 162 1
107 113 1
107 116 1
107 137 1
107 146 1
107 147 1
107 150 1
107 160 1
107 161 1
107 165 1
107 169 1
108 121 1
108 122 1
108 145 1
108 146 1
108 148 1
108 166 1
108 169 1
109 114 1
109 123 1
109 124 1
109 126 1
109 128 1
109 132 1
109 140 1
109 145 1
109 149 1
109 156 1
109 157 1
110 144 1
110 165 1
111 117 1
111 124 1
111 128 1
111 129 1
111 144 1
111 150 1
112 115 1
112 138 1
112 153 1
112 161 1
112 162 1
112 169 1
113 118 1
113 120 1
113 131 1
113 133 1
113 136 1
113 147 1
113 151 1
113 154 1
113 167 1
114 141 1
114 164 1
115 129 1
115 131 1
115 133 1
115 136 1
115 141 1
115 155 1
115 156 1
115 162 1
116 117 1
116 137 1
116 138 1
116 140 1
116 163 1
116 164 1
116 168 1
117 122 1
117 135 1
117 147 1
117 154 1
118 137 1
118 153 1
118 161 1
118 163 1
118 165 1
119 125 1
119 142 1
119 156 1
119 158 1
119 166 1
120 131 1
120 134 1
120 137 1
120 144 1
120 161 1
120 167 1
120 168 1
121 124 1
121 137 1
121 142 1
121 149 1
121 168 1
122 128 1
122 130 1
122 142 1
122 144 1
122 148 1
122 150 1
122 153 1
122 158 1
122 163 1
122 164 1
123 145 1
123 147 1
123 150 1
123 162 1
124 125 1
124 126 1
124 127 1
124 129 1
124 140 1
124 147 1
124 155 1
125 126 1
125 131 1
125 136 1
125 142 1
125 145 1
125 149 1
125 155 1
125 156 1
125 163 1
125 165 1
125 167 1
126 127 1
126 130 1
126 143 1
127 130 1
127 146 1
127 147 1
127 157 1
128 132 1
128 137 1
128 138 1
128 144 1
128 154 1
128 157 1
129 146 1
129 157 1
129 158 1
129 165 1
129 169 1
130 136 1
130 165 1
130 168 1
131 138 1
131 140 1
131 146 1
131 154 1
131 168 1
132 151 1
132 155 1
132 160 1
132 163 1
133 159 1
133 162 1
133 168 1
133 169 1
134 148 1
134 152 1
134 157 1
134 161 1
134 165 1
134 166 1
134 168 1
135 149 1
135 152 1
135 154 1
135 158 1
135 159 1
135 166 1
135 167 1
136 157 1
137 139 1
137 162 1
138 140 1
138 142 1
138 149 1
138 161 1
139 141 1
139 142 1
139 146 1
139 148 1
139 153 1
139 161 1
140 144 1
140 160 1
141 155 1
142 145 1
142 146 1
142 154 1
142 160 1
142 168 1
142 169 1
143 146 1
143 147 1
143 151 1
144 150 1
144 155 1
144 156 1
145 155 1
145 159 1
146 151 1
146 152 1
146 166 1
147 153 1
148 158 1
148 160 1
148 161 1
148 164 1
149 151 1
149 161 1
149 168 1
150 163 1
150 164 1
150 165 1
150 167 1
150 168 1
151 161 1
153 164 1
153 169 1
155 158 1
155 168 1
155 169 1
156 165 1
159 167 1
160 169 1
161 162 1
163 164 1
163 169 1
165 169 1
1
50 130 45 89 0 76 142 85 169 129 159 121 143 106 94 87 27
