1631
0 10 1
0 14 1
0 15 1
0 30 1
0 42 1
0 44 1
0 45 1
0 47 1
0 48 1
0 49 1
0 50 1
0 55 1
0 60 1
0 63 1
0 67 1
0 72 1
0 80 1
0 81 1
0 85 1
0 87 1
0 88 1
0 109 1
0 117 1
0 127 1
0 151 1
0 158 1
1 2 1
1 5 1
1 8 1
1 10 1
1 14 1
1 20 1
1 31 1
1 32 1
1 35 1
1 48 1
1 52 1
1 53 1
1 59 1
1 65 1
1 69 1
1 87 1
1 95 1
1 100 1
1 102 1
1 108 1
1 119 1
1 124 1
1 126 1
1 128 1
1 130 1
1 133 1
1 135 1
1 143 1
1 146 1
1 148 1
1 151 1
1 155 1
2 3 1
2 6 1
2 16 1
2 28 1
2 32 1
2 38 1
2 45 1
2 62 1
2 73 1
2 77 1
2 78 1
2 88 1
2 90 1
2 96 1
2 114 1
2 115 1
2 119 1
2 131 1
2 148 1
2 149 1
2 150 1
3 4 1
3 5 1
3 6 1
3 11 1
3 14 1
3 28 1
3 44 1
3 50 1
3 57 1
3 79 1
3 91 1
3 95 1
3 104 1
3 114 1
3 115 1
3 120 1
3 121 1
3 123 1
3 137 1
3 158 1
4 11 1
4 12 1
4 13 1
4 19 1
4 24 1
4 35 1
4 44 1
4 45 1
4 50 1
4 51 1
4 68 1
4 71 1
4 95 1
4 111 1
4 120 1
4 132 1
4 137 1
4 139 1
4 156 1
5 6 1
5 11 1
5 15 1
5 26 1
5 31 1
5 46 1
5 49 1
5 54 1
5 62 1
5 68 1
5 74 1
5 78 1
5 79 1
5 83 1
5 92 1
5 94 1
5 95 1
5 114 1
5 120 1
5 121 1
5 122 1
5 141 1
5 144 1
5 155 1
5 158 1
6 8 1
6 22 1
6 48 1
6 57 1
6 59 1
6 60 1
6 61 1
6 62 1
6 70 1
6 79 1
6 83 1
6 84 1
6 106 1
6 107 1
6 114 1
6 130 1
6 138 1
6 147 1
7 8 1
7 24 1
7 26 1
7 33 1
7 39 1
7 42 1
7 46 1
7 49 1
7 61 1
7 66 1
7 71 1
7 82 1
7 85 1
7 86 1
7 93 1
7 96 1
7 106 1
7 121 1
7 139 1
7 152 1
8 14 1
8 19 1
8 21 1
8 29 1
8 37 1
8 50 1
8 51 1
8 58 1
8 73 1
8 80 1
8 99 1
8 100 1
8 101 1
8 114 1
8 117 1
8 127 1
8 150 1
8 155 1
8 156 1
8 157 1
9 15 1
9 21 1
9 34 1
9 35 1
9 42 1
9 43 1
9 54 1
9 74 1
9 86 1
9 89 1
9 93 1
9 98 1
9 109 1
9 121 1
9 147 1
9 149 1
9 151 1
9 152 1
10 11 1
10 12 1
10 16 1
10 20 1
10 33 1
10 38 1
10 46 1
10 49 1
10 67 1
10 110 1
10 129 1
10 132 1
11 15 1
11 19 1
11 22 1
11 41 1
11 43 1
11 47 1
11 50 1
11 55 1
11 61 1
11 95 1
11 127 1
11 132 1
11 149 1
12 13 1
12 19 1
12 25 1
12 37 1
12 40 1
12 46 1
12 71 1
12 79 1
12 91 1
12 102 1
12 113 1
12 126 1
12 128 1
12 144 1
12 157 1
12 159 1
13 17 1
13 21 1
13 28 1
13 40 1
13 49 1
13 55 1
13 72 1
13 84 1
13 88 1
13 91 1
13 106 1
13 121 1
13 126 1
13 130 1
13 132 1
13 135 1
13 138 1
13 143 1
13 158 1
14 39 1
14 60 1
14 75 1
14 79 1
14 83 1
14 86 1
14 97 1
14 118 1
14 123 1
14 135 1
14 142 1
14 145 1
14 156 1
15 23 1
15 31 1
15 42 1
15 50 1
15 57 1
15 58 1
15 61 1
15 62 1
15 68 1
15 76 1
15 77 1
15 90 1
15 94 1
15 99 1
15 102 1
15 114 1
15 119 1
15 121 1
15 122 1
15 130 1
15 133 1
15 135 1
15 137 1
15 145 1
16 18 1
16 32 1
16 40 1
16 41 1
16 42 1
16 44 1
16 45 1
16 48 1
16 53 1
16 56 1
16 75 1
16 97 1
16 101 1
16 103 1
16 109 1
16 118 1
16 129 1
16 132 1
16 144 1
16 147 1
16 152 1
17 31 1
17 33 1
17 55 1
17 79 1
17 82 1
17 85 1
17 100 1
17 104 1
17 122 1
17 130 1
17 143 1
18 21 1
18 23 1
18 24 1
18 28 1
18 33 1
18 36 1
18 40 1
18 49 1
18 62 1
18 68 1
18 74 1
18 90 1
18 98 1
18 103 1
18 104 1
18 105 1
18 111 1
18 112 1
18 117 1
18 126 1
18 132 1
18 135 1
18 140 1
18 142 1
18 150 1
19 25 1
19 27 1
19 28 1
19 73 1
19 75 1
19 94 1
19 114 1
19 115 1
19 123 1
19 136 1
19 137 1
19 145 1
19 159 1
20 24 1
20 34 1
20 62 1
20 63 1
20 77 1
20 91 1
20 92 1
20 106 1
20 137 1
20 143 1
20 144 1
20 159 1
21 35 1
21 37 1
21 39 1
21 41 1
21 42 1
21 50 1
21 55 1
21 58 1
21 61 1
21 64 1
21 65 1
21 70 1
21 72 1
21 75 1
21 76 1
21 93 1
21 100 1
21 103 1
21 123 1
21 130 1
21 133 1
21 134 1
21 143 1
21 146 1
21 147 1
22 27 1
22 39 1
22 50 1
22 51 1
22 53 1
22 64 1
22 72 1
22 73 1
22 74 1
22 108 1
22 117 1
22 120 1
22 128 1
22 132 1
22 139 1
22 157 1
23 25 1
23 34 1
23 36 1
23 37 1
23 43 1
23 49 1
23 50 1
23 64 1
23 65 1
23 68 1
23 70 1
23 78 1
23 79 1
23 118 1
23 119 1
23 122 1
23 129 1
23 130 1
23 135 1
23 147 1
23 156 1
24 25 1
24 28 1
24 30 1
24 38 1
24 44 1
24 47 1
24 75 1
24 91 1
24 102 1
24 118 1
24 121 1
24 125 1
24 129 1
24 130 1
24 135 1
24 137 1
24 142 1
24 145 1
24 154 1
24 159 1
25 33 1
25 60 1
25 67 1
25 72 1
25 90 1
25 108 1
25 113 1
25 126 1
25 127 1
25 149 1
25 154 1
26 34 1
26 47 1
26 50 1
26 55 1
26 70 1
26 76 1
26 79 1
26 87 1
26 103 1
26 109 1
26 114 1
26 123 1
26 127 1
26 150 1
26 156 1
27 35 1
27 60 1
27 67 1
27 82 1
27 97 1
27 103 1
27 107 1
27 131 1
27 132 1
27 133 1
27 142 1
27 147 1
28 42 1
28 45 1
28 72 1
28 75 1
28 81 1
28 85 1
28 105 1
28 110 1
28 112 1
28 117 1
28 123 1
28 144 1
28 152 1
28 156 1
29 30 1
29 36 1
29 37 1
29 48 1
29 54 1
29 58 1
29 59 1
29 69 1
29 72 1
29 83 1
29 89 1
29 106 1
29 113 1
29 114 1
29 119 1
29 123 1
29 126 1
29 136 1
29 152 1
30 31 1
30 58 1
30 68 1
30 70 1
30 72 1
30 80 1
30 81 1
30 83 1
30 85 1
30 86 1
30 109 1
30 111 1
30 113 1
30 118 1
30 128 1
30 131 1
30 136 1
30 141 1
30 142 1
30 154 1
30 158 1
31 42 1
31 43 1
31 73 1
31 74 1
31 119 1
31 132 1
31 136 1
31 144 1
31 145 1
32 36 1
32 49 1
32 54 1
32 70 1
32 71 1
32 75 1
32 94 1
32 98 1
32 100 1
32 106 1
32 108 1
32 119 1
32 141 1
32 154 1
33 34 1
33 35 1
33 36 1
33 41 1
33 43 1
33 55 1
33 57 1
33 62 1
33 64 1
33 69 1
33 70 1
33 71 1
33 80 1
33 94 1
33 102 1
33 108 1
33 112 1
33 114 1
33 120 1
33 133 1
33 134 1
33 135 1
33 142 1
33 151 1
33 152 1
34 49 1
34 52 1
34 79 1
34 80 1
34 82 1
34 98 1
34 100 1
34 105 1
34 106 1
34 113 1
34 114 1
34 124 1
34 126 1
34 133 1
34 134 1
34 151 1
35 42 1
35 45 1
35 47 1
35 59 1
35 67 1
35 68 1
35 74 1
35 84 1
35 86 1
35 88 1
35 93 1
35 99 1
35 100 1
35 103 1
35 105 1
35 111 1
35 120 1
35 123 1
35 138 1
35 139 1
35 146 1
35 147 1
35 148 1
36 40 1
36 45 1
36 53 1
36 60 1
36 62 1
36 63 1
36 96 1
36 100 1
36 114 1
36 116 1
36 120 1
36 151 1
37 42 1
37 55 1
37 56 1
37 60 1
37 71 1
37 74 1
37 82 1
37 93 1
37 111 1
37 123 1
37 126 1
37 128 1
37 133 1
37 145 1
37 155 1
37 158 1
38 44 1
38 72 1
38 75 1
38 82 1
38 94 1
38 101 1
38 104 1
38 112 1
38 113 1
38 123 1
38 142 1
38 155 1
38 158 1
39 55 1
39 60 1
39 66 1
39 70 1
39 76 1
39 112 1
39 113 1
39 116 1
39 125 1
39 131 1
39 132 1
39 133 1
39 146 1
39 150 1
39 159 1
40 48 1
40 54 1
40 55 1
40 57 1
40 59 1
40 86 1
40 99 1
40 104 1
40 135 1
40 138 1
40 152 1
40 155 1
40 157 1
41 44 1
41 46 1
41 54 1
41 65 1
41 71 1
41 80 1
41 90 1
41 109 1
41 117 1
41 119 1
41 128 1
41 133 1
41 135 1
41 142 1
41 148 1
41 150 1
42 52 1
42 53 1
42 64 1
42 67 1
42 71 1
42 79 1
42 82 1
42 100 1
42 104 1
42 115 1
42 116 1
42 118 1
42 119 1
42 130 1
42 134 1
42 143 1
42 149 1
43 63 1
43 67 1
43 70 1
43 75 1
43 77 1
43 79 1
43 102 1
43 113 1
43 118 1
43 127 1
43 129 1
43 153 1
43 159 1
44 54 1
44 55 1
44 57 1
44 60 1
44 61 1
44 72 1
44 75 1
44 96 1
44 98 1
44 99 1
44 102 1
44 112 1
44 117 1
44 125 1
44 153 1
44 157 1
45 52 1
45 63 1
45 64 1
45 68 1
45 82 1
45 100 1
45 129 1
45 132 1
45 136 1
45 139 1
45 145 1
45 159 1
46 51 1
46 59 1
46 76 1
46 79 1
46 81 1
46 91 1
46 92 1
46 94 1
46 105 1
46 106 1
46 114 1
46 133 1
46 149 1
46 153 1
46 154 1
47 58 1
47 78 1
47 82 1
47 95 1
47 97 1
47 103 1
47 112 1
47 130 1
47 131 1
47 137 1
47 154 1
47 155 1
48 51 1
48 52 1
48 53 1
48 62 1
48 75 1
48 76 1
48 86 1
48 89 1
48 91 1
48 93 1
48 106 1
48 107 1
48 122 1
48 123 1
48 124 1
49 50 1
49 58 1
49 67 1
49 76 1
49 85 1
49 88 1
49 90 1
49 91 1
49 96 1
49 99 1
49 103 1
49 106 1
49 125 1
49 140 1
49 145 1
49 152 1
49 153 1
49 154 1
49 156 1
50 55 1
50 67 1
50 79 1
50 82 1
50 85 1
50 93 1
50 98 1
50 110 1
50 112 1
50 141 1
50 151 1
50 152 1
50 154 1
50 156 1
51 52 1
51 53 1
51 54 1
51 55 1
51 56 1
51 63 1
51 67 1
51 69 1
51 77 1
51 101 1
51 102 1
51 104 1
51 126 1
51 127 1
51 132 1
52 53 1
52 55 1
52 58 1
52 66 1
52 73 1
52 83 1
52 94 1
52 98 1
52 111 1
52 123 1
52 127 1
52 135 1
52 141 1
52 142 1
52 146 1
52 159 1
53 54 1
53 57 1
53 64 1
53 66 1
53 68 1
53 69 1
53 81 1
53 89 1
53 99 1
53 110 1
53 134 1
53 156 1
54 66 1
54 67 1
54 71 1
54 78 1
54 95 1
54 103 1
54 107 1
54 109 1
54 114 1
54 123 1
54 124 1
54 130 1
54 148 1
54 151 1
55 56 1
55 61 1
55 64 1
55 87 1
55 98 1
55 115 1
55 117 1
55 123 1
55 138 1
55 139 1
55 149 1
55 157 1
56 58 1
56 60 1
56 63 1
56 68 1
56 69 1
56 71 1
56 79 1
56 97 1
56 106 1
56 144 1
56 149 1
57 58 1
57 62 1
57 63 1
57 83 1
57 90 1
57 95 1
57 102 1
57 113 1
57 114 1
57 115 1
57 122 1
57 123 1
57 124 1
57 126 1
57 128 1
57 143 1
57 151 1
57 152 1
57 156 1
57 157 1
58 69 1
58 75 1
58 80 1
58 92 1
58 110 1
58 111 1
58 116 1
58 117 1
58 124 1
58 145 1
58 153 1
58 154 1
59 63 1
59 64 1
59 67 1
59 70 1
59 85 1
59 86 1
59 88 1
59 97 1
59 127 1
59 133 1
59 135 1
59 155 1
59 158 1
60 77 1
60 78 1
60 94 1
60 100 1
60 109 1
60 111 1
60 120 1
60 126 1
60 133 1
60 134 1
60 136 1
60 146 1
60 152 1
61 64 1
61 72 1
61 74 1
61 114 1
61 117 1
61 121 1
61 123 1
61 132 1
61 138 1
61 140 1
61 141 1
61 150 1
62 77 1
62 83 1
62 90 1
62 99 1
62 119 1
62 139 1
63 65 1
63 71 1
63 79 1
63 89 1
63 93 1
63 99 1
63 105 1
63 112 1
63 118 1
63 120 1
63 121 1
63 122 1
63 124 1
63 125 1
63 127 1
63 134 1
63 139 1
63 141 1
63 142 1
63 152 1
63 156 1
64 78 1
64 81 1
64 85 1
64 89 1
64 92 1
64 94 1
64 102 1
64 108 1
64 121 1
64 125 1
64 133 1
64 139 1
64 141 1
64 149 1
64 156 1
65 76 1
65 78 1
65 93 1
65 94 1
65 112 1
65 129 1
65 131 1
65 142 1
65 143 1
65 155 1
65 158 1
66 94 1
66 97 1
66 103 1
66 105 1
66 115 1
66 121 1
66 123 1
66 138 1
66 140 1
66 142 1
66 153 1
67 82 1
67 84 1
67 85 1
67 89 1
67 99 1
67 115 1
67 122 1
67 125 1
67 129 1
67 130 1
67 133 1
67 136 1
67 148 1
67 149 1
68 78 1
68 80 1
68 83 1
68 84 1
68 90 1
68 92 1
68 112 1
68 128 1
68 129 1
68 132 1
68 133 1
68 158 1
69 70 1
69 88 1
69 109 1
69 112 1
69 123 1
69 128 1
69 129 1
69 135 1
69 139 1
69 149 1
70 101 1
70 115 1
70 146 1
70 149 1
70 151 1
70 158 1
71 89 1
71 109 1
71 111 1
71 115 1
71 119 1
71 122 1
71 130 1
71 146 1
71 157 1
72 75 1
72 81 1
72 85 1
72 89 1
72 93 1
72 94 1
72 97 1
72 99 1
72 104 1
72 124 1
72 126 1
72 127 1
72 141 1
72 143 1
72 144 1
72 145 1
72 154 1
72 155 1
73 75 1
73 79 1
73 84 1
73 85 1
73 87 1
73 96 1
73 113 1
73 116 1
73 120 1
73 124 1
73 142 1
73 148 1
73 155 1
74 81 1
74 87 1
74 95 1
74 100 1
74 116 1
74 121 1
74 123 1
74 140 1
74 141 1
74 153 1
75 80 1
75 85 1
75 88 1
75 90 1
75 97 1
75 110 1
75 116 1
75 139 1
75 145 1
75 157 1
76 80 1
76 81 1
76 82 1
76 89 1
76 102 1
76 103 1
76 109 1
76 112 1
76 118 1
76 127 1
76 130 1
76 143 1
76 155 1
77 83 1
77 88 1
77 97 1
77 104 1
77 105 1
77 107 1
77 116 1
77 117 1
77 125 1
77 139 1
77 143 1
77 145 1
77 147 1
78 87 1
78 94 1
78 103 1
78 105 1
78 109 1
78 120 1
78 121 1
78 128 1
78 138 1
78 148 1
78 154 1
78 155 1
78 159 1
79 91 1
79 96 1
79 112 1
79 113 1
79 118 1
79 125 1
79 138 1
79 140 1
79 145 1
79 151 1
79 152 1
80 98 1
80 114 1
80 115 1
80 120 1
80 125 1
80 126 1
80 130 1
80 132 1
80 153 1
80 154 1
81 87 1
81 97 1
81 100 1
81 101 1
81 109 1
81 116 1
81 119 1
81 135 1
81 136 1
81 141 1
81 144 1
81 147 1
82 122 1
82 123 1
82 126 1
82 132 1
82 133 1
82 142 1
82 143 1
82 144 1
82 150 1
82 154 1
83 102 1
83 106 1
83 108 1
83 115 1
83 118 1
83 128 1
83 140 1
83 142 1
84 94 1
84 99 1
84 103 1
84 122 1
84 133 1
85 87 1
85 105 1
85 107 1
85 120 1
85 131 1
86 111 1
86 113 1
86 117 1
86 122 1
86 125 1
86 131 1
86 138 1
86 139 1
86 143 1
86 145 1
86 148 1
86 149 1
86 154 1
87 111 1
87 116 1
87 119 1
87 130 1
87 132 1
87 133 1
87 138 1
87 144 1
88 90 1
88 92 1
88 93 1
88 113 1
88 116 1
88 132 1
88 140 1
88 153 1
89 92 1
89 119 1
89 123 1
89 127 1
89 133 1
89 138 1
89 156 1
90 97 1
90 109 1
90 112 1
90 116 1
90 118 1
90 136 1
90 151 1
91 92 1
91 97 1
91 106 1
91 124 1
91 127 1
91 138 1
91 147 1
91 151 1
91 153 1
92 99 1
92 101 1
92 102 1
92 103 1
92 110 1
92 119 1
92 121 1
92 123 1
92 157 1
93 96 1
93 117 1
93 121 1
93 124 1
93 125 1
93 128 1
93 129 1
93 134 1
93 137 1
93 145 1
93 156 1
94 95 1
94 110 1
94 111 1
94 113 1
94 114 1
94 129 1
94 132 1
94 153 1
94 155 1
95 112 1
95 113 1
95 116 1
95 128 1
95 129 1
95 131 1
95 132 1
95 142 1
95 144 1
96 99 1
96 100 1
96 104 1
96 110 1
96 127 1
96 131 1
96 135 1
96 159 1
97 108 1
97 111 1
97 115 1
97 116 1
97 119 1
97 129 1
97 148 1
98 101 1
98 102 1
98 111 1
98 136 1
98 139 1
98 152 1
99 100 1
99 113 1
99 114 1
99 129 1
99 139 1
100 107 1
100 116 1
100 121 1
100 124 1
100 130 1
100 135 1
100 137 1
100 140 1
101 102 1
101 107 1
101 108 1
101 115 1
101 119 1
101 122 1
101 123 1
101 130 1
101 146 1
102 112 1
102 119 1
102 131 1
102 140 1
102 152 1
102 158 1
103 109 1
103 120 1
103 127 1
103 132 1
103 136 1
103 148 1
103 158 1
104 112 1
104 131 1
104 147 1
105 112 1
105 153 1
106 108 1
106 114 1
106 121 1
106 125 1
106 143 1
107 110 1
107 116 1
107 117 1
107 119 1
107 122 1
107 124 1
107 137 1
107 144 1
107 150 1
107 154 1
107 157 1
108 113 1
108 118 1
108 119 1
108 131 1
108 134 1
108 136 1
108 137 1
108 150 1
108 151 1
108 154 1
109 111 1
109 113 1
109 126 1
109 129 1
109 132 1
109 135 1
109 137 1
109 144 1
109 155 1
110 113 1
110 127 1
110 128 1
110 136 1
110 137 1
110 150 1
111 137 1
111 149 1
111 157 1
111 159 1
112 114 1
112 116 1
112 125 1
112 126 1
112 132 1
112 137 1
112 138 1
112 140 1
112 142 1
112 155 1
113 116 1
113 125 1
113 143 1
113 145 1
113 159 1
114 117 1
114 118 1
114 120 1
114 122 1
114 127 1
114 145 1
114 150 1
115 116 1
115 134 1
115 142 1
116 126 1
116 129 1
116 144 1
116 145 1
116 147 1
116 153 1
116 157 1
116 158 1
117 118 1
117 121 1
117 127 1
117 135 1
117 138 1
117 141 1
117 159 1
118 125 1
118 140 1
119 131 1
119 156 1
120 121 1
120 126 1
120 142 1
120 144 1
120 145 1
120 157 1
121 122 1
121 130 1
121 132 1
121 137 1
121 144 1
121 148 1
121 154 1
121 156 1
122 129 1
122 130 1
122 131 1
122 135 1
122 137 1
122 150 1
123 144 1
123 158 1
124 126 1
124 128 1
124 136 1
124 143 1
124 149 1
125 139 1
125 146 1
125 152 1
126 127 1
127 132 1
127 134 1
127 142 1
127 155 1
127 158 1
128 134 1
128 142 1
128 145 1
128 147 1
128 148 1
128 157 1
130 131 1
130 140 1
130 154 1
130 158 1
131 138 1
131 140 1
131 159 1
132 159 1
133 134 1
133 142 1
133 155 1
134 142 1
135 140 1
135 142 1
135 146 1
136 148 1
136 150 1
137 138 1
137 145 1
137 155 1
137 159 1
138 139 1
138 143 1
138 145 1
138 148 1
138 154 1
138 158 1
139 140 1
139 148 1
139 151 1
139 154 1
140 141 1
140 147 1
140 152 1
140 157 1
141 148 1
141 153 1
142 146 1
142 147 1
143 149 1
143 150 1
143 153 1
144 147 1
145 156 1
146 153 1
147 149 1
147 150 1
147 157 1
147 159 1
148 150 1
149 157 1
149 158 1
149 159 1
150 153 1
151 154 1
152 157 1
1
32 53 80 147 11 129 86 12 120 116 131 135 106 65 103 0
