296
0 1 1
0 2 1
0 4 1
0 5 1
0 6 1
0 8 1
0 12 1
0 13 1
0 15 1
0 16 1
0 22 1
0 23 1
0 26 1
0 28 1
0 29 1
0 30 1
0 32 1
0 33 1
0 35 1
1 7 1
1 11 1
1 12 1
1 14 1
1 16 1
1 20 1
1 23 1
1 24 1
1 25 1
1 28 1
1 33 1
1 34 1
1 39 1
2 5 1
2 7 1
2 13 1
2 15 1
2 16 1
2 17 1
2 23 1
2 24 1
2 28 1
2 30 1
2 33 1
2 34 1
2 39 1
3 8 1
3 19 1
3 24 1
3 26 1
3 27 1
3 28 1
3 33 1
3 35 1
3 36 1
3 38 1
4 5 1
4 7 1
4 8 1
4 12 1
4 14 1
4 16 1
4 17 1
4 19 1
4 29 1
4 31 1
4 34 1
4 39 1
5 6 1
5 11 1
5 13 1
5 14 1
5 16 1
5 17 1
5 19 1
5 23 1
5 25 1
5 26 1
5 29 1
5 33 1
5 39 1
6 8 1
6 10 1
6 11 1
6 12 1
6 14 1
6 17 1
6 20 1
6 22 1
6 27 1
6 29 1
6 34 1
6 36 1
7 8 1
7 10 1
7 11 1
7 12 1
7 14 1
7 17 1
7 19 1
7 20 1
7 23 1
7 25 1
7 26 1
7 27 1
7 29 1
7 31 1
7 32 1
7 33 1
7 35 1
7 37 1
8 10 1
8 13 1
8 15 1
8 19 1
8 22 1
8 24 1
8 27 1
8 28 1
8 29 1
8 30 1
8 34 1
8 35 1
8 36 1
8 38 1
9 10 1
9 12 1
9 14 1
9 19 1
9 21 1
9 26 1
9 28 1
9 30 1
9 34 1
9 35 1
9 37 1
10 11 1
10 12 1
10 13 1
10 14 1
10 17 1
10 19 1
10 21 1
10 22 1
10 25 1
10 27 1
10 31 1
10 32 1
10 39 1
11 12 1
11 13 1
11 14 1
11 15 1
11 18 1
11 20 1
11 27 1
11 31 1
11 33 1
11 34 1
12 13 1
12 14 1
12 20 1
12 21 1
12 25 1
12 26 1
12 27 1
12 29 1
12 30 1
12 31 1
12 33 1
12 37 1
13 14 1
13 15 1
13 16 1
13 17 1
13 18 1
13 19 1
13 23 1
13 27 1
13 29 1
13 30 1
13 32 1
13 33 1
13 34 1
13 36 1
13 38 1
13 39 1
14 18 1
14 19 1
14 21 1
14 22 1
14 23 1
14 24 1
14 25 1
14 31 1
14 33 1
14 36 1
15 17 1
15 22 1
15 24 1
15 26 1
15 28 1
15 29 1
15 30 1
15 33 1
15 37 1
15 38 1
15 39 1
16 22 1
16 23 1
17 18 1
17 22 1
17 27 1
17 30 1
17 34 1
17 35 1
17 37 1
18 21 1
18 26 1
18 29 1
18 32 1
18 36 1
18 37 1
18 38 1
19 20 1
19 21 1
19 28 1
19 31 1
19 39 1
20 22 1
20 27 1
20 29 1
20 30 1
20 32 1
20 34 1
20 36 1
20 38 1
21 22 1
21 25 1
21 31 1
21 34 1
21 38 1
22 25 1
22 28 1
22 30 1
22 31 1
22 35 1
22 38 1
22 39 1
23 24 1
23 25 1
23 32 1
24 28 1
24 30 1
24 33 1
24 35 1
24 36 1
24 38 1
25 26 1
25 27 1
25 29 1
25 34 1
25 36 1
25 37 1
25 39 1
26 35 1
26 36 1
26 38 1
26 39 1
27 31 1
27 32 1
27 34 1
27 38 1
28 29 1
28 30 1
28 35 1
28 36 1
28 37 1
29 33 1
29 34 1
30 32 1
31 34 1
31 35 1
31 36 1
31 37 1
31 39 1
32 35 1
32 38 1
33 36 1
33 37 1
33 38 1
34 38 1
34 39 1
35 36 1
35 38 1
36 39 1
37 39 1
1
22 14 23 6
