1230
0 3 1
0 15 1
0 20 1
0 22 1
0 27 1
0 36 1
0 37 1
0 47 1
0 51 1
0 55 1
0 56 1
0 58 1
0 66 1
0 73 1
0 91 1
0 92 1
0 94 1
0 95 1
0 97 1
0 101 1
0 114 1
0 118 1
0 121 1
0 125 1
0 126 1
1 4 1
1 8 1
1 10 1
1 44 1
1 47 1
1 55 1
1 58 1
1 63 1
1 72 1
1 73 1
1 74 1
1 81 1
1 87 1
1 91 1
1 94 1
1 95 1
1 102 1
1 105 1
1 112 1
1 122 1
2 4 1
2 5 1
2 16 1
2 19 1
2 21 1
2 23 1
2 25 1
2 33 1
2 41 1
2 44 1
2 57 1
2 65 1
2 66 1
2 68 1
2 91 1
2 104 1
2 108 1
2 113 1
2 121 1
3 9 1
3 11 1
3 12 1
3 23 1
3 38 1
3 41 1
3 48 1
3 51 1
3 64 1
3 66 1
3 70 1
3 84 1
3 91 1
3 94 1
3 113 1
3 114 1
3 119 1
3 120 1
4 11 1
4 19 1
4 28 1
4 31 1
4 35 1
4 36 1
4 43 1
4 44 1
4 46 1
4 51 1
4 56 1
4 58 1
4 65 1
4 69 1
4 70 1
4 73 1
4 76 1
4 77 1
4 85 1
4 102 1
4 114 1
5 10 1
5 18 1
5 19 1
5 21 1
5 25 1
5 29 1
5 30 1
5 34 1
5 61 1
5 63 1
5 65 1
5 66 1
5 78 1
5 83 1
5 92 1
5 95 1
5 100 1
5 113 1
5 115 1
5 119 1
5 120 1
5 123 1
6 11 1
6 13 1
6 15 1
6 24 1
6 42 1
6 44 1
6 49 1
6 54 1
6 61 1
6 62 1
6 70 1
6 74 1
6 78 1
6 81 1
6 89 1
6 93 1
6 104 1
6 108 1
6 115 1
6 122 1
7 16 1
7 19 1
7 23 1
7 26 1
7 29 1
7 33 1
7 34 1
7 39 1
7 54 1
7 71 1
7 94 1
7 98 1
7 106 1
7 120 1
7 125 1
8 20 1
8 36 1
8 37 1
8 41 1
8 44 1
8 47 1
8 54 1
8 59 1
8 67 1
8 70 1
8 73 1
8 114 1
9 13 1
9 55 1
9 68 1
9 80 1
9 83 1
9 98 1
9 102 1
9 112 1
9 117 1
9 128 1
10 14 1
10 24 1
10 32 1
10 35 1
10 43 1
10 46 1
10 51 1
10 66 1
10 68 1
10 69 1
10 73 1
10 74 1
10 76 1
10 85 1
10 87 1
10 88 1
10 103 1
10 121 1
10 124 1
10 125 1
11 16 1
11 18 1
11 22 1
11 23 1
11 44 1
11 49 1
11 59 1
11 83 1
11 90 1
11 98 1
11 111 1
11 118 1
11 119 1
11 126 1
12 13 1
12 27 1
12 37 1
12 49 1
12 68 1
12 73 1
12 84 1
12 89 1
12 92 1
12 97 1
12 102 1
13 29 1
13 36 1
13 39 1
13 49 1
13 55 1
13 67 1
13 73 1
13 74 1
13 86 1
13 88 1
13 90 1
13 96 1
13 112 1
13 114 1
13 121 1
13 127 1
14 22 1
14 29 1
14 34 1
14 44 1
14 50 1
14 53 1
14 62 1
14 69 1
14 91 1
14 94 1
14 95 1
14 110 1
14 112 1
14 114 1
14 123 1
14 129 1
15 23 1
15 31 1
15 36 1
15 39 1
15 40 1
15 44 1
15 47 1
15 48 1
15 54 1
15 56 1
15 59 1
15 74 1
15 75 1
15 92 1
15 117 1
15 119 1
15 128 1
15 129 1
16 25 1
16 32 1
16 46 1
16 47 1
16 49 1
16 50 1
16 51 1
16 69 1
16 74 1
16 78 1
16 80 1
16 89 1
16 91 1
16 92 1
16 110 1
16 114 1
16 122 1
16 123 1
17 28 1
17 29 1
17 34 1
17 56 1
17 59 1
17 60 1
17 67 1
17 68 1
17 73 1
17 79 1
17 84 1
17 92 1
17 100 1
17 103 1
17 104 1
17 115 1
17 120 1
17 123 1
17 125 1
18 22 1
18 30 1
18 35 1
18 36 1
18 38 1
18 42 1
18 50 1
18 51 1
18 76 1
18 94 1
18 95 1
18 111 1
18 113 1
18 119 1
18 123 1
18 124 1
19 35 1
19 37 1
19 38 1
19 41 1
19 42 1
19 51 1
19 54 1
19 55 1
19 56 1
19 63 1
19 91 1
19 93 1
19 94 1
19 108 1
19 113 1
20 23 1
20 24 1
20 40 1
20 42 1
20 54 1
20 56 1
20 58 1
20 64 1
20 71 1
20 73 1
20 74 1
20 75 1
20 80 1
20 82 1
20 105 1
20 113 1
20 115 1
20 117 1
20 121 1
20 123 1
20 126 1
21 37 1
21 44 1
21 49 1
21 50 1
21 64 1
21 70 1
21 85 1
21 87 1
21 90 1
21 120 1
21 124 1
22 30 1
22 31 1
22 41 1
22 49 1
22 51 1
22 55 1
22 66 1
22 75 1
22 76 1
22 78 1
22 94 1
22 96 1
22 98 1
22 107 1
22 119 1
22 128 1
23 39 1
23 43 1
23 46 1
23 48 1
23 51 1
23 61 1
23 64 1
23 65 1
23 67 1
23 69 1
23 74 1
23 77 1
23 80 1
23 82 1
23 91 1
23 97 1
23 107 1
23 110 1
23 112 1
23 113 1
23 121 1
24 27 1
24 30 1
24 31 1
24 34 1
24 35 1
24 39 1
24 45 1
24 48 1
24 59 1
24 62 1
24 67 1
24 74 1
24 80 1
24 88 1
24 90 1
24 100 1
24 116 1
24 117 1
24 121 1
24 122 1
24 123 1
24 129 1
25 33 1
25 35 1
25 42 1
25 43 1
25 52 1
25 56 1
25 75 1
25 79 1
25 89 1
25 96 1
25 101 1
25 105 1
25 106 1
25 107 1
25 111 1
25 121 1
25 125 1
26 27 1
26 28 1
26 36 1
26 47 1
26 51 1
26 54 1
26 60 1
26 70 1
26 79 1
26 85 1
26 91 1
26 94 1
26 95 1
26 103 1
26 118 1
26 125 1
26 127 1
26 128 1
27 38 1
27 46 1
27 48 1
27 51 1
27 56 1
27 59 1
27 64 1
27 66 1
27 72 1
27 81 1
27 90 1
27 107 1
27 112 1
27 114 1
27 115 1
27 117 1
27 123 1
27 126 1
27 129 1
28 59 1
28 64 1
28 82 1
28 90 1
28 95 1
28 105 1
28 110 1
28 124 1
28 127 1
29 33 1
29 49 1
29 51 1
29 55 1
29 62 1
29 70 1
29 85 1
29 87 1
29 88 1
29 99 1
29 103 1
29 106 1
29 109 1
29 116 1
29 125 1
29 126 1
30 32 1
30 46 1
30 49 1
30 64 1
30 66 1
30 83 1
30 89 1
30 105 1
30 116 1
30 121 1
31 42 1
31 57 1
31 59 1
31 66 1
31 70 1
31 74 1
31 76 1
31 79 1
31 92 1
31 96 1
31 106 1
31 107 1
32 33 1
32 37 1
32 43 1
32 44 1
32 45 1
32 68 1
32 74 1
32 86 1
32 88 1
32 90 1
32 92 1
32 95 1
32 103 1
32 111 1
32 119 1
32 123 1
32 127 1
33 36 1
33 42 1
33 49 1
33 55 1
33 63 1
33 64 1
33 70 1
33 71 1
33 83 1
33 87 1
33 92 1
33 93 1
33 95 1
33 101 1
33 113 1
33 117 1
33 120 1
34 41 1
34 46 1
34 62 1
34 64 1
34 65 1
34 78 1
34 81 1
34 82 1
34 84 1
34 98 1
34 114 1
34 119 1
34 127 1
35 42 1
35 47 1
35 48 1
35 50 1
35 54 1
35 57 1
35 65 1
35 73 1
35 80 1
35 88 1
35 99 1
35 100 1
35 108 1
35 114 1
35 125 1
35 126 1
35 129 1
36 46 1
36 53 1
36 60 1
36 66 1
36 74 1
36 83 1
36 95 1
36 99 1
36 108 1
36 110 1
36 113 1
36 120 1
36 125 1
36 126 1
37 62 1
37 64 1
37 65 1
37 66 1
37 68 1
37 77 1
37 80 1
37 83 1
37 89 1
37 93 1
37 95 1
37 96 1
37 100 1
37 106 1
37 115 1
37 123 1
38 42 1
38 45 1
38 60 1
38 72 1
38 76 1
38 94 1
38 97 1
38 100 1
38 102 1
38 109 1
38 114 1
38 125 1
39 47 1
39 54 1
39 55 1
39 57 1
39 63 1
39 65 1
39 72 1
39 73 1
39 78 1
39 82 1
39 89 1
39 91 1
39 100 1
39 105 1
39 114 1
39 117 1
39 125 1
39 127 1
39 129 1
40 47 1
40 51 1
40 53 1
40 54 1
40 63 1
40 65 1
40 73 1
40 74 1
40 76 1
40 78 1
40 95 1
40 105 1
41 50 1
41 53 1
41 67 1
41 68 1
41 69 1
41 93 1
41 98 1
41 99 1
41 101 1
41 106 1
41 121 1
41 123 1
42 54 1
42 55 1
42 57 1
42 59 1
42 61 1
42 67 1
42 80 1
42 85 1
42 87 1
42 92 1
42 96 1
42 97 1
42 108 1
42 118 1
42 123 1
43 61 1
43 66 1
43 78 1
43 81 1
43 90 1
43 94 1
43 105 1
43 106 1
43 119 1
43 122 1
43 128 1
44 45 1
44 53 1
44 55 1
44 64 1
44 84 1
44 88 1
44 91 1
44 101 1
44 105 1
44 107 1
44 110 1
44 116 1
45 49 1
45 53 1
45 54 1
45 57 1
45 66 1
45 67 1
45 69 1
45 74 1
45 79 1
45 100 1
45 110 1
45 118 1
45 123 1
45 126 1
46 61 1
46 69 1
46 72 1
46 76 1
46 78 1
46 81 1
46 84 1
46 86 1
46 95 1
46 98 1
46 106 1
47 49 1
47 76 1
47 77 1
47 80 1
47 83 1
47 84 1
47 90 1
47 98 1
47 107 1
47 108 1
47 110 1
47 114 1
47 116 1
48 56 1
48 62 1
48 79 1
48 80 1
48 94 1
48 95 1
48 102 1
48 118 1
48 129 1
49 50 1
49 56 1
49 69 1
49 71 1
49 84 1
49 108 1
49 115 1
50 55 1
50 68 1
50 84 1
50 86 1
50 87 1
50 91 1
50 93 1
50 99 1
50 102 1
50 107 1
50 122 1
50 126 1
50 127 1
51 54 1
51 55 1
51 63 1
51 68 1
51 69 1
51 85 1
51 108 1
51 124 1
51 126 1
51 129 1
52 66 1
52 68 1
52 76 1
52 79 1
52 88 1
52 89 1
52 95 1
52 109 1
52 119 1
52 120 1
53 54 1
53 57 1
53 60 1
53 69 1
53 71 1
53 72 1
53 80 1
53 89 1
53 112 1
53 115 1
53 116 1
53 118 1
53 124 1
53 127 1
53 128 1
54 60 1
54 66 1
54 69 1
54 71 1
54 82 1
54 113 1
54 122 1
55 60 1
55 62 1
55 63 1
55 66 1
55 74 1
55 92 1
55 93 1
55 98 1
55 110 1
55 113 1
55 125 1
55 128 1
56 57 1
56 58 1
56 74 1
56 86 1
56 93 1
56 95 1
56 107 1
56 123 1
57 61 1
57 63 1
57 70 1
57 77 1
57 83 1
57 85 1
57 87 1
57 90 1
57 92 1
57 101 1
57 105 1
57 106 1
57 119 1
58 60 1
58 74 1
58 83 1
58 85 1
58 95 1
58 98 1
58 104 1
58 105 1
58 109 1
58 113 1
58 114 1
58 115 1
59 65 1
59 73 1
59 81 1
59 82 1
59 87 1
59 121 1
60 66 1
60 67 1
60 77 1
60 83 1
60 87 1
60 88 1
60 97 1
60 118 1
60 129 1
61 62 1
61 68 1
61 69 1
61 73 1
61 74 1
61 78 1
61 103 1
61 115 1
61 122 1
61 125 1
61 129 1
62 86 1
62 91 1
62 95 1
62 97 1
62 103 1
62 109 1
62 110 1
62 119 1
62 122 1
62 124 1
63 68 1
63 73 1
63 74 1
63 79 1
63 80 1
63 103 1
63 107 1
63 110 1
63 120 1
63 123 1
63 125 1
63 126 1
64 66 1
64 67 1
64 71 1
64 82 1
64 87 1
64 105 1
64 113 1
64 117 1
64 120 1
64 121 1
64 124 1
64 128 1
65 86 1
65 102 1
65 118 1
65 121 1
65 123 1
66 67 1
66 69 1
66 72 1
66 73 1
66 78 1
66 93 1
66 97 1
66 102 1
66 109 1
66 126 1
66 128 1
67 68 1
67 78 1
67 90 1
67 95 1
67 97 1
67 99 1
67 108 1
67 124 1
67 127 1
68 75 1
68 80 1
68 88 1
68 95 1
68 98 1
68 99 1
68 127 1
68 129 1
69 76 1
69 77 1
69 80 1
69 85 1
69 89 1
69 91 1
69 98 1
69 100 1
69 104 1
69 105 1
69 109 1
69 113 1
69 122 1
70 82 1
70 94 1
70 97 1
70 100 1
70 109 1
70 125 1
71 75 1
71 76 1
71 82 1
71 88 1
71 89 1
71 98 1
71 112 1
71 120 1
72 78 1
72 82 1
72 87 1
72 93 1
72 100 1
72 104 1
72 111 1
72 118 1
72 121 1
72 122 1
73 76 1
73 83 1
73 88 1
73 93 1
73 96 1
73 113 1
73 114 1
73 116 1
73 126 1
74 76 1
74 83 1
74 90 1
74 91 1
74 93 1
74 103 1
74 105 1
74 111 1
74 122 1
74 126 1
75 88 1
75 92 1
75 97 1
75 104 1
75 106 1
75 116 1
75 126 1
75 127 1
76 88 1
76 93 1
76 94 1
76 95 1
76 99 1
76 101 1
76 102 1
76 129 1
77 89 1
77 104 1
77 105 1
77 108 1
77 110 1
77 129 1
78 97 1
78 98 1
78 103 1
78 117 1
78 121 1
78 123 1
79 83 1
79 86 1
79 91 1
79 95 1
79 100 1
80 87 1
80 93 1
80 114 1
80 121 1
80 122 1
81 89 1
81 92 1
81 94 1
81 98 1
81 100 1
81 105 1
81 114 1
81 116 1
82 86 1
82 87 1
82 96 1
82 101 1
82 118 1
82 119 1
82 121 1
82 122 1
83 86 1
83 109 1
83 124 1
84 88 1
84 94 1
84 98 1
84 102 1
84 113 1
84 114 1
84 119 1
84 123 1
84 125 1
84 126 1
85 86 1
85 88 1
85 92 1
85 98 1
85 110 1
85 116 1
86 90 1
86 101 1
86 102 1
86 115 1
87 88 1
87 89 1
87 99 1
87 101 1
87 114 1
87 122 1
87 125 1
87 127 1
88 92 1
88 96 1
88 102 1
88 106 1
88 109 1
88 112 1
88 114 1
88 116 1
88 123 1
89 97 1
89 109 1
89 115 1
89 117 1
89 121 1
89 124 1
90 98 1
91 95 1
91 96 1
91 101 1
91 105 1
91 127 1
92 96 1
92 97 1
92 117 1
92 120 1
93 97 1
93 107 1
93 111 1
93 126 1
94 100 1
94 102 1
94 113 1
94 121 1
94 126 1
95 108 1
95 112 1
95 113 1
95 123 1
95 126 1
96 98 1
96 108 1
96 110 1
96 113 1
97 98 1
97 102 1
97 103 1
97 107 1
97 111 1
97 115 1
97 125 1
97 127 1
98 104 1
98 113 1
98 117 1
98 128 1
99 100 1
99 104 1
99 110 1
99 124 1
100 102 1
100 126 1
101 102 1
101 104 1
101 108 1
101 109 1
101 113 1
101 115 1
101 118 1
101 128 1
102 115 1
102 117 1
102 118 1
102 124 1
103 111 1
103 115 1
103 127 1
104 106 1
104 126 1
105 114 1
105 116 1
106 116 1
106 128 1
107 115 1
107 117 1
107 120 1
107 121 1
107 125 1
107 127 1
108 112 1
108 115 1
108 125 1
109 112 1
109 114 1
109 117 1
109 118 1
110 112 1
110 115 1
110 116 1
111 114 1
111 115 1
111 129 1
112 115 1
112 117 1
112 120 1
113 129 1
115 121 1
115 124 1
115 129 1
116 121 1
117 118 1
117 121 1
118 129 1
119 128 1
121 123 1
121 127 1
122 127 1
123 125 1
124 129 1
1
74 114 3 94 125 8 129 51 23 26 88 110 40
