1017
0 7 1
0 8 1
0 11 1
0 14 1
0 22 1
0 33 1
0 37 1
0 44 1
0 52 1
0 57 1
0 61 1
0 70 1
0 73 1
0 79 1
0 92 1
0 97 1
0 102 1
1 9 1
1 10 1
1 11 1
1 13 1
1 17 1
1 32 1
1 33 1
1 34 1
1 41 1
1 45 1
1 50 1
1 53 1
1 58 1
1 63 1
1 65 1
1 70 1
1 75 1
1 90 1
1 91 1
1 92 1
1 96 1
1 102 1
1 104 1
2 5 1
2 10 1
2 20 1
2 32 1
2 48 1
2 74 1
2 76 1
2 82 1
2 87 1
2 93 1
2 104 1
3 15 1
3 21 1
3 26 1
3 35 1
3 36 1
3 49 1
3 52 1
3 57 1
3 65 1
3 88 1
3 101 1
3 103 1
4 5 1
4 7 1
4 15 1
4 18 1
4 21 1
4 23 1
4 24 1
4 27 1
4 38 1
4 39 1
4 41 1
4 42 1
4 46 1
4 54 1
4 55 1
4 70 1
4 73 1
4 75 1
4 81 1
4 84 1
4 91 1
4 98 1
4 99 1
4 106 1
4 109 1
5 6 1
5 9 1
5 10 1
5 11 1
5 25 1
5 27 1
5 50 1
5 59 1
5 61 1
5 63 1
5 66 1
5 67 1
5 70 1
5 76 1
5 83 1
5 87 1
5 95 1
5 96 1
5 102 1
6 15 1
6 18 1
6 22 1
6 31 1
6 35 1
6 36 1
6 37 1
6 46 1
6 52 1
6 55 1
6 60 1
6 70 1
6 83 1
6 88 1
6 93 1
6 95 1
6 96 1
6 101 1
6 102 1
6 106 1
6 109 1
7 8 1
7 9 1
7 15 1
7 32 1
7 41 1
7 64 1
7 67 1
7 68 1
7 74 1
7 78 1
7 82 1
7 84 1
7 96 1
7 99 1
7 103 1
7 104 1
7 105 1
7 106 1
7 107 1
8 35 1
8 38 1
8 40 1
8 52 1
8 55 1
8 60 1
8 61 1
8 62 1
8 70 1
8 80 1
8 82 1
8 86 1
8 88 1
8 91 1
8 92 1
8 107 1
8 108 1
8 109 1
9 21 1
9 23 1
9 24 1
9 36 1
9 37 1
9 49 1
9 56 1
9 65 1
9 72 1
9 75 1
9 78 1
9 80 1
9 84 1
9 94 1
9 106 1
10 12 1
10 26 1
10 32 1
10 39 1
10 50 1
10 58 1
10 59 1
10 71 1
10 75 1
10 82 1
10 86 1
10 89 1
10 96 1
10 102 1
11 12 1
11 16 1
11 29 1
11 36 1
11 37 1
11 40 1
11 41 1
11 42 1
11 46 1
11 59 1
11 63 1
11 66 1
11 70 1
11 78 1
11 84 1
11 88 1
11 92 1
11 96 1
12 24 1
12 26 1
12 34 1
12 38 1
12 41 1
12 44 1
12 48 1
12 51 1
12 53 1
12 57 1
12 59 1
12 66 1
12 68 1
12 71 1
12 72 1
12 74 1
12 79 1
12 87 1
12 91 1
12 97 1
12 98 1
12 100 1
12 104 1
13 21 1
13 22 1
13 32 1
13 36 1
13 51 1
13 52 1
13 59 1
13 62 1
13 63 1
13 67 1
13 90 1
13 91 1
13 92 1
13 109 1
14 18 1
14 26 1
14 28 1
14 31 1
14 53 1
14 60 1
14 67 1
14 68 1
14 83 1
14 86 1
14 94 1
14 95 1
14 97 1
14 100 1
14 102 1
14 106 1
14 108 1
15 19 1
15 23 1
15 37 1
15 42 1
15 45 1
15 51 1
15 52 1
15 56 1
15 57 1
15 63 1
15 65 1
15 69 1
15 85 1
15 90 1
15 91 1
15 95 1
15 99 1
15 107 1
16 17 1
16 27 1
16 35 1
16 39 1
16 41 1
16 55 1
16 57 1
16 61 1
16 72 1
16 79 1
16 94 1
16 98 1
16 106 1
17 24 1
17 25 1
17 30 1
17 32 1
17 35 1
17 36 1
17 41 1
17 43 1
17 46 1
17 49 1
17 55 1
17 57 1
17 58 1
17 63 1
17 64 1
17 65 1
17 83 1
17 88 1
17 92 1
17 95 1
18 22 1
18 25 1
18 28 1
18 30 1
18 63 1
18 66 1
18 68 1
18 72 1
18 74 1
18 75 1
18 80 1
18 89 1
18 96 1
18 98 1
18 106 1
19 22 1
19 23 1
19 39 1
19 48 1
19 59 1
19 61 1
19 66 1
19 69 1
19 71 1
19 73 1
19 76 1
19 84 1
19 95 1
19 103 1
20 26 1
20 36 1
20 37 1
20 40 1
20 43 1
20 44 1
20 46 1
20 49 1
20 52 1
20 91 1
20 94 1
20 98 1
20 104 1
21 28 1
21 32 1
21 40 1
21 41 1
21 45 1
21 59 1
21 64 1
21 68 1
21 77 1
21 80 1
21 82 1
21 83 1
21 88 1
21 91 1
21 100 1
21 101 1
21 102 1
21 105 1
22 26 1
22 37 1
22 48 1
22 50 1
22 54 1
22 57 1
22 71 1
22 72 1
22 80 1
22 81 1
22 90 1
22 97 1
22 101 1
22 102 1
22 103 1
22 109 1
23 25 1
23 26 1
23 42 1
23 44 1
23 51 1
23 57 1
23 68 1
23 69 1
23 73 1
23 81 1
23 87 1
23 88 1
23 89 1
23 90 1
23 94 1
23 102 1
23 104 1
24 28 1
24 36 1
24 39 1
24 43 1
24 44 1
24 50 1
24 56 1
24 62 1
24 63 1
24 75 1
24 82 1
24 86 1
24 89 1
24 105 1
25 28 1
25 32 1
25 46 1
25 61 1
25 69 1
25 74 1
25 81 1
25 82 1
25 86 1
25 91 1
25 106 1
26 27 1
26 28 1
26 37 1
26 45 1
26 50 1
26 51 1
26 58 1
26 64 1
26 65 1
26 66 1
26 71 1
26 78 1
26 87 1
26 101 1
27 28 1
27 31 1
27 33 1
27 35 1
27 36 1
27 38 1
27 39 1
27 43 1
27 44 1
27 58 1
27 67 1
27 81 1
27 84 1
27 92 1
27 98 1
27 100 1
27 105 1
28 29 1
28 32 1
28 35 1
28 37 1
28 40 1
28 45 1
28 52 1
28 57 1
28 60 1
28 71 1
28 72 1
28 83 1
28 93 1
28 97 1
28 108 1
29 32 1
29 35 1
29 39 1
29 41 1
29 50 1
29 52 1
29 53 1
29 66 1
29 67 1
29 80 1
29 99 1
29 106 1
30 37 1
30 38 1
30 40 1
30 43 1
30 48 1
30 49 1
30 54 1
30 63 1
30 64 1
30 67 1
30 74 1
30 75 1
30 89 1
30 90 1
30 96 1
30 99 1
30 105 1
30 109 1
31 50 1
31 78 1
31 81 1
31 90 1
31 93 1
31 94 1
31 96 1
32 42 1
32 52 1
32 67 1
32 82 1
32 83 1
32 85 1
32 90 1
32 91 1
32 93 1
32 99 1
32 106 1
32 107 1
32 109 1
33 35 1
33 42 1
33 48 1
33 51 1
33 60 1
33 61 1
33 69 1
33 79 1
33 80 1
33 83 1
33 93 1
33 96 1
33 98 1
33 100 1
33 102 1
33 107 1
34 50 1
34 52 1
34 54 1
34 59 1
34 63 1
34 71 1
34 73 1
34 77 1
34 79 1
34 81 1
34 89 1
34 91 1
34 96 1
34 106 1
34 109 1
35 39 1
35 68 1
35 76 1
35 83 1
35 90 1
35 91 1
35 94 1
35 96 1
35 99 1
35 105 1
36 46 1
36 47 1
36 49 1
36 65 1
36 68 1
36 73 1
36 75 1
36 77 1
36 79 1
36 93 1
36 100 1
36 108 1
37 52 1
37 61 1
37 64 1
37 65 1
37 72 1
37 78 1
37 79 1
37 95 1
37 96 1
37 102 1
37 105 1
38 43 1
38 56 1
38 74 1
38 86 1
38 87 1
38 96 1
38 103 1
38 107 1
38 109 1
39 41 1
39 46 1
39 49 1
39 59 1
39 68 1
39 70 1
39 72 1
39 75 1
39 88 1
39 93 1
39 97 1
39 99 1
39 101 1
40 42 1
40 55 1
40 97 1
40 105 1
41 52 1
41 54 1
41 62 1
41 65 1
41 69 1
41 71 1
41 92 1
41 106 1
42 57 1
42 65 1
42 66 1
42 73 1
42 77 1
42 103 1
42 107 1
43 44 1
43 45 1
43 48 1
43 54 1
43 55 1
43 56 1
43 59 1
43 63 1
43 76 1
43 77 1
43 85 1
43 95 1
43 97 1
43 102 1
43 104 1
43 107 1
43 108 1
44 46 1
44 52 1
44 55 1
44 56 1
44 71 1
44 81 1
44 82 1
44 84 1
44 96 1
44 100 1
44 103 1
45 53 1
45 55 1
45 62 1
45 66 1
45 74 1
45 90 1
45 91 1
45 93 1
45 95 1
45 97 1
45 104 1
45 108 1
46 54 1
46 57 1
46 64 1
46 65 1
46 80 1
46 82 1
46 100 1
47 61 1
47 63 1
47 68 1
47 70 1
47 81 1
47 100 1
47 109 1
48 49 1
48 50 1
48 53 1
48 68 1
48 70 1
48 74 1
48 76 1
48 81 1
48 84 1
48 86 1
48 97 1
48 102 1
48 103 1
48 105 1
49 50 1
49 52 1
49 62 1
49 73 1
49 101 1
50 51 1
50 53 1
50 66 1
50 74 1
50 76 1
50 84 1
50 91 1
50 92 1
50 108 1
51 55 1
51 65 1
51 74 1
51 85 1
51 87 1
51 88 1
51 94 1
51 108 1
52 55 1
52 63 1
52 65 1
52 68 1
52 71 1
52 82 1
52 87 1
52 94 1
52 105 1
52 106 1
52 107 1
53 62 1
53 74 1
53 75 1
53 76 1
53 77 1
53 78 1
53 93 1
53 96 1
53 104 1
54 57 1
54 59 1
54 61 1
54 65 1
54 85 1
54 87 1
54 88 1
54 100 1
54 105 1
54 106 1
55 66 1
55 70 1
55 75 1
55 79 1
55 84 1
55 88 1
55 91 1
55 92 1
55 94 1
55 96 1
55 100 1
56 57 1
56 70 1
56 72 1
56 79 1
56 82 1
56 83 1
56 86 1
56 88 1
56 97 1
56 99 1
56 109 1
57 59 1
57 65 1
57 73 1
57 74 1
57 77 1
57 87 1
57 96 1
57 101 1
57 102 1
57 106 1
57 108 1
57 109 1
58 64 1
58 72 1
58 77 1
58 80 1
58 83 1
58 87 1
58 88 1
58 93 1
58 107 1
59 66 1
59 77 1
59 93 1
60 61 1
60 77 1
60 79 1
60 83 1
60 85 1
60 104 1
60 109 1
61 64 1
61 65 1
61 87 1
61 88 1
61 95 1
61 98 1
61 109 1
62 67 1
62 69 1
62 79 1
62 81 1
62 94 1
62 97 1
62 104 1
63 82 1
63 87 1
63 107 1
63 108 1
64 65 1
64 75 1
64 77 1
64 80 1
64 93 1
64 101 1
64 104 1
64 108 1
65 67 1
65 74 1
65 76 1
65 81 1
65 88 1
65 91 1
65 92 1
65 94 1
65 96 1
65 108 1
65 109 1
66 68 1
66 83 1
66 87 1
66 90 1
66 104 1
66 105 1
66 107 1
66 109 1
67 68 1
67 69 1
67 75 1
67 77 1
67 81 1
67 89 1
67 91 1
67 94 1
67 98 1
67 99 1
67 108 1
68 86 1
68 87 1
68 90 1
68 97 1
68 103 1
68 106 1
68 107 1
68 108 1
68 109 1
69 70 1
69 72 1
69 76 1
69 80 1
69 84 1
69 98 1
69 109 1
70 71 1
70 77 1
70 78 1
70 81 1
70 84 1
70 87 1
70 90 1
70 93 1
70 94 1
70 96 1
70 102 1
71 75 1
71 80 1
71 85 1
71 93 1
71 99 1
71 103 1
71 107 1
72 77 1
72 82 1
72 84 1
72 86 1
72 89 1
72 95 1
72 97 1
72 101 1
73 77 1
73 81 1
73 93 1
73 101 1
73 109 1
74 79 1
74 82 1
74 90 1
74 93 1
74 100 1
74 109 1
75 82 1
75 84 1
75 99 1
75 103 1
76 77 1
76 84 1
76 93 1
76 95 1
77 84 1
77 107 1
78 82 1
78 91 1
78 96 1
78 104 1
78 106 1
79 81 1
79 83 1
79 84 1
79 87 1
79 88 1
79 98 1
79 100 1
79 101 1
79 102 1
79 107 1
80 88 1
80 90 1
80 98 1
80 108 1
80 109 1
81 82 1
81 94 1
81 100 1
81 104 1
81 109 1
82 84 1
82 89 1
82 92 1
83 86 1
83 87 1
83 88 1
83 95 1
83 102 1
83 105 1
83 107 1
84 86 1
84 101 1
84 103 1
84 104 1
84 105 1
85 89 1
85 100 1
86 89 1
86 96 1
86 97 1
86 100 1
86 101 1
86 106 1
86 107 1
86 109 1
87 108 1
88 91 1
88 94 1
88 97 1
88 100 1
88 102 1
88 105 1
89 92 1
89 103 1
89 106 1
89 107 1
90 93 1
90 96 1
90 104 1
90 109 1
91 92 1
91 98 1
91 103 1
92 96 1
92 98 1
92 109 1
93 94 1
93 95 1
93 103 1
94 96 1
94 98 1
95 102 1
95 104 1
95 108 1
95 109 1
96 99 1
98 106 1
99 101 1
99 103 1
99 106 1
100 103 1
101 108 1
102 103 1
106 109 1
1
65 62 24 71 74 104 99 17 100 37 0
