190
0 4 1
0 8 1
0 13 1
0 14 1
0 16 1
0 17 1
0 18 1
0 20 1
0 21 1
0 22 1
0 24 1
0 25 1
0 26 1
0 27 1
1 2 1
1 3 1
1 5 1
1 6 1
1 8 1
1 9 1
1 11 1
1 14 1
1 16 1
1 17 1
1 18 1
1 19 1
1 20 1
1 26 1
1 27 1
1 28 1
2 6 1
2 8 1
2 13 1
2 15 1
2 18 1
2 19 1
2 24 1
2 25 1
2 26 1
2 27 1
2 28 1
3 6 1
3 10 1
3 12 1
3 13 1
3 15 1
3 17 1
3 18 1
3 20 1
3 22 1
3 23 1
3 24 1
3 28 1
3 29 1
4 5 1
4 6 1
4 7 1
4 9 1
4 12 1
4 13 1
4 18 1
4 19 1
4 20 1
4 22 1
4 24 1
4 25 1
4 26 1
5 10 1
5 12 1
5 13 1
5 15 1
5 19 1
5 20 1
5 25 1
5 26 1
6 11 1
6 13 1
6 15 1
6 16 1
6 19 1
6 24 1
6 26 1
6 28 1
7 8 1
7 9 1
7 10 1
7 13 1
7 16 1
7 17 1
7 18 1
7 20 1
7 23 1
7 29 1
8 9 1
8 15 1
8 16 1
8 18 1
8 19 1
8 24 1
8 28 1
9 10 1
9 12 1
9 15 1
9 17 1
9 18 1
9 23 1
9 25 1
9 28 1
10 14 1
10 17 1
10 20 1
10 23 1
10 24 1
10 25 1
10 26 1
10 27 1
11 15 1
11 16 1
11 17 1
11 20 1
11 22 1
11 23 1
11 24 1
11 25 1
11 26 1
11 28 1
12 14 1
12 15 1
12 19 1
12 21 1
12 25 1
12 26 1
12 27 1
12 28 1
13 16 1
13 17 1
13 18 1
13 21 1
13 29 1
14 15 1
14 16 1
14 19 1
14 20 1
14 22 1
14 24 1
14 26 1
14 28 1
14 29 1
15 16 1
15 18 1
15 20 1
15 26 1
16 19 1
16 21 1
16 22 1
16 26 1
16 27 1
16 28 1
16 29 1
17 20 1
17 24 1
17 26 1
18 20 1
18 21 1
18 22 1
18 24 1
18 25 1
18 26 1
19 21 1
19 23 1
19 24 1
19 25 1
19 27 1
19 29 1
20 22 1
20 26 1
20 27 1
20 29 1
21 26 1
22 23 1
22 29 1
23 24 1
23 25 1
23 29 1
24 29 1
25 26 1
25 27 1
25 28 1
26 29 1
27 28 1
1
16 20 12
