193
0 3 1
0 4 1
0 5 1
0 7 1
0 8 1
0 15 1
0 18 1
0 20 1
0 22 1
0 23 1
0 24 1
0 27 1
0 28 1
0 29 1
1 2 1
1 3 1
1 5 1
1 7 1
1 8 1
1 9 1
1 11 1
1 13 1
1 14 1
1 15 1
1 16 1
1 19 1
1 21 1
1 23 1
1 25 1
1 27 1
1 29 1
2 3 1
2 4 1
2 7 1
2 8 1
2 10 1
2 13 1
2 14 1
2 15 1
2 17 1
2 20 1
2 22 1
2 23 1
2 26 1
2 27 1
2 28 1
2 29 1
3 7 1
3 8 1
3 9 1
3 11 1
3 12 1
3 13 1
3 17 1
3 23 1
3 25 1
3 27 1
3 28 1
4 8 1
4 11 1
4 12 1
4 16 1
4 20 1
4 22 1
4 27 1
5 9 1
5 10 1
5 14 1
5 15 1
5 18 1
5 19 1
5 20 1
5 22 1
5 23 1
5 27 1
5 28 1
6 8 1
6 10 1
6 11 1
6 14 1
6 16 1
6 17 1
6 20 1
6 21 1
6 22 1
6 24 1
6 26 1
6 27 1
6 29 1
7 8 1
7 10 1
7 11 1
7 15 1
7 16 1
7 20 1
7 23 1
7 25 1
7 26 1
7 27 1
7 28 1
7 29 1
8 10 1
8 11 1
8 12 1
8 14 1
8 15 1
8 18 1
8 19 1
8 20 1
8 22 1
9 10 1
9 11 1
9 12 1
9 14 1
9 16 1
9 21 1
9 24 1
9 25 1
9 27 1
10 13 1
10 18 1
10 19 1
10 27 1
10 29 1
11 13 1
11 19 1
11 20 1
11 22 1
11 28 1
11 29 1
12 13 1
12 14 1
12 19 1
12 23 1
12 24 1
12 26 1
12 27 1
12 29 1
13 15 1
13 19 1
13 20 1
13 22 1
13 24 1
13 27 1
13 29 1
14 15 1
14 17 1
14 18 1
14 19 1
14 21 1
14 22 1
14 26 1
15 16 1
15 17 1
15 22 1
15 23 1
15 24 1
15 25 1
15 26 1
15 27 1
16 19 1
16 21 1
16 24 1
16 26 1
16 27 1
16 28 1
16 29 1
17 19 1
17 20 1
17 22 1
17 28 1
18 20 1
18 24 1
18 26 1
18 28 1
18 29 1
19 23 1
20 21 1
20 23 1
20 25 1
20 26 1
21 22 1
21 23 1
21 24 1
21 27 1
22 26 1
22 28 1
23 27 1
23 29 1
24 25 1
24 29 1
25 28 1
26 28 1
1
14 1 21
