2061
0 2 1
0 3 1
0 17 1
0 19 1
0 23 1
0 27 1
0 44 1
0 58 1
0 80 1
0 114 1
0 119 1
0 136 1
0 139 1
0 142 1
0 152 1
0 158 1
0 187 1
0 191 1
1 17 1
1 20 1
1 46 1
1 56 1
1 60 1
1 62 1
1 77 1
1 83 1
1 85 1
1 90 1
1 99 1
1 119 1
1 123 1
1 135 1
1 141 1
1 142 1
1 146 1
1 171 1
1 177 1
1 179 1
1 191 1
2 11 1
2 13 1
2 40 1
2 42 1
2 47 1
2 48 1
2 51 1
2 62 1
2 64 1
2 68 1
2 69 1
2 75 1
2 76 1
2 93 1
2 97 1
2 107 1
2 124 1
2 127 1
2 136 1
2 139 1
2 146 1
2 155 1
2 174 1
2 178 1
2 180 1
2 183 1
2 185 1
2 193 1
2 196 1
3 45 1
3 60 1
3 69 1
3 71 1
3 76 1
3 92 1
3 93 1
3 94 1
3 98 1
3 99 1
3 101 1
3 105 1
3 111 1
3 128 1
3 156 1
3 163 1
3 168 1
3 172 1
3 176 1
3 188 1
4 27 1
4 30 1
4 41 1
4 42 1
4 44 1
4 55 1
4 81 1
4 82 1
4 89 1
4 91 1
4 109 1
4 116 1
4 123 1
4 132 1
4 133 1
4 165 1
4 168 1
4 169 1
4 170 1
4 173 1
4 186 1
5 6 1
5 15 1
5 22 1
5 23 1
5 25 1
5 59 1
5 75 1
5 82 1
5 93 1
5 94 1
5 102 1
5 109 1
5 140 1
5 143 1
5 147 1
5 155 1
5 159 1
5 161 1
5 171 1
5 190 1
5 195 1
6 7 1
6 9 1
6 12 1
6 18 1
6 25 1
6 33 1
6 44 1
6 61 1
6 75 1
6 81 1
6 83 1
6 85 1
6 92 1
6 113 1
6 122 1
6 125 1
6 126 1
6 141 1
6 145 1
6 164 1
6 175 1
6 177 1
6 178 1
6 188 1
7 11 1
7 12 1
7 20 1
7 26 1
7 38 1
7 48 1
7 50 1
7 63 1
7 67 1
7 69 1
7 80 1
7 81 1
7 92 1
7 113 1
7 118 1
7 136 1
7 160 1
7 162 1
7 167 1
7 177 1
7 180 1
7 185 1
7 188 1
7 191 1
7 195 1
8 18 1
8 34 1
8 37 1
8 39 1
8 48 1
8 55 1
8 65 1
8 69 1
8 74 1
8 87 1
8 89 1
8 97 1
8 98 1
8 103 1
8 114 1
8 134 1
8 140 1
8 162 1
8 164 1
8 178 1
8 182 1
8 183 1
8 197 1
8 198 1
9 35 1
9 51 1
9 58 1
9 70 1
9 80 1
9 81 1
9 92 1
9 93 1
9 104 1
9 116 1
9 121 1
9 127 1
9 132 1
9 135 1
9 149 1
9 166 1
9 176 1
9 186 1
9 192 1
10 22 1
10 26 1
10 39 1
10 41 1
10 48 1
10 52 1
10 61 1
10 62 1
10 74 1
10 85 1
10 112 1
10 114 1
10 127 1
10 132 1
10 134 1
10 140 1
10 157 1
10 161 1
10 163 1
10 167 1
10 172 1
10 176 1
10 183 1
10 188 1
10 194 1
10 199 1
11 16 1
11 26 1
11 37 1
11 43 1
11 44 1
11 66 1
11 75 1
11 80 1
11 120 1
11 125 1
11 127 1
11 131 1
11 136 1
11 143 1
11 156 1
11 160 1
11 189 1
12 13 1
12 29 1
12 33 1
12 36 1
12 67 1
12 94 1
12 100 1
12 110 1
12 112 1
12 116 1
12 133 1
12 136 1
12 143 1
12 187 1
12 191 1
12 194 1
13 14 1
13 40 1
13 47 1
13 73 1
13 77 1
13 81 1
13 107 1
13 111 1
13 117 1
13 129 1
13 132 1
13 142 1
13 153 1
13 158 1
13 163 1
13 170 1
13 171 1
13 179 1
14 40 1
14 44 1
14 61 1
14 83 1
14 89 1
14 96 1
14 120 1
14 124 1
14 132 1
14 135 1
14 137 1
14 151 1
14 160 1
14 166 1
14 171 1
14 180 1
14 186 1
14 196 1
14 197 1
15 43 1
15 48 1
15 59 1
15 65 1
15 87 1
15 90 1
15 95 1
15 103 1
15 104 1
15 116 1
15 122 1
15 152 1
15 157 1
15 172 1
15 192 1
16 18 1
16 24 1
16 39 1
16 56 1
16 59 1
16 76 1
16 79 1
16 131 1
16 146 1
16 157 1
16 171 1
16 178 1
16 197 1
16 198 1
17 25 1
17 31 1
17 36 1
17 56 1
17 65 1
17 76 1
17 85 1
17 87 1
17 98 1
17 104 1
17 130 1
17 134 1
17 156 1
17 168 1
17 174 1
17 192 1
18 20 1
18 22 1
18 26 1
18 38 1
18 65 1
18 68 1
18 84 1
18 86 1
18 90 1
18 99 1
18 101 1
18 104 1
18 135 1
18 142 1
18 144 1
18 147 1
18 150 1
18 151 1
18 179 1
18 184 1
18 189 1
18 190 1
18 196 1
19 38 1
19 57 1
19 83 1
19 86 1
19 87 1
19 90 1
19 93 1
19 117 1
19 134 1
19 151 1
19 174 1
19 184 1
19 189 1
19 190 1
19 193 1
19 197 1
20 38 1
20 41 1
20 47 1
20 62 1
20 78 1
20 82 1
20 86 1
20 114 1
20 119 1
20 134 1
20 137 1
20 139 1
20 150 1
20 156 1
20 163 1
20 174 1
20 177 1
21 22 1
21 53 1
21 63 1
21 70 1
21 79 1
21 94 1
21 99 1
21 105 1
21 109 1
21 135 1
21 140 1
21 142 1
21 154 1
21 163 1
21 167 1
21 171 1
21 177 1
21 185 1
21 197 1
22 24 1
22 30 1
22 57 1
22 58 1
22 59 1
22 82 1
22 83 1
22 102 1
22 104 1
22 124 1
22 126 1
22 139 1
22 145 1
22 152 1
22 155 1
22 160 1
22 161 1
22 167 1
22 181 1
22 194 1
23 25 1
23 27 1
23 29 1
23 39 1
23 40 1
23 44 1
23 47 1
23 57 1
23 66 1
23 73 1
23 94 1
23 97 1
23 126 1
23 135 1
23 145 1
23 147 1
23 149 1
23 161 1
23 163 1
23 178 1
23 186 1
23 189 1
23 191 1
24 41 1
24 52 1
24 60 1
24 63 1
24 74 1
24 90 1
24 91 1
24 101 1
24 110 1
24 140 1
24 155 1
24 165 1
24 175 1
24 180 1
24 184 1
24 190 1
24 194 1
24 199 1
25 41 1
25 65 1
25 71 1
25 73 1
25 102 1
25 108 1
25 133 1
25 145 1
25 152 1
25 158 1
25 170 1
25 194 1
25 197 1
25 198 1
26 31 1
26 40 1
26 47 1
26 49 1
26 50 1
26 51 1
26 53 1
26 59 1
26 64 1
26 66 1
26 69 1
26 98 1
26 130 1
26 132 1
26 140 1
26 147 1
26 148 1
26 152 1
26 176 1
26 179 1
26 185 1
26 186 1
26 193 1
27 34 1
27 37 1
27 40 1
27 45 1
27 52 1
27 77 1
27 82 1
27 83 1
27 84 1
27 97 1
27 103 1
27 113 1
27 134 1
27 137 1
27 146 1
27 148 1
27 161 1
27 163 1
27 183 1
27 185 1
27 197 1
27 199 1
28 32 1
28 46 1
28 69 1
28 71 1
28 78 1
28 86 1
28 98 1
28 125 1
28 127 1
28 129 1
28 141 1
28 150 1
28 153 1
28 156 1
28 158 1
28 166 1
28 187 1
28 188 1
28 196 1
29 31 1
29 36 1
29 41 1
29 45 1
29 66 1
29 85 1
29 86 1
29 91 1
29 100 1
29 120 1
29 151 1
29 155 1
29 159 1
29 167 1
30 33 1
30 40 1
30 52 1
30 55 1
30 64 1
30 76 1
30 77 1
30 88 1
30 126 1
30 131 1
30 137 1
30 154 1
30 166 1
30 167 1
30 180 1
30 188 1
30 196 1
31 91 1
31 96 1
31 97 1
31 101 1
31 102 1
31 119 1
31 131 1
31 140 1
31 144 1
31 151 1
31 187 1
31 191 1
31 197 1
32 34 1
32 40 1
32 41 1
32 42 1
32 47 1
32 48 1
32 54 1
32 67 1
32 89 1
32 93 1
32 95 1
32 100 1
32 108 1
32 117 1
32 124 1
32 147 1
32 154 1
32 161 1
32 162 1
32 170 1
32 179 1
32 197 1
33 50 1
33 57 1
33 62 1
33 64 1
33 65 1
33 79 1
33 81 1
33 86 1
33 92 1
33 101 1
33 128 1
33 168 1
33 176 1
33 196 1
33 197 1
34 56 1
34 59 1
34 62 1
34 68 1
34 78 1
34 79 1
34 88 1
34 98 1
34 112 1
34 125 1
34 169 1
34 173 1
34 175 1
34 180 1
34 198 1
35 54 1
35 63 1
35 81 1
35 84 1
35 104 1
35 108 1
35 110 1
35 120 1
35 126 1
35 127 1
35 128 1
35 147 1
35 178 1
36 44 1
36 48 1
36 53 1
36 55 1
36 58 1
36 62 1
36 89 1
36 110 1
36 117 1
36 121 1
36 123 1
36 125 1
36 134 1
36 172 1
36 177 1
36 191 1
36 193 1
37 46 1
37 48 1
37 51 1
37 83 1
37 87 1
37 111 1
37 124 1
37 154 1
37 173 1
37 181 1
37 191 1
38 43 1
38 62 1
38 69 1
38 74 1
38 77 1
38 82 1
38 97 1
38 110 1
38 122 1
38 130 1
38 155 1
38 169 1
38 189 1
38 190 1
38 199 1
39 41 1
39 64 1
39 71 1
39 90 1
39 97 1
39 130 1
39 141 1
39 147 1
39 158 1
39 162 1
39 170 1
39 178 1
39 184 1
40 68 1
40 69 1
40 76 1
40 82 1
40 83 1
40 89 1
40 94 1
40 106 1
40 140 1
40 144 1
40 160 1
40 163 1
40 167 1
40 169 1
40 171 1
40 172 1
40 189 1
41 54 1
41 58 1
41 59 1
41 87 1
41 95 1
41 98 1
41 100 1
41 103 1
41 106 1
41 119 1
41 121 1
41 133 1
41 135 1
41 143 1
41 146 1
41 170 1
41 175 1
41 179 1
42 64 1
42 65 1
42 73 1
42 80 1
42 82 1
42 85 1
42 93 1
42 100 1
42 103 1
42 109 1
42 111 1
42 120 1
42 123 1
42 138 1
42 154 1
42 157 1
42 160 1
42 161 1
42 164 1
42 165 1
42 174 1
42 182 1
42 187 1
42 192 1
43 72 1
43 73 1
43 102 1
43 103 1
43 111 1
43 131 1
43 140 1
43 147 1
43 150 1
43 159 1
43 178 1
43 179 1
43 183 1
44 67 1
44 94 1
44 101 1
44 106 1
44 121 1
44 135 1
44 143 1
44 145 1
44 159 1
44 167 1
44 174 1
44 188 1
44 194 1
45 46 1
45 76 1
45 80 1
45 94 1
45 95 1
45 98 1
45 100 1
45 102 1
45 129 1
45 130 1
45 137 1
45 163 1
45 193 1
45 199 1
46 48 1
46 61 1
46 66 1
46 73 1
46 76 1
46 83 1
46 97 1
46 101 1
46 137 1
46 146 1
46 150 1
46 160 1
46 170 1
46 176 1
46 178 1
46 192 1
46 198 1
47 54 1
47 55 1
47 78 1
47 89 1
47 91 1
47 97 1
47 123 1
47 127 1
47 141 1
47 142 1
47 143 1
47 144 1
47 171 1
47 173 1
47 180 1
47 182 1
47 186 1
47 190 1
47 194 1
47 196 1
48 50 1
48 57 1
48 69 1
48 73 1
48 79 1
48 101 1
48 122 1
48 135 1
48 136 1
48 143 1
48 144 1
48 156 1
48 172 1
48 180 1
48 184 1
48 190 1
48 199 1
49 75 1
49 81 1
49 82 1
49 92 1
49 100 1
49 105 1
49 115 1
49 130 1
49 135 1
49 147 1
49 150 1
49 163 1
49 186 1
49 191 1
50 66 1
50 75 1
50 86 1
50 104 1
50 132 1
50 134 1
50 145 1
50 160 1
50 161 1
50 164 1
50 165 1
50 170 1
50 175 1
50 177 1
50 181 1
50 192 1
51 61 1
51 70 1
51 96 1
51 108 1
51 110 1
51 117 1
51 121 1
51 157 1
51 165 1
51 178 1
51 192 1
52 53 1
52 68 1
52 75 1
52 78 1
52 94 1
52 99 1
52 130 1
52 140 1
52 145 1
52 154 1
52 157 1
52 173 1
52 193 1
53 60 1
53 70 1
53 78 1
53 95 1
53 114 1
53 116 1
53 123 1
53 141 1
53 143 1
53 158 1
53 164 1
53 166 1
53 185 1
53 187 1
53 188 1
54 60 1
54 89 1
54 93 1
54 119 1
54 130 1
54 135 1
54 143 1
54 175 1
54 176 1
54 194 1
55 66 1
55 88 1
55 94 1
55 97 1
55 117 1
55 127 1
55 131 1
55 152 1
55 178 1
56 61 1
56 76 1
56 83 1
56 101 1
56 123 1
56 130 1
56 133 1
56 139 1
56 154 1
56 167 1
56 175 1
57 67 1
57 74 1
57 79 1
57 94 1
57 112 1
57 117 1
57 126 1
57 127 1
57 159 1
57 173 1
57 180 1
57 197 1
58 68 1
58 81 1
58 94 1
58 103 1
58 106 1
58 112 1
58 114 1
58 123 1
58 164 1
58 166 1
58 173 1
58 174 1
58 187 1
58 195 1
58 198 1
59 62 1
59 66 1
59 70 1
59 73 1
59 90 1
59 98 1
59 101 1
59 135 1
59 167 1
59 182 1
59 184 1
59 185 1
59 191 1
60 64 1
60 72 1
60 75 1
60 109 1
60 118 1
60 119 1
60 120 1
60 127 1
60 149 1
60 158 1
60 171 1
60 175 1
60 181 1
61 65 1
61 69 1
61 70 1
61 82 1
61 83 1
61 84 1
61 87 1
61 94 1
61 100 1
61 107 1
61 117 1
61 139 1
61 191 1
61 199 1
62 65 1
62 76 1
62 78 1
62 90 1
62 100 1
62 102 1
62 105 1
62 120 1
62 122 1
62 123 1
62 142 1
62 147 1
62 149 1
62 165 1
62 174 1
62 176 1
63 78 1
63 93 1
63 112 1
63 115 1
63 118 1
63 120 1
63 122 1
63 128 1
63 140 1
63 147 1
63 148 1
63 171 1
63 177 1
63 196 1
64 72 1
64 80 1
64 84 1
64 85 1
64 94 1
64 96 1
64 139 1
64 171 1
64 174 1
64 184 1
64 194 1
65 66 1
65 72 1
65 74 1
65 81 1
65 85 1
65 87 1
65 94 1
65 102 1
65 122 1
65 130 1
65 131 1
65 160 1
65 163 1
65 193 1
65 194 1
66 86 1
66 88 1
66 98 1
66 112 1
66 113 1
66 125 1
66 165 1
66 168 1
66 188 1
67 79 1
67 97 1
67 117 1
67 124 1
67 132 1
67 157 1
67 161 1
67 163 1
67 167 1
67 176 1
67 183 1
68 82 1
68 96 1
68 105 1
68 110 1
68 120 1
68 121 1
68 124 1
68 128 1
68 150 1
68 183 1
68 185 1
68 190 1
69 74 1
69 76 1
69 80 1
69 82 1
69 100 1
69 102 1
69 122 1
69 128 1
69 138 1
69 161 1
70 82 1
70 86 1
70 91 1
70 98 1
70 102 1
70 113 1
70 116 1
70 121 1
70 131 1
70 149 1
70 157 1
70 166 1
70 171 1
70 177 1
70 186 1
70 189 1
70 199 1
71 96 1
71 106 1
71 107 1
71 113 1
71 125 1
71 128 1
71 158 1
71 162 1
71 171 1
71 189 1
71 194 1
72 80 1
72 110 1
72 114 1
72 126 1
72 135 1
72 148 1
72 152 1
72 175 1
72 195 1
72 199 1
73 74 1
73 75 1
73 76 1
73 77 1
73 88 1
73 95 1
73 114 1
73 118 1
73 134 1
73 166 1
73 182 1
73 194 1
73 197 1
73 198 1
74 105 1
74 118 1
74 122 1
74 134 1
74 141 1
74 142 1
74 146 1
74 164 1
74 173 1
74 174 1
74 175 1
74 183 1
74 194 1
75 82 1
75 111 1
75 112 1
75 127 1
75 128 1
75 139 1
75 147 1
75 155 1
75 169 1
75 177 1
75 182 1
75 187 1
75 190 1
75 191 1
76 80 1
76 89 1
76 94 1
76 117 1
76 118 1
76 120 1
76 127 1
76 139 1
76 143 1
76 145 1
76 166 1
76 168 1
76 182 1
76 192 1
77 87 1
77 95 1
77 107 1
77 111 1
77 127 1
77 131 1
77 153 1
77 158 1
77 159 1
77 168 1
77 172 1
77 174 1
77 185 1
78 87 1
78 104 1
78 107 1
78 118 1
78 126 1
78 133 1
78 143 1
78 173 1
78 184 1
78 188 1
78 191 1
79 81 1
79 83 1
79 87 1
79 94 1
79 102 1
79 115 1
79 116 1
79 124 1
79 134 1
79 137 1
79 143 1
79 146 1
79 147 1
79 158 1
79 159 1
79 167 1
79 190 1
79 197 1
79 198 1
80 81 1
80 84 1
80 136 1
80 158 1
80 162 1
80 174 1
80 178 1
80 181 1
80 192 1
81 84 1
81 107 1
81 135 1
81 166 1
81 175 1
81 192 1
81 198 1
82 85 1
82 86 1
82 92 1
82 95 1
82 103 1
82 131 1
82 132 1
82 137 1
82 147 1
82 149 1
82 153 1
82 156 1
82 161 1
82 168 1
82 170 1
82 176 1
82 178 1
82 185 1
82 186 1
82 189 1
82 192 1
83 97 1
83 101 1
83 118 1
83 127 1
83 129 1
83 140 1
83 150 1
83 156 1
83 157 1
83 158 1
83 161 1
83 166 1
83 174 1
83 176 1
83 182 1
83 188 1
83 198 1
84 99 1
84 102 1
84 104 1
84 109 1
84 113 1
84 118 1
84 140 1
84 151 1
84 161 1
84 169 1
84 178 1
84 185 1
84 189 1
84 193 1
85 94 1
85 97 1
85 113 1
85 123 1
85 134 1
85 136 1
85 151 1
85 162 1
85 168 1
85 192 1
85 194 1
86 91 1
86 99 1
86 117 1
86 119 1
86 122 1
86 125 1
86 127 1
86 145 1
86 158 1
86 159 1
86 174 1
86 178 1
86 192 1
86 197 1
86 198 1
87 88 1
87 102 1
87 112 1
87 124 1
87 127 1
87 136 1
87 137 1
87 138 1
87 142 1
87 143 1
87 147 1
87 162 1
87 176 1
87 189 1
87 192 1
87 194 1
87 198 1
88 89 1
88 90 1
88 94 1
88 103 1
88 117 1
88 129 1
88 152 1
88 167 1
88 178 1
88 197 1
89 95 1
89 109 1
89 124 1
89 158 1
89 160 1
89 184 1
89 192 1
89 194 1
89 197 1
90 102 1
90 105 1
90 118 1
90 130 1
90 136 1
90 150 1
90 158 1
90 194 1
91 92 1
91 94 1
91 95 1
91 99 1
91 127 1
91 130 1
91 144 1
91 145 1
91 167 1
91 175 1
91 180 1
92 100 1
92 102 1
92 115 1
92 116 1
92 139 1
92 140 1
92 144 1
92 173 1
92 198 1
93 111 1
93 119 1
93 125 1
93 136 1
93 141 1
93 155 1
93 162 1
93 176 1
93 179 1
93 180 1
93 181 1
93 193 1
93 194 1
93 199 1
94 98 1
94 99 1
94 123 1
94 134 1
94 137 1
94 143 1
94 155 1
94 159 1
94 168 1
94 199 1
95 118 1
95 126 1
95 128 1
95 163 1
95 168 1
95 173 1
95 177 1
95 186 1
95 191 1
95 196 1
96 106 1
96 110 1
96 137 1
96 162 1
96 182 1
96 183 1
96 185 1
96 189 1
96 196 1
97 111 1
97 113 1
97 124 1
97 130 1
97 131 1
97 133 1
97 139 1
97 146 1
97 152 1
98 101 1
98 116 1
98 120 1
98 135 1
98 137 1
98 139 1
98 140 1
98 146 1
98 153 1
98 158 1
98 159 1
98 162 1
98 163 1
98 169 1
98 172 1
98 181 1
98 192 1
99 104 1
99 112 1
99 115 1
99 126 1
99 128 1
99 129 1
99 138 1
99 145 1
99 146 1
99 156 1
99 172 1
99 175 1
99 182 1
99 185 1
99 188 1
99 196 1
100 133 1
100 137 1
100 140 1
100 146 1
100 148 1
100 151 1
100 174 1
100 178 1
100 189 1
100 193 1
100 198 1
101 106 1
101 108 1
101 110 1
101 116 1
101 125 1
101 128 1
101 133 1
101 135 1
101 150 1
101 177 1
101 179 1
101 191 1
101 194 1
101 199 1
102 115 1
102 163 1
102 193 1
102 197 1
103 109 1
103 112 1
103 113 1
103 130 1
103 140 1
103 159 1
103 160 1
103 161 1
103 178 1
103 189 1
104 106 1
104 109 1
104 127 1
104 132 1
104 134 1
104 142 1
104 146 1
104 163 1
104 168 1
104 176 1
104 192 1
105 106 1
105 112 1
105 166 1
105 186 1
105 194 1
105 195 1
106 110 1
106 121 1
106 131 1
106 136 1
106 149 1
106 164 1
106 170 1
106 172 1
106 184 1
106 192 1
107 118 1
107 125 1
107 135 1
107 138 1
107 153 1
107 175 1
107 177 1
107 189 1
108 116 1
108 126 1
108 129 1
108 138 1
108 146 1
108 152 1
108 155 1
108 160 1
108 168 1
108 169 1
108 173 1
108 175 1
108 179 1
108 184 1
109 112 1
109 118 1
109 121 1
109 132 1
109 141 1
109 149 1
109 156 1
109 160 1
109 172 1
109 179 1
110 114 1
110 128 1
110 139 1
110 140 1
110 149 1
110 166 1
110 174 1
110 175 1
110 177 1
110 180 1
110 187 1
110 196 1
111 118 1
111 125 1
111 134 1
111 135 1
111 137 1
111 150 1
111 155 1
111 192 1
112 120 1
112 123 1
112 128 1
112 135 1
112 197 1
113 125 1
113 129 1
113 140 1
113 145 1
113 146 1
113 155 1
113 162 1
113 172 1
113 181 1
113 196 1
113 197 1
114 134 1
114 138 1
114 139 1
114 140 1
114 152 1
114 165 1
114 183 1
114 184 1
114 185 1
114 195 1
115 130 1
115 148 1
115 151 1
115 157 1
115 158 1
115 159 1
115 179 1
115 180 1
115 186 1
115 191 1
116 118 1
116 122 1
116 135 1
116 171 1
116 183 1
116 184 1
116 185 1
117 129 1
117 132 1
117 149 1
117 153 1
117 157 1
117 159 1
117 165 1
117 177 1
118 130 1
118 143 1
118 151 1
118 158 1
118 159 1
118 164 1
118 171 1
118 180 1
118 186 1
118 193 1
118 196 1
119 122 1
119 124 1
119 144 1
119 177 1
119 180 1
119 183 1
119 188 1
119 190 1
119 198 1
120 134 1
120 136 1
120 144 1
120 146 1
120 176 1
120 178 1
120 183 1
120 199 1
121 122 1
121 123 1
121 136 1
121 137 1
121 139 1
121 168 1
121 173 1
122 126 1
122 129 1
122 133 1
122 135 1
122 155 1
122 163 1
122 175 1
122 185 1
122 189 1
122 190 1
122 191 1
122 197 1
123 124 1
123 125 1
123 138 1
123 144 1
123 145 1
123 150 1
123 157 1
123 180 1
123 192 1
123 196 1
124 128 1
124 171 1
124 173 1
124 175 1
124 180 1
124 183 1
124 191 1
124 194 1
124 196 1
125 127 1
125 143 1
125 151 1
125 156 1
125 159 1
125 161 1
125 171 1
125 176 1
125 181 1
126 135 1
126 136 1
126 145 1
126 156 1
126 159 1
126 181 1
126 182 1
126 191 1
126 197 1
126 199 1
127 141 1
127 147 1
127 148 1
127 159 1
127 164 1
127 168 1
127 169 1
127 171 1
127 172 1
127 174 1
127 177 1
127 189 1
128 132 1
128 135 1
128 145 1
128 151 1
128 166 1
128 174 1
128 193 1
129 171 1
129 176 1
129 179 1
129 185 1
129 190 1
129 194 1
130 136 1
130 139 1
130 147 1
130 165 1
130 174 1
130 189 1
130 198 1
130 199 1
131 147 1
131 151 1
131 152 1
131 159 1
131 175 1
131 176 1
131 187 1
131 188 1
132 134 1
132 176 1
132 184 1
132 190 1
133 134 1
133 193 1
134 136 1
134 137 1
134 155 1
134 181 1
134 182 1
134 192 1
135 136 1
135 153 1
135 165 1
135 176 1
135 188 1
136 139 1
136 142 1
136 143 1
136 151 1
136 153 1
136 156 1
136 165 1
136 173 1
136 175 1
136 176 1
136 179 1
136 181 1
136 184 1
136 188 1
136 197 1
137 148 1
137 175 1
138 154 1
138 162 1
138 183 1
139 144 1
139 154 1
139 169 1
139 174 1
139 178 1
139 186 1
139 190 1
140 142 1
140 156 1
140 157 1
140 161 1
140 185 1
140 186 1
140 197 1
141 152 1
141 170 1
141 174 1
141 175 1
141 178 1
141 186 1
141 189 1
142 153 1
142 162 1
142 187 1
143 145 1
143 149 1
143 151 1
143 164 1
144 156 1
144 170 1
144 175 1
145 150 1
145 154 1
145 160 1
145 165 1
145 186 1
145 193 1
145 197 1
146 152 1
146 160 1
146 161 1
146 163 1
146 165 1
146 171 1
146 174 1
146 186 1
146 188 1
146 191 1
146 193 1
146 198 1
147 177 1
148 152 1
148 160 1
148 163 1
148 188 1
149 172 1
149 182 1
149 183 1
149 193 1
149 195 1
150 158 1
150 160 1
150 175 1
150 179 1
151 174 1
151 181 1
151 184 1
152 158 1
152 162 1
152 194 1
152 196 1
153 162 1
153 164 1
153 177 1
153 178 1
153 186 1
153 193 1
154 162 1
154 191 1
154 197 1
155 164 1
155 166 1
155 170 1
156 159 1
156 165 1
156 181 1
156 191 1
156 193 1
156 195 1
157 178 1
157 182 1
157 192 1
157 194 1
157 199 1
158 168 1
158 173 1
158 174 1
158 175 1
158 192 1
159 160 1
159 162 1
159 165 1
159 174 1
159 177 1
160 172 1
160 173 1
160 182 1
160 186 1
160 199 1
161 177 1
161 181 1
161 191 1
162 175 1
162 178 1
162 189 1
163 178 1
163 180 1
164 167 1
164 169 1
164 182 1
164 183 1
164 186 1
164 188 1
165 168 1
165 184 1
165 197 1
166 178 1
166 184 1
166 191 1
167 168 1
167 169 1
167 184 1
167 195 1
167 196 1
167 198 1
168 169 1
168 188 1
168 190 1
169 171 1
169 183 1
169 191 1
169 195 1
170 181 1
170 199 1
171 177 1
171 180 1
171 182 1
171 190 1
171 194 1
171 195 1
172 177 1
172 181 1
172 187 1
173 177 1
173 197 1
174 175 1
174 183 1
174 188 1
174 194 1
175 182 1
175 191 1
175 193 1
176 178 1
176 183 1
176 187 1
176 191 1
177 195 1
177 196 1
178 180 1
178 189 1
180 193 1
180 194 1
180 199 1
181 196 1
181 199 1
182 185 1
182 192 1
183 187 1
184 186 1
184 188 1
184 191 1
184 196 1
185 189 1
186 192 1
187 188 1
187 193 1
188 195 1
189 195 1
189 197 1
196 198 1
197 198 1
1
93 180 188 165 106 179 24 162 76 28 73 197 132 159 173 123 126 87 194 122
