2086
0 11 1
0 30 1
0 55 1
0 65 1
0 72 1
0 94 1
0 104 1
0 115 1
0 123 1
0 134 1
0 142 1
0 152 1
0 177 1
0 180 1
0 186 1
1 10 1
1 11 1
1 15 1
1 17 1
1 19 1
1 23 1
1 43 1
1 49 1
1 58 1
1 64 1
1 71 1
1 81 1
1 94 1
1 96 1
1 107 1
1 122 1
1 124 1
1 126 1
1 130 1
1 135 1
1 136 1
1 139 1
1 161 1
1 170 1
1 173 1
1 180 1
1 181 1
1 182 1
1 185 1
1 187 1
1 199 1
2 20 1
2 26 1
2 27 1
2 36 1
2 45 1
2 55 1
2 56 1
2 59 1
2 66 1
2 74 1
2 76 1
2 78 1
2 102 1
2 103 1
2 115 1
2 134 1
2 137 1
2 139 1
2 167 1
2 172 1
3 4 1
3 5 1
3 11 1
3 13 1
3 20 1
3 27 1
3 35 1
3 47 1
3 55 1
3 58 1
3 61 1
3 69 1
3 74 1
3 81 1
3 84 1
3 86 1
3 87 1
3 103 1
3 106 1
3 117 1
3 127 1
3 144 1
3 164 1
3 185 1
3 192 1
3 196 1
3 198 1
4 10 1
4 11 1
4 13 1
4 18 1
4 30 1
4 46 1
4 47 1
4 50 1
4 58 1
4 82 1
4 84 1
4 88 1
4 95 1
4 108 1
4 112 1
4 119 1
4 120 1
4 124 1
4 139 1
4 150 1
4 154 1
4 158 1
4 162 1
4 163 1
4 172 1
4 178 1
4 183 1
4 190 1
5 19 1
5 27 1
5 41 1
5 69 1
5 72 1
5 96 1
5 101 1
5 105 1
5 117 1
5 141 1
5 155 1
5 158 1
5 160 1
6 21 1
6 27 1
6 29 1
6 39 1
6 40 1
6 41 1
6 45 1
6 49 1
6 71 1
6 78 1
6 89 1
6 92 1
6 121 1
6 137 1
6 140 1
6 145 1
6 169 1
6 173 1
6 189 1
6 193 1
7 23 1
7 26 1
7 40 1
7 47 1
7 48 1
7 63 1
7 65 1
7 68 1
7 75 1
7 87 1
7 98 1
7 104 1
7 111 1
7 116 1
7 123 1
7 129 1
7 139 1
7 144 1
7 148 1
7 167 1
7 174 1
7 187 1
7 190 1
7 191 1
7 192 1
8 12 1
8 14 1
8 36 1
8 42 1
8 59 1
8 69 1
8 75 1
8 92 1
8 103 1
8 104 1
8 106 1
8 107 1
8 116 1
8 124 1
8 133 1
8 136 1
8 145 1
8 151 1
8 160 1
8 164 1
8 181 1
9 31 1
9 37 1
9 51 1
9 53 1
9 69 1
9 74 1
9 75 1
9 98 1
9 101 1
9 103 1
9 105 1
9 110 1
9 111 1
9 113 1
9 136 1
9 137 1
9 142 1
9 145 1
9 156 1
9 163 1
9 166 1
9 178 1
9 182 1
10 19 1
10 26 1
10 29 1
10 31 1
10 67 1
10 73 1
10 74 1
10 89 1
10 91 1
10 100 1
10 101 1
10 121 1
10 156 1
10 163 1
11 12 1
11 23 1
11 24 1
11 27 1
11 29 1
11 34 1
11 37 1
11 39 1
11 45 1
11 46 1
11 48 1
11 59 1
11 73 1
11 84 1
11 99 1
11 121 1
11 129 1
11 135 1
11 142 1
11 146 1
11 148 1
11 158 1
11 167 1
11 174 1
11 185 1
11 188 1
11 194 1
11 196 1
11 199 1
12 14 1
12 22 1
12 24 1
12 25 1
12 27 1
12 33 1
12 36 1
12 44 1
12 45 1
12 60 1
12 71 1
12 78 1
12 84 1
12 92 1
12 96 1
12 107 1
12 116 1
12 121 1
12 131 1
12 141 1
12 168 1
12 171 1
13 17 1
13 66 1
13 70 1
13 82 1
13 98 1
13 110 1
13 135 1
13 140 1
13 173 1
13 188 1
13 195 1
13 199 1
14 16 1
14 26 1
14 28 1
14 57 1
14 82 1
14 83 1
14 92 1
14 95 1
14 103 1
14 120 1
14 122 1
14 126 1
14 132 1
14 139 1
14 149 1
14 168 1
14 173 1
14 184 1
14 195 1
15 24 1
15 37 1
15 43 1
15 55 1
15 61 1
15 85 1
15 91 1
15 108 1
15 115 1
15 124 1
15 136 1
15 140 1
15 147 1
15 152 1
15 157 1
15 169 1
15 171 1
15 184 1
15 195 1
16 17 1
16 20 1
16 21 1
16 23 1
16 28 1
16 37 1
16 46 1
16 53 1
16 54 1
16 59 1
16 66 1
16 80 1
16 84 1
16 92 1
16 99 1
16 100 1
16 115 1
16 123 1
16 124 1
16 150 1
16 170 1
16 174 1
16 188 1
16 189 1
16 191 1
17 32 1
17 49 1
17 50 1
17 55 1
17 62 1
17 64 1
17 66 1
17 68 1
17 76 1
17 82 1
17 92 1
17 94 1
17 112 1
17 113 1
17 131 1
17 142 1
17 148 1
17 159 1
17 162 1
18 22 1
18 38 1
18 49 1
18 58 1
18 59 1
18 60 1
18 61 1
18 67 1
18 74 1
18 88 1
18 89 1
18 102 1
18 113 1
18 121 1
18 123 1
18 146 1
18 152 1
18 165 1
18 168 1
18 175 1
18 178 1
18 183 1
18 190 1
18 197 1
19 31 1
19 34 1
19 51 1
19 60 1
19 64 1
19 74 1
19 86 1
19 100 1
19 103 1
19 115 1
19 117 1
19 130 1
19 132 1
19 144 1
19 146 1
19 171 1
19 176 1
19 178 1
19 198 1
20 28 1
20 29 1
20 39 1
20 53 1
20 59 1
20 61 1
20 65 1
20 81 1
20 82 1
20 90 1
20 98 1
20 107 1
20 115 1
20 139 1
20 152 1
20 161 1
20 177 1
20 178 1
20 182 1
20 184 1
20 186 1
20 198 1
21 38 1
21 68 1
21 84 1
21 115 1
21 121 1
21 129 1
21 134 1
21 138 1
21 154 1
21 166 1
21 173 1
21 179 1
21 188 1
22 30 1
22 35 1
22 38 1
22 39 1
22 53 1
22 62 1
22 68 1
22 69 1
22 73 1
22 74 1
22 89 1
22 107 1
22 111 1
22 114 1
22 120 1
22 124 1
22 125 1
22 130 1
22 143 1
22 145 1
22 166 1
22 170 1
22 178 1
22 186 1
22 189 1
22 194 1
23 27 1
23 57 1
23 58 1
23 70 1
23 71 1
23 83 1
23 85 1
23 89 1
23 103 1
23 115 1
23 129 1
23 131 1
23 134 1
23 135 1
23 136 1
23 162 1
23 194 1
24 30 1
24 31 1
24 35 1
24 60 1
24 70 1
24 72 1
24 86 1
24 92 1
24 116 1
24 117 1
24 141 1
24 158 1
24 169 1
24 194 1
25 33 1
25 40 1
25 43 1
25 45 1
25 62 1
25 66 1
25 69 1
25 98 1
25 103 1
25 119 1
25 120 1
25 123 1
25 128 1
25 129 1
25 138 1
25 158 1
25 171 1
25 180 1
25 181 1
25 196 1
26 37 1
26 65 1
26 80 1
26 90 1
26 96 1
26 98 1
26 105 1
26 120 1
26 123 1
26 130 1
26 133 1
26 142 1
26 153 1
26 168 1
26 177 1
26 179 1
26 180 1
26 183 1
26 191 1
26 192 1
26 198 1
27 41 1
27 66 1
27 76 1
27 81 1
27 83 1
27 84 1
27 86 1
27 89 1
27 94 1
27 99 1
27 102 1
27 105 1
27 117 1
27 134 1
27 138 1
27 146 1
27 155 1
27 162 1
27 167 1
27 174 1
27 187 1
27 194 1
27 198 1
28 34 1
28 65 1
28 67 1
28 76 1
28 93 1
28 101 1
28 111 1
28 120 1
28 126 1
28 140 1
28 145 1
28 147 1
28 181 1
28 183 1
28 187 1
28 197 1
29 30 1
29 38 1
29 41 1
29 57 1
29 59 1
29 70 1
29 77 1
29 82 1
29 102 1
29 105 1
29 111 1
29 117 1
29 120 1
29 123 1
29 140 1
29 141 1
29 152 1
29 153 1
29 157 1
29 163 1
29 170 1
29 182 1
29 194 1
30 51 1
30 64 1
30 77 1
30 82 1
30 83 1
30 99 1
30 110 1
30 117 1
30 119 1
30 144 1
30 145 1
30 153 1
30 168 1
30 170 1
30 178 1
30 190 1
31 38 1
31 48 1
31 49 1
31 52 1
31 69 1
31 83 1
31 87 1
31 90 1
31 93 1
31 100 1
31 107 1
31 113 1
31 124 1
31 149 1
31 151 1
31 153 1
31 168 1
31 175 1
31 195 1
32 43 1
32 44 1
32 46 1
32 56 1
32 80 1
32 90 1
32 98 1
32 107 1
32 115 1
32 141 1
32 148 1
32 150 1
32 151 1
32 153 1
32 157 1
32 164 1
33 43 1
33 46 1
33 54 1
33 55 1
33 68 1
33 75 1
33 77 1
33 90 1
33 92 1
33 98 1
33 99 1
33 115 1
33 120 1
33 125 1
33 147 1
33 172 1
33 176 1
33 179 1
33 198 1
34 37 1
34 42 1
34 48 1
34 57 1
34 71 1
34 109 1
34 111 1
34 112 1
34 125 1
34 146 1
34 149 1
34 152 1
34 157 1
34 160 1
34 171 1
34 181 1
34 183 1
35 65 1
35 86 1
35 88 1
35 125 1
35 128 1
35 149 1
35 152 1
35 161 1
35 162 1
35 170 1
36 48 1
36 49 1
36 98 1
36 111 1
36 118 1
36 121 1
36 132 1
36 137 1
36 145 1
36 154 1
36 159 1
36 166 1
36 174 1
37 39 1
37 50 1
37 55 1
37 62 1
37 96 1
37 110 1
37 121 1
37 123 1
37 162 1
37 167 1
37 188 1
37 189 1
37 197 1
37 198 1
38 52 1
38 61 1
38 70 1
38 76 1
38 80 1
38 91 1
38 96 1
38 105 1
38 108 1
38 112 1
38 119 1
38 123 1
38 153 1
38 174 1
38 176 1
38 189 1
38 192 1
39 44 1
39 60 1
39 62 1
39 79 1
39 83 1
39 106 1
39 109 1
39 152 1
39 171 1
39 193 1
40 43 1
40 47 1
40 49 1
40 65 1
40 77 1
40 79 1
40 86 1
40 87 1
40 93 1
40 96 1
40 99 1
40 110 1
40 111 1
40 123 1
40 131 1
40 135 1
40 137 1
40 147 1
40 152 1
40 167 1
40 185 1
40 186 1
40 195 1
41 43 1
41 48 1
41 49 1
41 53 1
41 72 1
41 85 1
41 96 1
41 97 1
41 100 1
41 133 1
41 135 1
41 137 1
41 141 1
41 174 1
41 180 1
41 181 1
41 189 1
42 54 1
42 71 1
42 97 1
42 100 1
42 101 1
42 116 1
42 135 1
42 164 1
42 180 1
42 197 1
43 44 1
43 94 1
43 115 1
43 120 1
43 132 1
43 145 1
43 172 1
43 179 1
44 47 1
44 58 1
44 60 1
44 61 1
44 70 1
44 78 1
44 100 1
44 111 1
44 113 1
44 114 1
44 123 1
44 126 1
44 133 1
44 136 1
44 140 1
44 144 1
44 161 1
44 174 1
44 181 1
44 182 1
45 46 1
45 52 1
45 61 1
45 67 1
45 69 1
45 70 1
45 71 1
45 87 1
45 90 1
45 98 1
45 99 1
45 138 1
45 156 1
45 171 1
45 174 1
45 176 1
45 183 1
45 194 1
46 60 1
46 96 1
46 106 1
46 122 1
46 139 1
46 147 1
46 148 1
46 153 1
46 164 1
46 173 1
46 174 1
46 175 1
47 49 1
47 52 1
47 59 1
47 73 1
47 76 1
47 78 1
47 84 1
47 93 1
47 98 1
47 100 1
47 118 1
47 142 1
47 148 1
47 149 1
47 164 1
47 168 1
47 172 1
47 199 1
48 57 1
48 73 1
48 88 1
48 94 1
48 107 1
48 110 1
48 122 1
48 130 1
48 131 1
48 143 1
48 148 1
48 150 1
48 169 1
48 173 1
48 181 1
48 198 1
49 50 1
49 52 1
49 61 1
49 62 1
49 63 1
49 101 1
49 105 1
49 111 1
49 127 1
49 147 1
49 188 1
50 72 1
50 75 1
50 89 1
50 91 1
50 95 1
50 101 1
50 109 1
50 139 1
50 157 1
50 169 1
50 173 1
50 175 1
50 179 1
50 183 1
50 189 1
50 199 1
51 53 1
51 68 1
51 69 1
51 75 1
51 77 1
51 90 1
51 97 1
51 103 1
51 114 1
51 120 1
51 132 1
51 135 1
51 141 1
51 148 1
51 155 1
51 167 1
51 183 1
52 53 1
52 59 1
52 66 1
52 68 1
52 74 1
52 80 1
52 94 1
52 99 1
52 105 1
52 111 1
52 135 1
52 139 1
52 141 1
52 197 1
53 62 1
53 79 1
53 111 1
53 123 1
53 146 1
53 160 1
53 165 1
54 55 1
54 77 1
54 81 1
54 92 1
54 108 1
54 120 1
54 123 1
54 124 1
54 135 1
54 148 1
54 159 1
54 160 1
54 165 1
54 189 1
54 199 1
55 75 1
55 76 1
55 92 1
55 100 1
55 102 1
55 122 1
55 123 1
55 136 1
55 163 1
55 165 1
55 167 1
55 171 1
55 172 1
55 177 1
55 179 1
55 181 1
55 199 1
56 69 1
56 71 1
56 76 1
56 78 1
56 86 1
56 87 1
56 89 1
56 99 1
56 138 1
56 162 1
56 163 1
56 166 1
56 177 1
56 190 1
57 59 1
57 91 1
57 95 1
57 112 1
57 114 1
57 129 1
57 145 1
57 147 1
57 150 1
57 157 1
57 175 1
57 176 1
57 177 1
57 191 1
58 82 1
58 83 1
58 95 1
58 108 1
58 114 1
58 131 1
58 134 1
58 136 1
58 142 1
58 160 1
58 171 1
58 184 1
58 192 1
59 62 1
59 63 1
59 67 1
59 70 1
59 91 1
59 99 1
59 104 1
59 116 1
59 129 1
59 132 1
59 138 1
59 155 1
59 157 1
59 163 1
59 168 1
59 176 1
59 180 1
59 185 1
59 196 1
60 63 1
60 76 1
60 83 1
60 104 1
60 106 1
60 120 1
60 123 1
60 126 1
60 127 1
60 148 1
60 149 1
60 153 1
60 163 1
60 175 1
60 177 1
60 178 1
61 63 1
61 76 1
61 100 1
61 107 1
61 111 1
61 114 1
61 126 1
61 129 1
61 141 1
61 198 1
62 70 1
62 74 1
62 82 1
62 83 1
62 84 1
62 88 1
62 100 1
62 106 1
62 112 1
62 114 1
62 140 1
62 145 1
62 147 1
62 153 1
62 168 1
62 192 1
62 195 1
62 196 1
63 82 1
63 85 1
63 103 1
63 107 1
63 109 1
63 115 1
63 133 1
63 150 1
63 155 1
63 192 1
63 196 1
64 69 1
64 99 1
64 100 1
64 111 1
64 159 1
65 98 1
65 113 1
65 132 1
65 134 1
65 142 1
65 147 1
65 175 1
65 181 1
65 184 1
65 196 1
66 68 1
66 77 1
66 86 1
66 104 1
66 113 1
66 124 1
66 131 1
66 140 1
66 154 1
66 159 1
66 160 1
66 162 1
66 163 1
66 168 1
66 174 1
66 188 1
66 193 1
67 76 1
67 106 1
67 134 1
67 138 1
67 139 1
67 141 1
67 143 1
67 144 1
67 150 1
67 152 1
67 158 1
67 184 1
68 93 1
68 96 1
68 98 1
68 105 1
68 110 1
68 118 1
68 125 1
68 134 1
68 137 1
68 144 1
68 154 1
68 164 1
68 170 1
68 188 1
68 195 1
69 84 1
69 88 1
69 97 1
69 102 1
69 108 1
69 115 1
69 116 1
69 117 1
69 120 1
69 128 1
69 142 1
69 152 1
69 153 1
69 158 1
69 187 1
70 74 1
70 84 1
70 88 1
70 102 1
70 106 1
70 130 1
70 132 1
70 161 1
70 162 1
70 165 1
70 172 1
70 178 1
70 182 1
71 73 1
71 86 1
71 95 1
71 98 1
71 111 1
71 114 1
71 116 1
71 118 1
71 125 1
71 142 1
71 164 1
71 173 1
71 174 1
72 75 1
72 91 1
72 104 1
72 107 1
72 119 1
72 120 1
72 123 1
72 129 1
72 133 1
72 139 1
72 141 1
72 149 1
72 158 1
72 159 1
72 163 1
72 166 1
72 190 1
72 198 1
73 81 1
73 96 1
73 99 1
73 103 1
73 109 1
73 113 1
73 117 1
73 128 1
73 131 1
73 133 1
73 136 1
73 137 1
73 155 1
73 156 1
73 177 1
73 178 1
73 195 1
74 94 1
74 108 1
74 112 1
74 121 1
74 163 1
74 165 1
74 167 1
74 173 1
74 179 1
75 89 1
75 151 1
75 153 1
75 156 1
75 174 1
75 176 1
75 183 1
75 190 1
75 191 1
75 198 1
76 77 1
76 103 1
76 113 1
76 136 1
76 151 1
76 164 1
76 176 1
77 105 1
77 109 1
77 116 1
77 133 1
77 135 1
77 145 1
77 152 1
77 154 1
77 176 1
77 193 1
78 96 1
78 124 1
78 137 1
78 167 1
78 190 1
78 194 1
78 197 1
79 105 1
79 108 1
79 120 1
79 157 1
79 169 1
79 178 1
79 181 1
79 193 1
79 195 1
79 199 1
80 90 1
80 94 1
80 125 1
80 128 1
80 152 1
80 176 1
80 181 1
80 196 1
81 97 1
81 99 1
81 112 1
81 121 1
81 151 1
81 154 1
81 159 1
81 165 1
81 197 1
81 199 1
82 83 1
82 110 1
82 116 1
82 133 1
82 140 1
82 142 1
82 159 1
82 165 1
82 185 1
82 189 1
82 193 1
83 87 1
83 90 1
83 113 1
83 115 1
83 122 1
83 125 1
83 132 1
83 137 1
83 153 1
83 164 1
83 165 1
83 168 1
83 170 1
83 179 1
83 186 1
83 187 1
83 199 1
84 92 1
84 101 1
84 103 1
84 118 1
84 125 1
84 127 1
84 128 1
84 131 1
84 152 1
84 160 1
84 171 1
84 192 1
85 106 1
85 108 1
85 111 1
85 115 1
85 123 1
85 125 1
85 131 1
85 143 1
85 146 1
85 176 1
85 179 1
85 182 1
85 190 1
86 94 1
86 99 1
86 109 1
86 122 1
86 123 1
86 127 1
86 131 1
86 136 1
86 137 1
86 142 1
86 145 1
86 156 1
86 158 1
86 178 1
86 181 1
87 101 1
87 111 1
87 116 1
87 122 1
87 131 1
87 133 1
87 152 1
87 155 1
87 163 1
87 165 1
88 96 1
88 133 1
88 143 1
88 146 1
88 156 1
88 165 1
88 171 1
89 90 1
89 104 1
89 105 1
89 112 1
89 115 1
89 120 1
89 123 1
89 126 1
89 128 1
89 142 1
89 154 1
89 161 1
89 162 1
90 92 1
90 105 1
90 110 1
90 115 1
90 120 1
90 135 1
90 151 1
90 159 1
90 163 1
90 170 1
90 179 1
90 196 1
90 197 1
91 98 1
91 111 1
91 112 1
91 121 1
91 142 1
91 145 1
91 151 1
91 157 1
91 173 1
91 177 1
91 181 1
91 185 1
91 187 1
91 189 1
92 113 1
92 128 1
92 143 1
92 157 1
92 159 1
92 179 1
92 193 1
93 99 1
93 125 1
93 133 1
93 136 1
93 147 1
93 149 1
93 152 1
93 165 1
93 171 1
93 184 1
93 186 1
93 191 1
93 195 1
93 199 1
94 96 1
94 100 1
94 102 1
94 110 1
94 111 1
94 123 1
94 151 1
94 152 1
94 153 1
95 100 1
95 104 1
95 109 1
95 112 1
95 116 1
95 118 1
95 128 1
95 129 1
95 138 1
95 149 1
95 166 1
95 167 1
95 171 1
95 191 1
96 104 1
96 106 1
96 113 1
96 117 1
96 118 1
96 159 1
96 169 1
96 172 1
96 178 1
96 184 1
96 187 1
96 189 1
96 193 1
96 196 1
97 100 1
97 110 1
97 115 1
97 120 1
97 122 1
97 153 1
97 156 1
97 163 1
97 170 1
97 173 1
97 185 1
97 187 1
98 102 1
98 126 1
98 132 1
98 136 1
98 146 1
98 159 1
98 172 1
98 177 1
98 178 1
98 188 1
98 196 1
99 103 1
99 112 1
99 117 1
99 118 1
99 124 1
99 131 1
99 154 1
99 167 1
99 170 1
99 175 1
99 199 1
100 102 1
100 114 1
100 116 1
100 117 1
100 134 1
100 140 1
100 142 1
100 147 1
100 156 1
100 161 1
100 170 1
100 171 1
100 178 1
100 180 1
100 192 1
100 198 1
101 116 1
101 130 1
101 144 1
101 148 1
101 153 1
101 167 1
101 173 1
101 180 1
102 116 1
102 144 1
102 152 1
102 155 1
102 157 1
102 163 1
102 195 1
103 115 1
103 131 1
103 142 1
103 149 1
103 172 1
103 181 1
103 185 1
103 191 1
104 105 1
104 114 1
104 125 1
104 131 1
104 138 1
104 139 1
104 152 1
104 158 1
104 176 1
104 185 1
104 192 1
105 107 1
105 112 1
105 115 1
105 122 1
105 124 1
105 127 1
105 130 1
105 133 1
105 164 1
105 170 1
105 176 1
105 177 1
105 179 1
105 191 1
106 139 1
106 147 1
106 166 1
106 170 1
106 192 1
107 136 1
107 144 1
107 147 1
107 151 1
107 157 1
107 167 1
107 168 1
107 175 1
108 114 1
108 117 1
108 142 1
108 154 1
108 171 1
108 173 1
108 196 1
109 111 1
109 115 1
109 132 1
109 141 1
109 152 1
109 163 1
109 192 1
110 111 1
110 114 1
110 116 1
110 122 1
110 143 1
110 151 1
110 158 1
110 171 1
110 191 1
110 198 1
111 126 1
111 131 1
111 134 1
111 148 1
111 149 1
111 167 1
111 173 1
111 175 1
111 177 1
111 180 1
111 191 1
112 113 1
112 115 1
112 119 1
112 126 1
112 134 1
112 135 1
112 138 1
112 151 1
112 153 1
112 154 1
112 158 1
112 167 1
112 168 1
112 170 1
112 183 1
112 189 1
113 116 1
113 128 1
113 129 1
113 151 1
113 160 1
113 164 1
113 176 1
113 179 1
113 190 1
114 117 1
114 121 1
114 123 1
114 125 1
114 128 1
114 133 1
114 164 1
114 169 1
114 171 1
114 173 1
114 176 1
114 182 1
114 190 1
115 124 1
115 134 1
115 148 1
115 150 1
115 156 1
115 166 1
115 170 1
115 173 1
115 178 1
116 120 1
116 129 1
116 134 1
116 141 1
116 167 1
116 176 1
116 177 1
116 180 1
116 189 1
116 199 1
117 130 1
117 150 1
117 151 1
117 154 1
117 167 1
117 191 1
118 122 1
118 140 1
118 152 1
118 156 1
118 157 1
118 165 1
118 166 1
118 170 1
118 180 1
118 187 1
118 197 1
119 122 1
119 150 1
119 155 1
119 169 1
119 176 1
119 177 1
119 181 1
119 186 1
120 135 1
120 157 1
120 176 1
120 178 1
120 182 1
120 184 1
120 187 1
120 191 1
120 198 1
120 199 1
121 122 1
121 134 1
121 135 1
121 149 1
121 150 1
121 160 1
121 163 1
121 172 1
121 183 1
121 187 1
121 196 1
122 151 1
122 167 1
122 168 1
122 171 1
122 172 1
122 182 1
123 134 1
123 137 1
123 148 1
123 181 1
123 186 1
123 190 1
123 196 1
124 127 1
124 157 1
124 163 1
124 169 1
124 171 1
124 177 1
124 184 1
124 197 1
125 127 1
125 139 1
125 143 1
125 146 1
125 180 1
125 188 1
126 135 1
126 140 1
126 150 1
126 167 1
126 171 1
126 176 1
126 178 1
126 180 1
126 181 1
126 186 1
126 192 1
127 141 1
127 171 1
127 181 1
127 184 1
127 195 1
128 138 1
128 144 1
128 145 1
128 147 1
128 148 1
128 154 1
128 157 1
128 161 1
128 199 1
129 135 1
129 156 1
129 166 1
129 168 1
129 170 1
129 178 1
129 179 1
129 180 1
129 196 1
130 142 1
130 154 1
130 177 1
130 185 1
130 190 1
130 192 1
131 140 1
131 162 1
131 191 1
132 135 1
132 143 1
132 144 1
132 146 1
132 165 1
132 167 1
132 180 1
132 181 1
132 185 1
132 189 1
132 194 1
132 196 1
133 143 1
133 146 1
133 148 1
133 181 1
133 192 1
133 196 1
134 168 1
134 170 1
134 180 1
134 193 1
135 142 1
135 143 1
135 172 1
135 196 1
135 198 1
136 188 1
136 190 1
136 191 1
136 199 1
137 139 1
137 140 1
137 151 1
137 164 1
137 169 1
137 176 1
137 181 1
137 182 1
137 189 1
137 192 1
137 193 1
137 195 1
138 147 1
138 150 1
138 154 1
138 167 1
138 176 1
138 180 1
138 186 1
139 149 1
139 156 1
139 159 1
139 166 1
139 185 1
139 187 1
139 188 1
139 192 1
139 196 1
139 198 1
140 168 1
140 173 1
140 176 1
140 182 1
141 154 1
141 171 1
141 178 1
141 185 1
141 192 1
142 149 1
142 151 1
142 153 1
142 157 1
142 173 1
142 174 1
142 180 1
142 189 1
142 197 1
143 158 1
143 159 1
143 179 1
144 148 1
144 149 1
144 157 1
144 160 1
144 171 1
145 148 1
145 153 1
145 155 1
145 173 1
145 185 1
145 189 1
145 190 1
145 194 1
146 149 1
146 157 1
146 174 1
146 178 1
147 148 1
147 158 1
147 184 1
147 190 1
147 196 1
147 198 1
148 149 1
148 161 1
148 184 1
148 189 1
148 190 1
148 193 1
148 197 1
148 199 1
149 165 1
149 173 1
149 176 1
149 190 1
150 174 1
150 193 1
150 198 1
150 199 1
151 158 1
151 163 1
151 179 1
151 184 1
151 186 1
151 188 1
152 155 1
152 167 1
152 188 1
152 194 1
153 171 1
153 184 1
153 188 1
153 190 1
153 196 1
153 197 1
154 168 1
154 174 1
154 175 1
154 188 1
154 195 1
155 172 1
155 180 1
155 186 1
155 188 1
155 194 1
156 165 1
157 179 1
157 185 1
158 175 1
158 191 1
158 197 1
159 170 1
159 177 1
159 178 1
159 187 1
159 190 1
159 193 1
159 194 1
160 172 1
160 177 1
160 179 1
160 189 1
161 165 1
161 166 1
161 175 1
161 180 1
161 190 1
162 176 1
162 198 1
163 179 1
163 180 1
163 185 1
163 189 1
163 196 1
164 178 1
164 192 1
164 197 1
164 198 1
165 169 1
165 174 1
165 187 1
165 191 1
165 195 1
166 167 1
166 177 1
166 181 1
166 182 1
166 183 1
167 169 1
167 174 1
167 178 1
167 181 1
168 182 1
168 198 1
169 182 1
169 185 1
169 186 1
169 189 1
169 190 1
169 195 1
169 197 1
170 176 1
170 179 1
170 191 1
170 197 1
171 172 1
171 180 1
171 184 1
171 190 1
171 193 1
172 174 1
172 177 1
172 185 1
172 192 1
173 175 1
173 190 1
173 192 1
174 177 1
174 182 1
175 176 1
175 179 1
175 199 1
176 187 1
176 194 1
176 199 1
177 182 1
177 190 1
178 193 1
178 198 1
179 180 1
179 194 1
180 181 1
180 182 1
180 189 1
180 194 1
180 195 1
181 194 1
181 198 1
182 186 1
182 193 1
183 191 1
184 190 1
184 193 1
184 195 1
184 196 1
185 197 1
186 189 1
191 195 1
192 193 1
193 195 1
193 197 1
197 198 1
1
0 142 199 183 64 105 88 36 174 189 72 79 102 198 21 197 86 17 5 119
