1638
0 2 1
0 6 1
0 8 1
0 20 1
0 25 1
0 33 1
0 42 1
0 44 1
0 55 1
0 56 1
0 60 1
0 64 1
0 73 1
0 82 1
0 93 1
0 106 1
0 116 1
0 127 1
0 141 1
0 146 1
0 151 1
0 155 1
0 156 1
0 157 1
1 3 1
1 6 1
1 14 1
1 19 1
1 33 1
1 34 1
1 48 1
1 49 1
1 56 1
1 74 1
1 89 1
1 93 1
1 95 1
1 103 1
1 118 1
1 125 1
1 127 1
1 136 1
1 140 1
1 145 1
1 157 1
2 6 1
2 19 1
2 25 1
2 35 1
2 36 1
2 38 1
2 43 1
2 50 1
2 53 1
2 59 1
2 87 1
2 127 1
2 131 1
2 135 1
2 138 1
2 150 1
2 156 1
3 17 1
3 18 1
3 33 1
3 40 1
3 41 1
3 49 1
3 55 1
3 60 1
3 87 1
3 90 1
3 113 1
3 124 1
3 126 1
3 128 1
3 131 1
3 133 1
3 147 1
4 5 1
4 6 1
4 10 1
4 13 1
4 14 1
4 29 1
4 31 1
4 34 1
4 56 1
4 61 1
4 75 1
4 92 1
4 97 1
4 106 1
4 112 1
4 115 1
4 122 1
4 130 1
4 133 1
4 135 1
4 145 1
4 149 1
5 13 1
5 28 1
5 37 1
5 46 1
5 61 1
5 75 1
5 86 1
5 87 1
5 104 1
5 120 1
5 123 1
5 124 1
5 127 1
5 132 1
5 150 1
5 155 1
5 157 1
5 158 1
6 8 1
6 18 1
6 28 1
6 33 1
6 35 1
6 36 1
6 38 1
6 45 1
6 50 1
6 54 1
6 56 1
6 59 1
6 84 1
6 85 1
6 91 1
6 93 1
6 99 1
6 101 1
6 108 1
6 138 1
6 148 1
6 154 1
7 11 1
7 41 1
7 48 1
7 50 1
7 55 1
7 59 1
7 60 1
7 76 1
7 80 1
7 82 1
7 87 1
7 89 1
7 94 1
7 95 1
7 104 1
7 108 1
7 110 1
7 117 1
7 118 1
7 121 1
7 130 1
7 142 1
7 155 1
7 157 1
8 16 1
8 20 1
8 23 1
8 39 1
8 71 1
8 97 1
8 98 1
8 126 1
8 136 1
8 145 1
8 147 1
8 153 1
8 154 1
9 34 1
9 37 1
9 39 1
9 47 1
9 53 1
9 56 1
9 59 1
9 69 1
9 70 1
9 74 1
9 77 1
9 85 1
9 90 1
9 98 1
9 107 1
9 116 1
9 128 1
9 130 1
9 135 1
9 144 1
9 158 1
10 17 1
10 36 1
10 52 1
10 65 1
10 72 1
10 75 1
10 86 1
10 93 1
10 106 1
10 118 1
10 130 1
10 147 1
10 154 1
10 158 1
11 24 1
11 28 1
11 31 1
11 41 1
11 43 1
11 45 1
11 50 1
11 52 1
11 64 1
11 66 1
11 69 1
11 70 1
11 72 1
11 79 1
11 86 1
11 87 1
11 100 1
11 101 1
11 117 1
11 132 1
11 135 1
11 137 1
11 138 1
11 146 1
11 156 1
11 158 1
12 14 1
12 18 1
12 32 1
12 34 1
12 40 1
12 48 1
12 50 1
12 51 1
12 54 1
12 59 1
12 68 1
12 73 1
12 74 1
12 75 1
12 81 1
12 84 1
12 92 1
12 94 1
12 99 1
12 102 1
12 103 1
12 108 1
12 123 1
12 128 1
12 130 1
12 134 1
12 146 1
12 151 1
12 159 1
13 22 1
13 25 1
13 26 1
13 29 1
13 30 1
13 32 1
13 34 1
13 38 1
13 54 1
13 55 1
13 62 1
13 66 1
13 68 1
13 72 1
13 89 1
13 100 1
13 107 1
13 138 1
13 142 1
13 154 1
14 31 1
14 57 1
14 61 1
14 78 1
14 83 1
14 87 1
14 92 1
14 114 1
14 120 1
14 122 1
14 124 1
14 130 1
14 134 1
14 135 1
14 143 1
14 154 1
14 157 1
15 19 1
15 36 1
15 39 1
15 40 1
15 46 1
15 47 1
15 55 1
15 56 1
15 72 1
15 76 1
15 78 1
15 86 1
15 99 1
15 108 1
15 118 1
15 121 1
15 125 1
15 136 1
15 141 1
15 149 1
15 150 1
16 38 1
16 39 1
16 49 1
16 63 1
16 66 1
16 90 1
16 95 1
16 96 1
16 106 1
16 113 1
16 116 1
16 123 1
16 133 1
16 134 1
16 143 1
16 153 1
16 159 1
17 19 1
17 34 1
17 36 1
17 39 1
17 40 1
17 41 1
17 49 1
17 56 1
17 58 1
17 71 1
17 92 1
17 99 1
17 102 1
17 116 1
17 123 1
17 134 1
17 153 1
18 24 1
18 40 1
18 42 1
18 45 1
18 52 1
18 57 1
18 67 1
18 70 1
18 73 1
18 81 1
18 98 1
18 99 1
18 106 1
18 118 1
18 121 1
18 122 1
18 128 1
18 130 1
18 139 1
18 149 1
18 151 1
18 155 1
18 157 1
19 51 1
19 67 1
19 68 1
19 70 1
19 89 1
19 102 1
19 106 1
19 128 1
19 143 1
19 146 1
19 153 1
19 155 1
20 25 1
20 39 1
20 58 1
20 68 1
20 70 1
20 72 1
20 73 1
20 78 1
20 80 1
20 81 1
20 90 1
20 93 1
20 100 1
20 114 1
20 118 1
20 121 1
20 133 1
20 134 1
20 140 1
20 142 1
20 148 1
20 149 1
20 153 1
21 23 1
21 24 1
21 25 1
21 43 1
21 79 1
21 85 1
21 87 1
21 91 1
21 97 1
21 98 1
21 123 1
21 126 1
21 131 1
21 145 1
22 28 1
22 42 1
22 48 1
22 57 1
22 58 1
22 61 1
22 62 1
22 68 1
22 74 1
22 95 1
22 96 1
22 99 1
22 118 1
22 119 1
22 120 1
22 121 1
22 133 1
22 138 1
23 31 1
23 32 1
23 36 1
23 44 1
23 50 1
23 51 1
23 55 1
23 68 1
23 81 1
23 86 1
23 97 1
23 99 1
23 104 1
23 111 1
23 133 1
23 138 1
23 142 1
23 149 1
23 155 1
23 156 1
24 27 1
24 28 1
24 32 1
24 35 1
24 37 1
24 39 1
24 48 1
24 53 1
24 65 1
24 72 1
24 83 1
24 95 1
24 98 1
24 105 1
24 106 1
24 115 1
24 124 1
24 130 1
24 152 1
25 26 1
25 27 1
25 29 1
25 36 1
25 38 1
25 46 1
25 54 1
25 55 1
25 65 1
25 75 1
25 76 1
25 79 1
25 83 1
25 91 1
25 99 1
25 104 1
25 107 1
25 146 1
25 151 1
25 158 1
26 35 1
26 50 1
26 61 1
26 64 1
26 69 1
26 80 1
26 100 1
26 104 1
26 116 1
26 121 1
26 130 1
26 141 1
26 145 1
27 30 1
27 31 1
27 33 1
27 47 1
27 50 1
27 53 1
27 57 1
27 67 1
27 74 1
27 75 1
27 82 1
27 90 1
27 91 1
27 96 1
27 101 1
27 107 1
27 111 1
27 112 1
27 117 1
27 120 1
27 128 1
27 137 1
27 139 1
27 155 1
28 49 1
28 83 1
28 92 1
28 94 1
28 105 1
28 107 1
28 109 1
28 110 1
28 120 1
28 138 1
28 139 1
28 154 1
28 158 1
29 44 1
29 46 1
29 47 1
29 51 1
29 75 1
29 76 1
29 92 1
29 99 1
29 102 1
29 110 1
29 112 1
29 119 1
29 125 1
29 135 1
29 145 1
29 146 1
29 152 1
30 31 1
30 36 1
30 40 1
30 43 1
30 50 1
30 53 1
30 70 1
30 74 1
30 75 1
30 91 1
30 97 1
30 114 1
30 119 1
30 129 1
30 138 1
30 142 1
30 144 1
30 146 1
30 153 1
31 42 1
31 46 1
31 59 1
31 61 1
31 70 1
31 71 1
31 79 1
31 89 1
31 90 1
31 96 1
31 101 1
31 117 1
31 119 1
31 121 1
32 42 1
32 52 1
32 76 1
32 84 1
32 94 1
32 100 1
32 108 1
32 110 1
32 112 1
32 117 1
32 148 1
32 149 1
33 34 1
33 54 1
33 59 1
33 65 1
33 76 1
33 81 1
33 88 1
33 91 1
33 104 1
33 111 1
33 113 1
33 126 1
33 135 1
33 137 1
33 141 1
33 143 1
33 146 1
34 41 1
34 44 1
34 68 1
34 70 1
34 71 1
34 90 1
34 94 1
34 96 1
34 97 1
34 107 1
34 121 1
34 123 1
34 126 1
34 127 1
34 130 1
34 132 1
34 137 1
34 150 1
34 156 1
34 157 1
34 159 1
35 37 1
35 51 1
35 52 1
35 54 1
35 68 1
35 86 1
35 114 1
35 117 1
35 125 1
35 126 1
35 149 1
35 150 1
35 155 1
36 41 1
36 53 1
36 56 1
36 63 1
36 67 1
36 81 1
36 98 1
36 100 1
36 105 1
36 106 1
36 115 1
36 126 1
36 153 1
36 158 1
37 50 1
37 52 1
37 54 1
37 60 1
37 65 1
37 71 1
37 88 1
37 95 1
37 97 1
37 105 1
37 116 1
37 135 1
37 141 1
37 148 1
38 40 1
38 56 1
38 75 1
38 85 1
38 110 1
38 117 1
38 119 1
38 137 1
38 138 1
39 43 1
39 57 1
39 60 1
39 61 1
39 63 1
39 69 1
39 73 1
39 78 1
39 81 1
39 83 1
39 87 1
39 104 1
39 108 1
39 117 1
39 118 1
39 127 1
39 131 1
39 151 1
40 42 1
40 54 1
40 66 1
40 70 1
40 77 1
40 85 1
40 90 1
40 98 1
40 101 1
40 104 1
40 107 1
40 110 1
40 125 1
40 129 1
40 155 1
40 159 1
41 45 1
41 51 1
41 57 1
41 70 1
41 72 1
41 74 1
41 77 1
41 99 1
41 112 1
41 114 1
41 125 1
41 136 1
41 143 1
41 148 1
41 152 1
41 158 1
42 50 1
42 51 1
42 59 1
42 68 1
42 76 1
42 87 1
42 117 1
42 125 1
42 126 1
42 142 1
42 143 1
42 152 1
43 57 1
43 66 1
43 73 1
43 77 1
43 87 1
43 89 1
43 90 1
43 93 1
43 94 1
43 95 1
43 105 1
43 106 1
43 108 1
43 109 1
43 119 1
43 135 1
43 147 1
43 159 1
44 47 1
44 64 1
44 68 1
44 72 1
44 90 1
44 102 1
44 121 1
44 145 1
44 150 1
44 152 1
44 154 1
44 159 1
45 47 1
45 53 1
45 56 1
45 65 1
45 70 1
45 71 1
45 83 1
45 87 1
45 88 1
45 89 1
45 101 1
45 106 1
45 107 1
45 127 1
45 137 1
45 147 1
46 52 1
46 76 1
46 82 1
46 83 1
46 94 1
46 99 1
46 103 1
46 105 1
46 116 1
46 120 1
46 126 1
46 129 1
46 130 1
46 131 1
46 140 1
46 144 1
46 146 1
47 55 1
47 67 1
47 87 1
47 89 1
47 91 1
47 94 1
47 111 1
47 119 1
47 128 1
47 136 1
47 140 1
47 141 1
47 155 1
48 56 1
48 59 1
48 71 1
48 73 1
48 74 1
48 76 1
48 91 1
48 98 1
48 111 1
48 115 1
48 122 1
48 139 1
48 141 1
48 142 1
48 149 1
48 152 1
48 156 1
49 50 1
49 51 1
49 57 1
49 61 1
49 66 1
49 68 1
49 70 1
49 74 1
49 76 1
49 80 1
49 88 1
49 110 1
49 114 1
49 117 1
49 124 1
49 126 1
49 129 1
49 133 1
49 140 1
49 154 1
50 64 1
50 75 1
50 79 1
50 81 1
50 85 1
50 86 1
50 89 1
50 98 1
50 101 1
50 102 1
50 103 1
50 104 1
50 125 1
50 126 1
50 127 1
50 129 1
50 135 1
50 139 1
50 141 1
50 149 1
50 151 1
50 155 1
51 61 1
51 62 1
51 66 1
51 72 1
51 76 1
51 79 1
51 84 1
51 94 1
51 97 1
51 99 1
51 101 1
51 103 1
51 106 1
51 108 1
51 123 1
51 128 1
51 146 1
51 147 1
51 151 1
51 153 1
52 57 1
52 60 1
52 79 1
52 98 1
52 123 1
52 130 1
52 142 1
52 145 1
52 149 1
52 153 1
52 155 1
52 158 1
52 159 1
53 57 1
53 79 1
53 98 1
53 102 1
53 107 1
53 112 1
53 117 1
53 126 1
53 130 1
53 145 1
54 55 1
54 56 1
54 64 1
54 92 1
54 94 1
54 99 1
54 104 1
54 107 1
54 109 1
54 110 1
54 114 1
54 118 1
54 122 1
54 126 1
54 130 1
54 134 1
54 151 1
55 56 1
55 65 1
55 66 1
55 77 1
55 85 1
55 96 1
55 106 1
55 113 1
55 116 1
55 123 1
55 131 1
55 135 1
55 140 1
55 153 1
56 57 1
56 75 1
56 80 1
56 84 1
56 96 1
56 97 1
56 102 1
56 105 1
56 110 1
56 112 1
56 124 1
56 131 1
56 133 1
56 134 1
56 137 1
56 142 1
56 145 1
56 149 1
56 151 1
56 157 1
56 158 1
57 62 1
57 77 1
57 105 1
57 108 1
57 109 1
57 112 1
57 114 1
57 118 1
57 119 1
57 120 1
57 129 1
57 144 1
57 147 1
57 149 1
58 65 1
58 75 1
58 87 1
58 104 1
58 124 1
58 129 1
58 132 1
58 156 1
59 65 1
59 71 1
59 72 1
59 73 1
59 77 1
59 81 1
59 85 1
59 106 1
59 113 1
59 114 1
59 120 1
59 132 1
59 148 1
59 149 1
59 155 1
60 65 1
60 75 1
60 77 1
60 80 1
60 88 1
60 92 1
60 98 1
60 111 1
60 116 1
60 123 1
60 146 1
60 156 1
60 159 1
61 70 1
61 85 1
61 112 1
61 115 1
61 116 1
61 129 1
61 137 1
61 154 1
62 87 1
62 96 1
62 102 1
62 104 1
62 114 1
62 122 1
62 123 1
62 128 1
62 137 1
62 146 1
62 150 1
63 67 1
63 82 1
63 85 1
63 89 1
63 95 1
63 98 1
63 115 1
63 120 1
63 125 1
63 130 1
63 132 1
63 139 1
64 76 1
64 78 1
64 90 1
64 94 1
64 95 1
64 97 1
64 105 1
64 121 1
64 129 1
64 135 1
64 138 1
64 143 1
64 149 1
64 151 1
65 71 1
65 78 1
65 86 1
65 99 1
65 103 1
65 115 1
65 124 1
65 134 1
65 138 1
65 157 1
65 159 1
66 69 1
66 116 1
66 119 1
66 122 1
66 127 1
66 130 1
66 131 1
66 134 1
66 139 1
66 142 1
66 147 1
66 157 1
67 68 1
67 78 1
67 85 1
67 92 1
67 95 1
67 102 1
67 104 1
67 106 1
67 124 1
67 134 1
67 157 1
68 69 1
68 70 1
68 79 1
68 98 1
68 115 1
68 126 1
68 137 1
68 139 1
68 140 1
68 143 1
68 147 1
68 156 1
68 158 1
68 159 1
69 78 1
69 91 1
69 121 1
69 124 1
69 136 1
69 137 1
69 141 1
69 147 1
69 152 1
69 158 1
70 73 1
70 75 1
70 77 1
70 79 1
70 92 1
70 95 1
70 98 1
70 110 1
70 134 1
70 138 1
70 145 1
70 147 1
70 148 1
70 152 1
70 157 1
71 82 1
71 84 1
71 87 1
71 90 1
71 96 1
71 109 1
71 113 1
71 114 1
71 128 1
71 133 1
71 137 1
71 150 1
71 151 1
71 152 1
72 73 1
72 74 1
72 77 1
72 83 1
72 90 1
72 100 1
72 115 1
72 119 1
72 130 1
72 131 1
72 134 1
72 135 1
72 151 1
72 154 1
72 159 1
73 97 1
73 98 1
73 104 1
73 117 1
73 125 1
73 129 1
73 139 1
73 141 1
74 95 1
74 97 1
74 117 1
74 129 1
74 133 1
74 150 1
74 159 1
75 82 1
75 88 1
75 103 1
75 115 1
75 119 1
75 144 1
76 82 1
76 101 1
76 127 1
76 131 1
76 153 1
77 78 1
77 82 1
77 86 1
77 87 1
77 88 1
77 90 1
77 92 1
77 106 1
77 107 1
77 120 1
77 130 1
77 137 1
77 142 1
77 156 1
78 80 1
78 85 1
78 88 1
78 93 1
78 96 1
78 112 1
78 115 1
78 129 1
78 132 1
78 146 1
79 90 1
79 97 1
79 108 1
79 109 1
79 121 1
79 124 1
79 128 1
79 146 1
79 150 1
80 83 1
80 96 1
80 97 1
80 100 1
80 107 1
80 113 1
80 115 1
80 123 1
80 137 1
80 145 1
80 147 1
81 91 1
81 106 1
81 124 1
81 132 1
81 138 1
81 140 1
81 145 1
81 149 1
81 154 1
82 102 1
82 111 1
82 116 1
82 118 1
82 140 1
82 157 1
83 91 1
83 95 1
83 106 1
83 112 1
83 116 1
83 142 1
83 157 1
84 89 1
84 114 1
84 116 1
84 123 1
84 133 1
84 139 1
84 142 1
85 87 1
85 101 1
85 115 1
85 124 1
85 128 1
85 144 1
85 149 1
85 153 1
86 99 1
86 102 1
86 103 1
86 121 1
86 130 1
86 135 1
86 141 1
86 151 1
87 88 1
87 98 1
87 106 1
87 110 1
87 114 1
87 117 1
87 118 1
87 121 1
87 123 1
87 129 1
87 133 1
87 147 1
88 89 1
88 104 1
88 106 1
88 108 1
88 125 1
88 130 1
88 136 1
88 147 1
88 153 1
88 156 1
88 157 1
89 94 1
89 97 1
89 98 1
89 106 1
89 119 1
89 139 1
89 141 1
90 95 1
90 104 1
90 106 1
90 107 1
90 112 1
90 115 1
90 125 1
90 128 1
90 130 1
90 144 1
90 157 1
91 94 1
91 99 1
91 107 1
91 114 1
91 120 1
91 121 1
91 127 1
91 136 1
91 154 1
92 96 1
92 105 1
92 106 1
92 109 1
92 110 1
92 116 1
92 120 1
92 124 1
92 128 1
92 131 1
92 153 1
92 154 1
92 159 1
93 96 1
93 100 1
93 101 1
93 103 1
93 107 1
93 113 1
93 116 1
93 117 1
93 127 1
93 136 1
93 139 1
93 143 1
93 144 1
93 149 1
93 155 1
94 95 1
94 109 1
94 111 1
94 121 1
94 125 1
94 148 1
94 152 1
94 154 1
94 156 1
94 158 1
94 159 1
95 106 1
95 115 1
95 130 1
95 136 1
95 141 1
96 99 1
96 100 1
96 102 1
96 106 1
96 110 1
96 111 1
96 115 1
96 119 1
96 131 1
96 132 1
96 140 1
96 156 1
96 157 1
97 111 1
97 118 1
97 124 1
97 147 1
97 153 1
97 157 1
97 158 1
99 101 1
99 102 1
99 127 1
99 143 1
100 102 1
100 108 1
100 111 1
100 112 1
100 117 1
100 127 1
100 133 1
100 139 1
100 152 1
100 154 1
101 106 1
101 110 1
101 124 1
101 134 1
101 139 1
101 140 1
101 141 1
101 147 1
101 149 1
102 104 1
102 119 1
102 132 1
102 140 1
102 142 1
102 143 1
102 144 1
103 121 1
103 137 1
103 138 1
103 147 1
103 149 1
103 152 1
103 155 1
103 157 1
104 113 1
104 119 1
104 124 1
104 128 1
104 130 1
104 137 1
104 145 1
105 112 1
105 113 1
105 127 1
105 143 1
105 150 1
106 113 1
106 115 1
106 127 1
107 108 1
107 110 1
107 111 1
107 113 1
107 133 1
107 134 1
107 135 1
107 149 1
107 155 1
108 118 1
108 140 1
108 144 1
108 147 1
108 159 1
109 145 1
109 151 1
110 114 1
110 117 1
110 138 1
110 143 1
110 145 1
110 149 1
111 113 1
111 154 1
112 114 1
112 120 1
112 136 1
112 145 1
112 147 1
112 148 1
112 155 1
112 158 1
113 122 1
113 125 1
113 132 1
113 133 1
113 135 1
113 144 1
113 150 1
113 153 1
114 115 1
114 145 1
114 148 1
114 157 1
115 116 1
115 134 1
115 139 1
115 147 1
115 152 1
116 119 1
116 133 1
117 149 1
117 152 1
118 134 1
118 141 1
118 146 1
118 150 1
118 157 1
119 124 1
119 128 1
119 132 1
119 152 1
120 122 1
120 133 1
120 136 1
120 149 1
120 151 1
120 153 1
120 158 1
121 140 1
121 146 1
121 147 1
121 157 1
122 125 1
122 129 1
123 128 1
123 139 1
123 148 1
123 149 1
124 125 1
124 128 1
124 135 1
124 142 1
124 152 1
124 153 1
125 130 1
125 132 1
125 140 1
125 150 1
126 136 1
126 139 1
126 143 1
126 145 1
126 147 1
127 131 1
127 134 1
127 144 1
127 146 1
128 150 1
129 145 1
129 146 1
130 131 1
130 134 1
130 135 1
131 136 1
131 147 1
132 140 1
132 152 1
132 154 1
133 137 1
133 142 1
133 153 1
134 153 1
134 155 1
135 138 1
135 146 1
135 148 1
136 150 1
136 153 1
137 139 1
137 145 1
137 148 1
137 151 1
138 149 1
138 157 1
139 143 1
139 147 1
139 158 1
140 142 1
140 147 1
140 150 1
140 154 1
140 156 1
140 158 1
141 143 1
141 150 1
142 144 1
142 158 1
142 159 1
143 149 1
143 152 1
144 146 1
144 149 1
145 146 1
145 157 1
147 148 1
147 155 1
148 159 1
149 151 1
149 154 1
150 152 1
150 153 1
150 154 1
150 159 1
152 153 1
153 156 1
157 158 1
158 159 1
1
80 111 64 69 98 139 144 59 52 134 4 12 131 79 7 48
