385
0 1 1
0 6 1
0 7 1
0 8 1
0 14 1
0 16 1
0 19 1
0 20 1
0 21 1
0 28 1
0 34 1
0 37 1
0 38 1
0 39 1
0 40 1
0 41 1
0 42 1
0 44 1
0 48 1
1 2 1
1 3 1
1 5 1
1 10 1
1 20 1
1 21 1
1 23 1
1 24 1
1 26 1
1 28 1
1 35 1
1 37 1
1 41 1
1 42 1
1 46 1
2 4 1
2 5 1
2 14 1
2 15 1
2 22 1
2 25 1
2 29 1
2 31 1
2 32 1
2 33 1
2 36 1
2 48 1
3 5 1
3 8 1
3 12 1
3 17 1
3 21 1
3 23 1
3 24 1
3 25 1
3 26 1
3 27 1
3 28 1
3 33 1
3 35 1
3 40 1
3 41 1
3 45 1
4 7 1
4 8 1
4 10 1
4 27 1
4 32 1
4 35 1
4 41 1
5 7 1
5 9 1
5 11 1
5 12 1
5 29 1
5 32 1
5 34 1
5 40 1
5 41 1
5 47 1
5 49 1
6 12 1
6 14 1
6 15 1
6 17 1
6 18 1
6 21 1
6 30 1
6 31 1
6 32 1
6 35 1
6 36 1
6 37 1
6 38 1
6 43 1
6 44 1
6 46 1
7 8 1
7 11 1
7 13 1
7 15 1
7 22 1
7 23 1
7 26 1
7 36 1
7 38 1
7 47 1
7 49 1
8 12 1
8 16 1
8 17 1
8 19 1
8 21 1
8 24 1
8 31 1
8 34 1
8 42 1
8 44 1
8 49 1
9 16 1
9 19 1
9 20 1
9 21 1
9 28 1
9 30 1
9 32 1
9 37 1
9 41 1
9 44 1
10 11 1
10 12 1
10 17 1
10 21 1
10 24 1
10 29 1
10 31 1
10 33 1
10 36 1
10 38 1
10 40 1
10 43 1
10 45 1
10 49 1
11 12 1
11 14 1
11 16 1
11 17 1
11 30 1
11 33 1
11 38 1
11 39 1
11 41 1
11 44 1
11 48 1
11 49 1
12 16 1
12 21 1
12 23 1
12 27 1
12 28 1
12 32 1
12 33 1
12 35 1
12 37 1
12 41 1
13 15 1
13 18 1
13 21 1
13 25 1
13 27 1
13 29 1
13 35 1
13 41 1
13 45 1
13 49 1
14 19 1
14 21 1
14 25 1
14 26 1
14 37 1
14 40 1
14 41 1
15 20 1
15 28 1
15 33 1
15 36 1
15 38 1
15 43 1
15 45 1
15 47 1
15 48 1
15 49 1
16 18 1
16 20 1
16 21 1
16 23 1
16 26 1
16 28 1
16 29 1
16 31 1
16 33 1
16 34 1
16 37 1
16 41 1
16 46 1
16 47 1
17 22 1
17 24 1
17 28 1
17 29 1
17 36 1
17 37 1
17 39 1
17 46 1
17 48 1
17 49 1
18 20 1
18 21 1
18 24 1
18 25 1
18 26 1
18 27 1
18 33 1
18 42 1
18 47 1
18 48 1
19 21 1
19 24 1
19 30 1
19 31 1
19 41 1
19 42 1
19 45 1
19 47 1
19 48 1
20 24 1
20 26 1
20 28 1
20 29 1
20 36 1
20 41 1
20 42 1
20 44 1
20 47 1
20 49 1
21 23 1
21 25 1
21 26 1
21 31 1
21 33 1
21 36 1
21 37 1
21 41 1
21 42 1
21 43 1
21 49 1
22 26 1
22 27 1
22 31 1
22 32 1
22 39 1
22 41 1
23 25 1
23 30 1
23 31 1
23 35 1
23 38 1
23 40 1
23 41 1
23 46 1
23 47 1
23 48 1
24 25 1
24 26 1
24 27 1
24 29 1
24 30 1
24 31 1
24 33 1
24 41 1
24 42 1
24 48 1
24 49 1
25 27 1
25 28 1
25 29 1
25 30 1
25 34 1
25 38 1
25 42 1
25 43 1
25 46 1
25 47 1
25 49 1
26 27 1
26 28 1
26 34 1
26 37 1
26 39 1
26 41 1
26 43 1
26 44 1
26 45 1
26 46 1
26 47 1
27 32 1
27 33 1
27 43 1
27 47 1
27 49 1
28 30 1
28 32 1
28 33 1
28 38 1
28 43 1
28 44 1
28 45 1
28 49 1
29 32 1
29 34 1
29 35 1
29 38 1
29 39 1
29 43 1
29 44 1
29 45 1
29 48 1
30 36 1
30 37 1
30 42 1
30 46 1
30 48 1
31 34 1
31 37 1
31 38 1
31 41 1
31 43 1
31 45 1
32 33 1
32 36 1
32 41 1
32 43 1
32 47 1
32 49 1
33 34 1
33 35 1
33 37 1
33 42 1
33 43 1
33 44 1
33 46 1
33 47 1
34 37 1
34 38 1
34 39 1
34 40 1
34 41 1
34 44 1
34 45 1
34 49 1
35 39 1
35 40 1
35 41 1
35 43 1
35 46 1
36 37 1
36 39 1
36 43 1
36 44 1
36 46 1
37 40 1
37 46 1
38 40 1
38 41 1
38 46 1
39 41 1
39 43 1
40 45 1
41 42 1
41 46 1
42 44 1
42 45 1
43 45 1
43 49 1
45 47 1
45 48 1
1
16 35 46 30 27
