1171
0 4 1
0 11 1
0 18 1
0 20 1
0 23 1
0 25 1
0 33 1
0 41 1
0 45 1
0 49 1
0 69 1
0 70 1
0 71 1
0 93 1
0 98 1
0 105 1
0 108 1
0 119 1
1 2 1
1 6 1
1 7 1
1 8 1
1 15 1
1 20 1
1 21 1
1 23 1
1 31 1
1 34 1
1 35 1
1 38 1
1 45 1
1 51 1
1 54 1
1 56 1
1 58 1
1 59 1
1 63 1
1 78 1
1 81 1
1 86 1
1 88 1
1 90 1
1 101 1
1 105 1
1 115 1
1 119 1
2 3 1
2 12 1
2 16 1
2 32 1
2 33 1
2 35 1
2 37 1
2 50 1
2 58 1
2 77 1
2 79 1
2 81 1
2 83 1
2 97 1
2 110 1
2 112 1
2 119 1
3 7 1
3 9 1
3 15 1
3 16 1
3 18 1
3 23 1
3 51 1
3 55 1
3 56 1
3 58 1
3 61 1
3 66 1
3 88 1
3 100 1
3 101 1
3 110 1
4 6 1
4 9 1
4 10 1
4 28 1
4 34 1
4 44 1
4 46 1
4 52 1
4 57 1
4 72 1
4 74 1
4 76 1
4 91 1
4 95 1
4 96 1
4 112 1
4 117 1
4 119 1
5 10 1
5 14 1
5 15 1
5 20 1
5 22 1
5 30 1
5 35 1
5 37 1
5 44 1
5 45 1
5 57 1
5 59 1
5 60 1
5 62 1
5 63 1
5 64 1
5 72 1
5 83 1
5 87 1
5 88 1
5 92 1
5 93 1
5 94 1
5 96 1
5 101 1
5 109 1
6 10 1
6 17 1
6 18 1
6 23 1
6 24 1
6 27 1
6 41 1
6 49 1
6 50 1
6 56 1
6 59 1
6 61 1
6 66 1
6 71 1
6 74 1
6 75 1
6 77 1
6 79 1
6 82 1
6 88 1
6 90 1
6 93 1
6 96 1
6 102 1
6 103 1
6 107 1
6 115 1
6 117 1
7 12 1
7 14 1
7 29 1
7 32 1
7 41 1
7 51 1
7 58 1
7 59 1
7 73 1
7 79 1
7 83 1
7 88 1
7 90 1
7 98 1
7 106 1
7 108 1
7 110 1
8 9 1
8 11 1
8 12 1
8 16 1
8 26 1
8 31 1
8 36 1
8 43 1
8 50 1
8 51 1
8 54 1
8 64 1
8 70 1
8 73 1
8 95 1
8 100 1
8 101 1
8 117 1
9 17 1
9 19 1
9 20 1
9 21 1
9 23 1
9 24 1
9 36 1
9 48 1
9 51 1
9 58 1
9 66 1
9 71 1
9 79 1
9 81 1
9 87 1
9 100 1
9 103 1
9 116 1
10 11 1
10 12 1
10 19 1
10 28 1
10 29 1
10 33 1
10 37 1
10 38 1
10 43 1
10 44 1
10 57 1
10 61 1
10 76 1
10 80 1
10 91 1
10 92 1
10 99 1
10 108 1
11 14 1
11 16 1
11 24 1
11 31 1
11 33 1
11 34 1
11 41 1
11 43 1
11 54 1
11 57 1
11 58 1
11 61 1
11 63 1
11 65 1
11 66 1
11 75 1
11 77 1
11 79 1
11 86 1
11 88 1
11 89 1
11 92 1
11 95 1
11 99 1
11 108 1
11 117 1
12 17 1
12 19 1
12 24 1
12 30 1
12 39 1
12 45 1
12 55 1
12 59 1
12 65 1
12 73 1
12 75 1
12 77 1
12 84 1
12 87 1
12 92 1
12 99 1
12 108 1
12 119 1
13 19 1
13 20 1
13 31 1
13 41 1
13 43 1
13 52 1
13 65 1
13 68 1
13 69 1
13 72 1
13 73 1
13 79 1
13 87 1
13 91 1
13 100 1
13 101 1
13 102 1
13 104 1
13 108 1
13 116 1
14 19 1
14 22 1
14 28 1
14 29 1
14 40 1
14 49 1
14 50 1
14 53 1
14 61 1
14 62 1
14 72 1
14 103 1
14 104 1
14 105 1
15 22 1
15 30 1
15 47 1
15 49 1
15 50 1
15 70 1
15 81 1
15 88 1
15 91 1
15 98 1
15 102 1
15 106 1
15 109 1
15 110 1
15 114 1
15 118 1
16 19 1
16 25 1
16 29 1
16 31 1
16 37 1
16 39 1
16 40 1
16 45 1
16 52 1
16 62 1
16 65 1
16 76 1
16 89 1
16 102 1
16 113 1
17 30 1
17 32 1
17 37 1
17 40 1
17 43 1
17 55 1
17 59 1
17 60 1
17 64 1
17 69 1
17 72 1
17 78 1
17 82 1
17 98 1
17 101 1
17 102 1
17 103 1
17 115 1
18 19 1
18 37 1
18 38 1
18 52 1
18 55 1
18 64 1
18 71 1
18 83 1
18 105 1
18 109 1
18 111 1
19 21 1
19 28 1
19 29 1
19 30 1
19 37 1
19 44 1
19 75 1
19 86 1
19 87 1
19 90 1
19 93 1
19 98 1
19 100 1
19 109 1
19 114 1
19 118 1
20 22 1
20 26 1
20 49 1
20 59 1
20 60 1
20 78 1
20 82 1
20 91 1
20 94 1
20 97 1
20 98 1
20 106 1
20 110 1
20 111 1
20 116 1
21 31 1
21 32 1
21 44 1
21 50 1
21 55 1
21 62 1
21 95 1
21 96 1
21 104 1
21 111 1
21 114 1
21 115 1
22 23 1
22 37 1
22 39 1
22 45 1
22 48 1
22 52 1
22 68 1
22 78 1
22 79 1
22 92 1
22 99 1
22 104 1
22 117 1
23 26 1
23 27 1
23 30 1
23 36 1
23 40 1
23 41 1
23 42 1
23 53 1
23 54 1
23 60 1
23 73 1
23 82 1
23 86 1
23 90 1
23 97 1
23 100 1
23 106 1
23 108 1
23 115 1
23 117 1
24 45 1
24 47 1
24 51 1
24 52 1
24 64 1
24 66 1
24 76 1
24 80 1
24 87 1
24 90 1
24 94 1
24 98 1
24 108 1
24 109 1
24 111 1
25 28 1
25 33 1
25 35 1
25 40 1
25 41 1
25 56 1
25 59 1
25 64 1
25 67 1
25 80 1
25 81 1
25 82 1
25 87 1
25 95 1
25 97 1
25 111 1
26 29 1
26 34 1
26 40 1
26 45 1
26 49 1
26 53 1
26 75 1
26 77 1
26 96 1
26 99 1
26 103 1
26 108 1
26 112 1
27 28 1
27 38 1
27 40 1
27 43 1
27 45 1
27 47 1
27 54 1
27 59 1
27 65 1
27 79 1
27 89 1
27 97 1
27 101 1
27 114 1
27 118 1
27 119 1
28 38 1
28 50 1
28 57 1
28 58 1
28 59 1
28 71 1
28 88 1
28 90 1
28 99 1
28 100 1
28 107 1
28 118 1
28 119 1
29 30 1
29 31 1
29 43 1
29 45 1
29 46 1
29 49 1
29 50 1
29 52 1
29 55 1
29 79 1
29 83 1
29 84 1
29 88 1
29 89 1
29 91 1
29 97 1
29 103 1
29 105 1
29 110 1
30 31 1
30 38 1
30 42 1
30 43 1
30 49 1
30 51 1
30 74 1
30 86 1
30 90 1
30 94 1
30 103 1
31 41 1
31 51 1
31 60 1
31 67 1
31 69 1
31 74 1
31 86 1
31 107 1
31 115 1
32 36 1
32 52 1
32 59 1
32 72 1
32 76 1
32 81 1
32 83 1
32 89 1
32 95 1
32 97 1
32 99 1
32 111 1
33 35 1
33 37 1
33 45 1
33 52 1
33 59 1
33 65 1
33 72 1
33 73 1
33 92 1
33 94 1
33 95 1
33 100 1
33 108 1
33 119 1
34 39 1
34 41 1
34 47 1
34 50 1
34 57 1
34 62 1
34 66 1
34 71 1
34 72 1
34 77 1
34 91 1
34 107 1
34 108 1
34 113 1
34 117 1
35 42 1
35 48 1
35 49 1
35 52 1
35 54 1
35 65 1
35 67 1
35 72 1
35 73 1
35 89 1
35 98 1
35 99 1
35 101 1
35 104 1
35 113 1
36 37 1
36 49 1
36 51 1
36 65 1
36 68 1
36 72 1
36 77 1
36 78 1
36 79 1
36 89 1
36 92 1
36 95 1
36 110 1
36 113 1
37 39 1
37 43 1
37 52 1
37 57 1
37 62 1
37 89 1
37 90 1
37 92 1
37 95 1
37 97 1
37 98 1
37 102 1
37 103 1
37 106 1
37 114 1
38 41 1
38 50 1
38 82 1
38 86 1
38 91 1
38 105 1
38 110 1
38 113 1
38 115 1
38 118 1
39 44 1
39 48 1
39 51 1
39 61 1
39 72 1
39 73 1
39 89 1
39 101 1
39 108 1
39 115 1
39 116 1
40 43 1
40 58 1
40 62 1
40 64 1
40 65 1
40 72 1
40 76 1
40 80 1
40 84 1
40 98 1
40 100 1
40 106 1
40 113 1
40 119 1
41 43 1
41 45 1
41 46 1
41 64 1
41 74 1
41 76 1
41 82 1
41 86 1
41 87 1
41 91 1
41 96 1
41 104 1
41 108 1
42 47 1
42 48 1
42 52 1
42 53 1
42 56 1
42 60 1
42 61 1
42 76 1
42 89 1
42 92 1
42 96 1
42 106 1
42 111 1
42 114 1
42 117 1
42 118 1
43 44 1
43 46 1
43 47 1
43 50 1
43 52 1
43 62 1
43 66 1
43 81 1
43 93 1
43 96 1
43 116 1
44 48 1
44 55 1
44 59 1
44 64 1
44 76 1
44 78 1
44 80 1
44 89 1
44 90 1
44 99 1
44 102 1
44 108 1
45 49 1
45 66 1
45 69 1
45 83 1
45 96 1
45 97 1
45 103 1
45 104 1
45 106 1
45 108 1
45 116 1
46 58 1
46 64 1
46 66 1
46 70 1
46 77 1
46 86 1
46 87 1
46 92 1
46 94 1
46 95 1
46 98 1
46 101 1
46 110 1
46 112 1
46 114 1
46 119 1
47 51 1
47 57 1
47 72 1
47 74 1
47 84 1
47 98 1
47 116 1
47 119 1
48 51 1
48 76 1
48 83 1
48 86 1
48 92 1
48 100 1
49 52 1
49 67 1
49 71 1
49 77 1
49 86 1
49 101 1
49 103 1
49 109 1
50 54 1
50 56 1
50 66 1
50 69 1
50 87 1
50 89 1
50 92 1
50 101 1
50 106 1
50 114 1
50 117 1
51 64 1
51 68 1
51 72 1
51 73 1
51 74 1
51 87 1
51 89 1
51 91 1
51 92 1
51 99 1
51 101 1
51 106 1
51 109 1
52 69 1
52 70 1
52 71 1
52 72 1
52 81 1
52 82 1
52 86 1
52 91 1
52 94 1
52 98 1
52 102 1
52 106 1
52 107 1
52 109 1
52 111 1
52 117 1
52 118 1
53 54 1
53 60 1
53 63 1
53 73 1
53 79 1
53 83 1
53 87 1
53 89 1
53 90 1
53 94 1
53 96 1
54 58 1
54 64 1
54 75 1
54 77 1
54 84 1
54 90 1
54 96 1
54 104 1
54 107 1
54 113 1
54 114 1
54 116 1
55 67 1
55 68 1
55 74 1
55 79 1
55 93 1
55 94 1
55 98 1
55 104 1
55 106 1
55 107 1
55 108 1
56 64 1
56 67 1
56 68 1
56 81 1
56 82 1
56 109 1
56 113 1
56 116 1
57 63 1
57 68 1
57 86 1
57 100 1
57 112 1
58 59 1
58 60 1
58 65 1
58 73 1
58 75 1
58 76 1
58 78 1
58 79 1
58 118 1
59 64 1
59 67 1
59 71 1
59 74 1
59 80 1
59 81 1
59 101 1
59 103 1
59 114 1
59 116 1
60 69 1
60 70 1
60 74 1
60 79 1
60 88 1
60 97 1
60 104 1
60 107 1
60 110 1
60 113 1
60 118 1
61 71 1
61 72 1
61 78 1
61 90 1
61 101 1
62 68 1
62 69 1
62 71 1
62 76 1
62 78 1
62 79 1
62 90 1
62 91 1
62 95 1
62 99 1
62 101 1
62 104 1
62 107 1
62 108 1
62 111 1
62 119 1
63 70 1
63 77 1
63 80 1
63 100 1
63 104 1
63 112 1
63 116 1
64 66 1
64 67 1
64 72 1
64 80 1
64 81 1
64 86 1
64 95 1
64 98 1
64 111 1
64 114 1
64 115 1
64 117 1
64 119 1
65 68 1
65 73 1
65 82 1
65 89 1
65 101 1
65 106 1
65 115 1
66 67 1
66 75 1
66 76 1
66 83 1
66 98 1
66 105 1
66 107 1
66 109 1
66 110 1
66 115 1
66 118 1
67 69 1
67 70 1
67 78 1
67 82 1
67 97 1
67 100 1
67 108 1
67 109 1
68 74 1
68 75 1
68 84 1
68 89 1
68 95 1
68 98 1
68 105 1
68 119 1
69 75 1
69 77 1
69 82 1
69 87 1
69 101 1
69 102 1
69 106 1
69 116 1
70 71 1
70 77 1
70 92 1
70 94 1
70 102 1
70 104 1
70 112 1
70 118 1
70 119 1
71 72 1
71 88 1
71 89 1
71 92 1
71 94 1
71 96 1
71 98 1
71 106 1
71 107 1
71 110 1
71 113 1
72 75 1
72 85 1
72 92 1
72 95 1
72 110 1
72 114 1
72 115 1
72 117 1
72 119 1
73 76 1
73 90 1
73 92 1
73 93 1
73 98 1
73 108 1
73 109 1
73 111 1
73 115 1
73 119 1
74 77 1
74 83 1
74 90 1
74 94 1
74 100 1
74 101 1
74 102 1
74 105 1
74 107 1
74 112 1
74 119 1
75 77 1
75 81 1
75 83 1
75 103 1
75 107 1
75 116 1
76 78 1
76 80 1
76 90 1
76 94 1
76 99 1
76 114 1
77 79 1
77 85 1
77 88 1
77 105 1
77 107 1
77 112 1
77 117 1
78 85 1
78 95 1
78 97 1
78 112 1
78 116 1
79 93 1
79 104 1
79 108 1
79 113 1
79 117 1
80 86 1
80 96 1
80 117 1
81 85 1
81 95 1
81 99 1
81 100 1
81 101 1
81 111 1
81 115 1
82 90 1
82 94 1
82 97 1
82 114 1
83 85 1
83 88 1
83 93 1
83 95 1
83 105 1
83 109 1
83 119 1
84 89 1
84 97 1
84 103 1
84 109 1
84 112 1
85 96 1
85 99 1
85 100 1
85 104 1
85 106 1
85 108 1
86 101 1
86 103 1
86 105 1
86 111 1
86 117 1
86 118 1
87 98 1
87 109 1
87 110 1
87 113 1
87 115 1
88 99 1
88 102 1
88 103 1
88 115 1
88 116 1
89 93 1
89 99 1
89 105 1
89 108 1
89 113 1
90 95 1
90 108 1
90 113 1
90 116 1
91 101 1
91 108 1
91 116 1
91 119 1
92 94 1
92 100 1
92 103 1
92 110 1
92 115 1
92 118 1
93 94 1
93 99 1
93 101 1
93 102 1
93 107 1
94 108 1
94 111 1
94 118 1
95 105 1
95 106 1
95 111 1
96 103 1
96 111 1
97 101 1
97 106 1
97 111 1
97 112 1
98 106 1
98 119 1
99 100 1
99 104 1
99 106 1
99 109 1
99 115 1
100 104 1
100 105 1
100 107 1
100 111 1
101 105 1
101 115 1
101 116 1
103 104 1
103 105 1
103 106 1
103 113 1
103 114 1
103 117 1
104 108 1
104 112 1
104 113 1
105 110 1
105 116 1
106 113 1
107 109 1
107 114 1
107 116 1
108 114 1
108 115 1
109 110 1
109 115 1
110 117 1
111 119 1
112 113 1
113 115 1
113 119 1
1
42 107 94 54 4 80 46 101 100 69 83 77
