390
0 6 1
0 13 1
0 15 1
0 16 1
0 27 1
0 29 1
0 33 1
0 38 1
0 44 1
1 2 1
1 3 1
1 6 1
1 11 1
1 13 1
1 16 1
1 18 1
1 22 1
1 26 1
1 29 1
1 32 1
1 34 1
1 37 1
1 40 1
1 46 1
1 49 1
2 3 1
2 13 1
2 17 1
2 19 1
2 20 1
2 26 1
2 27 1
2 34 1
2 38 1
2 39 1
2 40 1
2 41 1
2 45 1
2 46 1
2 49 1
3 4 1
3 11 1
3 14 1
3 20 1
3 22 1
3 24 1
3 27 1
3 33 1
3 35 1
3 37 1
3 47 1
3 48 1
4 5 1
4 6 1
4 7 1
4 8 1
4 11 1
4 13 1
4 14 1
4 23 1
4 25 1
4 27 1
4 28 1
4 32 1
4 34 1
4 42 1
4 45 1
5 11 1
5 18 1
5 22 1
5 23 1
5 25 1
5 28 1
5 38 1
5 41 1
5 42 1
5 44 1
5 45 1
5 46 1
5 47 1
5 48 1
6 7 1
6 8 1
6 17 1
6 18 1
6 21 1
6 22 1
6 23 1
6 25 1
6 27 1
6 31 1
6 33 1
6 36 1
6 40 1
6 41 1
7 8 1
7 9 1
7 13 1
7 15 1
7 18 1
7 23 1
7 29 1
7 31 1
7 32 1
7 33 1
7 36 1
7 38 1
7 41 1
7 46 1
7 48 1
7 49 1
8 13 1
8 18 1
8 22 1
8 23 1
8 27 1
8 28 1
8 29 1
8 32 1
8 35 1
8 38 1
8 40 1
8 42 1
8 45 1
8 46 1
9 13 1
9 14 1
9 20 1
9 21 1
9 25 1
9 28 1
9 33 1
9 36 1
9 37 1
9 44 1
9 47 1
9 49 1
10 11 1
10 13 1
10 19 1
10 21 1
10 23 1
10 25 1
10 26 1
10 31 1
10 32 1
10 33 1
10 48 1
11 13 1
11 15 1
11 17 1
11 20 1
11 24 1
11 27 1
11 35 1
11 45 1
11 47 1
11 49 1
12 14 1
12 16 1
12 20 1
12 21 1
12 27 1
12 31 1
12 32 1
12 36 1
12 39 1
12 40 1
12 43 1
12 45 1
13 15 1
13 16 1
13 19 1
13 31 1
13 32 1
13 33 1
13 38 1
13 40 1
13 41 1
13 42 1
13 45 1
14 16 1
14 17 1
14 18 1
14 20 1
14 25 1
14 26 1
14 29 1
14 32 1
14 33 1
14 34 1
14 35 1
14 36 1
14 39 1
14 40 1
14 41 1
14 46 1
14 47 1
14 49 1
15 19 1
15 20 1
15 23 1
15 25 1
15 26 1
15 28 1
15 29 1
15 33 1
15 37 1
15 39 1
15 40 1
15 41 1
15 42 1
15 46 1
15 47 1
15 49 1
16 18 1
16 19 1
16 24 1
16 26 1
16 29 1
16 35 1
16 37 1
16 41 1
16 47 1
16 49 1
17 18 1
17 24 1
17 34 1
17 35 1
17 36 1
17 37 1
17 41 1
17 46 1
17 49 1
18 22 1
18 24 1
18 28 1
18 29 1
18 31 1
18 37 1
18 38 1
18 40 1
18 48 1
19 21 1
19 23 1
19 25 1
19 27 1
19 28 1
19 35 1
19 38 1
19 40 1
19 42 1
19 43 1
19 46 1
20 22 1
20 23 1
20 25 1
20 26 1
20 27 1
20 31 1
20 33 1
20 35 1
20 37 1
20 42 1
20 43 1
20 44 1
20 45 1
21 23 1
21 24 1
21 30 1
21 34 1
21 35 1
21 40 1
21 42 1
21 44 1
21 45 1
21 46 1
21 47 1
22 25 1
22 34 1
22 35 1
22 36 1
22 38 1
22 40 1
22 42 1
23 37 1
23 38 1
23 43 1
23 49 1
24 37 1
24 39 1
24 40 1
24 41 1
24 42 1
24 44 1
24 47 1
25 28 1
25 35 1
25 41 1
25 43 1
25 44 1
25 45 1
25 48 1
26 33 1
26 35 1
26 36 1
26 39 1
26 41 1
26 44 1
26 45 1
27 28 1
27 31 1
27 32 1
27 33 1
27 34 1
27 39 1
27 47 1
27 49 1
28 29 1
28 30 1
28 33 1
28 44 1
29 30 1
29 43 1
29 47 1
30 32 1
30 33 1
30 35 1
30 38 1
30 40 1
30 44 1
31 37 1
31 38 1
31 40 1
31 42 1
31 43 1
31 44 1
31 49 1
32 33 1
32 35 1
32 36 1
32 38 1
32 42 1
32 43 1
32 44 1
32 45 1
32 46 1
33 35 1
33 38 1
33 40 1
33 41 1
33 42 1
33 44 1
33 47 1
33 48 1
33 49 1
34 35 1
34 37 1
34 41 1
34 42 1
35 38 1
35 44 1
36 42 1
36 46 1
36 47 1
37 40 1
37 44 1
38 39 1
38 44 1
38 46 1
39 44 1
39 47 1
39 48 1
39 49 1
40 42 1
40 44 1
40 47 1
40 48 1
41 43 1
41 48 1
42 46 1
42 47 1
42 48 1
43 44 1
44 45 1
44 47 1
44 48 1
45 48 1
46 48 1
48 49 1
1
0 12 6 41 35
