1186
0 11 1
0 15 1
0 16 1
0 25 1
0 26 1
0 29 1
0 44 1
0 50 1
0 56 1
0 64 1
0 75 1
0 83 1
0 85 1
0 89 1
0 90 1
0 96 1
0 103 1
0 104 1
0 112 1
0 114 1
0 117 1
0 122 1
0 124 1
0 127 1
1 11 1
1 14 1
1 19 1
1 20 1
1 23 1
1 26 1
1 29 1
1 36 1
1 46 1
1 47 1
1 49 1
1 59 1
1 64 1
1 69 1
1 70 1
1 82 1
1 88 1
1 89 1
1 91 1
1 93 1
1 94 1
1 95 1
1 112 1
1 123 1
1 126 1
2 4 1
2 5 1
2 14 1
2 16 1
2 17 1
2 20 1
2 27 1
2 34 1
2 38 1
2 55 1
2 57 1
2 64 1
2 76 1
2 104 1
2 122 1
2 124 1
3 12 1
3 13 1
3 31 1
3 32 1
3 38 1
3 50 1
3 55 1
3 58 1
3 68 1
3 73 1
3 84 1
3 85 1
3 90 1
3 100 1
3 119 1
3 125 1
4 17 1
4 19 1
4 20 1
4 21 1
4 24 1
4 32 1
4 65 1
4 66 1
4 68 1
4 79 1
4 82 1
4 92 1
4 96 1
4 99 1
4 101 1
4 104 1
4 111 1
4 125 1
4 129 1
5 10 1
5 22 1
5 35 1
5 48 1
5 73 1
5 74 1
5 77 1
5 85 1
5 101 1
5 103 1
5 104 1
5 108 1
5 114 1
5 127 1
6 15 1
6 34 1
6 38 1
6 39 1
6 42 1
6 46 1
6 56 1
6 57 1
6 69 1
6 73 1
6 78 1
6 84 1
6 90 1
6 96 1
6 97 1
6 103 1
6 104 1
7 17 1
7 26 1
7 35 1
7 42 1
7 52 1
7 57 1
7 73 1
7 84 1
7 95 1
7 100 1
7 102 1
7 103 1
7 117 1
7 121 1
7 123 1
7 128 1
7 129 1
8 9 1
8 11 1
8 12 1
8 28 1
8 29 1
8 31 1
8 35 1
8 44 1
8 48 1
8 52 1
8 55 1
8 58 1
8 68 1
8 83 1
8 86 1
8 89 1
8 90 1
8 94 1
8 108 1
8 119 1
8 122 1
9 13 1
9 26 1
9 33 1
9 34 1
9 38 1
9 44 1
9 49 1
9 53 1
9 54 1
9 59 1
9 66 1
9 69 1
9 89 1
9 113 1
9 119 1
10 13 1
10 15 1
10 16 1
10 25 1
10 26 1
10 37 1
10 42 1
10 44 1
10 45 1
10 59 1
10 62 1
10 63 1
10 68 1
10 72 1
10 76 1
10 86 1
10 107 1
10 109 1
10 118 1
10 120 1
10 126 1
11 15 1
11 18 1
11 21 1
11 22 1
11 23 1
11 24 1
11 33 1
11 35 1
11 44 1
11 48 1
11 50 1
11 54 1
11 66 1
11 67 1
11 70 1
11 74 1
11 76 1
11 77 1
11 81 1
11 93 1
11 99 1
11 103 1
11 111 1
11 112 1
11 119 1
11 120 1
11 122 1
11 126 1
12 16 1
12 27 1
12 37 1
12 45 1
12 51 1
12 59 1
12 60 1
12 62 1
12 73 1
12 77 1
12 88 1
12 92 1
12 104 1
12 105 1
12 106 1
12 107 1
12 112 1
13 49 1
13 66 1
13 80 1
13 104 1
13 120 1
13 121 1
13 126 1
14 15 1
14 17 1
14 18 1
14 20 1
14 24 1
14 46 1
14 50 1
14 51 1
14 52 1
14 55 1
14 60 1
14 62 1
14 66 1
14 67 1
14 69 1
14 72 1
14 88 1
14 93 1
14 98 1
14 100 1
14 111 1
14 123 1
14 124 1
15 18 1
15 24 1
15 47 1
15 50 1
15 52 1
15 54 1
15 55 1
15 56 1
15 73 1
15 81 1
15 89 1
15 91 1
15 100 1
15 118 1
16 31 1
16 37 1
16 38 1
16 57 1
16 58 1
16 67 1
16 71 1
16 76 1
16 78 1
16 81 1
16 88 1
16 112 1
16 113 1
16 115 1
16 118 1
17 33 1
17 40 1
17 47 1
17 61 1
17 65 1
17 70 1
17 86 1
17 90 1
17 91 1
17 93 1
17 98 1
17 104 1
17 111 1
17 113 1
17 118 1
17 123 1
17 129 1
18 25 1
18 26 1
18 30 1
18 31 1
18 34 1
18 53 1
18 69 1
18 76 1
18 77 1
18 90 1
18 95 1
18 116 1
18 119 1
18 120 1
18 121 1
18 122 1
19 23 1
19 38 1
19 46 1
19 49 1
19 65 1
19 81 1
19 89 1
19 91 1
19 100 1
19 105 1
19 121 1
19 122 1
19 124 1
19 127 1
20 21 1
20 30 1
20 31 1
20 38 1
20 56 1
20 77 1
20 92 1
20 94 1
20 100 1
20 101 1
20 104 1
20 105 1
20 111 1
20 114 1
20 117 1
20 124 1
20 127 1
20 128 1
21 31 1
21 49 1
21 53 1
21 56 1
21 75 1
21 82 1
21 87 1
21 97 1
21 102 1
21 114 1
21 115 1
21 124 1
21 126 1
22 24 1
22 27 1
22 40 1
22 44 1
22 45 1
22 53 1
22 63 1
22 67 1
22 69 1
22 84 1
22 92 1
22 96 1
22 105 1
22 106 1
22 112 1
22 116 1
22 117 1
22 123 1
22 127 1
23 35 1
23 43 1
23 44 1
23 54 1
23 56 1
23 61 1
23 64 1
23 77 1
23 81 1
24 32 1
24 41 1
24 44 1
24 49 1
24 54 1
24 57 1
24 60 1
24 61 1
24 63 1
24 65 1
24 72 1
24 74 1
24 77 1
24 80 1
24 87 1
24 104 1
24 106 1
24 115 1
24 120 1
24 124 1
24 127 1
25 27 1
25 51 1
25 54 1
25 62 1
25 85 1
25 88 1
25 91 1
25 94 1
25 96 1
25 103 1
25 108 1
25 122 1
25 127 1
26 45 1
26 46 1
26 47 1
26 48 1
26 56 1
26 59 1
26 62 1
26 77 1
26 78 1
26 82 1
26 85 1
26 88 1
26 90 1
26 96 1
26 101 1
26 110 1
26 112 1
26 113 1
26 127 1
27 29 1
27 40 1
27 41 1
27 50 1
27 53 1
27 54 1
27 56 1
27 63 1
27 68 1
27 71 1
27 76 1
27 87 1
27 96 1
27 97 1
27 115 1
27 124 1
28 39 1
28 42 1
28 52 1
28 56 1
28 71 1
28 77 1
28 78 1
28 83 1
28 88 1
28 96 1
28 110 1
28 117 1
28 128 1
29 43 1
29 44 1
29 56 1
29 63 1
29 70 1
29 76 1
29 105 1
29 106 1
29 110 1
29 119 1
30 47 1
30 50 1
30 57 1
30 74 1
30 78 1
30 83 1
30 87 1
30 100 1
30 106 1
30 107 1
30 110 1
30 114 1
30 115 1
30 116 1
30 124 1
31 36 1
31 42 1
31 52 1
31 64 1
31 67 1
31 92 1
31 98 1
31 111 1
31 113 1
31 127 1
32 38 1
32 47 1
32 52 1
32 56 1
32 66 1
32 71 1
32 75 1
32 76 1
32 79 1
32 82 1
32 83 1
32 90 1
32 91 1
32 94 1
32 99 1
32 110 1
32 114 1
32 119 1
32 120 1
32 125 1
33 39 1
33 43 1
33 48 1
33 58 1
33 64 1
33 78 1
33 104 1
33 108 1
33 124 1
33 128 1
33 129 1
34 40 1
34 65 1
34 69 1
34 74 1
34 85 1
34 90 1
34 91 1
34 93 1
34 98 1
34 100 1
35 39 1
35 42 1
35 46 1
35 57 1
35 58 1
35 76 1
35 81 1
35 85 1
35 92 1
35 107 1
35 113 1
35 115 1
35 118 1
35 121 1
35 125 1
36 53 1
36 56 1
36 57 1
36 59 1
36 85 1
36 87 1
36 89 1
36 95 1
36 117 1
36 120 1
36 123 1
36 129 1
37 43 1
37 52 1
37 53 1
37 54 1
37 55 1
37 67 1
37 80 1
37 86 1
37 102 1
37 120 1
37 122 1
37 125 1
38 55 1
38 57 1
38 65 1
38 68 1
38 82 1
38 93 1
38 95 1
38 100 1
38 108 1
38 116 1
39 46 1
39 88 1
39 98 1
39 100 1
39 108 1
39 109 1
39 118 1
40 42 1
40 44 1
40 45 1
40 47 1
40 53 1
40 54 1
40 64 1
40 65 1
40 66 1
40 81 1
40 87 1
40 88 1
40 91 1
40 118 1
40 120 1
40 122 1
40 126 1
41 44 1
41 48 1
41 49 1
41 58 1
41 59 1
41 76 1
41 81 1
41 85 1
41 86 1
41 89 1
41 108 1
41 119 1
42 52 1
42 55 1
42 57 1
42 59 1
42 74 1
42 78 1
42 80 1
42 81 1
42 97 1
42 111 1
42 119 1
42 124 1
43 44 1
43 45 1
43 60 1
43 71 1
43 93 1
43 94 1
43 102 1
43 109 1
43 118 1
44 45 1
44 75 1
44 95 1
44 107 1
44 124 1
44 126 1
45 49 1
45 51 1
45 66 1
45 72 1
45 76 1
45 77 1
45 111 1
45 127 1
45 129 1
46 47 1
46 62 1
46 67 1
46 69 1
46 78 1
46 84 1
46 112 1
46 122 1
46 127 1
47 54 1
47 55 1
47 58 1
47 64 1
47 72 1
47 76 1
47 77 1
47 81 1
47 89 1
47 97 1
47 98 1
47 100 1
47 108 1
47 113 1
47 116 1
47 123 1
47 129 1
48 50 1
48 56 1
48 58 1
48 66 1
48 69 1
48 83 1
48 98 1
48 104 1
48 106 1
48 121 1
48 122 1
49 61 1
49 65 1
49 66 1
49 76 1
49 107 1
49 120 1
49 121 1
49 122 1
49 124 1
50 59 1
50 66 1
50 70 1
50 72 1
50 74 1
50 92 1
50 97 1
50 101 1
50 108 1
50 126 1
50 128 1
51 60 1
51 76 1
51 81 1
51 90 1
51 91 1
51 108 1
51 110 1
51 122 1
51 125 1
51 128 1
52 54 1
52 58 1
52 60 1
52 64 1
52 66 1
52 77 1
52 78 1
52 80 1
52 85 1
52 99 1
52 105 1
52 108 1
52 111 1
52 119 1
52 122 1
52 125 1
52 129 1
53 57 1
53 59 1
53 68 1
53 71 1
53 74 1
53 79 1
53 84 1
53 87 1
53 99 1
54 55 1
54 59 1
54 71 1
54 79 1
54 83 1
54 85 1
54 104 1
54 107 1
54 108 1
54 112 1
54 118 1
54 128 1
55 58 1
55 75 1
55 79 1
55 88 1
55 91 1
55 94 1
55 101 1
55 102 1
55 112 1
55 116 1
55 118 1
55 124 1
55 127 1
55 129 1
56 60 1
56 70 1
56 72 1
56 77 1
56 105 1
56 106 1
56 108 1
56 121 1
57 60 1
57 82 1
57 87 1
57 102 1
57 103 1
57 104 1
57 105 1
57 110 1
57 116 1
57 121 1
57 124 1
58 68 1
58 71 1
58 76 1
58 79 1
58 80 1
58 83 1
58 85 1
58 87 1
58 92 1
58 114 1
58 120 1
58 126 1
58 127 1
58 129 1
59 70 1
59 72 1
59 73 1
59 79 1
59 93 1
59 94 1
59 117 1
59 126 1
60 71 1
60 84 1
60 106 1
60 123 1
60 128 1
60 129 1
61 80 1
61 85 1
61 102 1
61 114 1
61 117 1
61 122 1
61 128 1
62 73 1
62 78 1
62 79 1
62 86 1
62 87 1
62 96 1
62 98 1
62 100 1
62 113 1
62 124 1
62 129 1
63 67 1
63 83 1
63 93 1
63 126 1
64 68 1
64 74 1
64 90 1
64 100 1
64 104 1
64 107 1
64 114 1
64 124 1
64 127 1
65 70 1
65 71 1
65 82 1
65 86 1
65 93 1
65 102 1
65 110 1
65 115 1
65 124 1
66 70 1
66 71 1
66 72 1
66 80 1
66 87 1
66 94 1
66 107 1
66 111 1
66 114 1
66 120 1
66 122 1
66 125 1
67 71 1
67 78 1
67 83 1
67 85 1
67 86 1
67 95 1
67 114 1
67 122 1
67 124 1
67 127 1
68 73 1
68 89 1
68 95 1
68 108 1
68 113 1
68 116 1
68 117 1
68 121 1
68 123 1
69 73 1
69 75 1
69 81 1
69 88 1
69 91 1
69 102 1
69 116 1
69 117 1
69 124 1
69 128 1
70 71 1
70 93 1
70 96 1
70 103 1
70 108 1
70 114 1
70 123 1
70 125 1
71 79 1
71 85 1
71 94 1
71 99 1
71 105 1
71 112 1
72 77 1
72 81 1
72 85 1
72 86 1
72 95 1
72 111 1
72 117 1
72 124 1
72 127 1
73 74 1
73 76 1
73 77 1
73 81 1
73 91 1
73 106 1
73 110 1
73 121 1
73 122 1
73 125 1
74 77 1
74 79 1
74 80 1
74 86 1
74 121 1
74 124 1
74 128 1
74 129 1
75 79 1
75 83 1
75 96 1
75 107 1
75 108 1
75 121 1
75 125 1
75 126 1
76 86 1
76 89 1
76 91 1
76 92 1
76 93 1
76 98 1
76 103 1
76 111 1
76 128 1
77 78 1
77 81 1
77 86 1
77 95 1
77 110 1
77 116 1
77 121 1
77 123 1
77 128 1
77 129 1
78 91 1
78 92 1
78 98 1
78 100 1
78 104 1
78 107 1
78 109 1
78 116 1
78 117 1
78 118 1
78 125 1
79 88 1
79 90 1
79 97 1
79 99 1
79 103 1
79 107 1
79 112 1
79 116 1
79 126 1
80 84 1
80 88 1
80 92 1
80 95 1
80 103 1
80 107 1
80 109 1
80 115 1
80 118 1
80 120 1
81 90 1
81 91 1
81 94 1
81 99 1
81 110 1
81 113 1
81 123 1
81 128 1
82 86 1
82 90 1
82 92 1
82 98 1
82 101 1
82 110 1
82 113 1
82 115 1
82 122 1
82 123 1
82 127 1
83 92 1
83 106 1
84 95 1
84 98 1
84 99 1
84 105 1
85 87 1
85 89 1
85 101 1
85 104 1
85 105 1
85 114 1
85 127 1
86 99 1
86 102 1
86 104 1
86 119 1
87 90 1
87 97 1
87 98 1
87 101 1
87 113 1
87 123 1
87 127 1
88 91 1
88 99 1
88 100 1
88 101 1
89 91 1
89 106 1
89 107 1
89 109 1
89 111 1
89 112 1
89 120 1
89 127 1
90 92 1
90 110 1
90 114 1
90 119 1
90 126 1
90 128 1
91 93 1
91 96 1
91 97 1
91 98 1
91 102 1
91 107 1
91 119 1
92 95 1
92 99 1
92 103 1
92 104 1
92 110 1
92 119 1
92 120 1
93 103 1
93 115 1
93 123 1
93 128 1
94 97 1
95 120 1
95 127 1
96 101 1
96 107 1
96 111 1
96 115 1
96 128 1
97 108 1
97 117 1
97 119 1
97 123 1
97 127 1
98 101 1
98 109 1
98 117 1
98 129 1
99 102 1
99 103 1
99 104 1
99 127 1
100 115 1
100 121 1
100 123 1
101 124 1
101 125 1
101 127 1
101 129 1
102 125 1
103 115 1
103 117 1
104 117 1
104 121 1
104 123 1
105 109 1
105 115 1
105 120 1
105 121 1
105 123 1
106 107 1
106 110 1
106 112 1
106 126 1
107 115 1
107 116 1
107 117 1
107 120 1
107 121 1
107 127 1
108 111 1
108 115 1
109 115 1
109 124 1
109 128 1
111 117 1
111 125 1
112 127 1
113 122 1
114 119 1
114 120 1
115 119 1
115 124 1
116 118 1
116 123 1
117 122 1
119 120 1
120 125 1
122 123 1
1
40 69 50 79 81 8 64 41 122 97 53 28 126
