1452
0 25 1
0 31 1
0 32 1
0 33 1
0 35 1
0 36 1
0 39 1
0 49 1
0 50 1
0 57 1
0 59 1
0 65 1
0 71 1
0 76 1
0 77 1
0 79 1
0 83 1
0 92 1
0 105 1
0 119 1
0 127 1
0 129 1
0 133 1
0 137 1
0 139 1
1 6 1
1 24 1
1 35 1
1 36 1
1 37 1
1 39 1
1 41 1
1 52 1
1 56 1
1 62 1
1 77 1
1 78 1
1 79 1
1 94 1
1 96 1
1 100 1
1 103 1
1 104 1
1 108 1
1 110 1
1 115 1
1 123 1
1 130 1
1 147 1
2 4 1
2 15 1
2 19 1
2 25 1
2 45 1
2 50 1
2 55 1
2 56 1
2 60 1
2 66 1
2 77 1
2 86 1
2 92 1
2 99 1
2 101 1
2 104 1
2 106 1
2 107 1
2 118 1
2 132 1
2 146 1
3 10 1
3 13 1
3 14 1
3 21 1
3 23 1
3 28 1
3 35 1
3 41 1
3 55 1
3 65 1
3 74 1
3 76 1
3 79 1
3 89 1
3 93 1
3 99 1
3 101 1
3 119 1
3 123 1
3 125 1
3 136 1
3 141 1
3 148 1
3 149 1
4 8 1
4 10 1
4 13 1
4 18 1
4 25 1
4 35 1
4 59 1
4 62 1
4 63 1
4 72 1
4 75 1
4 77 1
4 79 1
4 84 1
4 97 1
4 113 1
4 117 1
4 119 1
4 120 1
4 126 1
4 132 1
4 137 1
4 139 1
5 10 1
5 21 1
5 39 1
5 44 1
5 47 1
5 57 1
5 64 1
5 71 1
5 79 1
5 96 1
5 97 1
5 126 1
5 129 1
5 131 1
5 133 1
5 145 1
6 7 1
6 19 1
6 21 1
6 39 1
6 44 1
6 56 1
6 58 1
6 61 1
6 83 1
6 88 1
6 93 1
6 102 1
6 111 1
6 115 1
6 125 1
6 141 1
6 149 1
7 19 1
7 25 1
7 30 1
7 31 1
7 34 1
7 39 1
7 45 1
7 50 1
7 56 1
7 71 1
7 83 1
7 85 1
7 87 1
7 92 1
7 95 1
7 97 1
7 104 1
7 111 1
7 114 1
7 116 1
7 121 1
7 131 1
7 134 1
8 13 1
8 15 1
8 19 1
8 26 1
8 31 1
8 35 1
8 38 1
8 40 1
8 58 1
8 63 1
8 65 1
8 71 1
8 72 1
8 73 1
8 106 1
8 112 1
8 129 1
8 130 1
8 135 1
8 148 1
9 14 1
9 21 1
9 23 1
9 40 1
9 67 1
9 72 1
9 79 1
9 88 1
9 94 1
9 97 1
9 105 1
9 111 1
9 112 1
9 116 1
9 131 1
9 138 1
9 149 1
10 22 1
10 25 1
10 32 1
10 41 1
10 52 1
10 60 1
10 62 1
10 74 1
10 93 1
10 104 1
10 106 1
10 112 1
10 113 1
10 114 1
10 123 1
10 132 1
10 138 1
10 141 1
11 23 1
11 25 1
11 43 1
11 55 1
11 66 1
11 69 1
11 71 1
11 104 1
11 109 1
11 111 1
11 116 1
11 117 1
11 122 1
11 133 1
11 134 1
11 138 1
12 15 1
12 17 1
12 18 1
12 19 1
12 21 1
12 28 1
12 31 1
12 34 1
12 47 1
12 54 1
12 74 1
12 76 1
12 86 1
12 88 1
12 97 1
12 98 1
12 105 1
12 112 1
12 114 1
12 116 1
12 125 1
12 126 1
12 129 1
12 133 1
12 139 1
13 27 1
13 28 1
13 44 1
13 45 1
13 61 1
13 67 1
13 70 1
13 73 1
13 85 1
13 89 1
13 93 1
13 102 1
13 105 1
13 129 1
13 131 1
13 136 1
13 139 1
14 21 1
14 36 1
14 38 1
14 42 1
14 72 1
14 76 1
14 79 1
14 101 1
14 104 1
14 119 1
14 126 1
14 130 1
14 143 1
15 23 1
15 30 1
15 34 1
15 39 1
15 47 1
15 56 1
15 66 1
15 70 1
15 85 1
15 94 1
15 96 1
15 99 1
15 106 1
15 116 1
15 117 1
15 119 1
15 128 1
15 131 1
15 135 1
16 23 1
16 31 1
16 38 1
16 40 1
16 49 1
16 56 1
16 66 1
16 70 1
16 80 1
16 88 1
16 102 1
16 108 1
16 110 1
16 120 1
16 125 1
16 129 1
16 136 1
16 149 1
17 20 1
17 25 1
17 35 1
17 36 1
17 37 1
17 41 1
17 42 1
17 55 1
17 69 1
17 71 1
17 74 1
17 83 1
17 100 1
17 106 1
17 110 1
17 113 1
17 120 1
17 136 1
17 137 1
17 145 1
18 19 1
18 22 1
18 33 1
18 34 1
18 72 1
18 75 1
18 93 1
18 105 1
18 106 1
18 116 1
18 120 1
18 129 1
19 24 1
19 28 1
19 34 1
19 42 1
19 44 1
19 53 1
19 77 1
19 79 1
19 81 1
19 93 1
19 95 1
19 100 1
19 104 1
19 112 1
19 119 1
19 121 1
19 131 1
19 133 1
19 146 1
20 21 1
20 30 1
20 39 1
20 44 1
20 51 1
20 55 1
20 58 1
20 64 1
20 85 1
20 108 1
20 117 1
20 133 1
20 137 1
20 148 1
21 22 1
21 24 1
21 34 1
21 46 1
21 69 1
21 70 1
21 75 1
21 90 1
21 101 1
21 104 1
21 105 1
21 109 1
21 111 1
21 119 1
21 126 1
21 141 1
21 145 1
22 29 1
22 32 1
22 37 1
22 43 1
22 47 1
22 50 1
22 51 1
22 64 1
22 68 1
22 70 1
22 79 1
22 81 1
22 83 1
22 84 1
22 100 1
22 104 1
22 106 1
22 108 1
22 124 1
22 128 1
22 146 1
22 148 1
23 24 1
23 26 1
23 33 1
23 42 1
23 57 1
23 73 1
23 79 1
23 80 1
23 87 1
23 111 1
23 132 1
23 147 1
24 36 1
24 58 1
24 72 1
24 77 1
24 91 1
24 97 1
24 106 1
24 107 1
24 114 1
24 116 1
24 119 1
24 127 1
24 133 1
24 135 1
24 138 1
24 140 1
24 148 1
25 33 1
25 68 1
25 77 1
25 78 1
25 79 1
25 86 1
25 88 1
25 90 1
25 96 1
25 109 1
25 125 1
25 142 1
26 28 1
26 29 1
26 32 1
26 35 1
26 61 1
26 68 1
26 71 1
26 79 1
26 81 1
26 106 1
26 110 1
26 115 1
26 118 1
26 139 1
26 140 1
26 142 1
26 144 1
26 146 1
27 28 1
27 41 1
27 43 1
27 49 1
27 53 1
27 55 1
27 58 1
27 62 1
27 74 1
27 82 1
27 89 1
27 90 1
27 91 1
27 92 1
27 112 1
27 115 1
27 128 1
27 138 1
27 142 1
28 30 1
28 39 1
28 51 1
28 52 1
28 57 1
28 60 1
28 66 1
28 75 1
28 78 1
28 98 1
28 109 1
28 126 1
28 130 1
28 132 1
28 135 1
29 41 1
29 60 1
29 63 1
29 64 1
29 65 1
29 75 1
29 86 1
29 89 1
29 105 1
29 106 1
29 131 1
29 132 1
29 137 1
29 143 1
30 36 1
30 44 1
30 45 1
30 46 1
30 50 1
30 58 1
30 62 1
30 80 1
30 93 1
30 95 1
30 99 1
30 102 1
30 125 1
30 134 1
30 135 1
31 34 1
31 35 1
31 38 1
31 39 1
31 41 1
31 49 1
31 50 1
31 51 1
31 54 1
31 57 1
31 58 1
31 62 1
31 68 1
31 72 1
31 78 1
31 80 1
31 81 1
31 86 1
31 93 1
31 107 1
31 116 1
31 122 1
31 125 1
31 131 1
31 138 1
31 142 1
32 36 1
32 53 1
32 57 1
32 58 1
32 64 1
32 68 1
32 73 1
32 79 1
32 82 1
32 84 1
32 89 1
32 92 1
32 100 1
32 102 1
32 104 1
32 105 1
32 136 1
32 137 1
32 139 1
32 142 1
33 51 1
33 53 1
33 61 1
33 66 1
33 71 1
33 76 1
33 79 1
33 83 1
33 85 1
33 91 1
33 95 1
33 101 1
33 102 1
33 117 1
33 121 1
33 123 1
33 126 1
33 137 1
33 144 1
33 147 1
34 46 1
34 52 1
34 59 1
34 68 1
34 69 1
34 86 1
34 92 1
34 100 1
34 107 1
34 117 1
34 118 1
34 120 1
34 122 1
34 140 1
34 144 1
35 36 1
35 37 1
35 45 1
35 48 1
35 59 1
35 74 1
35 102 1
35 123 1
35 127 1
35 131 1
35 137 1
35 140 1
36 39 1
36 42 1
36 57 1
36 67 1
36 69 1
36 77 1
36 86 1
36 101 1
36 108 1
36 111 1
36 113 1
36 118 1
36 122 1
36 124 1
36 125 1
37 39 1
37 51 1
37 58 1
37 59 1
37 75 1
37 89 1
37 112 1
37 121 1
37 124 1
37 127 1
37 129 1
37 134 1
37 135 1
37 137 1
37 140 1
37 149 1
38 43 1
38 44 1
38 88 1
38 101 1
38 115 1
38 121 1
38 127 1
38 143 1
39 47 1
39 62 1
39 67 1
39 69 1
39 76 1
39 86 1
39 91 1
39 97 1
39 102 1
39 103 1
39 114 1
39 126 1
39 127 1
39 130 1
39 134 1
39 137 1
39 140 1
40 41 1
40 49 1
40 58 1
40 62 1
40 70 1
40 79 1
40 99 1
40 115 1
40 118 1
40 120 1
40 122 1
40 125 1
40 135 1
40 136 1
40 147 1
41 53 1
41 61 1
41 106 1
41 115 1
41 131 1
41 143 1
41 147 1
42 48 1
42 51 1
42 63 1
42 70 1
42 92 1
42 109 1
42 113 1
42 132 1
42 138 1
42 142 1
42 148 1
43 54 1
43 76 1
43 84 1
43 90 1
43 97 1
43 105 1
43 122 1
43 132 1
43 140 1
44 49 1
44 55 1
44 57 1
44 59 1
44 60 1
44 68 1
44 71 1
44 83 1
44 107 1
44 119 1
44 127 1
44 130 1
44 140 1
44 143 1
44 147 1
45 47 1
45 58 1
45 65 1
45 79 1
45 89 1
45 98 1
45 107 1
45 111 1
45 118 1
45 120 1
45 130 1
45 136 1
45 149 1
46 51 1
46 76 1
46 86 1
46 103 1
46 108 1
46 128 1
46 133 1
46 137 1
46 148 1
47 59 1
47 68 1
47 73 1
47 76 1
47 83 1
47 102 1
47 126 1
47 130 1
47 136 1
47 146 1
48 61 1
48 64 1
48 76 1
48 86 1
48 100 1
48 103 1
48 114 1
48 118 1
48 128 1
48 132 1
48 133 1
48 137 1
48 144 1
49 59 1
49 61 1
49 62 1
49 73 1
49 75 1
49 77 1
49 82 1
49 95 1
49 101 1
49 113 1
49 122 1
49 128 1
49 139 1
49 149 1
50 57 1
50 59 1
50 83 1
50 84 1
50 95 1
50 96 1
50 129 1
50 133 1
50 148 1
51 66 1
51 73 1
51 81 1
51 87 1
51 91 1
51 93 1
51 96 1
51 97 1
51 106 1
51 114 1
51 117 1
51 123 1
51 134 1
52 62 1
52 72 1
52 80 1
52 82 1
52 83 1
52 89 1
52 105 1
52 106 1
52 114 1
52 124 1
52 134 1
52 136 1
52 137 1
52 140 1
52 142 1
52 149 1
53 55 1
53 61 1
53 73 1
53 91 1
53 94 1
53 97 1
53 98 1
53 101 1
53 103 1
53 120 1
53 130 1
53 132 1
54 83 1
54 86 1
54 108 1
54 126 1
54 134 1
54 149 1
55 63 1
55 68 1
55 90 1
55 98 1
55 104 1
56 66 1
56 67 1
56 77 1
56 82 1
56 85 1
56 90 1
56 103 1
56 112 1
56 123 1
56 124 1
56 127 1
56 140 1
57 76 1
57 88 1
57 95 1
57 97 1
57 109 1
57 114 1
57 116 1
57 123 1
57 127 1
57 130 1
57 141 1
57 142 1
58 79 1
58 80 1
58 98 1
58 106 1
58 115 1
58 134 1
58 135 1
58 138 1
58 144 1
59 66 1
59 87 1
59 90 1
59 92 1
59 96 1
59 103 1
59 109 1
59 112 1
59 116 1
59 117 1
59 128 1
59 136 1
59 146 1
60 66 1
60 67 1
60 69 1
60 86 1
60 90 1
60 93 1
60 105 1
60 109 1
60 112 1
60 116 1
60 118 1
60 121 1
60 127 1
60 129 1
60 130 1
60 145 1
61 62 1
61 66 1
61 70 1
61 71 1
61 81 1
61 84 1
61 87 1
61 94 1
61 96 1
61 100 1
61 105 1
61 124 1
61 126 1
61 127 1
61 135 1
61 146 1
62 70 1
62 93 1
62 94 1
62 101 1
62 109 1
62 111 1
62 115 1
62 118 1
62 149 1
63 66 1
63 70 1
63 85 1
63 89 1
63 93 1
63 98 1
63 101 1
63 103 1
63 116 1
63 123 1
63 125 1
63 130 1
63 131 1
63 132 1
63 141 1
63 144 1
64 82 1
64 96 1
64 97 1
64 99 1
64 103 1
64 111 1
64 117 1
64 133 1
64 138 1
64 149 1
65 68 1
65 70 1
65 82 1
65 83 1
65 101 1
65 110 1
65 116 1
65 133 1
65 134 1
65 145 1
65 148 1
66 69 1
66 72 1
66 90 1
66 96 1
66 113 1
66 119 1
66 125 1
66 133 1
66 147 1
66 148 1
67 68 1
67 72 1
67 80 1
67 92 1
67 100 1
67 103 1
67 111 1
67 119 1
67 126 1
67 145 1
67 149 1
68 74 1
68 78 1
68 90 1
68 91 1
68 101 1
68 103 1
68 112 1
68 114 1
68 128 1
69 75 1
69 78 1
69 84 1
69 93 1
69 97 1
69 104 1
69 116 1
69 126 1
69 134 1
69 136 1
70 82 1
70 85 1
70 105 1
70 133 1
70 136 1
70 144 1
71 74 1
71 75 1
71 78 1
71 104 1
71 106 1
71 109 1
71 118 1
71 122 1
71 130 1
71 133 1
71 135 1
71 139 1
72 81 1
72 97 1
72 105 1
72 106 1
72 132 1
72 147 1
73 80 1
73 89 1
73 94 1
73 98 1
73 99 1
73 105 1
73 110 1
73 119 1
73 123 1
73 139 1
73 140 1
73 148 1
74 86 1
74 94 1
74 97 1
74 103 1
74 105 1
74 110 1
74 112 1
74 116 1
74 118 1
74 131 1
74 134 1
75 93 1
75 95 1
75 103 1
75 118 1
75 122 1
75 130 1
75 144 1
76 80 1
76 81 1
76 88 1
76 93 1
76 101 1
76 118 1
76 120 1
76 126 1
76 131 1
76 141 1
76 146 1
77 79 1
77 85 1
77 88 1
77 92 1
77 119 1
77 139 1
77 145 1
78 84 1
78 94 1
78 98 1
78 106 1
78 112 1
78 122 1
78 127 1
78 133 1
78 140 1
78 149 1
79 87 1
79 95 1
79 97 1
79 113 1
79 125 1
79 126 1
79 129 1
79 132 1
79 135 1
79 141 1
80 96 1
80 116 1
80 117 1
80 126 1
80 127 1
80 129 1
80 139 1
80 144 1
80 148 1
81 94 1
81 98 1
81 99 1
81 127 1
81 128 1
81 136 1
81 143 1
81 144 1
81 147 1
82 85 1
82 86 1
82 98 1
82 102 1
82 113 1
82 117 1
82 132 1
82 135 1
82 140 1
82 142 1
82 148 1
83 87 1
83 103 1
83 104 1
83 108 1
83 114 1
83 127 1
83 131 1
83 148 1
84 85 1
84 92 1
84 103 1
84 105 1
84 122 1
84 129 1
84 144 1
84 147 1
85 96 1
85 102 1
85 119 1
85 134 1
86 91 1
86 94 1
86 100 1
86 106 1
86 123 1
86 124 1
86 125 1
86 126 1
86 128 1
86 137 1
87 100 1
87 103 1
87 108 1
87 141 1
87 148 1
88 90 1
88 99 1
88 111 1
88 112 1
88 115 1
88 116 1
88 118 1
88 132 1
88 135 1
88 141 1
89 96 1
89 142 1
90 95 1
90 104 1
90 114 1
90 117 1
90 127 1
90 136 1
90 138 1
91 100 1
91 106 1
91 125 1
91 127 1
91 135 1
91 136 1
91 140 1
92 96 1
92 109 1
92 121 1
92 124 1
92 125 1
92 135 1
93 106 1
93 117 1
93 139 1
93 140 1
93 145 1
93 146 1
93 148 1
94 98 1
94 104 1
94 120 1
94 123 1
94 126 1
94 133 1
94 135 1
94 137 1
94 146 1
95 98 1
95 107 1
95 111 1
95 118 1
95 127 1
95 131 1
95 144 1
96 99 1
96 100 1
96 101 1
96 114 1
96 118 1
96 138 1
96 146 1
97 98 1
97 107 1
97 119 1
97 124 1
97 126 1
97 128 1
97 137 1
97 146 1
98 102 1
98 115 1
98 116 1
98 118 1
98 129 1
98 142 1
99 126 1
99 135 1
99 137 1
100 107 1
100 116 1
100 130 1
100 134 1
100 135 1
101 111 1
101 114 1
101 120 1
101 126 1
101 132 1
101 133 1
101 142 1
101 147 1
102 103 1
102 115 1
102 118 1
102 123 1
102 141 1
102 146 1
103 108 1
103 109 1
103 136 1
103 139 1
103 145 1
104 107 1
104 111 1
104 116 1
104 124 1
104 131 1
104 132 1
104 138 1
104 144 1
104 149 1
105 109 1
105 126 1
105 130 1
105 135 1
105 142 1
105 146 1
106 117 1
106 118 1
106 120 1
106 121 1
106 122 1
106 128 1
106 139 1
106 141 1
106 142 1
107 116 1
107 123 1
107 127 1
107 136 1
107 138 1
107 143 1
107 146 1
107 148 1
108 112 1
108 115 1
108 117 1
108 119 1
108 127 1
108 134 1
108 142 1
109 110 1
109 125 1
109 133 1
110 117 1
110 127 1
110 137 1
110 146 1
111 113 1
111 115 1
111 118 1
111 119 1
111 125 1
111 130 1
111 131 1
111 135 1
111 141 1
111 146 1
112 127 1
112 128 1
112 132 1
112 138 1
113 114 1
113 135 1
113 136 1
114 115 1
114 120 1
114 139 1
115 121 1
115 140 1
116 128 1
116 139 1
117 119 1
117 121 1
117 122 1
117 127 1
117 128 1
117 135 1
117 136 1
117 138 1
118 123 1
118 129 1
118 131 1
118 139 1
119 123 1
119 130 1
119 132 1
119 146 1
119 148 1
120 127 1
120 138 1
120 140 1
120 141 1
121 126 1
121 128 1
121 135 1
121 138 1
121 146 1
122 123 1
122 136 1
122 143 1
122 145 1
122 147 1
123 128 1
123 133 1
123 148 1
124 126 1
124 136 1
124 149 1
125 147 1
126 127 1
126 130 1
126 135 1
126 142 1
126 146 1
127 141 1
127 149 1
128 134 1
128 137 1
128 139 1
128 140 1
128 141 1
128 142 1
128 146 1
129 133 1
130 137 1
130 144 1
130 147 1
130 149 1
131 147 1
132 133 1
132 140 1
134 142 1
134 144 1
135 137 1
135 144 1
136 149 1
137 139 1
138 139 1
138 142 1
138 149 1
139 141 1
144 149 1
1
143 84 54 92 1 118 69 126 0 43 47 144 139 24 6
