1533
0 9 1
0 50 1
0 64 1
0 72 1
0 74 1
0 79 1
0 84 1
0 91 1
0 100 1
0 102 1
0 104 1
0 106 1
0 127 1
0 131 1
0 133 1
0 143 1
0 147 1
1 2 1
1 7 1
1 23 1
1 28 1
1 37 1
1 46 1
1 50 1
1 56 1
1 61 1
1 62 1
1 74 1
1 92 1
1 103 1
1 119 1
1 136 1
1 142 1
2 27 1
2 29 1
2 36 1
2 43 1
2 45 1
2 55 1
2 62 1
2 77 1
2 81 1
2 84 1
2 85 1
2 87 1
2 89 1
2 92 1
2 95 1
2 102 1
2 113 1
2 120 1
2 131 1
3 26 1
3 64 1
3 67 1
3 72 1
3 77 1
3 78 1
3 79 1
3 87 1
3 103 1
3 115 1
3 123 1
3 125 1
3 132 1
3 136 1
3 140 1
3 141 1
3 144 1
4 10 1
4 13 1
4 15 1
4 16 1
4 17 1
4 20 1
4 31 1
4 33 1
4 40 1
4 55 1
4 57 1
4 73 1
4 79 1
4 80 1
4 107 1
4 121 1
4 124 1
4 130 1
4 133 1
4 140 1
4 149 1
5 8 1
5 10 1
5 11 1
5 24 1
5 26 1
5 28 1
5 30 1
5 32 1
5 33 1
5 37 1
5 39 1
5 43 1
5 74 1
5 96 1
5 97 1
5 105 1
5 110 1
5 125 1
5 143 1
6 9 1
6 10 1
6 18 1
6 20 1
6 34 1
6 42 1
6 43 1
6 49 1
6 61 1
6 66 1
6 76 1
6 79 1
6 80 1
6 99 1
6 113 1
6 114 1
6 121 1
6 124 1
6 126 1
6 132 1
7 8 1
7 11 1
7 20 1
7 23 1
7 31 1
7 38 1
7 63 1
7 71 1
7 77 1
7 86 1
7 89 1
7 96 1
7 104 1
7 109 1
7 116 1
7 130 1
7 138 1
7 139 1
7 140 1
8 12 1
8 17 1
8 32 1
8 42 1
8 52 1
8 55 1
8 56 1
8 62 1
8 64 1
8 78 1
8 79 1
8 83 1
8 86 1
8 110 1
8 126 1
8 134 1
8 137 1
8 139 1
9 15 1
9 18 1
9 24 1
9 29 1
9 34 1
9 55 1
9 56 1
9 58 1
9 60 1
9 70 1
9 72 1
9 73 1
9 75 1
9 76 1
9 80 1
9 84 1
9 85 1
9 102 1
9 105 1
9 113 1
9 116 1
9 123 1
9 124 1
9 127 1
9 130 1
9 146 1
10 13 1
10 15 1
10 24 1
10 34 1
10 42 1
10 51 1
10 60 1
10 71 1
10 73 1
10 96 1
10 117 1
10 123 1
10 128 1
11 34 1
11 39 1
11 61 1
11 72 1
11 82 1
11 88 1
11 90 1
11 93 1
11 96 1
11 99 1
11 113 1
11 127 1
11 128 1
11 141 1
12 14 1
12 16 1
12 17 1
12 20 1
12 22 1
12 24 1
12 27 1
12 44 1
12 56 1
12 82 1
12 83 1
12 87 1
12 95 1
12 104 1
12 112 1
12 116 1
12 120 1
12 126 1
12 127 1
12 131 1
12 133 1
13 14 1
13 15 1
13 25 1
13 38 1
13 39 1
13 40 1
13 51 1
13 63 1
13 66 1
13 85 1
13 87 1
13 88 1
13 90 1
13 105 1
13 118 1
13 126 1
13 133 1
13 134 1
13 136 1
13 137 1
13 138 1
13 145 1
13 147 1
14 20 1
14 47 1
14 58 1
14 66 1
14 73 1
14 80 1
14 96 1
14 105 1
14 110 1
14 115 1
14 126 1
14 128 1
14 138 1
14 144 1
14 146 1
15 28 1
15 42 1
15 47 1
15 48 1
15 50 1
15 57 1
15 73 1
15 90 1
15 116 1
15 123 1
15 126 1
15 127 1
15 129 1
15 138 1
16 22 1
16 24 1
16 25 1
16 39 1
16 42 1
16 52 1
16 71 1
16 73 1
16 94 1
16 96 1
16 99 1
16 105 1
16 112 1
16 114 1
16 124 1
16 129 1
16 131 1
16 136 1
16 141 1
16 146 1
17 18 1
17 29 1
17 30 1
17 31 1
17 35 1
17 38 1
17 51 1
17 62 1
17 63 1
17 66 1
17 72 1
17 85 1
17 86 1
17 88 1
17 90 1
17 95 1
17 99 1
17 118 1
17 128 1
17 131 1
17 134 1
17 135 1
17 149 1
18 19 1
18 28 1
18 33 1
18 37 1
18 38 1
18 46 1
18 56 1
18 58 1
18 63 1
18 74 1
18 88 1
18 94 1
18 115 1
18 119 1
18 122 1
18 138 1
18 140 1
18 143 1
18 145 1
18 147 1
19 33 1
19 46 1
19 56 1
19 60 1
19 90 1
19 101 1
19 111 1
19 117 1
19 134 1
19 139 1
19 146 1
20 31 1
20 37 1
20 51 1
20 56 1
20 63 1
20 66 1
20 69 1
20 83 1
20 86 1
20 94 1
20 96 1
20 101 1
20 111 1
20 117 1
20 126 1
20 130 1
20 131 1
20 138 1
21 23 1
21 25 1
21 34 1
21 37 1
21 42 1
21 45 1
21 47 1
21 52 1
21 74 1
21 102 1
21 108 1
21 111 1
21 129 1
21 133 1
21 138 1
21 147 1
22 26 1
22 27 1
22 36 1
22 37 1
22 49 1
22 51 1
22 53 1
22 59 1
22 67 1
22 71 1
22 75 1
22 76 1
22 77 1
22 83 1
22 95 1
22 109 1
22 110 1
22 112 1
22 117 1
22 125 1
22 131 1
22 133 1
22 134 1
22 138 1
22 147 1
23 28 1
23 45 1
23 53 1
23 56 1
23 72 1
23 76 1
23 80 1
23 81 1
23 84 1
23 85 1
23 94 1
23 109 1
23 119 1
23 141 1
23 144 1
23 149 1
24 27 1
24 46 1
24 47 1
24 60 1
24 61 1
24 85 1
24 87 1
24 93 1
24 94 1
24 97 1
24 107 1
24 118 1
24 120 1
24 121 1
24 124 1
24 130 1
24 133 1
24 135 1
24 138 1
24 140 1
24 146 1
25 58 1
25 62 1
25 65 1
25 77 1
25 83 1
25 84 1
25 85 1
25 88 1
25 90 1
25 96 1
25 97 1
25 100 1
25 109 1
25 115 1
25 117 1
26 56 1
26 65 1
26 69 1
26 71 1
26 73 1
26 76 1
26 81 1
26 89 1
26 96 1
26 108 1
26 131 1
26 135 1
27 44 1
27 58 1
27 59 1
27 66 1
27 69 1
27 76 1
27 83 1
27 85 1
27 112 1
27 125 1
27 131 1
27 147 1
28 37 1
28 40 1
28 47 1
28 54 1
28 65 1
28 84 1
28 104 1
28 106 1
28 117 1
28 118 1
28 129 1
28 130 1
28 139 1
29 35 1
29 38 1
29 40 1
29 42 1
29 43 1
29 59 1
29 66 1
29 90 1
29 108 1
29 110 1
29 112 1
29 121 1
29 138 1
29 141 1
29 142 1
29 148 1
29 149 1
30 35 1
30 39 1
30 53 1
30 62 1
30 69 1
30 72 1
30 73 1
30 74 1
30 85 1
30 118 1
30 137 1
30 148 1
31 37 1
31 47 1
31 49 1
31 62 1
31 66 1
31 68 1
31 75 1
31 85 1
31 86 1
31 102 1
31 105 1
31 108 1
31 111 1
31 127 1
31 130 1
31 139 1
31 146 1
32 41 1
32 43 1
32 47 1
32 77 1
32 100 1
32 116 1
32 124 1
32 128 1
32 133 1
32 139 1
32 149 1
33 37 1
33 40 1
33 44 1
33 45 1
33 56 1
33 61 1
33 66 1
33 72 1
33 82 1
33 94 1
33 95 1
33 125 1
33 127 1
33 128 1
33 135 1
33 140 1
33 146 1
34 43 1
34 49 1
34 53 1
34 54 1
34 66 1
34 76 1
34 93 1
34 95 1
34 98 1
34 103 1
34 104 1
34 107 1
34 116 1
34 126 1
34 128 1
34 132 1
34 133 1
34 142 1
35 37 1
35 38 1
35 44 1
35 55 1
35 66 1
35 69 1
35 74 1
35 79 1
35 82 1
35 85 1
35 86 1
35 97 1
35 100 1
35 106 1
35 112 1
35 119 1
35 143 1
35 145 1
36 38 1
36 42 1
36 46 1
36 48 1
36 50 1
36 54 1
36 73 1
36 74 1
36 82 1
36 107 1
36 110 1
36 112 1
36 113 1
36 115 1
36 125 1
36 136 1
36 143 1
36 148 1
37 41 1
37 42 1
37 68 1
37 76 1
37 79 1
37 90 1
37 92 1
37 99 1
37 100 1
37 110 1
37 111 1
37 115 1
37 131 1
37 135 1
38 51 1
38 59 1
38 61 1
38 64 1
38 70 1
38 76 1
38 78 1
38 89 1
38 94 1
38 104 1
38 108 1
38 111 1
38 131 1
38 132 1
38 134 1
38 136 1
38 148 1
39 42 1
39 43 1
39 53 1
39 60 1
39 62 1
39 68 1
39 76 1
39 89 1
39 90 1
39 91 1
39 93 1
39 96 1
39 113 1
39 120 1
39 122 1
39 125 1
39 129 1
39 130 1
39 131 1
39 142 1
40 41 1
40 42 1
40 49 1
40 51 1
40 54 1
40 62 1
40 75 1
40 79 1
40 87 1
40 97 1
40 101 1
40 119 1
40 125 1
40 127 1
41 48 1
41 54 1
41 63 1
41 70 1
41 73 1
41 96 1
41 112 1
41 136 1
42 52 1
42 72 1
42 73 1
42 75 1
42 84 1
42 118 1
42 124 1
42 125 1
42 130 1
42 138 1
42 142 1
43 46 1
43 56 1
43 61 1
43 70 1
43 71 1
43 76 1
43 84 1
43 90 1
43 101 1
43 119 1
43 124 1
43 141 1
44 45 1
44 66 1
44 79 1
44 84 1
44 87 1
44 100 1
44 114 1
44 122 1
44 139 1
44 141 1
44 142 1
44 145 1
44 147 1
45 63 1
45 65 1
45 72 1
45 80 1
45 88 1
45 91 1
45 98 1
45 106 1
45 123 1
45 135 1
45 144 1
45 145 1
46 51 1
46 103 1
46 112 1
46 113 1
46 117 1
46 132 1
46 136 1
46 138 1
46 139 1
46 143 1
46 147 1
47 50 1
47 55 1
47 66 1
47 69 1
47 75 1
47 76 1
47 79 1
47 82 1
47 86 1
47 93 1
47 94 1
47 101 1
47 106 1
47 110 1
47 113 1
47 120 1
47 125 1
47 140 1
47 143 1
48 51 1
48 60 1
48 65 1
48 76 1
48 79 1
48 93 1
48 107 1
48 109 1
48 112 1
48 120 1
48 133 1
48 137 1
48 138 1
48 139 1
48 146 1
48 149 1
49 55 1
49 57 1
49 59 1
49 62 1
49 64 1
49 72 1
49 74 1
49 78 1
49 80 1
49 87 1
49 88 1
49 92 1
49 95 1
49 103 1
49 104 1
49 112 1
49 114 1
49 129 1
49 131 1
49 145 1
49 146 1
50 52 1
50 56 1
50 58 1
50 61 1
50 63 1
50 66 1
50 76 1
50 84 1
50 88 1
50 95 1
50 98 1
50 105 1
50 110 1
50 126 1
50 131 1
50 132 1
51 93 1
51 118 1
51 124 1
51 145 1
52 61 1
52 62 1
52 71 1
52 73 1
52 81 1
52 88 1
52 94 1
52 100 1
52 102 1
52 125 1
52 126 1
52 128 1
52 131 1
52 134 1
52 139 1
52 140 1
52 148 1
53 61 1
53 66 1
53 68 1
53 80 1
53 83 1
53 97 1
53 110 1
53 115 1
53 117 1
53 119 1
53 123 1
53 127 1
53 138 1
54 71 1
54 76 1
54 80 1
54 83 1
54 101 1
54 110 1
54 111 1
54 117 1
54 121 1
54 122 1
54 129 1
54 132 1
54 133 1
54 136 1
54 137 1
54 148 1
54 149 1
55 58 1
55 59 1
55 71 1
55 85 1
55 86 1
55 88 1
55 90 1
55 108 1
55 112 1
55 125 1
55 131 1
55 142 1
55 143 1
55 145 1
55 148 1
55 149 1
56 60 1
56 61 1
56 75 1
56 87 1
56 102 1
56 107 1
56 122 1
56 124 1
56 131 1
56 138 1
57 64 1
57 66 1
57 71 1
57 75 1
57 80 1
57 84 1
57 105 1
57 110 1
57 128 1
57 129 1
57 130 1
57 136 1
58 59 1
58 61 1
58 74 1
58 85 1
58 106 1
58 115 1
58 116 1
58 117 1
58 144 1
59 62 1
59 70 1
59 85 1
59 98 1
59 105 1
59 106 1
59 116 1
59 119 1
59 121 1
59 130 1
60 67 1
60 70 1
60 78 1
60 81 1
60 82 1
60 113 1
60 121 1
60 130 1
60 133 1
60 141 1
60 142 1
60 143 1
60 145 1
60 149 1
61 62 1
61 68 1
61 73 1
61 77 1
61 79 1
61 85 1
61 92 1
61 93 1
61 110 1
61 117 1
61 123 1
61 124 1
61 131 1
61 138 1
61 140 1
61 142 1
62 64 1
62 69 1
62 70 1
62 84 1
62 89 1
62 91 1
62 99 1
62 107 1
62 111 1
62 118 1
62 119 1
62 121 1
62 122 1
62 124 1
62 127 1
62 131 1
62 136 1
62 137 1
62 141 1
62 144 1
62 149 1
63 74 1
63 75 1
63 82 1
63 83 1
63 99 1
63 108 1
63 115 1
63 123 1
63 143 1
63 149 1
64 69 1
64 70 1
64 90 1
64 93 1
64 96 1
64 100 1
64 102 1
64 103 1
64 108 1
64 109 1
64 120 1
64 123 1
64 129 1
65 72 1
65 79 1
65 80 1
65 84 1
65 91 1
65 103 1
65 104 1
65 105 1
65 111 1
65 123 1
65 125 1
65 126 1
65 128 1
65 138 1
65 141 1
65 144 1
65 145 1
66 74 1
66 89 1
66 100 1
66 103 1
66 125 1
66 126 1
66 129 1
66 134 1
66 141 1
66 143 1
67 74 1
67 77 1
67 82 1
67 100 1
67 112 1
67 117 1
67 119 1
67 126 1
67 135 1
68 98 1
68 106 1
68 130 1
68 132 1
68 135 1
68 138 1
68 146 1
69 70 1
69 72 1
69 75 1
69 79 1
69 83 1
69 84 1
69 94 1
69 97 1
69 99 1
69 124 1
69 130 1
69 139 1
70 76 1
70 91 1
70 97 1
70 102 1
70 122 1
70 127 1
70 128 1
70 137 1
71 79 1
71 92 1
71 95 1
71 97 1
71 101 1
71 115 1
71 126 1
71 129 1
71 133 1
71 140 1
71 142 1
71 144 1
71 149 1
72 78 1
72 79 1
72 80 1
72 84 1
72 86 1
72 91 1
72 98 1
72 112 1
72 133 1
72 142 1
72 145 1
73 74 1
73 78 1
73 95 1
73 104 1
73 110 1
73 120 1
73 124 1
73 125 1
73 133 1
73 137 1
73 142 1
74 80 1
74 81 1
74 83 1
74 101 1
74 107 1
74 114 1
74 117 1
74 129 1
74 130 1
74 135 1
74 137 1
74 139 1
75 88 1
75 89 1
75 94 1
75 126 1
75 127 1
75 136 1
75 139 1
75 147 1
76 77 1
76 79 1
76 101 1
76 110 1
76 111 1
76 119 1
76 123 1
76 127 1
76 129 1
76 136 1
76 138 1
76 139 1
76 142 1
76 143 1
76 147 1
77 84 1
77 87 1
77 92 1
77 99 1
77 100 1
77 113 1
77 114 1
77 124 1
77 126 1
77 132 1
77 137 1
77 148 1
78 79 1
78 90 1
78 96 1
78 108 1
78 123 1
78 130 1
78 139 1
78 141 1
78 146 1
79 88 1
79 91 1
79 94 1
79 97 1
79 99 1
79 102 1
79 115 1
79 117 1
79 138 1
79 146 1
79 149 1
80 100 1
80 106 1
80 110 1
80 122 1
80 123 1
80 125 1
80 136 1
80 143 1
80 146 1
80 149 1
81 91 1
81 97 1
81 98 1
81 110 1
81 111 1
81 120 1
81 121 1
81 124 1
81 127 1
81 129 1
81 131 1
82 85 1
82 91 1
82 100 1
82 109 1
82 110 1
82 111 1
82 124 1
82 129 1
82 140 1
82 144 1
82 148 1
83 85 1
83 86 1
83 87 1
83 100 1
83 104 1
83 107 1
83 121 1
83 127 1
83 128 1
83 140 1
84 87 1
84 89 1
84 110 1
84 124 1
84 126 1
84 128 1
84 149 1
85 90 1
85 91 1
85 94 1
85 98 1
85 117 1
85 122 1
85 124 1
85 128 1
85 131 1
85 140 1
85 145 1
86 113 1
86 114 1
86 120 1
86 124 1
86 129 1
86 132 1
86 145 1
86 147 1
86 149 1
87 88 1
87 93 1
87 98 1
87 100 1
87 103 1
87 123 1
87 134 1
87 135 1
87 136 1
87 137 1
87 145 1
88 97 1
88 99 1
88 104 1
88 113 1
88 114 1
88 129 1
88 135 1
89 93 1
89 95 1
89 101 1
89 116 1
89 118 1
89 127 1
89 129 1
89 130 1
89 143 1
89 144 1
90 91 1
90 94 1
90 103 1
90 110 1
90 116 1
90 122 1
90 125 1
90 131 1
90 137 1
90 143 1
90 144 1
90 149 1
91 103 1
91 119 1
91 122 1
91 126 1
91 128 1
91 130 1
91 132 1
92 97 1
92 101 1
92 114 1
92 121 1
92 140 1
92 147 1
92 148 1
92 149 1
93 96 1
93 105 1
93 108 1
93 111 1
93 117 1
93 120 1
93 132 1
93 146 1
94 95 1
94 106 1
94 112 1
94 120 1
94 123 1
94 128 1
94 141 1
94 143 1
94 144 1
94 148 1
95 106 1
95 110 1
95 117 1
95 124 1
95 130 1
95 137 1
95 149 1
96 97 1
96 112 1
96 125 1
96 126 1
96 137 1
96 138 1
96 142 1
96 145 1
97 104 1
97 107 1
97 114 1
97 116 1
97 123 1
97 129 1
97 130 1
97 140 1
97 141 1
97 143 1
97 145 1
98 105 1
98 114 1
98 120 1
98 125 1
98 134 1
98 147 1
99 102 1
99 104 1
99 106 1
99 114 1
99 116 1
99 124 1
99 130 1
99 135 1
99 136 1
99 137 1
99 138 1
99 141 1
99 144 1
99 147 1
100 105 1
100 110 1
100 131 1
100 142 1
100 146 1
101 110 1
101 130 1
101 135 1
101 140 1
102 108 1
102 124 1
102 138 1
102 145 1
102 146 1
103 111 1
103 112 1
103 125 1
103 129 1
104 110 1
104 113 1
104 116 1
104 134 1
105 110 1
105 124 1
105 135 1
105 138 1
105 145 1
106 126 1
106 133 1
106 143 1
106 145 1
106 149 1
107 117 1
107 121 1
107 135 1
108 113 1
108 119 1
108 129 1
108 138 1
109 124 1
109 134 1
109 136 1
109 138 1
109 142 1
109 146 1
109 149 1
110 112 1
110 118 1
110 132 1
110 133 1
110 148 1
111 123 1
111 129 1
111 141 1
112 118 1
112 119 1
112 125 1
112 130 1
112 141 1
112 149 1
113 114 1
113 124 1
113 141 1
113 146 1
113 148 1
114 117 1
114 130 1
114 135 1
114 137 1
114 138 1
114 145 1
114 148 1
115 116 1
115 120 1
115 125 1
115 126 1
115 132 1
115 138 1
115 141 1
115 145 1
117 119 1
117 126 1
117 131 1
117 133 1
117 139 1
117 143 1
118 119 1
118 121 1
118 122 1
118 133 1
118 136 1
118 148 1
119 135 1
119 141 1
119 146 1
120 132 1
120 138 1
120 146 1
121 122 1
121 132 1
121 136 1
121 147 1
122 124 1
122 130 1
122 137 1
123 124 1
123 128 1
123 130 1
123 137 1
123 142 1
123 148 1
124 128 1
124 135 1
124 139 1
124 144 1
124 146 1
125 146 1
125 149 1
126 128 1
126 135 1
126 146 1
126 147 1
127 131 1
127 147 1
128 134 1
128 147 1
129 131 1
129 133 1
129 136 1
129 138 1
129 149 1
130 131 1
130 132 1
130 134 1
130 144 1
130 148 1
131 140 1
132 138 1
132 141 1
132 147 1
133 135 1
134 141 1
135 138 1
135 141 1
136 143 1
137 143 1
137 147 1
139 141 1
139 142 1
139 144 1
140 141 1
141 142 1
1
5 119 34 94 133 6 121 52 12 93 114 128 118 42 0
