696
0 1 1
0 2 1
0 3 1
0 9 1
0 17 1
0 28 1
0 30 1
0 32 1
0 35 1
0 38 1
0 39 1
0 42 1
0 44 1
0 46 1
0 50 1
0 52 1
0 61 1
0 65 1
0 69 1
1 4 1
1 5 1
1 7 1
1 12 1
1 20 1
1 25 1
1 30 1
1 31 1
1 34 1
1 37 1
1 49 1
1 53 1
1 54 1
1 64 1
1 68 1
1 76 1
1 78 1
1 79 1
2 11 1
2 12 1
2 15 1
2 20 1
2 23 1
2 24 1
2 25 1
2 40 1
2 59 1
2 63 1
2 72 1
2 74 1
3 15 1
3 16 1
3 20 1
3 37 1
3 41 1
3 42 1
3 44 1
3 45 1
3 55 1
3 57 1
3 60 1
3 64 1
3 65 1
3 66 1
3 67 1
3 74 1
4 5 1
4 11 1
4 12 1
4 16 1
4 24 1
4 25 1
4 26 1
4 33 1
4 35 1
4 40 1
4 46 1
4 53 1
4 60 1
4 61 1
4 64 1
4 66 1
4 67 1
4 74 1
5 6 1
5 10 1
5 11 1
5 14 1
5 16 1
5 18 1
5 22 1
5 23 1
5 28 1
5 30 1
5 34 1
5 38 1
5 45 1
5 50 1
5 53 1
5 54 1
5 65 1
5 67 1
5 79 1
6 7 1
6 8 1
6 9 1
6 16 1
6 17 1
6 19 1
6 21 1
6 25 1
6 31 1
6 35 1
6 37 1
6 47 1
6 48 1
6 56 1
6 60 1
6 61 1
6 62 1
6 64 1
6 65 1
6 66 1
6 67 1
7 12 1
7 17 1
7 20 1
7 36 1
7 39 1
7 41 1
7 42 1
7 44 1
7 57 1
7 60 1
7 66 1
7 73 1
7 76 1
7 78 1
8 9 1
8 13 1
8 27 1
8 29 1
8 34 1
8 35 1
8 39 1
8 43 1
8 48 1
8 50 1
8 52 1
8 54 1
8 72 1
8 73 1
9 10 1
9 17 1
9 21 1
9 27 1
9 49 1
9 50 1
9 52 1
9 53 1
9 69 1
9 72 1
9 75 1
9 76 1
9 79 1
10 15 1
10 19 1
10 28 1
10 30 1
10 35 1
10 40 1
10 47 1
10 52 1
10 53 1
10 58 1
10 64 1
11 12 1
11 26 1
11 28 1
11 37 1
11 40 1
11 44 1
11 47 1
11 51 1
11 54 1
11 57 1
11 67 1
11 72 1
11 77 1
12 20 1
12 21 1
12 22 1
12 23 1
12 28 1
12 32 1
12 33 1
12 46 1
12 48 1
12 58 1
12 59 1
12 65 1
13 15 1
13 16 1
13 25 1
13 38 1
13 49 1
13 69 1
13 72 1
13 77 1
13 79 1
14 16 1
14 17 1
14 21 1
14 23 1
14 30 1
14 44 1
14 47 1
14 58 1
14 62 1
14 68 1
14 74 1
14 75 1
14 79 1
15 21 1
15 22 1
15 23 1
15 30 1
15 32 1
15 34 1
15 38 1
15 44 1
15 59 1
15 60 1
15 63 1
15 66 1
15 67 1
15 70 1
15 71 1
16 23 1
16 25 1
16 26 1
16 27 1
16 36 1
16 56 1
16 60 1
16 61 1
16 63 1
16 64 1
16 66 1
16 68 1
16 72 1
16 77 1
17 18 1
17 20 1
17 29 1
17 30 1
17 31 1
17 36 1
17 40 1
17 41 1
17 47 1
17 48 1
17 54 1
17 55 1
17 56 1
17 64 1
17 67 1
17 69 1
17 77 1
18 19 1
18 20 1
18 23 1
18 26 1
18 30 1
18 31 1
18 35 1
18 42 1
18 44 1
18 48 1
18 49 1
18 52 1
18 59 1
18 61 1
18 62 1
18 68 1
18 72 1
18 74 1
18 76 1
18 79 1
19 21 1
19 31 1
19 32 1
19 33 1
19 36 1
19 43 1
19 52 1
19 64 1
19 68 1
20 21 1
20 23 1
20 26 1
20 41 1
20 43 1
20 45 1
20 46 1
20 49 1
20 50 1
20 53 1
20 55 1
20 56 1
20 59 1
20 69 1
20 77 1
21 23 1
21 49 1
21 50 1
21 51 1
21 52 1
21 59 1
21 60 1
21 70 1
21 78 1
21 79 1
22 24 1
22 26 1
22 33 1
22 37 1
22 39 1
22 43 1
22 52 1
22 53 1
22 64 1
22 73 1
22 77 1
22 79 1
23 34 1
23 35 1
23 36 1
23 40 1
23 41 1
23 43 1
23 44 1
23 45 1
23 46 1
23 57 1
23 66 1
23 75 1
24 28 1
24 30 1
24 32 1
24 36 1
24 38 1
24 42 1
24 45 1
24 49 1
24 51 1
24 52 1
24 60 1
24 65 1
24 67 1
25 28 1
25 40 1
25 42 1
25 49 1
25 59 1
25 60 1
25 63 1
25 64 1
25 66 1
25 69 1
25 71 1
25 72 1
26 29 1
26 30 1
26 36 1
26 37 1
26 40 1
26 42 1
26 43 1
26 45 1
26 52 1
26 56 1
26 57 1
26 64 1
26 69 1
26 73 1
26 76 1
26 77 1
27 28 1
27 31 1
27 32 1
27 35 1
27 36 1
27 42 1
27 45 1
27 47 1
27 57 1
27 64 1
27 65 1
27 67 1
27 71 1
28 34 1
28 42 1
28 46 1
28 48 1
28 54 1
28 61 1
28 62 1
28 63 1
29 31 1
29 40 1
29 43 1
29 48 1
29 52 1
29 53 1
29 56 1
29 57 1
29 63 1
29 67 1
29 74 1
30 39 1
30 42 1
30 44 1
30 55 1
30 56 1
30 63 1
30 65 1
30 68 1
30 71 1
30 75 1
30 76 1
31 33 1
31 34 1
31 39 1
31 40 1
31 42 1
31 44 1
31 58 1
31 59 1
31 60 1
31 61 1
31 63 1
31 64 1
31 68 1
31 71 1
31 75 1
31 76 1
31 78 1
32 35 1
32 36 1
32 38 1
32 41 1
32 54 1
32 61 1
32 64 1
32 65 1
32 66 1
32 70 1
32 72 1
32 79 1
33 41 1
33 49 1
33 53 1
33 54 1
33 64 1
33 67 1
33 68 1
33 73 1
34 35 1
34 38 1
34 39 1
34 41 1
34 42 1
34 46 1
34 51 1
34 55 1
34 62 1
34 63 1
34 65 1
34 66 1
34 69 1
34 73 1
34 75 1
35 37 1
35 41 1
35 43 1
35 50 1
35 59 1
35 63 1
35 79 1
36 38 1
36 39 1
36 40 1
36 42 1
36 46 1
36 48 1
36 53 1
36 54 1
36 55 1
36 56 1
36 61 1
36 63 1
36 64 1
36 65 1
36 71 1
36 73 1
36 77 1
37 42 1
37 43 1
37 47 1
37 50 1
37 53 1
37 54 1
37 58 1
37 59 1
37 62 1
37 64 1
37 66 1
37 72 1
37 79 1
38 42 1
38 44 1
38 51 1
38 56 1
38 60 1
38 62 1
38 63 1
38 66 1
38 69 1
38 72 1
38 75 1
38 76 1
39 42 1
39 44 1
39 45 1
39 48 1
39 50 1
39 51 1
39 57 1
39 60 1
39 62 1
39 65 1
39 67 1
39 68 1
39 75 1
40 42 1
40 43 1
40 44 1
40 48 1
40 67 1
40 68 1
40 70 1
40 72 1
41 43 1
41 56 1
41 62 1
41 63 1
41 64 1
41 70 1
41 72 1
41 74 1
41 79 1
42 43 1
42 50 1
42 53 1
42 59 1
42 60 1
42 65 1
42 72 1
42 77 1
43 44 1
43 50 1
43 51 1
43 72 1
43 74 1
44 50 1
44 54 1
44 64 1
44 67 1
44 69 1
45 51 1
45 52 1
45 53 1
45 57 1
45 64 1
45 66 1
45 69 1
45 74 1
46 47 1
46 49 1
46 52 1
46 54 1
46 55 1
46 56 1
46 59 1
46 63 1
46 68 1
46 76 1
46 79 1
47 49 1
47 51 1
47 52 1
47 63 1
47 68 1
47 69 1
47 75 1
47 77 1
48 69 1
48 71 1
48 74 1
49 52 1
49 53 1
49 58 1
49 59 1
49 67 1
49 72 1
49 74 1
49 76 1
50 60 1
50 62 1
50 64 1
50 66 1
50 71 1
51 55 1
51 56 1
51 61 1
51 65 1
51 70 1
51 71 1
51 76 1
52 70 1
52 77 1
53 59 1
53 61 1
53 62 1
54 56 1
54 64 1
54 76 1
55 57 1
55 63 1
55 65 1
55 66 1
55 67 1
55 69 1
55 70 1
55 78 1
56 72 1
56 74 1
57 68 1
57 69 1
57 74 1
57 76 1
58 59 1
58 60 1
58 71 1
58 74 1
59 76 1
59 79 1
60 61 1
60 69 1
60 71 1
60 72 1
60 76 1
60 77 1
61 64 1
61 73 1
63 64 1
63 71 1
63 77 1
63 78 1
64 72 1
65 66 1
65 69 1
65 78 1
65 79 1
66 67 1
66 75 1
66 79 1
67 72 1
67 79 1
68 70 1
69 70 1
69 71 1
69 76 1
69 77 1
70 78 1
70 79 1
71 72 1
71 75 1
71 77 1
72 73 1
73 76 1
74 76 1
74 79 1
75 77 1
76 77 1
76 79 1
1
33 20 25 24 68 22 44 36
