2110
0 11 1
0 12 1
0 16 1
0 19 1
0 23 1
0 37 1
0 44 1
0 54 1
0 58 1
0 70 1
0 71 1
0 104 1
0 106 1
0 107 1
0 114 1
0 140 1
0 152 1
0 162 1
0 166 1
0 177 1
0 184 1
0 187 1
1 24 1
1 33 1
1 58 1
1 63 1
1 69 1
1 71 1
1 73 1
1 79 1
1 81 1
1 85 1
1 92 1
1 100 1
1 113 1
1 116 1
1 117 1
1 121 1
1 131 1
1 132 1
1 138 1
1 141 1
1 143 1
1 153 1
1 166 1
1 180 1
1 186 1
2 21 1
2 44 1
2 45 1
2 59 1
2 68 1
2 69 1
2 107 1
2 116 1
2 141 1
2 155 1
2 161 1
2 177 1
2 179 1
2 186 1
2 190 1
2 199 1
3 9 1
3 11 1
3 21 1
3 22 1
3 24 1
3 31 1
3 32 1
3 37 1
3 40 1
3 43 1
3 46 1
3 70 1
3 82 1
3 85 1
3 93 1
3 103 1
3 145 1
3 176 1
3 184 1
3 190 1
4 20 1
4 29 1
4 31 1
4 36 1
4 40 1
4 49 1
4 87 1
4 88 1
4 89 1
4 93 1
4 110 1
4 114 1
4 117 1
4 130 1
4 131 1
4 174 1
4 191 1
5 6 1
5 11 1
5 19 1
5 21 1
5 23 1
5 25 1
5 35 1
5 42 1
5 51 1
5 65 1
5 71 1
5 88 1
5 96 1
5 109 1
5 119 1
5 123 1
5 153 1
5 154 1
5 161 1
5 162 1
5 164 1
5 174 1
5 178 1
5 197 1
6 11 1
6 13 1
6 41 1
6 45 1
6 67 1
6 80 1
6 85 1
6 97 1
6 116 1
6 119 1
6 129 1
6 132 1
6 164 1
6 182 1
6 185 1
6 190 1
7 8 1
7 16 1
7 52 1
7 57 1
7 61 1
7 62 1
7 69 1
7 97 1
7 101 1
7 108 1
7 120 1
7 125 1
7 126 1
7 129 1
7 151 1
7 165 1
7 169 1
7 195 1
8 23 1
8 51 1
8 69 1
8 74 1
8 85 1
8 120 1
8 124 1
8 171 1
8 172 1
8 175 1
8 181 1
8 182 1
8 184 1
8 193 1
8 199 1
9 10 1
9 20 1
9 26 1
9 37 1
9 41 1
9 50 1
9 51 1
9 63 1
9 76 1
9 92 1
9 121 1
9 122 1
9 134 1
9 149 1
9 163 1
9 190 1
9 195 1
10 14 1
10 26 1
10 27 1
10 32 1
10 39 1
10 54 1
10 62 1
10 64 1
10 65 1
10 66 1
10 67 1
10 69 1
10 72 1
10 91 1
10 92 1
10 95 1
10 108 1
10 120 1
10 121 1
10 126 1
10 128 1
10 135 1
10 150 1
10 156 1
10 163 1
10 188 1
10 191 1
11 13 1
11 16 1
11 20 1
11 24 1
11 35 1
11 40 1
11 45 1
11 50 1
11 51 1
11 57 1
11 60 1
11 66 1
11 67 1
11 69 1
11 72 1
11 88 1
11 91 1
11 113 1
11 116 1
11 135 1
11 143 1
11 161 1
11 175 1
11 183 1
11 193 1
11 195 1
11 198 1
12 28 1
12 34 1
12 61 1
12 64 1
12 79 1
12 87 1
12 89 1
12 102 1
12 114 1
12 117 1
12 122 1
12 124 1
12 133 1
12 153 1
12 155 1
12 156 1
12 159 1
12 163 1
12 172 1
12 178 1
12 184 1
12 195 1
12 197 1
13 20 1
13 28 1
13 73 1
13 74 1
13 76 1
13 96 1
13 97 1
13 119 1
13 137 1
13 138 1
13 156 1
13 176 1
13 182 1
13 186 1
13 197 1
14 27 1
14 34 1
14 43 1
14 58 1
14 65 1
14 78 1
14 88 1
14 98 1
14 99 1
14 100 1
14 113 1
14 121 1
14 131 1
14 137 1
14 138 1
14 146 1
14 149 1
14 165 1
14 169 1
14 180 1
14 181 1
14 188 1
14 191 1
15 24 1
15 32 1
15 47 1
15 55 1
15 63 1
15 69 1
15 72 1
15 76 1
15 78 1
15 85 1
15 87 1
15 110 1
15 118 1
15 120 1
15 138 1
15 144 1
15 163 1
15 170 1
15 173 1
15 174 1
15 185 1
15 196 1
16 22 1
16 32 1
16 44 1
16 58 1
16 65 1
16 67 1
16 75 1
16 88 1
16 125 1
16 131 1
16 136 1
16 151 1
16 152 1
16 154 1
16 177 1
17 23 1
17 30 1
17 50 1
17 53 1
17 55 1
17 58 1
17 80 1
17 94 1
17 100 1
17 111 1
17 112 1
17 116 1
17 118 1
17 123 1
17 130 1
17 137 1
17 138 1
17 140 1
17 142 1
17 156 1
17 161 1
17 168 1
17 176 1
17 185 1
17 192 1
17 197 1
18 19 1
18 38 1
18 45 1
18 46 1
18 58 1
18 76 1
18 104 1
18 105 1
18 106 1
18 117 1
18 125 1
18 133 1
18 164 1
19 35 1
19 40 1
19 48 1
19 50 1
19 62 1
19 71 1
19 74 1
19 77 1
19 80 1
19 81 1
19 115 1
19 133 1
19 135 1
19 142 1
19 154 1
19 164 1
19 175 1
19 186 1
19 190 1
19 191 1
20 31 1
20 45 1
20 46 1
20 50 1
20 53 1
20 59 1
20 60 1
20 66 1
20 68 1
20 74 1
20 94 1
20 101 1
20 102 1
20 118 1
20 120 1
20 124 1
20 126 1
20 134 1
20 152 1
20 158 1
20 180 1
20 182 1
20 194 1
20 198 1
21 44 1
21 45 1
21 48 1
21 55 1
21 57 1
21 65 1
21 68 1
21 74 1
21 75 1
21 99 1
21 130 1
21 137 1
21 156 1
21 158 1
21 163 1
21 171 1
22 37 1
22 39 1
22 47 1
22 64 1
22 73 1
22 83 1
22 100 1
22 105 1
22 113 1
22 124 1
22 125 1
22 127 1
22 131 1
22 132 1
22 134 1
22 169 1
22 171 1
22 179 1
22 198 1
23 27 1
23 28 1
23 47 1
23 61 1
23 63 1
23 72 1
23 76 1
23 89 1
23 110 1
23 113 1
23 117 1
23 119 1
23 124 1
23 141 1
23 147 1
23 150 1
23 154 1
23 190 1
23 196 1
24 25 1
24 46 1
24 62 1
24 64 1
24 66 1
24 68 1
24 70 1
24 76 1
24 78 1
24 84 1
24 100 1
24 104 1
24 115 1
24 125 1
24 148 1
24 150 1
24 154 1
24 161 1
24 172 1
24 173 1
24 185 1
25 28 1
25 36 1
25 42 1
25 48 1
25 66 1
25 67 1
25 82 1
25 83 1
25 94 1
25 97 1
25 112 1
25 114 1
25 117 1
25 134 1
25 171 1
25 188 1
25 190 1
25 197 1
26 36 1
26 39 1
26 47 1
26 68 1
26 71 1
26 91 1
26 99 1
26 100 1
26 114 1
26 119 1
26 129 1
26 140 1
26 167 1
26 179 1
26 180 1
27 31 1
27 38 1
27 47 1
27 68 1
27 72 1
27 74 1
27 79 1
27 80 1
27 89 1
27 92 1
27 111 1
27 129 1
27 138 1
27 147 1
27 163 1
27 173 1
27 174 1
27 177 1
27 184 1
27 189 1
27 198 1
28 30 1
28 31 1
28 39 1
28 46 1
28 63 1
28 77 1
28 79 1
28 82 1
28 86 1
28 101 1
28 102 1
28 119 1
28 120 1
28 138 1
28 145 1
28 154 1
28 163 1
28 170 1
28 186 1
28 194 1
29 40 1
29 46 1
29 48 1
29 50 1
29 52 1
29 56 1
29 89 1
29 98 1
29 133 1
29 153 1
29 156 1
29 190 1
30 31 1
30 38 1
30 45 1
30 55 1
30 59 1
30 80 1
30 93 1
30 103 1
30 129 1
30 135 1
30 144 1
30 152 1
30 165 1
30 177 1
30 178 1
30 179 1
30 194 1
30 198 1
31 32 1
31 61 1
31 85 1
31 89 1
31 115 1
31 137 1
31 142 1
31 147 1
31 151 1
31 160 1
31 182 1
31 184 1
31 190 1
31 195 1
32 36 1
32 39 1
32 42 1
32 52 1
32 75 1
32 82 1
32 106 1
32 107 1
32 118 1
32 132 1
32 139 1
32 148 1
32 156 1
32 157 1
32 158 1
32 168 1
32 176 1
32 186 1
32 197 1
32 198 1
32 199 1
33 37 1
33 38 1
33 50 1
33 55 1
33 97 1
33 117 1
33 118 1
33 127 1
33 129 1
33 131 1
33 151 1
33 159 1
33 163 1
33 199 1
34 79 1
34 99 1
34 100 1
34 109 1
34 129 1
34 134 1
34 151 1
34 153 1
34 155 1
34 186 1
34 190 1
34 191 1
35 37 1
35 38 1
35 39 1
35 41 1
35 53 1
35 54 1
35 61 1
35 70 1
35 74 1
35 89 1
35 91 1
35 93 1
35 105 1
35 111 1
35 116 1
35 129 1
35 135 1
35 152 1
35 159 1
35 177 1
35 186 1
35 190 1
35 199 1
36 47 1
36 57 1
36 67 1
36 82 1
36 100 1
36 101 1
36 102 1
36 119 1
36 120 1
36 129 1
36 131 1
36 135 1
36 143 1
36 147 1
36 152 1
36 193 1
37 39 1
37 48 1
37 57 1
37 70 1
37 72 1
37 83 1
37 91 1
37 104 1
37 112 1
37 122 1
37 148 1
37 149 1
37 160 1
37 182 1
37 187 1
37 193 1
38 39 1
38 50 1
38 52 1
38 67 1
38 68 1
38 94 1
38 105 1
38 121 1
38 123 1
38 137 1
38 158 1
38 166 1
38 171 1
39 54 1
39 57 1
39 61 1
39 69 1
39 71 1
39 78 1
39 102 1
39 111 1
39 116 1
39 117 1
39 136 1
39 164 1
39 166 1
39 187 1
39 197 1
39 199 1
40 57 1
40 59 1
40 90 1
40 100 1
40 112 1
40 116 1
40 119 1
40 138 1
40 145 1
40 150 1
40 158 1
40 160 1
40 176 1
40 183 1
40 185 1
40 187 1
40 197 1
40 199 1
41 64 1
41 82 1
41 91 1
41 92 1
41 95 1
41 102 1
41 104 1
41 107 1
41 111 1
41 124 1
41 127 1
41 133 1
41 168 1
41 171 1
41 176 1
41 197 1
42 81 1
42 95 1
42 106 1
42 110 1
42 111 1
42 117 1
42 123 1
42 125 1
42 128 1
42 130 1
42 135 1
42 144 1
42 160 1
42 166 1
42 169 1
42 191 1
42 192 1
43 49 1
43 51 1
43 52 1
43 53 1
43 69 1
43 79 1
43 83 1
43 90 1
43 92 1
43 104 1
43 107 1
43 112 1
43 124 1
43 125 1
43 126 1
43 129 1
43 132 1
43 136 1
43 145 1
43 161 1
43 162 1
43 163 1
43 165 1
43 166 1
43 183 1
43 187 1
43 188 1
43 198 1
43 199 1
44 73 1
44 92 1
44 105 1
44 121 1
44 124 1
44 143 1
44 147 1
44 158 1
44 163 1
44 171 1
44 198 1
44 199 1
45 53 1
45 61 1
45 69 1
45 75 1
45 76 1
45 82 1
45 92 1
45 96 1
45 107 1
45 111 1
45 116 1
45 118 1
45 124 1
45 142 1
45 157 1
45 163 1
45 194 1
46 54 1
46 66 1
46 69 1
46 80 1
46 86 1
46 88 1
46 91 1
46 93 1
46 96 1
46 107 1
46 115 1
46 133 1
46 142 1
46 161 1
46 164 1
46 167 1
46 178 1
46 186 1
46 195 1
47 52 1
47 60 1
47 70 1
47 81 1
47 85 1
47 103 1
47 123 1
47 135 1
47 155 1
47 161 1
47 179 1
47 187 1
47 194 1
47 197 1
48 49 1
48 53 1
48 68 1
48 92 1
48 105 1
48 120 1
48 139 1
48 173 1
48 174 1
48 185 1
48 188 1
49 51 1
49 59 1
49 61 1
49 67 1
49 73 1
49 82 1
49 85 1
49 93 1
49 104 1
49 169 1
49 199 1
50 55 1
50 61 1
50 71 1
50 76 1
50 77 1
50 93 1
50 104 1
50 106 1
50 112 1
50 120 1
50 126 1
50 135 1
50 141 1
50 148 1
50 152 1
50 154 1
50 161 1
50 166 1
50 198 1
51 52 1
51 72 1
51 73 1
51 87 1
51 94 1
51 102 1
51 109 1
51 114 1
51 124 1
51 156 1
51 168 1
51 169 1
51 181 1
52 60 1
52 70 1
52 71 1
52 79 1
52 80 1
52 84 1
52 96 1
52 111 1
52 113 1
52 139 1
52 141 1
52 142 1
52 158 1
52 174 1
52 181 1
52 182 1
52 192 1
52 193 1
52 194 1
53 73 1
53 74 1
53 83 1
53 90 1
53 93 1
53 113 1
53 134 1
53 145 1
53 166 1
53 179 1
53 180 1
53 198 1
54 68 1
54 72 1
54 77 1
54 80 1
54 106 1
54 112 1
54 114 1
54 115 1
54 119 1
54 121 1
54 151 1
54 162 1
54 163 1
54 167 1
54 184 1
54 186 1
55 62 1
55 68 1
55 73 1
55 82 1
55 95 1
55 103 1
55 108 1
55 120 1
55 121 1
55 123 1
55 147 1
56 64 1
56 66 1
56 68 1
56 77 1
56 79 1
56 81 1
56 82 1
56 83 1
56 84 1
56 91 1
56 92 1
56 99 1
56 109 1
56 113 1
56 120 1
56 126 1
56 130 1
56 133 1
56 139 1
56 149 1
56 153 1
56 154 1
56 155 1
56 158 1
56 163 1
56 185 1
56 186 1
56 193 1
57 64 1
57 73 1
57 75 1
57 101 1
57 110 1
57 128 1
57 130 1
57 147 1
57 149 1
57 153 1
57 171 1
57 173 1
57 190 1
58 64 1
58 72 1
58 87 1
58 88 1
58 121 1
58 152 1
58 153 1
58 155 1
58 162 1
58 173 1
58 181 1
58 182 1
59 64 1
59 69 1
59 70 1
59 93 1
59 95 1
59 97 1
59 101 1
59 105 1
59 108 1
59 117 1
59 119 1
59 145 1
59 156 1
59 168 1
59 172 1
59 189 1
59 192 1
60 68 1
60 71 1
60 85 1
60 99 1
60 103 1
60 115 1
60 137 1
60 178 1
60 181 1
60 195 1
61 63 1
61 86 1
61 87 1
61 91 1
61 103 1
61 117 1
61 118 1
61 122 1
61 130 1
61 144 1
61 150 1
61 156 1
61 158 1
61 162 1
61 164 1
61 168 1
61 172 1
61 175 1
61 181 1
61 194 1
62 63 1
62 81 1
62 91 1
62 94 1
62 97 1
62 99 1
62 135 1
62 140 1
62 148 1
62 154 1
62 161 1
62 172 1
62 184 1
63 73 1
63 132 1
63 134 1
63 165 1
63 172 1
63 176 1
63 190 1
63 197 1
63 198 1
64 68 1
64 76 1
64 90 1
64 94 1
64 96 1
64 109 1
64 120 1
64 123 1
64 127 1
64 131 1
64 139 1
64 143 1
64 145 1
64 153 1
64 158 1
64 169 1
64 171 1
64 190 1
64 198 1
65 67 1
65 75 1
65 87 1
65 101 1
65 120 1
65 121 1
65 133 1
65 136 1
65 137 1
65 143 1
65 163 1
65 164 1
65 169 1
65 189 1
65 194 1
65 198 1
66 68 1
66 77 1
66 86 1
66 89 1
66 98 1
66 110 1
66 114 1
66 115 1
66 120 1
66 122 1
66 126 1
66 129 1
66 131 1
66 134 1
66 142 1
66 151 1
66 164 1
66 166 1
66 182 1
67 68 1
67 91 1
67 101 1
67 104 1
67 109 1
67 112 1
67 113 1
67 118 1
67 124 1
67 151 1
67 161 1
67 165 1
67 166 1
67 177 1
68 71 1
68 76 1
68 79 1
68 83 1
68 90 1
68 98 1
68 102 1
68 103 1
68 117 1
68 118 1
68 127 1
68 134 1
68 170 1
68 171 1
68 183 1
68 185 1
68 188 1
68 189 1
69 78 1
69 81 1
69 86 1
69 87 1
69 90 1
69 97 1
69 99 1
69 109 1
69 118 1
69 123 1
69 140 1
69 148 1
69 155 1
69 156 1
69 162 1
69 168 1
70 72 1
70 79 1
70 110 1
70 119 1
70 122 1
70 124 1
70 131 1
70 134 1
70 144 1
70 160 1
70 161 1
70 168 1
70 186 1
70 190 1
71 75 1
71 77 1
71 79 1
71 82 1
71 104 1
71 105 1
71 120 1
71 124 1
71 145 1
71 168 1
71 176 1
71 178 1
71 181 1
72 82 1
72 86 1
72 102 1
72 106 1
72 109 1
72 118 1
72 164 1
72 166 1
72 168 1
72 174 1
72 176 1
73 77 1
73 78 1
73 90 1
73 110 1
73 122 1
73 124 1
73 141 1
73 147 1
73 180 1
73 184 1
73 189 1
73 193 1
74 87 1
74 130 1
74 131 1
74 134 1
74 139 1
74 154 1
74 167 1
74 190 1
75 81 1
75 85 1
75 97 1
75 141 1
75 143 1
75 146 1
75 148 1
75 157 1
75 176 1
75 178 1
75 191 1
76 91 1
76 103 1
76 108 1
76 117 1
76 121 1
76 150 1
76 169 1
76 178 1
76 182 1
77 81 1
77 98 1
77 137 1
77 164 1
77 165 1
77 166 1
78 103 1
78 106 1
78 110 1
78 113 1
78 116 1
78 125 1
78 133 1
78 134 1
78 142 1
78 148 1
78 149 1
78 180 1
78 189 1
78 194 1
79 88 1
79 89 1
79 121 1
79 123 1
79 130 1
79 133 1
79 135 1
79 138 1
79 148 1
79 160 1
80 110 1
80 115 1
80 132 1
80 143 1
80 145 1
80 147 1
80 149 1
80 153 1
80 157 1
80 158 1
80 171 1
80 178 1
80 182 1
80 186 1
81 84 1
81 106 1
81 116 1
81 119 1
81 121 1
81 132 1
81 152 1
81 161 1
81 168 1
81 190 1
81 196 1
82 86 1
82 112 1
82 129 1
82 144 1
82 151 1
82 154 1
82 187 1
82 190 1
82 194 1
83 94 1
83 110 1
83 118 1
83 158 1
83 167 1
83 171 1
83 182 1
83 189 1
83 198 1
84 101 1
84 107 1
84 111 1
84 117 1
84 134 1
84 136 1
84 140 1
84 147 1
84 159 1
85 97 1
85 101 1
85 105 1
85 118 1
85 119 1
85 122 1
85 124 1
85 126 1
85 157 1
85 166 1
85 188 1
86 93 1
86 100 1
86 101 1
86 128 1
86 135 1
86 145 1
86 149 1
86 153 1
86 155 1
86 156 1
86 159 1
86 165 1
86 170 1
86 173 1
86 193 1
86 194 1
87 99 1
87 115 1
87 125 1
87 134 1
87 137 1
87 143 1
87 147 1
87 148 1
87 156 1
87 160 1
87 173 1
87 182 1
88 97 1
88 98 1
88 101 1
88 114 1
88 125 1
88 133 1
88 165 1
88 194 1
88 199 1
89 97 1
89 111 1
89 129 1
89 131 1
89 132 1
89 147 1
89 151 1
89 153 1
89 159 1
89 162 1
89 179 1
89 195 1
90 97 1
90 106 1
90 118 1
90 120 1
90 122 1
90 127 1
90 129 1
90 143 1
90 161 1
90 163 1
90 166 1
90 181 1
90 193 1
90 198 1
91 96 1
91 99 1
91 120 1
91 137 1
91 154 1
91 158 1
91 170 1
91 174 1
92 102 1
92 106 1
92 112 1
92 124 1
92 135 1
92 157 1
92 162 1
92 180 1
92 181 1
92 189 1
93 97 1
93 117 1
93 161 1
93 166 1
93 175 1
93 183 1
93 193 1
94 97 1
94 109 1
94 115 1
94 123 1
94 131 1
94 134 1
94 136 1
94 139 1
94 140 1
94 155 1
94 163 1
94 165 1
94 174 1
94 179 1
94 181 1
94 184 1
94 190 1
95 102 1
95 105 1
95 107 1
95 118 1
95 133 1
95 134 1
95 135 1
95 160 1
95 166 1
95 193 1
96 102 1
96 116 1
96 128 1
96 137 1
96 142 1
96 172 1
96 176 1
96 179 1
97 100 1
97 101 1
97 103 1
97 113 1
97 114 1
97 119 1
97 144 1
97 151 1
97 154 1
97 180 1
97 191 1
98 138 1
98 141 1
98 157 1
98 163 1
98 165 1
98 196 1
99 104 1
99 133 1
99 150 1
99 151 1
99 152 1
99 155 1
99 156 1
99 177 1
100 108 1
100 111 1
100 117 1
100 135 1
100 137 1
100 145 1
100 168 1
100 181 1
100 193 1
100 195 1
101 118 1
101 125 1
101 130 1
101 133 1
101 155 1
101 185 1
101 189 1
101 193 1
101 194 1
102 122 1
102 129 1
102 137 1
102 138 1
102 141 1
102 158 1
102 162 1
102 167 1
102 170 1
102 197 1
103 106 1
103 115 1
103 130 1
103 131 1
103 139 1
103 142 1
103 145 1
103 159 1
103 174 1
103 177 1
103 179 1
103 186 1
103 190 1
104 116 1
104 128 1
104 129 1
104 136 1
104 137 1
104 144 1
104 150 1
104 167 1
104 171 1
104 182 1
104 183 1
104 199 1
105 121 1
105 131 1
105 143 1
105 152 1
105 153 1
105 178 1
105 185 1
105 191 1
105 192 1
105 198 1
106 122 1
106 133 1
106 136 1
106 139 1
106 167 1
106 175 1
106 178 1
106 179 1
106 181 1
106 196 1
107 128 1
107 134 1
107 137 1
107 140 1
107 145 1
107 146 1
107 154 1
107 155 1
107 165 1
107 177 1
107 193 1
107 195 1
108 117 1
108 128 1
108 131 1
108 137 1
108 149 1
108 153 1
108 171 1
108 176 1
108 184 1
108 186 1
108 191 1
108 195 1
109 123 1
109 126 1
109 146 1
109 148 1
109 164 1
109 189 1
109 194 1
110 114 1
110 126 1
110 132 1
110 133 1
110 143 1
110 150 1
110 152 1
110 170 1
110 186 1
111 113 1
111 116 1
111 143 1
111 156 1
111 183 1
112 115 1
112 120 1
112 121 1
112 138 1
112 147 1
112 148 1
112 157 1
112 160 1
112 163 1
112 165 1
112 175 1
112 183 1
112 194 1
113 122 1
113 137 1
113 142 1
113 150 1
113 165 1
113 175 1
113 198 1
114 123 1
114 143 1
114 145 1
114 148 1
114 150 1
114 158 1
114 159 1
114 165 1
114 172 1
114 175 1
114 188 1
115 124 1
115 125 1
115 144 1
115 148 1
115 155 1
115 166 1
115 180 1
115 185 1
115 188 1
115 193 1
116 119 1
116 133 1
116 136 1
116 138 1
116 141 1
116 148 1
116 149 1
116 151 1
116 153 1
116 163 1
116 174 1
116 179 1
117 121 1
117 136 1
117 137 1
117 141 1
117 142 1
117 144 1
117 153 1
117 172 1
117 176 1
117 177 1
117 178 1
117 182 1
117 190 1
117 192 1
118 130 1
118 167 1
118 183 1
118 192 1
118 198 1
119 120 1
119 121 1
119 125 1
119 127 1
119 133 1
119 143 1
119 160 1
119 166 1
119 182 1
120 127 1
120 144 1
120 153 1
120 158 1
120 162 1
120 163 1
120 177 1
120 179 1
120 187 1
121 132 1
121 159 1
121 182 1
121 184 1
121 188 1
121 194 1
122 125 1
122 142 1
122 151 1
122 152 1
122 177 1
122 186 1
122 196 1
123 134 1
123 135 1
123 138 1
123 154 1
123 160 1
123 163 1
123 166 1
123 171 1
123 172 1
123 177 1
123 188 1
124 126 1
124 135 1
124 144 1
124 147 1
124 152 1
124 159 1
124 163 1
124 168 1
124 180 1
124 185 1
125 139 1
125 141 1
125 144 1
125 146 1
125 156 1
125 158 1
125 164 1
125 169 1
125 172 1
125 176 1
125 189 1
125 191 1
125 192 1
125 194 1
125 198 1
125 199 1
126 145 1
126 158 1
126 166 1
126 169 1
126 170 1
126 184 1
126 185 1
127 137 1
127 139 1
127 157 1
127 182 1
128 145 1
128 163 1
128 169 1
128 173 1
128 188 1
128 198 1
129 141 1
129 172 1
129 174 1
129 179 1
129 186 1
129 194 1
130 132 1
130 144 1
130 147 1
130 157 1
130 168 1
130 193 1
130 197 1
130 198 1
131 135 1
131 145 1
131 151 1
131 153 1
131 166 1
131 178 1
131 187 1
131 191 1
131 198 1
132 142 1
132 159 1
132 171 1
132 178 1
132 180 1
132 192 1
132 195 1
133 137 1
133 143 1
133 156 1
133 160 1
133 181 1
133 185 1
134 153 1
134 158 1
134 175 1
134 187 1
135 141 1
135 146 1
135 151 1
135 154 1
135 160 1
135 181 1
135 187 1
135 199 1
136 171 1
136 173 1
136 177 1
136 184 1
136 192 1
136 199 1
137 143 1
137 145 1
137 160 1
137 170 1
138 153 1
138 166 1
138 168 1
138 178 1
138 179 1
138 191 1
138 195 1
138 199 1
139 142 1
139 144 1
139 157 1
139 166 1
139 169 1
139 181 1
139 185 1
139 190 1
140 141 1
140 170 1
140 176 1
140 196 1
140 198 1
140 199 1
141 143 1
141 160 1
141 165 1
141 174 1
141 180 1
141 193 1
142 147 1
142 153 1
142 167 1
142 174 1
142 175 1
142 184 1
143 146 1
143 164 1
144 158 1
144 162 1
144 175 1
144 189 1
144 197 1
145 174 1
145 189 1
145 198 1
146 149 1
146 154 1
146 169 1
146 173 1
146 174 1
146 184 1
146 193 1
146 195 1
146 199 1
147 155 1
147 165 1
147 181 1
147 191 1
148 154 1
148 181 1
148 187 1
148 194 1
148 196 1
149 158 1
149 170 1
149 175 1
149 179 1
149 190 1
150 153 1
150 156 1
150 160 1
150 166 1
150 168 1
150 169 1
150 182 1
150 197 1
151 170 1
151 193 1
151 194 1
151 195 1
152 153 1
152 162 1
152 163 1
152 164 1
152 167 1
152 184 1
152 185 1
152 195 1
153 157 1
153 161 1
153 166 1
153 167 1
153 173 1
153 174 1
153 175 1
153 176 1
153 178 1
153 189 1
153 194 1
154 155 1
154 176 1
154 199 1
155 174 1
155 175 1
155 180 1
155 190 1
155 198 1
156 157 1
156 173 1
156 182 1
156 185 1
156 187 1
156 194 1
156 196 1
157 158 1
157 168 1
157 171 1
157 181 1
157 188 1
157 190 1
157 193 1
157 195 1
157 198 1
158 182 1
158 192 1
158 197 1
159 186 1
159 188 1
159 196 1
160 170 1
160 173 1
160 176 1
160 192 1
161 169 1
161 175 1
161 176 1
161 197 1
162 164 1
162 175 1
162 176 1
162 180 1
162 184 1
162 197 1
162 199 1
163 167 1
163 174 1
163 181 1
163 185 1
163 188 1
163 190 1
164 180 1
164 183 1
164 185 1
164 186 1
164 191 1
164 195 1
164 196 1
164 199 1
165 171 1
165 175 1
165 176 1
165 188 1
165 194 1
166 167 1
166 168 1
166 176 1
166 183 1
167 176 1
167 194 1
167 195 1
167 198 1
168 179 1
168 183 1
168 185 1
168 199 1
169 178 1
170 176 1
170 184 1
171 174 1
171 194 1
171 199 1
172 175 1
172 183 1
172 187 1
172 189 1
172 196 1
173 189 1
173 192 1
173 194 1
174 181 1
174 182 1
175 180 1
175 183 1
175 187 1
175 193 1
176 182 1
176 186 1
177 184 1
177 187 1
177 189 1
177 192 1
178 185 1
179 181 1
179 197 1
180 187 1
180 193 1
180 195 1
181 185 1
181 192 1
181 193 1
182 183 1
184 188 1
184 192 1
184 193 1
184 196 1
185 189 1
186 190 1
186 194 1
186 196 1
187 190 1
187 199 1
188 190 1
188 192 1
189 192 1
189 196 1
190 191 1
190 197 1
192 193 1
192 196 1
195 199 1
196 197 1
1
142 123 176 33 153 74 124 63 93 125 110 73 51 196 116 65 197 82 184 17
