206
0 1 1
0 2 1
0 3 1
0 5 1
0 8 1
0 9 1
0 11 1
0 12 1
0 13 1
0 15 1
0 16 1
0 18 1
0 21 1
0 22 1
0 23 1
0 24 1
0 26 1
0 28 1
1 2 1
1 5 1
1 6 1
1 10 1
1 13 1
1 17 1
1 18 1
1 23 1
1 24 1
1 25 1
1 28 1
2 4 1
2 10 1
2 11 1
2 12 1
2 13 1
2 16 1
2 17 1
2 18 1
2 19 1
2 20 1
2 28 1
2 29 1
3 9 1
3 10 1
3 13 1
3 15 1
3 16 1
3 18 1
3 19 1
3 23 1
3 24 1
3 25 1
3 26 1
3 27 1
4 5 1
4 6 1
4 7 1
4 8 1
4 11 1
4 12 1
4 13 1
4 14 1
4 16 1
4 20 1
4 21 1
4 23 1
4 27 1
4 28 1
4 29 1
5 7 1
5 11 1
5 13 1
5 16 1
5 18 1
5 21 1
5 23 1
5 27 1
6 7 1
6 14 1
6 19 1
6 23 1
6 24 1
6 29 1
7 8 1
7 10 1
7 13 1
7 14 1
7 16 1
7 17 1
7 21 1
7 22 1
7 23 1
7 28 1
8 9 1
8 11 1
8 13 1
8 17 1
8 18 1
8 19 1
8 20 1
8 22 1
8 25 1
8 26 1
8 28 1
9 11 1
9 13 1
9 14 1
9 16 1
9 17 1
9 20 1
9 21 1
9 22 1
9 23 1
9 28 1
10 13 1
10 16 1
10 17 1
10 21 1
10 23 1
10 24 1
10 26 1
10 27 1
10 28 1
10 29 1
11 13 1
11 17 1
11 18 1
11 19 1
11 20 1
11 23 1
11 25 1
11 26 1
11 28 1
11 29 1
12 13 1
12 15 1
12 16 1
12 17 1
12 20 1
12 21 1
12 24 1
12 26 1
12 29 1
13 14 1
13 15 1
13 18 1
13 22 1
13 23 1
13 25 1
13 26 1
13 27 1
13 28 1
14 16 1
14 17 1
14 20 1
14 22 1
14 23 1
14 27 1
15 20 1
15 21 1
15 24 1
15 26 1
15 27 1
15 28 1
16 18 1
16 19 1
16 20 1
16 21 1
16 23 1
16 24 1
16 28 1
17 18 1
17 19 1
17 22 1
17 27 1
18 19 1
18 20 1
18 21 1
18 23 1
18 24 1
18 25 1
18 27 1
19 20 1
19 21 1
19 23 1
19 25 1
20 21 1
20 22 1
20 23 1
20 26 1
20 28 1
20 29 1
21 22 1
21 23 1
21 24 1
21 26 1
21 27 1
21 28 1
22 26 1
22 28 1
23 24 1
23 25 1
23 27 1
23 29 1
24 28 1
25 27 1
27 29 1
1
25 28 18
