486
0 1 1
0 11 1
0 15 1
0 16 1
0 23 1
0 27 1
0 28 1
0 29 1
0 31 1
0 37 1
0 39 1
0 40 1
0 42 1
0 46 1
0 47 1
0 48 1
0 50 1
1 9 1
1 12 1
1 17 1
1 20 1
1 25 1
1 32 1
1 34 1
1 39 1
1 41 1
1 43 1
1 44 1
1 47 1
1 52 1
2 4 1
2 5 1
2 6 1
2 9 1
2 13 1
2 16 1
2 22 1
2 31 1
2 32 1
2 33 1
2 36 1
2 42 1
2 44 1
2 47 1
2 53 1
2 54 1
2 58 1
3 7 1
3 20 1
3 23 1
3 24 1
3 26 1
3 30 1
3 31 1
3 34 1
3 37 1
3 38 1
3 41 1
3 42 1
3 45 1
3 49 1
3 52 1
3 53 1
3 56 1
4 22 1
4 23 1
4 24 1
4 25 1
4 28 1
4 36 1
4 39 1
4 46 1
4 47 1
4 48 1
4 56 1
4 57 1
4 59 1
5 7 1
5 10 1
5 15 1
5 18 1
5 24 1
5 27 1
5 31 1
5 32 1
5 40 1
5 43 1
5 57 1
6 9 1
6 14 1
6 17 1
6 20 1
6 22 1
6 28 1
6 36 1
6 43 1
6 44 1
6 51 1
6 54 1
6 57 1
7 11 1
7 22 1
7 27 1
7 29 1
7 33 1
7 39 1
7 41 1
7 43 1
7 52 1
7 53 1
7 59 1
8 13 1
8 14 1
8 21 1
8 22 1
8 24 1
8 27 1
8 28 1
8 30 1
8 34 1
8 38 1
8 44 1
8 45 1
8 48 1
8 53 1
8 58 1
9 12 1
9 15 1
9 23 1
9 27 1
9 28 1
9 33 1
9 36 1
9 38 1
9 41 1
9 45 1
9 48 1
9 49 1
9 50 1
9 55 1
9 56 1
10 11 1
10 12 1
10 13 1
10 17 1
10 24 1
10 28 1
10 34 1
10 35 1
10 36 1
10 41 1
10 45 1
10 47 1
10 56 1
10 57 1
11 12 1
11 15 1
11 16 1
11 17 1
11 19 1
11 23 1
11 24 1
11 27 1
11 28 1
11 30 1
11 31 1
11 32 1
11 41 1
11 47 1
12 16 1
12 19 1
12 31 1
12 35 1
12 37 1
12 41 1
12 43 1
12 51 1
12 52 1
12 55 1
12 58 1
13 14 1
13 15 1
13 19 1
13 21 1
13 22 1
13 25 1
13 29 1
13 30 1
13 36 1
13 38 1
13 39 1
13 41 1
13 42 1
13 43 1
13 45 1
13 46 1
13 51 1
13 54 1
13 55 1
14 15 1
14 17 1
14 19 1
14 24 1
14 25 1
14 26 1
14 28 1
14 30 1
14 32 1
14 33 1
14 40 1
14 45 1
14 46 1
14 48 1
14 49 1
14 50 1
14 54 1
14 55 1
14 57 1
15 22 1
15 23 1
15 32 1
15 37 1
15 38 1
15 41 1
15 47 1
15 50 1
15 52 1
16 20 1
16 22 1
16 23 1
16 25 1
16 33 1
16 35 1
16 45 1
16 50 1
16 54 1
16 59 1
17 23 1
17 27 1
17 28 1
17 36 1
17 39 1
17 43 1
17 45 1
17 47 1
17 48 1
17 54 1
17 55 1
17 56 1
17 57 1
17 59 1
18 24 1
18 25 1
18 30 1
18 31 1
18 35 1
18 37 1
18 41 1
18 47 1
19 20 1
19 26 1
19 30 1
19 31 1
19 34 1
19 35 1
19 36 1
19 44 1
19 46 1
19 51 1
19 52 1
19 53 1
19 54 1
20 21 1
20 22 1
20 27 1
20 31 1
20 40 1
20 47 1
20 50 1
20 53 1
21 27 1
21 28 1
21 32 1
21 36 1
21 39 1
21 41 1
21 44 1
21 46 1
21 50 1
21 53 1
22 23 1
22 25 1
22 26 1
22 35 1
22 45 1
22 49 1
22 50 1
23 28 1
23 29 1
23 34 1
23 36 1
23 41 1
23 46 1
23 49 1
23 50 1
23 51 1
23 54 1
23 55 1
23 57 1
23 58 1
24 28 1
24 29 1
24 31 1
24 33 1
24 34 1
24 36 1
24 37 1
24 39 1
24 47 1
24 48 1
24 51 1
24 53 1
24 59 1
25 26 1
25 28 1
25 29 1
25 30 1
25 34 1
25 35 1
25 37 1
25 44 1
25 45 1
25 47 1
26 33 1
26 39 1
26 41 1
26 43 1
26 45 1
26 46 1
26 47 1
26 53 1
26 54 1
26 55 1
26 56 1
27 30 1
27 31 1
27 35 1
27 36 1
27 46 1
27 48 1
27 51 1
27 54 1
27 55 1
27 57 1
27 59 1
28 38 1
28 40 1
28 41 1
28 48 1
28 49 1
28 54 1
28 56 1
28 57 1
28 58 1
28 59 1
29 31 1
29 34 1
29 35 1
29 36 1
29 37 1
29 39 1
29 44 1
29 51 1
29 55 1
29 59 1
30 32 1
30 35 1
30 47 1
30 51 1
30 53 1
31 34 1
31 39 1
31 42 1
31 43 1
31 46 1
31 49 1
31 55 1
31 57 1
31 59 1
32 36 1
32 38 1
32 42 1
32 50 1
32 52 1
32 54 1
32 56 1
33 37 1
33 39 1
33 43 1
33 50 1
33 53 1
33 59 1
34 35 1
34 38 1
34 43 1
34 45 1
34 47 1
34 48 1
34 50 1
34 56 1
34 57 1
34 58 1
35 40 1
35 43 1
35 45 1
35 48 1
35 51 1
35 54 1
35 57 1
35 58 1
36 37 1
36 41 1
36 45 1
36 48 1
36 49 1
36 55 1
37 39 1
37 42 1
37 43 1
37 45 1
37 59 1
38 47 1
38 55 1
38 56 1
39 40 1
39 43 1
40 41 1
40 48 1
40 51 1
40 57 1
41 43 1
41 44 1
41 45 1
41 59 1
42 48 1
42 51 1
42 53 1
42 56 1
43 44 1
43 46 1
43 56 1
44 45 1
44 46 1
44 48 1
44 54 1
45 47 1
45 48 1
45 49 1
45 51 1
45 59 1
46 47 1
46 48 1
46 50 1
46 51 1
46 52 1
46 53 1
46 55 1
47 49 1
47 53 1
47 55 1
47 56 1
47 58 1
48 52 1
48 57 1
49 50 1
49 56 1
50 51 1
51 54 1
51 56 1
51 57 1
52 54 1
53 54 1
55 57 1
55 58 1
55 59 1
56 59 1
1
58 22 48 24 34 9
