877
0 4 1
0 5 1
0 13 1
0 18 1
0 22 1
0 27 1
0 28 1
0 32 1
0 35 1
0 37 1
0 38 1
0 49 1
0 50 1
0 55 1
0 57 1
0 63 1
0 69 1
0 72 1
0 86 1
0 87 1
0 88 1
0 96 1
1 10 1
1 12 1
1 15 1
1 25 1
1 37 1
1 39 1
1 51 1
1 52 1
1 53 1
1 55 1
1 56 1
1 57 1
1 59 1
1 61 1
1 67 1
1 68 1
1 70 1
1 74 1
1 81 1
1 90 1
2 6 1
2 8 1
2 11 1
2 13 1
2 16 1
2 18 1
2 19 1
2 20 1
2 26 1
2 33 1
2 38 1
2 52 1
2 55 1
2 68 1
2 73 1
2 74 1
2 75 1
2 82 1
2 86 1
3 9 1
3 15 1
3 17 1
3 20 1
3 29 1
3 55 1
3 58 1
3 60 1
3 73 1
3 74 1
3 82 1
3 86 1
3 87 1
3 89 1
4 23 1
4 26 1
4 29 1
4 39 1
4 43 1
4 44 1
4 47 1
4 48 1
4 52 1
4 54 1
4 55 1
4 62 1
4 71 1
4 77 1
4 86 1
4 87 1
4 89 1
4 90 1
4 92 1
5 16 1
5 19 1
5 22 1
5 32 1
5 33 1
5 35 1
5 42 1
5 50 1
5 56 1
5 61 1
5 64 1
5 67 1
5 76 1
5 77 1
5 87 1
5 88 1
5 93 1
6 14 1
6 15 1
6 19 1
6 23 1
6 29 1
6 33 1
6 35 1
6 37 1
6 41 1
6 54 1
6 59 1
6 61 1
6 67 1
6 69 1
6 73 1
6 76 1
6 77 1
6 87 1
6 88 1
6 92 1
6 98 1
7 9 1
7 12 1
7 18 1
7 24 1
7 25 1
7 26 1
7 45 1
7 54 1
7 55 1
7 61 1
7 66 1
7 68 1
7 77 1
7 90 1
7 95 1
8 11 1
8 14 1
8 24 1
8 27 1
8 29 1
8 35 1
8 40 1
8 56 1
8 62 1
8 72 1
8 74 1
8 85 1
8 98 1
9 10 1
9 12 1
9 15 1
9 23 1
9 28 1
9 31 1
9 35 1
9 36 1
9 42 1
9 45 1
9 53 1
9 65 1
9 69 1
9 72 1
9 85 1
9 89 1
9 99 1
10 15 1
10 16 1
10 17 1
10 27 1
10 36 1
10 39 1
10 40 1
10 42 1
10 44 1
10 51 1
10 56 1
10 59 1
10 66 1
10 69 1
10 72 1
10 74 1
10 85 1
11 18 1
11 23 1
11 35 1
11 37 1
11 45 1
11 49 1
11 54 1
11 61 1
11 62 1
11 65 1
11 67 1
11 70 1
11 72 1
11 86 1
11 96 1
11 99 1
12 15 1
12 20 1
12 23 1
12 43 1
12 48 1
12 53 1
12 59 1
12 60 1
12 63 1
12 69 1
12 76 1
12 78 1
12 82 1
12 88 1
12 98 1
12 99 1
13 16 1
13 28 1
13 29 1
13 32 1
13 35 1
13 37 1
13 49 1
13 50 1
13 54 1
13 55 1
13 77 1
13 81 1
13 86 1
14 25 1
14 29 1
14 30 1
14 33 1
14 37 1
14 38 1
14 51 1
14 57 1
14 60 1
14 69 1
14 72 1
14 73 1
14 75 1
14 78 1
14 84 1
14 89 1
14 97 1
15 19 1
15 20 1
15 29 1
15 34 1
15 36 1
15 42 1
15 43 1
15 44 1
15 46 1
15 76 1
15 79 1
15 87 1
16 21 1
16 24 1
16 25 1
16 33 1
16 34 1
16 36 1
16 39 1
16 41 1
16 57 1
16 60 1
16 67 1
16 80 1
16 87 1
16 99 1
17 19 1
17 26 1
17 42 1
17 58 1
17 61 1
17 64 1
17 70 1
17 75 1
17 81 1
17 83 1
17 91 1
17 95 1
18 21 1
18 42 1
18 43 1
18 49 1
18 56 1
18 63 1
18 66 1
18 72 1
18 80 1
18 90 1
18 94 1
18 95 1
18 96 1
19 37 1
19 43 1
19 44 1
19 59 1
19 80 1
19 92 1
20 29 1
20 52 1
20 56 1
20 62 1
20 65 1
20 77 1
20 81 1
20 88 1
20 89 1
21 25 1
21 28 1
21 30 1
21 35 1
21 36 1
21 41 1
21 42 1
21 43 1
21 46 1
21 49 1
21 65 1
21 69 1
21 72 1
21 75 1
21 78 1
21 84 1
21 85 1
21 95 1
22 23 1
22 26 1
22 32 1
22 37 1
22 38 1
22 39 1
22 46 1
22 58 1
22 65 1
22 70 1
22 73 1
22 74 1
22 80 1
22 86 1
22 89 1
23 24 1
23 27 1
23 35 1
23 47 1
23 54 1
23 69 1
23 80 1
23 83 1
23 86 1
24 26 1
24 27 1
24 29 1
24 36 1
24 41 1
24 55 1
24 57 1
24 63 1
24 68 1
24 71 1
24 73 1
24 75 1
24 82 1
24 86 1
24 87 1
24 95 1
24 96 1
25 31 1
25 36 1
25 40 1
25 41 1
25 49 1
25 50 1
25 56 1
25 63 1
25 67 1
25 72 1
25 86 1
25 88 1
25 94 1
25 97 1
26 35 1
26 40 1
26 43 1
26 45 1
26 46 1
26 47 1
26 52 1
26 53 1
26 55 1
26 58 1
26 59 1
26 66 1
26 71 1
26 78 1
26 82 1
26 89 1
26 92 1
26 98 1
26 99 1
27 31 1
27 37 1
27 38 1
27 48 1
27 51 1
27 63 1
27 80 1
27 84 1
27 91 1
27 94 1
27 96 1
28 38 1
28 40 1
28 47 1
28 48 1
28 52 1
28 53 1
28 57 1
28 58 1
28 61 1
28 65 1
28 67 1
28 70 1
28 78 1
28 92 1
28 94 1
28 96 1
29 33 1
29 34 1
29 35 1
29 42 1
29 66 1
29 70 1
29 74 1
29 77 1
29 85 1
29 93 1
29 96 1
29 97 1
30 34 1
30 45 1
30 47 1
30 52 1
30 56 1
30 64 1
30 71 1
30 86 1
30 95 1
30 99 1
31 35 1
31 39 1
31 48 1
31 54 1
31 55 1
31 63 1
31 65 1
31 69 1
31 70 1
31 75 1
31 81 1
31 90 1
31 91 1
32 37 1
32 38 1
32 39 1
32 40 1
32 42 1
32 44 1
32 58 1
32 62 1
32 64 1
32 65 1
32 72 1
32 76 1
32 81 1
32 83 1
32 89 1
32 96 1
32 99 1
33 38 1
33 39 1
33 57 1
33 59 1
33 71 1
33 73 1
33 75 1
33 76 1
33 84 1
33 92 1
33 93 1
34 40 1
34 44 1
34 45 1
34 48 1
34 59 1
34 68 1
34 69 1
34 83 1
34 92 1
34 93 1
34 95 1
35 43 1
35 49 1
35 51 1
35 55 1
35 57 1
35 61 1
35 62 1
35 64 1
35 67 1
35 73 1
35 78 1
35 79 1
35 86 1
35 92 1
35 93 1
36 38 1
36 44 1
36 50 1
36 55 1
36 71 1
36 78 1
36 81 1
36 83 1
36 93 1
36 99 1
37 38 1
37 41 1
37 48 1
37 49 1
37 57 1
37 64 1
37 70 1
37 74 1
37 75 1
37 78 1
37 83 1
37 85 1
37 91 1
37 95 1
37 99 1
38 44 1
38 48 1
38 49 1
38 52 1
38 53 1
38 79 1
38 90 1
38 91 1
38 93 1
38 99 1
39 40 1
39 42 1
39 44 1
39 62 1
39 65 1
39 90 1
39 94 1
39 95 1
40 47 1
40 63 1
40 66 1
40 76 1
40 78 1
40 79 1
40 95 1
41 51 1
41 58 1
41 60 1
41 61 1
41 67 1
41 68 1
41 79 1
41 80 1
41 85 1
41 90 1
41 92 1
42 44 1
42 53 1
42 56 1
42 65 1
42 68 1
42 71 1
42 72 1
42 73 1
42 77 1
42 84 1
42 85 1
43 46 1
43 51 1
43 59 1
43 71 1
43 85 1
43 87 1
43 90 1
44 57 1
44 59 1
44 61 1
44 69 1
44 77 1
44 86 1
44 89 1
45 54 1
45 56 1
45 60 1
45 61 1
45 67 1
45 90 1
45 92 1
45 96 1
46 52 1
46 53 1
46 76 1
46 83 1
46 84 1
46 92 1
46 95 1
47 50 1
47 54 1
47 59 1
47 63 1
47 79 1
47 83 1
47 86 1
47 92 1
47 96 1
48 55 1
48 57 1
48 59 1
48 64 1
48 73 1
48 75 1
48 79 1
48 84 1
48 87 1
48 88 1
48 98 1
48 99 1
49 54 1
49 63 1
49 65 1
49 68 1
49 82 1
49 88 1
49 94 1
49 97 1
50 58 1
50 60 1
50 63 1
50 64 1
50 70 1
50 76 1
50 77 1
50 86 1
50 88 1
50 91 1
50 92 1
50 96 1
51 52 1
51 54 1
51 55 1
51 76 1
51 80 1
51 85 1
51 90 1
51 94 1
52 56 1
52 60 1
52 67 1
52 76 1
52 79 1
52 85 1
52 86 1
52 89 1
52 90 1
52 98 1
53 57 1
53 59 1
53 62 1
53 69 1
53 79 1
53 85 1
53 86 1
53 93 1
54 55 1
54 64 1
54 66 1
54 68 1
54 77 1
54 79 1
54 82 1
54 84 1
54 94 1
54 96 1
55 61 1
55 62 1
55 70 1
55 84 1
55 88 1
55 92 1
55 95 1
55 97 1
56 60 1
56 63 1
56 67 1
56 69 1
56 70 1
56 71 1
56 75 1
56 79 1
56 88 1
56 95 1
56 97 1
57 58 1
57 71 1
57 77 1
57 82 1
57 86 1
57 93 1
57 99 1
58 64 1
58 66 1
58 75 1
58 81 1
58 82 1
58 85 1
59 63 1
59 73 1
59 83 1
59 87 1
60 65 1
60 67 1
60 72 1
60 73 1
60 76 1
60 95 1
60 98 1
61 63 1
61 84 1
61 85 1
61 90 1
61 99 1
62 76 1
62 86 1
62 98 1
62 99 1
63 77 1
63 80 1
63 85 1
63 93 1
63 99 1
64 68 1
64 74 1
64 75 1
64 80 1
64 92 1
64 99 1
65 75 1
65 84 1
65 87 1
65 91 1
65 97 1
66 71 1
66 83 1
66 84 1
66 90 1
66 97 1
67 72 1
67 80 1
67 85 1
67 86 1
67 90 1
68 72 1
68 73 1
68 75 1
68 80 1
68 81 1
68 83 1
68 85 1
68 95 1
68 97 1
68 99 1
69 74 1
69 78 1
70 77 1
70 82 1
70 94 1
71 82 1
71 91 1
71 95 1
71 97 1
72 75 1
72 76 1
72 86 1
72 87 1
72 88 1
73 75 1
73 76 1
73 77 1
73 78 1
73 80 1
73 88 1
74 76 1
74 86 1
74 89 1
74 94 1
74 96 1
75 78 1
75 82 1
75 87 1
75 93 1
75 98 1
76 82 1
76 83 1
76 85 1
76 90 1
76 92 1
76 95 1
76 99 1
77 84 1
77 88 1
78 80 1
78 83 1
78 87 1
78 99 1
79 82 1
79 95 1
80 87 1
80 88 1
80 93 1
80 94 1
81 92 1
82 87 1
82 89 1
83 94 1
83 98 1
84 89 1
84 92 1
84 93 1
84 99 1
86 87 1
86 88 1
86 90 1
86 92 1
86 99 1
87 99 1
88 90 1
88 91 1
88 93 1
89 91 1
89 92 1
89 97 1
90 93 1
90 95 1
91 94 1
91 98 1
92 94 1
92 98 1
92 99 1
93 95 1
94 96 1
95 99 1
97 98 1
1
72 41 74 85 15 59 26 33 6 53
