1286
0 11 1
0 16 1
0 25 1
0 33 1
0 51 1
0 61 1
0 65 1
0 66 1
0 68 1
0 75 1
0 76 1
0 78 1
0 83 1
0 90 1
0 95 1
0 100 1
0 101 1
0 108 1
0 114 1
0 125 1
0 128 1
1 10 1
1 12 1
1 17 1
1 25 1
1 26 1
1 33 1
1 43 1
1 48 1
1 49 1
1 65 1
1 71 1
1 73 1
1 76 1
1 82 1
1 92 1
1 106 1
1 113 1
1 114 1
2 9 1
2 29 1
2 31 1
2 36 1
2 48 1
2 62 1
2 63 1
2 73 1
2 81 1
2 92 1
2 95 1
2 99 1
2 105 1
2 116 1
2 122 1
2 124 1
2 126 1
3 6 1
3 12 1
3 13 1
3 22 1
3 30 1
3 35 1
3 41 1
3 46 1
3 55 1
3 59 1
3 61 1
3 63 1
3 70 1
3 78 1
3 93 1
3 98 1
3 100 1
3 106 1
3 110 1
3 117 1
3 122 1
3 125 1
3 128 1
4 7 1
4 18 1
4 26 1
4 51 1
4 57 1
4 67 1
4 70 1
4 72 1
4 96 1
4 101 1
4 110 1
4 114 1
4 115 1
4 121 1
4 127 1
4 129 1
5 10 1
5 14 1
5 26 1
5 28 1
5 32 1
5 38 1
5 39 1
5 40 1
5 45 1
5 52 1
5 53 1
5 54 1
5 61 1
5 65 1
5 74 1
5 80 1
5 82 1
5 87 1
5 92 1
5 93 1
5 103 1
5 114 1
6 15 1
6 21 1
6 22 1
6 25 1
6 27 1
6 31 1
6 38 1
6 47 1
6 70 1
6 73 1
6 78 1
6 80 1
6 81 1
6 85 1
6 91 1
6 92 1
6 96 1
6 97 1
6 98 1
6 108 1
6 109 1
6 110 1
6 127 1
6 128 1
7 10 1
7 13 1
7 14 1
7 19 1
7 22 1
7 30 1
7 36 1
7 41 1
7 49 1
7 57 1
7 69 1
7 72 1
7 75 1
7 76 1
7 89 1
7 91 1
7 110 1
7 112 1
7 118 1
7 120 1
7 122 1
7 123 1
8 10 1
8 19 1
8 31 1
8 42 1
8 47 1
8 76 1
8 91 1
8 97 1
8 99 1
8 102 1
8 115 1
8 118 1
8 119 1
8 122 1
8 125 1
9 10 1
9 16 1
9 17 1
9 18 1
9 19 1
9 25 1
9 30 1
9 33 1
9 35 1
9 37 1
9 38 1
9 46 1
9 49 1
9 52 1
9 54 1
9 57 1
9 61 1
9 62 1
9 63 1
9 72 1
9 96 1
9 105 1
9 110 1
9 112 1
9 121 1
9 128 1
10 14 1
10 16 1
10 22 1
10 24 1
10 31 1
10 35 1
10 44 1
10 64 1
10 65 1
10 75 1
10 80 1
10 87 1
10 91 1
10 94 1
10 99 1
10 102 1
10 108 1
10 122 1
10 129 1
11 13 1
11 17 1
11 23 1
11 24 1
11 32 1
11 37 1
11 38 1
11 40 1
11 43 1
11 51 1
11 55 1
11 56 1
11 61 1
11 72 1
11 79 1
11 81 1
11 93 1
11 106 1
11 124 1
12 14 1
12 17 1
12 19 1
12 21 1
12 25 1
12 29 1
12 40 1
12 45 1
12 48 1
12 54 1
12 62 1
12 64 1
12 98 1
12 99 1
12 101 1
12 113 1
12 117 1
12 118 1
12 120 1
13 16 1
13 35 1
13 52 1
13 60 1
13 72 1
13 81 1
13 86 1
13 88 1
13 97 1
13 98 1
13 105 1
13 110 1
13 119 1
13 123 1
14 18 1
14 24 1
14 27 1
14 32 1
14 42 1
14 44 1
14 47 1
14 59 1
14 61 1
14 64 1
14 76 1
14 83 1
14 90 1
14 101 1
14 103 1
14 104 1
14 117 1
14 120 1
14 127 1
14 128 1
15 34 1
15 40 1
15 41 1
15 42 1
15 44 1
15 48 1
15 52 1
15 55 1
15 56 1
15 65 1
15 71 1
15 91 1
15 115 1
15 122 1
15 123 1
15 126 1
16 21 1
16 27 1
16 34 1
16 35 1
16 36 1
16 39 1
16 40 1
16 49 1
16 51 1
16 59 1
16 72 1
16 75 1
16 83 1
16 89 1
16 99 1
16 103 1
16 112 1
16 113 1
16 116 1
16 119 1
16 121 1
16 125 1
17 20 1
17 26 1
17 34 1
17 40 1
17 42 1
17 44 1
17 51 1
17 60 1
17 75 1
17 90 1
17 93 1
17 95 1
17 96 1
17 97 1
17 99 1
17 118 1
17 124 1
17 129 1
18 22 1
18 27 1
18 33 1
18 38 1
18 39 1
18 54 1
18 57 1
18 63 1
18 71 1
18 72 1
18 93 1
18 95 1
18 106 1
18 118 1
18 125 1
18 129 1
19 30 1
19 38 1
19 47 1
19 52 1
19 54 1
19 59 1
19 61 1
19 68 1
19 78 1
19 83 1
19 92 1
19 109 1
19 114 1
19 127 1
20 25 1
20 36 1
20 43 1
20 44 1
20 51 1
20 72 1
20 87 1
20 100 1
20 112 1
20 127 1
20 128 1
21 22 1
21 23 1
21 31 1
21 32 1
21 40 1
21 43 1
21 47 1
21 60 1
21 64 1
21 78 1
21 79 1
21 81 1
21 87 1
21 88 1
21 91 1
21 94 1
21 107 1
21 115 1
21 120 1
22 23 1
22 24 1
22 29 1
22 32 1
22 41 1
22 53 1
22 59 1
22 85 1
22 104 1
22 107 1
22 111 1
22 121 1
22 122 1
22 127 1
22 128 1
23 26 1
23 32 1
23 39 1
23 40 1
23 46 1
23 62 1
23 64 1
23 70 1
23 71 1
23 75 1
23 76 1
23 82 1
23 91 1
23 96 1
23 100 1
23 121 1
23 125 1
24 25 1
24 33 1
24 78 1
24 82 1
24 83 1
24 87 1
24 90 1
24 92 1
24 94 1
24 107 1
24 112 1
24 113 1
24 114 1
24 118 1
25 47 1
25 59 1
25 60 1
25 63 1
25 64 1
25 70 1
25 71 1
25 87 1
25 101 1
25 118 1
25 123 1
25 128 1
26 36 1
26 39 1
26 57 1
26 59 1
26 61 1
26 74 1
26 75 1
26 76 1
26 92 1
26 101 1
26 103 1
26 105 1
26 107 1
26 110 1
26 118 1
26 128 1
27 29 1
27 38 1
27 46 1
27 51 1
27 59 1
27 64 1
27 80 1
27 81 1
27 84 1
27 85 1
27 86 1
27 101 1
27 102 1
27 106 1
27 122 1
28 38 1
28 45 1
28 56 1
28 57 1
28 62 1
28 64 1
28 66 1
28 72 1
28 74 1
28 75 1
28 83 1
28 87 1
28 98 1
28 107 1
28 115 1
28 123 1
28 129 1
29 33 1
29 41 1
29 43 1
29 53 1
29 57 1
29 64 1
29 78 1
29 81 1
29 86 1
29 88 1
29 91 1
29 95 1
29 98 1
29 108 1
29 118 1
29 120 1
29 123 1
29 126 1
29 128 1
30 31 1
30 33 1
30 44 1
30 45 1
30 51 1
30 57 1
30 58 1
30 73 1
30 92 1
30 96 1
30 101 1
30 107 1
30 115 1
30 120 1
30 125 1
31 44 1
31 54 1
31 59 1
31 63 1
31 90 1
31 96 1
31 103 1
31 120 1
32 39 1
32 45 1
32 47 1
32 48 1
32 55 1
32 57 1
32 64 1
32 75 1
32 77 1
32 81 1
32 95 1
32 97 1
32 103 1
32 105 1
32 116 1
32 122 1
33 42 1
33 44 1
33 50 1
33 51 1
33 53 1
33 55 1
33 58 1
33 59 1
33 65 1
33 66 1
33 70 1
33 72 1
33 81 1
33 83 1
33 88 1
33 89 1
33 92 1
33 94 1
33 104 1
33 105 1
33 117 1
33 118 1
33 126 1
34 49 1
34 78 1
34 87 1
34 94 1
34 97 1
34 98 1
34 100 1
34 107 1
34 120 1
35 44 1
35 50 1
35 53 1
35 61 1
35 62 1
35 67 1
35 68 1
35 72 1
35 76 1
35 83 1
35 86 1
35 98 1
35 105 1
36 42 1
36 45 1
36 47 1
36 56 1
36 69 1
36 70 1
36 86 1
36 88 1
36 91 1
36 96 1
36 112 1
36 113 1
36 114 1
36 124 1
36 128 1
37 54 1
37 58 1
37 59 1
37 61 1
37 66 1
37 70 1
37 74 1
37 76 1
37 81 1
37 96 1
37 97 1
37 105 1
37 108 1
38 39 1
38 40 1
38 45 1
38 46 1
38 49 1
38 67 1
38 76 1
38 91 1
38 92 1
38 96 1
38 102 1
38 111 1
38 114 1
38 116 1
39 40 1
39 42 1
39 47 1
39 53 1
39 54 1
39 55 1
39 57 1
39 58 1
39 64 1
39 72 1
39 81 1
39 100 1
39 101 1
39 103 1
39 104 1
39 111 1
39 114 1
39 117 1
39 121 1
39 123 1
40 55 1
40 57 1
40 63 1
40 66 1
40 74 1
40 75 1
40 85 1
40 86 1
40 122 1
40 128 1
41 47 1
41 56 1
41 61 1
41 71 1
41 82 1
41 86 1
41 104 1
41 117 1
41 120 1
42 50 1
42 54 1
42 56 1
42 58 1
42 63 1
42 90 1
42 91 1
42 107 1
42 123 1
42 127 1
42 128 1
43 49 1
43 54 1
43 55 1
43 93 1
43 108 1
43 114 1
43 123 1
43 125 1
43 129 1
44 45 1
44 53 1
44 59 1
44 62 1
44 73 1
44 77 1
44 81 1
44 104 1
44 108 1
44 124 1
45 48 1
45 64 1
45 75 1
45 80 1
45 92 1
45 95 1
45 98 1
45 106 1
45 109 1
45 113 1
45 117 1
45 122 1
46 51 1
46 52 1
46 55 1
46 66 1
46 81 1
46 84 1
46 94 1
46 95 1
46 100 1
46 101 1
46 102 1
46 103 1
46 109 1
46 118 1
46 120 1
46 126 1
47 58 1
47 68 1
47 69 1
47 78 1
47 80 1
47 84 1
47 93 1
47 94 1
47 97 1
47 103 1
47 112 1
47 113 1
47 116 1
48 53 1
48 56 1
48 72 1
48 83 1
48 86 1
48 94 1
48 99 1
48 107 1
48 119 1
49 53 1
49 56 1
49 62 1
49 66 1
49 67 1
49 70 1
49 73 1
49 74 1
49 80 1
49 85 1
49 94 1
49 105 1
49 107 1
49 124 1
49 125 1
49 128 1
50 52 1
50 54 1
50 67 1
50 78 1
50 88 1
50 96 1
50 117 1
50 128 1
51 54 1
51 65 1
51 73 1
51 84 1
51 87 1
51 100 1
51 106 1
51 112 1
51 127 1
52 63 1
52 79 1
52 90 1
52 91 1
52 103 1
52 111 1
52 117 1
52 119 1
53 58 1
53 65 1
53 68 1
53 69 1
53 70 1
53 73 1
53 77 1
53 81 1
53 93 1
53 98 1
53 103 1
53 108 1
53 113 1
54 56 1
54 59 1
54 68 1
54 72 1
54 81 1
54 83 1
54 88 1
54 94 1
54 98 1
54 102 1
54 105 1
54 107 1
54 118 1
54 126 1
55 56 1
55 58 1
55 65 1
55 66 1
55 79 1
55 84 1
55 106 1
55 123 1
56 63 1
56 65 1
56 68 1
56 85 1
56 89 1
56 96 1
56 99 1
56 107 1
56 108 1
56 113 1
56 115 1
56 117 1
57 63 1
57 64 1
57 73 1
57 78 1
57 81 1
57 88 1
57 95 1
57 96 1
57 99 1
57 106 1
57 108 1
57 111 1
57 112 1
57 116 1
57 118 1
57 123 1
57 124 1
58 61 1
58 68 1
58 73 1
58 75 1
58 92 1
58 100 1
58 113 1
59 62 1
59 63 1
59 64 1
59 67 1
59 71 1
59 76 1
59 82 1
59 86 1
59 90 1
59 93 1
59 101 1
59 113 1
59 119 1
59 124 1
60 63 1
60 64 1
60 89 1
60 105 1
60 111 1
60 118 1
60 124 1
60 126 1
60 128 1
61 67 1
61 70 1
61 73 1
61 74 1
61 76 1
61 82 1
61 94 1
61 95 1
61 106 1
61 111 1
61 118 1
61 124 1
62 64 1
62 70 1
62 73 1
62 78 1
62 88 1
62 89 1
62 90 1
62 93 1
62 100 1
62 112 1
62 113 1
62 115 1
63 64 1
63 65 1
63 69 1
63 74 1
63 85 1
63 114 1
63 123 1
63 126 1
64 69 1
64 80 1
64 84 1
64 91 1
64 95 1
64 96 1
64 99 1
64 100 1
64 104 1
64 106 1
64 110 1
64 111 1
64 113 1
64 117 1
64 118 1
65 67 1
65 71 1
65 83 1
65 85 1
65 86 1
65 99 1
65 103 1
65 124 1
65 125 1
66 69 1
66 77 1
66 78 1
66 79 1
66 89 1
66 90 1
66 93 1
66 97 1
66 100 1
66 112 1
66 113 1
66 115 1
66 117 1
66 124 1
67 68 1
67 76 1
67 86 1
67 93 1
67 95 1
67 97 1
67 105 1
67 108 1
67 117 1
67 119 1
68 80 1
68 81 1
68 82 1
68 86 1
68 91 1
68 92 1
69 77 1
69 79 1
69 80 1
69 81 1
69 89 1
69 105 1
69 106 1
69 110 1
69 112 1
69 118 1
69 124 1
70 75 1
70 80 1
70 82 1
70 84 1
70 98 1
70 106 1
70 110 1
70 112 1
70 114 1
70 115 1
70 117 1
70 119 1
70 128 1
70 129 1
71 81 1
71 88 1
71 93 1
71 97 1
71 108 1
71 113 1
71 116 1
71 117 1
71 127 1
72 73 1
72 75 1
72 80 1
72 90 1
72 92 1
72 99 1
72 101 1
72 102 1
72 106 1
72 113 1
73 80 1
73 81 1
73 95 1
73 97 1
73 122 1
73 123 1
74 78 1
74 87 1
74 113 1
74 116 1
74 129 1
75 97 1
75 100 1
75 106 1
75 107 1
75 122 1
75 127 1
76 80 1
76 96 1
76 99 1
76 100 1
76 101 1
76 128 1
77 83 1
77 86 1
77 88 1
77 95 1
77 108 1
77 109 1
77 113 1
77 126 1
78 81 1
78 83 1
78 101 1
78 103 1
78 119 1
78 125 1
79 82 1
79 88 1
79 90 1
79 92 1
79 105 1
79 109 1
79 110 1
79 115 1
79 116 1
79 126 1
80 81 1
80 83 1
80 89 1
80 94 1
80 96 1
80 97 1
80 98 1
80 105 1
80 107 1
80 108 1
80 113 1
80 116 1
80 121 1
80 123 1
81 93 1
81 95 1
81 100 1
81 103 1
81 115 1
81 116 1
81 123 1
81 126 1
81 129 1
82 93 1
82 94 1
82 107 1
82 115 1
82 120 1
82 123 1
83 87 1
83 88 1
83 93 1
83 116 1
83 120 1
83 126 1
83 128 1
84 85 1
84 90 1
84 108 1
84 127 1
85 90 1
85 91 1
85 102 1
85 106 1
85 110 1
85 111 1
85 115 1
85 122 1
85 125 1
86 88 1
86 90 1
86 92 1
86 96 1
86 103 1
86 127 1
87 92 1
87 97 1
87 101 1
87 111 1
87 113 1
87 121 1
88 91 1
88 100 1
88 103 1
88 104 1
88 108 1
88 110 1
88 120 1
88 126 1
88 127 1
89 95 1
89 97 1
89 103 1
90 97 1
90 100 1
90 104 1
90 115 1
90 120 1
90 121 1
90 128 1
91 92 1
91 100 1
91 101 1
91 106 1
91 113 1
91 118 1
91 122 1
92 95 1
92 104 1
92 114 1
92 124 1
92 128 1
93 105 1
93 109 1
93 112 1
93 120 1
93 124 1
94 103 1
94 106 1
94 114 1
94 118 1
94 124 1
94 128 1
95 104 1
95 111 1
95 112 1
95 119 1
96 104 1
96 106 1
96 107 1
96 115 1
97 99 1
97 106 1
97 114 1
97 118 1
97 122 1
97 124 1
97 129 1
98 105 1
98 120 1
99 108 1
99 110 1
99 115 1
99 129 1
100 105 1
100 108 1
100 120 1
100 124 1
101 108 1
101 128 1
102 111 1
102 113 1
102 119 1
102 121 1
102 126 1
102 128 1
103 106 1
103 113 1
103 115 1
103 119 1
103 123 1
103 124 1
104 109 1
104 112 1
104 114 1
104 127 1
105 106 1
105 110 1
105 112 1
105 114 1
105 116 1
105 122 1
106 116 1
106 129 1
107 114 1
108 110 1
108 112 1
108 127 1
108 129 1
109 113 1
109 116 1
109 125 1
109 126 1
109 128 1
110 112 1
110 113 1
110 116 1
111 118 1
111 127 1
111 128 1
112 113 1
112 127 1
113 128 1
114 116 1
114 122 1
115 116 1
115 123 1
116 125 1
116 129 1
117 120 1
117 126 1
117 129 1
118 119 1
118 125 1
119 124 1
119 127 1
121 122 1
121 123 1
122 124 1
122 127 1
122 129 1
123 129 1
126 128 1
1
33 111 25 129 59 94 20 50 127 3 42 32 62
