1343
0 2 1
0 5 1
0 14 1
0 15 1
0 25 1
0 26 1
0 46 1
0 53 1
0 56 1
0 62 1
0 64 1
0 66 1
0 80 1
0 87 1
0 94 1
0 102 1
0 114 1
0 119 1
0 123 1
0 133 1
0 138 1
1 5 1
1 14 1
1 15 1
1 28 1
1 35 1
1 38 1
1 47 1
1 61 1
1 69 1
1 72 1
1 78 1
1 84 1
1 92 1
1 94 1
1 105 1
1 112 1
1 116 1
1 118 1
1 120 1
1 124 1
1 135 1
2 5 1
2 32 1
2 41 1
2 52 1
2 53 1
2 56 1
2 70 1
2 80 1
2 87 1
2 94 1
2 102 1
2 109 1
2 110 1
2 114 1
2 130 1
3 12 1
3 18 1
3 22 1
3 28 1
3 36 1
3 53 1
3 57 1
3 58 1
3 62 1
3 66 1
3 72 1
3 82 1
3 86 1
3 97 1
3 102 1
3 112 1
3 120 1
3 123 1
3 129 1
3 133 1
4 10 1
4 14 1
4 18 1
4 26 1
4 27 1
4 35 1
4 54 1
4 66 1
4 68 1
4 80 1
4 109 1
4 139 1
5 12 1
5 13 1
5 14 1
5 19 1
5 30 1
5 54 1
5 61 1
5 64 1
5 70 1
5 75 1
5 81 1
5 82 1
5 83 1
5 84 1
5 86 1
5 91 1
5 97 1
5 110 1
5 129 1
6 7 1
6 8 1
6 9 1
6 12 1
6 21 1
6 24 1
6 41 1
6 53 1
6 54 1
6 56 1
6 60 1
6 76 1
6 77 1
6 86 1
6 87 1
6 93 1
6 97 1
6 99 1
6 109 1
6 111 1
6 116 1
6 119 1
6 127 1
6 129 1
7 8 1
7 16 1
7 18 1
7 41 1
7 46 1
7 53 1
7 63 1
7 69 1
7 73 1
7 76 1
7 78 1
7 92 1
7 94 1
7 108 1
7 109 1
7 111 1
7 113 1
7 120 1
7 124 1
8 11 1
8 14 1
8 15 1
8 17 1
8 22 1
8 41 1
8 47 1
8 49 1
8 59 1
8 66 1
8 71 1
8 81 1
8 82 1
8 91 1
8 103 1
8 106 1
8 122 1
8 123 1
8 125 1
8 130 1
9 10 1
9 18 1
9 24 1
9 37 1
9 62 1
9 64 1
9 65 1
9 71 1
9 90 1
9 103 1
9 105 1
9 107 1
9 108 1
9 110 1
9 119 1
9 121 1
10 11 1
10 28 1
10 35 1
10 51 1
10 54 1
10 61 1
10 64 1
10 66 1
10 75 1
10 80 1
10 85 1
10 88 1
10 103 1
10 104 1
10 106 1
10 114 1
10 124 1
10 128 1
10 135 1
11 14 1
11 39 1
11 59 1
11 60 1
11 70 1
11 80 1
11 81 1
11 98 1
11 100 1
11 101 1
11 109 1
11 122 1
11 125 1
11 130 1
12 13 1
12 19 1
12 23 1
12 36 1
12 58 1
12 75 1
12 80 1
12 86 1
12 91 1
12 92 1
12 94 1
12 107 1
12 109 1
12 112 1
12 120 1
12 121 1
12 131 1
12 136 1
12 137 1
13 21 1
13 30 1
13 31 1
13 32 1
13 35 1
13 36 1
13 39 1
13 40 1
13 43 1
13 55 1
13 62 1
13 64 1
13 65 1
13 67 1
13 70 1
13 73 1
13 75 1
13 78 1
13 80 1
13 86 1
13 91 1
13 104 1
13 111 1
13 125 1
13 131 1
13 133 1
14 15 1
14 20 1
14 22 1
14 24 1
14 65 1
14 68 1
14 75 1
14 88 1
14 91 1
14 95 1
14 104 1
14 111 1
14 113 1
14 124 1
14 127 1
14 131 1
14 137 1
15 16 1
15 23 1
15 25 1
15 30 1
15 31 1
15 39 1
15 46 1
15 47 1
15 52 1
15 54 1
15 71 1
15 88 1
15 96 1
15 111 1
15 113 1
15 119 1
15 132 1
15 135 1
16 18 1
16 19 1
16 23 1
16 30 1
16 41 1
16 42 1
16 44 1
16 66 1
16 68 1
16 76 1
16 89 1
16 91 1
16 95 1
16 105 1
16 106 1
16 112 1
16 115 1
16 125 1
16 135 1
17 27 1
17 30 1
17 45 1
17 60 1
17 72 1
17 78 1
17 90 1
17 114 1
17 115 1
17 119 1
17 129 1
17 134 1
18 22 1
18 33 1
18 44 1
18 50 1
18 54 1
18 57 1
18 58 1
18 59 1
18 65 1
18 66 1
18 71 1
18 76 1
18 79 1
18 85 1
18 86 1
18 90 1
18 94 1
18 100 1
18 116 1
18 123 1
18 125 1
19 36 1
19 40 1
19 45 1
19 50 1
19 51 1
19 55 1
19 56 1
19 62 1
19 63 1
19 65 1
19 67 1
19 71 1
19 76 1
19 80 1
19 87 1
19 100 1
19 101 1
19 102 1
19 104 1
19 105 1
19 119 1
19 120 1
19 121 1
19 122 1
19 123 1
19 129 1
19 135 1
19 136 1
20 43 1
20 55 1
20 58 1
20 62 1
20 66 1
20 74 1
20 79 1
20 94 1
20 95 1
20 111 1
20 120 1
20 139 1
21 24 1
21 39 1
21 42 1
21 45 1
21 67 1
21 71 1
21 76 1
21 80 1
21 97 1
21 98 1
21 99 1
21 108 1
21 109 1
21 117 1
21 119 1
21 124 1
21 131 1
21 133 1
22 35 1
22 43 1
22 52 1
22 67 1
22 76 1
22 79 1
22 80 1
22 84 1
22 90 1
22 92 1
22 95 1
22 103 1
22 113 1
22 114 1
22 132 1
22 136 1
22 137 1
23 27 1
23 32 1
23 36 1
23 37 1
23 38 1
23 58 1
23 64 1
23 75 1
23 103 1
23 106 1
23 113 1
23 116 1
23 120 1
24 27 1
24 47 1
24 53 1
24 54 1
24 56 1
24 57 1
24 58 1
24 70 1
24 74 1
24 77 1
24 78 1
24 84 1
24 86 1
24 104 1
24 109 1
24 116 1
24 118 1
24 123 1
24 132 1
25 30 1
25 34 1
25 35 1
25 39 1
25 40 1
25 48 1
25 51 1
25 63 1
25 66 1
25 70 1
25 80 1
25 82 1
25 84 1
25 87 1
25 88 1
25 90 1
25 99 1
25 101 1
25 108 1
25 110 1
25 113 1
26 39 1
26 60 1
26 61 1
26 65 1
26 67 1
26 77 1
26 78 1
26 80 1
26 87 1
26 88 1
26 113 1
26 118 1
27 33 1
27 52 1
27 55 1
27 61 1
27 62 1
27 64 1
27 73 1
27 82 1
27 84 1
27 98 1
27 107 1
27 112 1
27 115 1
27 116 1
27 118 1
27 124 1
27 125 1
27 129 1
27 137 1
28 37 1
28 39 1
28 43 1
28 52 1
28 54 1
28 55 1
28 66 1
28 67 1
28 87 1
28 104 1
28 115 1
28 116 1
28 129 1
28 136 1
28 138 1
29 40 1
29 63 1
29 68 1
29 88 1
29 90 1
29 101 1
29 117 1
29 124 1
29 125 1
29 126 1
29 131 1
30 36 1
30 45 1
30 50 1
30 58 1
30 65 1
30 74 1
30 106 1
30 111 1
30 112 1
30 116 1
30 119 1
30 121 1
30 139 1
31 32 1
31 36 1
31 50 1
31 57 1
31 64 1
31 69 1
31 70 1
31 72 1
31 83 1
31 89 1
31 109 1
31 112 1
31 119 1
31 127 1
31 130 1
31 131 1
31 139 1
32 37 1
32 43 1
32 52 1
32 56 1
32 57 1
32 68 1
32 74 1
32 84 1
32 86 1
32 95 1
32 96 1
32 106 1
32 108 1
32 110 1
32 122 1
32 123 1
32 131 1
32 133 1
32 135 1
32 137 1
33 38 1
33 57 1
33 60 1
33 67 1
33 96 1
33 97 1
33 98 1
33 103 1
33 107 1
33 112 1
33 127 1
34 57 1
34 64 1
34 65 1
34 84 1
34 99 1
34 104 1
34 120 1
34 122 1
34 125 1
34 126 1
34 128 1
35 37 1
35 54 1
35 58 1
35 61 1
35 74 1
35 84 1
35 85 1
35 95 1
35 110 1
35 120 1
35 129 1
35 130 1
35 139 1
36 39 1
36 42 1
36 43 1
36 60 1
36 62 1
36 76 1
36 84 1
36 94 1
36 111 1
36 112 1
36 131 1
37 41 1
37 52 1
37 55 1
37 63 1
37 64 1
37 66 1
37 82 1
37 95 1
37 98 1
37 105 1
37 122 1
37 131 1
37 136 1
38 40 1
38 46 1
38 48 1
38 56 1
38 63 1
38 66 1
38 69 1
38 72 1
38 73 1
38 75 1
38 79 1
38 94 1
38 100 1
38 117 1
38 125 1
39 42 1
39 52 1
39 57 1
39 58 1
39 67 1
39 71 1
39 95 1
39 113 1
39 115 1
39 128 1
40 42 1
40 44 1
40 65 1
40 67 1
40 90 1
40 102 1
40 108 1
40 110 1
40 115 1
40 116 1
40 131 1
41 54 1
41 59 1
41 60 1
41 62 1
41 63 1
41 68 1
41 77 1
41 79 1
41 84 1
41 86 1
41 88 1
41 92 1
41 93 1
41 102 1
41 103 1
41 106 1
41 114 1
41 116 1
41 119 1
41 133 1
41 136 1
42 44 1
42 51 1
42 56 1
42 63 1
42 67 1
42 74 1
42 81 1
42 107 1
42 112 1
42 113 1
42 118 1
42 119 1
43 48 1
43 53 1
43 59 1
43 73 1
43 90 1
43 94 1
43 96 1
43 99 1
43 109 1
43 112 1
43 118 1
43 120 1
43 129 1
43 134 1
43 137 1
44 51 1
44 52 1
44 58 1
44 61 1
44 62 1
44 70 1
44 85 1
44 91 1
44 92 1
44 105 1
44 111 1
44 124 1
44 139 1
45 47 1
45 56 1
45 66 1
45 68 1
45 79 1
45 80 1
45 88 1
45 106 1
45 107 1
45 114 1
45 135 1
45 136 1
46 64 1
46 66 1
46 78 1
46 89 1
46 93 1
46 109 1
46 118 1
46 125 1
46 128 1
47 58 1
47 63 1
47 79 1
47 85 1
47 92 1
47 100 1
47 111 1
47 115 1
47 120 1
47 128 1
47 135 1
48 57 1
48 61 1
48 90 1
48 107 1
48 108 1
48 119 1
48 126 1
48 129 1
48 134 1
49 59 1
49 67 1
49 69 1
49 75 1
49 80 1
49 90 1
49 94 1
49 95 1
49 101 1
49 117 1
49 130 1
49 131 1
49 137 1
50 52 1
50 64 1
50 65 1
50 84 1
50 86 1
50 88 1
50 96 1
50 101 1
50 102 1
50 135 1
50 136 1
50 138 1
51 53 1
51 57 1
51 59 1
51 71 1
51 73 1
51 74 1
51 86 1
51 89 1
51 92 1
51 93 1
51 95 1
51 97 1
51 98 1
51 112 1
51 118 1
52 53 1
52 57 1
52 59 1
52 65 1
52 67 1
52 75 1
52 76 1
52 87 1
52 91 1
52 98 1
52 106 1
52 107 1
52 115 1
52 136 1
52 137 1
53 57 1
53 60 1
53 61 1
53 72 1
53 73 1
53 88 1
53 89 1
53 90 1
53 94 1
53 100 1
53 103 1
53 117 1
53 131 1
53 139 1
54 63 1
54 64 1
54 69 1
54 82 1
54 89 1
54 91 1
54 93 1
54 97 1
54 101 1
54 102 1
54 105 1
54 121 1
54 127 1
54 129 1
54 136 1
54 138 1
55 56 1
55 65 1
55 77 1
55 82 1
55 96 1
55 100 1
55 101 1
55 107 1
55 120 1
55 129 1
55 131 1
55 134 1
56 64 1
56 69 1
56 72 1
56 75 1
56 79 1
56 80 1
56 84 1
56 95 1
56 96 1
56 99 1
56 113 1
56 134 1
57 70 1
57 79 1
57 82 1
57 83 1
57 106 1
57 111 1
57 112 1
57 113 1
57 114 1
57 117 1
57 132 1
57 136 1
58 60 1
58 64 1
58 66 1
58 71 1
58 80 1
58 81 1
58 86 1
58 89 1
58 95 1
58 103 1
58 108 1
58 110 1
58 122 1
59 70 1
59 92 1
59 97 1
59 100 1
59 103 1
59 104 1
59 112 1
59 116 1
59 120 1
59 121 1
59 123 1
59 131 1
59 134 1
60 67 1
60 78 1
60 99 1
60 110 1
60 116 1
61 66 1
61 76 1
61 86 1
61 91 1
61 104 1
61 108 1
61 109 1
61 110 1
61 111 1
61 125 1
61 130 1
62 72 1
62 80 1
62 84 1
62 95 1
62 101 1
62 105 1
62 111 1
62 112 1
62 122 1
62 124 1
62 126 1
62 133 1
63 67 1
63 82 1
63 86 1
63 91 1
63 94 1
63 112 1
63 126 1
63 137 1
63 138 1
64 85 1
64 107 1
64 108 1
64 112 1
64 114 1
64 130 1
65 108 1
65 129 1
66 72 1
66 77 1
66 85 1
66 96 1
66 115 1
66 127 1
66 128 1
67 75 1
67 84 1
67 92 1
67 95 1
67 98 1
67 104 1
67 115 1
67 119 1
68 83 1
68 87 1
68 89 1
68 99 1
68 102 1
68 114 1
68 116 1
68 121 1
68 125 1
68 136 1
69 79 1
69 89 1
69 90 1
69 97 1
69 103 1
69 105 1
69 117 1
69 127 1
69 133 1
69 139 1
70 76 1
70 78 1
70 86 1
70 89 1
70 93 1
70 103 1
70 115 1
70 122 1
70 125 1
70 127 1
70 139 1
71 77 1
71 80 1
71 82 1
71 94 1
71 109 1
71 110 1
71 137 1
72 80 1
72 83 1
72 90 1
72 95 1
72 107 1
72 116 1
72 123 1
72 124 1
72 125 1
72 136 1
72 137 1
73 75 1
73 76 1
73 88 1
73 108 1
73 114 1
73 115 1
73 116 1
73 117 1
73 119 1
73 123 1
73 124 1
73 126 1
73 134 1
73 136 1
74 76 1
74 78 1
74 82 1
74 89 1
74 90 1
74 96 1
74 106 1
74 123 1
74 130 1
74 134 1
74 138 1
75 82 1
75 85 1
75 89 1
75 120 1
76 81 1
76 86 1
76 101 1
76 104 1
76 111 1
76 112 1
76 113 1
76 118 1
76 131 1
76 134 1
77 79 1
77 86 1
77 94 1
77 105 1
77 107 1
77 109 1
77 115 1
77 121 1
77 131 1
77 136 1
77 138 1
78 112 1
78 118 1
78 125 1
78 128 1
79 83 1
79 84 1
79 86 1
79 93 1
79 104 1
79 115 1
79 128 1
79 133 1
79 137 1
80 81 1
80 86 1
80 92 1
80 97 1
80 98 1
80 103 1
80 105 1
80 113 1
81 88 1
81 90 1
81 97 1
81 98 1
81 101 1
81 106 1
81 110 1
81 111 1
81 112 1
81 116 1
81 117 1
81 129 1
81 132 1
81 135 1
81 139 1
82 111 1
82 115 1
82 126 1
82 137 1
83 86 1
83 96 1
83 99 1
83 101 1
83 107 1
83 108 1
83 109 1
83 116 1
83 123 1
83 126 1
83 128 1
83 129 1
83 139 1
84 98 1
84 109 1
84 116 1
84 129 1
84 130 1
84 133 1
85 88 1
85 92 1
85 103 1
85 109 1
85 127 1
85 133 1
85 134 1
85 139 1
86 136 1
87 89 1
87 92 1
87 95 1
87 104 1
87 110 1
87 112 1
87 115 1
87 137 1
87 139 1
88 91 1
88 98 1
88 128 1
88 129 1
89 91 1
89 106 1
89 110 1
89 125 1
89 129 1
89 134 1
89 135 1
90 106 1
90 126 1
90 128 1
90 132 1
91 92 1
91 110 1
91 112 1
91 115 1
91 118 1
92 93 1
92 119 1
92 132 1
92 133 1
92 137 1
93 95 1
93 112 1
93 118 1
93 121 1
94 103 1
94 112 1
94 114 1
94 117 1
94 121 1
95 99 1
95 109 1
95 110 1
95 113 1
95 121 1
95 138 1
96 105 1
96 110 1
96 111 1
96 114 1
96 119 1
96 121 1
96 122 1
96 127 1
96 128 1
96 133 1
96 138 1
97 98 1
97 102 1
97 105 1
97 108 1
97 113 1
97 119 1
97 122 1
97 123 1
97 126 1
97 129 1
98 106 1
98 112 1
98 117 1
98 118 1
98 121 1
98 124 1
98 125 1
99 102 1
99 112 1
99 114 1
99 115 1
99 120 1
99 129 1
99 130 1
99 136 1
99 139 1
100 106 1
100 109 1
100 116 1
100 117 1
100 125 1
100 132 1
101 108 1
101 110 1
101 111 1
101 119 1
101 120 1
102 110 1
102 111 1
102 121 1
102 129 1
102 130 1
102 137 1
103 104 1
103 118 1
103 121 1
103 125 1
103 126 1
103 132 1
103 134 1
103 135 1
104 119 1
105 108 1
105 132 1
106 108 1
106 110 1
106 115 1
106 129 1
106 131 1
106 137 1
107 114 1
107 116 1
107 128 1
108 121 1
108 135 1
109 114 1
109 118 1
109 122 1
109 123 1
109 127 1
109 129 1
110 125 1
110 127 1
110 139 1
111 115 1
111 122 1
111 124 1
111 129 1
112 117 1
112 128 1
112 134 1
112 139 1
113 119 1
113 125 1
113 129 1
113 138 1
114 122 1
114 127 1
114 129 1
114 130 1
114 131 1
114 137 1
115 129 1
116 122 1
116 132 1
117 120 1
117 123 1
117 127 1
117 133 1
118 135 1
119 124 1
119 128 1
120 121 1
120 134 1
121 129 1
122 127 1
122 131 1
122 135 1
123 128 1
123 136 1
125 126 1
125 131 1
126 130 1
126 138 1
128 136 1
129 131 1
130 137 1
130 139 1
131 135 1
131 136 1
131 137 1
132 134 1
133 138 1
134 136 1
138 139 1
1
51 42 103 74 123 32 106 134 44 2 104 4 9 119
