603
0 2 1
0 6 1
0 10 1
0 20 1
0 25 1
0 33 1
0 34 1
0 45 1
0 47 1
0 52 1
0 54 1
0 56 1
0 59 1
0 61 1
0 66 1
0 68 1
0 69 1
1 4 1
1 6 1
1 8 1
1 11 1
1 12 1
1 13 1
1 14 1
1 26 1
1 27 1
1 28 1
1 29 1
1 41 1
1 49 1
1 57 1
1 62 1
1 67 1
1 69 1
2 8 1
2 10 1
2 11 1
2 14 1
2 15 1
2 16 1
2 18 1
2 23 1
2 29 1
2 31 1
2 33 1
2 37 1
2 40 1
2 41 1
2 47 1
2 48 1
2 62 1
2 66 1
3 6 1
3 14 1
3 21 1
3 23 1
3 28 1
3 29 1
3 35 1
3 38 1
3 40 1
3 41 1
3 52 1
3 54 1
3 55 1
3 58 1
3 59 1
3 64 1
4 8 1
4 11 1
4 20 1
4 28 1
4 30 1
4 37 1
4 48 1
4 52 1
4 56 1
4 65 1
4 67 1
5 14 1
5 16 1
5 20 1
5 29 1
5 35 1
5 36 1
5 37 1
5 46 1
5 50 1
5 51 1
5 52 1
5 59 1
5 64 1
6 13 1
6 14 1
6 15 1
6 18 1
6 20 1
6 21 1
6 27 1
6 30 1
6 33 1
6 36 1
6 41 1
6 45 1
6 46 1
6 48 1
6 49 1
6 52 1
6 53 1
6 61 1
6 66 1
7 9 1
7 17 1
7 18 1
7 21 1
7 23 1
7 24 1
7 44 1
7 56 1
7 62 1
7 64 1
7 66 1
8 12 1
8 17 1
8 24 1
8 28 1
8 30 1
8 31 1
8 33 1
8 37 1
8 38 1
8 41 1
8 44 1
8 45 1
8 48 1
8 50 1
8 52 1
8 55 1
8 58 1
8 62 1
8 69 1
9 14 1
9 19 1
9 20 1
9 22 1
9 26 1
9 28 1
9 36 1
9 39 1
9 48 1
9 53 1
9 62 1
9 68 1
10 14 1
10 24 1
10 25 1
10 30 1
10 31 1
10 32 1
10 34 1
10 41 1
10 43 1
10 45 1
10 50 1
10 52 1
10 53 1
10 56 1
10 57 1
10 58 1
10 60 1
10 62 1
10 69 1
11 17 1
11 22 1
11 39 1
11 40 1
11 41 1
11 53 1
11 56 1
11 63 1
11 64 1
11 69 1
12 15 1
12 17 1
12 21 1
12 31 1
12 32 1
12 40 1
12 42 1
12 44 1
12 47 1
12 55 1
12 56 1
12 57 1
12 67 1
13 17 1
13 21 1
13 25 1
13 27 1
13 31 1
13 35 1
13 37 1
13 40 1
13 43 1
13 44 1
13 45 1
13 46 1
13 51 1
13 54 1
13 57 1
13 66 1
13 69 1
14 22 1
14 23 1
14 31 1
14 34 1
14 46 1
14 57 1
14 58 1
15 18 1
15 19 1
15 27 1
15 28 1
15 31 1
15 33 1
15 34 1
15 41 1
15 42 1
15 44 1
15 47 1
15 50 1
15 51 1
15 56 1
15 58 1
15 60 1
15 64 1
15 66 1
16 24 1
16 27 1
16 30 1
16 33 1
16 35 1
16 39 1
16 41 1
16 42 1
16 50 1
16 67 1
16 69 1
17 19 1
17 20 1
17 23 1
17 28 1
17 41 1
17 49 1
17 58 1
17 66 1
18 23 1
18 24 1
18 31 1
18 32 1
18 34 1
18 35 1
18 38 1
18 42 1
18 46 1
18 49 1
18 51 1
18 56 1
18 59 1
18 67 1
19 20 1
19 34 1
19 35 1
19 38 1
19 46 1
19 51 1
19 52 1
19 63 1
19 64 1
20 24 1
20 27 1
20 28 1
20 34 1
20 35 1
20 38 1
20 46 1
20 51 1
20 56 1
20 61 1
20 62 1
20 63 1
20 67 1
21 22 1
21 27 1
21 29 1
21 34 1
21 35 1
21 41 1
21 43 1
21 46 1
21 54 1
21 63 1
21 68 1
22 24 1
22 26 1
22 39 1
22 41 1
22 45 1
22 51 1
22 52 1
22 63 1
22 67 1
23 26 1
23 27 1
23 29 1
23 30 1
23 32 1
23 34 1
23 38 1
23 40 1
23 41 1
23 46 1
23 53 1
23 57 1
23 66 1
23 69 1
24 26 1
24 28 1
24 32 1
24 33 1
24 34 1
24 35 1
24 37 1
24 42 1
24 48 1
24 50 1
24 53 1
24 55 1
24 56 1
24 60 1
24 64 1
24 65 1
24 66 1
25 31 1
25 32 1
25 35 1
25 40 1
25 45 1
25 47 1
25 48 1
25 50 1
25 54 1
25 57 1
25 58 1
25 59 1
25 61 1
25 62 1
26 27 1
26 30 1
26 34 1
26 42 1
26 44 1
26 46 1
26 47 1
26 53 1
26 55 1
26 56 1
26 57 1
26 62 1
27 28 1
27 29 1
27 30 1
27 31 1
27 35 1
27 38 1
27 43 1
27 53 1
27 57 1
27 59 1
27 64 1
27 66 1
28 33 1
28 42 1
28 46 1
28 53 1
28 60 1
28 62 1
28 68 1
28 69 1
29 30 1
29 31 1
29 32 1
29 35 1
29 39 1
29 47 1
29 51 1
29 60 1
29 64 1
29 65 1
29 69 1
30 34 1
30 45 1
30 47 1
30 53 1
30 54 1
30 56 1
30 63 1
30 64 1
30 65 1
30 69 1
31 32 1
31 36 1
31 43 1
31 44 1
31 46 1
31 47 1
31 50 1
31 51 1
31 56 1
31 58 1
31 59 1
31 66 1
31 69 1
32 36 1
32 41 1
32 46 1
32 49 1
32 53 1
32 54 1
32 56 1
32 58 1
32 60 1
33 36 1
33 39 1
33 44 1
33 46 1
33 50 1
33 61 1
33 67 1
34 36 1
34 38 1
34 44 1
34 48 1
34 51 1
34 54 1
34 55 1
34 56 1
34 65 1
34 66 1
34 67 1
35 40 1
35 42 1
35 43 1
35 47 1
35 48 1
35 57 1
35 59 1
35 61 1
35 63 1
35 64 1
35 65 1
36 37 1
36 38 1
36 39 1
36 44 1
36 49 1
36 54 1
36 58 1
36 59 1
36 60 1
36 61 1
36 62 1
36 63 1
36 67 1
36 68 1
37 40 1
37 45 1
37 66 1
37 68 1
38 41 1
38 42 1
38 47 1
38 57 1
38 58 1
38 65 1
38 68 1
39 42 1
39 43 1
39 44 1
39 46 1
39 47 1
39 49 1
39 53 1
39 54 1
39 62 1
39 64 1
39 66 1
39 68 1
40 46 1
40 47 1
40 48 1
40 50 1
40 53 1
40 55 1
40 56 1
40 59 1
40 64 1
41 45 1
41 46 1
41 59 1
41 61 1
42 47 1
42 48 1
42 49 1
42 50 1
42 60 1
42 62 1
42 63 1
42 66 1
42 68 1
43 48 1
43 50 1
43 62 1
43 66 1
43 69 1
44 49 1
44 57 1
44 58 1
44 63 1
44 69 1
45 46 1
45 48 1
45 50 1
45 55 1
45 56 1
45 59 1
45 60 1
46 48 1
46 49 1
46 51 1
46 53 1
46 56 1
46 60 1
46 62 1
46 64 1
47 48 1
47 50 1
47 60 1
47 62 1
47 64 1
47 65 1
47 66 1
47 68 1
48 60 1
48 62 1
48 66 1
49 52 1
49 53 1
49 54 1
49 55 1
49 65 1
49 67 1
50 58 1
50 60 1
50 62 1
50 67 1
50 68 1
52 55 1
52 56 1
52 61 1
52 62 1
52 64 1
52 67 1
52 68 1
53 57 1
53 63 1
54 55 1
54 57 1
54 59 1
54 61 1
54 62 1
54 68 1
55 56 1
55 59 1
55 60 1
55 62 1
55 66 1
56 64 1
56 69 1
57 58 1
57 66 1
57 68 1
58 61 1
58 63 1
58 68 1
59 66 1
60 62 1
61 66 1
61 67 1
61 68 1
63 66 1
63 69 1
64 66 1
1
58 9 28 57 8 53 59
