192
0 4 1
0 5 1
0 10 1
0 14 1
0 15 1
0 17 1
0 21 1
0 23 1
0 24 1
0 25 1
0 28 1
1 2 1
1 4 1
1 5 1
1 6 1
1 11 1
1 21 1
1 22 1
1 26 1
1 28 1
2 6 1
2 8 1
2 9 1
2 10 1
2 11 1
2 14 1
2 15 1
2 21 1
2 23 1
2 25 1
3 5 1
3 6 1
3 7 1
3 9 1
3 10 1
3 12 1
3 15 1
3 16 1
3 17 1
3 19 1
3 23 1
3 25 1
3 28 1
3 29 1
4 6 1
4 8 1
4 9 1
4 10 1
4 12 1
4 14 1
4 16 1
4 17 1
4 18 1
4 22 1
4 24 1
4 27 1
5 6 1
5 7 1
5 9 1
5 12 1
5 15 1
5 23 1
5 25 1
5 29 1
6 7 1
6 12 1
6 16 1
6 17 1
6 20 1
6 27 1
6 28 1
6 29 1
7 8 1
7 9 1
7 10 1
7 11 1
7 12 1
7 14 1
7 15 1
7 16 1
7 17 1
7 18 1
7 20 1
7 21 1
7 29 1
8 9 1
8 10 1
8 11 1
8 13 1
8 14 1
8 17 1
8 18 1
8 21 1
8 28 1
8 29 1
9 11 1
9 14 1
9 15 1
9 16 1
9 17 1
9 18 1
9 19 1
9 21 1
9 26 1
10 11 1
10 12 1
10 13 1
10 17 1
10 20 1
10 21 1
10 23 1
10 27 1
10 28 1
11 12 1
11 15 1
11 16 1
11 19 1
11 22 1
11 23 1
11 25 1
11 26 1
11 28 1
11 29 1
12 14 1
12 15 1
12 16 1
12 17 1
12 18 1
12 19 1
12 21 1
12 22 1
12 23 1
12 29 1
13 14 1
13 15 1
13 16 1
13 18 1
13 19 1
13 23 1
13 26 1
13 27 1
13 29 1
14 16 1
14 24 1
14 27 1
14 29 1
15 17 1
15 19 1
15 20 1
15 21 1
15 23 1
15 24 1
15 26 1
16 17 1
16 23 1
16 24 1
16 27 1
16 28 1
17 19 1
17 20 1
17 21 1
17 22 1
17 24 1
18 19 1
18 23 1
18 25 1
18 26 1
18 28 1
18 29 1
19 21 1
19 22 1
19 23 1
19 24 1
19 28 1
20 21 1
20 22 1
20 24 1
20 25 1
20 26 1
20 28 1
22 23 1
22 24 1
22 25 1
22 27 1
23 27 1
23 28 1
25 26 1
25 27 1
25 29 1
26 27 1
26 28 1
27 29 1
1
22 4 14
