1627
0 7 1
0 9 1
0 18 1
0 19 1
0 22 1
0 28 1
0 30 1
0 48 1
0 50 1
0 52 1
0 71 1
0 75 1
0 77 1
0 86 1
0 87 1
0 89 1
0 92 1
0 106 1
0 107 1
0 120 1
0 121 1
0 129 1
0 136 1
0 143 1
0 150 1
0 154 1
1 18 1
1 19 1
1 21 1
1 24 1
1 26 1
1 37 1
1 38 1
1 52 1
1 55 1
1 60 1
1 99 1
1 100 1
1 105 1
1 106 1
1 113 1
1 119 1
1 123 1
1 126 1
1 150 1
1 152 1
2 4 1
2 10 1
2 15 1
2 23 1
2 47 1
2 49 1
2 64 1
2 81 1
2 91 1
2 98 1
2 99 1
2 103 1
2 109 1
2 117 1
2 123 1
2 124 1
2 130 1
2 136 1
2 140 1
2 154 1
2 155 1
3 8 1
3 14 1
3 18 1
3 22 1
3 23 1
3 25 1
3 31 1
3 44 1
3 59 1
3 78 1
3 86 1
3 95 1
3 99 1
3 101 1
3 111 1
3 115 1
3 133 1
3 138 1
3 141 1
3 143 1
3 145 1
4 14 1
4 23 1
4 26 1
4 40 1
4 49 1
4 67 1
4 79 1
4 82 1
4 109 1
4 123 1
4 133 1
4 135 1
4 145 1
4 147 1
4 154 1
5 10 1
5 12 1
5 16 1
5 17 1
5 21 1
5 27 1
5 36 1
5 45 1
5 47 1
5 55 1
5 56 1
5 64 1
5 77 1
5 78 1
5 83 1
5 86 1
5 95 1
5 108 1
5 112 1
5 124 1
5 144 1
5 151 1
5 158 1
5 159 1
6 12 1
6 14 1
6 28 1
6 32 1
6 34 1
6 44 1
6 49 1
6 54 1
6 67 1
6 74 1
6 75 1
6 85 1
6 98 1
6 107 1
6 114 1
6 138 1
7 32 1
7 36 1
7 61 1
7 74 1
7 102 1
7 112 1
7 138 1
7 139 1
7 140 1
8 12 1
8 13 1
8 25 1
8 30 1
8 33 1
8 36 1
8 42 1
8 46 1
8 71 1
8 88 1
8 90 1
8 93 1
8 107 1
8 117 1
8 144 1
8 148 1
9 10 1
9 17 1
9 32 1
9 49 1
9 55 1
9 60 1
9 63 1
9 67 1
9 85 1
9 90 1
9 96 1
9 117 1
9 132 1
9 138 1
9 141 1
9 142 1
9 152 1
9 156 1
10 16 1
10 24 1
10 27 1
10 34 1
10 44 1
10 50 1
10 62 1
10 65 1
10 79 1
10 88 1
10 90 1
10 98 1
10 107 1
10 138 1
10 142 1
10 151 1
11 16 1
11 22 1
11 24 1
11 40 1
11 42 1
11 52 1
11 62 1
11 78 1
11 80 1
11 86 1
11 87 1
11 88 1
11 104 1
11 132 1
11 133 1
11 134 1
11 136 1
11 139 1
11 143 1
11 147 1
11 148 1
11 155 1
11 158 1
11 159 1
12 13 1
12 14 1
12 17 1
12 20 1
12 37 1
12 39 1
12 67 1
12 72 1
12 86 1
12 90 1
12 97 1
12 101 1
12 114 1
12 118 1
12 125 1
12 143 1
12 144 1
12 146 1
12 150 1
12 151 1
12 154 1
12 159 1
13 20 1
13 28 1
13 32 1
13 35 1
13 41 1
13 42 1
13 52 1
13 59 1
13 62 1
13 82 1
13 90 1
13 91 1
13 94 1
13 126 1
13 129 1
13 144 1
13 159 1
14 18 1
14 29 1
14 31 1
14 36 1
14 42 1
14 44 1
14 45 1
14 58 1
14 60 1
14 71 1
14 73 1
14 84 1
14 107 1
14 121 1
14 155 1
14 159 1
15 19 1
15 40 1
15 60 1
15 62 1
15 69 1
15 85 1
15 109 1
15 113 1
15 116 1
15 117 1
15 122 1
15 137 1
15 140 1
15 149 1
15 158 1
15 159 1
16 26 1
16 28 1
16 32 1
16 39 1
16 43 1
16 59 1
16 62 1
16 63 1
16 72 1
16 73 1
16 99 1
16 102 1
16 112 1
16 115 1
16 118 1
16 122 1
16 141 1
16 145 1
17 23 1
17 24 1
17 27 1
17 29 1
17 32 1
17 38 1
17 63 1
17 64 1
17 74 1
17 77 1
17 85 1
17 92 1
17 95 1
17 96 1
17 98 1
17 101 1
17 103 1
17 108 1
17 118 1
17 133 1
17 139 1
17 147 1
17 148 1
17 152 1
18 19 1
18 33 1
18 48 1
18 54 1
18 64 1
18 83 1
18 89 1
18 94 1
18 98 1
18 105 1
18 127 1
18 132 1
18 139 1
18 140 1
18 145 1
18 147 1
18 148 1
18 153 1
18 155 1
18 158 1
18 159 1
19 28 1
19 29 1
19 30 1
19 39 1
19 54 1
19 61 1
19 63 1
19 71 1
19 73 1
19 90 1
19 95 1
19 98 1
19 100 1
19 104 1
19 111 1
19 118 1
19 122 1
19 127 1
19 131 1
19 158 1
20 30 1
20 44 1
20 51 1
20 57 1
20 84 1
20 100 1
20 101 1
20 108 1
20 113 1
20 140 1
20 142 1
20 151 1
20 152 1
20 158 1
21 31 1
21 32 1
21 42 1
21 43 1
21 50 1
21 52 1
21 74 1
21 88 1
21 95 1
21 96 1
21 101 1
21 106 1
21 121 1
21 125 1
21 131 1
21 139 1
21 140 1
21 143 1
21 152 1
21 155 1
21 158 1
22 25 1
22 29 1
22 30 1
22 36 1
22 51 1
22 52 1
22 59 1
22 61 1
22 68 1
22 71 1
22 74 1
22 86 1
22 95 1
22 108 1
22 118 1
22 147 1
22 149 1
22 158 1
22 159 1
23 40 1
23 42 1
23 44 1
23 49 1
23 67 1
23 68 1
23 82 1
23 84 1
23 98 1
23 104 1
23 105 1
23 117 1
23 118 1
23 121 1
23 135 1
23 136 1
23 139 1
23 141 1
23 142 1
24 33 1
24 35 1
24 45 1
24 48 1
24 57 1
24 59 1
24 60 1
24 77 1
24 80 1
24 87 1
24 95 1
24 97 1
24 100 1
24 105 1
24 119 1
24 125 1
24 127 1
24 133 1
24 142 1
25 29 1
25 41 1
25 56 1
25 67 1
25 79 1
25 80 1
25 85 1
25 87 1
25 93 1
25 95 1
25 109 1
25 140 1
25 141 1
25 154 1
25 158 1
26 40 1
26 48 1
26 51 1
26 55 1
26 64 1
26 66 1
26 76 1
26 77 1
26 95 1
26 100 1
26 114 1
26 126 1
26 127 1
26 136 1
26 155 1
26 159 1
27 47 1
27 53 1
27 67 1
27 69 1
27 77 1
27 79 1
27 80 1
27 88 1
27 101 1
27 117 1
27 123 1
27 125 1
27 130 1
27 134 1
27 145 1
27 147 1
28 29 1
28 31 1
28 39 1
28 71 1
28 73 1
28 86 1
28 114 1
28 116 1
28 126 1
28 127 1
28 156 1
29 30 1
29 44 1
29 45 1
29 46 1
29 81 1
29 85 1
29 86 1
29 91 1
29 113 1
29 117 1
29 118 1
29 132 1
29 133 1
29 134 1
29 145 1
29 148 1
29 150 1
30 36 1
30 43 1
30 49 1
30 75 1
30 87 1
30 88 1
30 111 1
30 113 1
30 115 1
30 122 1
30 128 1
30 130 1
30 133 1
30 142 1
30 144 1
30 148 1
30 150 1
30 152 1
30 155 1
31 48 1
31 51 1
31 56 1
31 60 1
31 62 1
31 70 1
31 77 1
31 81 1
31 86 1
31 92 1
31 97 1
31 105 1
31 108 1
31 124 1
31 127 1
31 131 1
31 144 1
31 157 1
32 40 1
32 45 1
32 63 1
32 70 1
32 71 1
32 74 1
32 78 1
32 85 1
32 88 1
32 96 1
32 114 1
32 126 1
32 129 1
32 138 1
32 144 1
32 148 1
32 150 1
32 157 1
32 159 1
33 34 1
33 40 1
33 46 1
33 55 1
33 73 1
33 80 1
33 88 1
33 102 1
33 104 1
33 111 1
33 136 1
33 143 1
33 150 1
33 153 1
34 50 1
34 52 1
34 60 1
34 81 1
34 136 1
34 139 1
34 141 1
35 44 1
35 52 1
35 55 1
35 56 1
35 65 1
35 74 1
35 76 1
35 82 1
35 89 1
35 90 1
35 106 1
35 116 1
35 119 1
35 125 1
35 128 1
35 131 1
35 158 1
36 43 1
36 54 1
36 55 1
36 65 1
36 73 1
36 85 1
36 88 1
36 94 1
36 98 1
36 105 1
36 108 1
36 116 1
36 118 1
36 122 1
36 134 1
36 135 1
36 138 1
36 141 1
36 147 1
36 157 1
37 47 1
37 52 1
37 55 1
37 61 1
37 81 1
37 88 1
37 95 1
37 114 1
37 118 1
37 123 1
37 130 1
37 140 1
37 149 1
38 41 1
38 45 1
38 50 1
38 56 1
38 59 1
38 76 1
38 79 1
38 89 1
38 100 1
38 115 1
38 120 1
38 128 1
38 130 1
38 134 1
38 146 1
39 40 1
39 42 1
39 61 1
39 78 1
39 80 1
39 91 1
39 98 1
39 101 1
39 106 1
39 107 1
39 108 1
39 109 1
39 116 1
39 122 1
39 126 1
39 136 1
39 139 1
39 141 1
39 145 1
39 150 1
39 151 1
40 41 1
40 46 1
40 50 1
40 51 1
40 53 1
40 76 1
40 78 1
40 84 1
40 101 1
40 106 1
40 113 1
40 120 1
40 132 1
40 146 1
40 148 1
41 45 1
41 55 1
41 56 1
41 79 1
41 104 1
41 107 1
41 110 1
41 122 1
41 128 1
41 132 1
41 135 1
41 138 1
41 150 1
41 152 1
42 48 1
42 62 1
42 90 1
42 95 1
42 105 1
42 106 1
42 109 1
42 110 1
42 114 1
42 132 1
42 136 1
42 140 1
42 142 1
42 149 1
42 155 1
43 45 1
43 49 1
43 53 1
43 58 1
43 60 1
43 61 1
43 62 1
43 70 1
43 73 1
43 79 1
43 83 1
43 91 1
43 96 1
43 97 1
43 100 1
43 105 1
43 117 1
43 118 1
43 130 1
43 147 1
43 150 1
43 157 1
44 45 1
44 79 1
44 91 1
44 92 1
44 99 1
44 131 1
44 133 1
44 134 1
44 135 1
44 142 1
44 148 1
45 54 1
45 60 1
45 61 1
45 66 1
45 69 1
45 77 1
45 79 1
45 100 1
45 102 1
45 103 1
45 125 1
45 134 1
45 139 1
45 156 1
46 57 1
46 85 1
46 90 1
46 92 1
46 98 1
46 108 1
46 114 1
46 117 1
46 119 1
46 123 1
46 125 1
46 131 1
46 145 1
46 150 1
47 50 1
47 63 1
47 66 1
47 67 1
47 91 1
47 103 1
47 123 1
47 140 1
47 143 1
47 146 1
47 149 1
47 153 1
48 49 1
48 59 1
48 64 1
48 76 1
48 84 1
48 85 1
48 88 1
48 113 1
48 115 1
48 116 1
48 124 1
48 140 1
48 156 1
48 157 1
49 51 1
49 54 1
49 90 1
49 94 1
49 96 1
49 99 1
49 102 1
49 110 1
49 111 1
49 118 1
49 133 1
49 136 1
49 137 1
49 144 1
49 146 1
50 60 1
50 70 1
50 72 1
50 85 1
50 95 1
50 99 1
50 105 1
50 106 1
50 108 1
50 109 1
50 122 1
50 126 1
50 129 1
50 133 1
50 149 1
51 53 1
51 55 1
51 66 1
51 81 1
51 96 1
51 110 1
51 126 1
51 136 1
51 141 1
51 142 1
51 153 1
52 57 1
52 69 1
52 82 1
52 112 1
52 119 1
52 123 1
52 133 1
52 143 1
52 147 1
52 151 1
52 159 1
53 62 1
53 64 1
53 97 1
53 104 1
53 107 1
53 109 1
53 113 1
53 128 1
53 139 1
53 141 1
53 147 1
53 156 1
53 158 1
54 67 1
54 72 1
54 76 1
54 87 1
54 94 1
54 101 1
54 105 1
54 117 1
54 123 1
54 128 1
54 137 1
54 157 1
55 56 1
55 67 1
55 73 1
55 90 1
55 91 1
55 94 1
55 112 1
55 117 1
55 119 1
55 126 1
55 150 1
56 66 1
56 72 1
56 84 1
56 86 1
56 93 1
56 95 1
56 98 1
56 99 1
56 107 1
56 109 1
56 116 1
56 117 1
56 126 1
56 156 1
57 74 1
57 76 1
57 80 1
57 86 1
57 90 1
57 94 1
57 96 1
57 107 1
57 108 1
57 117 1
57 136 1
57 140 1
57 141 1
57 146 1
58 60 1
58 63 1
58 66 1
58 73 1
58 80 1
58 81 1
58 89 1
58 91 1
58 96 1
58 108 1
58 133 1
58 138 1
58 147 1
58 156 1
58 157 1
58 158 1
58 159 1
59 61 1
59 65 1
59 68 1
59 79 1
59 80 1
59 90 1
59 92 1
59 94 1
59 103 1
59 126 1
59 138 1
59 141 1
59 143 1
59 147 1
59 148 1
60 61 1
60 66 1
60 74 1
60 89 1
60 106 1
60 115 1
60 118 1
60 129 1
60 135 1
60 149 1
60 152 1
61 63 1
61 69 1
61 71 1
61 73 1
61 96 1
61 103 1
61 104 1
61 110 1
61 113 1
61 127 1
61 151 1
61 156 1
62 64 1
62 71 1
62 72 1
62 87 1
62 97 1
62 102 1
62 110 1
62 112 1
62 129 1
62 133 1
62 147 1
63 70 1
63 74 1
63 81 1
63 87 1
63 88 1
63 93 1
63 97 1
63 100 1
63 107 1
63 117 1
63 119 1
63 149 1
63 153 1
63 159 1
64 72 1
64 76 1
64 78 1
64 85 1
64 90 1
64 94 1
64 107 1
64 120 1
64 138 1
64 149 1
64 157 1
64 158 1
65 70 1
65 77 1
65 78 1
65 88 1
65 91 1
65 118 1
65 125 1
65 129 1
65 144 1
65 150 1
65 153 1
65 155 1
66 76 1
66 84 1
66 90 1
66 91 1
66 98 1
66 100 1
66 112 1
66 118 1
66 152 1
66 159 1
67 70 1
67 71 1
67 73 1
67 74 1
67 76 1
67 82 1
67 89 1
67 91 1
67 104 1
67 125 1
67 128 1
67 153 1
68 71 1
68 88 1
68 99 1
68 126 1
68 134 1
68 135 1
68 137 1
68 143 1
68 155 1
69 108 1
69 109 1
69 122 1
69 140 1
69 144 1
69 147 1
69 150 1
69 154 1
69 155 1
70 72 1
70 82 1
70 83 1
70 84 1
70 89 1
70 121 1
70 132 1
70 141 1
70 142 1
70 149 1
70 152 1
71 77 1
71 84 1
71 85 1
71 87 1
71 88 1
71 113 1
71 122 1
71 136 1
71 142 1
72 78 1
72 90 1
72 97 1
72 110 1
72 111 1
72 112 1
72 113 1
72 126 1
72 133 1
72 135 1
72 137 1
72 140 1
72 144 1
72 145 1
72 158 1
73 77 1
73 90 1
73 97 1
73 130 1
73 131 1
73 135 1
73 145 1
73 155 1
73 157 1
73 159 1
74 78 1
74 87 1
74 89 1
74 99 1
74 102 1
74 111 1
74 125 1
74 126 1
74 133 1
74 139 1
75 78 1
75 82 1
75 92 1
75 96 1
75 103 1
75 107 1
75 114 1
75 116 1
75 120 1
75 123 1
75 130 1
75 131 1
75 133 1
75 143 1
76 77 1
76 79 1
76 85 1
76 92 1
76 98 1
76 100 1
76 104 1
76 115 1
76 142 1
76 147 1
76 158 1
77 90 1
77 99 1
77 104 1
77 108 1
77 110 1
77 114 1
77 117 1
77 121 1
77 125 1
77 137 1
77 139 1
77 151 1
77 156 1
78 97 1
78 99 1
78 116 1
78 120 1
78 124 1
78 130 1
78 139 1
78 153 1
78 157 1
78 158 1
79 86 1
79 103 1
79 137 1
79 147 1
79 148 1
79 153 1
79 159 1
80 81 1
80 94 1
80 105 1
80 112 1
80 119 1
80 127 1
80 130 1
80 131 1
80 144 1
80 147 1
80 152 1
81 88 1
81 95 1
81 98 1
81 103 1
81 108 1
81 117 1
81 120 1
81 122 1
81 129 1
81 134 1
81 139 1
81 141 1
81 150 1
82 87 1
82 99 1
82 106 1
82 109 1
82 112 1
82 115 1
82 127 1
82 133 1
82 141 1
82 144 1
83 94 1
83 106 1
83 110 1
83 130 1
83 144 1
83 149 1
83 152 1
83 159 1
84 87 1
84 89 1
84 94 1
84 97 1
84 104 1
84 105 1
84 114 1
84 117 1
84 129 1
84 130 1
84 134 1
84 136 1
84 142 1
84 158 1
85 92 1
85 123 1
85 129 1
85 133 1
85 148 1
85 150 1
85 154 1
85 157 1
86 88 1
86 112 1
86 119 1
86 122 1
86 152 1
86 153 1
87 98 1
87 117 1
87 128 1
87 142 1
87 144 1
87 155 1
87 158 1
88 90 1
88 100 1
88 116 1
88 121 1
88 126 1
88 129 1
88 130 1
88 137 1
88 142 1
88 146 1
88 151 1
88 154 1
88 155 1
88 157 1
88 159 1
89 94 1
89 101 1
89 104 1
89 106 1
89 107 1
89 113 1
89 114 1
89 118 1
89 125 1
90 94 1
90 102 1
90 105 1
90 144 1
90 157 1
90 158 1
91 101 1
91 103 1
91 105 1
91 114 1
91 117 1
91 126 1
91 133 1
91 134 1
91 145 1
91 152 1
91 157 1
91 158 1
92 101 1
92 120 1
92 124 1
92 139 1
92 157 1
93 98 1
93 107 1
93 108 1
93 116 1
93 141 1
93 152 1
93 155 1
94 95 1
94 100 1
94 105 1
94 110 1
94 116 1
94 131 1
94 139 1
94 140 1
94 141 1
94 142 1
94 145 1
94 149 1
94 157 1
95 110 1
95 117 1
95 120 1
95 123 1
95 126 1
95 137 1
95 141 1
95 146 1
95 147 1
95 148 1
95 152 1
95 153 1
96 113 1
96 118 1
96 125 1
96 131 1
96 147 1
96 151 1
96 152 1
96 154 1
97 114 1
97 116 1
97 120 1
97 128 1
97 133 1
97 147 1
97 157 1
98 113 1
98 114 1
98 125 1
98 126 1
98 128 1
98 141 1
98 143 1
98 144 1
98 147 1
99 110 1
99 111 1
99 114 1
99 115 1
99 118 1
99 124 1
99 127 1
99 136 1
99 139 1
99 147 1
99 157 1
99 158 1
100 104 1
100 110 1
100 115 1
100 122 1
100 143 1
100 150 1
101 102 1
101 105 1
101 109 1
101 115 1
101 119 1
101 124 1
101 128 1
101 129 1
101 133 1
101 134 1
101 135 1
101 141 1
102 104 1
102 114 1
102 128 1
102 129 1
102 132 1
102 136 1
102 154 1
102 156 1
103 115 1
103 118 1
103 126 1
103 131 1
103 136 1
103 157 1
104 115 1
104 121 1
104 123 1
104 126 1
104 133 1
105 106 1
105 110 1
105 115 1
105 118 1
105 121 1
105 128 1
105 141 1
105 146 1
105 150 1
106 128 1
106 130 1
106 150 1
106 151 1
107 121 1
107 122 1
107 124 1
107 125 1
107 129 1
107 136 1
107 139 1
107 142 1
108 134 1
108 136 1
108 142 1
108 147 1
109 113 1
109 117 1
109 124 1
109 134 1
109 139 1
110 150 1
110 152 1
110 157 1
110 159 1
111 117 1
111 122 1
111 133 1
111 142 1
111 143 1
111 146 1
111 152 1
112 138 1
112 141 1
112 155 1
112 156 1
113 120 1
113 126 1
113 127 1
113 133 1
113 139 1
113 142 1
114 119 1
114 120 1
114 129 1
114 131 1
114 135 1
114 139 1
114 147 1
114 151 1
114 157 1
114 159 1
115 125 1
115 133 1
115 144 1
115 145 1
115 147 1
116 134 1
116 137 1
116 140 1
116 142 1
116 152 1
116 155 1
116 157 1
116 158 1
117 123 1
117 126 1
117 128 1
117 152 1
118 119 1
118 131 1
118 134 1
118 145 1
118 153 1
119 125 1
119 142 1
119 150 1
119 155 1
120 122 1
120 131 1
120 136 1
120 138 1
120 142 1
120 148 1
121 122 1
121 132 1
121 135 1
121 150 1
121 152 1
121 157 1
122 134 1
122 137 1
122 138 1
122 143 1
122 151 1
123 136 1
124 125 1
124 126 1
124 132 1
124 144 1
124 152 1
124 153 1
125 128 1
125 149 1
125 154 1
126 130 1
126 143 1
126 145 1
127 128 1
127 133 1
127 136 1
127 137 1
127 139 1
128 147 1
129 145 1
129 152 1
129 153 1
130 134 1
130 139 1
130 155 1
131 138 1
131 140 1
131 152 1
132 136 1
132 143 1
132 147 1
132 155 1
132 156 1
132 157 1
132 159 1
133 136 1
133 140 1
133 148 1
133 149 1
134 137 1
134 145 1
135 139 1
135 157 1
135 159 1
136 148 1
136 149 1
136 155 1
136 157 1
136 158 1
137 144 1
137 149 1
137 157 1
138 145 1
138 156 1
139 142 1
139 144 1
139 154 1
140 153 1
140 155 1
142 148 1
142 154 1
143 144 1
143 147 1
144 145 1
144 146 1
144 149 1
144 150 1
144 151 1
144 158 1
144 159 1
145 152 1
145 155 1
145 157 1
145 158 1
147 158 1
148 157 1
149 153 1
149 157 1
149 159 1
151 159 1
152 153 1
155 159 1
157 158 1
1
154 17 61 149 135 24 83 107 133 96 86 127 110 113 41 51
