1816
0 2 1
0 14 1
0 18 1
0 21 1
0 29 1
0 55 1
0 85 1
0 96 1
0 103 1
0 115 1
0 117 1
0 124 1
0 126 1
0 135 1
0 136 1
0 140 1
0 155 1
0 161 1
0 162 1
0 174 1
1 5 1
1 9 1
1 16 1
1 27 1
1 29 1
1 36 1
1 51 1
1 86 1
1 87 1
1 88 1
1 89 1
1 100 1
1 101 1
1 102 1
1 107 1
1 115 1
1 138 1
1 145 1
1 148 1
1 156 1
1 166 1
1 174 1
2 12 1
2 20 1
2 41 1
2 46 1
2 57 1
2 79 1
2 83 1
2 110 1
2 121 1
2 136 1
2 140 1
2 142 1
2 143 1
2 152 1
2 153 1
2 163 1
2 168 1
3 19 1
3 27 1
3 28 1
3 46 1
3 55 1
3 56 1
3 61 1
3 67 1
3 69 1
3 84 1
3 92 1
3 96 1
3 99 1
3 108 1
3 134 1
3 138 1
3 143 1
3 145 1
3 147 1
3 155 1
3 158 1
3 160 1
3 163 1
3 165 1
3 173 1
3 178 1
4 16 1
4 18 1
4 22 1
4 23 1
4 25 1
4 31 1
4 51 1
4 52 1
4 57 1
4 68 1
4 70 1
4 81 1
4 94 1
4 97 1
4 98 1
4 107 1
4 130 1
4 138 1
4 177 1
5 8 1
5 13 1
5 18 1
5 37 1
5 42 1
5 52 1
5 55 1
5 71 1
5 74 1
5 110 1
5 120 1
5 121 1
5 122 1
5 126 1
5 128 1
5 133 1
5 135 1
5 139 1
5 147 1
5 151 1
5 153 1
5 166 1
5 176 1
6 14 1
6 16 1
6 25 1
6 39 1
6 55 1
6 71 1
6 85 1
6 90 1
6 95 1
6 97 1
6 114 1
6 122 1
6 129 1
6 156 1
6 165 1
6 171 1
7 28 1
7 51 1
7 61 1
7 66 1
7 74 1
7 85 1
7 86 1
7 95 1
7 116 1
7 117 1
7 119 1
7 120 1
7 127 1
7 140 1
7 141 1
7 152 1
7 154 1
7 161 1
7 164 1
7 173 1
8 13 1
8 17 1
8 18 1
8 26 1
8 28 1
8 41 1
8 42 1
8 59 1
8 75 1
8 76 1
8 92 1
8 96 1
8 148 1
8 158 1
8 159 1
8 161 1
8 166 1
9 19 1
9 22 1
9 24 1
9 39 1
9 42 1
9 44 1
9 49 1
9 83 1
9 127 1
9 131 1
9 143 1
9 150 1
9 154 1
9 157 1
10 18 1
10 31 1
10 45 1
10 47 1
10 66 1
10 91 1
10 96 1
10 98 1
10 99 1
10 140 1
10 147 1
10 152 1
10 164 1
11 13 1
11 24 1
11 28 1
11 36 1
11 47 1
11 51 1
11 52 1
11 67 1
11 68 1
11 80 1
11 87 1
11 98 1
11 100 1
11 107 1
11 109 1
11 111 1
11 114 1
11 129 1
11 132 1
11 145 1
11 154 1
11 156 1
11 158 1
11 161 1
11 172 1
11 175 1
12 14 1
12 23 1
12 25 1
12 38 1
12 41 1
12 58 1
12 70 1
12 71 1
12 83 1
12 84 1
12 107 1
12 120 1
12 166 1
12 173 1
12 178 1
13 17 1
13 21 1
13 44 1
13 54 1
13 71 1
13 73 1
13 87 1
13 91 1
13 97 1
13 123 1
13 127 1
13 135 1
13 143 1
13 155 1
13 167 1
14 16 1
14 22 1
14 25 1
14 39 1
14 49 1
14 66 1
14 74 1
14 89 1
14 91 1
14 98 1
14 99 1
14 107 1
14 110 1
14 115 1
14 141 1
14 146 1
14 152 1
14 155 1
14 159 1
15 26 1
15 46 1
15 48 1
15 57 1
15 78 1
15 79 1
15 135 1
15 137 1
15 144 1
15 159 1
15 162 1
15 163 1
15 167 1
15 177 1
16 31 1
16 33 1
16 34 1
16 35 1
16 37 1
16 38 1
16 43 1
16 45 1
16 58 1
16 74 1
16 75 1
16 88 1
16 97 1
16 101 1
16 103 1
16 104 1
16 117 1
16 129 1
16 160 1
16 170 1
17 28 1
17 36 1
17 39 1
17 41 1
17 46 1
17 55 1
17 66 1
17 71 1
17 73 1
17 75 1
17 90 1
17 96 1
17 103 1
17 105 1
17 115 1
17 122 1
17 127 1
17 130 1
17 162 1
17 167 1
18 33 1
18 40 1
18 51 1
18 64 1
18 70 1
18 73 1
18 75 1
18 87 1
18 90 1
18 91 1
18 95 1
18 133 1
18 135 1
18 154 1
18 171 1
19 20 1
19 23 1
19 38 1
19 50 1
19 62 1
19 70 1
19 71 1
19 74 1
19 82 1
19 86 1
19 101 1
19 135 1
19 146 1
19 155 1
19 156 1
19 162 1
19 163 1
19 170 1
20 36 1
20 39 1
20 46 1
20 59 1
20 70 1
20 82 1
20 88 1
20 105 1
20 112 1
20 120 1
20 140 1
20 143 1
20 153 1
20 174 1
21 31 1
21 35 1
21 40 1
21 58 1
21 63 1
21 83 1
21 84 1
21 89 1
21 94 1
21 99 1
21 105 1
21 108 1
21 121 1
21 125 1
21 131 1
21 132 1
21 140 1
21 149 1
21 158 1
21 164 1
21 176 1
22 23 1
22 30 1
22 34 1
22 50 1
22 51 1
22 54 1
22 57 1
22 60 1
22 70 1
22 71 1
22 76 1
22 79 1
22 86 1
22 91 1
22 92 1
22 101 1
22 105 1
22 113 1
22 116 1
22 122 1
22 125 1
22 126 1
22 155 1
22 156 1
22 161 1
22 164 1
22 172 1
22 177 1
23 27 1
23 32 1
23 33 1
23 43 1
23 47 1
23 52 1
23 62 1
23 70 1
23 71 1
23 79 1
23 80 1
23 85 1
23 95 1
23 98 1
23 112 1
23 115 1
23 116 1
23 117 1
23 121 1
23 135 1
23 146 1
23 154 1
23 155 1
23 164 1
23 172 1
24 27 1
24 29 1
24 34 1
24 38 1
24 55 1
24 81 1
24 98 1
24 105 1
24 143 1
24 145 1
24 167 1
24 169 1
25 28 1
25 49 1
25 50 1
25 58 1
25 71 1
25 85 1
25 88 1
25 93 1
25 119 1
25 126 1
25 141 1
25 152 1
25 156 1
26 36 1
26 38 1
26 55 1
26 56 1
26 61 1
26 67 1
26 68 1
26 88 1
26 100 1
26 101 1
26 112 1
26 113 1
26 137 1
26 139 1
26 140 1
26 162 1
27 53 1
27 75 1
27 78 1
27 82 1
27 90 1
27 102 1
27 113 1
27 115 1
27 119 1
27 128 1
27 131 1
27 137 1
27 149 1
27 152 1
27 154 1
27 160 1
27 169 1
27 171 1
27 175 1
27 178 1
27 179 1
28 30 1
28 31 1
28 36 1
28 49 1
28 71 1
28 74 1
28 75 1
28 80 1
28 83 1
28 84 1
28 89 1
28 94 1
28 117 1
28 122 1
28 128 1
28 129 1
28 130 1
28 139 1
28 154 1
28 166 1
29 30 1
29 32 1
29 33 1
29 41 1
29 42 1
29 53 1
29 58 1
29 63 1
29 66 1
29 71 1
29 77 1
29 82 1
29 120 1
29 122 1
29 125 1
29 143 1
29 158 1
29 161 1
29 166 1
29 169 1
29 174 1
30 32 1
30 51 1
30 55 1
30 59 1
30 73 1
30 74 1
30 81 1
30 119 1
30 121 1
30 123 1
30 146 1
30 147 1
30 160 1
30 179 1
31 37 1
31 40 1
31 42 1
31 43 1
31 48 1
31 50 1
31 60 1
31 63 1
31 64 1
31 65 1
31 70 1
31 71 1
31 82 1
31 126 1
31 130 1
31 131 1
31 140 1
31 153 1
31 156 1
31 160 1
31 163 1
31 176 1
32 42 1
32 51 1
32 53 1
32 63 1
32 76 1
32 80 1
32 82 1
32 87 1
32 102 1
32 112 1
32 113 1
32 123 1
32 126 1
32 127 1
32 131 1
32 133 1
32 139 1
32 149 1
32 163 1
32 165 1
32 172 1
32 179 1
33 35 1
33 38 1
33 41 1
33 50 1
33 67 1
33 70 1
33 72 1
33 74 1
33 76 1
33 85 1
33 87 1
33 88 1
33 90 1
33 94 1
33 99 1
33 100 1
33 108 1
33 113 1
33 128 1
33 131 1
33 148 1
34 44 1
34 66 1
34 76 1
34 86 1
34 115 1
34 116 1
34 122 1
34 123 1
34 137 1
34 153 1
34 164 1
34 177 1
35 42 1
35 45 1
35 47 1
35 62 1
35 71 1
35 80 1
35 92 1
35 95 1
35 128 1
35 134 1
35 148 1
35 150 1
35 151 1
35 154 1
35 156 1
35 157 1
35 159 1
35 164 1
35 166 1
35 171 1
35 172 1
35 175 1
36 37 1
36 42 1
36 74 1
36 82 1
36 95 1
36 101 1
36 103 1
36 106 1
36 117 1
36 121 1
36 137 1
36 140 1
36 144 1
36 155 1
36 171 1
37 41 1
37 46 1
37 59 1
37 64 1
37 67 1
37 69 1
37 111 1
37 113 1
37 133 1
37 139 1
37 140 1
37 141 1
37 151 1
37 157 1
37 161 1
37 168 1
37 178 1
38 56 1
38 59 1
38 65 1
38 77 1
38 89 1
38 90 1
38 96 1
38 102 1
38 110 1
38 124 1
38 141 1
38 148 1
38 157 1
38 173 1
38 175 1
39 51 1
39 58 1
39 60 1
39 93 1
39 100 1
39 111 1
39 119 1
39 120 1
39 129 1
39 149 1
39 163 1
39 169 1
39 176 1
40 66 1
40 69 1
40 88 1
40 99 1
40 105 1
40 107 1
40 114 1
40 133 1
40 137 1
40 166 1
40 168 1
40 170 1
41 43 1
41 47 1
41 61 1
41 73 1
41 100 1
41 104 1
41 106 1
41 112 1
41 120 1
41 122 1
41 133 1
41 143 1
41 157 1
41 164 1
41 171 1
41 173 1
42 49 1
42 51 1
42 82 1
42 100 1
42 106 1
42 113 1
42 128 1
42 129 1
42 154 1
42 169 1
42 171 1
43 45 1
43 48 1
43 49 1
43 53 1
43 70 1
43 81 1
43 101 1
43 110 1
43 119 1
43 127 1
43 136 1
43 145 1
43 168 1
43 175 1
44 53 1
44 55 1
44 56 1
44 59 1
44 68 1
44 78 1
44 85 1
44 94 1
44 106 1
44 107 1
44 108 1
44 119 1
44 121 1
44 125 1
44 149 1
44 174 1
45 50 1
45 53 1
45 77 1
45 78 1
45 79 1
45 83 1
45 112 1
45 136 1
45 138 1
45 139 1
45 147 1
45 154 1
45 169 1
45 176 1
46 59 1
46 62 1
46 75 1
46 77 1
46 87 1
46 89 1
46 94 1
46 99 1
46 103 1
46 108 1
46 113 1
46 115 1
46 123 1
46 129 1
46 141 1
46 172 1
47 49 1
47 51 1
47 55 1
47 63 1
47 67 1
47 76 1
47 85 1
47 86 1
47 101 1
47 105 1
47 109 1
47 111 1
47 112 1
47 126 1
47 135 1
47 141 1
47 151 1
47 156 1
47 159 1
47 164 1
47 167 1
47 174 1
48 71 1
48 74 1
48 89 1
48 107 1
48 108 1
48 109 1
48 129 1
48 132 1
48 139 1
48 150 1
48 152 1
48 157 1
48 164 1
48 167 1
49 52 1
49 75 1
49 83 1
49 88 1
49 90 1
49 96 1
49 97 1
49 103 1
49 117 1
49 119 1
49 122 1
49 125 1
49 128 1
49 142 1
49 145 1
49 151 1
49 163 1
49 171 1
50 52 1
50 60 1
50 70 1
50 92 1
50 116 1
50 118 1
50 122 1
50 129 1
50 146 1
50 158 1
50 162 1
50 164 1
50 169 1
51 58 1
51 63 1
51 65 1
51 75 1
51 95 1
51 107 1
51 109 1
51 122 1
51 138 1
51 151 1
51 178 1
51 179 1
52 61 1
52 62 1
52 67 1
52 75 1
52 85 1
52 93 1
52 129 1
52 153 1
52 171 1
52 173 1
52 178 1
53 59 1
53 61 1
53 75 1
53 82 1
53 84 1
53 97 1
53 99 1
53 101 1
53 109 1
53 129 1
53 140 1
53 141 1
53 161 1
53 164 1
53 173 1
54 60 1
54 69 1
54 90 1
54 100 1
54 135 1
54 147 1
54 148 1
54 151 1
54 168 1
54 173 1
55 65 1
55 92 1
55 121 1
55 135 1
55 148 1
55 154 1
55 171 1
55 179 1
56 57 1
56 58 1
56 65 1
56 66 1
56 72 1
56 79 1
56 87 1
56 94 1
56 103 1
56 116 1
56 122 1
56 125 1
56 128 1
56 135 1
56 143 1
56 168 1
56 172 1
56 173 1
56 174 1
56 179 1
57 62 1
57 74 1
57 82 1
57 90 1
57 91 1
57 101 1
57 113 1
57 118 1
57 134 1
57 141 1
57 156 1
57 176 1
58 68 1
58 102 1
58 113 1
58 132 1
58 148 1
58 152 1
58 160 1
58 162 1
58 165 1
58 174 1
58 178 1
58 179 1
59 60 1
59 64 1
59 67 1
59 68 1
59 72 1
59 87 1
59 97 1
59 111 1
59 117 1
59 123 1
59 127 1
59 139 1
59 142 1
59 171 1
59 175 1
60 61 1
60 62 1
60 68 1
60 69 1
60 72 1
60 73 1
60 86 1
60 107 1
60 126 1
60 128 1
60 155 1
60 168 1
61 85 1
61 88 1
61 99 1
61 113 1
61 126 1
61 148 1
61 162 1
61 169 1
62 88 1
62 93 1
62 103 1
62 130 1
62 134 1
62 140 1
62 146 1
62 148 1
62 164 1
62 172 1
63 70 1
63 93 1
63 98 1
63 103 1
63 108 1
63 115 1
63 120 1
63 137 1
63 148 1
63 157 1
63 159 1
63 160 1
63 163 1
63 168 1
63 179 1
64 71 1
64 85 1
64 102 1
64 105 1
64 106 1
64 112 1
64 114 1
64 116 1
64 120 1
64 122 1
64 123 1
64 128 1
64 132 1
64 142 1
64 147 1
64 164 1
64 166 1
64 168 1
64 173 1
64 175 1
65 69 1
65 72 1
65 76 1
65 85 1
65 89 1
65 92 1
65 107 1
65 110 1
65 120 1
65 131 1
65 132 1
65 143 1
65 150 1
65 157 1
65 168 1
66 71 1
66 74 1
66 99 1
66 104 1
66 107 1
66 110 1
66 126 1
66 128 1
66 130 1
66 132 1
66 133 1
66 148 1
66 152 1
66 176 1
67 75 1
67 81 1
67 83 1
67 89 1
67 98 1
67 103 1
67 106 1
67 117 1
67 120 1
67 141 1
67 168 1
67 169 1
68 70 1
68 87 1
68 89 1
68 91 1
68 101 1
68 107 1
68 122 1
68 125 1
68 133 1
68 136 1
68 137 1
68 163 1
68 178 1
69 88 1
69 89 1
69 90 1
69 93 1
69 99 1
69 102 1
69 103 1
69 104 1
69 112 1
69 118 1
69 122 1
69 143 1
69 157 1
69 162 1
69 167 1
69 177 1
70 77 1
70 83 1
70 92 1
70 99 1
70 102 1
70 103 1
70 105 1
70 133 1
70 134 1
70 158 1
70 164 1
70 175 1
71 73 1
71 74 1
71 81 1
71 89 1
71 106 1
71 115 1
71 133 1
71 134 1
71 136 1
71 140 1
71 174 1
72 78 1
72 83 1
72 93 1
72 96 1
72 109 1
72 119 1
72 127 1
72 130 1
72 137 1
72 146 1
72 152 1
72 153 1
72 164 1
72 165 1
72 173 1
72 175 1
73 74 1
73 77 1
73 91 1
73 98 1
73 102 1
73 116 1
73 121 1
73 135 1
73 148 1
73 153 1
73 156 1
73 162 1
73 176 1
74 134 1
74 143 1
74 144 1
74 157 1
74 178 1
75 76 1
75 86 1
75 98 1
75 102 1
75 103 1
75 111 1
75 148 1
75 150 1
75 155 1
75 161 1
75 178 1
75 179 1
76 81 1
76 98 1
76 104 1
76 107 1
76 108 1
76 109 1
76 141 1
76 145 1
76 148 1
76 159 1
76 177 1
77 88 1
77 92 1
77 94 1
77 97 1
77 101 1
77 102 1
77 114 1
77 120 1
77 136 1
77 143 1
77 145 1
77 148 1
77 153 1
77 162 1
78 85 1
78 86 1
78 109 1
78 125 1
78 131 1
78 154 1
78 155 1
78 171 1
79 99 1
79 102 1
79 105 1
79 107 1
79 120 1
79 123 1
79 127 1
79 134 1
79 135 1
79 146 1
79 149 1
79 157 1
79 162 1
79 171 1
79 174 1
80 89 1
80 91 1
80 99 1
80 103 1
80 130 1
80 143 1
80 146 1
80 150 1
80 170 1
80 177 1
81 90 1
81 94 1
81 112 1
81 114 1
81 122 1
81 123 1
81 125 1
81 140 1
81 149 1
81 153 1
81 169 1
81 175 1
82 94 1
82 97 1
82 99 1
82 104 1
82 108 1
82 113 1
82 121 1
82 128 1
82 139 1
82 145 1
82 146 1
82 149 1
82 155 1
82 161 1
82 165 1
82 166 1
83 87 1
83 88 1
83 94 1
83 98 1
83 107 1
83 128 1
83 141 1
83 146 1
83 164 1
83 170 1
83 171 1
83 177 1
84 91 1
84 92 1
84 110 1
84 114 1
84 117 1
84 129 1
84 165 1
84 172 1
84 173 1
85 88 1
85 90 1
85 94 1
85 103 1
85 108 1
85 111 1
85 115 1
85 118 1
85 128 1
85 132 1
85 134 1
85 161 1
85 163 1
85 178 1
86 94 1
86 104 1
86 108 1
86 109 1
86 141 1
86 143 1
86 151 1
86 176 1
87 93 1
87 96 1
87 120 1
87 127 1
87 139 1
87 147 1
87 155 1
87 157 1
88 95 1
88 121 1
88 131 1
88 134 1
88 140 1
88 144 1
88 153 1
88 158 1
88 159 1
88 160 1
88 166 1
88 169 1
88 176 1
89 95 1
89 118 1
89 126 1
89 147 1
89 152 1
89 154 1
89 156 1
89 160 1
89 177 1
90 112 1
90 118 1
90 126 1
90 131 1
90 142 1
90 145 1
90 148 1
90 159 1
90 164 1
90 166 1
90 169 1
91 119 1
91 132 1
91 139 1
91 144 1
91 159 1
91 165 1
91 168 1
91 178 1
92 94 1
92 111 1
92 122 1
92 124 1
92 127 1
92 133 1
92 138 1
92 140 1
92 142 1
92 152 1
92 153 1
92 166 1
93 98 1
93 127 1
93 137 1
93 139 1
93 145 1
93 151 1
93 155 1
93 166 1
93 170 1
93 172 1
93 175 1
93 179 1
94 101 1
94 108 1
94 117 1
94 123 1
94 153 1
94 154 1
95 111 1
95 130 1
95 139 1
95 146 1
95 147 1
95 148 1
95 156 1
95 166 1
95 168 1
95 178 1
96 105 1
96 108 1
96 133 1
96 136 1
96 139 1
96 160 1
97 102 1
97 103 1
97 112 1
97 123 1
97 130 1
97 139 1
97 168 1
98 105 1
98 107 1
98 110 1
98 111 1
98 117 1
98 129 1
98 145 1
98 163 1
98 165 1
98 167 1
98 172 1
98 175 1
99 104 1
99 111 1
99 114 1
99 117 1
99 118 1
99 134 1
99 172 1
99 178 1
100 116 1
100 125 1
100 160 1
100 161 1
100 178 1
101 114 1
101 125 1
101 141 1
101 142 1
101 146 1
101 152 1
101 157 1
101 168 1
101 175 1
102 124 1
102 135 1
102 136 1
102 138 1
102 143 1
102 153 1
102 174 1
103 106 1
103 114 1
103 119 1
103 129 1
103 132 1
103 145 1
103 149 1
103 154 1
103 159 1
103 166 1
103 169 1
103 171 1
104 125 1
104 132 1
104 133 1
104 162 1
104 164 1
104 166 1
105 109 1
105 110 1
105 116 1
105 118 1
105 121 1
105 122 1
105 162 1
106 112 1
106 117 1
106 128 1
106 140 1
106 143 1
106 147 1
106 156 1
106 167 1
106 171 1
107 147 1
107 160 1
107 165 1
107 169 1
107 179 1
108 111 1
108 112 1
108 121 1
108 127 1
108 135 1
108 150 1
108 170 1
108 176 1
109 127 1
109 130 1
109 147 1
109 151 1
109 153 1
109 172 1
110 111 1
110 114 1
110 118 1
110 121 1
110 133 1
110 134 1
111 128 1
111 132 1
111 136 1
111 137 1
111 138 1
111 152 1
111 154 1
111 175 1
112 114 1
112 132 1
112 134 1
112 148 1
113 118 1
113 134 1
113 140 1
113 142 1
113 155 1
113 163 1
114 118 1
114 133 1
114 137 1
114 139 1
114 156 1
114 161 1
114 164 1
114 178 1
115 118 1
115 122 1
115 137 1
115 163 1
115 164 1
116 118 1
116 127 1
116 129 1
116 132 1
116 138 1
116 147 1
116 149 1
116 153 1
116 158 1
116 163 1
116 171 1
117 123 1
117 131 1
117 133 1
117 138 1
117 141 1
117 157 1
117 159 1
117 160 1
117 164 1
117 168 1
117 177 1
117 178 1
118 123 1
118 139 1
118 140 1
118 142 1
118 150 1
118 158 1
118 171 1
118 179 1
119 120 1
119 128 1
119 131 1
119 135 1
119 139 1
119 146 1
119 152 1
119 156 1
119 157 1
119 167 1
119 170 1
119 173 1
119 174 1
120 125 1
120 127 1
120 130 1
120 134 1
120 135 1
120 140 1
120 146 1
120 149 1
120 151 1
120 154 1
120 157 1
120 168 1
120 176 1
121 128 1
121 129 1
121 133 1
121 150 1
121 152 1
121 171 1
122 125 1
122 129 1
122 131 1
122 137 1
122 138 1
122 141 1
122 144 1
122 149 1
122 170 1
122 173 1
123 126 1
123 140 1
123 146 1
123 148 1
123 152 1
123 170 1
124 125 1
124 145 1
124 149 1
124 157 1
124 160 1
125 127 1
125 142 1
125 150 1
125 162 1
125 164 1
125 165 1
126 155 1
126 160 1
126 170 1
126 172 1
126 173 1
126 175 1
127 130 1
127 132 1
127 139 1
127 151 1
127 161 1
127 162 1
127 166 1
127 170 1
127 179 1
128 137 1
128 146 1
128 153 1
128 154 1
128 155 1
128 161 1
129 144 1
129 175 1
129 176 1
130 134 1
130 142 1
130 161 1
130 173 1
130 177 1
130 179 1
131 132 1
131 138 1
131 155 1
132 147 1
132 172 1
133 135 1
133 140 1
133 144 1
133 163 1
133 178 1
134 138 1
134 171 1
135 157 1
135 175 1
136 150 1
136 153 1
136 163 1
137 149 1
137 155 1
137 164 1
137 175 1
138 147 1
138 155 1
138 168 1
138 170 1
138 171 1
138 178 1
139 154 1
139 155 1
139 159 1
139 178 1
140 159 1
140 162 1
140 165 1
140 166 1
140 169 1
140 175 1
141 150 1
141 153 1
141 154 1
141 164 1
141 165 1
141 166 1
141 177 1
142 147 1
142 148 1
142 151 1
142 153 1
142 154 1
142 161 1
142 163 1
142 166 1
142 167 1
142 171 1
143 174 1
143 175 1
143 176 1
144 159 1
144 172 1
144 177 1
145 150 1
145 160 1
145 172 1
145 178 1
145 179 1
146 147 1
146 161 1
147 149 1
148 150 1
148 158 1
148 159 1
149 151 1
149 156 1
149 174 1
150 153 1
151 168 1
153 155 1
153 158 1
153 159 1
153 165 1
153 171 1
154 157 1
154 158 1
154 179 1
155 158 1
155 164 1
155 173 1
156 162 1
156 167 1
156 179 1
157 166 1
157 173 1
157 176 1
157 178 1
158 160 1
158 162 1
158 178 1
160 161 1
160 162 1
160 169 1
160 170 1
161 168 1
161 173 1
162 169 1
162 173 1
162 175 1
162 179 1
163 166 1
163 167 1
163 177 1
163 178 1
165 171 1
165 174 1
167 179 1
169 178 1
171 173 1
1
118 75 24 143 44 141 61 134 158 18 3 170 127 162 110 103 20 28
