198
0 2 1
0 7 1
0 8 1
0 9 1
0 10 1
0 14 1
0 15 1
0 16 1
0 18 1
0 22 1
0 23 1
0 24 1
0 25 1
0 27 1
0 29 1
1 2 1
1 4 1
1 5 1
1 8 1
1 11 1
1 13 1
1 18 1
1 22 1
1 25 1
2 3 1
2 4 1
2 5 1
2 6 1
2 8 1
2 9 1
2 11 1
2 12 1
2 13 1
2 14 1
2 21 1
2 22 1
2 23 1
2 24 1
2 25 1
2 28 1
3 5 1
3 7 1
3 8 1
3 10 1
3 11 1
3 12 1
3 13 1
3 14 1
3 15 1
3 17 1
3 20 1
3 21 1
3 22 1
3 24 1
4 9 1
4 10 1
4 12 1
4 13 1
4 18 1
4 23 1
4 24 1
4 25 1
4 27 1
4 28 1
4 29 1
5 6 1
5 9 1
5 10 1
5 12 1
5 14 1
5 16 1
5 17 1
5 18 1
5 19 1
5 20 1
5 21 1
5 23 1
5 26 1
5 28 1
5 29 1
6 7 1
6 8 1
6 11 1
6 13 1
6 15 1
6 16 1
6 17 1
6 18 1
6 19 1
6 21 1
6 22 1
6 26 1
6 27 1
6 28 1
7 9 1
7 11 1
7 13 1
7 14 1
7 20 1
7 23 1
7 26 1
7 28 1
8 15 1
8 21 1
8 26 1
9 13 1
9 16 1
9 17 1
9 18 1
9 20 1
9 22 1
9 23 1
9 26 1
9 28 1
9 29 1
10 11 1
10 13 1
10 15 1
10 18 1
10 19 1
10 21 1
10 23 1
10 25 1
10 28 1
10 29 1
11 12 1
11 14 1
11 18 1
11 21 1
11 25 1
11 26 1
11 27 1
11 28 1
11 29 1
12 13 1
12 16 1
12 18 1
12 19 1
12 28 1
13 14 1
13 16 1
13 19 1
13 22 1
13 23 1
13 27 1
13 29 1
14 17 1
14 20 1
14 21 1
14 22 1
14 23 1
14 25 1
14 27 1
14 29 1
15 16 1
15 17 1
15 19 1
15 20 1
15 21 1
15 23 1
15 24 1
15 25 1
15 29 1
16 20 1
16 22 1
16 26 1
16 29 1
17 18 1
17 22 1
17 24 1
17 25 1
17 27 1
17 29 1
18 21 1
18 23 1
18 24 1
18 25 1
18 26 1
18 27 1
19 23 1
20 21 1
20 22 1
20 23 1
20 24 1
20 28 1
21 24 1
21 25 1
21 28 1
22 25 1
22 27 1
22 28 1
23 29 1
24 25 1
24 27 1
24 29 1
26 28 1
26 29 1
27 28 1
1
8 1 13
