416
0 11 1
0 19 1
0 21 1
0 22 1
0 23 1
0 26 1
0 31 1
0 32 1
0 33 1
0 34 1
0 39 1
0 40 1
0 42 1
0 43 1
0 44 1
0 45 1
1 8 1
1 11 1
1 21 1
1 26 1
1 27 1
1 28 1
1 30 1
1 31 1
1 32 1
1 34 1
1 35 1
1 38 1
2 3 1
2 6 1
2 10 1
2 12 1
2 17 1
2 19 1
2 25 1
2 29 1
2 30 1
2 31 1
2 32 1
2 34 1
2 38 1
2 42 1
2 44 1
2 46 1
2 47 1
3 4 1
3 5 1
3 6 1
3 8 1
3 9 1
3 10 1
3 11 1
3 19 1
3 23 1
3 25 1
3 27 1
3 30 1
3 33 1
3 34 1
3 36 1
3 44 1
3 48 1
4 6 1
4 17 1
4 18 1
4 20 1
4 22 1
4 26 1
4 27 1
4 28 1
4 34 1
4 37 1
4 38 1
4 39 1
4 45 1
4 47 1
5 10 1
5 13 1
5 15 1
5 17 1
5 19 1
5 22 1
5 23 1
5 25 1
5 30 1
5 32 1
5 33 1
5 34 1
5 37 1
5 38 1
5 39 1
5 45 1
5 49 1
6 7 1
6 12 1
6 16 1
6 17 1
6 18 1
6 19 1
6 24 1
6 30 1
6 33 1
6 34 1
6 37 1
6 39 1
6 42 1
6 43 1
6 46 1
6 47 1
6 49 1
7 9 1
7 10 1
7 11 1
7 12 1
7 20 1
7 21 1
7 24 1
7 25 1
7 31 1
7 33 1
7 36 1
7 39 1
7 41 1
7 44 1
7 46 1
7 47 1
8 9 1
8 11 1
8 16 1
8 17 1
8 28 1
8 29 1
8 37 1
8 39 1
8 40 1
8 43 1
8 44 1
9 14 1
9 19 1
9 20 1
9 21 1
9 23 1
9 24 1
9 30 1
9 31 1
9 36 1
9 37 1
9 38 1
9 41 1
9 42 1
9 45 1
9 47 1
9 48 1
10 15 1
10 16 1
10 20 1
10 24 1
10 26 1
10 30 1
10 31 1
10 32 1
10 36 1
10 40 1
10 43 1
10 45 1
10 48 1
11 13 1
11 14 1
11 17 1
11 19 1
11 21 1
11 22 1
11 25 1
11 26 1
11 27 1
11 30 1
11 32 1
11 34 1
11 35 1
11 42 1
11 43 1
11 44 1
12 13 1
12 16 1
12 17 1
12 18 1
12 25 1
12 26 1
12 28 1
12 30 1
12 39 1
12 43 1
12 45 1
12 47 1
13 19 1
13 22 1
13 26 1
13 28 1
13 30 1
13 35 1
13 38 1
13 39 1
13 40 1
13 49 1
14 16 1
14 19 1
14 21 1
14 23 1
14 24 1
14 25 1
14 26 1
14 28 1
14 29 1
14 32 1
14 34 1
14 35 1
14 36 1
14 41 1
14 48 1
14 49 1
15 16 1
15 20 1
15 21 1
15 22 1
15 24 1
15 25 1
15 26 1
15 28 1
15 30 1
15 32 1
15 44 1
15 46 1
15 48 1
15 49 1
16 19 1
16 23 1
16 24 1
16 26 1
16 27 1
16 29 1
16 30 1
16 31 1
16 32 1
16 34 1
16 36 1
16 38 1
16 39 1
16 41 1
16 42 1
16 44 1
16 45 1
16 47 1
16 49 1
17 21 1
17 23 1
17 24 1
17 26 1
17 31 1
17 34 1
17 41 1
17 45 1
17 47 1
17 48 1
18 21 1
18 22 1
18 23 1
18 24 1
18 26 1
18 28 1
18 30 1
18 31 1
18 33 1
18 37 1
18 38 1
18 40 1
18 42 1
18 48 1
19 21 1
19 22 1
19 25 1
19 37 1
19 39 1
19 41 1
19 42 1
19 45 1
19 47 1
20 21 1
20 22 1
20 27 1
20 29 1
20 31 1
20 36 1
20 38 1
20 40 1
20 47 1
20 48 1
21 22 1
21 34 1
21 36 1
21 38 1
21 39 1
21 40 1
21 41 1
21 43 1
21 44 1
21 45 1
22 29 1
22 42 1
22 43 1
22 45 1
23 27 1
23 31 1
23 33 1
23 45 1
23 46 1
24 25 1
24 28 1
24 30 1
24 31 1
24 32 1
24 33 1
24 34 1
24 35 1
24 37 1
24 40 1
24 41 1
24 43 1
24 46 1
24 48 1
24 49 1
25 26 1
25 27 1
25 29 1
25 31 1
25 32 1
25 36 1
25 37 1
25 38 1
25 40 1
25 48 1
25 49 1
26 27 1
26 28 1
26 37 1
26 41 1
26 42 1
26 43 1
26 45 1
26 47 1
27 30 1
27 36 1
27 43 1
27 45 1
27 47 1
27 48 1
27 49 1
28 31 1
28 32 1
28 34 1
28 37 1
28 40 1
28 41 1
28 44 1
28 45 1
28 47 1
29 39 1
29 43 1
29 47 1
29 48 1
30 32 1
30 37 1
30 42 1
30 43 1
30 46 1
31 33 1
31 37 1
31 41 1
31 43 1
31 44 1
31 47 1
32 35 1
32 39 1
33 34 1
33 36 1
33 37 1
33 40 1
34 38 1
34 39 1
34 40 1
34 43 1
34 48 1
34 49 1
35 36 1
35 38 1
35 47 1
36 45 1
36 49 1
38 43 1
38 46 1
38 47 1
39 41 1
39 42 1
39 45 1
39 48 1
40 42 1
40 44 1
40 46 1
41 44 1
42 44 1
42 46 1
42 48 1
42 49 1
43 48 1
43 49 1
44 46 1
46 49 1
1
5 21 28 38 27
