469
0 5 1
0 6 1
0 7 1
0 9 1
0 16 1
0 22 1
0 23 1
0 25 1
0 26 1
0 30 1
0 32 1
0 36 1
0 48 1
0 50 1
0 59 1
1 3 1
1 10 1
1 11 1
1 13 1
1 15 1
1 19 1
1 20 1
1 22 1
1 23 1
1 24 1
1 27 1
1 37 1
1 38 1
1 41 1
1 42 1
1 44 1
1 47 1
1 48 1
1 55 1
1 56 1
2 6 1
2 9 1
2 10 1
2 12 1
2 14 1
2 25 1
2 26 1
2 28 1
2 29 1
2 30 1
2 32 1
2 43 1
2 48 1
2 52 1
3 8 1
3 10 1
3 16 1
3 21 1
3 22 1
3 23 1
3 25 1
3 27 1
3 28 1
3 32 1
3 33 1
3 37 1
3 38 1
3 40 1
3 43 1
3 54 1
3 57 1
4 7 1
4 8 1
4 9 1
4 14 1
4 19 1
4 21 1
4 22 1
4 25 1
4 27 1
4 28 1
4 29 1
4 35 1
4 38 1
4 39 1
4 42 1
4 44 1
4 45 1
4 52 1
4 56 1
4 59 1
5 7 1
5 10 1
5 15 1
5 23 1
5 26 1
5 31 1
5 33 1
5 44 1
5 55 1
5 57 1
6 8 1
6 14 1
6 17 1
6 18 1
6 24 1
6 25 1
6 29 1
6 30 1
6 38 1
6 40 1
6 41 1
6 43 1
6 45 1
6 51 1
6 56 1
7 9 1
7 12 1
7 21 1
7 24 1
7 25 1
7 26 1
7 29 1
7 32 1
7 47 1
8 13 1
8 19 1
8 26 1
8 28 1
8 32 1
8 39 1
8 42 1
8 55 1
8 57 1
9 12 1
9 23 1
9 26 1
9 27 1
9 31 1
9 32 1
9 34 1
9 47 1
9 50 1
9 54 1
9 55 1
9 57 1
10 14 1
10 16 1
10 29 1
10 31 1
10 39 1
10 41 1
10 44 1
10 46 1
10 49 1
10 52 1
10 55 1
11 14 1
11 17 1
11 19 1
11 28 1
11 44 1
11 47 1
11 49 1
11 50 1
11 51 1
12 21 1
12 24 1
12 25 1
12 28 1
12 29 1
12 30 1
12 31 1
12 33 1
12 36 1
12 40 1
12 43 1
12 53 1
12 55 1
12 56 1
12 57 1
12 59 1
13 14 1
13 19 1
13 20 1
13 21 1
13 26 1
13 29 1
13 32 1
13 33 1
13 38 1
13 42 1
13 43 1
13 47 1
13 57 1
13 58 1
14 15 1
14 25 1
14 29 1
14 38 1
14 45 1
14 48 1
14 52 1
14 54 1
14 57 1
14 59 1
15 22 1
15 23 1
15 24 1
15 28 1
15 29 1
15 32 1
15 36 1
15 37 1
15 41 1
15 43 1
15 48 1
15 52 1
15 57 1
16 17 1
16 18 1
16 19 1
16 33 1
16 36 1
16 41 1
16 48 1
16 52 1
16 54 1
16 57 1
17 21 1
17 25 1
17 29 1
17 30 1
17 41 1
17 46 1
17 49 1
17 50 1
17 53 1
17 55 1
17 56 1
17 59 1
18 20 1
18 24 1
18 25 1
18 26 1
18 29 1
18 30 1
18 41 1
18 44 1
18 45 1
18 57 1
19 21 1
19 24 1
19 27 1
19 30 1
19 34 1
19 42 1
19 43 1
19 44 1
19 46 1
19 48 1
19 52 1
19 56 1
19 58 1
20 21 1
20 22 1
20 24 1
20 28 1
20 42 1
20 44 1
20 47 1
20 49 1
20 51 1
20 57 1
20 59 1
21 22 1
21 23 1
21 29 1
21 32 1
21 34 1
21 37 1
21 41 1
21 43 1
21 45 1
21 46 1
21 47 1
21 48 1
21 52 1
21 58 1
22 23 1
22 24 1
22 29 1
22 31 1
22 32 1
22 48 1
22 49 1
22 53 1
22 58 1
23 24 1
23 25 1
23 41 1
23 42 1
23 46 1
23 50 1
23 57 1
23 58 1
24 25 1
24 26 1
24 27 1
24 28 1
24 29 1
24 34 1
24 35 1
24 41 1
24 42 1
24 43 1
24 47 1
24 52 1
24 54 1
24 57 1
25 26 1
25 30 1
25 33 1
25 36 1
25 37 1
25 47 1
25 48 1
25 50 1
25 56 1
25 58 1
26 45 1
26 55 1
26 57 1
27 29 1
27 38 1
27 42 1
27 46 1
27 49 1
27 59 1
28 30 1
28 37 1
28 38 1
28 39 1
28 40 1
28 41 1
28 43 1
28 49 1
28 51 1
28 58 1
29 35 1
29 39 1
29 44 1
29 48 1
29 49 1
29 50 1
29 57 1
29 59 1
30 31 1
30 32 1
30 33 1
30 40 1
30 41 1
30 47 1
30 53 1
30 57 1
30 58 1
31 32 1
31 33 1
31 37 1
31 40 1
31 42 1
31 43 1
31 44 1
31 45 1
31 46 1
31 49 1
31 51 1
31 58 1
32 33 1
32 45 1
32 48 1
32 51 1
32 53 1
32 56 1
32 57 1
33 36 1
33 44 1
33 45 1
33 49 1
33 52 1
33 55 1
34 36 1
34 41 1
34 49 1
34 56 1
35 40 1
35 42 1
35 48 1
36 39 1
36 40 1
36 41 1
36 45 1
36 57 1
37 39 1
37 40 1
37 41 1
37 43 1
37 48 1
37 52 1
37 53 1
38 39 1
38 41 1
38 45 1
38 46 1
38 48 1
38 49 1
38 51 1
38 54 1
38 56 1
38 59 1
39 41 1
39 50 1
39 53 1
40 42 1
40 44 1
40 49 1
40 51 1
40 52 1
40 56 1
41 43 1
41 44 1
41 45 1
41 55 1
42 44 1
42 45 1
42 52 1
42 53 1
42 55 1
42 56 1
43 50 1
43 58 1
44 47 1
44 50 1
44 52 1
44 53 1
44 54 1
44 56 1
45 49 1
45 55 1
45 56 1
45 58 1
46 47 1
46 48 1
46 51 1
46 52 1
46 54 1
46 57 1
47 50 1
47 53 1
47 55 1
47 56 1
47 57 1
48 52 1
49 58 1
49 59 1
50 52 1
50 53 1
50 54 1
51 55 1
51 56 1
51 59 1
52 53 1
54 59 1
57 58 1
1
18 0 42 2 27 5
