1494
0 7 1
0 11 1
0 12 1
0 13 1
0 15 1
0 19 1
0 21 1
0 34 1
0 42 1
0 43 1
0 47 1
0 56 1
0 62 1
0 72 1
0 74 1
0 79 1
0 83 1
0 84 1
0 128 1
0 137 1
0 148 1
1 4 1
1 11 1
1 20 1
1 21 1
1 23 1
1 33 1
1 40 1
1 62 1
1 66 1
1 67 1
1 80 1
1 97 1
1 101 1
1 102 1
1 109 1
1 113 1
1 114 1
1 116 1
1 124 1
1 136 1
1 142 1
1 147 1
2 13 1
2 15 1
2 16 1
2 29 1
2 32 1
2 44 1
2 54 1
2 77 1
2 85 1
2 87 1
2 92 1
2 94 1
2 96 1
2 108 1
2 114 1
2 115 1
2 122 1
2 125 1
2 126 1
2 130 1
2 139 1
2 143 1
2 147 1
3 4 1
3 19 1
3 22 1
3 24 1
3 26 1
3 42 1
3 48 1
3 50 1
3 61 1
3 73 1
3 78 1
3 83 1
3 86 1
3 88 1
3 92 1
3 100 1
3 101 1
3 106 1
3 108 1
3 117 1
3 128 1
3 131 1
3 132 1
3 136 1
3 141 1
4 15 1
4 17 1
4 21 1
4 26 1
4 46 1
4 53 1
4 67 1
4 96 1
4 99 1
4 114 1
4 129 1
4 131 1
4 137 1
4 142 1
5 8 1
5 22 1
5 25 1
5 29 1
5 37 1
5 43 1
5 48 1
5 49 1
5 60 1
5 62 1
5 63 1
5 67 1
5 74 1
5 76 1
5 79 1
5 82 1
5 84 1
5 88 1
5 89 1
5 101 1
5 107 1
5 109 1
5 117 1
5 122 1
5 124 1
5 133 1
5 139 1
5 146 1
6 13 1
6 17 1
6 26 1
6 28 1
6 40 1
6 41 1
6 52 1
6 65 1
6 74 1
6 84 1
6 89 1
6 95 1
6 110 1
6 126 1
6 128 1
6 138 1
6 143 1
7 16 1
7 18 1
7 32 1
7 34 1
7 56 1
7 57 1
7 58 1
7 72 1
7 74 1
7 75 1
7 108 1
7 117 1
7 121 1
7 125 1
7 132 1
7 139 1
7 147 1
8 15 1
8 33 1
8 37 1
8 58 1
8 61 1
8 68 1
8 74 1
8 78 1
8 90 1
8 91 1
8 95 1
8 104 1
8 107 1
8 108 1
8 109 1
8 114 1
8 115 1
8 119 1
8 123 1
8 124 1
8 127 1
8 134 1
9 10 1
9 11 1
9 21 1
9 23 1
9 25 1
9 40 1
9 58 1
9 65 1
9 70 1
9 72 1
9 96 1
9 107 1
9 110 1
9 127 1
9 129 1
9 136 1
9 138 1
9 139 1
9 140 1
9 142 1
9 143 1
9 146 1
10 23 1
10 39 1
10 41 1
10 49 1
10 53 1
10 54 1
10 58 1
10 62 1
10 63 1
10 65 1
10 68 1
10 72 1
10 103 1
10 111 1
10 114 1
10 118 1
10 119 1
10 121 1
10 125 1
10 129 1
10 140 1
11 12 1
11 16 1
11 19 1
11 24 1
11 26 1
11 31 1
11 39 1
11 40 1
11 41 1
11 42 1
11 56 1
11 76 1
11 79 1
11 94 1
11 122 1
11 149 1
12 22 1
12 26 1
12 31 1
12 42 1
12 43 1
12 47 1
12 57 1
12 67 1
12 72 1
12 74 1
12 80 1
12 88 1
12 89 1
12 90 1
12 92 1
12 104 1
12 112 1
12 124 1
12 136 1
12 148 1
13 17 1
13 18 1
13 27 1
13 35 1
13 52 1
13 62 1
13 68 1
13 71 1
13 78 1
13 81 1
13 101 1
13 116 1
13 128 1
13 133 1
14 20 1
14 28 1
14 63 1
14 65 1
14 69 1
14 86 1
14 106 1
14 109 1
14 120 1
14 124 1
14 128 1
14 130 1
14 136 1
14 141 1
15 16 1
15 19 1
15 22 1
15 24 1
15 40 1
15 41 1
15 42 1
15 47 1
15 50 1
15 52 1
15 55 1
15 56 1
15 60 1
15 62 1
15 63 1
15 64 1
15 65 1
15 69 1
15 71 1
15 75 1
15 76 1
15 79 1
15 103 1
15 129 1
15 140 1
16 17 1
16 23 1
16 45 1
16 46 1
16 47 1
16 71 1
16 75 1
16 86 1
16 93 1
16 101 1
16 103 1
16 111 1
16 120 1
16 135 1
16 137 1
16 139 1
16 145 1
17 18 1
17 20 1
17 38 1
17 46 1
17 50 1
17 58 1
17 70 1
17 90 1
17 91 1
17 114 1
17 123 1
17 144 1
17 148 1
18 20 1
18 25 1
18 35 1
18 43 1
18 49 1
18 62 1
18 63 1
18 66 1
18 67 1
18 74 1
18 75 1
18 81 1
18 82 1
18 85 1
18 94 1
18 110 1
18 112 1
18 116 1
18 121 1
18 126 1
18 132 1
18 133 1
18 138 1
18 143 1
19 47 1
19 48 1
19 49 1
19 50 1
19 58 1
19 61 1
19 80 1
19 81 1
19 82 1
19 87 1
19 93 1
19 103 1
19 112 1
19 113 1
19 116 1
19 118 1
19 123 1
19 125 1
19 130 1
19 138 1
19 139 1
19 149 1
20 23 1
20 25 1
20 27 1
20 50 1
20 66 1
20 74 1
20 85 1
20 86 1
20 100 1
20 112 1
20 124 1
20 130 1
20 143 1
20 144 1
20 146 1
21 33 1
21 42 1
21 72 1
21 73 1
21 87 1
21 99 1
21 107 1
21 121 1
21 135 1
21 138 1
22 34 1
22 38 1
22 41 1
22 42 1
22 43 1
22 51 1
22 57 1
22 62 1
22 63 1
22 68 1
22 80 1
22 92 1
22 96 1
22 114 1
22 117 1
22 119 1
22 130 1
22 136 1
22 147 1
23 28 1
23 37 1
23 38 1
23 40 1
23 48 1
23 65 1
23 81 1
23 84 1
23 97 1
23 106 1
23 107 1
23 108 1
23 123 1
23 130 1
23 135 1
23 137 1
24 36 1
24 48 1
24 66 1
24 69 1
24 87 1
24 93 1
24 100 1
24 120 1
24 140 1
24 148 1
25 36 1
25 43 1
25 44 1
25 70 1
25 71 1
25 82 1
25 83 1
25 91 1
25 106 1
25 125 1
25 126 1
25 141 1
26 36 1
26 41 1
26 62 1
26 65 1
26 67 1
26 77 1
26 94 1
26 100 1
26 101 1
26 109 1
26 111 1
26 136 1
27 31 1
27 38 1
27 51 1
27 58 1
27 66 1
27 71 1
27 91 1
27 104 1
27 106 1
27 114 1
27 132 1
27 142 1
27 143 1
28 32 1
28 34 1
28 54 1
28 64 1
28 74 1
28 76 1
28 88 1
28 93 1
28 100 1
28 101 1
28 103 1
28 116 1
28 132 1
28 134 1
28 144 1
29 32 1
29 33 1
29 46 1
29 51 1
29 56 1
29 71 1
29 89 1
29 102 1
29 104 1
29 106 1
29 116 1
29 122 1
29 139 1
29 141 1
29 147 1
30 40 1
30 41 1
30 49 1
30 52 1
30 58 1
30 61 1
30 64 1
30 80 1
30 84 1
30 90 1
30 103 1
30 109 1
30 110 1
30 112 1
30 121 1
30 127 1
30 129 1
30 134 1
30 135 1
30 139 1
30 140 1
30 142 1
30 143 1
31 42 1
31 49 1
31 56 1
31 69 1
31 82 1
31 98 1
31 99 1
31 100 1
31 101 1
31 112 1
31 122 1
31 124 1
31 127 1
31 134 1
31 142 1
31 147 1
32 40 1
32 42 1
32 50 1
32 65 1
32 78 1
32 83 1
32 98 1
32 105 1
32 129 1
32 140 1
33 41 1
33 58 1
33 63 1
33 65 1
33 71 1
33 80 1
33 92 1
33 93 1
33 97 1
33 98 1
33 99 1
33 116 1
33 126 1
33 132 1
33 136 1
33 137 1
34 58 1
34 63 1
34 65 1
34 80 1
34 81 1
34 95 1
34 98 1
34 108 1
34 110 1
34 113 1
34 125 1
34 128 1
34 131 1
34 135 1
34 140 1
34 142 1
35 37 1
35 40 1
35 45 1
35 46 1
35 80 1
35 90 1
35 97 1
35 102 1
35 105 1
35 107 1
35 115 1
35 125 1
35 136 1
36 48 1
36 49 1
36 57 1
36 60 1
36 68 1
36 69 1
36 77 1
36 82 1
36 87 1
36 88 1
36 132 1
36 146 1
37 40 1
37 44 1
37 45 1
37 46 1
37 61 1
37 67 1
37 100 1
37 114 1
37 120 1
37 128 1
37 136 1
37 140 1
37 143 1
37 145 1
38 59 1
38 70 1
38 73 1
38 76 1
38 77 1
38 85 1
38 94 1
38 97 1
38 100 1
38 128 1
38 131 1
38 136 1
39 44 1
39 53 1
39 74 1
39 75 1
39 77 1
39 86 1
39 89 1
39 90 1
39 97 1
39 99 1
39 106 1
39 107 1
39 114 1
39 120 1
39 122 1
39 123 1
39 130 1
39 136 1
39 142 1
39 146 1
39 147 1
39 148 1
40 46 1
40 56 1
40 57 1
40 68 1
40 70 1
40 72 1
40 73 1
40 75 1
40 91 1
40 97 1
40 101 1
40 107 1
40 116 1
40 121 1
40 123 1
40 144 1
41 42 1
41 48 1
41 63 1
41 75 1
41 81 1
41 99 1
41 105 1
41 106 1
41 111 1
41 121 1
41 139 1
42 61 1
42 76 1
42 80 1
42 88 1
42 97 1
42 98 1
42 107 1
42 134 1
42 135 1
42 138 1
42 144 1
43 64 1
43 79 1
43 87 1
43 98 1
43 99 1
43 101 1
43 104 1
43 114 1
43 146 1
43 147 1
44 46 1
44 48 1
44 52 1
44 53 1
44 62 1
44 65 1
44 77 1
44 87 1
44 92 1
44 96 1
44 98 1
44 108 1
44 111 1
44 118 1
44 128 1
44 134 1
44 147 1
45 48 1
45 49 1
45 51 1
45 55 1
45 66 1
45 69 1
45 84 1
45 97 1
45 99 1
45 102 1
45 107 1
45 108 1
45 111 1
45 114 1
45 124 1
45 131 1
45 133 1
45 140 1
45 141 1
46 51 1
46 61 1
46 62 1
46 67 1
46 74 1
46 86 1
46 88 1
46 92 1
46 94 1
46 103 1
46 107 1
46 121 1
46 126 1
46 127 1
47 63 1
47 64 1
47 68 1
47 80 1
47 86 1
47 109 1
47 115 1
47 131 1
47 132 1
47 137 1
47 139 1
48 57 1
48 61 1
48 68 1
48 70 1
48 89 1
48 90 1
48 102 1
48 109 1
48 127 1
48 134 1
48 145 1
48 147 1
49 50 1
49 52 1
49 64 1
49 76 1
49 77 1
49 79 1
49 115 1
49 118 1
49 120 1
49 128 1
49 132 1
50 51 1
50 72 1
50 75 1
50 80 1
50 90 1
50 98 1
50 102 1
50 104 1
50 119 1
50 128 1
50 130 1
50 132 1
50 133 1
50 134 1
50 137 1
50 141 1
50 143 1
50 146 1
51 62 1
51 70 1
51 81 1
51 85 1
51 86 1
51 94 1
51 95 1
51 102 1
51 105 1
51 109 1
51 127 1
51 132 1
51 143 1
52 55 1
52 61 1
52 62 1
52 69 1
52 77 1
52 83 1
52 91 1
52 95 1
52 112 1
52 143 1
53 54 1
53 60 1
53 70 1
53 87 1
53 91 1
53 94 1
53 103 1
53 107 1
53 115 1
53 122 1
53 136 1
53 140 1
53 144 1
53 147 1
54 86 1
54 87 1
54 98 1
54 114 1
54 120 1
54 123 1
54 130 1
54 138 1
54 139 1
54 143 1
55 67 1
55 69 1
55 84 1
55 89 1
55 93 1
55 111 1
55 139 1
55 145 1
56 60 1
56 66 1
56 74 1
56 82 1
56 86 1
56 87 1
56 93 1
56 94 1
56 97 1
56 124 1
56 128 1
56 142 1
56 144 1
57 74 1
57 90 1
57 98 1
57 114 1
57 130 1
57 132 1
57 141 1
58 61 1
58 64 1
58 70 1
58 102 1
58 149 1
59 73 1
59 77 1
59 80 1
59 97 1
59 103 1
59 108 1
59 130 1
60 61 1
60 64 1
60 71 1
60 75 1
60 88 1
60 95 1
60 97 1
60 115 1
60 124 1
60 135 1
60 141 1
60 149 1
61 63 1
61 105 1
61 111 1
61 122 1
61 125 1
61 143 1
61 144 1
62 68 1
62 72 1
62 86 1
62 89 1
62 97 1
62 98 1
62 100 1
62 107 1
62 109 1
62 111 1
62 128 1
62 137 1
63 73 1
63 84 1
63 86 1
63 90 1
63 93 1
63 101 1
63 117 1
63 123 1
63 125 1
63 133 1
63 142 1
63 143 1
63 145 1
64 72 1
64 75 1
64 82 1
64 86 1
64 103 1
64 110 1
64 116 1
64 120 1
64 129 1
64 131 1
64 132 1
64 133 1
64 135 1
64 138 1
65 71 1
65 80 1
65 83 1
65 92 1
65 95 1
65 99 1
65 100 1
65 107 1
65 111 1
65 128 1
65 131 1
65 134 1
65 136 1
65 140 1
66 73 1
66 74 1
66 83 1
66 86 1
66 87 1
66 88 1
66 93 1
66 111 1
66 112 1
66 114 1
66 116 1
66 134 1
66 137 1
67 96 1
67 102 1
67 103 1
67 109 1
67 124 1
67 127 1
67 129 1
67 132 1
67 137 1
67 142 1
67 146 1
68 71 1
68 73 1
68 95 1
68 101 1
68 104 1
68 117 1
68 129 1
68 133 1
68 134 1
69 75 1
69 79 1
69 88 1
69 92 1
69 107 1
69 116 1
69 121 1
69 125 1
69 142 1
70 74 1
70 80 1
70 88 1
70 98 1
70 112 1
70 117 1
70 123 1
70 141 1
71 76 1
71 86 1
71 91 1
71 92 1
71 93 1
71 105 1
71 106 1
71 108 1
71 112 1
71 118 1
71 119 1
71 124 1
71 127 1
71 131 1
71 144 1
71 145 1
71 149 1
72 74 1
72 80 1
72 81 1
72 83 1
72 99 1
72 104 1
72 108 1
72 122 1
72 129 1
72 140 1
73 75 1
73 90 1
73 106 1
73 111 1
73 118 1
73 119 1
73 132 1
73 137 1
73 139 1
73 141 1
73 143 1
73 145 1
73 146 1
74 81 1
74 88 1
74 99 1
74 104 1
74 116 1
74 121 1
74 126 1
74 130 1
74 137 1
74 140 1
74 141 1
74 146 1
75 78 1
75 90 1
75 100 1
75 104 1
75 106 1
75 123 1
75 134 1
75 138 1
75 141 1
76 81 1
76 93 1
76 98 1
76 99 1
76 123 1
76 127 1
76 143 1
76 148 1
77 79 1
77 92 1
77 93 1
77 94 1
77 97 1
77 109 1
77 113 1
77 127 1
77 128 1
77 132 1
77 134 1
77 135 1
77 144 1
77 146 1
77 147 1
78 82 1
78 91 1
78 92 1
78 98 1
78 100 1
78 106 1
78 113 1
78 117 1
78 127 1
78 131 1
79 82 1
79 90 1
79 94 1
79 101 1
79 105 1
79 107 1
79 111 1
79 121 1
79 129 1
79 131 1
79 133 1
79 134 1
79 135 1
79 138 1
80 81 1
80 85 1
80 88 1
80 92 1
80 100 1
80 104 1
80 106 1
80 114 1
80 131 1
80 139 1
81 82 1
81 92 1
81 93 1
81 107 1
81 111 1
81 112 1
81 114 1
81 123 1
81 125 1
81 133 1
82 84 1
82 88 1
82 92 1
82 98 1
82 135 1
82 138 1
82 142 1
83 89 1
83 98 1
83 102 1
83 112 1
83 113 1
83 119 1
83 135 1
83 137 1
83 138 1
83 139 1
83 141 1
84 96 1
84 117 1
84 122 1
84 123 1
84 125 1
84 137 1
84 142 1
84 149 1
85 94 1
85 95 1
85 98 1
85 99 1
85 101 1
85 103 1
85 108 1
85 111 1
85 118 1
85 119 1
85 122 1
86 91 1
86 97 1
86 108 1
86 112 1
86 116 1
86 118 1
86 123 1
86 129 1
86 138 1
86 144 1
86 147 1
87 89 1
87 99 1
87 107 1
87 116 1
87 125 1
87 129 1
87 146 1
87 148 1
87 149 1
88 91 1
88 96 1
88 99 1
88 109 1
88 128 1
88 130 1
88 133 1
88 139 1
88 146 1
89 94 1
89 104 1
89 107 1
89 113 1
89 115 1
89 132 1
89 137 1
89 144 1
90 94 1
90 104 1
90 107 1
90 109 1
90 112 1
90 139 1
90 140 1
90 145 1
90 146 1
91 96 1
91 97 1
91 117 1
91 120 1
91 134 1
91 138 1
91 148 1
92 133 1
92 135 1
92 136 1
92 142 1
93 95 1
93 111 1
93 112 1
93 117 1
93 128 1
93 137 1
93 146 1
94 118 1
94 133 1
94 139 1
95 100 1
95 110 1
95 117 1
95 130 1
95 139 1
95 140 1
95 146 1
95 149 1
96 103 1
96 104 1
96 111 1
96 113 1
96 117 1
96 129 1
96 132 1
96 140 1
96 142 1
96 149 1
97 101 1
97 114 1
97 117 1
97 123 1
97 136 1
97 138 1
97 149 1
98 105 1
98 109 1
98 112 1
98 116 1
98 118 1
98 129 1
98 139 1
99 110 1
99 145 1
100 110 1
100 115 1
100 128 1
100 136 1
100 140 1
100 141 1
100 145 1
101 124 1
101 135 1
101 147 1
101 148 1
102 103 1
102 133 1
102 141 1
102 145 1
103 110 1
103 112 1
103 115 1
103 116 1
103 117 1
103 144 1
104 108 1
104 113 1
104 116 1
104 123 1
104 127 1
104 128 1
104 143 1
104 147 1
105 138 1
105 140 1
105 147 1
106 115 1
106 116 1
106 125 1
106 134 1
106 137 1
107 112 1
107 135 1
108 122 1
108 127 1
108 128 1
108 131 1
108 144 1
108 148 1
109 119 1
109 121 1
109 133 1
109 141 1
110 116 1
110 121 1
110 128 1
110 134 1
110 137 1
110 138 1
110 140 1
110 147 1
110 148 1
110 149 1
111 120 1
111 125 1
111 144 1
111 149 1
112 113 1
112 114 1
112 125 1
112 140 1
112 148 1
113 123 1
113 124 1
113 126 1
113 127 1
113 131 1
113 135 1
114 115 1
114 117 1
114 122 1
114 123 1
114 129 1
114 131 1
114 137 1
114 138 1
114 146 1
115 117 1
115 127 1
115 132 1
115 137 1
115 138 1
115 142 1
115 143 1
116 126 1
116 134 1
116 141 1
117 130 1
117 131 1
117 143 1
117 144 1
118 120 1
118 121 1
118 125 1
118 127 1
118 132 1
118 139 1
119 122 1
119 124 1
119 129 1
119 138 1
119 144 1
120 130 1
120 135 1
120 140 1
121 127 1
121 133 1
121 143 1
121 145 1
121 147 1
122 129 1
122 135 1
122 138 1
122 140 1
123 128 1
123 133 1
123 135 1
123 141 1
123 143 1
124 126 1
124 130 1
124 135 1
124 140 1
124 141 1
124 143 1
124 149 1
125 126 1
125 134 1
126 130 1
126 139 1
127 130 1
127 144 1
128 132 1
128 134 1
129 132 1
129 133 1
129 135 1
129 139 1
129 146 1
129 147 1
129 149 1
130 147 1
131 136 1
131 139 1
131 147 1
132 135 1
132 145 1
133 142 1
133 149 1
134 137 1
134 138 1
134 142 1
134 149 1
135 137 1
135 138 1
135 145 1
136 142 1
137 139 1
137 143 1
137 149 1
138 146 1
139 140 1
139 142 1
139 143 1
139 145 1
139 146 1
140 147 1
141 142 1
141 146 1
142 145 1
145 147 1
146 147 1
146 148 1
146 149 1
148 149 1
1
137 48 87 51 54 45 110 91 28 61 145 122 80 119 120
