1647
0 3 1
0 6 1
0 7 1
0 15 1
0 25 1
0 29 1
0 41 1
0 50 1
0 60 1
0 90 1
0 104 1
0 112 1
0 113 1
0 128 1
0 130 1
0 137 1
0 140 1
0 141 1
0 149 1
0 152 1
1 5 1
1 15 1
1 51 1
1 57 1
1 83 1
1 86 1
1 99 1
1 106 1
1 114 1
1 118 1
1 129 1
1 142 1
1 149 1
1 150 1
1 158 1
2 9 1
2 11 1
2 29 1
2 32 1
2 46 1
2 49 1
2 56 1
2 70 1
2 71 1
2 118 1
2 141 1
2 151 1
2 155 1
2 158 1
3 10 1
3 15 1
3 18 1
3 35 1
3 36 1
3 37 1
3 51 1
3 58 1
3 63 1
3 68 1
3 81 1
3 82 1
3 103 1
3 110 1
3 116 1
3 119 1
3 132 1
3 137 1
3 151 1
3 157 1
4 7 1
4 23 1
4 24 1
4 25 1
4 39 1
4 47 1
4 48 1
4 50 1
4 52 1
4 60 1
4 63 1
4 87 1
4 89 1
4 90 1
4 91 1
4 98 1
4 117 1
4 126 1
4 139 1
4 140 1
4 154 1
4 155 1
5 6 1
5 19 1
5 54 1
5 59 1
5 67 1
5 73 1
5 75 1
5 77 1
5 78 1
5 80 1
5 106 1
5 111 1
5 112 1
5 118 1
5 121 1
5 124 1
5 158 1
6 9 1
6 10 1
6 12 1
6 15 1
6 22 1
6 31 1
6 37 1
6 40 1
6 49 1
6 53 1
6 83 1
6 88 1
6 89 1
6 103 1
6 108 1
6 115 1
6 144 1
6 153 1
7 16 1
7 17 1
7 19 1
7 33 1
7 37 1
7 42 1
7 53 1
7 54 1
7 57 1
7 63 1
7 77 1
7 89 1
7 92 1
7 95 1
7 117 1
7 140 1
7 142 1
8 21 1
8 26 1
8 27 1
8 33 1
8 38 1
8 42 1
8 46 1
8 49 1
8 63 1
8 65 1
8 66 1
8 67 1
8 89 1
8 94 1
8 98 1
8 111 1
8 112 1
8 118 1
8 120 1
8 132 1
8 142 1
8 150 1
9 11 1
9 16 1
9 24 1
9 39 1
9 51 1
9 53 1
9 54 1
9 55 1
9 57 1
9 58 1
9 62 1
9 64 1
9 67 1
9 72 1
9 73 1
9 77 1
9 78 1
9 84 1
9 94 1
9 97 1
9 99 1
9 110 1
9 113 1
9 130 1
9 133 1
9 136 1
9 146 1
10 23 1
10 24 1
10 27 1
10 31 1
10 35 1
10 44 1
10 46 1
10 84 1
10 90 1
10 92 1
10 93 1
10 112 1
10 116 1
10 126 1
10 127 1
10 130 1
10 138 1
10 139 1
10 144 1
10 155 1
10 158 1
11 15 1
11 21 1
11 35 1
11 38 1
11 58 1
11 79 1
11 80 1
11 88 1
11 100 1
11 111 1
11 113 1
11 121 1
11 125 1
11 127 1
11 134 1
11 141 1
11 142 1
11 143 1
11 146 1
12 26 1
12 39 1
12 47 1
12 52 1
12 60 1
12 63 1
12 82 1
12 96 1
12 97 1
12 129 1
12 133 1
12 139 1
12 148 1
12 149 1
12 150 1
12 153 1
13 22 1
13 37 1
13 44 1
13 65 1
13 72 1
13 79 1
13 82 1
13 84 1
13 100 1
13 110 1
13 118 1
13 122 1
13 146 1
13 148 1
13 150 1
14 28 1
14 30 1
14 47 1
14 50 1
14 86 1
14 88 1
14 95 1
14 103 1
14 108 1
14 110 1
14 113 1
14 117 1
14 124 1
14 129 1
14 148 1
14 157 1
15 16 1
15 23 1
15 26 1
15 33 1
15 36 1
15 47 1
15 48 1
15 53 1
15 69 1
15 70 1
15 81 1
15 84 1
15 88 1
15 95 1
15 109 1
15 110 1
15 112 1
15 115 1
15 117 1
15 119 1
15 158 1
16 18 1
16 19 1
16 20 1
16 41 1
16 42 1
16 51 1
16 57 1
16 58 1
16 69 1
16 96 1
16 97 1
16 100 1
16 130 1
16 145 1
16 148 1
16 150 1
16 154 1
17 64 1
17 81 1
17 89 1
17 90 1
17 92 1
17 104 1
17 105 1
17 112 1
17 119 1
17 120 1
17 129 1
17 138 1
17 149 1
17 155 1
17 156 1
17 159 1
18 20 1
18 24 1
18 26 1
18 51 1
18 53 1
18 64 1
18 78 1
18 85 1
18 98 1
18 109 1
18 114 1
18 122 1
18 125 1
18 135 1
18 139 1
18 144 1
18 156 1
19 27 1
19 28 1
19 46 1
19 47 1
19 48 1
19 54 1
19 55 1
19 86 1
19 91 1
19 100 1
19 115 1
19 116 1
19 119 1
19 135 1
19 141 1
19 147 1
19 151 1
19 153 1
20 25 1
20 28 1
20 47 1
20 63 1
20 66 1
20 81 1
20 82 1
20 85 1
20 91 1
20 99 1
20 103 1
20 106 1
20 128 1
20 130 1
20 132 1
20 133 1
20 139 1
20 151 1
20 152 1
20 158 1
21 37 1
21 38 1
21 53 1
21 54 1
21 55 1
21 56 1
21 60 1
21 73 1
21 78 1
21 83 1
21 85 1
21 100 1
21 102 1
21 105 1
21 110 1
21 124 1
21 129 1
21 138 1
21 147 1
21 153 1
22 25 1
22 38 1
22 50 1
22 116 1
22 122 1
22 128 1
22 155 1
23 24 1
23 65 1
23 77 1
23 79 1
23 80 1
23 83 1
23 88 1
23 93 1
23 96 1
23 99 1
23 105 1
23 111 1
23 115 1
23 118 1
23 128 1
23 137 1
23 148 1
23 157 1
24 34 1
24 44 1
24 45 1
24 55 1
24 68 1
24 69 1
24 80 1
24 84 1
24 100 1
24 112 1
24 119 1
24 120 1
24 128 1
24 149 1
24 157 1
25 36 1
25 40 1
25 42 1
25 44 1
25 48 1
25 56 1
25 63 1
25 67 1
25 68 1
25 71 1
25 78 1
25 85 1
25 94 1
25 100 1
25 104 1
25 111 1
25 121 1
25 127 1
25 144 1
25 148 1
25 154 1
26 37 1
26 40 1
26 42 1
26 45 1
26 47 1
26 53 1
26 56 1
26 72 1
26 87 1
26 93 1
26 95 1
26 102 1
26 109 1
26 113 1
26 114 1
26 131 1
27 46 1
27 50 1
27 51 1
27 52 1
27 54 1
27 69 1
27 70 1
27 74 1
27 78 1
27 83 1
27 84 1
27 96 1
27 125 1
27 129 1
27 144 1
27 147 1
27 155 1
28 32 1
28 35 1
28 37 1
28 45 1
28 53 1
28 57 1
28 78 1
28 88 1
28 97 1
28 101 1
28 102 1
28 103 1
28 108 1
28 113 1
28 118 1
28 128 1
28 131 1
28 151 1
28 155 1
29 34 1
29 39 1
29 51 1
29 54 1
29 55 1
29 56 1
29 68 1
29 70 1
29 76 1
29 77 1
29 101 1
29 102 1
29 104 1
29 119 1
29 123 1
29 134 1
29 137 1
29 139 1
29 140 1
30 35 1
30 41 1
30 45 1
30 46 1
30 50 1
30 60 1
30 81 1
30 85 1
30 109 1
30 111 1
30 124 1
30 152 1
31 32 1
31 41 1
31 49 1
31 57 1
31 59 1
31 65 1
31 68 1
31 82 1
31 91 1
31 94 1
31 99 1
31 101 1
31 116 1
31 141 1
31 145 1
31 146 1
31 147 1
32 51 1
32 55 1
32 65 1
32 73 1
32 83 1
32 87 1
32 94 1
32 98 1
32 101 1
32 103 1
32 107 1
32 111 1
32 113 1
32 146 1
33 36 1
33 38 1
33 45 1
33 46 1
33 53 1
33 56 1
33 67 1
33 75 1
33 84 1
33 92 1
33 96 1
33 99 1
33 107 1
33 109 1
33 112 1
33 123 1
33 135 1
33 139 1
33 148 1
33 153 1
34 41 1
34 44 1
34 48 1
34 57 1
34 66 1
34 68 1
34 77 1
34 79 1
34 86 1
34 95 1
34 113 1
34 118 1
34 119 1
34 120 1
34 121 1
34 122 1
34 133 1
34 135 1
34 142 1
34 149 1
34 150 1
34 154 1
34 157 1
35 37 1
35 40 1
35 42 1
35 50 1
35 51 1
35 56 1
35 75 1
35 102 1
35 104 1
35 115 1
35 152 1
36 42 1
36 44 1
36 49 1
36 53 1
36 84 1
36 88 1
36 104 1
36 109 1
36 112 1
36 114 1
36 115 1
36 117 1
36 121 1
36 130 1
36 135 1
36 137 1
36 143 1
36 150 1
37 38 1
37 62 1
37 63 1
37 64 1
37 85 1
37 86 1
37 89 1
37 92 1
37 95 1
37 101 1
37 109 1
37 126 1
37 143 1
37 150 1
38 49 1
38 71 1
38 82 1
38 85 1
38 94 1
38 96 1
38 101 1
38 111 1
38 125 1
38 132 1
38 143 1
38 147 1
38 153 1
38 154 1
39 50 1
39 59 1
39 79 1
39 86 1
39 90 1
39 94 1
39 106 1
39 112 1
39 127 1
39 132 1
39 143 1
39 145 1
39 156 1
40 41 1
40 51 1
40 58 1
40 63 1
40 88 1
40 95 1
40 102 1
40 114 1
40 116 1
40 137 1
40 144 1
40 150 1
41 42 1
41 44 1
41 62 1
41 71 1
41 74 1
41 84 1
41 89 1
41 91 1
41 96 1
41 98 1
41 120 1
41 126 1
41 127 1
41 140 1
41 141 1
41 148 1
41 151 1
41 152 1
41 158 1
42 46 1
42 62 1
42 66 1
42 71 1
42 117 1
42 119 1
42 124 1
42 136 1
42 139 1
42 141 1
42 142 1
42 148 1
42 150 1
42 154 1
42 159 1
43 45 1
43 46 1
43 52 1
43 55 1
43 68 1
43 71 1
43 73 1
43 76 1
43 80 1
43 81 1
43 90 1
43 99 1
43 111 1
43 113 1
43 119 1
43 127 1
43 132 1
43 133 1
43 135 1
43 153 1
43 159 1
44 59 1
44 62 1
44 85 1
44 98 1
44 100 1
44 103 1
44 106 1
44 114 1
44 129 1
44 131 1
44 132 1
44 134 1
44 142 1
44 146 1
44 155 1
45 62 1
45 64 1
45 71 1
45 77 1
45 83 1
45 87 1
45 96 1
45 98 1
45 105 1
45 126 1
45 138 1
45 142 1
46 49 1
46 54 1
46 55 1
46 65 1
46 68 1
46 85 1
46 103 1
46 107 1
46 119 1
46 130 1
46 132 1
46 136 1
46 153 1
47 49 1
47 54 1
47 75 1
47 77 1
47 88 1
47 96 1
47 97 1
47 114 1
47 138 1
47 158 1
48 49 1
48 51 1
48 53 1
48 54 1
48 60 1
48 67 1
48 84 1
48 89 1
48 91 1
48 96 1
48 104 1
48 108 1
48 118 1
48 121 1
48 142 1
48 147 1
48 152 1
48 157 1
49 58 1
49 72 1
49 86 1
49 97 1
49 104 1
49 118 1
49 119 1
49 121 1
49 123 1
49 128 1
49 135 1
50 61 1
50 72 1
50 84 1
50 96 1
50 98 1
50 105 1
50 117 1
50 119 1
50 128 1
50 143 1
50 145 1
50 148 1
51 52 1
51 55 1
51 56 1
51 62 1
51 68 1
51 75 1
51 83 1
51 84 1
51 105 1
51 115 1
51 120 1
51 133 1
51 136 1
51 138 1
51 144 1
51 146 1
51 151 1
51 152 1
51 157 1
52 66 1
52 69 1
52 82 1
52 95 1
52 97 1
52 102 1
52 106 1
52 114 1
52 116 1
52 117 1
52 121 1
52 147 1
52 149 1
52 153 1
52 157 1
53 82 1
53 88 1
53 89 1
53 109 1
53 117 1
53 133 1
53 134 1
54 56 1
54 57 1
54 59 1
54 77 1
54 85 1
54 86 1
54 88 1
54 92 1
54 97 1
54 98 1
54 102 1
54 106 1
54 108 1
54 109 1
54 112 1
54 129 1
54 132 1
54 136 1
54 137 1
54 141 1
54 144 1
54 148 1
55 59 1
55 90 1
55 92 1
55 95 1
55 99 1
55 104 1
55 105 1
55 113 1
55 115 1
55 135 1
55 136 1
55 141 1
55 145 1
55 146 1
55 153 1
55 156 1
56 57 1
56 59 1
56 68 1
56 70 1
56 74 1
56 75 1
56 80 1
56 81 1
56 83 1
56 87 1
56 94 1
56 99 1
56 109 1
56 118 1
56 119 1
56 142 1
56 149 1
56 151 1
56 152 1
56 157 1
57 66 1
57 83 1
57 93 1
57 94 1
57 98 1
57 103 1
57 110 1
57 118 1
57 120 1
57 122 1
57 123 1
57 131 1
57 141 1
57 149 1
57 158 1
58 59 1
58 66 1
58 69 1
58 75 1
58 78 1
58 82 1
58 93 1
58 107 1
58 111 1
58 127 1
58 128 1
58 129 1
58 141 1
59 60 1
59 77 1
59 82 1
59 84 1
59 85 1
59 101 1
59 103 1
59 104 1
59 105 1
59 130 1
59 137 1
59 140 1
59 144 1
60 77 1
60 82 1
60 90 1
60 93 1
60 99 1
60 103 1
60 114 1
60 120 1
60 121 1
60 129 1
60 133 1
60 134 1
60 136 1
60 137 1
60 141 1
60 153 1
60 155 1
60 157 1
61 67 1
61 70 1
61 73 1
61 82 1
61 86 1
61 98 1
61 102 1
61 106 1
61 123 1
61 135 1
61 136 1
61 144 1
61 146 1
61 157 1
62 75 1
62 82 1
62 94 1
62 99 1
62 100 1
62 106 1
62 110 1
62 117 1
62 122 1
62 134 1
62 136 1
62 144 1
62 147 1
62 158 1
63 74 1
63 75 1
63 77 1
63 84 1
63 87 1
63 93 1
63 97 1
63 101 1
63 127 1
63 131 1
63 132 1
63 138 1
63 147 1
63 151 1
63 152 1
64 67 1
64 71 1
64 72 1
64 76 1
64 81 1
64 87 1
64 93 1
64 99 1
64 101 1
64 107 1
64 114 1
64 120 1
64 125 1
64 140 1
64 142 1
64 150 1
65 73 1
65 78 1
65 85 1
65 89 1
65 92 1
65 106 1
65 110 1
65 112 1
65 114 1
65 120 1
65 124 1
66 86 1
66 87 1
66 122 1
66 143 1
66 144 1
67 79 1
67 81 1
67 87 1
67 100 1
67 103 1
67 111 1
67 115 1
67 116 1
67 122 1
67 126 1
67 141 1
67 155 1
68 72 1
68 77 1
68 79 1
68 86 1
68 91 1
68 96 1
68 97 1
68 103 1
68 114 1
68 118 1
68 123 1
68 134 1
68 148 1
69 91 1
69 120 1
69 125 1
69 133 1
69 151 1
69 154 1
70 72 1
70 73 1
70 82 1
70 93 1
70 95 1
70 100 1
70 104 1
70 105 1
70 107 1
70 109 1
70 111 1
70 119 1
70 130 1
70 134 1
70 138 1
70 142 1
71 83 1
71 96 1
71 116 1
71 120 1
71 124 1
71 127 1
71 130 1
71 140 1
71 149 1
71 154 1
72 78 1
72 93 1
72 96 1
72 102 1
72 105 1
72 110 1
72 113 1
72 118 1
72 119 1
72 124 1
72 129 1
72 139 1
73 76 1
73 84 1
73 88 1
73 91 1
73 94 1
73 107 1
73 112 1
73 123 1
73 131 1
73 151 1
74 84 1
74 87 1
74 98 1
74 100 1
74 102 1
74 122 1
74 127 1
74 147 1
74 148 1
74 150 1
74 151 1
74 158 1
75 81 1
75 88 1
75 93 1
75 98 1
75 107 1
75 110 1
75 115 1
75 120 1
75 122 1
75 123 1
75 125 1
75 133 1
75 135 1
75 142 1
75 144 1
76 82 1
76 87 1
76 97 1
76 99 1
76 104 1
76 111 1
76 116 1
76 126 1
76 130 1
76 136 1
76 137 1
76 152 1
77 83 1
77 115 1
77 123 1
77 125 1
77 132 1
77 133 1
77 138 1
77 139 1
77 141 1
77 154 1
78 84 1
78 86 1
78 98 1
78 102 1
78 108 1
78 109 1
78 117 1
78 119 1
78 123 1
78 132 1
78 145 1
78 153 1
79 85 1
79 109 1
79 116 1
79 118 1
79 119 1
79 144 1
79 145 1
79 151 1
79 156 1
80 88 1
80 96 1
80 98 1
80 103 1
80 108 1
80 112 1
80 115 1
80 127 1
80 142 1
81 93 1
81 102 1
81 106 1
81 107 1
81 108 1
81 110 1
81 114 1
81 123 1
81 135 1
81 136 1
81 138 1
81 143 1
81 155 1
81 157 1
81 158 1
82 83 1
82 86 1
82 90 1
82 108 1
82 127 1
82 130 1
82 131 1
82 141 1
82 156 1
83 96 1
83 113 1
83 125 1
83 140 1
83 144 1
83 148 1
83 152 1
83 156 1
83 158 1
84 111 1
84 117 1
84 120 1
84 130 1
84 151 1
84 155 1
85 105 1
85 106 1
85 118 1
85 136 1
85 140 1
85 146 1
86 113 1
86 114 1
86 142 1
86 146 1
87 92 1
87 101 1
87 122 1
87 123 1
87 129 1
87 133 1
87 140 1
87 146 1
87 147 1
87 152 1
88 92 1
88 98 1
88 104 1
88 105 1
88 108 1
88 114 1
88 116 1
88 117 1
88 122 1
88 123 1
88 126 1
88 132 1
88 149 1
88 150 1
88 156 1
89 104 1
89 109 1
89 116 1
89 120 1
89 121 1
89 137 1
89 140 1
89 147 1
89 157 1
90 92 1
90 104 1
90 109 1
90 120 1
90 134 1
90 151 1
90 155 1
91 93 1
91 108 1
91 109 1
91 111 1
91 122 1
91 123 1
91 130 1
91 146 1
91 154 1
92 96 1
92 102 1
92 103 1
92 113 1
92 118 1
92 127 1
92 130 1
92 149 1
92 150 1
92 151 1
93 98 1
93 99 1
93 100 1
93 117 1
93 119 1
93 130 1
93 135 1
93 139 1
93 148 1
93 150 1
93 154 1
94 100 1
94 113 1
94 115 1
94 128 1
94 136 1
94 155 1
95 127 1
95 131 1
95 143 1
95 144 1
95 159 1
96 103 1
96 108 1
96 109 1
96 110 1
96 121 1
96 125 1
96 128 1
96 139 1
96 150 1
96 154 1
97 98 1
97 115 1
97 125 1
97 142 1
97 147 1
97 151 1
97 156 1
97 157 1
98 102 1
98 107 1
98 108 1
98 128 1
98 133 1
98 144 1
98 147 1
98 153 1
99 104 1
99 119 1
99 121 1
99 127 1
99 130 1
99 135 1
99 138 1
99 141 1
99 158 1
99 159 1
100 114 1
100 125 1
100 139 1
100 143 1
100 151 1
100 158 1
101 103 1
101 105 1
101 107 1
101 108 1
101 115 1
101 134 1
101 144 1
102 113 1
102 118 1
102 127 1
103 106 1
103 107 1
103 113 1
103 119 1
103 141 1
103 146 1
103 150 1
103 151 1
104 107 1
104 112 1
104 123 1
104 127 1
104 144 1
104 155 1
105 113 1
105 115 1
105 126 1
105 147 1
105 149 1
105 151 1
105 156 1
106 113 1
106 122 1
106 136 1
106 141 1
106 142 1
106 144 1
106 148 1
106 151 1
107 116 1
107 125 1
107 126 1
107 129 1
107 137 1
107 138 1
107 140 1
107 153 1
108 114 1
108 115 1
108 120 1
108 125 1
108 129 1
108 147 1
108 150 1
108 153 1
108 154 1
108 155 1
108 158 1
108 159 1
109 110 1
109 116 1
109 121 1
109 125 1
109 133 1
109 141 1
109 156 1
109 159 1
110 130 1
110 135 1
110 142 1
110 143 1
110 146 1
110 157 1
111 118 1
111 130 1
111 133 1
111 146 1
111 147 1
111 149 1
111 155 1
111 157 1
111 159 1
112 122 1
112 125 1
112 127 1
112 133 1
112 137 1
112 145 1
113 120 1
113 122 1
113 123 1
113 126 1
113 129 1
113 131 1
113 133 1
113 145 1
113 148 1
113 154 1
114 138 1
114 141 1
114 151 1
115 132 1
115 146 1
116 134 1
116 135 1
116 141 1
116 147 1
116 158 1
117 129 1
117 133 1
117 140 1
117 141 1
117 150 1
117 151 1
117 155 1
117 156 1
118 133 1
118 141 1
118 150 1
119 120 1
119 135 1
119 146 1
119 153 1
120 144 1
120 157 1
121 128 1
121 130 1
121 142 1
121 144 1
121 146 1
121 147 1
121 156 1
122 126 1
122 143 1
123 125 1
123 126 1
123 143 1
123 152 1
123 153 1
124 128 1
124 132 1
124 133 1
124 137 1
124 140 1
124 156 1
124 159 1
125 135 1
125 150 1
126 128 1
126 132 1
126 135 1
126 138 1
126 148 1
126 149 1
126 155 1
127 132 1
127 136 1
127 139 1
127 140 1
127 141 1
127 145 1
128 132 1
128 137 1
128 146 1
128 147 1
128 150 1
128 159 1
129 130 1
129 142 1
129 146 1
129 154 1
130 133 1
130 137 1
131 142 1
131 147 1
132 136 1
132 137 1
132 139 1
132 141 1
132 156 1
133 134 1
133 143 1
133 144 1
133 149 1
133 152 1
133 153 1
133 154 1
134 152 1
134 153 1
135 140 1
135 146 1
135 155 1
137 138 1
137 141 1
138 157 1
138 159 1
139 141 1
139 145 1
139 150 1
139 151 1
140 143 1
140 147 1
140 154 1
141 145 1
141 156 1
142 150 1
142 151 1
142 153 1
143 145 1
143 150 1
143 153 1
144 159 1
145 146 1
145 153 1
146 148 1
146 151 1
146 157 1
146 159 1
147 152 1
147 155 1
148 152 1
149 153 1
150 159 1
152 156 1
152 158 1
154 156 1
154 157 1
154 159 1
155 158 1
1
152 14 25 116 109 122 137 69 75 108 76 105 3 70 6 119
