1912
0 12 1
0 16 1
0 49 1
0 51 1
0 56 1
0 63 1
0 67 1
0 73 1
0 84 1
0 88 1
0 113 1
0 115 1
0 117 1
0 125 1
0 134 1
0 138 1
0 146 1
0 156 1
0 157 1
1 2 1
1 9 1
1 20 1
1 22 1
1 24 1
1 36 1
1 42 1
1 44 1
1 46 1
1 74 1
1 76 1
1 86 1
1 93 1
1 99 1
1 130 1
1 133 1
1 138 1
1 141 1
1 146 1
1 155 1
1 160 1
1 162 1
1 168 1
1 172 1
1 177 1
2 10 1
2 13 1
2 24 1
2 43 1
2 64 1
2 84 1
2 86 1
2 93 1
2 97 1
2 101 1
2 102 1
2 119 1
2 144 1
2 149 1
2 150 1
2 162 1
2 169 1
3 6 1
3 20 1
3 32 1
3 33 1
3 37 1
3 45 1
3 48 1
3 56 1
3 64 1
3 93 1
3 94 1
3 96 1
3 104 1
3 112 1
3 113 1
3 120 1
3 123 1
3 132 1
3 135 1
3 143 1
3 154 1
3 160 1
3 173 1
4 13 1
4 17 1
4 30 1
4 41 1
4 60 1
4 63 1
4 70 1
4 72 1
4 81 1
4 84 1
4 89 1
4 97 1
4 99 1
4 100 1
4 129 1
4 136 1
4 138 1
4 147 1
4 159 1
4 165 1
4 168 1
4 174 1
4 175 1
4 179 1
5 10 1
5 13 1
5 14 1
5 29 1
5 45 1
5 60 1
5 70 1
5 78 1
5 90 1
5 106 1
5 111 1
5 119 1
5 122 1
5 144 1
5 148 1
5 156 1
5 163 1
5 165 1
5 167 1
5 168 1
5 173 1
5 179 1
6 19 1
6 22 1
6 33 1
6 37 1
6 40 1
6 41 1
6 52 1
6 61 1
6 66 1
6 71 1
6 81 1
6 85 1
6 87 1
6 97 1
6 103 1
6 106 1
6 112 1
6 122 1
6 129 1
6 132 1
6 145 1
6 146 1
6 177 1
7 12 1
7 24 1
7 44 1
7 46 1
7 47 1
7 49 1
7 59 1
7 69 1
7 72 1
7 86 1
7 87 1
7 96 1
7 102 1
7 113 1
7 116 1
7 126 1
7 130 1
7 131 1
7 136 1
7 140 1
7 142 1
7 147 1
7 149 1
7 151 1
7 158 1
7 165 1
7 169 1
7 174 1
8 16 1
8 34 1
8 48 1
8 58 1
8 64 1
8 79 1
8 94 1
8 104 1
8 106 1
8 109 1
8 113 1
8 125 1
8 145 1
8 155 1
8 160 1
8 162 1
8 163 1
8 177 1
9 15 1
9 22 1
9 27 1
9 29 1
9 39 1
9 43 1
9 52 1
9 67 1
9 78 1
9 84 1
9 99 1
9 100 1
9 103 1
9 108 1
9 111 1
9 116 1
9 121 1
9 129 1
9 154 1
9 159 1
9 164 1
9 179 1
10 11 1
10 12 1
10 51 1
10 61 1
10 64 1
10 65 1
10 67 1
10 70 1
10 77 1
10 80 1
10 102 1
10 114 1
10 117 1
10 138 1
10 151 1
10 156 1
10 169 1
10 177 1
11 33 1
11 44 1
11 51 1
11 64 1
11 81 1
11 95 1
11 96 1
11 101 1
11 103 1
11 109 1
11 114 1
11 120 1
11 124 1
11 126 1
11 132 1
11 138 1
11 157 1
11 162 1
11 168 1
11 170 1
11 179 1
12 33 1
12 35 1
12 54 1
12 59 1
12 71 1
12 72 1
12 82 1
12 89 1
12 104 1
12 116 1
12 126 1
12 140 1
12 149 1
12 151 1
12 157 1
12 158 1
12 162 1
12 170 1
12 174 1
13 22 1
13 30 1
13 40 1
13 44 1
13 70 1
13 91 1
13 95 1
13 96 1
13 108 1
13 123 1
13 132 1
13 135 1
13 147 1
13 155 1
13 165 1
14 17 1
14 19 1
14 36 1
14 41 1
14 48 1
14 61 1
14 62 1
14 71 1
14 74 1
14 79 1
14 81 1
14 101 1
14 114 1
14 119 1
14 120 1
14 129 1
14 134 1
14 143 1
14 154 1
14 160 1
14 168 1
14 175 1
15 32 1
15 35 1
15 52 1
15 86 1
15 95 1
15 100 1
15 107 1
15 118 1
15 123 1
15 126 1
15 127 1
15 143 1
15 150 1
15 154 1
15 161 1
15 171 1
16 25 1
16 37 1
16 51 1
16 66 1
16 68 1
16 70 1
16 90 1
16 92 1
16 94 1
16 110 1
16 118 1
16 129 1
16 153 1
16 177 1
16 179 1
17 18 1
17 28 1
17 33 1
17 36 1
17 38 1
17 51 1
17 54 1
17 55 1
17 56 1
17 80 1
17 84 1
17 90 1
17 96 1
17 102 1
17 110 1
17 114 1
17 116 1
17 130 1
17 134 1
17 171 1
18 23 1
18 24 1
18 27 1
18 29 1
18 38 1
18 40 1
18 44 1
18 64 1
18 83 1
18 102 1
18 105 1
18 113 1
18 126 1
18 139 1
18 149 1
18 171 1
18 178 1
19 20 1
19 21 1
19 24 1
19 29 1
19 36 1
19 52 1
19 59 1
19 68 1
19 69 1
19 92 1
19 94 1
19 123 1
19 128 1
19 154 1
19 162 1
19 169 1
19 173 1
20 28 1
20 31 1
20 41 1
20 59 1
20 67 1
20 68 1
20 72 1
20 77 1
20 83 1
20 84 1
20 85 1
20 92 1
20 94 1
20 99 1
20 130 1
20 133 1
20 145 1
20 153 1
20 159 1
20 167 1
20 175 1
21 30 1
21 33 1
21 39 1
21 41 1
21 70 1
21 76 1
21 93 1
21 97 1
21 99 1
21 128 1
21 136 1
21 137 1
21 140 1
21 155 1
21 157 1
21 158 1
21 159 1
21 168 1
21 174 1
22 35 1
22 36 1
22 40 1
22 48 1
22 64 1
22 75 1
22 76 1
22 78 1
22 79 1
22 94 1
22 124 1
22 126 1
22 134 1
22 136 1
22 141 1
22 144 1
22 146 1
22 159 1
23 32 1
23 42 1
23 43 1
23 50 1
23 58 1
23 61 1
23 63 1
23 82 1
23 83 1
23 90 1
23 95 1
23 109 1
23 112 1
23 113 1
23 119 1
23 130 1
23 143 1
23 152 1
23 154 1
23 173 1
24 32 1
24 38 1
24 39 1
24 87 1
24 102 1
24 110 1
24 112 1
24 122 1
24 123 1
24 124 1
24 131 1
24 153 1
25 31 1
25 44 1
25 54 1
25 78 1
25 98 1
25 100 1
25 104 1
25 117 1
25 122 1
25 129 1
25 141 1
25 143 1
25 144 1
25 153 1
25 169 1
25 173 1
25 175 1
25 176 1
26 40 1
26 45 1
26 49 1
26 55 1
26 60 1
26 66 1
26 67 1
26 69 1
26 71 1
26 97 1
26 109 1
26 131 1
26 140 1
27 33 1
27 40 1
27 41 1
27 50 1
27 53 1
27 54 1
27 65 1
27 69 1
27 76 1
27 92 1
27 111 1
27 112 1
27 115 1
27 123 1
27 143 1
27 165 1
27 175 1
27 178 1
28 34 1
28 36 1
28 39 1
28 44 1
28 49 1
28 51 1
28 57 1
28 64 1
28 92 1
28 104 1
28 124 1
28 131 1
28 136 1
28 140 1
28 146 1
28 149 1
28 155 1
28 163 1
28 179 1
29 30 1
29 32 1
29 48 1
29 50 1
29 64 1
29 71 1
29 83 1
29 89 1
29 95 1
29 101 1
29 110 1
29 133 1
29 164 1
30 34 1
30 43 1
30 49 1
30 51 1
30 53 1
30 58 1
30 67 1
30 72 1
30 76 1
30 77 1
30 93 1
30 100 1
30 119 1
30 124 1
30 142 1
30 146 1
30 161 1
30 164 1
30 179 1
31 32 1
31 44 1
31 58 1
31 62 1
31 64 1
31 72 1
31 74 1
31 77 1
31 91 1
31 92 1
31 130 1
31 132 1
31 134 1
31 137 1
31 142 1
31 143 1
31 176 1
32 38 1
32 43 1
32 50 1
32 51 1
32 72 1
32 75 1
32 77 1
32 79 1
32 82 1
32 87 1
32 120 1
32 153 1
32 174 1
33 37 1
33 43 1
33 50 1
33 64 1
33 65 1
33 80 1
33 103 1
33 105 1
33 119 1
33 122 1
33 125 1
33 127 1
33 140 1
33 141 1
33 146 1
33 155 1
33 158 1
33 174 1
34 44 1
34 78 1
34 93 1
34 95 1
34 100 1
34 113 1
34 115 1
34 123 1
34 130 1
34 132 1
34 141 1
34 145 1
34 155 1
34 174 1
34 177 1
34 178 1
35 46 1
35 48 1
35 54 1
35 63 1
35 77 1
35 83 1
35 88 1
35 101 1
35 110 1
35 125 1
35 134 1
35 141 1
35 162 1
35 163 1
35 167 1
35 168 1
35 173 1
35 176 1
35 178 1
36 44 1
36 47 1
36 53 1
36 92 1
36 102 1
36 113 1
36 119 1
36 127 1
36 135 1
36 141 1
36 147 1
36 149 1
36 158 1
37 45 1
37 53 1
37 54 1
37 59 1
37 68 1
37 73 1
37 74 1
37 80 1
37 98 1
37 103 1
37 110 1
37 111 1
37 117 1
37 157 1
38 42 1
38 47 1
38 57 1
38 60 1
38 73 1
38 86 1
38 91 1
38 96 1
38 97 1
38 105 1
38 121 1
38 143 1
38 148 1
38 160 1
38 165 1
39 46 1
39 52 1
39 67 1
39 85 1
39 91 1
39 97 1
39 98 1
39 101 1
39 105 1
39 123 1
39 141 1
39 179 1
40 48 1
40 61 1
40 69 1
40 74 1
40 81 1
40 84 1
40 98 1
40 99 1
40 105 1
40 107 1
40 109 1
40 112 1
40 113 1
40 115 1
40 123 1
40 127 1
40 134 1
40 147 1
41 43 1
41 46 1
41 95 1
41 110 1
41 118 1
41 121 1
41 153 1
41 159 1
41 163 1
41 168 1
41 173 1
42 47 1
42 72 1
42 73 1
42 98 1
42 100 1
42 105 1
42 106 1
42 119 1
42 123 1
42 124 1
42 125 1
42 131 1
42 133 1
42 146 1
42 168 1
42 170 1
42 172 1
42 179 1
43 67 1
43 86 1
43 100 1
43 106 1
43 107 1
43 114 1
43 121 1
43 146 1
43 153 1
43 162 1
43 170 1
44 45 1
44 49 1
44 50 1
44 63 1
44 73 1
44 103 1
44 112 1
44 116 1
44 128 1
44 149 1
44 151 1
44 153 1
44 166 1
44 169 1
44 173 1
44 174 1
44 178 1
45 72 1
45 78 1
45 91 1
45 103 1
45 115 1
45 128 1
45 130 1
45 132 1
45 140 1
45 141 1
45 154 1
45 168 1
45 171 1
46 49 1
46 51 1
46 55 1
46 57 1
46 58 1
46 64 1
46 75 1
46 77 1
46 81 1
46 104 1
46 105 1
46 106 1
46 131 1
46 146 1
46 149 1
46 161 1
46 177 1
46 178 1
46 179 1
47 56 1
47 63 1
47 70 1
47 105 1
47 106 1
47 112 1
47 113 1
47 117 1
47 123 1
47 124 1
47 133 1
47 134 1
47 144 1
47 146 1
47 160 1
47 169 1
47 170 1
47 172 1
47 178 1
48 60 1
48 67 1
48 71 1
48 76 1
48 90 1
48 95 1
48 96 1
48 101 1
48 119 1
48 126 1
48 127 1
48 133 1
48 144 1
48 165 1
48 172 1
49 50 1
49 64 1
49 69 1
49 71 1
49 89 1
49 108 1
49 110 1
49 127 1
49 140 1
49 145 1
49 161 1
49 167 1
50 54 1
50 59 1
50 61 1
50 63 1
50 73 1
50 95 1
50 112 1
50 115 1
50 118 1
50 127 1
50 153 1
50 159 1
51 53 1
51 56 1
51 66 1
51 73 1
51 90 1
51 92 1
51 97 1
51 115 1
51 121 1
51 123 1
51 154 1
51 173 1
51 177 1
52 56 1
52 62 1
52 72 1
52 73 1
52 74 1
52 75 1
52 79 1
52 83 1
52 91 1
52 94 1
52 98 1
52 119 1
52 128 1
52 136 1
52 140 1
52 143 1
52 144 1
52 146 1
52 152 1
52 160 1
53 55 1
53 65 1
53 75 1
53 82 1
53 103 1
53 115 1
53 120 1
53 128 1
53 153 1
53 158 1
53 160 1
53 163 1
54 58 1
54 59 1
54 68 1
54 75 1
54 81 1
54 85 1
54 90 1
54 93 1
54 100 1
54 102 1
54 110 1
54 133 1
54 147 1
54 158 1
54 165 1
54 176 1
54 179 1
55 86 1
55 90 1
55 94 1
55 95 1
55 97 1
55 117 1
55 121 1
55 125 1
55 128 1
55 133 1
55 134 1
55 136 1
55 145 1
55 155 1
55 157 1
55 161 1
55 173 1
55 178 1
56 76 1
56 84 1
56 89 1
56 124 1
56 143 1
56 145 1
56 160 1
57 75 1
57 92 1
57 94 1
57 99 1
57 104 1
57 110 1
57 124 1
57 127 1
57 133 1
57 146 1
57 152 1
57 154 1
57 171 1
57 175 1
58 75 1
58 79 1
58 80 1
58 81 1
58 89 1
58 92 1
58 100 1
58 119 1
58 122 1
58 124 1
58 130 1
58 133 1
58 152 1
58 157 1
58 162 1
58 167 1
58 171 1
58 174 1
58 178 1
59 60 1
59 68 1
59 123 1
59 130 1
59 131 1
59 139 1
59 141 1
59 170 1
60 61 1
60 63 1
60 66 1
60 75 1
60 87 1
60 90 1
60 92 1
60 95 1
60 109 1
60 117 1
60 135 1
60 136 1
60 140 1
60 149 1
60 161 1
60 166 1
60 172 1
60 173 1
60 175 1
61 62 1
61 68 1
61 70 1
61 76 1
61 90 1
61 91 1
61 104 1
61 107 1
61 113 1
61 114 1
61 124 1
61 148 1
61 150 1
61 170 1
62 66 1
62 71 1
62 83 1
62 88 1
62 89 1
62 99 1
62 105 1
62 124 1
62 148 1
62 152 1
62 167 1
62 170 1
63 65 1
63 74 1
63 94 1
63 101 1
63 104 1
63 126 1
63 142 1
63 152 1
63 154 1
63 158 1
63 159 1
63 169 1
63 172 1
63 174 1
63 179 1
64 76 1
64 84 1
64 94 1
64 102 1
64 104 1
64 106 1
64 111 1
64 118 1
64 119 1
64 123 1
64 178 1
65 66 1
65 72 1
65 82 1
65 86 1
65 98 1
65 121 1
65 128 1
65 132 1
65 140 1
65 152 1
65 154 1
65 157 1
65 160 1
66 79 1
66 83 1
66 90 1
66 96 1
66 98 1
66 104 1
66 120 1
66 127 1
66 142 1
66 153 1
66 154 1
66 175 1
67 70 1
67 71 1
67 80 1
67 96 1
67 111 1
67 113 1
67 115 1
67 118 1
67 123 1
67 128 1
67 132 1
67 138 1
67 163 1
67 164 1
67 166 1
68 81 1
68 90 1
68 92 1
68 99 1
68 106 1
68 118 1
68 128 1
68 142 1
68 145 1
68 152 1
68 162 1
68 170 1
68 171 1
68 177 1
69 73 1
69 75 1
69 77 1
69 93 1
69 100 1
69 108 1
69 114 1
69 128 1
69 131 1
69 140 1
69 141 1
69 163 1
69 170 1
69 171 1
69 174 1
70 79 1
70 87 1
70 93 1
70 101 1
70 103 1
70 114 1
70 117 1
70 128 1
70 129 1
70 140 1
70 145 1
71 72 1
71 80 1
71 81 1
71 83 1
71 90 1
71 92 1
71 100 1
71 108 1
71 111 1
71 127 1
71 128 1
71 130 1
71 136 1
71 147 1
71 161 1
71 179 1
72 81 1
72 82 1
72 96 1
72 98 1
72 101 1
72 115 1
72 133 1
72 134 1
72 145 1
72 154 1
72 168 1
73 76 1
73 84 1
73 99 1
73 115 1
73 124 1
73 127 1
73 130 1
73 132 1
73 133 1
73 141 1
73 146 1
73 153 1
73 160 1
73 162 1
73 165 1
73 174 1
73 177 1
74 81 1
74 98 1
74 108 1
74 127 1
74 133 1
74 149 1
74 153 1
74 159 1
74 166 1
74 175 1
75 78 1
75 103 1
75 106 1
75 113 1
75 126 1
75 130 1
75 139 1
75 154 1
75 157 1
75 158 1
75 159 1
75 160 1
75 165 1
75 170 1
76 78 1
76 81 1
76 84 1
76 92 1
76 94 1
76 106 1
76 109 1
76 116 1
76 127 1
76 130 1
76 147 1
76 154 1
76 155 1
76 157 1
76 169 1
76 175 1
77 81 1
77 90 1
77 92 1
77 94 1
77 96 1
77 98 1
77 99 1
77 104 1
77 110 1
77 111 1
77 119 1
77 120 1
77 127 1
77 130 1
77 135 1
77 150 1
77 156 1
77 171 1
78 92 1
78 94 1
78 108 1
78 110 1
78 115 1
78 118 1
78 126 1
78 128 1
78 130 1
78 136 1
78 145 1
78 157 1
78 158 1
78 162 1
78 168 1
79 86 1
79 91 1
79 92 1
79 95 1
79 118 1
79 119 1
79 142 1
79 153 1
80 99 1
80 100 1
80 103 1
80 135 1
80 141 1
80 144 1
80 147 1
80 155 1
80 172 1
80 176 1
80 178 1
81 84 1
81 87 1
81 90 1
81 93 1
81 104 1
81 108 1
81 110 1
81 136 1
81 138 1
81 147 1
81 162 1
81 172 1
81 179 1
82 87 1
82 88 1
82 98 1
82 103 1
82 105 1
82 111 1
82 120 1
82 127 1
82 128 1
82 135 1
82 141 1
82 146 1
82 157 1
82 178 1
83 96 1
83 98 1
83 99 1
83 107 1
83 110 1
83 117 1
83 118 1
83 130 1
83 132 1
83 153 1
84 105 1
84 110 1
84 116 1
84 129 1
84 130 1
84 158 1
84 168 1
85 89 1
85 96 1
85 98 1
85 101 1
85 103 1
85 107 1
85 144 1
85 146 1
85 168 1
86 100 1
86 114 1
86 133 1
86 146 1
86 156 1
86 167 1
86 169 1
86 172 1
87 93 1
87 105 1
87 108 1
87 109 1
87 112 1
87 113 1
87 119 1
87 121 1
87 133 1
87 137 1
87 142 1
87 152 1
87 157 1
87 160 1
87 166 1
87 171 1
88 90 1
88 107 1
88 114 1
88 119 1
88 133 1
88 141 1
88 148 1
88 164 1
88 170 1
88 172 1
88 173 1
88 174 1
88 175 1
89 97 1
89 99 1
89 100 1
89 111 1
89 122 1
89 128 1
89 129 1
89 130 1
89 148 1
89 149 1
89 152 1
89 153 1
89 154 1
90 91 1
90 110 1
90 116 1
90 123 1
90 128 1
90 137 1
90 151 1
90 157 1
90 161 1
90 167 1
90 175 1
91 105 1
91 153 1
92 95 1
92 101 1
92 110 1
92 114 1
92 118 1
92 125 1
92 133 1
92 137 1
92 157 1
92 164 1
92 166 1
93 94 1
93 99 1
93 102 1
93 113 1
93 116 1
93 118 1
93 120 1
93 121 1
93 127 1
93 144 1
93 159 1
93 163 1
94 105 1
94 114 1
94 121 1
94 122 1
94 124 1
94 133 1
94 147 1
94 151 1
94 155 1
94 157 1
94 160 1
94 162 1
94 172 1
95 98 1
95 105 1
95 117 1
95 128 1
95 132 1
95 134 1
95 135 1
95 145 1
95 148 1
95 154 1
95 156 1
95 170 1
95 179 1
96 100 1
96 105 1
96 126 1
96 129 1
96 130 1
96 141 1
96 143 1
96 149 1
96 152 1
96 154 1
96 161 1
96 171 1
96 172 1
96 176 1
96 179 1
97 99 1
97 119 1
97 134 1
97 139 1
97 142 1
97 152 1
97 155 1
97 159 1
97 160 1
97 165 1
97 168 1
98 99 1
98 105 1
98 107 1
98 116 1
98 125 1
98 132 1
98 142 1
98 147 1
98 166 1
98 172 1
98 173 1
99 108 1
99 110 1
99 121 1
99 137 1
99 164 1
99 172 1
100 102 1
100 108 1
100 109 1
100 128 1
100 143 1
100 145 1
100 146 1
100 147 1
100 148 1
100 151 1
100 156 1
100 172 1
101 108 1
101 124 1
101 125 1
101 128 1
101 129 1
101 132 1
101 141 1
101 142 1
101 144 1
101 160 1
101 172 1
102 126 1
102 131 1
102 136 1
102 148 1
102 157 1
102 163 1
102 173 1
102 175 1
102 177 1
102 178 1
103 108 1
103 109 1
103 112 1
103 130 1
103 133 1
103 139 1
103 146 1
103 148 1
103 156 1
103 160 1
103 175 1
103 176 1
104 129 1
104 130 1
104 131 1
104 132 1
104 149 1
104 169 1
104 171 1
104 174 1
105 124 1
105 131 1
105 136 1
105 137 1
105 138 1
105 147 1
105 160 1
105 161 1
105 172 1
105 177 1
106 107 1
106 112 1
106 114 1
106 120 1
106 167 1
106 170 1
107 109 1
107 119 1
107 124 1
107 128 1
107 133 1
107 143 1
107 149 1
107 160 1
108 109 1
108 114 1
108 123 1
108 127 1
108 130 1
108 132 1
108 136 1
108 141 1
108 143 1
108 165 1
108 171 1
109 113 1
109 115 1
109 127 1
109 137 1
109 147 1
109 151 1
109 169 1
110 122 1
110 123 1
110 126 1
110 142 1
110 157 1
110 175 1
111 113 1
111 133 1
111 162 1
111 166 1
112 118 1
112 119 1
112 136 1
112 151 1
112 160 1
112 161 1
112 167 1
112 168 1
112 174 1
112 177 1
112 179 1
113 128 1
113 131 1
113 147 1
113 148 1
113 153 1
113 155 1
113 160 1
113 162 1
113 163 1
113 165 1
113 169 1
113 170 1
113 171 1
113 172 1
113 178 1
114 130 1
114 131 1
114 132 1
114 139 1
114 141 1
114 155 1
114 176 1
115 119 1
115 121 1
115 135 1
115 148 1
115 155 1
115 162 1
116 122 1
116 128 1
116 136 1
116 137 1
116 145 1
116 154 1
116 164 1
116 171 1
117 124 1
117 142 1
117 147 1
117 151 1
117 159 1
117 164 1
117 171 1
117 175 1
118 120 1
118 129 1
118 142 1
118 145 1
118 155 1
118 163 1
118 170 1
118 175 1
119 123 1
119 149 1
119 154 1
119 162 1
120 130 1
120 139 1
120 155 1
121 129 1
121 133 1
121 145 1
121 157 1
121 172 1
121 175 1
122 130 1
122 133 1
122 141 1
122 144 1
122 145 1
122 153 1
122 158 1
122 168 1
122 177 1
123 128 1
123 134 1
123 135 1
123 136 1
123 139 1
123 143 1
123 166 1
123 171 1
123 174 1
123 178 1
124 125 1
124 153 1
124 158 1
124 161 1
124 162 1
124 173 1
125 129 1
125 130 1
125 134 1
125 142 1
125 148 1
125 153 1
126 128 1
126 130 1
126 147 1
126 158 1
126 167 1
126 168 1
126 175 1
126 177 1
127 130 1
127 140 1
127 151 1
127 153 1
128 129 1
128 130 1
128 135 1
128 136 1
128 141 1
128 148 1
128 152 1
128 177 1
129 135 1
129 136 1
129 140 1
129 142 1
129 145 1
129 151 1
129 176 1
129 179 1
130 132 1
130 141 1
130 147 1
130 149 1
130 153 1
130 154 1
131 145 1
131 165 1
131 174 1
131 175 1
132 136 1
132 144 1
132 145 1
132 146 1
132 154 1
132 155 1
132 163 1
132 166 1
132 175 1
132 176 1
133 159 1
133 170 1
134 138 1
134 139 1
134 142 1
134 146 1
134 158 1
134 174 1
135 139 1
135 156 1
135 158 1
135 166 1
136 146 1
136 150 1
136 152 1
136 153 1
136 161 1
139 152 1
139 164 1
139 169 1
139 170 1
140 141 1
140 142 1
140 143 1
140 149 1
140 158 1
140 160 1
140 164 1
140 165 1
140 169 1
140 170 1
141 151 1
141 163 1
141 170 1
141 174 1
142 150 1
142 152 1
142 155 1
142 157 1
142 165 1
142 166 1
142 170 1
142 178 1
143 168 1
143 169 1
144 145 1
144 149 1
144 150 1
144 163 1
144 164 1
144 168 1
144 173 1
145 148 1
145 169 1
145 175 1
145 176 1
146 159 1
146 163 1
146 178 1
147 156 1
147 160 1
147 168 1
148 157 1
148 162 1
148 168 1
148 169 1
148 173 1
149 151 1
149 155 1
149 167 1
149 176 1
150 152 1
150 164 1
151 154 1
151 164 1
151 169 1
151 170 1
151 172 1
151 173 1
152 153 1
152 157 1
152 179 1
153 156 1
154 169 1
154 174 1
155 159 1
155 163 1
155 164 1
155 172 1
155 179 1
156 159 1
156 160 1
156 175 1
156 179 1
157 159 1
157 164 1
157 167 1
158 162 1
158 164 1
158 176 1
158 177 1
159 164 1
159 166 1
159 167 1
159 174 1
159 177 1
159 179 1
160 176 1
161 162 1
161 165 1
161 168 1
161 176 1
162 165 1
162 172 1
162 174 1
162 176 1
163 172 1
165 167 1
165 176 1
166 171 1
166 175 1
166 179 1
167 173 1
167 178 1
168 177 1
169 174 1
169 176 1
170 173 1
170 178 1
171 174 1
172 175 1
172 177 1
173 175 1
174 178 1
174 179 1
177 179 1
1
1 68 66 28 32 147 106 163 56 2 71 42 174 5 110 126 8 79
