1531
0 1 1
0 5 1
0 8 1
0 20 1
0 23 1
0 25 1
0 43 1
0 54 1
0 56 1
0 62 1
0 74 1
0 79 1
0 81 1
0 105 1
0 107 1
0 113 1
0 115 1
0 116 1
0 123 1
0 144 1
0 149 1
1 3 1
1 5 1
1 13 1
1 22 1
1 29 1
1 43 1
1 57 1
1 65 1
1 66 1
1 95 1
1 102 1
1 108 1
1 110 1
1 116 1
1 125 1
1 126 1
1 131 1
1 132 1
2 6 1
2 11 1
2 14 1
2 23 1
2 29 1
2 35 1
2 41 1
2 46 1
2 51 1
2 56 1
2 57 1
2 60 1
2 63 1
2 73 1
2 74 1
2 80 1
2 91 1
2 96 1
2 111 1
2 115 1
2 120 1
2 124 1
2 129 1
2 130 1
2 138 1
3 23 1
3 30 1
3 36 1
3 62 1
3 67 1
3 75 1
3 79 1
3 81 1
3 86 1
3 89 1
3 93 1
3 98 1
3 104 1
3 134 1
3 136 1
3 140 1
3 143 1
3 147 1
4 14 1
4 31 1
4 44 1
4 49 1
4 50 1
4 61 1
4 65 1
4 74 1
4 80 1
4 81 1
4 87 1
4 97 1
4 104 1
4 124 1
5 14 1
5 16 1
5 17 1
5 18 1
5 29 1
5 37 1
5 39 1
5 40 1
5 44 1
5 47 1
5 52 1
5 56 1
5 71 1
5 80 1
5 82 1
5 83 1
5 85 1
5 100 1
5 111 1
5 113 1
5 130 1
5 132 1
5 138 1
6 14 1
6 19 1
6 21 1
6 22 1
6 27 1
6 31 1
6 45 1
6 49 1
6 60 1
6 66 1
6 67 1
6 71 1
6 84 1
6 106 1
6 110 1
6 111 1
6 115 1
6 119 1
6 127 1
6 129 1
6 133 1
6 141 1
6 146 1
7 11 1
7 20 1
7 29 1
7 30 1
7 37 1
7 42 1
7 45 1
7 46 1
7 49 1
7 63 1
7 68 1
7 74 1
7 80 1
7 81 1
7 84 1
7 91 1
7 92 1
7 105 1
7 108 1
7 118 1
7 119 1
7 129 1
7 139 1
8 10 1
8 17 1
8 24 1
8 26 1
8 29 1
8 34 1
8 46 1
8 63 1
8 66 1
8 67 1
8 89 1
8 90 1
8 107 1
8 119 1
8 120 1
8 133 1
8 147 1
9 14 1
9 15 1
9 22 1
9 33 1
9 63 1
9 64 1
9 65 1
9 70 1
9 75 1
9 88 1
9 110 1
9 111 1
9 123 1
9 124 1
9 127 1
9 128 1
9 136 1
9 137 1
9 140 1
9 143 1
9 144 1
10 16 1
10 20 1
10 25 1
10 29 1
10 34 1
10 37 1
10 38 1
10 43 1
10 60 1
10 61 1
10 67 1
10 71 1
10 80 1
10 83 1
10 85 1
10 86 1
10 102 1
10 103 1
10 109 1
10 116 1
10 117 1
10 131 1
10 132 1
10 137 1
10 142 1
11 25 1
11 38 1
11 52 1
11 56 1
11 62 1
11 78 1
11 80 1
11 85 1
11 95 1
11 129 1
11 130 1
11 131 1
11 134 1
11 135 1
11 138 1
11 139 1
11 141 1
12 15 1
12 17 1
12 24 1
12 27 1
12 28 1
12 31 1
12 33 1
12 41 1
12 65 1
12 68 1
12 94 1
12 98 1
12 105 1
12 106 1
12 113 1
12 126 1
12 129 1
12 131 1
12 147 1
13 50 1
13 54 1
13 59 1
13 63 1
13 65 1
13 66 1
13 74 1
13 97 1
13 100 1
13 117 1
13 124 1
13 126 1
13 128 1
13 130 1
13 137 1
13 140 1
13 143 1
14 25 1
14 26 1
14 30 1
14 38 1
14 41 1
14 43 1
14 45 1
14 48 1
14 49 1
14 67 1
14 78 1
14 82 1
14 90 1
14 99 1
14 106 1
14 108 1
14 123 1
14 133 1
14 139 1
14 142 1
14 145 1
15 17 1
15 21 1
15 22 1
15 25 1
15 26 1
15 30 1
15 32 1
15 36 1
15 41 1
15 42 1
15 44 1
15 52 1
15 61 1
15 71 1
15 72 1
15 74 1
15 80 1
15 86 1
15 87 1
15 88 1
15 90 1
15 103 1
15 121 1
15 123 1
15 132 1
15 135 1
15 141 1
15 144 1
15 146 1
16 34 1
16 36 1
16 43 1
16 46 1
16 60 1
16 62 1
16 86 1
16 92 1
16 95 1
16 102 1
16 108 1
16 109 1
16 111 1
16 127 1
16 131 1
16 132 1
16 133 1
17 28 1
17 32 1
17 34 1
17 45 1
17 60 1
17 70 1
17 76 1
17 98 1
17 107 1
17 115 1
17 118 1
17 120 1
17 121 1
17 123 1
17 124 1
17 128 1
17 130 1
17 141 1
18 19 1
18 20 1
18 29 1
18 37 1
18 47 1
18 48 1
18 56 1
18 60 1
18 62 1
18 73 1
18 76 1
18 104 1
18 109 1
18 117 1
18 129 1
18 133 1
18 136 1
18 141 1
18 144 1
19 22 1
19 23 1
19 35 1
19 38 1
19 42 1
19 48 1
19 60 1
19 63 1
19 75 1
19 79 1
19 84 1
19 90 1
19 91 1
19 94 1
19 96 1
19 106 1
19 109 1
19 146 1
20 23 1
20 34 1
20 44 1
20 45 1
20 59 1
20 66 1
20 93 1
20 120 1
20 125 1
20 126 1
20 129 1
20 133 1
20 140 1
20 145 1
21 27 1
21 31 1
21 39 1
21 40 1
21 48 1
21 76 1
21 88 1
21 90 1
21 106 1
21 108 1
21 115 1
21 127 1
21 145 1
22 32 1
22 33 1
22 34 1
22 35 1
22 45 1
22 50 1
22 59 1
22 60 1
22 65 1
22 71 1
22 73 1
22 78 1
22 90 1
22 93 1
22 103 1
22 106 1
22 113 1
22 120 1
22 138 1
22 141 1
23 46 1
23 58 1
23 68 1
23 75 1
23 79 1
23 85 1
23 88 1
23 104 1
23 119 1
23 126 1
23 130 1
23 133 1
23 141 1
23 144 1
24 36 1
24 48 1
24 90 1
24 92 1
24 95 1
24 98 1
24 113 1
24 115 1
24 124 1
24 125 1
24 138 1
25 35 1
25 39 1
25 43 1
25 47 1
25 56 1
25 67 1
25 69 1
25 78 1
25 79 1
25 84 1
25 89 1
25 112 1
25 121 1
25 134 1
26 37 1
26 47 1
26 56 1
26 86 1
26 93 1
26 100 1
26 111 1
26 114 1
26 115 1
26 129 1
26 137 1
26 138 1
26 139 1
26 140 1
26 141 1
27 35 1
27 54 1
27 57 1
27 58 1
27 64 1
27 70 1
27 74 1
27 81 1
27 89 1
27 101 1
27 107 1
27 108 1
27 113 1
27 135 1
27 144 1
27 147 1
28 30 1
28 32 1
28 35 1
28 47 1
28 48 1
28 51 1
28 67 1
28 72 1
28 76 1
28 81 1
28 97 1
28 99 1
28 108 1
28 114 1
28 133 1
28 136 1
28 142 1
28 145 1
29 30 1
29 42 1
29 79 1
29 88 1
29 102 1
29 107 1
29 108 1
29 111 1
29 112 1
29 119 1
29 122 1
29 130 1
29 140 1
30 43 1
30 50 1
30 69 1
30 70 1
30 85 1
30 94 1
30 98 1
30 99 1
30 105 1
30 119 1
30 122 1
30 128 1
30 134 1
30 137 1
30 139 1
30 149 1
31 34 1
31 38 1
31 40 1
31 45 1
31 49 1
31 61 1
31 66 1
31 69 1
31 74 1
31 84 1
31 85 1
31 87 1
31 105 1
31 110 1
31 121 1
31 130 1
31 131 1
31 145 1
31 146 1
32 35 1
32 38 1
32 42 1
32 77 1
32 88 1
32 89 1
32 91 1
32 92 1
32 108 1
32 113 1
32 130 1
32 132 1
32 141 1
32 142 1
32 143 1
33 38 1
33 52 1
33 55 1
33 77 1
33 78 1
33 82 1
33 84 1
33 92 1
33 103 1
33 105 1
33 107 1
33 112 1
33 114 1
33 116 1
33 118 1
33 126 1
33 132 1
33 134 1
33 135 1
33 147 1
34 40 1
34 45 1
34 56 1
34 57 1
34 59 1
34 63 1
34 64 1
34 65 1
34 86 1
34 92 1
34 104 1
34 120 1
34 121 1
34 124 1
34 135 1
35 48 1
35 50 1
35 58 1
35 60 1
35 74 1
35 81 1
35 90 1
35 92 1
35 98 1
35 99 1
35 107 1
35 114 1
35 119 1
35 128 1
35 142 1
36 42 1
36 49 1
36 58 1
36 80 1
36 83 1
36 84 1
36 87 1
36 94 1
36 96 1
36 105 1
36 131 1
36 135 1
36 139 1
36 143 1
37 38 1
37 52 1
37 64 1
37 66 1
37 73 1
37 76 1
37 79 1
37 85 1
37 96 1
37 97 1
37 102 1
37 103 1
37 111 1
37 112 1
37 115 1
37 121 1
37 126 1
37 135 1
37 138 1
38 42 1
38 46 1
38 56 1
38 69 1
38 83 1
38 87 1
38 96 1
38 98 1
38 101 1
38 103 1
38 107 1
38 121 1
38 124 1
38 132 1
38 136 1
38 140 1
38 143 1
38 144 1
39 47 1
39 49 1
39 50 1
39 57 1
39 77 1
39 79 1
39 84 1
39 88 1
39 91 1
39 92 1
39 102 1
39 125 1
40 41 1
40 42 1
40 44 1
40 47 1
40 51 1
40 52 1
40 66 1
40 70 1
40 78 1
40 85 1
40 92 1
40 104 1
40 106 1
40 115 1
40 122 1
40 123 1
40 141 1
41 42 1
41 56 1
41 78 1
41 91 1
41 93 1
41 96 1
41 102 1
41 106 1
41 107 1
41 114 1
41 140 1
41 147 1
42 61 1
42 78 1
42 86 1
42 90 1
42 96 1
42 100 1
42 116 1
42 118 1
42 129 1
42 133 1
42 137 1
42 139 1
42 141 1
43 49 1
43 57 1
43 67 1
43 68 1
43 72 1
43 75 1
43 85 1
43 88 1
43 91 1
43 98 1
43 107 1
43 108 1
43 114 1
43 116 1
43 128 1
44 45 1
44 48 1
44 51 1
44 57 1
44 60 1
44 69 1
44 71 1
44 75 1
44 76 1
44 82 1
44 116 1
44 120 1
44 123 1
44 125 1
44 128 1
44 129 1
44 134 1
44 144 1
44 145 1
44 146 1
45 48 1
45 59 1
45 66 1
45 80 1
45 94 1
45 100 1
45 103 1
45 111 1
45 123 1
45 130 1
45 143 1
46 50 1
46 51 1
46 53 1
46 54 1
46 73 1
46 83 1
46 123 1
46 133 1
46 137 1
46 142 1
47 56 1
47 57 1
47 64 1
47 92 1
47 96 1
47 98 1
47 109 1
47 112 1
47 127 1
47 132 1
47 134 1
47 141 1
47 149 1
48 56 1
48 61 1
48 71 1
48 88 1
48 106 1
48 110 1
48 114 1
48 119 1
48 120 1
48 136 1
48 142 1
48 149 1
49 58 1
49 62 1
49 64 1
49 66 1
49 67 1
49 76 1
49 91 1
49 94 1
49 101 1
49 124 1
49 127 1
49 133 1
49 135 1
49 143 1
49 147 1
50 56 1
50 59 1
50 75 1
50 80 1
50 123 1
50 125 1
50 132 1
50 147 1
51 71 1
51 82 1
51 93 1
51 98 1
51 107 1
51 112 1
51 130 1
51 133 1
51 139 1
52 59 1
52 64 1
52 73 1
52 79 1
52 80 1
52 81 1
52 121 1
52 123 1
52 133 1
52 134 1
52 136 1
53 57 1
53 59 1
53 67 1
53 72 1
53 80 1
53 81 1
53 87 1
53 100 1
53 107 1
53 133 1
53 141 1
53 144 1
53 145 1
54 60 1
54 63 1
54 67 1
54 80 1
54 115 1
54 123 1
54 126 1
54 128 1
54 134 1
54 144 1
54 146 1
55 59 1
55 66 1
55 68 1
55 69 1
55 71 1
55 81 1
55 86 1
55 103 1
55 114 1
55 125 1
55 128 1
56 64 1
56 79 1
56 80 1
56 93 1
56 102 1
56 105 1
56 115 1
56 123 1
56 127 1
56 149 1
57 58 1
57 60 1
57 66 1
57 79 1
57 98 1
57 111 1
57 112 1
57 125 1
57 126 1
57 138 1
57 142 1
57 145 1
58 63 1
58 64 1
58 68 1
58 76 1
58 85 1
58 89 1
58 90 1
58 92 1
58 96 1
58 121 1
58 131 1
58 135 1
59 70 1
59 73 1
59 75 1
59 76 1
59 81 1
59 82 1
59 85 1
59 94 1
59 96 1
59 116 1
59 122 1
59 140 1
59 145 1
60 61 1
60 62 1
60 77 1
60 83 1
60 85 1
60 89 1
60 105 1
60 114 1
60 124 1
60 125 1
60 129 1
60 138 1
60 140 1
60 147 1
61 63 1
61 66 1
61 67 1
61 69 1
61 106 1
61 107 1
61 109 1
61 110 1
61 111 1
61 117 1
61 121 1
61 128 1
61 129 1
61 132 1
61 133 1
61 139 1
62 74 1
62 86 1
62 95 1
62 106 1
62 120 1
62 121 1
62 129 1
62 130 1
62 139 1
62 140 1
62 146 1
63 68 1
63 69 1
63 84 1
63 89 1
63 93 1
63 98 1
63 102 1
63 103 1
63 108 1
63 113 1
63 121 1
63 122 1
63 132 1
63 146 1
64 73 1
64 80 1
64 92 1
64 100 1
64 102 1
64 119 1
64 123 1
64 126 1
64 128 1
64 143 1
65 67 1
65 68 1
65 72 1
65 76 1
65 80 1
65 85 1
65 86 1
65 107 1
65 108 1
65 114 1
65 115 1
65 116 1
65 119 1
65 124 1
65 127 1
65 135 1
65 137 1
65 138 1
65 144 1
66 77 1
66 80 1
66 94 1
66 98 1
66 102 1
66 108 1
66 111 1
66 113 1
66 117 1
66 123 1
66 133 1
66 139 1
66 144 1
66 149 1
67 77 1
67 80 1
67 96 1
67 108 1
67 119 1
67 122 1
67 138 1
67 145 1
68 78 1
68 98 1
68 99 1
68 103 1
68 112 1
68 113 1
68 116 1
68 119 1
68 122 1
68 127 1
68 128 1
68 131 1
68 133 1
68 134 1
68 138 1
68 143 1
68 144 1
69 71 1
69 77 1
69 92 1
69 97 1
69 117 1
69 118 1
69 128 1
69 135 1
69 141 1
69 145 1
70 76 1
70 92 1
70 96 1
70 112 1
70 123 1
70 134 1
70 135 1
70 139 1
71 78 1
71 85 1
71 91 1
71 97 1
71 102 1
71 105 1
71 127 1
71 133 1
71 136 1
71 148 1
72 76 1
72 80 1
72 95 1
72 105 1
72 113 1
72 124 1
72 129 1
72 136 1
72 141 1
72 144 1
72 147 1
73 75 1
73 83 1
73 94 1
73 100 1
73 104 1
73 111 1
73 116 1
73 121 1
73 135 1
73 141 1
73 149 1
74 92 1
74 97 1
74 106 1
74 111 1
74 117 1
74 140 1
74 145 1
75 106 1
75 107 1
75 108 1
75 111 1
75 119 1
75 120 1
75 127 1
75 137 1
75 141 1
75 145 1
76 78 1
76 82 1
76 95 1
76 100 1
76 123 1
76 134 1
77 81 1
77 85 1
77 97 1
77 105 1
77 106 1
77 116 1
77 124 1
77 149 1
78 80 1
78 82 1
78 88 1
78 92 1
78 93 1
78 94 1
78 106 1
78 132 1
78 149 1
79 87 1
79 94 1
79 110 1
79 113 1
79 119 1
79 121 1
79 132 1
79 142 1
79 143 1
79 145 1
79 149 1
80 86 1
80 88 1
80 97 1
80 104 1
80 118 1
80 122 1
80 123 1
80 133 1
80 136 1
80 143 1
80 144 1
80 146 1
81 82 1
81 85 1
81 89 1
81 93 1
81 96 1
81 97 1
81 110 1
81 126 1
82 89 1
82 94 1
82 97 1
82 101 1
82 102 1
82 118 1
82 120 1
83 109 1
83 115 1
83 119 1
83 133 1
83 142 1
84 88 1
84 103 1
84 107 1
84 110 1
84 121 1
84 130 1
84 138 1
84 139 1
84 146 1
85 97 1
85 98 1
85 99 1
85 113 1
85 120 1
85 124 1
85 127 1
85 132 1
85 133 1
85 144 1
85 149 1
86 87 1
86 91 1
86 105 1
86 111 1
86 117 1
86 130 1
86 131 1
87 93 1
87 106 1
87 115 1
87 127 1
87 131 1
87 134 1
87 135 1
87 137 1
87 142 1
88 109 1
88 110 1
88 120 1
88 123 1
88 124 1
88 129 1
88 130 1
88 147 1
89 90 1
89 98 1
89 144 1
89 147 1
89 148 1
89 149 1
90 94 1
90 106 1
90 107 1
90 110 1
90 117 1
90 130 1
90 131 1
90 135 1
90 148 1
91 94 1
91 98 1
91 103 1
91 109 1
91 116 1
91 119 1
91 125 1
91 128 1
91 140 1
92 95 1
92 97 1
92 107 1
92 111 1
92 112 1
92 116 1
92 123 1
92 124 1
92 130 1
92 136 1
92 144 1
93 98 1
93 106 1
93 108 1
93 119 1
93 120 1
93 126 1
93 131 1
93 133 1
93 137 1
93 138 1
93 140 1
94 102 1
94 107 1
94 111 1
94 126 1
94 127 1
94 129 1
94 136 1
95 96 1
95 107 1
95 114 1
95 122 1
95 130 1
95 133 1
95 135 1
95 138 1
95 139 1
96 110 1
96 118 1
96 121 1
96 125 1
96 126 1
96 130 1
96 145 1
96 149 1
97 108 1
97 110 1
97 117 1
97 122 1
97 125 1
97 133 1
97 136 1
97 138 1
97 141 1
97 148 1
97 149 1
98 113 1
98 126 1
98 143 1
98 145 1
99 105 1
99 121 1
99 130 1
99 133 1
99 137 1
99 140 1
99 141 1
99 143 1
99 145 1
100 107 1
100 109 1
100 110 1
100 114 1
100 129 1
100 133 1
100 137 1
100 147 1
100 148 1
101 105 1
101 127 1
101 128 1
101 129 1
101 131 1
101 132 1
101 144 1
102 113 1
102 115 1
102 117 1
102 130 1
102 142 1
102 145 1
103 108 1
103 120 1
103 134 1
103 143 1
104 106 1
104 107 1
104 109 1
104 113 1
104 125 1
104 127 1
104 134 1
104 136 1
104 144 1
104 148 1
105 110 1
105 119 1
105 124 1
105 139 1
105 142 1
105 146 1
106 107 1
106 114 1
106 116 1
106 118 1
106 119 1
106 127 1
106 134 1
106 141 1
107 109 1
107 113 1
107 130 1
107 136 1
107 137 1
107 146 1
108 111 1
108 113 1
108 115 1
108 116 1
108 135 1
108 136 1
109 127 1
109 139 1
109 142 1
110 112 1
110 115 1
110 116 1
110 129 1
110 136 1
111 121 1
111 122 1
111 132 1
111 141 1
111 144 1
111 146 1
112 120 1
112 124 1
112 126 1
112 133 1
112 143 1
113 115 1
113 118 1
113 128 1
113 140 1
113 143 1
114 119 1
114 144 1
115 125 1
115 127 1
115 145 1
116 124 1
116 127 1
116 128 1
116 138 1
116 141 1
116 144 1
116 145 1
116 148 1
117 131 1
117 133 1
117 136 1
117 139 1
117 140 1
117 144 1
118 122 1
118 124 1
118 127 1
118 134 1
118 135 1
118 137 1
119 121 1
119 133 1
119 140 1
120 126 1
120 135 1
120 137 1
120 142 1
120 147 1
121 128 1
121 137 1
121 140 1
121 144 1
122 135 1
122 137 1
122 147 1
123 126 1
123 138 1
123 141 1
123 144 1
124 126 1
124 127 1
124 129 1
124 135 1
124 140 1
124 141 1
124 146 1
124 148 1
124 149 1
125 129 1
125 132 1
125 133 1
125 147 1
126 141 1
127 132 1
127 140 1
128 136 1
128 143 1
128 146 1
129 145 1
129 147 1
130 131 1
130 146 1
131 134 1
131 139 1
132 135 1
133 137 1
134 137 1
134 139 1
134 144 1
134 145 1
134 147 1
134 149 1
135 136 1
135 147 1
136 137 1
136 147 1
138 140 1
138 146 1
139 145 1
140 144 1
140 149 1
141 142 1
141 146 1
144 147 1
1
129 95 138 29 14 66 47 81 33 131 112 32 130 141 126
