1599
0 21 1
0 46 1
0 64 1
0 94 1
0 98 1
0 99 1
0 103 1
0 109 1
0 114 1
0 122 1
0 124 1
0 127 1
0 133 1
0 136 1
0 137 1
0 145 1
0 146 1
0 154 1
1 10 1
1 57 1
1 63 1
1 65 1
1 73 1
1 76 1
1 78 1
1 88 1
1 96 1
1 99 1
1 100 1
1 117 1
1 136 1
1 140 1
1 144 1
2 6 1
2 15 1
2 16 1
2 20 1
2 24 1
2 26 1
2 28 1
2 33 1
2 40 1
2 77 1
2 80 1
2 85 1
2 91 1
2 107 1
2 110 1
2 114 1
2 123 1
2 126 1
2 128 1
2 135 1
2 151 1
2 155 1
3 7 1
3 23 1
3 26 1
3 27 1
3 29 1
3 62 1
3 64 1
3 71 1
3 74 1
3 81 1
3 85 1
3 87 1
3 90 1
3 98 1
3 106 1
3 116 1
3 117 1
3 118 1
3 135 1
3 148 1
3 151 1
3 152 1
4 7 1
4 16 1
4 19 1
4 20 1
4 26 1
4 28 1
4 32 1
4 41 1
4 54 1
4 55 1
4 67 1
4 75 1
4 82 1
4 84 1
4 88 1
4 97 1
4 108 1
4 123 1
4 129 1
4 145 1
4 153 1
5 6 1
5 12 1
5 18 1
5 40 1
5 51 1
5 61 1
5 70 1
5 73 1
5 79 1
5 83 1
5 95 1
5 111 1
5 114 1
5 115 1
5 120 1
5 125 1
5 130 1
5 140 1
5 142 1
5 146 1
5 149 1
5 151 1
6 29 1
6 46 1
6 48 1
6 51 1
6 52 1
6 76 1
6 96 1
6 103 1
6 107 1
6 114 1
6 119 1
6 127 1
6 132 1
6 133 1
6 137 1
6 143 1
6 149 1
6 152 1
7 8 1
7 11 1
7 33 1
7 44 1
7 47 1
7 51 1
7 55 1
7 82 1
7 108 1
7 114 1
7 117 1
7 126 1
7 128 1
7 133 1
7 145 1
7 155 1
7 157 1
8 9 1
8 12 1
8 34 1
8 37 1
8 61 1
8 74 1
8 94 1
8 96 1
8 100 1
8 105 1
8 126 1
8 128 1
8 131 1
8 133 1
8 136 1
8 138 1
8 150 1
9 10 1
9 11 1
9 17 1
9 21 1
9 25 1
9 33 1
9 37 1
9 49 1
9 52 1
9 67 1
9 76 1
9 84 1
9 95 1
9 98 1
9 107 1
9 109 1
9 123 1
9 137 1
9 138 1
9 148 1
9 154 1
9 159 1
10 27 1
10 30 1
10 33 1
10 51 1
10 71 1
10 73 1
10 82 1
10 83 1
10 97 1
10 100 1
10 102 1
10 106 1
10 107 1
10 110 1
10 117 1
10 119 1
10 128 1
10 129 1
10 131 1
10 135 1
10 143 1
10 159 1
11 13 1
11 26 1
11 33 1
11 46 1
11 56 1
11 74 1
11 75 1
11 79 1
11 84 1
11 94 1
11 96 1
11 106 1
11 124 1
11 127 1
11 143 1
11 154 1
12 34 1
12 41 1
12 44 1
12 45 1
12 46 1
12 51 1
12 59 1
12 65 1
12 95 1
12 96 1
12 102 1
12 105 1
12 107 1
12 120 1
12 138 1
12 142 1
12 149 1
12 151 1
12 154 1
12 158 1
13 14 1
13 17 1
13 24 1
13 29 1
13 36 1
13 42 1
13 43 1
13 45 1
13 64 1
13 65 1
13 72 1
13 73 1
13 78 1
13 81 1
13 90 1
13 122 1
13 128 1
13 140 1
14 16 1
14 28 1
14 31 1
14 32 1
14 37 1
14 40 1
14 63 1
14 64 1
14 83 1
14 100 1
14 108 1
14 111 1
14 123 1
14 126 1
14 137 1
14 150 1
14 151 1
15 26 1
15 29 1
15 35 1
15 38 1
15 40 1
15 51 1
15 71 1
15 82 1
15 89 1
15 92 1
15 94 1
15 100 1
15 107 1
15 121 1
15 124 1
15 131 1
15 133 1
15 143 1
15 152 1
15 153 1
16 21 1
16 24 1
16 40 1
16 47 1
16 58 1
16 64 1
16 66 1
16 72 1
16 76 1
16 77 1
16 81 1
16 89 1
16 90 1
16 100 1
16 111 1
16 115 1
16 125 1
16 134 1
16 145 1
17 19 1
17 36 1
17 72 1
17 73 1
17 83 1
17 96 1
17 105 1
17 109 1
17 113 1
17 114 1
17 117 1
17 119 1
17 126 1
17 141 1
17 144 1
18 33 1
18 34 1
18 35 1
18 37 1
18 42 1
18 52 1
18 59 1
18 64 1
18 85 1
18 99 1
18 101 1
18 102 1
18 116 1
18 122 1
18 128 1
18 133 1
18 148 1
18 156 1
18 157 1
19 21 1
19 22 1
19 33 1
19 42 1
19 43 1
19 47 1
19 52 1
19 78 1
19 83 1
19 97 1
19 98 1
19 107 1
19 119 1
19 120 1
19 123 1
19 126 1
19 129 1
19 131 1
19 155 1
19 158 1
20 43 1
20 55 1
20 57 1
20 66 1
20 75 1
20 103 1
20 104 1
20 109 1
20 112 1
20 115 1
20 120 1
20 128 1
20 131 1
20 148 1
21 25 1
21 46 1
21 49 1
21 53 1
21 66 1
21 76 1
21 84 1
21 95 1
21 103 1
21 108 1
21 113 1
21 122 1
21 124 1
21 128 1
21 130 1
21 135 1
21 141 1
21 150 1
22 27 1
22 31 1
22 48 1
22 56 1
22 58 1
22 66 1
22 89 1
22 96 1
22 110 1
22 121 1
22 136 1
22 149 1
22 154 1
22 159 1
23 24 1
23 29 1
23 43 1
23 47 1
23 50 1
23 66 1
23 67 1
23 78 1
23 89 1
23 93 1
23 96 1
23 99 1
23 100 1
23 102 1
23 103 1
23 104 1
23 115 1
23 123 1
23 135 1
23 141 1
23 150 1
24 40 1
24 41 1
24 52 1
24 55 1
24 70 1
24 75 1
24 112 1
24 120 1
24 135 1
24 150 1
25 26 1
25 29 1
25 34 1
25 45 1
25 60 1
25 70 1
25 85 1
25 91 1
25 99 1
25 106 1
25 111 1
25 125 1
25 130 1
25 136 1
25 139 1
25 146 1
25 148 1
25 157 1
26 33 1
26 34 1
26 49 1
26 55 1
26 60 1
26 75 1
26 89 1
26 91 1
26 99 1
26 108 1
26 116 1
26 121 1
26 122 1
26 132 1
26 139 1
26 144 1
26 151 1
26 156 1
27 43 1
27 51 1
27 56 1
27 64 1
27 74 1
27 92 1
27 96 1
27 105 1
27 108 1
27 118 1
27 125 1
27 134 1
27 141 1
27 144 1
27 151 1
27 157 1
28 59 1
28 76 1
28 78 1
28 88 1
28 107 1
28 109 1
28 111 1
28 114 1
28 126 1
28 130 1
28 146 1
28 147 1
28 157 1
29 34 1
29 47 1
29 53 1
29 55 1
29 57 1
29 63 1
29 78 1
29 91 1
29 92 1
29 112 1
29 128 1
29 137 1
29 148 1
29 152 1
29 158 1
29 159 1
30 42 1
30 45 1
30 61 1
30 67 1
30 74 1
30 78 1
30 82 1
30 89 1
30 101 1
30 124 1
30 130 1
30 135 1
30 146 1
30 156 1
31 33 1
31 34 1
31 52 1
31 55 1
31 57 1
31 60 1
31 63 1
31 67 1
31 90 1
31 93 1
31 99 1
31 102 1
31 112 1
31 117 1
31 138 1
32 34 1
32 54 1
32 65 1
32 68 1
32 82 1
32 90 1
32 109 1
32 110 1
32 112 1
32 133 1
32 153 1
32 158 1
33 58 1
33 68 1
33 84 1
33 86 1
33 108 1
33 112 1
33 126 1
33 134 1
33 147 1
33 153 1
33 154 1
34 49 1
34 50 1
34 51 1
34 58 1
34 63 1
34 65 1
34 72 1
34 75 1
34 80 1
34 87 1
34 92 1
34 94 1
34 106 1
34 109 1
34 114 1
34 118 1
34 129 1
34 131 1
34 134 1
34 135 1
34 141 1
34 147 1
35 43 1
35 49 1
35 54 1
35 55 1
35 56 1
35 68 1
35 74 1
35 77 1
35 90 1
35 96 1
35 98 1
35 109 1
35 112 1
35 119 1
35 125 1
35 127 1
35 132 1
35 136 1
35 144 1
35 145 1
35 154 1
35 156 1
36 44 1
36 68 1
36 81 1
36 90 1
36 105 1
36 107 1
36 111 1
36 119 1
36 148 1
36 152 1
36 154 1
36 157 1
37 39 1
37 44 1
37 47 1
37 60 1
37 62 1
37 68 1
37 72 1
37 79 1
37 82 1
37 105 1
37 109 1
37 110 1
37 130 1
37 134 1
37 139 1
37 142 1
37 153 1
38 43 1
38 75 1
38 97 1
38 101 1
38 109 1
38 111 1
38 115 1
38 120 1
38 121 1
38 124 1
38 125 1
38 129 1
38 137 1
38 138 1
38 139 1
38 146 1
39 41 1
39 60 1
39 66 1
39 70 1
39 99 1
39 111 1
39 114 1
39 119 1
39 123 1
39 125 1
39 129 1
40 43 1
40 44 1
40 49 1
40 60 1
40 63 1
40 65 1
40 72 1
40 74 1
40 76 1
40 92 1
40 100 1
40 105 1
40 107 1
40 116 1
40 127 1
40 130 1
40 139 1
40 147 1
40 153 1
40 157 1
40 158 1
41 45 1
41 62 1
41 69 1
41 70 1
41 71 1
41 74 1
41 75 1
41 79 1
41 82 1
41 87 1
41 108 1
41 120 1
41 127 1
41 129 1
41 140 1
41 148 1
41 149 1
41 159 1
42 53 1
42 62 1
42 73 1
42 77 1
42 88 1
42 108 1
42 110 1
42 113 1
42 121 1
42 132 1
43 49 1
43 51 1
43 54 1
43 61 1
43 69 1
43 73 1
43 74 1
43 75 1
43 79 1
43 82 1
43 94 1
43 99 1
43 108 1
43 121 1
43 123 1
43 128 1
43 138 1
43 140 1
43 141 1
43 142 1
43 153 1
43 157 1
44 47 1
44 48 1
44 68 1
44 86 1
44 88 1
44 92 1
44 107 1
44 108 1
44 126 1
44 129 1
44 131 1
44 132 1
44 134 1
44 138 1
44 145 1
44 149 1
44 150 1
44 152 1
45 51 1
45 52 1
45 56 1
45 75 1
45 78 1
45 81 1
45 88 1
45 98 1
45 111 1
45 128 1
45 159 1
46 47 1
46 49 1
46 51 1
46 53 1
46 55 1
46 68 1
46 70 1
46 71 1
46 82 1
46 83 1
46 86 1
46 89 1
46 91 1
46 120 1
46 123 1
46 146 1
46 150 1
46 151 1
47 55 1
47 75 1
47 79 1
47 99 1
47 107 1
47 142 1
47 149 1
47 150 1
47 152 1
48 56 1
48 57 1
48 74 1
48 76 1
48 78 1
48 92 1
48 99 1
48 112 1
48 113 1
48 119 1
48 133 1
48 144 1
48 151 1
48 153 1
49 53 1
49 66 1
49 68 1
49 69 1
49 76 1
49 78 1
49 82 1
49 97 1
49 101 1
49 107 1
49 124 1
49 126 1
49 127 1
49 146 1
49 153 1
50 68 1
50 86 1
50 87 1
50 88 1
50 93 1
50 105 1
50 108 1
50 117 1
50 118 1
50 120 1
50 146 1
50 157 1
51 57 1
51 66 1
51 71 1
51 75 1
51 76 1
51 86 1
51 116 1
51 117 1
51 119 1
51 123 1
51 129 1
51 132 1
51 153 1
52 54 1
52 56 1
52 58 1
52 64 1
52 70 1
52 92 1
52 94 1
52 99 1
52 105 1
52 109 1
52 139 1
52 142 1
52 154 1
53 66 1
53 74 1
53 81 1
53 92 1
53 105 1
53 125 1
53 135 1
53 146 1
53 157 1
54 58 1
54 77 1
54 83 1
54 84 1
54 88 1
54 137 1
54 158 1
55 58 1
55 69 1
55 70 1
55 76 1
55 81 1
55 84 1
55 92 1
55 107 1
55 108 1
55 135 1
55 148 1
56 57 1
56 58 1
56 60 1
56 67 1
56 72 1
56 89 1
56 93 1
56 97 1
56 101 1
56 110 1
56 132 1
56 136 1
56 144 1
56 150 1
56 152 1
57 61 1
57 65 1
57 68 1
57 76 1
57 102 1
57 104 1
57 105 1
57 118 1
57 123 1
57 126 1
57 134 1
57 144 1
57 145 1
57 146 1
58 64 1
58 66 1
58 79 1
58 81 1
58 84 1
58 87 1
58 89 1
58 96 1
58 115 1
58 130 1
58 132 1
58 138 1
59 71 1
59 75 1
59 79 1
59 85 1
59 89 1
59 105 1
59 113 1
59 117 1
59 119 1
59 133 1
59 137 1
59 140 1
59 156 1
59 158 1
59 159 1
60 64 1
60 83 1
60 88 1
60 91 1
60 92 1
60 94 1
60 100 1
60 106 1
60 117 1
60 129 1
60 132 1
60 142 1
60 143 1
61 65 1
61 87 1
61 90 1
61 99 1
61 105 1
61 111 1
61 114 1
61 116 1
61 119 1
61 124 1
61 125 1
61 148 1
61 156 1
62 64 1
62 69 1
62 70 1
62 73 1
62 77 1
62 84 1
62 94 1
62 105 1
62 110 1
62 121 1
62 124 1
62 127 1
62 132 1
62 135 1
62 147 1
62 149 1
62 152 1
62 158 1
63 79 1
63 84 1
63 88 1
63 111 1
63 117 1
63 122 1
63 125 1
63 134 1
63 137 1
63 143 1
63 147 1
64 70 1
64 74 1
64 81 1
64 95 1
64 98 1
64 103 1
64 105 1
64 111 1
64 113 1
64 115 1
64 148 1
65 68 1
65 82 1
65 85 1
65 90 1
65 92 1
65 103 1
65 123 1
65 124 1
65 140 1
65 142 1
65 143 1
65 146 1
65 148 1
65 149 1
65 152 1
66 67 1
66 69 1
66 70 1
66 88 1
66 92 1
66 93 1
66 117 1
66 133 1
66 138 1
66 142 1
66 156 1
67 73 1
67 76 1
67 90 1
67 92 1
67 93 1
67 95 1
67 107 1
67 108 1
67 118 1
67 131 1
67 134 1
67 145 1
67 148 1
67 149 1
67 155 1
67 156 1
68 69 1
68 78 1
68 94 1
68 102 1
68 104 1
68 106 1
68 115 1
68 143 1
68 146 1
68 154 1
69 85 1
69 93 1
69 104 1
69 110 1
69 121 1
69 131 1
69 134 1
69 139 1
69 156 1
70 75 1
70 88 1
70 91 1
70 93 1
70 95 1
70 99 1
70 109 1
70 128 1
70 131 1
70 134 1
70 138 1
71 81 1
71 83 1
71 86 1
71 94 1
71 96 1
71 101 1
71 103 1
71 124 1
71 148 1
71 149 1
71 153 1
72 84 1
72 85 1
72 93 1
72 104 1
72 106 1
72 108 1
72 111 1
72 119 1
72 121 1
72 123 1
72 130 1
72 131 1
72 137 1
72 138 1
72 148 1
73 76 1
73 78 1
73 87 1
73 88 1
73 96 1
73 101 1
73 109 1
73 114 1
73 116 1
73 117 1
73 124 1
73 129 1
73 150 1
73 152 1
73 154 1
74 76 1
74 81 1
74 85 1
74 87 1
74 88 1
74 101 1
74 102 1
74 120 1
74 121 1
74 140 1
75 82 1
75 85 1
75 88 1
75 99 1
75 125 1
75 134 1
75 157 1
76 91 1
76 94 1
76 103 1
76 104 1
76 113 1
76 119 1
76 125 1
76 126 1
76 134 1
76 141 1
76 144 1
76 153 1
77 90 1
77 103 1
77 112 1
77 119 1
77 141 1
77 146 1
77 149 1
77 154 1
77 159 1
78 111 1
78 116 1
78 118 1
78 122 1
78 146 1
79 83 1
79 96 1
79 105 1
79 108 1
79 115 1
79 116 1
79 119 1
79 121 1
79 122 1
79 123 1
79 125 1
79 135 1
79 140 1
79 145 1
79 146 1
80 83 1
80 101 1
80 107 1
80 108 1
80 111 1
80 117 1
80 118 1
80 121 1
80 129 1
80 144 1
80 150 1
80 158 1
81 88 1
81 104 1
81 110 1
81 114 1
81 116 1
81 118 1
81 120 1
81 126 1
81 127 1
81 138 1
81 142 1
81 147 1
81 150 1
82 89 1
82 95 1
82 97 1
82 101 1
82 106 1
82 127 1
83 89 1
83 100 1
83 102 1
83 108 1
83 117 1
83 120 1
83 125 1
83 140 1
83 143 1
83 149 1
83 151 1
84 99 1
84 108 1
84 109 1
84 111 1
84 120 1
84 122 1
84 135 1
84 155 1
85 90 1
85 92 1
85 119 1
85 140 1
85 150 1
85 156 1
86 95 1
86 99 1
86 106 1
86 110 1
86 114 1
86 128 1
86 140 1
86 144 1
86 151 1
86 159 1
87 104 1
87 111 1
87 116 1
87 136 1
87 145 1
87 149 1
87 150 1
87 153 1
87 155 1
88 99 1
88 111 1
88 112 1
88 115 1
88 116 1
88 122 1
88 124 1
88 125 1
88 126 1
88 133 1
88 134 1
88 138 1
88 145 1
88 149 1
88 150 1
88 153 1
88 155 1
89 90 1
89 110 1
89 116 1
89 120 1
89 127 1
89 128 1
89 130 1
89 131 1
89 132 1
89 146 1
90 93 1
90 100 1
90 105 1
90 110 1
90 114 1
90 119 1
90 121 1
90 136 1
90 146 1
90 156 1
91 93 1
91 97 1
91 106 1
91 117 1
91 120 1
91 130 1
91 134 1
91 140 1
91 145 1
91 149 1
91 150 1
91 155 1
92 109 1
92 112 1
92 113 1
92 116 1
92 118 1
92 119 1
92 120 1
92 128 1
92 137 1
92 138 1
92 141 1
92 143 1
92 154 1
93 95 1
93 98 1
93 115 1
93 119 1
93 120 1
93 129 1
93 144 1
93 146 1
94 96 1
94 130 1
94 140 1
94 154 1
95 111 1
95 118 1
95 122 1
95 136 1
95 139 1
95 140 1
95 143 1
95 145 1
95 148 1
95 153 1
95 154 1
96 100 1
96 102 1
96 106 1
96 109 1
96 110 1
96 121 1
96 128 1
96 132 1
96 139 1
96 142 1
96 155 1
96 158 1
97 103 1
97 115 1
97 118 1
98 111 1
98 120 1
98 129 1
98 154 1
98 155 1
98 157 1
98 158 1
98 159 1
99 104 1
99 109 1
99 123 1
99 125 1
99 137 1
99 139 1
99 150 1
99 155 1
100 114 1
100 117 1
100 119 1
100 135 1
100 136 1
100 140 1
100 149 1
101 102 1
101 105 1
101 109 1
101 110 1
101 117 1
101 122 1
101 142 1
102 130 1
102 132 1
102 147 1
102 157 1
103 116 1
103 118 1
103 132 1
103 139 1
103 147 1
103 154 1
104 112 1
104 117 1
104 122 1
104 133 1
104 152 1
105 155 1
106 109 1
106 122 1
106 124 1
106 139 1
106 148 1
106 155 1
106 159 1
107 111 1
107 115 1
107 125 1
107 135 1
107 143 1
107 147 1
107 159 1
108 109 1
108 128 1
108 150 1
109 113 1
109 119 1
109 120 1
109 122 1
109 148 1
109 157 1
109 158 1
110 112 1
110 113 1
110 120 1
110 123 1
111 117 1
111 127 1
111 133 1
111 142 1
111 145 1
111 148 1
111 150 1
111 152 1
112 157 1
112 158 1
113 116 1
113 118 1
113 130 1
113 131 1
113 133 1
113 137 1
113 146 1
113 156 1
114 123 1
114 124 1
114 129 1
114 130 1
114 137 1
114 143 1
115 117 1
115 140 1
115 148 1
115 153 1
115 155 1
115 159 1
116 119 1
116 120 1
116 133 1
116 154 1
116 155 1
116 157 1
117 121 1
117 155 1
118 119 1
118 120 1
118 124 1
118 125 1
118 137 1
118 139 1
118 145 1
118 157 1
119 132 1
119 134 1
119 141 1
119 151 1
119 152 1
119 153 1
119 156 1
120 127 1
120 148 1
120 150 1
120 159 1
121 122 1
121 129 1
121 138 1
121 151 1
122 130 1
122 156 1
123 125 1
123 133 1
123 145 1
123 146 1
123 149 1
124 125 1
124 128 1
124 143 1
124 156 1
124 158 1
125 135 1
125 136 1
125 140 1
125 144 1
126 129 1
126 131 1
126 140 1
126 145 1
126 146 1
127 128 1
127 152 1
127 153 1
127 157 1
128 134 1
128 137 1
128 141 1
129 140 1
129 150 1
129 156 1
130 148 1
130 152 1
131 143 1
131 145 1
131 154 1
132 148 1
132 149 1
132 152 1
132 154 1
132 155 1
132 159 1
133 137 1
133 144 1
133 150 1
134 152 1
135 137 1
135 139 1
135 140 1
135 143 1
136 144 1
136 156 1
136 157 1
137 141 1
137 157 1
138 155 1
138 156 1
138 157 1
139 144 1
140 146 1
140 151 1
141 146 1
141 153 1
141 157 1
141 158 1
142 158 1
143 144 1
144 156 1
145 147 1
145 156 1
146 151 1
146 159 1
147 150 1
147 154 1
147 155 1
147 156 1
148 152 1
148 158 1
149 153 1
149 155 1
150 153 1
150 159 1
151 155 1
151 158 1
152 158 1
1
93 8 96 16 133 36 124 145 95 15 49 103 94 59 117 152
