189
0 2 1
0 3 1
0 6 1
0 8 1
0 9 1
0 10 1
0 13 1
0 14 1
0 15 1
0 16 1
0 17 1
0 21 1
0 24 1
0 26 1
0 29 1
1 2 1
1 3 1
1 4 1
1 5 1
1 8 1
1 9 1
1 10 1
1 11 1
1 12 1
1 15 1
1 16 1
1 17 1
1 18 1
1 22 1
1 23 1
1 24 1
1 28 1
2 7 1
2 8 1
2 11 1
2 12 1
2 14 1
2 16 1
2 18 1
2 20 1
2 23 1
2 26 1
2 28 1
3 5 1
3 6 1
3 7 1
3 9 1
3 10 1
3 11 1
3 14 1
3 15 1
3 19 1
3 20 1
3 24 1
3 29 1
4 9 1
4 10 1
4 11 1
4 14 1
4 15 1
4 17 1
4 18 1
4 19 1
4 20 1
4 27 1
5 8 1
5 9 1
5 13 1
5 15 1
5 18 1
5 24 1
5 25 1
6 7 1
6 10 1
6 12 1
6 14 1
6 17 1
6 21 1
6 23 1
6 26 1
6 28 1
7 10 1
7 11 1
7 13 1
7 15 1
7 16 1
7 18 1
7 19 1
7 23 1
7 26 1
7 28 1
7 29 1
8 13 1
8 14 1
8 15 1
8 16 1
8 18 1
8 19 1
8 20 1
8 22 1
8 23 1
8 26 1
8 28 1
9 13 1
9 20 1
9 21 1
9 24 1
9 29 1
10 12 1
10 16 1
10 17 1
10 18 1
10 20 1
10 21 1
10 22 1
10 26 1
10 28 1
10 29 1
11 12 1
11 15 1
11 18 1
11 23 1
11 24 1
11 25 1
11 27 1
11 28 1
11 29 1
12 15 1
12 20 1
12 24 1
12 26 1
12 27 1
12 28 1
13 14 1
13 18 1
13 19 1
13 21 1
13 22 1
13 24 1
13 27 1
13 29 1
14 16 1
14 17 1
14 21 1
14 24 1
14 25 1
15 16 1
15 22 1
15 23 1
15 26 1
15 27 1
16 17 1
16 18 1
16 19 1
16 20 1
16 23 1
16 24 1
16 27 1
16 29 1
17 20 1
17 22 1
17 25 1
17 28 1
17 29 1
18 20 1
18 21 1
18 25 1
19 21 1
19 22 1
19 27 1
19 28 1
20 21 1
20 26 1
20 28 1
21 23 1
21 24 1
21 25 1
21 26 1
22 23 1
22 24 1
22 25 1
22 27 1
23 27 1
23 28 1
24 26 1
25 27 1
26 27 1
26 28 1
27 28 1
1
18 23 28
