2150
0 26 1
0 27 1
0 35 1
0 42 1
0 45 1
0 60 1
0 68 1
0 72 1
0 74 1
0 78 1
0 107 1
0 123 1
0 128 1
0 141 1
0 195 1
0 196 1
1 5 1
1 39 1
1 41 1
1 51 1
1 52 1
1 54 1
1 75 1
1 76 1
1 81 1
1 88 1
1 90 1
1 92 1
1 95 1
1 112 1
1 124 1
1 130 1
1 134 1
1 136 1
1 143 1
1 148 1
1 150 1
1 153 1
1 166 1
1 171 1
1 182 1
1 193 1
1 198 1
2 19 1
2 46 1
2 62 1
2 64 1
2 74 1
2 78 1
2 84 1
2 87 1
2 88 1
2 114 1
2 117 1
2 142 1
2 157 1
2 166 1
2 170 1
2 183 1
2 199 1
3 5 1
3 9 1
3 14 1
3 16 1
3 33 1
3 57 1
3 58 1
3 63 1
3 82 1
3 92 1
3 98 1
3 118 1
3 135 1
3 149 1
3 175 1
3 182 1
3 185 1
3 196 1
4 18 1
4 26 1
4 103 1
4 112 1
4 116 1
4 118 1
4 120 1
4 130 1
4 133 1
4 148 1
4 149 1
4 155 1
4 159 1
4 168 1
4 173 1
4 189 1
4 191 1
5 25 1
5 38 1
5 44 1
5 63 1
5 68 1
5 69 1
5 77 1
5 80 1
5 83 1
5 87 1
5 94 1
5 98 1
5 103 1
5 106 1
5 107 1
5 126 1
5 136 1
5 138 1
5 169 1
5 181 1
5 182 1
5 188 1
5 196 1
6 16 1
6 20 1
6 22 1
6 31 1
6 59 1
6 75 1
6 83 1
6 93 1
6 98 1
6 102 1
6 109 1
6 116 1
6 119 1
6 120 1
6 126 1
6 128 1
6 142 1
6 150 1
6 161 1
6 189 1
6 190 1
6 193 1
6 196 1
6 197 1
7 8 1
7 15 1
7 20 1
7 81 1
7 84 1
7 86 1
7 88 1
7 89 1
7 96 1
7 98 1
7 108 1
7 113 1
7 114 1
7 115 1
7 131 1
7 148 1
7 153 1
7 157 1
7 163 1
7 165 1
7 166 1
7 175 1
7 190 1
7 194 1
7 196 1
8 14 1
8 33 1
8 35 1
8 55 1
8 60 1
8 63 1
8 68 1
8 70 1
8 89 1
8 97 1
8 104 1
8 110 1
8 113 1
8 121 1
8 134 1
8 139 1
8 141 1
8 172 1
8 174 1
8 181 1
8 183 1
8 186 1
8 197 1
9 12 1
9 33 1
9 47 1
9 54 1
9 71 1
9 79 1
9 93 1
9 95 1
9 98 1
9 108 1
9 110 1
9 111 1
9 129 1
9 157 1
9 163 1
9 167 1
9 181 1
9 182 1
9 184 1
9 187 1
9 189 1
9 192 1
9 194 1
9 196 1
10 18 1
10 30 1
10 38 1
10 40 1
10 96 1
10 112 1
10 128 1
10 140 1
10 163 1
10 168 1
10 186 1
10 193 1
11 12 1
11 23 1
11 38 1
11 47 1
11 57 1
11 58 1
11 62 1
11 65 1
11 75 1
11 82 1
11 93 1
11 95 1
11 102 1
11 104 1
11 111 1
11 114 1
11 137 1
11 152 1
11 155 1
11 172 1
11 182 1
11 184 1
11 186 1
11 193 1
12 46 1
12 56 1
12 72 1
12 77 1
12 89 1
12 100 1
12 104 1
12 119 1
12 120 1
12 128 1
12 132 1
12 135 1
12 136 1
12 137 1
12 140 1
12 144 1
12 157 1
12 177 1
12 184 1
12 185 1
12 194 1
13 14 1
13 26 1
13 80 1
13 91 1
13 93 1
13 96 1
13 99 1
13 101 1
13 110 1
13 122 1
13 129 1
13 132 1
13 138 1
13 140 1
13 149 1
13 170 1
13 177 1
14 20 1
14 27 1
14 34 1
14 38 1
14 41 1
14 84 1
14 97 1
14 100 1
14 101 1
14 102 1
14 110 1
14 112 1
14 114 1
14 123 1
14 133 1
14 139 1
14 140 1
14 148 1
14 152 1
14 174 1
14 177 1
14 183 1
14 185 1
14 197 1
15 17 1
15 34 1
15 45 1
15 49 1
15 53 1
15 58 1
15 64 1
15 65 1
15 110 1
15 116 1
15 121 1
15 155 1
15 177 1
15 180 1
15 197 1
16 31 1
16 37 1
16 38 1
16 45 1
16 54 1
16 60 1
16 66 1
16 80 1
16 81 1
16 83 1
16 84 1
16 111 1
16 114 1
16 126 1
16 127 1
16 130 1
16 148 1
16 166 1
16 181 1
16 185 1
17 24 1
17 36 1
17 43 1
17 48 1
17 62 1
17 69 1
17 73 1
17 80 1
17 86 1
17 90 1
17 91 1
17 92 1
17 93 1
17 103 1
17 112 1
17 116 1
17 120 1
17 157 1
17 158 1
17 161 1
17 169 1
17 183 1
17 190 1
18 27 1
18 41 1
18 69 1
18 95 1
18 96 1
18 104 1
18 106 1
18 109 1
18 118 1
18 119 1
18 120 1
18 128 1
18 129 1
18 137 1
18 139 1
18 144 1
18 160 1
18 179 1
19 27 1
19 34 1
19 38 1
19 42 1
19 43 1
19 58 1
19 74 1
19 81 1
19 82 1
19 83 1
19 84 1
19 104 1
19 108 1
19 129 1
19 130 1
19 160 1
19 166 1
19 190 1
20 39 1
20 50 1
20 52 1
20 55 1
20 62 1
20 77 1
20 78 1
20 80 1
20 84 1
20 102 1
20 122 1
20 152 1
20 158 1
20 164 1
20 173 1
20 182 1
20 185 1
20 192 1
20 198 1
21 25 1
21 28 1
21 54 1
21 57 1
21 69 1
21 76 1
21 84 1
21 90 1
21 97 1
21 103 1
21 117 1
21 134 1
21 141 1
21 164 1
21 176 1
21 178 1
21 192 1
21 193 1
22 31 1
22 64 1
22 72 1
22 105 1
22 132 1
22 138 1
22 150 1
22 157 1
22 164 1
22 175 1
23 28 1
23 32 1
23 40 1
23 56 1
23 67 1
23 68 1
23 71 1
23 75 1
23 97 1
23 106 1
23 112 1
23 117 1
23 130 1
23 133 1
23 137 1
23 153 1
23 156 1
23 157 1
23 178 1
23 179 1
23 188 1
23 199 1
24 25 1
24 43 1
24 44 1
24 50 1
24 65 1
24 74 1
24 81 1
24 88 1
24 96 1
24 104 1
24 139 1
24 140 1
24 153 1
24 155 1
24 159 1
24 168 1
24 185 1
24 186 1
24 187 1
24 197 1
24 198 1
25 28 1
25 35 1
25 39 1
25 57 1
25 66 1
25 85 1
25 95 1
25 108 1
25 109 1
25 121 1
25 148 1
25 171 1
25 196 1
25 197 1
25 198 1
26 56 1
26 59 1
26 74 1
26 89 1
26 103 1
26 107 1
26 109 1
26 121 1
26 131 1
26 139 1
26 167 1
26 169 1
26 171 1
26 180 1
26 198 1
27 35 1
27 55 1
27 60 1
27 81 1
27 82 1
27 96 1
27 109 1
27 113 1
27 114 1
27 136 1
27 141 1
27 150 1
27 154 1
27 161 1
27 176 1
27 184 1
27 187 1
27 195 1
28 34 1
28 49 1
28 61 1
28 77 1
28 78 1
28 85 1
28 98 1
28 103 1
28 108 1
28 111 1
28 114 1
28 116 1
28 125 1
28 138 1
28 155 1
28 164 1
28 174 1
28 180 1
28 181 1
28 189 1
29 34 1
29 43 1
29 45 1
29 46 1
29 55 1
29 60 1
29 70 1
29 75 1
29 81 1
29 91 1
29 100 1
29 106 1
29 112 1
29 116 1
29 125 1
29 129 1
29 146 1
29 155 1
29 158 1
29 192 1
30 31 1
30 46 1
30 53 1
30 59 1
30 94 1
30 96 1
30 111 1
30 114 1
30 127 1
30 129 1
30 131 1
30 132 1
30 139 1
30 148 1
30 151 1
30 158 1
30 164 1
30 165 1
30 176 1
30 180 1
30 182 1
30 183 1
30 193 1
30 195 1
31 34 1
31 53 1
31 67 1
31 76 1
31 89 1
31 90 1
31 103 1
31 113 1
31 114 1
31 126 1
31 128 1
31 157 1
31 158 1
31 167 1
31 170 1
31 178 1
31 183 1
31 184 1
31 186 1
32 46 1
32 47 1
32 60 1
32 69 1
32 76 1
32 99 1
32 105 1
32 116 1
32 130 1
32 134 1
32 142 1
32 158 1
32 160 1
32 163 1
32 171 1
32 181 1
32 188 1
32 189 1
32 190 1
32 193 1
33 38 1
33 44 1
33 48 1
33 54 1
33 57 1
33 82 1
33 85 1
33 94 1
33 105 1
33 140 1
33 155 1
33 160 1
33 190 1
33 191 1
33 199 1
34 38 1
34 44 1
34 52 1
34 54 1
34 66 1
34 79 1
34 83 1
34 93 1
34 98 1
34 118 1
34 120 1
34 124 1
34 133 1
34 136 1
34 143 1
34 150 1
34 151 1
34 162 1
34 165 1
34 167 1
34 185 1
34 190 1
34 194 1
35 46 1
35 76 1
35 77 1
35 91 1
35 94 1
35 99 1
35 103 1
35 106 1
35 117 1
35 137 1
35 181 1
35 185 1
35 186 1
35 190 1
35 196 1
36 37 1
36 59 1
36 63 1
36 95 1
36 122 1
36 124 1
36 152 1
36 153 1
36 159 1
36 164 1
36 181 1
36 191 1
37 40 1
37 53 1
37 66 1
37 76 1
37 84 1
37 85 1
37 86 1
37 89 1
37 106 1
37 112 1
37 114 1
37 121 1
37 126 1
37 139 1
37 144 1
37 147 1
37 153 1
37 157 1
37 171 1
37 176 1
37 197 1
38 48 1
38 53 1
38 70 1
38 84 1
38 93 1
38 94 1
38 97 1
38 112 1
38 113 1
38 117 1
38 118 1
38 125 1
38 136 1
38 146 1
38 155 1
38 165 1
38 172 1
38 173 1
38 189 1
39 42 1
39 43 1
39 74 1
39 80 1
39 83 1
39 91 1
39 97 1
39 109 1
39 114 1
39 115 1
39 117 1
39 118 1
39 151 1
39 154 1
39 169 1
39 173 1
39 186 1
39 196 1
39 197 1
40 49 1
40 65 1
40 72 1
40 80 1
40 84 1
40 89 1
40 96 1
40 140 1
40 146 1
40 153 1
40 163 1
40 164 1
40 166 1
41 47 1
41 64 1
41 71 1
41 72 1
41 80 1
41 82 1
41 84 1
41 92 1
41 96 1
41 120 1
41 132 1
41 141 1
41 152 1
41 163 1
41 173 1
41 183 1
41 194 1
42 50 1
42 63 1
42 75 1
42 76 1
42 90 1
42 94 1
42 107 1
42 108 1
42 112 1
42 115 1
42 121 1
42 129 1
42 139 1
42 141 1
42 145 1
42 146 1
42 148 1
42 164 1
42 170 1
42 176 1
42 179 1
42 195 1
43 53 1
43 58 1
43 65 1
43 79 1
43 82 1
43 110 1
43 140 1
43 147 1
43 149 1
43 152 1
43 156 1
43 157 1
43 171 1
43 173 1
43 174 1
43 176 1
43 185 1
43 196 1
44 46 1
44 48 1
44 52 1
44 55 1
44 64 1
44 69 1
44 74 1
44 83 1
44 84 1
44 90 1
44 131 1
44 132 1
44 133 1
44 142 1
44 148 1
44 153 1
44 161 1
44 178 1
44 180 1
44 190 1
45 62 1
45 66 1
45 74 1
45 125 1
45 154 1
45 159 1
45 165 1
45 166 1
45 181 1
45 185 1
45 195 1
46 52 1
46 63 1
46 64 1
46 71 1
46 84 1
46 85 1
46 95 1
46 99 1
46 100 1
46 102 1
46 106 1
46 107 1
46 112 1
46 117 1
46 118 1
46 120 1
46 121 1
46 135 1
46 144 1
46 148 1
46 150 1
46 155 1
46 156 1
46 168 1
46 170 1
46 188 1
47 50 1
47 51 1
47 59 1
47 73 1
47 75 1
47 85 1
47 92 1
47 95 1
47 99 1
47 107 1
47 127 1
47 162 1
47 169 1
47 180 1
47 181 1
48 50 1
48 52 1
48 67 1
48 68 1
48 70 1
48 98 1
48 106 1
48 119 1
48 128 1
48 131 1
48 139 1
48 141 1
48 143 1
48 150 1
48 155 1
48 156 1
48 160 1
48 165 1
48 171 1
48 172 1
48 187 1
48 190 1
49 52 1
49 76 1
49 94 1
49 107 1
49 115 1
49 120 1
49 126 1
49 140 1
49 143 1
49 152 1
49 156 1
49 183 1
49 186 1
49 190 1
49 195 1
50 58 1
50 59 1
50 61 1
50 82 1
50 92 1
50 101 1
50 107 1
50 110 1
50 113 1
50 131 1
50 147 1
50 151 1
50 162 1
50 170 1
51 60 1
51 62 1
51 76 1
51 81 1
51 89 1
51 90 1
51 95 1
51 102 1
51 110 1
51 113 1
51 114 1
51 115 1
51 116 1
51 131 1
51 142 1
51 149 1
51 171 1
51 186 1
51 193 1
51 196 1
52 54 1
52 55 1
52 65 1
52 72 1
52 75 1
52 80 1
52 148 1
52 149 1
52 154 1
52 155 1
52 167 1
52 172 1
52 187 1
52 196 1
53 55 1
53 56 1
53 66 1
53 68 1
53 79 1
53 84 1
53 97 1
53 98 1
53 109 1
53 114 1
53 118 1
53 120 1
53 125 1
53 144 1
53 149 1
53 159 1
53 160 1
53 164 1
53 168 1
53 170 1
53 178 1
53 179 1
54 59 1
54 60 1
54 75 1
54 76 1
54 102 1
54 142 1
54 146 1
54 176 1
54 180 1
54 184 1
54 185 1
54 186 1
54 195 1
54 196 1
55 61 1
55 67 1
55 76 1
55 84 1
55 117 1
55 120 1
55 132 1
55 133 1
55 153 1
55 160 1
55 161 1
55 179 1
55 181 1
55 189 1
55 190 1
56 81 1
56 84 1
56 93 1
56 140 1
56 143 1
56 151 1
56 157 1
56 159 1
56 166 1
56 171 1
56 196 1
56 197 1
57 69 1
57 77 1
57 85 1
57 86 1
57 117 1
57 137 1
57 149 1
57 162 1
57 167 1
57 173 1
57 175 1
57 182 1
57 183 1
57 188 1
57 194 1
58 75 1
58 79 1
58 84 1
58 96 1
58 97 1
58 101 1
58 103 1
58 110 1
58 126 1
58 128 1
58 135 1
58 167 1
58 175 1
59 70 1
59 74 1
59 82 1
59 83 1
59 84 1
59 91 1
59 93 1
59 110 1
59 112 1
59 122 1
59 133 1
59 137 1
59 155 1
59 167 1
59 171 1
60 94 1
60 105 1
60 119 1
60 122 1
60 123 1
60 127 1
60 130 1
60 134 1
60 155 1
60 161 1
60 165 1
60 172 1
60 173 1
60 192 1
60 193 1
60 196 1
61 67 1
61 77 1
61 88 1
61 93 1
61 122 1
61 131 1
61 134 1
61 148 1
61 150 1
61 153 1
61 196 1
62 73 1
62 77 1
62 79 1
62 105 1
62 109 1
62 116 1
62 125 1
62 138 1
62 142 1
62 156 1
62 172 1
62 173 1
62 178 1
62 184 1
62 195 1
63 65 1
63 73 1
63 85 1
63 91 1
63 98 1
63 103 1
63 111 1
63 119 1
63 131 1
63 143 1
63 149 1
63 150 1
63 152 1
63 163 1
63 167 1
63 169 1
63 184 1
63 189 1
63 190 1
64 88 1
64 89 1
64 91 1
64 112 1
64 113 1
64 136 1
64 146 1
64 150 1
64 154 1
64 177 1
64 191 1
65 80 1
65 83 1
65 88 1
65 91 1
65 95 1
65 107 1
65 111 1
65 116 1
65 156 1
65 172 1
65 184 1
65 186 1
66 70 1
66 109 1
66 115 1
66 133 1
66 139 1
66 144 1
66 153 1
66 172 1
66 177 1
67 90 1
67 98 1
67 99 1
67 105 1
67 111 1
67 115 1
67 143 1
67 152 1
67 167 1
67 169 1
67 178 1
67 181 1
67 193 1
68 84 1
68 86 1
68 89 1
68 98 1
68 99 1
68 102 1
68 116 1
68 118 1
68 141 1
68 144 1
68 146 1
68 150 1
68 161 1
68 162 1
68 165 1
68 170 1
68 173 1
68 174 1
68 181 1
69 70 1
69 89 1
69 96 1
69 114 1
69 115 1
69 117 1
69 123 1
69 126 1
69 133 1
69 137 1
69 140 1
69 161 1
69 163 1
69 182 1
69 188 1
69 194 1
70 80 1
70 89 1
70 91 1
70 94 1
70 98 1
70 99 1
70 102 1
70 111 1
70 121 1
70 135 1
70 136 1
70 155 1
70 161 1
70 167 1
70 173 1
70 176 1
71 74 1
71 81 1
71 102 1
71 116 1
71 124 1
71 149 1
71 157 1
71 165 1
71 177 1
71 178 1
71 184 1
71 194 1
72 86 1
72 90 1
72 93 1
72 103 1
72 131 1
72 160 1
72 161 1
72 163 1
72 167 1
72 172 1
72 178 1
72 179 1
72 197 1
72 199 1
73 86 1
73 87 1
73 96 1
73 110 1
73 117 1
73 118 1
73 123 1
73 135 1
73 150 1
73 151 1
73 165 1
73 193 1
73 196 1
74 91 1
74 98 1
74 102 1
74 103 1
74 110 1
74 146 1
74 156 1
74 177 1
74 178 1
74 183 1
75 81 1
75 92 1
75 96 1
75 97 1
75 104 1
75 107 1
75 108 1
75 114 1
75 118 1
75 138 1
75 141 1
75 148 1
75 160 1
75 165 1
75 167 1
75 175 1
75 176 1
75 179 1
75 180 1
75 186 1
75 189 1
75 191 1
75 194 1
75 199 1
76 97 1
76 117 1
76 129 1
76 132 1
76 153 1
76 158 1
76 160 1
76 169 1
76 175 1
76 180 1
76 195 1
77 79 1
77 83 1
77 91 1
77 94 1
77 96 1
77 108 1
77 112 1
77 121 1
77 148 1
77 155 1
77 184 1
77 192 1
78 91 1
78 92 1
78 97 1
78 104 1
78 105 1
78 111 1
78 124 1
78 128 1
78 131 1
78 144 1
78 166 1
78 191 1
79 83 1
79 94 1
79 96 1
79 119 1
79 135 1
79 158 1
79 161 1
79 170 1
79 180 1
79 181 1
79 186 1
79 196 1
80 83 1
80 95 1
80 119 1
80 120 1
80 143 1
80 176 1
80 182 1
81 89 1
81 95 1
81 99 1
81 106 1
81 112 1
81 128 1
81 132 1
81 168 1
81 172 1
81 176 1
81 178 1
82 84 1
82 92 1
82 94 1
82 102 1
82 128 1
82 142 1
82 153 1
82 157 1
82 169 1
82 177 1
82 178 1
82 194 1
82 199 1
83 89 1
83 101 1
83 115 1
83 141 1
83 147 1
83 151 1
83 153 1
83 159 1
83 165 1
83 168 1
83 182 1
83 186 1
83 193 1
83 195 1
83 197 1
84 101 1
84 115 1
84 170 1
84 178 1
84 182 1
84 185 1
84 193 1
84 199 1
85 89 1
85 95 1
85 96 1
85 104 1
85 109 1
85 112 1
85 141 1
85 144 1
85 167 1
85 186 1
85 190 1
85 197 1
86 102 1
86 105 1
86 110 1
86 117 1
86 124 1
86 127 1
86 140 1
86 142 1
86 160 1
86 167 1
86 169 1
86 179 1
86 192 1
87 100 1
87 105 1
87 116 1
87 134 1
87 142 1
87 163 1
87 165 1
87 184 1
87 188 1
87 195 1
88 103 1
88 121 1
88 129 1
88 137 1
88 142 1
88 149 1
88 166 1
88 172 1
88 198 1
89 92 1
89 103 1
89 122 1
89 128 1
89 130 1
89 138 1
89 140 1
89 167 1
89 175 1
89 191 1
89 194 1
90 102 1
90 104 1
90 111 1
90 116 1
90 120 1
90 142 1
90 143 1
90 151 1
90 169 1
90 174 1
90 177 1
90 182 1
90 188 1
90 194 1
91 106 1
91 108 1
91 111 1
91 132 1
91 135 1
91 136 1
91 144 1
91 148 1
91 149 1
91 158 1
92 95 1
92 96 1
92 98 1
92 102 1
92 114 1
92 115 1
92 118 1
92 129 1
92 145 1
92 150 1
92 153 1
92 168 1
92 189 1
92 192 1
93 94 1
93 107 1
93 135 1
93 138 1
93 140 1
93 142 1
93 145 1
93 151 1
93 164 1
93 168 1
93 176 1
93 178 1
93 185 1
93 193 1
94 104 1
94 110 1
94 112 1
94 117 1
94 126 1
94 133 1
94 138 1
94 163 1
94 177 1
94 185 1
95 98 1
95 99 1
95 108 1
95 109 1
95 110 1
95 112 1
95 114 1
95 133 1
95 139 1
95 143 1
95 157 1
95 158 1
95 162 1
95 166 1
95 178 1
95 183 1
95 187 1
95 188 1
96 98 1
96 108 1
96 130 1
96 152 1
96 159 1
96 160 1
96 171 1
96 186 1
97 103 1
97 110 1
97 113 1
97 128 1
97 137 1
97 141 1
97 146 1
97 153 1
97 154 1
97 164 1
97 165 1
97 178 1
97 183 1
97 196 1
98 126 1
98 127 1
98 130 1
98 150 1
98 156 1
98 165 1
98 168 1
98 195 1
98 198 1
99 111 1
99 112 1
99 113 1
99 124 1
99 135 1
99 147 1
99 166 1
99 179 1
99 181 1
99 192 1
100 136 1
100 152 1
100 162 1
100 175 1
100 178 1
100 198 1
101 107 1
101 109 1
101 110 1
101 113 1
101 124 1
101 137 1
101 139 1
101 161 1
101 171 1
102 105 1
102 108 1
102 113 1
102 120 1
102 121 1
102 129 1
102 133 1
102 137 1
102 147 1
102 155 1
102 170 1
102 181 1
102 182 1
103 106 1
103 111 1
103 112 1
103 114 1
103 115 1
103 117 1
103 122 1
103 124 1
103 127 1
103 128 1
103 129 1
103 137 1
103 140 1
103 142 1
103 149 1
103 166 1
103 180 1
103 183 1
103 190 1
103 192 1
103 195 1
103 198 1
104 117 1
104 118 1
104 119 1
104 134 1
104 141 1
104 147 1
104 154 1
104 163 1
104 175 1
105 115 1
105 119 1
105 129 1
105 130 1
105 143 1
105 145 1
105 153 1
105 155 1
105 156 1
105 159 1
105 160 1
105 164 1
105 190 1
105 195 1
106 147 1
106 149 1
106 164 1
106 176 1
107 114 1
107 116 1
107 133 1
107 134 1
107 145 1
107 162 1
107 168 1
107 175 1
107 180 1
107 196 1
107 199 1
108 126 1
108 137 1
108 145 1
108 147 1
108 149 1
108 170 1
108 195 1
109 112 1
109 113 1
109 127 1
109 137 1
109 150 1
109 155 1
109 156 1
109 170 1
109 174 1
109 178 1
110 116 1
110 119 1
110 122 1
110 123 1
110 124 1
110 126 1
110 129 1
110 130 1
110 139 1
110 142 1
110 143 1
110 151 1
110 174 1
110 184 1
110 187 1
110 190 1
110 194 1
111 123 1
111 124 1
111 125 1
111 130 1
111 133 1
111 156 1
111 171 1
111 178 1
112 115 1
112 121 1
112 134 1
112 143 1
112 148 1
112 149 1
112 157 1
113 114 1
113 126 1
113 129 1
113 135 1
113 145 1
113 150 1
113 156 1
113 162 1
113 170 1
113 192 1
113 195 1
113 197 1
114 119 1
114 124 1
114 133 1
114 147 1
114 149 1
114 168 1
114 169 1
114 186 1
114 199 1
115 120 1
115 124 1
115 125 1
115 148 1
115 151 1
115 170 1
115 172 1
115 189 1
115 190 1
115 197 1
116 123 1
116 126 1
116 143 1
116 154 1
117 139 1
117 156 1
117 157 1
117 177 1
117 178 1
117 180 1
117 197 1
118 123 1
118 129 1
118 154 1
118 155 1
118 159 1
118 162 1
118 163 1
118 164 1
118 194 1
119 120 1
119 138 1
119 141 1
119 148 1
119 175 1
119 180 1
119 182 1
119 184 1
119 186 1
119 196 1
120 126 1
120 130 1
120 144 1
120 147 1
120 149 1
120 157 1
120 160 1
120 162 1
120 166 1
120 174 1
120 181 1
120 192 1
121 127 1
121 134 1
121 141 1
121 149 1
121 166 1
121 174 1
121 177 1
121 178 1
121 182 1
121 188 1
122 131 1
122 149 1
122 156 1
122 165 1
122 192 1
123 124 1
123 133 1
123 183 1
124 126 1
124 129 1
124 142 1
124 147 1
124 151 1
124 154 1
124 155 1
124 193 1
124 196 1
125 141 1
125 156 1
125 157 1
125 163 1
125 170 1
125 183 1
125 192 1
125 193 1
126 132 1
126 138 1
126 146 1
126 155 1
126 158 1
126 159 1
126 172 1
126 176 1
126 188 1
126 189 1
126 191 1
126 195 1
127 142 1
127 163 1
127 187 1
128 135 1
128 143 1
128 155 1
128 160 1
128 169 1
128 175 1
128 176 1
128 186 1
129 130 1
129 132 1
129 155 1
129 161 1
129 170 1
129 184 1
129 191 1
130 140 1
130 143 1
130 156 1
130 158 1
130 163 1
130 167 1
130 168 1
130 178 1
131 156 1
131 170 1
131 171 1
131 174 1
131 182 1
131 199 1
132 141 1
132 142 1
132 146 1
132 167 1
132 169 1
132 181 1
132 184 1
132 191 1
132 193 1
132 198 1
133 138 1
133 146 1
133 155 1
133 158 1
133 162 1
133 165 1
133 174 1
133 175 1
133 183 1
133 199 1
134 137 1
134 147 1
134 177 1
135 138 1
135 139 1
135 143 1
135 148 1
135 149 1
135 154 1
135 158 1
135 161 1
135 164 1
135 176 1
135 182 1
135 189 1
135 192 1
136 146 1
136 151 1
136 161 1
136 162 1
136 173 1
136 178 1
136 181 1
137 143 1
137 161 1
137 162 1
137 170 1
137 179 1
137 180 1
137 193 1
137 196 1
138 140 1
138 169 1
138 177 1
138 178 1
138 193 1
139 140 1
139 155 1
139 161 1
139 167 1
139 168 1
139 193 1
140 142 1
140 145 1
140 149 1
140 167 1
140 169 1
140 173 1
140 186 1
140 187 1
140 195 1
140 199 1
141 153 1
141 154 1
141 172 1
141 173 1
142 148 1
142 150 1
142 163 1
142 169 1
142 170 1
142 180 1
142 192 1
143 149 1
143 151 1
143 162 1
143 179 1
143 180 1
143 181 1
143 197 1
144 174 1
144 176 1
144 192 1
145 157 1
145 158 1
145 161 1
145 163 1
146 154 1
146 158 1
146 173 1
146 178 1
146 179 1
146 196 1
146 198 1
147 148 1
147 155 1
147 175 1
147 193 1
148 151 1
148 152 1
148 177 1
148 178 1
148 180 1
149 183 1
149 189 1
150 152 1
150 155 1
150 159 1
150 162 1
150 180 1
150 194 1
150 198 1
151 156 1
151 161 1
151 169 1
151 171 1
151 175 1
151 176 1
151 177 1
151 182 1
151 190 1
152 154 1
152 173 1
152 177 1
152 193 1
152 199 1
153 172 1
153 184 1
153 189 1
154 196 1
155 167 1
155 169 1
155 183 1
155 186 1
156 174 1
156 176 1
156 195 1
157 171 1
157 175 1
157 194 1
158 165 1
158 169 1
158 175 1
158 183 1
159 163 1
159 169 1
159 174 1
159 194 1
160 169 1
160 170 1
160 177 1
161 171 1
161 176 1
161 186 1
161 188 1
161 189 1
161 192 1
162 166 1
162 178 1
162 180 1
162 183 1
162 189 1
163 169 1
163 177 1
163 182 1
163 193 1
163 197 1
163 199 1
164 170 1
164 192 1
165 192 1
166 181 1
166 187 1
166 188 1
167 172 1
167 176 1
167 181 1
167 185 1
168 172 1
168 179 1
168 186 1
168 187 1
168 191 1
169 171 1
169 185 1
169 190 1
170 175 1
170 183 1
170 193 1
170 198 1
170 199 1
171 189 1
171 194 1
171 197 1
172 175 1
172 189 1
172 191 1
172 199 1
173 188 1
173 191 1
173 198 1
174 178 1
174 193 1
174 196 1
175 183 1
175 192 1
176 177 1
176 179 1
176 181 1
176 182 1
176 183 1
176 186 1
178 182 1
178 189 1
179 184 1
179 185 1
179 189 1
179 191 1
180 182 1
180 190 1
180 193 1
181 184 1
181 197 1
182 194 1
183 184 1
183 196 1
184 189 1
185 186 1
185 187 1
185 189 1
186 191 1
187 188 1
187 192 1
188 189 1
189 191 1
189 193 1
191 194 1
193 198 1
193 199 1
198 199 1
1
37 129 57 158 45 55 21 47 167 109 35 89 154 118 9 23 100 80 150 124
