110
0 2 1
0 3 1
0 5 1
0 7 1
0 8 1
0 9 1
0 11 1
0 12 1
0 13 1
0 14 1
0 15 1
0 16 1
0 18 1
0 19 1
1 2 1
1 4 1
1 5 1
1 7 1
1 9 1
1 10 1
1 13 1
1 15 1
1 17 1
1 18 1
1 19 1
2 3 1
2 4 1
2 8 1
2 9 1
2 10 1
2 13 1
2 15 1
2 16 1
2 18 1
2 19 1
3 6 1
3 11 1
3 12 1
3 13 1
3 15 1
3 17 1
3 18 1
4 5 1
4 9 1
4 10 1
4 11 1
4 12 1
4 13 1
4 15 1
4 19 1
5 8 1
5 9 1
5 10 1
5 11 1
5 13 1
5 14 1
5 15 1
5 16 1
5 17 1
5 18 1
5 19 1
6 7 1
6 11 1
6 12 1
6 15 1
6 17 1
6 19 1
7 9 1
7 12 1
7 14 1
7 16 1
7 17 1
8 9 1
8 10 1
8 11 1
8 12 1
8 13 1
8 15 1
8 16 1
8 18 1
9 10 1
9 11 1
9 12 1
9 14 1
9 15 1
9 18 1
10 12 1
10 13 1
10 14 1
10 17 1
10 18 1
10 19 1
11 13 1
11 15 1
11 16 1
11 18 1
11 19 1
12 15 1
12 17 1
12 18 1
13 15 1
13 16 1
13 18 1
13 19 1
14 16 1
14 19 1
15 17 1
16 18 1
17 19 1
18 19 1
1
15 19
