1965
0 7 1
0 18 1
0 19 1
0 22 1
0 28 1
0 40 1
0 50 1
0 82 1
0 89 1
0 92 1
0 109 1
0 126 1
0 142 1
0 143 1
0 146 1
0 153 1
0 156 1
0 160 1
0 168 1
0 173 1
0 174 1
0 176 1
0 180 1
0 181 1
0 182 1
0 185 1
1 12 1
1 15 1
1 22 1
1 27 1
1 36 1
1 50 1
1 52 1
1 55 1
1 62 1
1 68 1
1 78 1
1 115 1
1 125 1
1 134 1
1 137 1
1 144 1
1 166 1
1 172 1
1 187 1
2 12 1
2 13 1
2 15 1
2 17 1
2 20 1
2 23 1
2 29 1
2 34 1
2 37 1
2 39 1
2 70 1
2 79 1
2 101 1
2 129 1
2 145 1
2 148 1
2 151 1
2 170 1
2 183 1
2 189 1
3 13 1
3 14 1
3 27 1
3 46 1
3 54 1
3 57 1
3 58 1
3 61 1
3 65 1
3 79 1
3 104 1
3 105 1
3 129 1
3 131 1
3 135 1
3 137 1
3 141 1
3 152 1
3 153 1
3 164 1
3 184 1
3 189 1
4 11 1
4 20 1
4 21 1
4 37 1
4 41 1
4 43 1
4 45 1
4 59 1
4 69 1
4 107 1
4 113 1
4 125 1
4 130 1
4 156 1
4 168 1
4 173 1
4 174 1
4 182 1
5 9 1
5 14 1
5 19 1
5 25 1
5 32 1
5 33 1
5 42 1
5 63 1
5 68 1
5 70 1
5 89 1
5 97 1
5 117 1
5 129 1
5 132 1
5 151 1
5 156 1
5 160 1
5 163 1
5 165 1
5 186 1
6 15 1
6 16 1
6 22 1
6 31 1
6 35 1
6 39 1
6 41 1
6 46 1
6 50 1
6 51 1
6 55 1
6 66 1
6 77 1
6 94 1
6 145 1
6 153 1
6 170 1
6 181 1
6 182 1
6 185 1
7 9 1
7 29 1
7 51 1
7 52 1
7 53 1
7 59 1
7 69 1
7 86 1
7 98 1
7 129 1
7 141 1
7 150 1
7 154 1
7 168 1
7 176 1
7 188 1
8 19 1
8 20 1
8 22 1
8 24 1
8 35 1
8 36 1
8 57 1
8 62 1
8 68 1
8 69 1
8 87 1
8 93 1
8 107 1
8 119 1
8 124 1
8 126 1
8 131 1
8 132 1
8 142 1
8 143 1
8 169 1
9 16 1
9 46 1
9 66 1
9 67 1
9 72 1
9 93 1
9 95 1
9 98 1
9 103 1
9 105 1
9 120 1
9 123 1
9 153 1
9 156 1
9 182 1
10 26 1
10 32 1
10 46 1
10 51 1
10 52 1
10 62 1
10 66 1
10 79 1
10 84 1
10 109 1
10 129 1
10 130 1
10 132 1
10 140 1
10 148 1
10 161 1
10 179 1
11 23 1
11 40 1
11 43 1
11 44 1
11 53 1
11 63 1
11 73 1
11 74 1
11 91 1
11 93 1
11 96 1
11 122 1
11 124 1
11 143 1
11 147 1
11 182 1
11 188 1
12 50 1
12 59 1
12 60 1
12 63 1
12 64 1
12 69 1
12 80 1
12 82 1
12 87 1
12 102 1
12 107 1
12 109 1
12 114 1
12 117 1
12 126 1
12 127 1
12 135 1
12 136 1
12 137 1
12 139 1
12 140 1
12 155 1
12 159 1
12 165 1
12 170 1
12 181 1
13 37 1
13 38 1
13 43 1
13 76 1
13 82 1
13 85 1
13 89 1
13 97 1
13 109 1
13 114 1
13 122 1
13 126 1
13 138 1
13 143 1
13 158 1
13 173 1
13 176 1
13 180 1
13 187 1
14 28 1
14 30 1
14 40 1
14 50 1
14 53 1
14 56 1
14 59 1
14 61 1
14 62 1
14 66 1
14 70 1
14 72 1
14 73 1
14 77 1
14 84 1
14 91 1
14 109 1
14 123 1
14 132 1
14 134 1
14 152 1
14 164 1
14 172 1
14 175 1
14 183 1
15 18 1
15 21 1
15 26 1
15 36 1
15 37 1
15 72 1
15 78 1
15 87 1
15 88 1
15 94 1
15 104 1
15 114 1
15 132 1
15 136 1
15 137 1
15 138 1
15 141 1
15 143 1
15 144 1
15 145 1
15 156 1
15 157 1
15 163 1
15 173 1
15 174 1
15 188 1
15 189 1
16 26 1
16 27 1
16 41 1
16 54 1
16 63 1
16 70 1
16 80 1
16 96 1
16 99 1
16 100 1
16 105 1
16 122 1
16 123 1
16 130 1
16 131 1
16 135 1
16 137 1
16 142 1
16 148 1
16 150 1
16 157 1
16 171 1
16 188 1
17 27 1
17 36 1
17 37 1
17 38 1
17 40 1
17 55 1
17 65 1
17 78 1
17 88 1
17 90 1
17 96 1
17 97 1
17 98 1
17 106 1
17 139 1
17 149 1
17 176 1
18 21 1
18 26 1
18 29 1
18 49 1
18 53 1
18 55 1
18 56 1
18 71 1
18 85 1
18 87 1
18 91 1
18 92 1
18 96 1
18 119 1
18 136 1
18 137 1
18 150 1
18 151 1
18 154 1
18 170 1
18 182 1
18 186 1
19 22 1
19 48 1
19 50 1
19 58 1
19 67 1
19 68 1
19 72 1
19 74 1
19 80 1
19 85 1
19 98 1
19 102 1
19 103 1
19 122 1
19 127 1
19 130 1
19 134 1
19 135 1
19 161 1
19 175 1
19 177 1
19 189 1
20 23 1
20 25 1
20 39 1
20 49 1
20 52 1
20 57 1
20 77 1
20 102 1
20 113 1
20 115 1
20 128 1
20 130 1
20 134 1
20 147 1
20 162 1
20 165 1
20 167 1
20 188 1
21 48 1
21 63 1
21 70 1
21 71 1
21 72 1
21 86 1
21 96 1
21 103 1
21 127 1
21 129 1
21 140 1
21 185 1
22 58 1
22 59 1
22 65 1
22 75 1
22 79 1
22 89 1
22 98 1
22 109 1
22 110 1
22 118 1
22 124 1
22 131 1
22 136 1
22 140 1
22 143 1
23 27 1
23 46 1
23 50 1
23 53 1
23 55 1
23 57 1
23 76 1
23 78 1
23 86 1
23 87 1
23 88 1
23 92 1
23 93 1
23 107 1
23 120 1
23 127 1
23 131 1
23 135 1
23 139 1
23 143 1
23 172 1
23 177 1
24 48 1
24 54 1
24 59 1
24 71 1
24 85 1
24 139 1
24 140 1
24 151 1
24 157 1
24 170 1
24 183 1
25 33 1
25 35 1
25 42 1
25 64 1
25 66 1
25 69 1
25 72 1
25 81 1
25 83 1
25 85 1
25 91 1
25 93 1
25 115 1
25 118 1
25 122 1
25 130 1
25 139 1
25 166 1
25 172 1
25 176 1
25 179 1
25 188 1
26 32 1
26 42 1
26 45 1
26 47 1
26 59 1
26 70 1
26 78 1
26 79 1
26 85 1
26 94 1
26 98 1
26 101 1
26 119 1
26 134 1
26 156 1
26 160 1
26 186 1
27 44 1
27 49 1
27 52 1
27 55 1
27 56 1
27 60 1
27 65 1
27 78 1
27 79 1
27 82 1
27 97 1
27 102 1
27 107 1
27 114 1
27 125 1
27 152 1
27 162 1
27 164 1
27 169 1
27 177 1
27 185 1
28 41 1
28 52 1
28 57 1
28 58 1
28 64 1
28 72 1
28 95 1
28 101 1
28 108 1
28 109 1
28 110 1
28 117 1
28 121 1
28 134 1
28 137 1
28 159 1
28 167 1
28 168 1
28 170 1
28 185 1
28 186 1
29 31 1
29 38 1
29 47 1
29 54 1
29 57 1
29 63 1
29 69 1
29 70 1
29 71 1
29 72 1
29 82 1
29 85 1
29 94 1
29 106 1
29 107 1
29 120 1
29 127 1
29 131 1
29 133 1
29 138 1
29 139 1
29 143 1
29 156 1
29 159 1
29 163 1
29 165 1
29 170 1
29 171 1
29 177 1
30 38 1
30 78 1
30 81 1
30 103 1
30 132 1
30 135 1
30 137 1
30 151 1
30 164 1
30 171 1
30 174 1
30 175 1
30 182 1
31 38 1
31 57 1
31 64 1
31 81 1
31 86 1
31 103 1
31 106 1
31 109 1
31 115 1
31 121 1
31 152 1
31 158 1
31 167 1
31 183 1
31 189 1
32 39 1
32 52 1
32 57 1
32 87 1
32 88 1
32 97 1
32 108 1
32 123 1
32 127 1
32 141 1
32 147 1
32 156 1
32 160 1
32 169 1
32 173 1
32 181 1
33 36 1
33 39 1
33 45 1
33 51 1
33 57 1
33 68 1
33 128 1
33 131 1
33 141 1
33 170 1
33 179 1
33 185 1
34 39 1
34 48 1
34 88 1
34 90 1
34 126 1
34 138 1
34 150 1
34 153 1
34 155 1
34 175 1
34 183 1
34 184 1
34 186 1
35 45 1
35 52 1
35 71 1
35 75 1
35 105 1
35 106 1
35 132 1
35 137 1
35 144 1
35 178 1
36 39 1
36 41 1
36 54 1
36 57 1
36 86 1
36 96 1
36 106 1
36 109 1
36 114 1
36 118 1
36 127 1
36 131 1
36 144 1
36 162 1
36 185 1
37 51 1
37 60 1
37 72 1
37 85 1
37 91 1
37 93 1
37 96 1
37 97 1
37 104 1
37 112 1
37 116 1
37 117 1
37 123 1
37 148 1
37 158 1
37 180 1
37 182 1
37 184 1
37 187 1
38 39 1
38 43 1
38 57 1
38 62 1
38 67 1
38 73 1
38 83 1
38 87 1
38 104 1
38 106 1
38 116 1
38 118 1
38 124 1
38 132 1
38 142 1
38 155 1
38 157 1
38 164 1
38 172 1
38 181 1
38 186 1
38 187 1
39 43 1
39 50 1
39 82 1
39 129 1
39 142 1
39 146 1
39 178 1
39 183 1
40 41 1
40 57 1
40 68 1
40 74 1
40 76 1
40 84 1
40 88 1
40 94 1
40 95 1
40 97 1
40 98 1
40 118 1
40 130 1
40 138 1
40 140 1
40 156 1
40 164 1
40 172 1
40 177 1
40 182 1
40 184 1
40 187 1
41 45 1
41 47 1
41 54 1
41 59 1
41 61 1
41 71 1
41 129 1
41 136 1
41 140 1
41 144 1
41 154 1
41 177 1
42 53 1
42 55 1
42 56 1
42 66 1
42 74 1
42 82 1
42 132 1
42 136 1
42 151 1
42 161 1
42 165 1
43 44 1
43 56 1
43 58 1
43 62 1
43 78 1
43 80 1
43 85 1
43 111 1
43 119 1
43 135 1
43 144 1
43 149 1
43 163 1
43 164 1
43 165 1
43 168 1
43 169 1
43 170 1
43 178 1
44 51 1
44 59 1
44 71 1
44 95 1
44 103 1
44 111 1
44 112 1
44 115 1
44 121 1
44 123 1
44 133 1
44 134 1
44 142 1
44 144 1
44 164 1
44 168 1
44 174 1
44 186 1
45 57 1
45 59 1
45 65 1
45 75 1
45 84 1
45 86 1
45 89 1
45 99 1
45 126 1
45 147 1
45 150 1
45 151 1
45 153 1
45 163 1
46 51 1
46 55 1
46 68 1
46 76 1
46 82 1
46 88 1
46 121 1
46 173 1
46 179 1
46 188 1
47 48 1
47 77 1
47 80 1
47 104 1
47 106 1
47 107 1
47 119 1
47 124 1
47 138 1
47 141 1
47 144 1
47 149 1
47 163 1
47 166 1
47 171 1
47 179 1
47 181 1
47 185 1
47 186 1
47 189 1
48 50 1
48 51 1
48 61 1
48 76 1
48 78 1
48 79 1
48 85 1
48 92 1
48 100 1
48 108 1
48 113 1
48 125 1
48 131 1
48 143 1
48 147 1
48 157 1
48 165 1
48 181 1
49 55 1
49 64 1
49 66 1
49 77 1
49 100 1
49 113 1
49 128 1
49 137 1
49 163 1
49 165 1
49 168 1
49 169 1
49 170 1
50 56 1
50 61 1
50 62 1
50 63 1
50 64 1
50 70 1
50 72 1
50 73 1
50 79 1
50 100 1
50 123 1
50 142 1
50 143 1
50 146 1
50 157 1
50 158 1
50 162 1
50 171 1
50 180 1
51 52 1
51 60 1
51 75 1
51 76 1
51 89 1
51 99 1
51 101 1
51 106 1
51 107 1
51 110 1
51 129 1
51 144 1
51 151 1
51 155 1
51 159 1
51 180 1
51 182 1
52 71 1
52 78 1
52 82 1
52 86 1
52 91 1
52 101 1
52 121 1
52 134 1
52 142 1
52 144 1
52 146 1
52 166 1
52 172 1
52 182 1
53 85 1
53 96 1
53 97 1
53 99 1
53 100 1
53 116 1
53 117 1
53 143 1
53 147 1
53 150 1
53 158 1
53 162 1
53 174 1
53 180 1
53 181 1
54 59 1
54 76 1
54 81 1
54 101 1
54 173 1
54 181 1
55 57 1
55 58 1
55 59 1
55 66 1
55 89 1
55 112 1
55 117 1
55 118 1
55 129 1
55 136 1
55 147 1
55 150 1
55 165 1
55 169 1
55 176 1
55 184 1
56 70 1
56 73 1
56 82 1
56 89 1
56 91 1
56 93 1
56 96 1
56 99 1
56 119 1
56 134 1
56 149 1
56 152 1
56 159 1
56 166 1
56 171 1
56 178 1
57 61 1
57 76 1
57 87 1
57 102 1
57 107 1
57 128 1
57 130 1
57 141 1
57 145 1
57 156 1
57 157 1
57 165 1
57 166 1
57 174 1
57 176 1
57 187 1
58 59 1
58 61 1
58 75 1
58 83 1
58 84 1
58 95 1
58 114 1
58 115 1
58 130 1
58 131 1
58 133 1
58 149 1
58 166 1
58 171 1
58 178 1
58 184 1
59 68 1
59 72 1
59 76 1
59 89 1
59 93 1
59 98 1
59 137 1
59 169 1
59 177 1
59 180 1
59 182 1
59 186 1
60 64 1
60 66 1
60 73 1
60 80 1
60 101 1
60 115 1
60 121 1
60 125 1
60 130 1
60 140 1
60 151 1
60 161 1
60 176 1
60 183 1
61 65 1
61 74 1
61 80 1
61 82 1
61 83 1
61 126 1
61 127 1
61 149 1
61 155 1
61 162 1
61 170 1
61 183 1
61 185 1
62 76 1
62 92 1
62 103 1
62 112 1
62 113 1
62 114 1
62 122 1
62 141 1
62 151 1
62 153 1
62 170 1
62 187 1
63 64 1
63 66 1
63 81 1
63 99 1
63 108 1
63 112 1
63 113 1
63 119 1
63 128 1
63 140 1
63 151 1
63 155 1
63 159 1
63 166 1
63 168 1
63 171 1
63 183 1
64 66 1
64 74 1
64 91 1
64 93 1
64 100 1
64 112 1
64 116 1
64 125 1
64 128 1
64 159 1
64 180 1
64 188 1
65 76 1
65 77 1
65 98 1
65 100 1
65 106 1
65 119 1
65 131 1
65 149 1
65 156 1
65 164 1
65 176 1
65 182 1
66 89 1
66 94 1
66 97 1
66 107 1
66 108 1
66 120 1
66 125 1
66 126 1
66 138 1
66 145 1
66 157 1
66 168 1
66 179 1
66 185 1
67 80 1
67 82 1
67 88 1
67 95 1
67 96 1
67 99 1
67 104 1
67 107 1
67 108 1
67 135 1
67 139 1
67 149 1
67 150 1
67 151 1
67 152 1
67 174 1
67 175 1
67 176 1
67 179 1
67 183 1
68 80 1
68 102 1
68 120 1
68 126 1
68 130 1
68 132 1
68 135 1
68 138 1
68 148 1
68 152 1
68 178 1
69 97 1
69 118 1
69 120 1
69 135 1
69 138 1
69 140 1
69 144 1
69 148 1
69 163 1
69 171 1
69 182 1
69 186 1
70 71 1
70 93 1
70 97 1
70 102 1
70 103 1
70 106 1
70 115 1
70 118 1
70 123 1
70 125 1
70 127 1
70 136 1
70 139 1
70 157 1
70 163 1
70 178 1
71 72 1
71 85 1
71 94 1
71 121 1
71 129 1
71 140 1
71 142 1
71 154 1
71 167 1
71 171 1
71 179 1
72 74 1
72 101 1
72 102 1
72 103 1
72 109 1
72 114 1
72 121 1
72 131 1
72 134 1
72 160 1
72 183 1
73 78 1
73 85 1
73 108 1
73 113 1
73 125 1
73 131 1
73 144 1
73 150 1
73 153 1
73 172 1
73 179 1
73 183 1
74 75 1
74 85 1
74 87 1
74 88 1
74 92 1
74 95 1
74 106 1
74 108 1
74 109 1
74 119 1
74 127 1
74 139 1
74 148 1
74 158 1
74 162 1
75 78 1
75 85 1
75 91 1
75 94 1
75 95 1
75 107 1
75 113 1
75 126 1
75 127 1
75 139 1
75 141 1
75 154 1
75 177 1
75 183 1
76 90 1
76 104 1
76 113 1
76 126 1
76 131 1
76 134 1
76 142 1
76 153 1
76 154 1
76 157 1
76 161 1
76 178 1
76 183 1
77 80 1
77 81 1
77 84 1
77 99 1
77 119 1
77 146 1
77 150 1
77 151 1
77 158 1
77 159 1
77 165 1
77 171 1
77 175 1
77 189 1
78 92 1
78 102 1
78 109 1
78 112 1
78 125 1
78 133 1
78 135 1
78 140 1
78 150 1
78 156 1
78 157 1
78 162 1
78 169 1
78 182 1
79 82 1
79 97 1
79 101 1
79 105 1
79 109 1
79 113 1
79 115 1
79 139 1
79 143 1
79 146 1
79 153 1
79 154 1
79 159 1
79 167 1
79 170 1
79 172 1
79 173 1
79 183 1
79 187 1
80 83 1
80 106 1
80 129 1
80 133 1
80 137 1
80 148 1
80 154 1
80 156 1
80 160 1
80 184 1
81 85 1
81 86 1
81 100 1
81 114 1
81 122 1
81 136 1
81 139 1
81 160 1
81 162 1
81 165 1
82 102 1
82 104 1
82 127 1
82 146 1
82 151 1
82 152 1
82 160 1
82 163 1
82 176 1
83 92 1
83 96 1
83 98 1
83 102 1
83 103 1
83 121 1
83 122 1
83 136 1
83 153 1
83 157 1
83 177 1
83 178 1
83 181 1
84 95 1
84 128 1
84 131 1
84 132 1
84 135 1
84 137 1
84 143 1
84 154 1
84 159 1
84 178 1
84 181 1
84 188 1
85 88 1
85 91 1
85 98 1
85 115 1
85 118 1
85 121 1
85 138 1
85 140 1
85 161 1
85 162 1
85 171 1
85 173 1
85 174 1
85 175 1
85 179 1
85 182 1
85 183 1
85 186 1
86 110 1
86 112 1
86 117 1
86 122 1
86 140 1
86 142 1
86 151 1
86 154 1
86 188 1
87 97 1
87 103 1
87 107 1
87 145 1
87 162 1
87 163 1
87 175 1
87 177 1
87 188 1
88 99 1
88 129 1
88 131 1
88 144 1
88 154 1
88 158 1
88 161 1
88 166 1
89 104 1
89 127 1
89 137 1
89 143 1
89 156 1
89 157 1
89 163 1
89 167 1
90 93 1
90 111 1
90 132 1
90 134 1
90 136 1
90 137 1
90 139 1
90 153 1
90 155 1
90 175 1
90 177 1
90 186 1
91 110 1
91 112 1
91 154 1
91 159 1
91 160 1
91 163 1
91 167 1
91 169 1
91 174 1
91 180 1
91 182 1
92 95 1
92 110 1
92 121 1
92 152 1
92 154 1
92 155 1
92 167 1
92 172 1
92 184 1
93 97 1
93 104 1
93 105 1
93 114 1
93 137 1
93 158 1
93 163 1
93 166 1
93 167 1
93 168 1
93 174 1
93 180 1
93 181 1
94 99 1
94 106 1
94 107 1
94 109 1
94 127 1
94 134 1
94 139 1
94 140 1
94 145 1
94 156 1
94 181 1
94 183 1
95 99 1
95 102 1
95 174 1
95 178 1
95 180 1
95 184 1
95 185 1
96 113 1
96 143 1
96 144 1
96 180 1
97 110 1
97 111 1
97 120 1
97 128 1
97 132 1
97 137 1
97 169 1
97 171 1
97 174 1
97 180 1
97 184 1
98 111 1
98 112 1
98 127 1
98 139 1
98 142 1
98 153 1
98 154 1
98 165 1
98 166 1
98 189 1
99 100 1
99 130 1
99 131 1
99 141 1
99 165 1
99 169 1
99 173 1
99 188 1
100 106 1
100 107 1
100 114 1
100 116 1
100 117 1
100 150 1
100 168 1
100 178 1
100 183 1
101 102 1
101 107 1
101 109 1
101 118 1
101 124 1
101 151 1
101 163 1
101 179 1
102 120 1
102 127 1
102 130 1
102 131 1
102 134 1
102 173 1
102 182 1
102 187 1
103 137 1
103 140 1
103 142 1
103 144 1
103 159 1
103 166 1
103 167 1
103 183 1
103 184 1
103 186 1
104 105 1
104 107 1
104 114 1
104 115 1
104 124 1
104 135 1
104 149 1
104 153 1
104 163 1
104 165 1
104 168 1
104 169 1
104 170 1
104 172 1
104 175 1
104 178 1
104 181 1
104 187 1
105 109 1
105 121 1
105 126 1
105 130 1
105 152 1
105 171 1
106 113 1
106 116 1
106 134 1
106 137 1
106 139 1
106 141 1
106 148 1
106 149 1
106 168 1
106 171 1
106 174 1
106 179 1
106 180 1
107 141 1
107 169 1
107 182 1
107 183 1
108 118 1
108 122 1
108 126 1
108 138 1
108 156 1
108 161 1
109 115 1
109 122 1
109 124 1
109 128 1
109 129 1
109 131 1
109 141 1
109 145 1
109 147 1
109 149 1
109 185 1
110 120 1
110 122 1
110 136 1
110 143 1
110 144 1
110 147 1
110 156 1
110 164 1
110 170 1
110 175 1
111 124 1
111 126 1
111 130 1
111 144 1
111 170 1
112 113 1
112 117 1
112 119 1
112 121 1
112 126 1
112 133 1
112 140 1
112 145 1
112 153 1
112 162 1
112 168 1
112 169 1
112 170 1
112 177 1
112 179 1
113 122 1
113 129 1
113 177 1
113 180 1
113 184 1
114 119 1
114 136 1
114 141 1
114 149 1
114 153 1
114 157 1
114 170 1
114 172 1
114 175 1
114 183 1
114 189 1
115 119 1
115 134 1
115 135 1
115 138 1
115 140 1
115 141 1
115 156 1
115 166 1
115 167 1
115 171 1
115 172 1
115 180 1
115 188 1
116 122 1
116 132 1
116 161 1
116 167 1
116 171 1
116 172 1
116 185 1
117 122 1
117 128 1
117 143 1
117 163 1
117 164 1
117 168 1
117 175 1
117 182 1
118 119 1
118 141 1
118 146 1
118 148 1
118 150 1
118 152 1
118 162 1
118 170 1
118 175 1
118 188 1
119 124 1
119 127 1
119 128 1
119 131 1
119 135 1
119 153 1
119 158 1
119 163 1
119 168 1
119 170 1
119 174 1
119 175 1
119 177 1
119 189 1
120 124 1
120 128 1
120 136 1
120 160 1
120 162 1
120 170 1
120 174 1
120 181 1
121 124 1
121 125 1
121 127 1
121 131 1
121 132 1
121 171 1
121 178 1
121 182 1
122 123 1
122 135 1
122 146 1
122 152 1
122 154 1
122 174 1
122 187 1
123 132 1
123 149 1
123 159 1
123 162 1
123 177 1
124 128 1
124 130 1
124 152 1
124 157 1
124 164 1
124 175 1
124 183 1
124 186 1
125 144 1
125 154 1
125 155 1
125 156 1
125 157 1
125 164 1
125 175 1
125 179 1
126 140 1
126 144 1
126 165 1
126 175 1
126 177 1
126 182 1
126 188 1
127 143 1
127 146 1
127 158 1
127 161 1
127 170 1
127 172 1
127 174 1
128 138 1
128 140 1
128 142 1
128 147 1
128 148 1
128 154 1
128 173 1
128 180 1
128 181 1
128 188 1
129 144 1
129 159 1
129 167 1
129 169 1
130 132 1
130 139 1
130 148 1
130 177 1
130 188 1
131 134 1
131 145 1
131 146 1
131 152 1
131 154 1
131 157 1
131 160 1
131 161 1
132 135 1
132 143 1
132 148 1
132 166 1
133 137 1
133 147 1
133 153 1
133 155 1
133 156 1
133 169 1
133 170 1
133 184 1
134 151 1
134 176 1
134 181 1
134 185 1
134 187 1
134 189 1
135 153 1
136 153 1
136 166 1
137 142 1
137 158 1
138 144 1
138 154 1
138 155 1
138 158 1
138 164 1
138 171 1
138 178 1
138 180 1
139 153 1
139 160 1
139 170 1
140 141 1
140 142 1
140 151 1
140 157 1
140 164 1
140 169 1
140 173 1
140 185 1
141 142 1
141 146 1
141 150 1
141 178 1
141 180 1
141 187 1
141 188 1
142 165 1
142 173 1
142 182 1
143 158 1
143 180 1
143 181 1
144 159 1
144 173 1
145 148 1
145 154 1
145 178 1
145 179 1
146 147 1
146 151 1
146 153 1
146 157 1
147 156 1
147 164 1
147 170 1
147 189 1
148 150 1
148 164 1
148 182 1
148 186 1
149 151 1
149 169 1
149 173 1
149 176 1
149 178 1
150 153 1
150 156 1
150 168 1
151 180 1
151 183 1
152 157 1
152 161 1
152 170 1
152 172 1
152 179 1
152 182 1
152 186 1
154 162 1
154 163 1
154 165 1
154 168 1
154 170 1
155 170 1
155 184 1
155 185 1
156 169 1
156 174 1
156 187 1
157 164 1
157 165 1
157 171 1
157 178 1
157 181 1
158 172 1
158 182 1
159 186 1
160 165 1
160 169 1
161 175 1
161 177 1
161 178 1
162 164 1
162 168 1
162 175 1
162 179 1
163 165 1
163 168 1
163 169 1
163 172 1
163 173 1
163 175 1
163 187 1
163 189 1
164 171 1
164 187 1
165 176 1
165 182 1
166 175 1
167 177 1
167 180 1
168 172 1
168 180 1
168 184 1
169 179 1
169 185 1
170 176 1
170 181 1
170 187 1
171 179 1
172 173 1
172 176 1
172 187 1
173 181 1
173 183 1
173 186 1
174 180 1
176 177 1
176 183 1
177 183 1
177 187 1
178 188 1
179 181 1
179 187 1
179 188 1
179 189 1
180 186 1
181 188 1
182 183 1
186 188 1
1
25 89 66 83 167 128 32 7 23 114 57 15 133 73 36 51 37 120 109
