1013
0 16 1
0 23 1
0 26 1
0 29 1
0 47 1
0 50 1
0 55 1
0 60 1
0 64 1
0 68 1
0 71 1
0 77 1
0 92 1
0 93 1
0 95 1
0 102 1
0 108 1
1 2 1
1 11 1
1 17 1
1 23 1
1 26 1
1 34 1
1 37 1
1 41 1
1 42 1
1 44 1
1 46 1
1 56 1
1 61 1
1 77 1
1 79 1
1 83 1
1 89 1
1 104 1
2 6 1
2 15 1
2 19 1
2 31 1
2 35 1
2 36 1
2 39 1
2 48 1
2 49 1
2 56 1
2 62 1
2 64 1
2 67 1
2 68 1
2 74 1
2 77 1
2 79 1
2 85 1
2 90 1
2 96 1
2 98 1
2 101 1
3 6 1
3 7 1
3 20 1
3 31 1
3 33 1
3 39 1
3 45 1
3 54 1
3 58 1
3 73 1
3 77 1
3 93 1
3 95 1
3 102 1
3 105 1
4 8 1
4 12 1
4 31 1
4 37 1
4 38 1
4 39 1
4 41 1
4 46 1
4 47 1
4 53 1
4 55 1
4 57 1
4 63 1
4 78 1
4 100 1
4 103 1
4 105 1
4 107 1
4 109 1
5 14 1
5 21 1
5 26 1
5 31 1
5 36 1
5 41 1
5 48 1
5 49 1
5 50 1
5 54 1
5 55 1
5 62 1
5 63 1
5 65 1
5 69 1
5 98 1
5 100 1
5 106 1
6 8 1
6 12 1
6 17 1
6 30 1
6 37 1
6 39 1
6 41 1
6 57 1
6 64 1
6 89 1
6 91 1
7 20 1
7 30 1
7 32 1
7 34 1
7 36 1
7 38 1
7 52 1
7 64 1
7 75 1
7 77 1
7 103 1
8 14 1
8 18 1
8 23 1
8 32 1
8 36 1
8 37 1
8 44 1
8 58 1
8 74 1
8 91 1
8 92 1
8 93 1
8 101 1
8 105 1
8 108 1
8 109 1
9 13 1
9 24 1
9 30 1
9 35 1
9 39 1
9 40 1
9 53 1
9 54 1
9 55 1
9 66 1
9 68 1
9 73 1
9 76 1
9 83 1
9 84 1
9 88 1
9 91 1
9 94 1
9 100 1
10 19 1
10 20 1
10 41 1
10 44 1
10 52 1
10 64 1
10 66 1
10 68 1
10 75 1
11 16 1
11 19 1
11 25 1
11 27 1
11 29 1
11 32 1
11 34 1
11 41 1
11 42 1
11 48 1
11 55 1
11 63 1
11 66 1
11 71 1
11 80 1
11 86 1
11 90 1
11 94 1
11 96 1
11 107 1
11 108 1
12 13 1
12 14 1
12 16 1
12 22 1
12 30 1
12 31 1
12 39 1
12 42 1
12 44 1
12 53 1
12 65 1
12 72 1
12 74 1
12 76 1
12 86 1
12 89 1
13 21 1
13 25 1
13 30 1
13 33 1
13 38 1
13 39 1
13 50 1
13 68 1
13 76 1
13 80 1
13 94 1
13 96 1
13 99 1
14 23 1
14 31 1
14 33 1
14 42 1
14 43 1
14 47 1
14 51 1
14 58 1
14 64 1
14 68 1
14 80 1
14 88 1
15 17 1
15 21 1
15 46 1
15 73 1
15 78 1
15 82 1
15 83 1
15 88 1
15 101 1
15 102 1
16 20 1
16 31 1
16 32 1
16 38 1
16 42 1
16 45 1
16 47 1
16 55 1
16 62 1
16 67 1
16 71 1
16 79 1
16 82 1
16 96 1
16 98 1
17 19 1
17 25 1
17 29 1
17 41 1
17 44 1
17 49 1
17 50 1
17 53 1
17 54 1
17 56 1
17 90 1
17 94 1
17 96 1
17 108 1
17 109 1
18 20 1
18 22 1
18 24 1
18 28 1
18 35 1
18 41 1
18 43 1
18 45 1
18 60 1
18 78 1
18 83 1
18 86 1
18 87 1
18 91 1
18 97 1
18 99 1
18 100 1
18 101 1
18 109 1
19 26 1
19 27 1
19 31 1
19 32 1
19 35 1
19 37 1
19 41 1
19 42 1
19 51 1
19 58 1
19 60 1
19 61 1
19 72 1
19 84 1
19 94 1
19 105 1
20 21 1
20 25 1
20 39 1
20 53 1
20 56 1
20 57 1
20 59 1
20 72 1
20 81 1
20 85 1
20 94 1
20 96 1
21 25 1
21 31 1
21 47 1
21 58 1
21 71 1
21 80 1
21 86 1
21 93 1
21 94 1
21 99 1
21 103 1
22 47 1
22 49 1
22 51 1
22 57 1
22 59 1
22 63 1
22 66 1
22 67 1
22 70 1
22 75 1
22 79 1
22 81 1
22 83 1
22 89 1
22 96 1
22 107 1
23 24 1
23 38 1
23 54 1
23 62 1
23 64 1
23 66 1
23 73 1
23 78 1
23 84 1
23 85 1
23 108 1
23 109 1
24 28 1
24 29 1
24 34 1
24 41 1
24 47 1
24 51 1
24 58 1
24 65 1
24 69 1
24 75 1
24 76 1
24 80 1
24 83 1
24 85 1
24 93 1
24 102 1
24 107 1
25 27 1
25 30 1
25 36 1
25 41 1
25 55 1
25 62 1
25 64 1
25 67 1
25 70 1
25 71 1
25 92 1
25 109 1
26 27 1
26 29 1
26 38 1
26 42 1
26 45 1
26 49 1
26 57 1
26 76 1
26 83 1
26 87 1
26 93 1
26 94 1
26 98 1
26 102 1
27 30 1
27 35 1
27 40 1
27 47 1
27 50 1
27 61 1
27 64 1
27 67 1
27 71 1
27 81 1
27 83 1
27 92 1
27 97 1
27 98 1
27 104 1
27 107 1
28 29 1
28 35 1
28 37 1
28 43 1
28 45 1
28 51 1
28 52 1
28 57 1
28 62 1
28 68 1
28 69 1
28 75 1
28 80 1
28 86 1
28 91 1
28 104 1
29 39 1
29 40 1
29 76 1
29 92 1
29 93 1
29 104 1
29 106 1
30 32 1
30 45 1
30 51 1
30 57 1
30 64 1
30 74 1
30 80 1
30 89 1
30 91 1
30 93 1
30 95 1
30 105 1
30 109 1
31 35 1
31 38 1
31 42 1
31 49 1
31 50 1
31 54 1
31 60 1
31 67 1
31 68 1
31 76 1
31 79 1
31 80 1
31 86 1
31 92 1
32 38 1
32 40 1
32 45 1
32 65 1
32 72 1
32 81 1
32 90 1
32 91 1
32 92 1
32 97 1
32 100 1
32 105 1
32 106 1
33 42 1
33 46 1
33 47 1
33 63 1
33 64 1
33 65 1
33 72 1
33 76 1
33 86 1
33 89 1
33 90 1
33 100 1
33 104 1
33 108 1
34 41 1
34 43 1
34 54 1
34 59 1
34 63 1
34 73 1
34 77 1
34 87 1
34 94 1
34 99 1
34 108 1
35 42 1
35 58 1
35 63 1
35 66 1
35 73 1
35 84 1
35 89 1
35 91 1
35 94 1
35 96 1
35 100 1
35 106 1
36 40 1
36 43 1
36 48 1
36 52 1
36 53 1
36 54 1
36 58 1
36 59 1
36 60 1
36 62 1
36 63 1
36 79 1
36 84 1
36 90 1
36 91 1
36 93 1
36 94 1
36 95 1
36 96 1
36 97 1
36 99 1
36 102 1
36 107 1
37 41 1
37 43 1
37 47 1
37 48 1
37 50 1
37 53 1
37 59 1
37 64 1
37 66 1
37 87 1
37 92 1
37 101 1
37 107 1
38 44 1
38 60 1
38 64 1
38 66 1
38 80 1
38 83 1
38 87 1
38 89 1
38 98 1
38 108 1
39 53 1
39 54 1
39 55 1
39 56 1
39 60 1
39 65 1
39 66 1
39 67 1
39 70 1
39 73 1
39 74 1
39 75 1
39 77 1
39 84 1
39 87 1
39 90 1
39 92 1
39 96 1
39 98 1
39 109 1
40 45 1
40 47 1
40 50 1
40 51 1
40 53 1
40 54 1
40 55 1
40 57 1
40 70 1
40 79 1
40 86 1
40 94 1
40 96 1
40 97 1
40 99 1
40 106 1
40 109 1
41 46 1
41 58 1
41 60 1
41 67 1
41 71 1
41 73 1
41 80 1
41 82 1
41 87 1
41 91 1
41 107 1
42 45 1
42 46 1
42 47 1
42 57 1
42 59 1
42 65 1
42 75 1
42 85 1
42 87 1
42 90 1
42 102 1
43 46 1
43 47 1
43 48 1
43 54 1
43 55 1
43 61 1
43 63 1
43 65 1
43 70 1
43 72 1
43 81 1
43 82 1
43 84 1
43 89 1
43 93 1
43 97 1
43 102 1
44 46 1
44 62 1
44 64 1
44 67 1
44 85 1
44 86 1
44 92 1
44 95 1
44 102 1
45 54 1
45 73 1
45 74 1
45 75 1
45 82 1
45 84 1
45 86 1
45 87 1
45 89 1
45 91 1
45 93 1
45 94 1
45 95 1
45 96 1
45 101 1
45 102 1
46 53 1
46 67 1
46 74 1
46 78 1
46 81 1
46 84 1
46 85 1
46 86 1
46 88 1
46 89 1
46 92 1
46 98 1
46 100 1
46 105 1
46 107 1
47 56 1
47 57 1
47 58 1
47 62 1
47 72 1
47 79 1
47 81 1
47 89 1
47 92 1
47 95 1
47 99 1
47 101 1
48 54 1
48 65 1
48 67 1
48 70 1
48 88 1
48 103 1
49 56 1
49 66 1
49 72 1
49 74 1
49 79 1
49 80 1
49 88 1
49 89 1
49 91 1
49 98 1
49 105 1
49 106 1
49 107 1
49 109 1
50 57 1
50 60 1
50 61 1
50 69 1
50 74 1
50 75 1
50 76 1
50 90 1
50 100 1
50 102 1
50 107 1
51 71 1
51 84 1
51 85 1
51 86 1
51 98 1
51 99 1
51 106 1
51 107 1
51 109 1
52 61 1
52 62 1
52 65 1
52 66 1
52 71 1
52 73 1
52 85 1
52 96 1
52 100 1
52 105 1
53 56 1
53 57 1
53 60 1
53 66 1
53 70 1
53 72 1
53 82 1
53 84 1
53 88 1
53 89 1
53 92 1
53 98 1
53 100 1
53 102 1
54 56 1
54 67 1
54 72 1
54 78 1
54 82 1
54 89 1
54 95 1
54 96 1
54 99 1
54 107 1
55 57 1
55 62 1
55 63 1
55 74 1
55 84 1
55 87 1
55 92 1
55 93 1
55 96 1
55 103 1
55 105 1
55 106 1
56 61 1
56 67 1
56 75 1
56 76 1
56 95 1
56 96 1
56 103 1
56 105 1
56 108 1
57 64 1
57 68 1
57 71 1
57 76 1
57 77 1
57 78 1
57 104 1
57 106 1
58 66 1
58 76 1
58 82 1
58 86 1
58 88 1
58 91 1
58 106 1
59 60 1
59 67 1
59 69 1
59 70 1
59 72 1
59 75 1
59 79 1
59 82 1
59 98 1
59 101 1
59 107 1
59 108 1
60 66 1
60 67 1
60 69 1
60 70 1
60 78 1
60 89 1
60 93 1
60 98 1
60 102 1
60 105 1
60 109 1
61 66 1
61 75 1
61 77 1
61 85 1
61 92 1
61 98 1
62 64 1
62 79 1
62 85 1
62 87 1
62 93 1
62 94 1
62 101 1
62 102 1
62 104 1
62 107 1
63 69 1
63 72 1
63 79 1
63 82 1
63 86 1
63 91 1
63 95 1
63 107 1
64 73 1
64 76 1
64 91 1
64 98 1
64 100 1
64 109 1
65 68 1
65 71 1
65 85 1
65 99 1
66 69 1
66 80 1
66 85 1
66 87 1
66 96 1
66 99 1
66 106 1
67 69 1
67 75 1
67 101 1
67 105 1
67 107 1
67 109 1
68 72 1
68 73 1
68 75 1
68 80 1
68 87 1
68 91 1
68 94 1
69 76 1
69 81 1
69 82 1
69 87 1
69 88 1
69 96 1
69 103 1
69 106 1
69 108 1
70 81 1
70 100 1
71 74 1
71 77 1
71 80 1
71 91 1
71 93 1
71 94 1
71 95 1
71 96 1
71 97 1
71 104 1
72 80 1
72 87 1
72 94 1
72 105 1
73 74 1
73 83 1
73 89 1
73 104 1
73 105 1
74 90 1
74 91 1
74 101 1
74 102 1
75 79 1
75 84 1
75 88 1
75 91 1
75 97 1
75 105 1
76 77 1
76 84 1
76 85 1
76 87 1
77 87 1
77 90 1
77 99 1
77 108 1
77 109 1
78 85 1
78 86 1
78 89 1
78 90 1
78 95 1
78 98 1
78 105 1
78 107 1
79 91 1
79 92 1
79 93 1
79 104 1
79 106 1
80 83 1
80 85 1
80 91 1
80 96 1
80 101 1
80 105 1
81 84 1
81 88 1
81 93 1
81 95 1
81 98 1
82 89 1
82 90 1
82 91 1
82 92 1
82 102 1
82 106 1
83 85 1
83 103 1
83 104 1
84 86 1
84 98 1
84 100 1
84 104 1
84 109 1
85 91 1
85 108 1
85 109 1
86 94 1
86 102 1
86 105 1
86 107 1
87 103 1
87 105 1
88 91 1
88 93 1
88 98 1
88 103 1
89 90 1
89 92 1
89 99 1
89 100 1
90 101 1
90 104 1
90 109 1
91 100 1
91 102 1
91 105 1
91 108 1
92 98 1
92 105 1
93 94 1
93 100 1
93 107 1
93 108 1
94 101 1
94 105 1
95 96 1
96 102 1
97 100 1
97 105 1
98 99 1
99 102 1
100 109 1
101 103 1
101 106 1
101 108 1
103 106 1
1
56 60 48 63 52 83 100 69 89 72 98
