761
0 2 1
0 4 1
0 18 1
0 20 1
0 25 1
0 28 1
0 32 1
0 34 1
0 37 1
0 45 1
0 51 1
0 58 1
0 75 1
0 79 1
0 84 1
0 85 1
1 8 1
1 14 1
1 16 1
1 17 1
1 18 1
1 37 1
1 45 1
1 47 1
1 51 1
1 53 1
1 56 1
1 61 1
1 63 1
1 66 1
1 68 1
1 73 1
1 88 1
2 6 1
2 10 1
2 17 1
2 37 1
2 39 1
2 55 1
2 62 1
2 64 1
2 79 1
3 6 1
3 8 1
3 9 1
3 13 1
3 24 1
3 28 1
3 29 1
3 30 1
3 33 1
3 38 1
3 42 1
3 45 1
3 49 1
3 50 1
3 53 1
3 57 1
3 64 1
3 65 1
3 69 1
3 72 1
3 87 1
3 89 1
4 9 1
4 11 1
4 13 1
4 22 1
4 24 1
4 26 1
4 29 1
4 30 1
4 42 1
4 45 1
4 47 1
4 60 1
4 63 1
4 70 1
4 77 1
4 79 1
5 12 1
5 14 1
5 17 1
5 22 1
5 27 1
5 32 1
5 34 1
5 36 1
5 40 1
5 43 1
5 44 1
5 57 1
5 68 1
5 72 1
5 74 1
5 76 1
5 77 1
5 81 1
5 87 1
5 88 1
6 8 1
6 16 1
6 17 1
6 20 1
6 23 1
6 28 1
6 38 1
6 41 1
6 50 1
6 53 1
6 59 1
6 65 1
6 73 1
6 78 1
6 80 1
6 87 1
7 12 1
7 16 1
7 21 1
7 23 1
7 24 1
7 25 1
7 27 1
7 29 1
7 30 1
7 35 1
7 37 1
7 38 1
7 42 1
7 46 1
7 47 1
7 52 1
7 57 1
7 70 1
7 74 1
7 82 1
7 84 1
7 86 1
8 14 1
8 17 1
8 19 1
8 20 1
8 24 1
8 27 1
8 28 1
8 31 1
8 36 1
8 38 1
8 43 1
8 67 1
8 71 1
8 76 1
8 80 1
8 87 1
8 88 1
9 10 1
9 16 1
9 19 1
9 20 1
9 22 1
9 23 1
9 26 1
9 27 1
9 30 1
9 37 1
9 39 1
9 44 1
9 46 1
9 47 1
9 50 1
9 54 1
9 56 1
9 60 1
9 69 1
9 75 1
9 76 1
9 83 1
9 85 1
9 87 1
10 13 1
10 30 1
10 39 1
10 50 1
10 52 1
10 56 1
10 57 1
10 58 1
10 66 1
10 68 1
10 74 1
10 77 1
10 82 1
10 85 1
10 88 1
11 14 1
11 20 1
11 34 1
11 49 1
11 52 1
11 53 1
11 67 1
11 88 1
12 13 1
12 14 1
12 24 1
12 29 1
12 34 1
12 38 1
12 40 1
12 48 1
12 57 1
12 59 1
12 61 1
12 64 1
12 72 1
12 84 1
13 27 1
13 33 1
13 36 1
13 41 1
13 43 1
13 46 1
13 54 1
13 55 1
13 57 1
13 59 1
13 76 1
13 79 1
13 84 1
14 15 1
14 18 1
14 22 1
14 30 1
14 33 1
14 35 1
14 41 1
14 46 1
14 57 1
14 58 1
14 60 1
14 63 1
14 73 1
14 79 1
15 28 1
15 35 1
15 37 1
15 40 1
15 46 1
15 52 1
15 82 1
15 86 1
15 88 1
16 19 1
16 22 1
16 25 1
16 27 1
16 29 1
16 47 1
16 50 1
16 60 1
16 62 1
16 76 1
16 78 1
16 79 1
16 82 1
16 85 1
17 20 1
17 22 1
17 23 1
17 27 1
17 42 1
17 49 1
17 50 1
17 52 1
17 55 1
17 57 1
17 62 1
17 64 1
17 68 1
17 69 1
17 75 1
17 79 1
17 80 1
17 83 1
17 84 1
18 25 1
18 33 1
18 38 1
18 40 1
18 43 1
18 44 1
18 64 1
18 81 1
18 82 1
18 83 1
18 88 1
19 22 1
19 34 1
19 38 1
19 48 1
19 51 1
19 55 1
19 60 1
19 65 1
19 70 1
19 71 1
19 72 1
19 78 1
19 84 1
20 21 1
20 32 1
20 34 1
20 38 1
20 42 1
20 43 1
20 44 1
20 50 1
20 60 1
20 61 1
20 66 1
20 72 1
20 73 1
20 79 1
20 81 1
21 23 1
21 30 1
21 49 1
21 56 1
21 70 1
21 73 1
21 83 1
21 85 1
21 86 1
22 37 1
22 40 1
22 44 1
22 49 1
22 50 1
22 62 1
22 65 1
22 67 1
22 80 1
22 83 1
23 25 1
23 31 1
23 40 1
23 41 1
23 46 1
23 52 1
23 64 1
23 65 1
23 71 1
23 75 1
23 79 1
23 80 1
23 85 1
23 88 1
24 35 1
24 37 1
24 43 1
24 47 1
24 67 1
25 27 1
25 30 1
25 38 1
25 41 1
25 46 1
25 47 1
25 57 1
25 74 1
25 82 1
25 85 1
26 45 1
26 47 1
26 54 1
26 56 1
26 62 1
26 65 1
26 66 1
26 77 1
26 80 1
26 84 1
27 28 1
27 29 1
27 31 1
27 36 1
27 39 1
27 42 1
27 44 1
27 46 1
27 53 1
27 59 1
27 60 1
27 66 1
27 73 1
27 83 1
27 88 1
28 35 1
28 40 1
28 46 1
28 50 1
28 59 1
28 68 1
28 72 1
28 74 1
28 77 1
28 83 1
28 85 1
28 87 1
29 33 1
29 35 1
29 36 1
29 38 1
29 40 1
29 44 1
29 49 1
29 53 1
29 58 1
29 62 1
29 65 1
29 75 1
29 80 1
29 82 1
29 86 1
29 87 1
30 33 1
30 34 1
30 41 1
30 50 1
30 53 1
30 63 1
30 71 1
30 78 1
30 83 1
30 89 1
31 35 1
31 38 1
31 41 1
31 47 1
31 48 1
31 51 1
31 57 1
31 58 1
31 64 1
31 70 1
31 71 1
31 74 1
31 75 1
31 76 1
31 77 1
31 81 1
31 83 1
31 85 1
32 40 1
32 42 1
32 43 1
32 45 1
32 51 1
32 55 1
32 68 1
32 73 1
32 74 1
32 78 1
32 80 1
32 81 1
33 38 1
33 50 1
33 56 1
33 61 1
33 68 1
33 69 1
33 70 1
33 76 1
33 80 1
33 82 1
34 35 1
34 40 1
34 41 1
34 42 1
34 44 1
34 48 1
34 49 1
34 69 1
34 81 1
34 84 1
34 86 1
35 44 1
35 50 1
35 52 1
35 66 1
35 69 1
35 75 1
35 82 1
35 83 1
35 88 1
36 38 1
36 43 1
36 44 1
36 50 1
36 54 1
36 59 1
36 70 1
36 72 1
36 75 1
36 86 1
37 42 1
37 53 1
37 54 1
37 57 1
37 60 1
37 65 1
37 74 1
37 82 1
38 43 1
38 46 1
38 53 1
38 55 1
38 58 1
38 64 1
38 67 1
38 72 1
38 73 1
38 86 1
39 49 1
39 52 1
39 53 1
39 56 1
39 64 1
39 77 1
39 79 1
39 87 1
40 45 1
40 60 1
40 63 1
40 64 1
40 81 1
40 86 1
41 42 1
41 45 1
41 49 1
41 58 1
41 60 1
41 62 1
41 73 1
41 82 1
42 43 1
42 45 1
42 54 1
42 63 1
42 71 1
42 73 1
42 74 1
42 80 1
42 84 1
43 59 1
43 61 1
43 64 1
43 65 1
43 68 1
43 71 1
43 74 1
43 79 1
43 86 1
43 89 1
44 52 1
44 55 1
44 65 1
44 66 1
44 69 1
44 81 1
44 83 1
44 88 1
45 47 1
45 50 1
45 51 1
45 52 1
45 54 1
45 69 1
45 71 1
45 75 1
45 79 1
45 86 1
45 87 1
46 50 1
46 53 1
46 54 1
46 63 1
46 65 1
46 67 1
46 70 1
46 84 1
46 88 1
47 56 1
47 64 1
47 67 1
47 69 1
47 76 1
47 85 1
47 86 1
48 55 1
48 56 1
48 61 1
48 64 1
48 65 1
48 67 1
48 72 1
48 85 1
49 53 1
49 60 1
49 65 1
49 70 1
49 71 1
49 76 1
49 84 1
49 88 1
50 54 1
50 79 1
50 80 1
50 81 1
50 83 1
50 85 1
51 54 1
51 55 1
51 57 1
51 58 1
51 76 1
51 78 1
51 85 1
52 55 1
52 57 1
52 60 1
52 61 1
52 66 1
52 69 1
52 72 1
52 75 1
52 78 1
52 82 1
52 84 1
52 85 1
53 54 1
53 62 1
53 63 1
53 70 1
53 73 1
53 77 1
53 80 1
53 85 1
54 66 1
54 67 1
54 81 1
54 82 1
54 87 1
55 62 1
55 65 1
55 73 1
55 76 1
55 77 1
55 78 1
55 79 1
55 80 1
55 81 1
55 83 1
55 84 1
56 64 1
56 66 1
56 70 1
56 77 1
56 78 1
56 83 1
57 66 1
57 68 1
57 70 1
57 75 1
57 87 1
57 89 1
58 61 1
58 70 1
59 61 1
59 73 1
59 83 1
59 85 1
59 86 1
59 89 1
60 62 1
60 80 1
60 88 1
61 63 1
61 66 1
61 84 1
61 86 1
62 75 1
62 83 1
63 66 1
63 69 1
63 70 1
63 73 1
63 75 1
63 81 1
63 85 1
64 67 1
64 73 1
64 75 1
64 80 1
64 89 1
65 67 1
65 72 1
65 76 1
65 78 1
65 89 1
66 68 1
66 81 1
66 84 1
66 87 1
67 81 1
67 83 1
68 72 1
68 88 1
68 89 1
69 72 1
69 74 1
69 83 1
69 84 1
69 89 1
70 71 1
70 76 1
70 77 1
70 78 1
70 87 1
70 89 1
71 75 1
71 81 1
71 82 1
71 89 1
72 81 1
72 87 1
73 74 1
73 82 1
74 77 1
74 79 1
74 82 1
74 83 1
74 85 1
74 86 1
74 89 1
75 76 1
75 80 1
75 85 1
76 79 1
78 82 1
78 84 1
79 88 1
79 89 1
80 86 1
80 88 1
81 82 1
81 86 1
82 88 1
83 84 1
83 86 1
83 88 1
1
56 71 15 52 82 0 70 51 13
