1905
0 10 1
0 44 1
0 64 1
0 72 1
0 100 1
0 115 1
0 116 1
0 120 1
0 130 1
0 136 1
0 141 1
0 175 1
1 18 1
1 30 1
1 37 1
1 44 1
1 52 1
1 55 1
1 70 1
1 74 1
1 93 1
1 117 1
1 120 1
1 129 1
1 132 1
1 155 1
1 174 1
2 12 1
2 17 1
2 20 1
2 24 1
2 34 1
2 38 1
2 47 1
2 55 1
2 56 1
2 62 1
2 69 1
2 84 1
2 94 1
2 98 1
2 101 1
2 118 1
2 125 1
2 141 1
2 168 1
2 172 1
2 174 1
2 175 1
3 13 1
3 16 1
3 40 1
3 42 1
3 44 1
3 48 1
3 55 1
3 62 1
3 93 1
3 121 1
3 130 1
3 137 1
3 140 1
3 149 1
3 165 1
3 175 1
4 9 1
4 17 1
4 18 1
4 28 1
4 44 1
4 51 1
4 62 1
4 88 1
4 90 1
4 94 1
4 120 1
4 122 1
4 134 1
4 137 1
4 156 1
4 178 1
5 9 1
5 26 1
5 58 1
5 63 1
5 72 1
5 74 1
5 75 1
5 81 1
5 82 1
5 88 1
5 97 1
5 123 1
5 125 1
5 142 1
5 144 1
5 152 1
6 27 1
6 29 1
6 33 1
6 42 1
6 47 1
6 87 1
6 99 1
6 106 1
6 107 1
6 125 1
6 133 1
6 135 1
6 150 1
6 151 1
6 154 1
6 169 1
7 65 1
7 72 1
7 75 1
7 76 1
7 86 1
7 91 1
7 93 1
7 107 1
7 110 1
7 119 1
7 132 1
7 133 1
7 153 1
7 168 1
7 174 1
8 14 1
8 17 1
8 21 1
8 26 1
8 30 1
8 38 1
8 40 1
8 47 1
8 57 1
8 59 1
8 60 1
8 70 1
8 74 1
8 81 1
8 82 1
8 107 1
8 116 1
8 128 1
8 129 1
8 130 1
8 134 1
8 140 1
8 151 1
8 156 1
8 169 1
8 172 1
8 174 1
9 14 1
9 18 1
9 30 1
9 64 1
9 80 1
9 86 1
9 87 1
9 89 1
9 92 1
9 106 1
9 112 1
9 117 1
9 126 1
9 129 1
9 131 1
9 144 1
9 151 1
9 158 1
9 168 1
9 179 1
10 18 1
10 43 1
10 48 1
10 53 1
10 54 1
10 57 1
10 78 1
10 103 1
10 109 1
10 111 1
10 113 1
10 126 1
10 128 1
10 140 1
10 149 1
10 166 1
10 168 1
10 170 1
10 172 1
10 178 1
11 16 1
11 25 1
11 52 1
11 60 1
11 79 1
11 84 1
11 92 1
11 102 1
11 113 1
11 117 1
11 126 1
11 148 1
11 156 1
11 165 1
11 172 1
12 15 1
12 18 1
12 21 1
12 35 1
12 41 1
12 46 1
12 48 1
12 53 1
12 56 1
12 64 1
12 69 1
12 71 1
12 72 1
12 76 1
12 87 1
12 89 1
12 92 1
12 96 1
12 107 1
12 110 1
12 147 1
12 153 1
12 154 1
12 160 1
12 172 1
12 176 1
13 23 1
13 25 1
13 42 1
13 61 1
13 62 1
13 69 1
13 94 1
13 95 1
13 101 1
13 102 1
13 114 1
13 122 1
13 125 1
13 126 1
13 128 1
13 147 1
13 163 1
13 164 1
13 170 1
13 175 1
14 15 1
14 19 1
14 30 1
14 42 1
14 64 1
14 72 1
14 75 1
14 97 1
14 99 1
14 100 1
14 105 1
14 109 1
14 114 1
14 124 1
14 137 1
14 150 1
14 152 1
14 154 1
14 155 1
15 29 1
15 51 1
15 66 1
15 67 1
15 96 1
15 97 1
15 100 1
15 101 1
15 107 1
15 113 1
15 116 1
15 135 1
15 139 1
15 141 1
15 154 1
15 166 1
15 175 1
16 38 1
16 43 1
16 47 1
16 71 1
16 72 1
16 90 1
16 98 1
16 120 1
16 146 1
16 151 1
16 152 1
16 161 1
17 19 1
17 20 1
17 33 1
17 38 1
17 46 1
17 50 1
17 54 1
17 79 1
17 84 1
17 92 1
17 94 1
17 95 1
17 96 1
17 115 1
17 117 1
17 137 1
17 156 1
17 165 1
17 169 1
18 25 1
18 26 1
18 35 1
18 45 1
18 48 1
18 53 1
18 69 1
18 73 1
18 80 1
18 87 1
18 101 1
18 104 1
18 113 1
18 124 1
18 160 1
18 171 1
18 178 1
19 25 1
19 26 1
19 47 1
19 53 1
19 59 1
19 62 1
19 76 1
19 95 1
19 98 1
19 99 1
19 102 1
19 115 1
19 119 1
19 120 1
19 123 1
19 128 1
19 130 1
19 142 1
19 161 1
19 176 1
20 25 1
20 53 1
20 58 1
20 74 1
20 78 1
20 109 1
20 112 1
20 128 1
20 136 1
20 151 1
20 159 1
20 173 1
21 23 1
21 29 1
21 51 1
21 59 1
21 73 1
21 84 1
21 106 1
21 107 1
21 113 1
21 114 1
21 135 1
21 142 1
22 24 1
22 39 1
22 53 1
22 64 1
22 74 1
22 78 1
22 83 1
22 84 1
22 88 1
22 93 1
22 105 1
22 110 1
22 124 1
22 126 1
22 127 1
22 135 1
22 141 1
22 145 1
22 159 1
22 164 1
22 173 1
22 178 1
23 27 1
23 34 1
23 38 1
23 45 1
23 46 1
23 49 1
23 50 1
23 60 1
23 77 1
23 80 1
23 81 1
23 83 1
23 85 1
23 87 1
23 94 1
23 106 1
23 115 1
23 120 1
23 138 1
23 139 1
23 140 1
23 153 1
23 168 1
23 171 1
24 26 1
24 27 1
24 28 1
24 32 1
24 46 1
24 49 1
24 51 1
24 55 1
24 56 1
24 64 1
24 72 1
24 79 1
24 80 1
24 84 1
24 87 1
24 93 1
24 98 1
24 102 1
24 103 1
24 108 1
24 112 1
24 113 1
24 114 1
24 115 1
24 121 1
24 123 1
24 124 1
24 130 1
24 153 1
24 174 1
24 178 1
25 31 1
25 34 1
25 41 1
25 47 1
25 64 1
25 80 1
25 85 1
25 93 1
25 99 1
25 117 1
25 118 1
25 121 1
25 130 1
25 138 1
25 156 1
25 161 1
25 166 1
25 172 1
25 177 1
25 178 1
26 27 1
26 30 1
26 47 1
26 60 1
26 73 1
26 78 1
26 82 1
26 88 1
26 93 1
26 103 1
26 109 1
26 111 1
26 119 1
26 122 1
26 127 1
26 139 1
26 150 1
26 173 1
26 176 1
26 179 1
27 43 1
27 50 1
27 58 1
27 72 1
27 84 1
27 88 1
27 89 1
27 98 1
27 119 1
27 121 1
27 134 1
27 138 1
27 144 1
27 148 1
27 154 1
27 164 1
27 176 1
28 34 1
28 40 1
28 50 1
28 65 1
28 66 1
28 89 1
28 91 1
28 92 1
28 99 1
28 108 1
28 122 1
28 126 1
28 144 1
28 151 1
28 155 1
28 159 1
28 178 1
29 34 1
29 48 1
29 53 1
29 78 1
29 93 1
29 105 1
29 116 1
29 128 1
29 154 1
29 156 1
29 160 1
29 162 1
29 164 1
29 178 1
30 35 1
30 42 1
30 52 1
30 80 1
30 96 1
30 105 1
30 112 1
30 126 1
30 127 1
30 130 1
30 133 1
30 144 1
30 145 1
31 44 1
31 53 1
31 70 1
31 71 1
31 82 1
31 83 1
31 94 1
31 103 1
31 125 1
31 128 1
31 135 1
31 144 1
31 145 1
31 147 1
31 153 1
31 166 1
32 48 1
32 50 1
32 52 1
32 57 1
32 83 1
32 89 1
32 98 1
32 101 1
32 103 1
32 108 1
32 125 1
32 135 1
32 137 1
32 140 1
32 161 1
33 57 1
33 62 1
33 63 1
33 74 1
33 87 1
33 96 1
33 102 1
33 113 1
33 114 1
33 134 1
33 143 1
33 146 1
33 149 1
33 152 1
33 157 1
33 164 1
33 170 1
34 51 1
34 53 1
34 55 1
34 58 1
34 74 1
34 80 1
34 84 1
34 88 1
34 94 1
34 104 1
34 107 1
34 113 1
34 118 1
34 128 1
34 131 1
34 134 1
34 135 1
34 150 1
34 152 1
34 156 1
34 160 1
34 163 1
34 172 1
34 178 1
35 37 1
35 61 1
35 62 1
35 94 1
35 100 1
35 106 1
35 115 1
35 116 1
35 124 1
35 125 1
35 135 1
35 146 1
35 150 1
36 38 1
36 46 1
36 63 1
36 71 1
36 97 1
36 98 1
36 121 1
36 127 1
36 131 1
36 138 1
36 140 1
36 143 1
36 153 1
36 171 1
37 40 1
37 55 1
37 69 1
37 85 1
37 88 1
37 100 1
37 113 1
37 114 1
37 115 1
37 117 1
37 120 1
37 127 1
37 134 1
37 137 1
37 149 1
37 157 1
37 166 1
37 169 1
37 176 1
38 45 1
38 55 1
38 61 1
38 63 1
38 66 1
38 69 1
38 71 1
38 81 1
38 87 1
38 88 1
38 90 1
38 93 1
38 99 1
38 112 1
38 119 1
38 140 1
38 150 1
38 155 1
38 165 1
38 166 1
38 168 1
38 177 1
39 42 1
39 51 1
39 52 1
39 59 1
39 71 1
39 73 1
39 86 1
39 89 1
39 103 1
39 112 1
39 127 1
39 131 1
39 136 1
39 154 1
39 156 1
39 175 1
40 45 1
40 64 1
40 94 1
40 102 1
40 110 1
40 126 1
40 130 1
40 132 1
40 154 1
40 158 1
40 169 1
41 42 1
41 73 1
41 74 1
41 78 1
41 80 1
41 85 1
41 86 1
41 107 1
41 142 1
41 146 1
41 147 1
41 155 1
41 162 1
41 166 1
41 167 1
42 57 1
42 64 1
42 65 1
42 70 1
42 72 1
42 83 1
42 86 1
42 87 1
42 105 1
42 119 1
42 120 1
42 135 1
42 145 1
42 150 1
42 179 1
43 44 1
43 57 1
43 68 1
43 69 1
43 81 1
43 83 1
43 86 1
43 87 1
43 90 1
43 91 1
43 97 1
43 99 1
43 120 1
43 124 1
43 125 1
43 127 1
43 128 1
43 137 1
43 141 1
43 143 1
43 152 1
43 163 1
43 165 1
43 171 1
43 178 1
44 50 1
44 57 1
44 58 1
44 63 1
44 85 1
44 91 1
44 92 1
44 112 1
44 129 1
44 130 1
44 148 1
44 157 1
44 161 1
44 169 1
44 171 1
44 179 1
45 52 1
45 59 1
45 62 1
45 64 1
45 79 1
45 82 1
45 86 1
45 111 1
45 122 1
45 129 1
45 133 1
45 143 1
45 168 1
45 171 1
46 66 1
46 73 1
46 74 1
46 79 1
46 84 1
46 99 1
46 100 1
46 106 1
46 116 1
46 117 1
46 120 1
46 127 1
46 141 1
46 144 1
46 162 1
46 165 1
46 169 1
47 54 1
47 60 1
47 63 1
47 67 1
47 75 1
47 90 1
47 99 1
47 100 1
47 104 1
47 111 1
47 117 1
47 121 1
47 133 1
47 134 1
47 147 1
47 148 1
47 151 1
47 159 1
47 170 1
47 173 1
48 51 1
48 56 1
48 69 1
48 81 1
48 89 1
48 99 1
48 104 1
48 112 1
48 119 1
48 124 1
48 125 1
48 141 1
48 147 1
48 165 1
48 176 1
49 56 1
49 66 1
49 77 1
49 89 1
49 91 1
49 126 1
49 131 1
49 139 1
49 147 1
49 159 1
49 161 1
49 165 1
50 67 1
50 106 1
50 111 1
50 113 1
50 121 1
50 125 1
50 131 1
50 136 1
50 141 1
50 142 1
50 143 1
50 161 1
50 166 1
50 172 1
51 63 1
51 71 1
51 88 1
51 93 1
51 101 1
51 121 1
51 127 1
51 135 1
51 137 1
51 148 1
51 151 1
51 168 1
52 73 1
52 100 1
52 102 1
52 113 1
52 128 1
52 134 1
52 137 1
52 142 1
52 156 1
52 164 1
52 166 1
52 174 1
53 61 1
53 62 1
53 66 1
53 79 1
53 81 1
53 83 1
53 90 1
53 91 1
53 92 1
53 118 1
53 125 1
53 128 1
53 139 1
53 140 1
53 146 1
53 147 1
53 171 1
53 173 1
54 55 1
54 61 1
54 65 1
54 82 1
54 93 1
54 95 1
54 109 1
54 117 1
54 120 1
54 131 1
54 134 1
54 148 1
54 157 1
54 166 1
54 173 1
54 175 1
55 61 1
55 64 1
55 79 1
55 89 1
55 90 1
55 147 1
55 154 1
55 156 1
56 67 1
56 78 1
56 85 1
56 95 1
56 96 1
56 97 1
56 104 1
56 105 1
56 110 1
56 125 1
56 126 1
56 143 1
56 145 1
56 147 1
56 149 1
56 150 1
56 159 1
57 66 1
57 72 1
57 77 1
57 94 1
57 110 1
57 126 1
57 144 1
57 145 1
57 153 1
57 173 1
57 176 1
58 59 1
58 67 1
58 81 1
58 82 1
58 97 1
58 112 1
58 123 1
58 133 1
58 137 1
58 143 1
58 147 1
58 158 1
58 164 1
58 168 1
58 177 1
59 60 1
59 70 1
59 72 1
59 77 1
59 92 1
59 123 1
59 126 1
59 132 1
59 134 1
59 137 1
59 139 1
59 140 1
59 151 1
59 152 1
59 155 1
59 159 1
59 171 1
60 63 1
60 64 1
60 82 1
60 83 1
60 89 1
60 93 1
60 101 1
60 107 1
60 115 1
60 117 1
60 125 1
60 127 1
60 129 1
60 136 1
60 146 1
60 161 1
60 164 1
60 167 1
60 170 1
60 177 1
61 65 1
61 73 1
61 114 1
61 137 1
61 141 1
61 142 1
61 151 1
61 160 1
62 71 1
62 72 1
62 78 1
62 81 1
62 82 1
62 121 1
62 125 1
62 134 1
62 135 1
62 161 1
62 167 1
62 170 1
62 179 1
63 69 1
63 92 1
63 106 1
63 108 1
63 113 1
63 121 1
63 141 1
63 152 1
63 159 1
63 166 1
63 167 1
63 172 1
64 66 1
64 81 1
64 96 1
64 122 1
64 127 1
64 131 1
64 133 1
64 160 1
64 177 1
65 101 1
65 105 1
65 108 1
65 120 1
65 128 1
65 137 1
65 153 1
65 154 1
65 175 1
65 179 1
66 73 1
66 74 1
66 81 1
66 84 1
66 91 1
66 94 1
66 95 1
66 101 1
66 112 1
66 114 1
66 118 1
66 122 1
66 137 1
66 143 1
66 145 1
66 160 1
66 162 1
66 176 1
66 177 1
67 82 1
67 94 1
67 110 1
67 115 1
67 118 1
67 119 1
67 120 1
67 122 1
67 123 1
67 133 1
67 137 1
67 169 1
67 170 1
68 69 1
68 71 1
68 75 1
68 81 1
68 94 1
68 100 1
68 103 1
68 105 1
68 110 1
68 112 1
68 113 1
68 130 1
68 131 1
68 138 1
68 139 1
68 148 1
68 161 1
69 78 1
69 83 1
69 89 1
69 93 1
69 103 1
69 104 1
69 107 1
69 111 1
69 116 1
69 119 1
69 125 1
69 139 1
69 141 1
69 144 1
69 146 1
69 157 1
69 163 1
69 168 1
69 172 1
70 74 1
70 82 1
70 95 1
70 96 1
70 97 1
70 110 1
70 114 1
70 120 1
70 122 1
70 126 1
70 130 1
70 148 1
70 150 1
70 153 1
71 79 1
71 92 1
71 100 1
71 105 1
71 120 1
71 124 1
71 133 1
71 134 1
71 138 1
71 142 1
71 156 1
71 159 1
71 172 1
71 173 1
71 178 1
72 74 1
72 77 1
72 90 1
72 100 1
72 101 1
72 115 1
72 119 1
72 126 1
72 132 1
72 133 1
72 145 1
72 157 1
72 173 1
72 177 1
72 178 1
73 76 1
73 93 1
73 98 1
73 110 1
73 132 1
73 137 1
73 143 1
73 144 1
73 157 1
73 165 1
74 80 1
74 89 1
74 99 1
74 116 1
74 124 1
74 126 1
74 137 1
74 139 1
74 158 1
74 170 1
74 176 1
75 78 1
75 89 1
75 91 1
75 108 1
75 129 1
75 135 1
75 139 1
75 140 1
75 141 1
75 150 1
75 152 1
75 154 1
75 155 1
75 165 1
75 179 1
76 88 1
76 102 1
76 104 1
76 117 1
76 118 1
76 124 1
76 139 1
76 152 1
76 154 1
76 167 1
77 79 1
77 99 1
77 110 1
77 116 1
77 133 1
77 139 1
77 148 1
77 160 1
77 179 1
78 83 1
78 84 1
78 85 1
78 88 1
78 95 1
78 109 1
78 113 1
78 130 1
78 131 1
78 136 1
78 139 1
78 145 1
78 147 1
78 151 1
78 153 1
78 155 1
78 159 1
78 164 1
78 169 1
79 80 1
79 82 1
79 84 1
79 98 1
79 117 1
79 131 1
79 134 1
79 143 1
79 147 1
79 155 1
79 162 1
79 177 1
79 179 1
80 89 1
80 91 1
80 109 1
80 116 1
80 117 1
80 122 1
80 139 1
80 148 1
80 150 1
80 154 1
80 156 1
80 169 1
81 93 1
81 116 1
81 132 1
81 133 1
81 135 1
81 139 1
81 146 1
81 170 1
81 175 1
82 83 1
82 90 1
82 113 1
82 128 1
82 130 1
82 144 1
82 150 1
82 162 1
82 164 1
82 174 1
82 178 1
83 93 1
83 97 1
83 101 1
83 113 1
83 118 1
83 119 1
83 143 1
83 144 1
83 148 1
83 153 1
83 166 1
83 169 1
84 86 1
84 98 1
84 99 1
84 111 1
84 121 1
84 138 1
84 144 1
84 158 1
84 163 1
84 167 1
84 177 1
85 86 1
85 92 1
85 118 1
85 121 1
85 122 1
85 165 1
85 168 1
85 176 1
86 103 1
86 114 1
86 124 1
86 128 1
86 145 1
86 155 1
86 160 1
86 162 1
86 164 1
86 167 1
86 171 1
86 175 1
86 179 1
87 90 1
87 95 1
87 103 1
87 111 1
87 127 1
87 141 1
87 143 1
87 169 1
87 175 1
88 92 1
88 96 1
88 103 1
88 105 1
88 109 1
88 110 1
88 111 1
88 119 1
88 140 1
88 141 1
88 146 1
88 149 1
88 156 1
88 177 1
89 105 1
89 109 1
89 124 1
89 125 1
89 132 1
89 133 1
89 135 1
89 155 1
89 165 1
89 168 1
89 173 1
90 104 1
90 106 1
90 110 1
90 113 1
90 120 1
90 145 1
90 147 1
91 101 1
91 107 1
91 111 1
91 113 1
91 122 1
91 133 1
91 135 1
91 138 1
92 97 1
92 111 1
92 122 1
92 126 1
92 130 1
92 134 1
92 137 1
92 140 1
92 150 1
92 153 1
92 161 1
92 164 1
92 167 1
92 175 1
93 95 1
93 99 1
93 130 1
93 137 1
93 151 1
93 155 1
93 157 1
93 163 1
93 164 1
93 177 1
94 96 1
94 114 1
94 121 1
94 123 1
94 131 1
94 134 1
94 136 1
94 140 1
94 159 1
94 160 1
94 166 1
94 168 1
94 173 1
94 177 1
95 124 1
95 132 1
95 151 1
95 154 1
95 156 1
95 166 1
96 125 1
96 135 1
96 140 1
96 141 1
96 150 1
96 154 1
96 159 1
96 166 1
96 170 1
96 178 1
97 100 1
97 105 1
97 124 1
97 139 1
97 145 1
97 146 1
97 149 1
97 175 1
97 177 1
98 128 1
98 147 1
98 152 1
98 156 1
98 165 1
98 176 1
98 177 1
99 101 1
99 121 1
99 125 1
99 137 1
99 154 1
99 160 1
99 165 1
99 168 1
99 172 1
99 174 1
100 112 1
100 118 1
100 119 1
100 128 1
100 130 1
100 141 1
100 163 1
100 177 1
100 178 1
100 179 1
101 118 1
101 119 1
101 121 1
101 127 1
101 133 1
101 138 1
101 141 1
101 149 1
101 154 1
101 165 1
101 167 1
101 168 1
101 169 1
101 173 1
101 174 1
102 103 1
102 104 1
102 109 1
102 112 1
102 115 1
102 130 1
102 140 1
102 168 1
102 175 1
103 118 1
103 133 1
103 151 1
103 155 1
103 179 1
104 105 1
104 119 1
104 122 1
104 123 1
104 125 1
104 127 1
104 129 1
104 135 1
104 137 1
104 141 1
105 106 1
105 110 1
105 114 1
105 126 1
105 127 1
105 134 1
105 140 1
105 150 1
105 154 1
105 156 1
105 162 1
105 172 1
106 111 1
106 113 1
106 119 1
106 124 1
106 125 1
106 131 1
106 134 1
106 136 1
106 149 1
106 151 1
106 158 1
106 161 1
106 166 1
107 111 1
107 112 1
107 119 1
107 122 1
107 124 1
107 126 1
107 129 1
107 132 1
107 133 1
107 142 1
107 143 1
107 148 1
107 152 1
107 161 1
107 167 1
107 170 1
107 171 1
108 110 1
108 114 1
108 118 1
108 129 1
108 132 1
108 134 1
108 160 1
108 171 1
108 175 1
108 176 1
108 177 1
109 110 1
109 111 1
109 115 1
109 135 1
109 145 1
109 146 1
109 153 1
109 160 1
109 168 1
110 113 1
110 114 1
110 129 1
110 140 1
110 141 1
110 155 1
110 162 1
110 171 1
110 178 1
111 131 1
111 144 1
111 150 1
111 153 1
111 157 1
111 178 1
112 113 1
112 118 1
112 121 1
112 136 1
112 139 1
112 143 1
112 161 1
112 174 1
112 179 1
113 116 1
113 126 1
113 134 1
113 136 1
113 137 1
113 173 1
113 178 1
114 115 1
114 124 1
114 133 1
114 139 1
114 140 1
114 150 1
114 168 1
115 117 1
115 127 1
115 137 1
115 141 1
115 156 1
115 158 1
115 164 1
115 167 1
115 173 1
115 179 1
116 121 1
116 126 1
116 130 1
116 133 1
116 145 1
116 153 1
116 157 1
116 175 1
117 122 1
117 144 1
117 146 1
117 147 1
117 148 1
117 150 1
117 151 1
117 153 1
117 159 1
117 166 1
117 167 1
117 168 1
117 173 1
117 176 1
118 135 1
118 136 1
118 138 1
118 143 1
118 144 1
118 148 1
118 158 1
118 167 1
119 124 1
119 143 1
119 147 1
119 153 1
119 165 1
120 121 1
120 127 1
120 135 1
120 137 1
120 140 1
120 143 1
120 153 1
120 157 1
120 168 1
121 127 1
121 128 1
121 142 1
121 151 1
121 152 1
121 157 1
121 177 1
122 148 1
122 165 1
123 126 1
123 136 1
123 144 1
123 153 1
123 158 1
123 160 1
123 171 1
124 130 1
124 139 1
124 145 1
124 150 1
124 160 1
124 168 1
124 173 1
124 179 1
125 133 1
125 140 1
125 155 1
126 149 1
126 154 1
126 157 1
126 169 1
126 175 1
127 132 1
127 167 1
127 170 1
127 172 1
127 178 1
128 142 1
128 143 1
128 173 1
128 178 1
129 156 1
129 168 1
129 171 1
129 174 1
130 137 1
130 148 1
130 162 1
130 165 1
130 175 1
131 154 1
131 159 1
131 161 1
131 168 1
131 169 1
131 170 1
131 171 1
132 136 1
132 168 1
132 172 1
132 173 1
132 174 1
133 137 1
133 138 1
133 149 1
133 152 1
133 161 1
134 143 1
134 161 1
134 171 1
134 174 1
135 150 1
135 157 1
135 164 1
135 170 1
136 137 1
136 148 1
136 154 1
137 139 1
137 147 1
137 154 1
137 157 1
137 170 1
138 146 1
138 148 1
138 153 1
138 157 1
138 163 1
138 175 1
139 150 1
139 162 1
139 168 1
139 172 1
140 142 1
140 145 1
140 151 1
140 156 1
140 160 1
141 148 1
141 149 1
141 151 1
141 156 1
141 159 1
141 178 1
141 179 1
142 151 1
142 154 1
142 161 1
142 164 1
142 172 1
142 173 1
142 174 1
142 178 1
143 147 1
143 151 1
143 156 1
143 158 1
143 163 1
143 171 1
143 176 1
143 178 1
144 150 1
144 151 1
144 155 1
144 167 1
144 171 1
144 174 1
145 155 1
145 157 1
145 164 1
146 150 1
146 154 1
146 165 1
146 178 1
147 148 1
147 151 1
147 158 1
147 162 1
147 175 1
147 176 1
148 154 1
148 165 1
148 170 1
148 171 1
148 176 1
149 150 1
149 152 1
149 155 1
149 163 1
149 171 1
150 155 1
150 160 1
150 164 1
150 165 1
150 170 1
150 175 1
150 178 1
151 160 1
151 161 1
151 164 1
151 168 1
151 178 1
152 161 1
152 163 1
152 170 1
153 156 1
153 171 1
154 172 1
154 174 1
154 175 1
154 178 1
155 156 1
155 157 1
155 170 1
155 173 1
156 157 1
156 161 1
157 158 1
157 163 1
157 168 1
157 171 1
158 170 1
158 178 1
159 166 1
159 168 1
159 170 1
159 175 1
159 178 1
160 161 1
160 171 1
160 178 1
161 169 1
161 178 1
162 166 1
162 169 1
162 177 1
164 168 1
164 174 1
164 177 1
168 172 1
168 173 1
169 176 1
170 172 1
170 179 1
172 173 1
173 176 1
173 177 1
174 178 1
1
66 108 160 27 164 6 171 177 36 15 26 1 24 162 139 103 14 122
