1646
0 8 1
0 19 1
0 21 1
0 23 1
0 30 1
0 34 1
0 41 1
0 49 1
0 50 1
0 54 1
0 58 1
0 68 1
0 71 1
0 73 1
0 102 1
0 103 1
0 105 1
0 106 1
0 111 1
0 141 1
0 145 1
1 4 1
1 6 1
1 9 1
1 32 1
1 35 1
1 38 1
1 48 1
1 55 1
1 56 1
1 62 1
1 71 1
1 76 1
1 88 1
1 93 1
1 98 1
1 102 1
1 111 1
1 116 1
1 120 1
1 139 1
1 140 1
1 143 1
1 149 1
1 159 1
2 15 1
2 16 1
2 21 1
2 22 1
2 27 1
2 32 1
2 37 1
2 38 1
2 62 1
2 68 1
2 71 1
2 72 1
2 77 1
2 96 1
2 101 1
2 109 1
2 110 1
2 112 1
2 115 1
2 121 1
2 123 1
2 126 1
2 128 1
2 139 1
2 140 1
2 142 1
2 145 1
2 147 1
2 148 1
2 150 1
3 5 1
3 17 1
3 22 1
3 38 1
3 49 1
3 53 1
3 73 1
3 75 1
3 93 1
3 100 1
3 115 1
3 123 1
3 135 1
3 142 1
3 143 1
3 146 1
3 149 1
3 153 1
4 16 1
4 19 1
4 32 1
4 41 1
4 50 1
4 65 1
4 66 1
4 68 1
4 71 1
4 77 1
4 86 1
4 94 1
4 100 1
4 124 1
4 132 1
4 135 1
4 138 1
4 141 1
4 151 1
4 154 1
5 10 1
5 22 1
5 25 1
5 26 1
5 33 1
5 39 1
5 47 1
5 48 1
5 51 1
5 53 1
5 54 1
5 58 1
5 60 1
5 66 1
5 71 1
5 82 1
5 100 1
5 102 1
5 105 1
5 107 1
5 108 1
5 114 1
5 116 1
5 130 1
5 132 1
5 135 1
5 139 1
5 145 1
5 150 1
6 15 1
6 16 1
6 19 1
6 20 1
6 22 1
6 26 1
6 28 1
6 30 1
6 32 1
6 36 1
6 42 1
6 44 1
6 49 1
6 50 1
6 57 1
6 63 1
6 66 1
6 81 1
6 88 1
6 95 1
6 97 1
6 101 1
6 105 1
6 116 1
6 125 1
6 128 1
6 134 1
6 147 1
6 149 1
6 151 1
6 158 1
7 11 1
7 19 1
7 20 1
7 25 1
7 36 1
7 37 1
7 40 1
7 41 1
7 44 1
7 45 1
7 46 1
7 64 1
7 67 1
7 69 1
7 70 1
7 73 1
7 83 1
7 92 1
7 94 1
7 95 1
7 98 1
7 100 1
7 103 1
7 104 1
7 116 1
7 133 1
7 140 1
7 143 1
7 150 1
7 153 1
8 9 1
8 13 1
8 24 1
8 36 1
8 38 1
8 65 1
8 66 1
8 68 1
8 73 1
8 78 1
8 91 1
8 103 1
8 109 1
8 116 1
8 117 1
8 122 1
8 130 1
8 132 1
8 136 1
8 148 1
8 151 1
8 153 1
8 154 1
9 15 1
9 26 1
9 70 1
9 78 1
9 83 1
9 90 1
9 91 1
9 94 1
9 96 1
9 105 1
9 109 1
9 113 1
9 116 1
9 126 1
9 146 1
10 22 1
10 37 1
10 59 1
10 65 1
10 85 1
10 96 1
10 101 1
10 110 1
10 146 1
10 147 1
10 155 1
11 13 1
11 17 1
11 21 1
11 39 1
11 45 1
11 50 1
11 58 1
11 63 1
11 65 1
11 68 1
11 78 1
11 81 1
11 91 1
11 94 1
11 102 1
11 105 1
11 110 1
11 119 1
11 128 1
11 132 1
11 137 1
11 138 1
11 142 1
11 149 1
11 152 1
11 155 1
11 158 1
12 29 1
12 31 1
12 55 1
12 58 1
12 60 1
12 69 1
12 75 1
12 76 1
12 85 1
12 104 1
12 105 1
12 111 1
12 112 1
12 115 1
12 122 1
12 125 1
12 126 1
12 128 1
12 139 1
12 142 1
12 149 1
12 153 1
12 156 1
13 31 1
13 58 1
13 65 1
13 73 1
13 74 1
13 107 1
13 111 1
13 112 1
13 115 1
13 121 1
13 137 1
13 138 1
13 140 1
13 141 1
13 142 1
13 146 1
14 20 1
14 25 1
14 42 1
14 46 1
14 53 1
14 65 1
14 71 1
14 79 1
14 88 1
14 91 1
14 104 1
14 117 1
14 120 1
14 132 1
14 133 1
14 157 1
15 16 1
15 37 1
15 39 1
15 42 1
15 48 1
15 62 1
15 103 1
15 109 1
15 111 1
15 126 1
15 135 1
15 140 1
15 141 1
15 143 1
15 145 1
16 21 1
16 32 1
16 39 1
16 51 1
16 55 1
16 58 1
16 61 1
16 64 1
16 72 1
16 74 1
16 75 1
16 89 1
16 94 1
16 104 1
16 105 1
16 110 1
16 114 1
16 120 1
16 128 1
16 131 1
16 139 1
16 156 1
16 159 1
17 18 1
17 20 1
17 35 1
17 39 1
17 45 1
17 56 1
17 61 1
17 67 1
17 76 1
17 92 1
17 94 1
17 102 1
17 104 1
17 109 1
17 116 1
17 126 1
17 144 1
17 151 1
18 20 1
18 28 1
18 35 1
18 45 1
18 49 1
18 61 1
18 74 1
18 99 1
18 102 1
18 107 1
18 120 1
18 128 1
18 132 1
18 140 1
18 141 1
18 157 1
18 159 1
19 43 1
19 47 1
19 49 1
19 50 1
19 52 1
19 53 1
19 66 1
19 72 1
19 89 1
19 100 1
19 108 1
19 110 1
19 113 1
19 120 1
19 124 1
19 129 1
19 149 1
19 153 1
19 158 1
20 26 1
20 32 1
20 33 1
20 34 1
20 39 1
20 45 1
20 53 1
20 55 1
20 56 1
20 62 1
20 64 1
20 82 1
20 87 1
20 113 1
20 116 1
20 117 1
20 118 1
20 120 1
20 122 1
20 142 1
20 148 1
20 151 1
20 154 1
21 29 1
21 31 1
21 62 1
21 65 1
21 71 1
21 76 1
21 85 1
21 101 1
21 104 1
21 107 1
21 108 1
21 123 1
21 128 1
21 129 1
21 133 1
21 138 1
22 24 1
22 25 1
22 34 1
22 42 1
22 53 1
22 57 1
22 58 1
22 70 1
22 75 1
22 80 1
22 93 1
22 105 1
22 116 1
22 122 1
22 155 1
22 158 1
23 30 1
23 49 1
23 62 1
23 74 1
23 77 1
23 82 1
23 91 1
23 92 1
23 93 1
23 113 1
23 119 1
23 122 1
23 127 1
23 131 1
23 132 1
23 140 1
23 151 1
24 36 1
24 56 1
24 57 1
24 90 1
24 94 1
24 100 1
24 109 1
24 117 1
24 122 1
24 132 1
24 133 1
24 138 1
24 156 1
25 29 1
25 35 1
25 42 1
25 43 1
25 52 1
25 58 1
25 63 1
25 67 1
25 70 1
25 72 1
25 73 1
25 74 1
25 89 1
25 100 1
25 135 1
25 142 1
25 144 1
25 153 1
26 45 1
26 47 1
26 61 1
26 62 1
26 70 1
26 78 1
26 85 1
26 92 1
26 110 1
26 112 1
26 117 1
26 125 1
26 135 1
27 31 1
27 46 1
27 51 1
27 53 1
27 56 1
27 70 1
27 75 1
27 80 1
27 85 1
27 96 1
27 98 1
27 99 1
27 105 1
27 107 1
27 114 1
27 123 1
27 129 1
27 130 1
27 139 1
27 153 1
27 154 1
27 155 1
28 32 1
28 33 1
28 42 1
28 46 1
28 48 1
28 56 1
28 59 1
28 66 1
28 103 1
28 111 1
28 124 1
28 137 1
28 141 1
28 146 1
28 148 1
28 159 1
29 39 1
29 51 1
29 52 1
29 71 1
29 85 1
29 97 1
29 100 1
29 103 1
29 105 1
29 111 1
29 112 1
29 116 1
29 126 1
29 128 1
29 131 1
30 38 1
30 47 1
30 52 1
30 55 1
30 57 1
30 66 1
30 67 1
30 71 1
30 79 1
30 81 1
30 100 1
30 112 1
30 118 1
30 129 1
30 130 1
30 139 1
30 142 1
31 32 1
31 46 1
31 47 1
31 55 1
31 77 1
31 81 1
31 82 1
31 90 1
31 91 1
31 97 1
31 112 1
32 46 1
32 47 1
32 50 1
32 53 1
32 82 1
32 90 1
32 102 1
32 105 1
32 112 1
32 116 1
32 117 1
32 122 1
32 129 1
32 152 1
33 39 1
33 43 1
33 57 1
33 67 1
33 68 1
33 95 1
33 97 1
33 114 1
33 116 1
33 127 1
33 131 1
33 137 1
33 145 1
33 155 1
33 158 1
34 36 1
34 53 1
34 56 1
34 65 1
34 81 1
34 86 1
34 108 1
34 115 1
34 117 1
34 118 1
34 135 1
34 142 1
34 147 1
35 38 1
35 42 1
35 45 1
35 50 1
35 52 1
35 64 1
35 68 1
35 70 1
35 78 1
35 86 1
35 91 1
35 93 1
35 100 1
35 125 1
35 138 1
35 143 1
35 152 1
35 153 1
36 39 1
36 54 1
36 59 1
36 64 1
36 66 1
36 72 1
36 79 1
36 82 1
36 91 1
36 95 1
36 99 1
36 108 1
36 109 1
36 123 1
36 133 1
36 143 1
36 144 1
36 147 1
36 155 1
37 45 1
37 59 1
37 75 1
37 79 1
37 94 1
37 100 1
37 104 1
37 107 1
37 108 1
37 115 1
37 123 1
37 126 1
37 128 1
37 147 1
37 152 1
37 154 1
38 55 1
38 56 1
38 58 1
38 59 1
38 75 1
38 88 1
38 89 1
38 100 1
38 108 1
38 116 1
38 118 1
38 142 1
38 152 1
38 153 1
39 41 1
39 50 1
39 54 1
39 58 1
39 61 1
39 63 1
39 64 1
39 68 1
39 80 1
39 93 1
39 95 1
39 96 1
39 98 1
39 99 1
39 105 1
39 106 1
39 120 1
39 123 1
39 128 1
39 129 1
39 130 1
39 137 1
39 141 1
39 148 1
40 42 1
40 44 1
40 52 1
40 53 1
40 59 1
40 68 1
40 108 1
40 111 1
40 127 1
40 135 1
40 152 1
40 154 1
40 155 1
41 56 1
41 60 1
41 65 1
41 66 1
41 72 1
41 81 1
41 88 1
41 109 1
41 111 1
41 126 1
41 130 1
41 140 1
41 141 1
41 150 1
41 152 1
41 156 1
41 159 1
42 54 1
42 84 1
42 127 1
42 129 1
42 131 1
42 132 1
42 135 1
43 48 1
43 62 1
43 63 1
43 66 1
43 71 1
43 75 1
43 79 1
43 81 1
43 84 1
43 107 1
43 130 1
43 134 1
43 143 1
43 152 1
43 156 1
44 99 1
44 103 1
44 116 1
44 127 1
44 129 1
44 144 1
44 147 1
44 151 1
45 50 1
45 52 1
45 66 1
45 94 1
45 96 1
45 105 1
45 109 1
45 118 1
45 145 1
45 155 1
46 53 1
46 55 1
46 101 1
46 102 1
46 104 1
46 121 1
46 138 1
46 148 1
46 153 1
47 66 1
47 77 1
47 96 1
47 103 1
47 105 1
47 106 1
47 107 1
47 114 1
47 119 1
47 123 1
47 126 1
47 132 1
47 135 1
47 143 1
47 153 1
47 154 1
47 157 1
48 49 1
48 67 1
48 77 1
48 86 1
48 97 1
48 98 1
48 111 1
48 112 1
48 120 1
48 122 1
48 125 1
48 128 1
48 156 1
49 51 1
49 54 1
49 56 1
49 62 1
49 63 1
49 66 1
49 75 1
49 89 1
49 90 1
49 95 1
49 128 1
49 141 1
49 144 1
49 146 1
49 147 1
49 149 1
49 152 1
50 63 1
50 65 1
50 66 1
50 74 1
50 86 1
50 90 1
50 91 1
50 106 1
50 114 1
50 134 1
50 141 1
50 142 1
50 146 1
50 153 1
50 154 1
51 56 1
51 78 1
51 92 1
51 94 1
51 96 1
51 101 1
51 103 1
51 107 1
51 110 1
51 135 1
51 151 1
51 157 1
52 53 1
52 70 1
52 85 1
52 99 1
52 103 1
52 114 1
52 121 1
52 125 1
52 131 1
52 133 1
52 140 1
52 147 1
52 157 1
52 158 1
53 63 1
53 70 1
53 76 1
53 78 1
53 91 1
53 92 1
53 107 1
53 109 1
53 124 1
53 130 1
53 138 1
53 139 1
53 147 1
54 59 1
54 62 1
54 85 1
54 92 1
54 122 1
54 129 1
55 65 1
55 69 1
55 74 1
55 84 1
55 97 1
55 104 1
55 121 1
55 124 1
55 129 1
55 153 1
56 65 1
56 72 1
56 77 1
56 89 1
56 96 1
56 115 1
56 120 1
56 150 1
56 156 1
57 58 1
57 63 1
57 69 1
57 71 1
57 72 1
57 75 1
57 76 1
57 88 1
57 107 1
57 116 1
57 123 1
57 125 1
57 137 1
57 149 1
57 154 1
58 67 1
58 79 1
58 81 1
58 98 1
58 99 1
58 109 1
58 125 1
58 128 1
58 135 1
58 137 1
58 140 1
58 145 1
58 151 1
59 65 1
59 99 1
59 102 1
59 110 1
59 116 1
59 118 1
59 119 1
59 127 1
59 137 1
59 145 1
59 147 1
59 148 1
59 156 1
60 65 1
60 66 1
60 69 1
60 79 1
60 81 1
60 110 1
60 113 1
60 115 1
60 116 1
60 117 1
60 127 1
60 131 1
60 138 1
60 154 1
61 64 1
61 67 1
61 78 1
61 82 1
61 84 1
61 95 1
61 115 1
61 122 1
61 144 1
61 150 1
61 154 1
61 157 1
62 64 1
62 67 1
62 72 1
62 77 1
62 89 1
62 94 1
62 104 1
62 123 1
62 125 1
62 132 1
62 133 1
62 134 1
62 139 1
62 140 1
62 147 1
62 157 1
62 159 1
63 67 1
63 72 1
63 73 1
63 96 1
63 97 1
63 109 1
63 110 1
63 112 1
63 114 1
63 116 1
63 121 1
63 126 1
63 143 1
63 146 1
63 152 1
63 159 1
64 68 1
64 71 1
64 78 1
64 84 1
64 96 1
64 110 1
64 111 1
64 115 1
64 118 1
64 126 1
64 137 1
64 141 1
64 143 1
64 144 1
64 148 1
64 150 1
64 152 1
64 156 1
65 73 1
65 86 1
65 95 1
65 98 1
65 104 1
65 110 1
65 124 1
65 133 1
65 140 1
65 141 1
65 146 1
65 159 1
66 75 1
66 92 1
66 93 1
66 102 1
66 106 1
66 118 1
66 125 1
66 129 1
66 138 1
66 143 1
67 76 1
67 78 1
67 79 1
67 81 1
67 95 1
67 120 1
67 130 1
67 157 1
67 158 1
67 159 1
68 77 1
68 85 1
68 94 1
68 97 1
68 101 1
68 102 1
68 108 1
69 74 1
69 79 1
69 81 1
69 84 1
69 86 1
69 87 1
69 94 1
69 97 1
69 108 1
69 115 1
69 118 1
69 122 1
69 125 1
69 128 1
69 138 1
69 142 1
70 74 1
70 77 1
70 92 1
70 98 1
70 108 1
70 117 1
70 125 1
70 128 1
70 129 1
71 72 1
71 96 1
71 106 1
71 111 1
71 118 1
71 124 1
71 125 1
71 130 1
71 131 1
71 132 1
71 145 1
71 148 1
72 80 1
72 85 1
72 94 1
72 101 1
72 113 1
72 114 1
72 130 1
72 152 1
72 155 1
72 158 1
73 88 1
73 90 1
73 94 1
73 95 1
73 96 1
73 105 1
73 118 1
73 119 1
73 122 1
73 134 1
73 139 1
73 151 1
74 75 1
74 76 1
74 79 1
74 89 1
74 92 1
74 101 1
74 107 1
74 110 1
74 136 1
74 150 1
74 152 1
74 153 1
74 155 1
75 83 1
75 103 1
75 118 1
75 125 1
75 132 1
75 133 1
75 144 1
75 146 1
75 147 1
76 84 1
76 91 1
76 99 1
76 103 1
76 106 1
76 108 1
76 110 1
76 117 1
76 118 1
76 120 1
76 121 1
76 122 1
76 125 1
76 126 1
76 130 1
76 131 1
76 133 1
76 139 1
76 144 1
76 148 1
76 150 1
76 153 1
76 156 1
76 157 1
76 158 1
76 159 1
77 80 1
77 91 1
77 97 1
77 103 1
77 106 1
77 119 1
77 125 1
77 135 1
77 146 1
77 152 1
77 157 1
78 80 1
78 84 1
78 101 1
78 123 1
78 131 1
78 137 1
78 157 1
79 80 1
79 81 1
79 82 1
79 86 1
79 89 1
79 106 1
79 107 1
79 147 1
79 153 1
79 154 1
80 82 1
80 85 1
80 93 1
80 96 1
80 101 1
80 102 1
80 120 1
80 141 1
80 143 1
80 147 1
80 155 1
80 156 1
80 157 1
81 106 1
81 123 1
81 125 1
81 127 1
82 95 1
82 100 1
82 101 1
82 102 1
82 108 1
82 109 1
82 112 1
82 120 1
82 124 1
82 125 1
82 127 1
82 134 1
82 141 1
82 143 1
82 151 1
82 153 1
82 155 1
82 158 1
83 92 1
83 95 1
83 98 1
83 101 1
83 142 1
83 143 1
83 154 1
83 157 1
84 91 1
84 100 1
84 111 1
84 116 1
84 126 1
84 130 1
84 153 1
85 97 1
85 103 1
85 127 1
85 128 1
85 133 1
85 143 1
85 144 1
85 147 1
85 149 1
85 151 1
86 87 1
86 91 1
86 101 1
86 131 1
86 134 1
86 149 1
87 89 1
87 97 1
87 98 1
87 100 1
87 102 1
87 109 1
87 110 1
87 121 1
87 128 1
87 129 1
87 130 1
87 136 1
87 138 1
87 141 1
87 155 1
87 157 1
87 159 1
88 90 1
88 92 1
88 100 1
88 101 1
88 104 1
88 106 1
88 133 1
88 144 1
88 151 1
89 90 1
89 98 1
89 99 1
89 125 1
89 134 1
89 135 1
89 139 1
89 153 1
89 154 1
89 158 1
90 111 1
90 114 1
90 132 1
90 145 1
90 151 1
91 102 1
91 111 1
91 116 1
91 123 1
91 126 1
91 128 1
91 138 1
91 141 1
91 142 1
91 144 1
91 146 1
91 157 1
91 158 1
92 93 1
92 100 1
92 105 1
92 109 1
92 113 1
92 116 1
92 138 1
92 140 1
92 143 1
92 152 1
93 96 1
93 99 1
93 101 1
93 109 1
93 110 1
93 122 1
93 131 1
93 139 1
94 104 1
94 108 1
94 112 1
94 126 1
94 145 1
94 148 1
94 157 1
95 101 1
95 132 1
95 138 1
95 149 1
95 150 1
96 101 1
96 115 1
96 135 1
96 148 1
97 107 1
97 115 1
97 120 1
97 130 1
97 132 1
97 143 1
98 100 1
98 102 1
98 104 1
98 105 1
98 112 1
98 113 1
98 118 1
98 119 1
98 148 1
99 105 1
99 109 1
99 132 1
99 143 1
99 146 1
99 152 1
100 102 1
100 107 1
100 117 1
100 121 1
100 127 1
100 129 1
100 134 1
100 135 1
100 136 1
100 152 1
100 153 1
100 154 1
100 155 1
100 157 1
101 103 1
101 121 1
101 142 1
102 107 1
102 111 1
102 121 1
102 122 1
102 123 1
102 130 1
102 144 1
102 147 1
102 157 1
103 107 1
103 116 1
103 127 1
104 105 1
104 119 1
104 125 1
104 126 1
104 131 1
104 148 1
105 109 1
105 115 1
105 116 1
105 134 1
105 147 1
105 157 1
106 112 1
106 141 1
106 157 1
107 108 1
107 112 1
107 115 1
107 127 1
107 130 1
107 140 1
107 147 1
107 150 1
107 152 1
108 111 1
108 112 1
108 116 1
108 117 1
108 132 1
108 157 1
108 159 1
109 117 1
109 127 1
109 154 1
109 155 1
110 111 1
110 115 1
110 117 1
110 122 1
110 125 1
110 127 1
110 139 1
110 144 1
110 145 1
110 147 1
110 148 1
111 115 1
111 117 1
111 129 1
111 150 1
111 155 1
111 158 1
112 133 1
112 136 1
112 137 1
112 147 1
112 150 1
113 115 1
113 116 1
113 131 1
113 132 1
113 139 1
113 146 1
113 149 1
113 152 1
113 154 1
114 127 1
114 129 1
114 131 1
114 144 1
114 148 1
115 121 1
115 130 1
115 132 1
115 137 1
115 139 1
115 149 1
116 117 1
116 154 1
117 119 1
117 122 1
117 130 1
117 132 1
117 135 1
117 140 1
117 143 1
117 153 1
118 119 1
118 122 1
118 134 1
118 154 1
119 120 1
119 124 1
119 125 1
119 136 1
119 144 1
120 129 1
120 131 1
120 136 1
120 138 1
120 142 1
120 152 1
120 157 1
121 122 1
121 130 1
121 145 1
121 153 1
121 158 1
122 123 1
122 125 1
122 126 1
122 129 1
122 146 1
122 150 1
123 130 1
123 139 1
123 149 1
124 131 1
124 140 1
124 149 1
124 151 1
125 138 1
125 146 1
126 131 1
126 151 1
126 156 1
126 159 1
127 145 1
128 142 1
128 145 1
128 146 1
128 158 1
129 136 1
129 137 1
129 145 1
129 153 1
129 159 1
130 131 1
130 133 1
130 141 1
130 143 1
130 147 1
130 152 1
130 157 1
131 133 1
131 145 1
131 152 1
131 154 1
132 141 1
132 144 1
132 155 1
132 159 1
133 146 1
134 137 1
134 151 1
135 139 1
135 147 1
136 139 1
136 144 1
137 140 1
137 148 1
137 156 1
138 141 1
138 143 1
140 145 1
140 148 1
140 151 1
141 142 1
141 146 1
141 147 1
141 148 1
141 154 1
141 155 1
142 148 1
142 155 1
142 156 1
143 158 1
144 153 1
145 154 1
146 149 1
146 152 1
148 157 1
149 159 1
150 152 1
150 156 1
151 152 1
151 155 1
154 159 1
158 159 1
1
63 46 154 84 102 121 51 114 70 141 145 52 137 69 72 8
