908
0 1 1
0 3 1
0 8 1
0 14 1
0 16 1
0 17 1
0 20 1
0 42 1
0 47 1
0 56 1
0 58 1
0 59 1
0 61 1
0 67 1
0 68 1
0 71 1
0 74 1
0 78 1
0 89 1
0 97 1
1 2 1
1 4 1
1 6 1
1 8 1
1 18 1
1 21 1
1 29 1
1 41 1
1 50 1
1 56 1
1 70 1
1 76 1
1 78 1
1 80 1
1 82 1
1 85 1
2 10 1
2 19 1
2 24 1
2 25 1
2 35 1
2 36 1
2 39 1
2 40 1
2 43 1
2 48 1
2 54 1
2 60 1
2 64 1
2 68 1
2 69 1
2 71 1
2 73 1
2 88 1
2 90 1
3 9 1
3 10 1
3 11 1
3 12 1
3 14 1
3 19 1
3 27 1
3 32 1
3 36 1
3 39 1
3 40 1
3 42 1
3 43 1
3 51 1
3 53 1
3 55 1
3 56 1
3 58 1
3 70 1
3 76 1
3 86 1
3 91 1
3 92 1
3 97 1
4 5 1
4 8 1
4 12 1
4 25 1
4 28 1
4 37 1
4 41 1
4 51 1
4 53 1
4 54 1
4 55 1
4 61 1
4 67 1
4 68 1
4 71 1
4 76 1
4 80 1
4 82 1
4 98 1
5 6 1
5 11 1
5 12 1
5 28 1
5 31 1
5 33 1
5 36 1
5 40 1
5 43 1
5 44 1
5 53 1
5 59 1
5 67 1
5 69 1
5 71 1
5 72 1
5 73 1
5 78 1
5 91 1
5 92 1
5 93 1
5 96 1
5 98 1
6 10 1
6 14 1
6 18 1
6 27 1
6 32 1
6 48 1
6 52 1
6 61 1
6 81 1
6 83 1
6 95 1
6 98 1
7 12 1
7 15 1
7 27 1
7 36 1
7 40 1
7 42 1
7 51 1
7 61 1
7 63 1
7 68 1
7 70 1
7 74 1
7 84 1
7 87 1
7 92 1
7 93 1
7 94 1
7 99 1
8 9 1
8 14 1
8 21 1
8 22 1
8 25 1
8 33 1
8 40 1
8 43 1
8 44 1
8 46 1
8 52 1
8 54 1
8 83 1
8 87 1
8 90 1
8 91 1
8 98 1
9 10 1
9 11 1
9 17 1
9 35 1
9 46 1
9 50 1
9 56 1
9 59 1
9 63 1
9 66 1
9 70 1
9 89 1
10 13 1
10 14 1
10 17 1
10 29 1
10 38 1
10 61 1
10 70 1
10 84 1
10 85 1
10 86 1
10 94 1
10 97 1
10 98 1
11 12 1
11 13 1
11 16 1
11 21 1
11 23 1
11 40 1
11 42 1
11 44 1
11 50 1
11 51 1
11 52 1
11 55 1
11 75 1
11 82 1
11 83 1
11 88 1
11 94 1
11 95 1
12 19 1
12 22 1
12 31 1
12 34 1
12 35 1
12 36 1
12 38 1
12 40 1
12 44 1
12 52 1
12 59 1
12 61 1
12 64 1
12 67 1
12 70 1
12 71 1
12 72 1
12 76 1
12 91 1
12 92 1
12 94 1
12 96 1
12 97 1
13 15 1
13 18 1
13 26 1
13 30 1
13 31 1
13 40 1
13 46 1
13 58 1
13 59 1
13 64 1
13 65 1
13 68 1
13 72 1
13 90 1
13 96 1
14 16 1
14 22 1
14 35 1
14 41 1
14 49 1
14 50 1
14 58 1
14 62 1
14 70 1
14 71 1
14 76 1
14 79 1
14 86 1
14 95 1
15 22 1
15 27 1
15 35 1
15 37 1
15 38 1
15 43 1
15 44 1
15 49 1
15 54 1
15 55 1
15 57 1
15 58 1
15 61 1
15 65 1
15 69 1
15 74 1
15 83 1
15 84 1
15 88 1
16 27 1
16 30 1
16 31 1
16 50 1
16 65 1
16 68 1
16 70 1
16 76 1
16 81 1
16 82 1
16 99 1
17 31 1
17 42 1
17 60 1
17 61 1
17 67 1
17 72 1
17 75 1
17 76 1
17 80 1
17 82 1
18 23 1
18 44 1
18 45 1
18 49 1
18 51 1
18 52 1
18 55 1
18 62 1
18 66 1
18 69 1
18 72 1
18 83 1
18 85 1
18 89 1
19 22 1
19 23 1
19 28 1
19 29 1
19 31 1
19 49 1
19 59 1
19 63 1
19 73 1
19 76 1
19 78 1
19 84 1
19 85 1
19 88 1
19 97 1
20 22 1
20 41 1
20 54 1
20 55 1
20 68 1
20 85 1
20 87 1
21 25 1
21 38 1
21 41 1
21 52 1
21 55 1
21 56 1
21 65 1
21 72 1
21 81 1
21 85 1
21 95 1
22 27 1
22 32 1
22 33 1
22 37 1
22 38 1
22 39 1
22 44 1
22 45 1
22 51 1
22 53 1
22 55 1
22 59 1
22 62 1
22 64 1
22 65 1
22 68 1
22 70 1
22 76 1
22 86 1
22 96 1
23 27 1
23 31 1
23 32 1
23 48 1
23 55 1
23 63 1
23 66 1
23 74 1
23 77 1
23 99 1
24 25 1
24 26 1
24 31 1
24 38 1
24 45 1
24 46 1
24 49 1
24 51 1
24 53 1
24 56 1
24 59 1
24 60 1
24 63 1
24 65 1
24 70 1
24 74 1
24 83 1
24 88 1
24 91 1
24 97 1
25 36 1
25 43 1
25 51 1
25 62 1
25 68 1
25 70 1
25 83 1
25 86 1
25 87 1
25 95 1
25 98 1
26 27 1
26 37 1
26 39 1
26 42 1
26 45 1
26 46 1
26 48 1
26 51 1
26 54 1
26 67 1
26 69 1
26 73 1
26 82 1
26 91 1
26 94 1
27 28 1
27 29 1
27 31 1
27 43 1
27 50 1
27 53 1
27 54 1
27 55 1
27 61 1
27 70 1
27 77 1
27 83 1
27 87 1
28 37 1
28 43 1
28 50 1
28 72 1
28 73 1
28 78 1
28 93 1
28 95 1
29 31 1
29 34 1
29 36 1
29 40 1
29 45 1
29 47 1
29 55 1
29 59 1
29 60 1
29 72 1
29 74 1
29 78 1
29 86 1
29 97 1
30 47 1
30 52 1
30 56 1
30 57 1
30 62 1
30 74 1
30 76 1
30 84 1
30 87 1
30 91 1
30 93 1
30 95 1
30 98 1
31 32 1
31 43 1
31 62 1
31 63 1
31 71 1
31 77 1
31 79 1
31 80 1
31 81 1
31 83 1
31 97 1
32 37 1
32 40 1
32 42 1
32 51 1
32 62 1
32 64 1
32 75 1
32 84 1
32 96 1
32 99 1
33 39 1
33 45 1
33 50 1
33 64 1
33 65 1
33 73 1
33 74 1
33 77 1
33 81 1
33 82 1
33 83 1
34 47 1
34 51 1
34 55 1
34 70 1
34 86 1
34 91 1
34 92 1
34 97 1
34 98 1
34 99 1
35 38 1
35 44 1
35 46 1
35 50 1
35 58 1
35 61 1
35 63 1
35 64 1
35 66 1
35 75 1
35 80 1
35 89 1
35 91 1
35 94 1
35 95 1
36 42 1
36 45 1
36 54 1
36 60 1
36 76 1
36 81 1
36 82 1
36 87 1
36 88 1
36 95 1
37 49 1
37 50 1
37 54 1
37 64 1
37 67 1
37 79 1
37 82 1
37 88 1
37 98 1
38 39 1
38 46 1
38 47 1
38 50 1
38 52 1
38 59 1
38 62 1
38 64 1
38 77 1
38 80 1
38 81 1
38 83 1
38 91 1
38 94 1
39 48 1
39 49 1
39 57 1
39 62 1
39 69 1
39 72 1
39 77 1
39 89 1
39 95 1
39 96 1
40 41 1
40 46 1
40 54 1
40 55 1
40 56 1
40 57 1
40 60 1
40 68 1
40 84 1
40 98 1
41 44 1
41 46 1
41 47 1
41 58 1
41 67 1
41 69 1
41 72 1
41 76 1
41 84 1
41 86 1
41 99 1
42 43 1
42 66 1
42 71 1
42 77 1
42 86 1
42 87 1
42 91 1
42 97 1
42 98 1
43 53 1
43 56 1
43 57 1
43 60 1
43 69 1
43 78 1
43 83 1
43 84 1
43 91 1
43 96 1
44 45 1
44 51 1
44 52 1
44 53 1
44 63 1
44 66 1
44 68 1
44 77 1
44 78 1
44 79 1
44 84 1
44 96 1
44 98 1
45 46 1
45 47 1
45 51 1
45 52 1
45 57 1
45 61 1
45 65 1
45 66 1
45 72 1
45 81 1
45 86 1
45 87 1
45 88 1
45 97 1
46 59 1
46 64 1
46 68 1
46 89 1
47 51 1
47 53 1
47 65 1
47 74 1
47 75 1
47 91 1
47 94 1
47 95 1
48 49 1
48 50 1
48 54 1
48 56 1
48 57 1
48 75 1
48 83 1
48 86 1
49 75 1
49 87 1
49 88 1
49 93 1
50 51 1
50 58 1
50 62 1
50 63 1
50 66 1
50 69 1
50 77 1
50 79 1
50 80 1
50 89 1
51 54 1
51 56 1
51 57 1
51 60 1
51 63 1
51 68 1
51 85 1
51 90 1
51 92 1
51 97 1
52 56 1
52 60 1
52 65 1
52 67 1
52 74 1
52 79 1
52 86 1
52 87 1
52 89 1
52 94 1
53 55 1
53 58 1
53 64 1
53 67 1
53 73 1
53 75 1
53 77 1
53 78 1
53 79 1
53 82 1
53 95 1
53 96 1
53 97 1
54 56 1
54 69 1
54 73 1
54 74 1
54 76 1
54 78 1
54 81 1
54 82 1
54 84 1
54 85 1
54 91 1
55 65 1
55 67 1
55 69 1
55 75 1
55 76 1
55 79 1
55 82 1
55 86 1
55 87 1
55 89 1
56 59 1
56 60 1
56 65 1
56 70 1
56 79 1
56 82 1
56 85 1
56 87 1
56 88 1
56 92 1
56 94 1
56 99 1
57 67 1
57 68 1
57 71 1
57 76 1
57 81 1
57 82 1
57 83 1
58 61 1
58 67 1
58 74 1
58 77 1
58 81 1
58 84 1
58 85 1
58 87 1
59 67 1
59 78 1
59 80 1
59 85 1
59 88 1
59 90 1
59 96 1
59 98 1
60 64 1
60 71 1
60 85 1
60 88 1
60 91 1
60 95 1
60 98 1
61 64 1
61 66 1
61 71 1
61 72 1
61 92 1
61 93 1
62 79 1
62 87 1
62 97 1
63 64 1
63 66 1
63 69 1
63 86 1
63 91 1
63 92 1
63 97 1
64 67 1
64 71 1
64 74 1
64 81 1
64 85 1
64 90 1
64 91 1
64 95 1
65 70 1
65 73 1
65 78 1
65 80 1
65 82 1
65 88 1
65 94 1
65 98 1
66 70 1
66 82 1
66 88 1
66 98 1
67 79 1
67 86 1
68 73 1
68 79 1
68 97 1
68 98 1
69 73 1
69 85 1
69 91 1
69 95 1
69 98 1
70 72 1
70 75 1
70 82 1
70 86 1
70 87 1
70 93 1
71 72 1
71 80 1
71 83 1
71 89 1
71 98 1
72 75 1
72 80 1
72 81 1
72 84 1
72 91 1
73 79 1
73 81 1
73 85 1
73 90 1
73 92 1
73 94 1
73 97 1
74 77 1
74 88 1
74 89 1
74 93 1
74 98 1
74 99 1
75 76 1
75 79 1
75 80 1
75 81 1
75 83 1
75 85 1
75 91 1
75 96 1
75 97 1
75 99 1
76 78 1
76 91 1
76 95 1
77 79 1
77 80 1
77 84 1
77 86 1
77 89 1
77 97 1
78 85 1
78 89 1
78 96 1
79 91 1
79 94 1
79 95 1
79 97 1
81 87 1
81 91 1
81 95 1
81 97 1
81 98 1
82 88 1
82 96 1
82 97 1
83 88 1
83 93 1
83 97 1
84 89 1
84 96 1
84 97 1
85 86 1
85 88 1
85 91 1
85 92 1
85 95 1
86 90 1
86 92 1
86 94 1
86 99 1
87 88 1
87 93 1
90 96 1
90 97 1
91 98 1
91 99 1
93 95 1
93 97 1
93 99 1
94 98 1
95 97 1
97 98 1
1
63 85 98 13 18 7 56 36 69 25
