718
0 4 1
0 12 1
0 13 1
0 25 1
0 42 1
0 43 1
0 44 1
0 45 1
0 49 1
0 52 1
0 54 1
0 59 1
0 74 1
0 77 1
0 79 1
1 10 1
1 17 1
1 26 1
1 27 1
1 31 1
1 35 1
1 39 1
1 41 1
1 46 1
1 47 1
1 56 1
2 5 1
2 11 1
2 12 1
2 13 1
2 15 1
2 17 1
2 24 1
2 28 1
2 38 1
2 39 1
2 40 1
2 42 1
2 44 1
2 53 1
2 61 1
2 63 1
2 66 1
2 74 1
3 9 1
3 10 1
3 27 1
3 33 1
3 41 1
3 51 1
3 54 1
3 57 1
3 68 1
3 70 1
3 71 1
3 72 1
3 73 1
3 78 1
4 5 1
4 6 1
4 12 1
4 16 1
4 19 1
4 22 1
4 23 1
4 26 1
4 28 1
4 29 1
4 30 1
4 32 1
4 33 1
4 36 1
4 42 1
4 48 1
4 50 1
4 51 1
4 54 1
4 61 1
4 63 1
4 64 1
4 70 1
4 76 1
5 16 1
5 18 1
5 31 1
5 33 1
5 35 1
5 40 1
5 42 1
5 46 1
5 47 1
5 49 1
5 50 1
5 55 1
5 56 1
5 60 1
5 61 1
5 66 1
5 69 1
5 74 1
5 79 1
6 8 1
6 15 1
6 16 1
6 20 1
6 22 1
6 24 1
6 26 1
6 29 1
6 33 1
6 34 1
6 35 1
6 41 1
6 44 1
6 49 1
6 52 1
6 56 1
6 59 1
6 60 1
6 65 1
6 66 1
7 8 1
7 11 1
7 13 1
7 30 1
7 32 1
7 34 1
7 40 1
7 43 1
7 44 1
7 46 1
7 49 1
7 51 1
7 54 1
7 56 1
7 62 1
7 64 1
7 73 1
8 9 1
8 15 1
8 16 1
8 18 1
8 24 1
8 29 1
8 44 1
8 52 1
8 58 1
8 71 1
8 72 1
8 73 1
8 78 1
9 17 1
9 33 1
9 34 1
9 36 1
9 50 1
9 51 1
9 52 1
9 57 1
9 63 1
9 71 1
9 74 1
9 77 1
9 78 1
10 11 1
10 16 1
10 20 1
10 35 1
10 36 1
10 41 1
10 42 1
10 45 1
10 48 1
10 50 1
10 58 1
10 62 1
10 67 1
10 79 1
11 15 1
11 18 1
11 19 1
11 21 1
11 29 1
11 32 1
11 45 1
11 47 1
11 52 1
11 54 1
11 64 1
11 65 1
11 66 1
11 69 1
11 74 1
11 75 1
11 77 1
12 19 1
12 20 1
12 24 1
12 31 1
12 34 1
12 35 1
12 36 1
12 40 1
12 43 1
12 45 1
12 67 1
12 73 1
12 76 1
13 22 1
13 23 1
13 25 1
13 33 1
13 39 1
13 40 1
13 43 1
13 51 1
13 52 1
13 57 1
13 58 1
13 63 1
13 64 1
13 65 1
13 75 1
14 18 1
14 22 1
14 27 1
14 32 1
14 38 1
14 39 1
14 45 1
14 48 1
14 52 1
14 55 1
14 57 1
14 58 1
14 59 1
14 60 1
14 62 1
14 67 1
14 72 1
14 78 1
15 16 1
15 17 1
15 21 1
15 28 1
15 31 1
15 32 1
15 34 1
15 39 1
15 41 1
15 55 1
15 57 1
15 58 1
15 68 1
15 74 1
15 75 1
15 76 1
16 19 1
16 20 1
16 21 1
16 24 1
16 31 1
16 32 1
16 33 1
16 37 1
16 38 1
16 39 1
16 43 1
16 56 1
16 57 1
16 76 1
17 20 1
17 22 1
17 23 1
17 27 1
17 30 1
17 34 1
17 35 1
17 36 1
17 50 1
17 54 1
17 57 1
17 59 1
17 65 1
17 67 1
17 74 1
17 79 1
18 20 1
18 27 1
18 29 1
18 41 1
18 43 1
18 47 1
18 53 1
18 69 1
18 72 1
18 76 1
19 22 1
19 36 1
19 39 1
19 41 1
19 42 1
19 43 1
19 45 1
19 50 1
19 51 1
19 55 1
19 56 1
19 63 1
19 64 1
19 68 1
19 72 1
19 76 1
20 25 1
20 28 1
20 30 1
20 37 1
20 38 1
20 43 1
20 51 1
20 54 1
20 61 1
20 63 1
20 64 1
20 69 1
20 70 1
20 73 1
20 77 1
21 22 1
21 23 1
21 24 1
21 30 1
21 31 1
21 43 1
21 55 1
21 57 1
21 63 1
21 66 1
21 71 1
22 26 1
22 30 1
22 37 1
22 38 1
22 40 1
22 43 1
22 47 1
22 53 1
22 55 1
22 58 1
22 62 1
22 65 1
22 68 1
22 69 1
22 76 1
22 78 1
23 28 1
23 34 1
23 39 1
23 48 1
23 61 1
23 62 1
23 72 1
23 79 1
24 32 1
24 33 1
24 34 1
24 43 1
24 52 1
24 53 1
24 58 1
24 60 1
24 61 1
24 64 1
24 66 1
24 75 1
25 30 1
25 32 1
25 36 1
25 37 1
25 40 1
25 43 1
25 44 1
25 47 1
25 49 1
25 52 1
25 57 1
25 59 1
25 64 1
25 66 1
25 67 1
25 70 1
25 73 1
25 75 1
26 38 1
26 42 1
26 45 1
26 49 1
26 62 1
26 70 1
26 76 1
26 78 1
27 31 1
27 38 1
27 39 1
27 41 1
27 48 1
27 51 1
27 52 1
27 54 1
27 57 1
27 61 1
27 68 1
27 69 1
27 76 1
27 79 1
28 40 1
28 41 1
28 47 1
28 50 1
28 54 1
28 55 1
28 70 1
28 76 1
29 31 1
29 32 1
29 38 1
29 54 1
29 57 1
29 58 1
29 69 1
29 77 1
30 32 1
30 37 1
30 40 1
30 46 1
30 59 1
30 60 1
30 61 1
30 64 1
30 70 1
30 79 1
31 36 1
31 38 1
31 44 1
31 46 1
31 48 1
31 51 1
31 53 1
31 62 1
31 66 1
31 67 1
32 35 1
32 37 1
32 41 1
32 46 1
32 54 1
32 56 1
32 58 1
32 69 1
32 71 1
32 74 1
32 76 1
32 78 1
33 37 1
33 51 1
33 52 1
33 55 1
33 56 1
33 59 1
33 66 1
33 71 1
33 72 1
33 74 1
33 76 1
34 37 1
34 38 1
34 41 1
34 42 1
34 44 1
34 52 1
34 53 1
34 54 1
34 60 1
34 63 1
34 66 1
34 70 1
34 72 1
34 73 1
34 78 1
34 79 1
35 38 1
35 42 1
35 43 1
35 47 1
35 53 1
35 55 1
35 57 1
35 62 1
35 63 1
35 64 1
35 70 1
35 79 1
36 47 1
36 49 1
36 56 1
36 58 1
36 60 1
36 62 1
36 72 1
36 74 1
37 47 1
37 57 1
37 63 1
37 64 1
37 70 1
37 76 1
38 39 1
38 42 1
38 45 1
38 46 1
38 55 1
38 65 1
38 67 1
38 68 1
38 71 1
38 74 1
38 76 1
38 78 1
39 48 1
39 53 1
39 55 1
39 58 1
39 63 1
39 69 1
39 70 1
39 71 1
39 72 1
40 41 1
40 43 1
40 49 1
40 55 1
40 62 1
40 64 1
40 66 1
40 68 1
40 70 1
41 44 1
41 45 1
41 46 1
41 47 1
41 51 1
41 52 1
41 55 1
41 62 1
41 70 1
41 77 1
41 78 1
41 79 1
42 49 1
42 52 1
42 54 1
42 61 1
42 67 1
42 72 1
42 74 1
42 79 1
43 53 1
43 54 1
43 61 1
43 62 1
43 63 1
43 64 1
43 71 1
43 73 1
44 46 1
44 53 1
44 54 1
44 62 1
44 68 1
44 71 1
44 75 1
44 77 1
45 46 1
45 51 1
45 53 1
45 55 1
45 59 1
45 64 1
45 65 1
45 69 1
45 74 1
45 76 1
46 52 1
46 56 1
46 61 1
46 68 1
47 55 1
47 65 1
47 69 1
47 71 1
47 74 1
47 75 1
47 77 1
48 69 1
48 74 1
48 76 1
49 57 1
49 58 1
49 59 1
49 70 1
49 77 1
49 78 1
50 51 1
50 57 1
50 60 1
50 68 1
51 54 1
51 68 1
51 70 1
51 76 1
52 54 1
52 55 1
52 57 1
52 61 1
52 69 1
52 70 1
52 72 1
52 73 1
52 74 1
53 54 1
53 57 1
53 59 1
53 65 1
53 68 1
53 71 1
53 75 1
53 76 1
53 79 1
54 60 1
54 67 1
54 72 1
54 76 1
54 78 1
54 79 1
55 57 1
55 63 1
55 64 1
55 66 1
55 69 1
55 71 1
56 60 1
56 65 1
56 67 1
56 68 1
56 71 1
56 74 1
56 78 1
57 58 1
57 62 1
57 64 1
57 69 1
57 75 1
57 77 1
58 59 1
58 63 1
58 65 1
58 70 1
58 71 1
58 74 1
59 61 1
59 72 1
59 75 1
59 78 1
60 65 1
60 68 1
60 73 1
61 78 1
62 64 1
62 75 1
62 76 1
62 78 1
62 79 1
63 65 1
63 75 1
63 76 1
64 65 1
64 69 1
64 72 1
64 75 1
64 78 1
65 68 1
65 72 1
65 74 1
65 77 1
67 68 1
67 69 1
67 76 1
67 77 1
67 78 1
68 70 1
68 72 1
68 75 1
68 77 1
68 78 1
68 79 1
69 72 1
70 72 1
70 78 1
71 72 1
71 78 1
71 79 1
72 76 1
72 79 1
73 74 1
73 78 1
74 79 1
76 77 1
77 78 1
1
41 7 36 71 75 18 55 19
