532
0 1 1
0 5 1
0 8 1
0 10 1
0 12 1
0 13 1
0 14 1
0 22 1
0 24 1
0 33 1
0 43 1
0 44 1
0 48 1
0 49 1
0 50 1
0 51 1
0 53 1
0 54 1
0 65 1
1 3 1
1 5 1
1 6 1
1 7 1
1 15 1
1 18 1
1 22 1
1 23 1
1 30 1
1 34 1
1 35 1
1 43 1
1 44 1
1 45 1
1 47 1
1 53 1
1 54 1
1 56 1
1 60 1
1 61 1
1 65 1
1 67 1
2 4 1
2 10 1
2 16 1
2 23 1
2 24 1
2 26 1
2 28 1
2 30 1
2 33 1
2 40 1
2 42 1
2 48 1
2 55 1
2 57 1
2 58 1
2 59 1
2 67 1
3 6 1
3 34 1
3 37 1
3 40 1
3 41 1
3 47 1
3 48 1
3 59 1
3 68 1
3 69 1
4 18 1
4 22 1
4 23 1
4 27 1
4 30 1
4 41 1
4 46 1
4 54 1
4 58 1
4 59 1
4 62 1
4 66 1
4 69 1
5 8 1
5 9 1
5 10 1
5 12 1
5 13 1
5 17 1
5 19 1
5 21 1
5 22 1
5 23 1
5 28 1
5 34 1
5 35 1
5 36 1
5 45 1
5 48 1
5 50 1
5 52 1
5 54 1
5 66 1
5 68 1
5 69 1
6 17 1
6 32 1
6 41 1
6 42 1
6 44 1
6 51 1
6 57 1
6 61 1
6 66 1
7 12 1
7 20 1
7 22 1
7 24 1
7 29 1
7 31 1
7 36 1
7 37 1
7 38 1
7 49 1
7 56 1
7 60 1
7 66 1
7 67 1
7 68 1
8 11 1
8 12 1
8 16 1
8 22 1
8 33 1
8 38 1
8 40 1
8 42 1
8 43 1
8 47 1
8 54 1
8 57 1
8 58 1
8 59 1
8 63 1
8 65 1
9 11 1
9 13 1
9 26 1
9 27 1
9 34 1
9 37 1
9 43 1
9 45 1
9 46 1
9 54 1
9 58 1
9 61 1
9 64 1
9 65 1
10 15 1
10 25 1
10 28 1
10 34 1
10 38 1
10 43 1
10 54 1
10 59 1
10 63 1
10 64 1
10 66 1
11 12 1
11 17 1
11 21 1
11 22 1
11 23 1
11 27 1
11 30 1
11 35 1
11 36 1
11 37 1
11 41 1
11 46 1
11 58 1
11 60 1
11 65 1
11 69 1
12 28 1
12 37 1
12 50 1
12 54 1
12 56 1
12 67 1
13 22 1
13 28 1
13 33 1
13 38 1
13 41 1
13 59 1
13 62 1
13 64 1
13 66 1
13 68 1
13 69 1
14 27 1
14 29 1
14 46 1
14 51 1
14 56 1
14 59 1
15 18 1
15 19 1
15 22 1
15 23 1
15 24 1
15 30 1
15 35 1
15 36 1
15 40 1
15 42 1
15 43 1
15 52 1
15 60 1
15 63 1
15 64 1
15 66 1
15 67 1
15 68 1
16 19 1
16 23 1
16 25 1
16 30 1
16 35 1
16 37 1
16 39 1
16 44 1
16 48 1
16 50 1
16 69 1
17 53 1
17 59 1
17 60 1
17 61 1
18 20 1
18 21 1
18 22 1
18 24 1
18 25 1
18 28 1
18 32 1
18 36 1
18 43 1
18 44 1
18 48 1
18 57 1
18 62 1
18 63 1
18 65 1
18 67 1
19 24 1
19 27 1
19 28 1
19 34 1
19 48 1
19 56 1
19 57 1
19 60 1
19 61 1
19 62 1
19 65 1
20 23 1
20 27 1
20 37 1
20 38 1
20 40 1
20 41 1
20 47 1
20 49 1
20 54 1
20 57 1
21 25 1
21 30 1
21 31 1
21 32 1
21 34 1
21 41 1
21 42 1
21 46 1
21 49 1
21 50 1
21 52 1
21 54 1
21 55 1
21 59 1
21 60 1
21 63 1
22 23 1
22 33 1
22 34 1
22 35 1
22 36 1
22 53 1
22 54 1
22 56 1
22 62 1
23 27 1
23 28 1
23 29 1
23 30 1
23 31 1
23 37 1
23 44 1
23 53 1
23 57 1
23 61 1
23 62 1
23 65 1
23 68 1
24 25 1
24 32 1
24 34 1
24 36 1
24 43 1
24 48 1
24 53 1
24 55 1
24 58 1
24 59 1
24 65 1
24 68 1
25 30 1
25 33 1
25 38 1
25 39 1
25 42 1
25 43 1
25 44 1
25 57 1
25 69 1
26 27 1
26 29 1
26 43 1
26 50 1
26 53 1
26 59 1
26 65 1
26 66 1
26 68 1
27 33 1
27 40 1
27 44 1
27 49 1
27 52 1
27 62 1
28 29 1
28 38 1
28 51 1
28 53 1
28 54 1
28 56 1
28 60 1
29 37 1
29 38 1
29 39 1
29 40 1
29 41 1
29 46 1
29 47 1
29 50 1
29 58 1
30 33 1
30 41 1
30 45 1
30 50 1
30 52 1
30 53 1
31 34 1
31 36 1
31 37 1
31 41 1
31 42 1
31 59 1
31 67 1
32 33 1
32 35 1
32 41 1
32 48 1
32 50 1
32 51 1
32 52 1
32 53 1
32 56 1
32 58 1
32 66 1
33 41 1
33 42 1
33 55 1
33 68 1
34 38 1
34 44 1
34 47 1
34 54 1
34 63 1
35 38 1
35 41 1
35 43 1
35 44 1
35 55 1
35 64 1
35 65 1
36 37 1
36 42 1
36 52 1
36 54 1
36 55 1
36 66 1
36 69 1
37 45 1
37 46 1
37 56 1
37 65 1
37 66 1
38 46 1
38 52 1
38 54 1
38 60 1
38 62 1
38 68 1
39 41 1
39 42 1
39 46 1
39 48 1
39 49 1
39 50 1
39 51 1
39 52 1
39 53 1
40 41 1
40 45 1
40 46 1
40 54 1
40 58 1
40 62 1
40 63 1
40 65 1
40 69 1
41 45 1
41 57 1
41 59 1
41 64 1
41 67 1
42 44 1
42 46 1
42 47 1
42 51 1
42 56 1
42 57 1
42 60 1
42 63 1
43 44 1
43 53 1
43 56 1
43 57 1
43 58 1
43 60 1
43 63 1
43 65 1
44 47 1
44 52 1
44 57 1
44 58 1
44 60 1
44 61 1
44 63 1
44 64 1
44 65 1
45 47 1
45 51 1
45 54 1
45 60 1
45 64 1
45 67 1
46 47 1
46 49 1
46 59 1
46 69 1
47 54 1
47 55 1
47 64 1
47 66 1
48 58 1
49 67 1
50 52 1
50 55 1
50 57 1
50 59 1
50 62 1
51 57 1
51 64 1
51 67 1
52 53 1
52 56 1
52 59 1
52 61 1
52 63 1
52 66 1
53 55 1
53 62 1
53 68 1
54 59 1
54 63 1
54 65 1
54 66 1
54 67 1
55 65 1
55 68 1
56 63 1
56 67 1
57 61 1
57 66 1
57 69 1
58 65 1
58 66 1
59 67 1
59 68 1
59 69 1
60 61 1
60 67 1
60 68 1
60 69 1
61 64 1
61 66 1
62 65 1
64 66 1
64 67 1
1
44 46 58 28 39 55 0
