1357
0 5 1
0 9 1
0 18 1
0 25 1
0 34 1
0 35 1
0 36 1
0 37 1
0 40 1
0 41 1
0 42 1
0 54 1
0 68 1
0 86 1
0 87 1
0 98 1
0 99 1
0 104 1
0 108 1
0 124 1
0 129 1
0 135 1
1 12 1
1 15 1
1 19 1
1 27 1
1 28 1
1 29 1
1 33 1
1 38 1
1 40 1
1 41 1
1 45 1
1 54 1
1 80 1
1 83 1
1 89 1
1 90 1
1 102 1
1 112 1
1 113 1
1 117 1
1 123 1
1 125 1
1 127 1
1 134 1
2 3 1
2 7 1
2 18 1
2 24 1
2 25 1
2 32 1
2 51 1
2 70 1
2 78 1
2 83 1
2 97 1
2 98 1
2 102 1
2 107 1
2 110 1
2 111 1
2 123 1
2 129 1
2 139 1
3 47 1
3 51 1
3 62 1
3 66 1
3 74 1
3 76 1
3 86 1
3 97 1
3 99 1
3 107 1
3 109 1
3 118 1
3 119 1
3 121 1
4 6 1
4 7 1
4 8 1
4 21 1
4 22 1
4 23 1
4 30 1
4 31 1
4 36 1
4 43 1
4 44 1
4 48 1
4 52 1
4 54 1
4 57 1
4 66 1
4 72 1
4 85 1
4 92 1
4 100 1
4 101 1
4 113 1
4 126 1
4 133 1
4 135 1
4 136 1
5 14 1
5 26 1
5 34 1
5 48 1
5 64 1
5 74 1
5 76 1
5 80 1
5 85 1
5 87 1
5 91 1
5 97 1
5 110 1
5 117 1
5 127 1
5 139 1
6 11 1
6 21 1
6 32 1
6 33 1
6 38 1
6 52 1
6 54 1
6 71 1
6 73 1
6 87 1
6 90 1
6 106 1
6 110 1
6 111 1
6 114 1
6 121 1
6 125 1
6 130 1
6 139 1
7 11 1
7 14 1
7 19 1
7 42 1
7 61 1
7 64 1
7 65 1
7 67 1
7 69 1
7 77 1
7 79 1
7 95 1
7 98 1
7 102 1
7 107 1
7 114 1
7 116 1
7 123 1
7 124 1
7 139 1
8 9 1
8 11 1
8 19 1
8 50 1
8 67 1
8 68 1
8 69 1
8 74 1
8 77 1
8 103 1
8 110 1
8 125 1
8 128 1
8 133 1
9 27 1
9 29 1
9 39 1
9 46 1
9 54 1
9 68 1
9 73 1
9 76 1
9 81 1
9 103 1
9 104 1
9 105 1
9 106 1
9 135 1
9 137 1
10 15 1
10 20 1
10 43 1
10 44 1
10 46 1
10 57 1
10 66 1
10 69 1
10 76 1
10 91 1
10 97 1
10 103 1
10 110 1
10 114 1
10 117 1
10 119 1
10 121 1
10 124 1
10 125 1
10 133 1
11 12 1
11 19 1
11 21 1
11 27 1
11 38 1
11 40 1
11 64 1
11 113 1
11 127 1
11 132 1
12 17 1
12 19 1
12 27 1
12 42 1
12 59 1
12 67 1
12 73 1
12 74 1
12 80 1
12 86 1
12 96 1
12 103 1
12 104 1
12 115 1
12 131 1
12 133 1
13 27 1
13 29 1
13 35 1
13 41 1
13 44 1
13 51 1
13 55 1
13 57 1
13 59 1
13 65 1
13 68 1
13 69 1
13 87 1
13 92 1
13 96 1
13 99 1
13 102 1
13 128 1
13 130 1
13 132 1
13 133 1
13 136 1
13 139 1
14 23 1
14 63 1
14 70 1
14 72 1
14 82 1
14 112 1
14 118 1
14 119 1
14 121 1
14 127 1
14 133 1
14 135 1
15 27 1
15 33 1
15 39 1
15 47 1
15 48 1
15 52 1
15 61 1
15 70 1
15 83 1
15 84 1
15 91 1
15 93 1
15 98 1
15 108 1
15 122 1
15 123 1
15 124 1
15 127 1
15 131 1
15 132 1
15 138 1
16 23 1
16 24 1
16 25 1
16 26 1
16 50 1
16 51 1
16 53 1
16 54 1
16 57 1
16 81 1
16 84 1
16 86 1
16 89 1
16 90 1
16 93 1
16 99 1
16 106 1
16 109 1
16 113 1
16 127 1
16 131 1
16 133 1
16 135 1
16 137 1
17 18 1
17 23 1
17 31 1
17 56 1
17 61 1
17 90 1
17 92 1
17 96 1
17 131 1
17 133 1
17 134 1
18 32 1
18 36 1
18 38 1
18 43 1
18 45 1
18 54 1
18 55 1
18 63 1
18 72 1
18 96 1
18 101 1
18 123 1
18 132 1
18 137 1
19 22 1
19 31 1
19 44 1
19 52 1
19 56 1
19 67 1
19 82 1
19 121 1
19 124 1
19 130 1
19 137 1
20 21 1
20 24 1
20 25 1
20 27 1
20 39 1
20 42 1
20 70 1
20 76 1
20 79 1
20 81 1
20 92 1
20 99 1
20 103 1
20 119 1
20 126 1
20 137 1
21 22 1
21 25 1
21 27 1
21 35 1
21 39 1
21 42 1
21 61 1
21 88 1
21 95 1
21 105 1
21 112 1
21 113 1
21 116 1
21 118 1
21 131 1
21 138 1
22 23 1
22 39 1
22 42 1
22 47 1
22 66 1
22 76 1
22 78 1
22 84 1
22 95 1
22 98 1
22 120 1
22 121 1
22 125 1
22 127 1
23 27 1
23 47 1
23 56 1
23 57 1
23 58 1
23 72 1
23 73 1
23 78 1
23 81 1
23 82 1
23 97 1
23 106 1
23 134 1
24 25 1
24 44 1
24 50 1
24 55 1
24 59 1
24 77 1
24 94 1
24 104 1
24 119 1
24 122 1
24 130 1
24 134 1
24 137 1
25 28 1
25 36 1
25 67 1
25 75 1
25 76 1
25 81 1
25 83 1
25 91 1
25 96 1
25 101 1
25 109 1
25 111 1
25 119 1
26 27 1
26 29 1
26 41 1
26 42 1
26 45 1
26 49 1
26 52 1
26 56 1
26 68 1
26 69 1
26 71 1
26 72 1
26 73 1
26 84 1
26 87 1
26 112 1
26 115 1
26 120 1
26 121 1
26 125 1
26 133 1
27 28 1
27 36 1
27 53 1
27 55 1
27 65 1
27 84 1
27 88 1
27 96 1
27 98 1
27 100 1
27 103 1
27 108 1
27 112 1
27 114 1
27 117 1
27 118 1
27 119 1
27 124 1
27 126 1
28 33 1
28 40 1
28 60 1
28 62 1
28 80 1
28 95 1
28 116 1
28 121 1
28 125 1
28 127 1
28 134 1
28 135 1
29 35 1
29 44 1
29 46 1
29 53 1
29 66 1
29 80 1
29 98 1
29 103 1
29 105 1
29 115 1
29 116 1
29 117 1
29 118 1
29 130 1
29 139 1
30 38 1
30 41 1
30 46 1
30 74 1
30 94 1
30 129 1
31 39 1
31 40 1
31 50 1
31 52 1
31 54 1
31 61 1
31 79 1
31 84 1
31 90 1
31 92 1
31 94 1
31 95 1
31 102 1
31 109 1
31 129 1
31 130 1
31 132 1
31 138 1
32 38 1
32 47 1
32 52 1
32 60 1
32 61 1
32 64 1
32 70 1
32 79 1
32 80 1
32 85 1
32 86 1
32 95 1
32 96 1
32 97 1
32 101 1
32 106 1
32 107 1
32 111 1
32 118 1
32 121 1
32 122 1
32 130 1
33 35 1
33 36 1
33 49 1
33 61 1
33 76 1
33 79 1
33 80 1
33 85 1
33 95 1
33 100 1
33 106 1
33 112 1
33 117 1
33 118 1
33 125 1
33 127 1
33 139 1
34 42 1
34 53 1
34 59 1
34 60 1
34 64 1
34 65 1
34 73 1
34 82 1
34 86 1
34 103 1
34 112 1
34 120 1
34 121 1
34 124 1
34 127 1
34 131 1
34 136 1
34 139 1
35 45 1
35 56 1
35 63 1
35 67 1
35 75 1
35 77 1
35 79 1
35 81 1
35 90 1
35 94 1
35 97 1
35 98 1
35 106 1
35 113 1
35 121 1
35 139 1
36 37 1
36 41 1
36 45 1
36 50 1
36 55 1
36 73 1
36 80 1
36 98 1
36 99 1
36 101 1
36 106 1
36 111 1
36 116 1
36 120 1
36 121 1
36 131 1
36 135 1
36 138 1
37 39 1
37 49 1
37 51 1
37 60 1
37 67 1
37 76 1
37 77 1
37 87 1
37 95 1
37 111 1
37 127 1
37 132 1
37 133 1
37 135 1
37 137 1
37 139 1
38 40 1
38 51 1
38 63 1
38 75 1
38 80 1
38 85 1
38 99 1
38 114 1
38 120 1
38 132 1
38 135 1
39 48 1
39 66 1
39 71 1
39 73 1
39 81 1
39 82 1
39 85 1
39 87 1
39 93 1
39 107 1
39 114 1
39 121 1
40 45 1
40 51 1
40 57 1
40 59 1
40 66 1
40 68 1
40 71 1
40 72 1
40 80 1
40 81 1
40 94 1
40 104 1
40 106 1
40 113 1
40 117 1
40 121 1
40 123 1
40 129 1
40 132 1
40 137 1
41 42 1
41 46 1
41 47 1
41 49 1
41 51 1
41 55 1
41 59 1
41 60 1
41 63 1
41 67 1
41 68 1
41 78 1
41 82 1
41 85 1
41 91 1
41 93 1
41 106 1
41 123 1
41 126 1
41 127 1
41 139 1
42 44 1
42 51 1
42 52 1
42 67 1
42 74 1
42 78 1
42 81 1
42 88 1
42 89 1
42 90 1
42 103 1
42 114 1
43 44 1
43 54 1
43 57 1
43 63 1
43 67 1
43 69 1
43 78 1
43 83 1
43 90 1
43 93 1
43 95 1
43 99 1
43 100 1
43 108 1
43 123 1
43 127 1
43 129 1
43 135 1
44 60 1
44 64 1
44 69 1
44 75 1
44 79 1
44 99 1
44 102 1
44 115 1
44 116 1
44 119 1
44 124 1
44 127 1
44 129 1
44 133 1
44 135 1
45 47 1
45 51 1
45 57 1
45 60 1
45 67 1
45 77 1
45 80 1
45 83 1
45 85 1
45 101 1
45 108 1
45 114 1
45 117 1
46 51 1
46 59 1
46 74 1
46 86 1
46 107 1
46 117 1
46 122 1
46 139 1
47 55 1
47 65 1
47 72 1
47 78 1
47 91 1
47 94 1
47 101 1
47 105 1
47 121 1
47 136 1
47 137 1
47 139 1
48 49 1
48 54 1
48 58 1
48 62 1
48 65 1
48 66 1
48 67 1
48 68 1
48 77 1
48 80 1
48 91 1
48 102 1
48 104 1
48 106 1
48 115 1
48 119 1
48 125 1
48 127 1
48 133 1
48 136 1
49 50 1
49 64 1
49 76 1
49 85 1
49 90 1
49 111 1
49 116 1
49 133 1
49 139 1
50 67 1
50 69 1
50 70 1
50 77 1
50 78 1
50 83 1
50 88 1
50 94 1
50 101 1
50 102 1
50 107 1
50 110 1
50 114 1
50 115 1
50 126 1
50 137 1
51 52 1
51 56 1
51 57 1
51 62 1
51 64 1
51 69 1
51 73 1
51 76 1
51 79 1
51 92 1
51 96 1
51 99 1
51 101 1
51 108 1
51 117 1
51 123 1
51 136 1
52 58 1
52 93 1
52 95 1
52 97 1
52 98 1
52 99 1
52 124 1
52 131 1
52 133 1
53 65 1
53 74 1
53 108 1
53 120 1
53 136 1
54 59 1
54 68 1
54 69 1
54 72 1
54 95 1
54 110 1
54 123 1
54 127 1
55 56 1
55 61 1
55 90 1
55 92 1
55 93 1
55 96 1
55 109 1
55 123 1
55 136 1
56 68 1
56 69 1
56 74 1
56 79 1
56 85 1
56 97 1
56 100 1
56 103 1
56 108 1
56 110 1
56 111 1
56 134 1
56 135 1
56 136 1
57 60 1
57 70 1
57 72 1
57 74 1
57 77 1
57 86 1
57 96 1
57 99 1
57 102 1
57 104 1
57 113 1
57 115 1
57 118 1
57 132 1
58 102 1
58 110 1
58 125 1
58 137 1
59 65 1
59 72 1
59 82 1
59 87 1
59 98 1
59 99 1
59 108 1
59 120 1
59 121 1
59 133 1
59 134 1
60 65 1
60 78 1
60 87 1
60 95 1
60 96 1
60 105 1
60 114 1
60 118 1
60 127 1
61 67 1
61 71 1
61 78 1
61 85 1
61 89 1
61 99 1
61 113 1
61 117 1
61 122 1
61 128 1
61 129 1
61 135 1
62 66 1
62 71 1
62 93 1
62 94 1
62 100 1
62 102 1
62 106 1
62 116 1
62 119 1
62 123 1
62 125 1
62 132 1
63 72 1
63 77 1
63 79 1
63 83 1
63 116 1
63 134 1
63 137 1
64 65 1
64 74 1
64 81 1
64 83 1
64 87 1
64 119 1
64 120 1
64 123 1
64 124 1
64 138 1
64 139 1
65 71 1
65 73 1
65 77 1
65 79 1
65 81 1
65 86 1
65 92 1
65 96 1
65 98 1
65 107 1
65 113 1
65 123 1
65 124 1
65 128 1
65 132 1
66 104 1
66 110 1
66 130 1
66 131 1
66 136 1
66 139 1
67 86 1
67 92 1
67 98 1
67 99 1
67 100 1
67 106 1
67 131 1
67 132 1
67 135 1
67 136 1
68 73 1
68 77 1
68 85 1
68 86 1
68 88 1
68 113 1
68 125 1
68 137 1
68 138 1
68 139 1
69 70 1
69 74 1
69 116 1
69 121 1
69 122 1
69 132 1
69 135 1
69 139 1
70 72 1
70 76 1
70 82 1
70 93 1
70 94 1
70 100 1
70 103 1
70 104 1
70 108 1
70 110 1
70 114 1
70 117 1
70 134 1
71 72 1
71 75 1
71 78 1
71 86 1
71 110 1
71 114 1
71 122 1
71 135 1
71 136 1
71 138 1
72 73 1
72 74 1
72 76 1
72 85 1
72 89 1
72 92 1
72 93 1
72 117 1
72 133 1
72 134 1
73 74 1
73 83 1
73 101 1
73 107 1
73 109 1
73 121 1
73 125 1
73 126 1
73 128 1
73 130 1
74 75 1
74 76 1
74 96 1
74 104 1
74 114 1
74 122 1
74 124 1
74 129 1
75 78 1
75 80 1
75 86 1
75 103 1
75 109 1
75 110 1
75 111 1
75 114 1
75 116 1
75 133 1
76 77 1
76 82 1
76 84 1
76 86 1
76 88 1
76 99 1
76 105 1
76 106 1
76 111 1
76 119 1
76 126 1
76 132 1
76 133 1
77 98 1
77 111 1
77 118 1
78 81 1
78 99 1
78 107 1
78 116 1
78 117 1
78 118 1
78 122 1
78 126 1
78 132 1
78 133 1
79 88 1
79 91 1
79 107 1
79 109 1
79 113 1
79 128 1
79 138 1
80 90 1
80 91 1
80 93 1
80 111 1
80 112 1
80 113 1
80 118 1
80 124 1
80 138 1
81 82 1
81 84 1
81 85 1
81 102 1
81 110 1
81 111 1
81 112 1
81 119 1
81 121 1
81 122 1
81 123 1
82 84 1
82 85 1
82 86 1
82 90 1
82 94 1
82 95 1
82 106 1
82 107 1
82 111 1
82 118 1
82 121 1
82 124 1
83 84 1
83 85 1
83 94 1
83 112 1
83 115 1
83 120 1
83 127 1
83 138 1
84 86 1
84 89 1
84 95 1
84 100 1
84 108 1
84 127 1
84 134 1
85 89 1
85 101 1
85 118 1
85 131 1
85 136 1
86 90 1
86 102 1
86 126 1
86 133 1
87 97 1
87 105 1
87 106 1
87 119 1
87 121 1
88 129 1
88 135 1
88 138 1
89 93 1
89 119 1
89 120 1
89 124 1
89 130 1
89 136 1
90 93 1
90 104 1
90 107 1
90 113 1
90 117 1
90 123 1
90 127 1
90 133 1
90 134 1
90 136 1
91 95 1
91 99 1
91 100 1
91 108 1
91 115 1
91 122 1
91 129 1
91 130 1
91 135 1
92 108 1
92 111 1
92 123 1
92 126 1
93 105 1
93 107 1
93 116 1
93 122 1
93 124 1
93 127 1
93 129 1
93 138 1
94 98 1
94 103 1
94 107 1
94 121 1
94 128 1
94 131 1
94 134 1
94 135 1
94 138 1
95 104 1
95 112 1
95 118 1
95 126 1
95 128 1
95 135 1
96 104 1
96 107 1
96 109 1
96 118 1
96 121 1
96 123 1
96 132 1
96 136 1
97 108 1
97 118 1
97 121 1
97 125 1
97 126 1
97 129 1
97 135 1
98 100 1
98 123 1
99 107 1
99 112 1
99 117 1
99 118 1
99 119 1
99 121 1
99 126 1
99 127 1
99 128 1
99 130 1
99 131 1
99 136 1
100 102 1
100 125 1
100 128 1
101 104 1
101 120 1
101 126 1
101 130 1
102 127 1
102 138 1
103 105 1
103 114 1
103 115 1
103 120 1
104 118 1
104 125 1
104 127 1
105 111 1
105 112 1
105 124 1
105 132 1
105 134 1
106 114 1
106 116 1
106 130 1
106 137 1
106 138 1
107 114 1
107 120 1
107 132 1
107 139 1
108 110 1
108 112 1
108 116 1
108 119 1
108 124 1
108 126 1
108 128 1
108 131 1
109 114 1
109 130 1
109 132 1
109 137 1
110 111 1
110 120 1
111 122 1
111 139 1
112 121 1
112 127 1
112 136 1
112 139 1
113 121 1
113 123 1
113 128 1
113 137 1
114 115 1
114 121 1
114 125 1
114 132 1
114 138 1
114 139 1
115 120 1
115 121 1
115 124 1
115 126 1
115 127 1
115 137 1
116 129 1
117 119 1
117 134 1
117 139 1
118 121 1
118 122 1
118 124 1
118 128 1
119 132 1
120 135 1
120 136 1
121 122 1
121 128 1
121 131 1
121 136 1
122 123 1
122 125 1
122 130 1
122 131 1
123 125 1
123 127 1
123 129 1
123 133 1
123 137 1
124 125 1
124 128 1
124 135 1
124 137 1
125 137 1
126 131 1
126 132 1
127 135 1
128 132 1
128 135 1
129 133 1
130 132 1
131 134 1
132 134 1
132 136 1
134 138 1
1
104 43 7 127 72 80 58 83 18 114 85 81 112 102
