370
0 1 1
0 7 1
0 9 1
0 13 1
0 15 1
0 16 1
0 17 1
0 18 1
0 28 1
0 33 1
0 34 1
0 36 1
0 38 1
0 41 1
0 49 1
1 5 1
1 6 1
1 7 1
1 11 1
1 12 1
1 17 1
1 20 1
1 28 1
1 29 1
1 39 1
1 42 1
1 45 1
1 48 1
2 5 1
2 6 1
2 8 1
2 13 1
2 14 1
2 18 1
2 27 1
2 29 1
2 31 1
2 34 1
2 35 1
2 39 1
2 40 1
2 42 1
2 43 1
2 44 1
2 45 1
3 4 1
3 14 1
3 17 1
3 19 1
3 21 1
3 24 1
3 26 1
3 27 1
3 29 1
3 30 1
3 33 1
3 34 1
3 35 1
3 38 1
3 40 1
3 42 1
4 6 1
4 11 1
4 12 1
4 13 1
4 19 1
4 23 1
4 29 1
4 30 1
4 32 1
4 33 1
4 39 1
4 42 1
4 43 1
4 46 1
4 47 1
4 49 1
5 7 1
5 10 1
5 12 1
5 18 1
5 19 1
5 20 1
5 23 1
5 25 1
5 28 1
5 32 1
5 34 1
5 36 1
5 37 1
5 38 1
5 43 1
5 44 1
5 45 1
5 49 1
6 11 1
6 13 1
6 19 1
6 25 1
6 26 1
6 27 1
6 28 1
6 30 1
6 37 1
6 39 1
6 41 1
6 49 1
7 11 1
7 16 1
7 19 1
7 20 1
7 24 1
7 26 1
7 27 1
7 28 1
7 39 1
7 40 1
7 44 1
7 45 1
8 10 1
8 11 1
8 13 1
8 17 1
8 18 1
8 21 1
8 26 1
8 28 1
8 30 1
8 37 1
8 38 1
8 42 1
8 43 1
8 46 1
8 47 1
8 48 1
8 49 1
9 11 1
9 16 1
9 17 1
9 22 1
9 23 1
9 31 1
9 32 1
9 37 1
9 41 1
9 42 1
9 45 1
9 46 1
9 48 1
10 11 1
10 12 1
10 20 1
10 22 1
10 27 1
10 33 1
10 35 1
10 36 1
10 40 1
10 44 1
10 45 1
10 49 1
11 13 1
11 17 1
11 20 1
11 24 1
11 25 1
11 26 1
11 28 1
11 41 1
11 42 1
11 43 1
12 13 1
12 15 1
12 16 1
12 17 1
12 23 1
12 24 1
12 26 1
12 28 1
12 29 1
12 30 1
12 38 1
12 42 1
12 44 1
12 46 1
12 49 1
13 14 1
13 17 1
13 26 1
13 28 1
13 33 1
13 35 1
13 36 1
13 37 1
13 39 1
13 43 1
14 15 1
14 19 1
14 22 1
14 27 1
14 29 1
14 32 1
14 33 1
14 34 1
14 39 1
15 25 1
15 30 1
15 38 1
15 40 1
15 41 1
15 43 1
15 44 1
15 48 1
15 49 1
16 18 1
16 19 1
16 20 1
16 22 1
16 25 1
16 26 1
16 27 1
16 29 1
16 31 1
16 34 1
16 37 1
16 38 1
16 40 1
16 42 1
16 46 1
16 47 1
16 49 1
17 28 1
17 30 1
17 32 1
17 35 1
17 36 1
17 44 1
17 49 1
18 23 1
18 24 1
18 29 1
18 34 1
18 46 1
18 49 1
19 27 1
19 30 1
19 35 1
19 42 1
19 43 1
19 44 1
19 48 1
20 22 1
20 26 1
20 29 1
20 34 1
20 35 1
20 39 1
20 41 1
20 42 1
20 43 1
21 23 1
21 24 1
21 25 1
21 26 1
21 39 1
21 41 1
21 44 1
21 45 1
22 25 1
22 30 1
22 33 1
22 37 1
22 40 1
22 42 1
22 49 1
23 26 1
23 27 1
23 29 1
23 38 1
23 41 1
23 42 1
23 46 1
23 48 1
24 27 1
24 36 1
24 41 1
24 44 1
24 45 1
24 46 1
24 49 1
25 36 1
25 39 1
25 43 1
25 48 1
26 28 1
26 30 1
26 34 1
26 35 1
26 39 1
26 43 1
26 46 1
26 47 1
26 48 1
27 31 1
27 35 1
27 46 1
28 31 1
28 34 1
28 35 1
28 38 1
28 41 1
28 46 1
29 33 1
29 36 1
29 38 1
29 39 1
29 40 1
29 44 1
30 32 1
30 36 1
30 37 1
30 39 1
30 40 1
30 43 1
30 48 1
30 49 1
31 34 1
31 37 1
31 38 1
31 39 1
31 43 1
31 45 1
31 46 1
32 33 1
32 37 1
32 38 1
32 40 1
32 43 1
33 36 1
33 39 1
33 40 1
33 42 1
33 49 1
34 47 1
35 45 1
35 46 1
35 49 1
36 38 1
36 39 1
37 39 1
37 48 1
38 39 1
38 40 1
38 42 1
38 46 1
39 41 1
39 44 1
40 45 1
40 48 1
41 44 1
41 47 1
41 49 1
42 43 1
42 48 1
43 48 1
44 48 1
45 47 1
45 48 1
45 49 1
47 49 1
1
16 18 33 34 22
