377
0 3 1
0 4 1
0 12 1
0 15 1
0 17 1
0 26 1
0 31 1
0 33 1
0 34 1
0 35 1
0 40 1
0 41 1
0 45 1
1 2 1
1 3 1
1 5 1
1 9 1
1 11 1
1 13 1
1 15 1
1 22 1
1 23 1
1 28 1
1 29 1
1 30 1
1 43 1
1 44 1
1 48 1
2 5 1
2 6 1
2 10 1
2 12 1
2 19 1
2 21 1
2 24 1
2 26 1
2 29 1
2 33 1
2 38 1
2 46 1
2 48 1
3 5 1
3 8 1
3 9 1
3 20 1
3 21 1
3 22 1
3 23 1
3 24 1
3 29 1
3 31 1
3 33 1
3 35 1
3 37 1
3 44 1
3 49 1
4 5 1
4 8 1
4 11 1
4 14 1
4 23 1
4 34 1
4 38 1
4 39 1
4 45 1
5 7 1
5 8 1
5 10 1
5 12 1
5 14 1
5 20 1
5 21 1
5 23 1
5 24 1
5 25 1
5 34 1
5 36 1
5 41 1
5 44 1
5 45 1
5 46 1
5 49 1
6 7 1
6 13 1
6 18 1
6 19 1
6 23 1
6 24 1
6 30 1
6 31 1
6 32 1
6 44 1
6 45 1
6 46 1
6 49 1
7 15 1
7 16 1
7 23 1
7 27 1
7 30 1
7 32 1
7 35 1
7 39 1
7 40 1
7 45 1
7 49 1
8 9 1
8 12 1
8 16 1
8 31 1
8 33 1
8 34 1
8 38 1
8 41 1
8 42 1
8 48 1
8 49 1
9 10 1
9 12 1
9 14 1
9 15 1
9 17 1
9 19 1
9 21 1
9 25 1
9 28 1
9 30 1
9 31 1
9 32 1
9 39 1
9 40 1
9 42 1
9 43 1
9 45 1
9 47 1
10 11 1
10 18 1
10 24 1
10 25 1
10 27 1
10 28 1
10 30 1
10 32 1
10 34 1
10 39 1
10 42 1
10 43 1
10 44 1
10 46 1
10 48 1
10 49 1
11 15 1
11 17 1
11 21 1
11 25 1
11 29 1
11 30 1
11 32 1
11 34 1
11 37 1
11 41 1
11 42 1
11 46 1
12 16 1
12 20 1
12 21 1
12 25 1
12 34 1
12 35 1
12 41 1
12 42 1
12 43 1
12 47 1
12 48 1
13 16 1
13 21 1
13 22 1
13 30 1
13 35 1
13 36 1
13 45 1
13 46 1
13 47 1
14 15 1
14 16 1
14 21 1
14 22 1
14 23 1
14 28 1
14 29 1
14 30 1
14 32 1
14 34 1
14 36 1
14 38 1
14 40 1
14 41 1
14 44 1
14 46 1
14 47 1
14 49 1
15 19 1
15 22 1
15 30 1
15 31 1
15 38 1
15 45 1
16 17 1
16 18 1
16 21 1
16 30 1
16 31 1
16 33 1
16 36 1
16 37 1
16 38 1
16 39 1
17 23 1
17 25 1
17 31 1
17 32 1
17 33 1
17 40 1
17 43 1
17 45 1
18 19 1
18 24 1
18 26 1
18 29 1
18 30 1
18 34 1
18 41 1
18 42 1
19 21 1
19 22 1
19 23 1
19 28 1
19 30 1
19 34 1
19 36 1
19 41 1
19 42 1
19 45 1
19 46 1
20 24 1
20 27 1
20 35 1
20 36 1
20 40 1
20 42 1
20 45 1
20 48 1
20 49 1
21 24 1
21 26 1
21 31 1
21 34 1
21 38 1
21 39 1
21 40 1
21 43 1
21 47 1
22 23 1
22 25 1
22 31 1
22 34 1
22 36 1
22 37 1
22 41 1
22 43 1
22 45 1
22 46 1
23 25 1
23 30 1
23 31 1
23 33 1
23 35 1
23 36 1
23 37 1
23 39 1
23 44 1
23 45 1
23 49 1
24 27 1
24 28 1
24 30 1
24 31 1
24 40 1
24 42 1
24 44 1
24 48 1
25 26 1
25 30 1
25 32 1
25 33 1
25 34 1
25 35 1
25 36 1
25 37 1
26 27 1
26 30 1
26 34 1
26 43 1
26 47 1
27 28 1
27 29 1
27 30 1
27 38 1
27 39 1
27 40 1
27 43 1
27 47 1
27 49 1
28 30 1
28 40 1
28 41 1
28 42 1
28 43 1
28 47 1
28 48 1
28 49 1
29 30 1
29 32 1
29 35 1
29 42 1
29 49 1
30 33 1
30 36 1
30 40 1
30 42 1
30 46 1
31 37 1
31 41 1
31 49 1
32 37 1
32 49 1
33 43 1
33 44 1
34 36 1
34 38 1
34 44 1
34 48 1
35 39 1
35 43 1
35 44 1
35 45 1
35 48 1
35 49 1
36 37 1
36 49 1
37 41 1
37 43 1
37 46 1
37 47 1
38 41 1
38 45 1
38 48 1
39 40 1
39 41 1
39 42 1
39 45 1
39 46 1
40 43 1
40 46 1
40 47 1
41 43 1
41 49 1
42 45 1
42 48 1
44 46 1
44 47 1
45 48 1
45 49 1
46 48 1
46 49 1
47 48 1
47 49 1
1
9 49 31 24 33
