202
0 1 1
0 5 1
0 6 1
0 7 1
0 8 1
0 9 1
0 12 1
0 14 1
0 15 1
0 18 1
0 19 1
0 20 1
0 21 1
0 23 1
0 27 1
0 28 1
1 2 1
1 3 1
1 4 1
1 8 1
1 11 1
1 15 1
1 16 1
1 17 1
1 18 1
1 20 1
1 21 1
1 23 1
1 25 1
2 6 1
2 9 1
2 11 1
2 12 1
2 13 1
2 14 1
2 16 1
2 20 1
2 26 1
3 6 1
3 10 1
3 11 1
3 14 1
3 17 1
3 21 1
3 23 1
3 24 1
3 25 1
3 26 1
3 27 1
4 10 1
4 11 1
4 12 1
4 13 1
4 16 1
4 18 1
4 23 1
4 24 1
4 25 1
4 27 1
4 28 1
5 6 1
5 12 1
5 13 1
5 20 1
5 22 1
5 23 1
5 27 1
6 7 1
6 8 1
6 9 1
6 17 1
6 18 1
6 19 1
6 20 1
6 21 1
6 23 1
6 25 1
6 27 1
7 8 1
7 12 1
7 14 1
7 15 1
7 16 1
7 19 1
7 21 1
7 24 1
7 26 1
7 27 1
7 29 1
8 10 1
8 17 1
8 19 1
8 20 1
8 25 1
8 29 1
9 10 1
9 13 1
9 16 1
9 19 1
9 20 1
9 21 1
9 22 1
9 23 1
9 24 1
9 25 1
9 27 1
9 29 1
10 14 1
10 18 1
10 19 1
10 20 1
10 21 1
10 22 1
10 23 1
10 25 1
10 26 1
10 27 1
10 28 1
10 29 1
11 12 1
11 15 1
11 17 1
11 18 1
11 20 1
11 21 1
11 22 1
11 23 1
11 24 1
11 26 1
11 27 1
11 29 1
12 14 1
12 16 1
12 17 1
12 18 1
12 20 1
12 21 1
12 24 1
12 27 1
12 29 1
13 15 1
13 16 1
13 21 1
13 23 1
13 25 1
13 27 1
13 29 1
14 18 1
14 20 1
14 21 1
14 23 1
14 24 1
14 25 1
14 26 1
14 27 1
14 29 1
15 16 1
15 17 1
15 18 1
15 21 1
15 26 1
15 29 1
16 22 1
16 23 1
16 24 1
16 25 1
16 29 1
17 20 1
17 21 1
17 23 1
17 25 1
17 29 1
18 19 1
18 20 1
18 22 1
18 25 1
18 29 1
19 22 1
19 29 1
20 22 1
20 23 1
20 25 1
20 27 1
20 28 1
21 23 1
21 26 1
22 26 1
22 27 1
22 28 1
23 24 1
23 25 1
23 26 1
23 27 1
23 28 1
23 29 1
24 25 1
24 27 1
24 28 1
24 29 1
25 26 1
25 28 1
26 29 1
1
6 17 25
