1820
0 9 1
0 13 1
0 17 1
0 19 1
0 20 1
0 30 1
0 33 1
0 41 1
0 45 1
0 59 1
0 60 1
0 61 1
0 67 1
0 68 1
0 75 1
0 77 1
0 88 1
0 91 1
0 102 1
0 104 1
0 109 1
0 119 1
0 121 1
0 131 1
0 132 1
0 146 1
0 177 1
1 8 1
1 12 1
1 24 1
1 35 1
1 52 1
1 54 1
1 67 1
1 79 1
1 88 1
1 96 1
1 103 1
1 104 1
1 132 1
1 136 1
1 148 1
1 149 1
2 17 1
2 35 1
2 59 1
2 68 1
2 71 1
2 83 1
2 87 1
2 92 1
2 105 1
2 109 1
2 112 1
2 113 1
2 125 1
2 131 1
2 161 1
2 175 1
3 26 1
3 30 1
3 35 1
3 36 1
3 38 1
3 46 1
3 51 1
3 70 1
3 92 1
3 100 1
3 105 1
3 134 1
3 135 1
3 137 1
3 146 1
3 149 1
3 153 1
3 169 1
3 171 1
3 172 1
4 12 1
4 14 1
4 17 1
4 42 1
4 48 1
4 53 1
4 56 1
4 58 1
4 70 1
4 77 1
4 79 1
4 80 1
4 83 1
4 85 1
4 98 1
4 120 1
4 126 1
4 136 1
4 145 1
4 150 1
4 151 1
4 152 1
4 161 1
5 12 1
5 14 1
5 27 1
5 35 1
5 44 1
5 46 1
5 47 1
5 57 1
5 58 1
5 78 1
5 82 1
5 94 1
5 97 1
5 100 1
5 107 1
5 112 1
5 115 1
5 126 1
5 129 1
5 143 1
5 149 1
5 158 1
5 178 1
6 15 1
6 19 1
6 23 1
6 26 1
6 27 1
6 28 1
6 33 1
6 39 1
6 50 1
6 61 1
6 64 1
6 70 1
6 78 1
6 97 1
6 101 1
6 102 1
6 112 1
6 117 1
6 118 1
6 120 1
6 125 1
6 130 1
6 142 1
6 157 1
6 175 1
6 176 1
7 11 1
7 20 1
7 22 1
7 69 1
7 73 1
7 74 1
7 79 1
7 87 1
7 96 1
7 121 1
7 137 1
7 145 1
7 146 1
7 163 1
7 169 1
7 173 1
8 11 1
8 42 1
8 63 1
8 76 1
8 86 1
8 117 1
8 119 1
8 120 1
8 129 1
8 142 1
8 165 1
8 167 1
8 168 1
8 173 1
9 11 1
9 12 1
9 14 1
9 24 1
9 42 1
9 51 1
9 53 1
9 57 1
9 63 1
9 65 1
9 67 1
9 68 1
9 74 1
9 98 1
9 99 1
9 121 1
9 124 1
9 130 1
9 135 1
9 141 1
9 144 1
9 161 1
9 166 1
9 168 1
9 177 1
10 22 1
10 24 1
10 27 1
10 32 1
10 44 1
10 48 1
10 55 1
10 57 1
10 65 1
10 71 1
10 82 1
10 88 1
10 117 1
10 121 1
10 136 1
10 148 1
10 151 1
11 23 1
11 24 1
11 28 1
11 30 1
11 32 1
11 38 1
11 49 1
11 87 1
11 93 1
11 94 1
11 99 1
11 133 1
11 136 1
11 153 1
11 160 1
11 161 1
11 172 1
12 30 1
12 34 1
12 61 1
12 63 1
12 77 1
12 99 1
12 123 1
12 127 1
12 137 1
12 140 1
12 153 1
12 155 1
12 163 1
13 24 1
13 27 1
13 32 1
13 36 1
13 43 1
13 72 1
13 75 1
13 76 1
13 79 1
13 98 1
13 103 1
13 155 1
13 170 1
14 22 1
14 30 1
14 39 1
14 47 1
14 49 1
14 58 1
14 69 1
14 83 1
14 84 1
14 85 1
14 93 1
14 97 1
14 100 1
14 101 1
14 102 1
14 130 1
14 145 1
14 147 1
14 150 1
14 162 1
14 175 1
14 177 1
15 26 1
15 66 1
15 75 1
15 89 1
15 94 1
15 100 1
15 106 1
15 118 1
15 127 1
15 128 1
15 149 1
15 153 1
15 156 1
15 160 1
15 162 1
15 175 1
16 21 1
16 25 1
16 28 1
16 38 1
16 68 1
16 79 1
16 83 1
16 84 1
16 95 1
16 96 1
16 98 1
16 119 1
16 138 1
16 147 1
16 157 1
16 179 1
17 28 1
17 29 1
17 39 1
17 46 1
17 48 1
17 50 1
17 58 1
17 60 1
17 62 1
17 64 1
17 71 1
17 76 1
17 87 1
17 95 1
17 98 1
17 104 1
17 111 1
17 116 1
17 130 1
17 134 1
17 151 1
17 176 1
18 23 1
18 25 1
18 31 1
18 49 1
18 54 1
18 57 1
18 63 1
18 74 1
18 85 1
18 86 1
18 88 1
18 116 1
18 122 1
18 131 1
18 132 1
18 146 1
18 152 1
18 153 1
18 155 1
18 175 1
19 33 1
19 34 1
19 41 1
19 70 1
19 90 1
19 102 1
19 104 1
19 105 1
19 113 1
19 126 1
19 133 1
19 135 1
19 157 1
19 162 1
19 166 1
19 170 1
20 30 1
20 34 1
20 57 1
20 90 1
20 133 1
20 134 1
20 151 1
20 152 1
20 162 1
20 163 1
20 166 1
20 169 1
20 170 1
21 35 1
21 41 1
21 46 1
21 50 1
21 61 1
21 62 1
21 64 1
21 111 1
21 115 1
21 121 1
21 122 1
21 130 1
21 141 1
21 147 1
21 157 1
21 161 1
21 176 1
22 25 1
22 27 1
22 35 1
22 36 1
22 51 1
22 61 1
22 75 1
22 125 1
22 127 1
22 130 1
22 139 1
22 177 1
23 32 1
23 38 1
23 44 1
23 54 1
23 55 1
23 56 1
23 60 1
23 72 1
23 87 1
23 95 1
23 107 1
23 109 1
23 137 1
23 138 1
23 174 1
23 176 1
24 34 1
24 45 1
24 46 1
24 60 1
24 70 1
24 76 1
24 83 1
24 88 1
24 106 1
24 122 1
24 123 1
24 127 1
24 139 1
24 145 1
24 164 1
24 168 1
24 176 1
25 28 1
25 30 1
25 33 1
25 40 1
25 43 1
25 44 1
25 45 1
25 47 1
25 70 1
25 96 1
25 103 1
25 104 1
25 116 1
25 120 1
25 128 1
25 155 1
25 165 1
25 168 1
26 31 1
26 32 1
26 35 1
26 43 1
26 59 1
26 66 1
26 74 1
26 78 1
26 85 1
26 86 1
26 90 1
26 96 1
26 100 1
26 118 1
26 119 1
26 135 1
26 166 1
26 168 1
27 32 1
27 37 1
27 46 1
27 57 1
27 59 1
27 64 1
27 65 1
27 72 1
27 79 1
27 118 1
27 130 1
27 152 1
27 179 1
28 31 1
28 33 1
28 34 1
28 54 1
28 76 1
28 82 1
28 84 1
28 87 1
28 100 1
28 104 1
28 117 1
28 127 1
28 133 1
28 138 1
28 157 1
28 165 1
29 40 1
29 51 1
29 56 1
29 61 1
29 66 1
29 76 1
29 82 1
29 90 1
29 117 1
29 122 1
29 123 1
29 124 1
29 135 1
29 138 1
29 140 1
29 161 1
29 171 1
29 177 1
30 34 1
30 38 1
30 51 1
30 59 1
30 65 1
30 101 1
30 108 1
30 109 1
30 116 1
30 122 1
30 129 1
30 131 1
30 134 1
30 148 1
31 41 1
31 42 1
31 61 1
31 70 1
31 73 1
31 76 1
31 77 1
31 101 1
31 102 1
31 115 1
31 117 1
31 122 1
31 127 1
31 139 1
31 140 1
31 158 1
31 160 1
31 164 1
31 168 1
31 178 1
32 37 1
32 45 1
32 46 1
32 48 1
32 58 1
32 81 1
32 100 1
32 102 1
32 110 1
32 143 1
32 145 1
32 154 1
32 168 1
33 38 1
33 41 1
33 74 1
33 94 1
33 95 1
33 104 1
33 110 1
33 115 1
33 121 1
33 127 1
33 128 1
33 135 1
33 139 1
33 143 1
33 147 1
33 168 1
34 41 1
34 51 1
34 52 1
34 70 1
34 90 1
34 96 1
34 104 1
34 108 1
34 115 1
34 127 1
34 136 1
34 141 1
34 142 1
34 150 1
34 152 1
34 163 1
34 168 1
35 40 1
35 44 1
35 52 1
35 53 1
35 56 1
35 61 1
35 65 1
35 70 1
35 71 1
35 82 1
35 84 1
35 107 1
35 114 1
35 123 1
35 132 1
35 147 1
35 162 1
35 163 1
35 167 1
35 176 1
36 37 1
36 42 1
36 70 1
36 78 1
36 81 1
36 84 1
36 88 1
36 90 1
36 95 1
36 99 1
36 111 1
36 123 1
36 124 1
36 125 1
36 126 1
36 138 1
36 155 1
36 159 1
37 43 1
37 44 1
37 48 1
37 49 1
37 52 1
37 56 1
37 68 1
37 69 1
37 77 1
37 84 1
37 87 1
37 94 1
37 124 1
37 137 1
37 138 1
37 145 1
37 160 1
37 163 1
37 164 1
37 169 1
37 176 1
38 40 1
38 41 1
38 42 1
38 48 1
38 49 1
38 65 1
38 66 1
38 67 1
38 84 1
38 98 1
38 110 1
38 121 1
38 124 1
38 127 1
38 144 1
38 164 1
38 173 1
39 54 1
39 61 1
39 74 1
39 83 1
39 104 1
39 118 1
39 126 1
39 145 1
39 165 1
39 171 1
39 175 1
39 177 1
40 54 1
40 55 1
40 63 1
40 74 1
40 79 1
40 80 1
40 83 1
40 99 1
40 103 1
40 111 1
40 119 1
40 123 1
40 125 1
40 142 1
40 147 1
40 151 1
40 158 1
40 160 1
40 170 1
40 175 1
40 176 1
41 43 1
41 50 1
41 68 1
41 102 1
41 115 1
41 129 1
41 136 1
41 160 1
41 168 1
41 169 1
42 47 1
42 51 1
42 55 1
42 58 1
42 64 1
42 75 1
42 76 1
42 95 1
42 98 1
42 100 1
42 101 1
42 105 1
42 123 1
42 128 1
42 130 1
42 141 1
42 150 1
42 153 1
42 160 1
42 163 1
42 171 1
42 174 1
43 52 1
43 56 1
43 73 1
43 84 1
43 97 1
43 99 1
43 103 1
43 107 1
43 108 1
43 110 1
43 111 1
43 112 1
43 116 1
43 122 1
43 128 1
43 133 1
43 144 1
43 147 1
43 173 1
43 175 1
44 57 1
44 60 1
44 64 1
44 65 1
44 69 1
44 73 1
44 92 1
44 95 1
44 96 1
44 109 1
44 111 1
44 136 1
44 139 1
44 149 1
44 156 1
44 161 1
44 162 1
44 163 1
44 165 1
44 177 1
44 179 1
45 49 1
45 68 1
45 71 1
45 74 1
45 88 1
45 102 1
45 129 1
45 137 1
45 138 1
45 147 1
45 149 1
45 150 1
45 152 1
45 155 1
45 173 1
45 179 1
46 55 1
46 78 1
46 91 1
46 101 1
46 113 1
46 128 1
46 130 1
46 137 1
46 162 1
46 178 1
47 48 1
47 50 1
47 58 1
47 84 1
47 88 1
47 94 1
47 111 1
47 115 1
47 117 1
47 120 1
47 128 1
47 132 1
47 133 1
47 141 1
47 143 1
48 56 1
48 57 1
48 87 1
48 101 1
48 104 1
48 112 1
48 122 1
48 131 1
48 134 1
48 144 1
48 146 1
48 158 1
48 170 1
48 171 1
48 173 1
48 174 1
48 178 1
49 51 1
49 57 1
49 63 1
49 65 1
49 68 1
49 69 1
49 75 1
49 80 1
49 81 1
49 84 1
49 86 1
49 89 1
49 102 1
49 106 1
49 108 1
49 113 1
49 132 1
49 135 1
49 136 1
49 139 1
49 140 1
49 141 1
49 142 1
49 163 1
49 168 1
49 172 1
49 177 1
50 57 1
50 60 1
50 64 1
50 70 1
50 71 1
50 73 1
50 74 1
50 76 1
50 77 1
50 84 1
50 85 1
50 91 1
50 92 1
50 115 1
50 122 1
50 127 1
50 132 1
50 133 1
50 135 1
50 140 1
50 141 1
50 143 1
50 158 1
50 165 1
50 166 1
50 171 1
50 175 1
51 55 1
51 68 1
51 80 1
51 83 1
51 85 1
51 101 1
51 105 1
51 119 1
51 124 1
51 136 1
51 142 1
51 146 1
51 149 1
51 152 1
51 171 1
51 178 1
52 54 1
52 70 1
52 73 1
52 81 1
52 83 1
52 84 1
52 90 1
52 98 1
52 112 1
52 143 1
52 145 1
52 148 1
52 150 1
52 151 1
52 153 1
52 165 1
52 175 1
53 56 1
53 76 1
53 78 1
53 84 1
53 135 1
53 141 1
53 142 1
53 156 1
53 161 1
53 166 1
54 67 1
54 74 1
54 78 1
54 80 1
54 82 1
54 87 1
54 95 1
54 97 1
54 119 1
54 121 1
54 122 1
54 126 1
54 140 1
54 143 1
54 151 1
54 159 1
54 161 1
55 57 1
55 64 1
55 65 1
55 81 1
55 94 1
55 97 1
55 98 1
55 120 1
55 128 1
55 131 1
55 138 1
55 141 1
55 150 1
55 152 1
55 158 1
55 167 1
55 179 1
56 58 1
56 71 1
56 77 1
56 85 1
56 99 1
56 104 1
56 126 1
56 128 1
56 148 1
56 159 1
56 166 1
56 172 1
56 175 1
57 58 1
57 65 1
57 69 1
57 70 1
57 84 1
57 95 1
57 108 1
57 122 1
57 124 1
57 133 1
57 134 1
57 136 1
57 143 1
57 146 1
57 154 1
57 157 1
57 160 1
57 161 1
57 174 1
58 61 1
58 88 1
58 97 1
58 108 1
58 112 1
58 113 1
58 130 1
58 140 1
58 152 1
58 157 1
58 159 1
58 169 1
58 177 1
59 67 1
59 75 1
59 99 1
59 110 1
59 124 1
59 127 1
59 131 1
59 142 1
59 144 1
59 149 1
59 151 1
59 156 1
59 163 1
59 179 1
60 62 1
60 72 1
60 77 1
60 92 1
60 109 1
60 125 1
60 138 1
60 144 1
60 146 1
60 151 1
60 156 1
60 171 1
60 177 1
60 179 1
61 65 1
61 72 1
61 82 1
61 96 1
61 108 1
61 114 1
61 121 1
61 132 1
61 155 1
61 165 1
61 168 1
62 70 1
62 78 1
62 79 1
62 84 1
62 104 1
62 107 1
62 111 1
62 114 1
62 115 1
62 120 1
62 135 1
62 146 1
62 147 1
62 153 1
62 159 1
62 161 1
62 168 1
62 175 1
63 71 1
63 89 1
63 93 1
63 102 1
63 103 1
63 109 1
63 120 1
63 151 1
63 157 1
63 163 1
63 170 1
63 172 1
63 176 1
64 65 1
64 69 1
64 71 1
64 78 1
64 100 1
64 174 1
64 175 1
65 69 1
65 73 1
65 82 1
65 91 1
65 97 1
65 109 1
65 114 1
65 122 1
65 125 1
65 137 1
65 140 1
65 142 1
65 144 1
65 151 1
65 156 1
65 170 1
65 175 1
65 176 1
66 82 1
66 85 1
66 106 1
66 116 1
66 119 1
66 122 1
66 127 1
66 128 1
66 136 1
66 138 1
66 147 1
66 150 1
66 157 1
66 173 1
66 176 1
66 177 1
67 76 1
67 82 1
67 87 1
67 93 1
67 103 1
67 104 1
67 112 1
67 115 1
67 120 1
67 128 1
67 137 1
67 150 1
67 157 1
67 159 1
67 163 1
67 166 1
67 172 1
68 75 1
68 76 1
68 79 1
68 119 1
68 139 1
68 153 1
68 171 1
69 84 1
69 85 1
69 94 1
69 102 1
69 111 1
69 115 1
69 118 1
69 122 1
69 129 1
69 140 1
69 150 1
69 157 1
69 168 1
69 174 1
70 77 1
70 82 1
70 89 1
70 99 1
70 102 1
70 140 1
70 144 1
70 147 1
70 155 1
70 156 1
70 159 1
70 164 1
70 166 1
70 167 1
70 176 1
71 75 1
71 82 1
71 83 1
71 86 1
71 89 1
71 97 1
71 110 1
71 113 1
71 126 1
71 135 1
71 142 1
71 151 1
71 165 1
72 77 1
72 82 1
72 87 1
72 97 1
72 133 1
72 139 1
72 153 1
72 158 1
73 84 1
73 89 1
73 97 1
73 98 1
73 102 1
73 115 1
73 123 1
73 145 1
73 148 1
73 154 1
73 155 1
73 157 1
73 169 1
73 171 1
73 173 1
74 75 1
74 78 1
74 108 1
74 118 1
74 168 1
74 172 1
75 80 1
75 83 1
75 88 1
75 90 1
75 102 1
75 104 1
75 125 1
75 151 1
75 157 1
75 163 1
75 165 1
75 169 1
75 171 1
75 177 1
76 85 1
76 88 1
76 90 1
76 102 1
76 108 1
76 142 1
76 145 1
76 146 1
76 151 1
76 153 1
76 156 1
76 157 1
76 162 1
76 165 1
76 172 1
77 98 1
77 126 1
77 136 1
77 139 1
77 141 1
77 165 1
77 167 1
77 175 1
78 83 1
78 87 1
78 93 1
78 95 1
78 124 1
78 137 1
78 151 1
78 157 1
78 162 1
78 167 1
78 173 1
78 174 1
79 87 1
79 89 1
79 90 1
79 95 1
79 99 1
79 100 1
79 106 1
79 108 1
79 147 1
79 149 1
79 158 1
79 160 1
79 177 1
80 88 1
80 92 1
80 99 1
80 122 1
80 126 1
80 140 1
80 164 1
81 82 1
81 87 1
81 105 1
81 111 1
81 118 1
81 121 1
81 125 1
81 136 1
81 139 1
81 140 1
81 141 1
81 150 1
81 162 1
81 168 1
81 174 1
82 93 1
82 98 1
82 109 1
82 117 1
82 122 1
82 125 1
82 143 1
82 147 1
82 151 1
82 158 1
82 162 1
82 165 1
83 87 1
83 97 1
83 105 1
83 106 1
83 118 1
83 124 1
83 126 1
83 133 1
83 140 1
83 141 1
83 147 1
84 88 1
84 95 1
84 99 1
84 109 1
84 116 1
84 127 1
84 128 1
84 147 1
84 148 1
84 149 1
84 157 1
84 159 1
84 160 1
84 171 1
84 174 1
85 99 1
85 100 1
85 105 1
85 106 1
85 133 1
85 135 1
85 138 1
85 142 1
85 146 1
85 152 1
85 159 1
85 167 1
85 171 1
86 89 1
86 94 1
86 117 1
86 127 1
86 135 1
86 139 1
86 150 1
86 175 1
87 112 1
87 115 1
87 116 1
87 120 1
87 129 1
87 133 1
87 134 1
87 135 1
88 90 1
88 92 1
88 96 1
88 123 1
88 131 1
88 134 1
88 139 1
88 146 1
88 164 1
88 170 1
89 91 1
89 102 1
89 115 1
89 118 1
89 146 1
89 160 1
89 164 1
89 173 1
90 102 1
90 103 1
90 107 1
90 115 1
90 124 1
90 132 1
90 135 1
90 136 1
90 173 1
90 179 1
91 98 1
91 101 1
91 144 1
91 146 1
91 156 1
91 160 1
92 114 1
92 125 1
92 136 1
92 138 1
92 153 1
92 166 1
92 171 1
92 172 1
92 175 1
92 179 1
93 98 1
93 101 1
93 108 1
93 117 1
93 137 1
93 139 1
93 150 1
93 161 1
93 174 1
93 177 1
94 100 1
94 101 1
94 108 1
94 140 1
94 147 1
95 97 1
95 107 1
95 108 1
95 129 1
95 134 1
95 147 1
95 149 1
95 153 1
95 154 1
95 161 1
95 170 1
95 174 1
95 175 1
96 106 1
96 122 1
96 128 1
96 131 1
96 134 1
96 140 1
96 142 1
96 157 1
97 114 1
97 121 1
97 124 1
97 126 1
97 143 1
97 158 1
97 175 1
98 102 1
98 114 1
98 131 1
98 132 1
98 136 1
98 141 1
98 165 1
99 104 1
99 122 1
99 133 1
99 134 1
99 155 1
99 166 1
99 176 1
100 108 1
100 117 1
100 128 1
100 131 1
100 158 1
100 165 1
101 109 1
101 110 1
101 111 1
101 126 1
101 137 1
101 169 1
102 103 1
102 109 1
102 114 1
102 138 1
102 140 1
102 143 1
102 149 1
102 151 1
103 104 1
103 120 1
103 126 1
103 135 1
103 147 1
103 152 1
103 154 1
104 109 1
104 121 1
104 136 1
104 157 1
104 168 1
104 170 1
105 106 1
105 118 1
105 123 1
105 127 1
105 139 1
105 141 1
105 144 1
105 147 1
106 107 1
106 108 1
106 121 1
106 133 1
106 136 1
106 146 1
106 150 1
106 172 1
106 176 1
107 109 1
107 117 1
107 125 1
107 134 1
107 136 1
107 147 1
107 162 1
107 170 1
107 176 1
107 177 1
108 130 1
108 133 1
108 141 1
108 159 1
108 165 1
108 168 1
108 172 1
109 119 1
109 128 1
109 131 1
109 135 1
109 139 1
109 140 1
109 148 1
109 165 1
109 167 1
109 171 1
109 179 1
110 113 1
110 116 1
110 123 1
110 142 1
110 151 1
110 155 1
111 127 1
111 130 1
111 137 1
111 138 1
111 160 1
111 174 1
111 178 1
112 114 1
112 117 1
112 136 1
112 138 1
112 142 1
112 145 1
112 147 1
112 156 1
112 169 1
113 156 1
113 168 1
113 178 1
114 124 1
114 137 1
114 139 1
114 151 1
114 152 1
114 153 1
114 156 1
114 158 1
114 174 1
115 117 1
115 134 1
115 136 1
115 141 1
115 144 1
115 174 1
115 176 1
115 177 1
116 118 1
116 125 1
116 156 1
116 164 1
116 169 1
116 172 1
116 178 1
116 179 1
117 132 1
117 143 1
117 158 1
117 162 1
117 168 1
117 178 1
117 179 1
118 120 1
118 129 1
118 133 1
118 141 1
118 154 1
118 159 1
118 161 1
118 173 1
118 176 1
119 126 1
119 138 1
119 161 1
119 167 1
119 173 1
119 179 1
120 123 1
120 129 1
120 157 1
120 170 1
120 174 1
120 178 1
121 127 1
121 132 1
121 135 1
121 163 1
121 173 1
122 124 1
122 126 1
122 149 1
122 150 1
122 152 1
122 156 1
122 166 1
123 136 1
123 144 1
123 148 1
123 151 1
123 165 1
123 168 1
123 176 1
123 178 1
124 141 1
124 142 1
124 152 1
124 172 1
124 174 1
124 178 1
124 179 1
125 129 1
125 132 1
125 141 1
125 148 1
125 162 1
125 168 1
125 169 1
125 171 1
126 128 1
126 149 1
126 154 1
126 155 1
126 163 1
126 178 1
127 132 1
127 138 1
127 140 1
127 144 1
127 156 1
127 175 1
128 139 1
128 159 1
128 164 1
128 165 1
129 141 1
129 154 1
129 155 1
129 169 1
130 141 1
130 161 1
130 164 1
130 169 1
130 178 1
131 135 1
131 146 1
131 154 1
131 159 1
131 169 1
131 170 1
131 175 1
132 137 1
132 138 1
132 142 1
132 143 1
132 152 1
132 177 1
133 139 1
133 144 1
133 149 1
133 157 1
133 158 1
133 159 1
133 171 1
133 179 1
134 157 1
134 159 1
134 163 1
134 172 1
135 146 1
135 150 1
135 161 1
135 178 1
136 152 1
136 155 1
136 167 1
136 175 1
137 140 1
137 176 1
138 155 1
138 179 1
139 140 1
139 156 1
139 170 1
140 144 1
140 156 1
140 170 1
140 176 1
141 147 1
141 148 1
141 158 1
141 175 1
142 156 1
142 176 1
143 147 1
143 150 1
144 152 1
144 177 1
144 179 1
145 155 1
145 161 1
145 164 1
145 176 1
145 178 1
146 149 1
146 159 1
146 164 1
146 166 1
146 167 1
146 179 1
147 149 1
147 151 1
147 164 1
148 149 1
148 159 1
148 160 1
148 162 1
148 172 1
149 151 1
150 154 1
150 162 1
150 172 1
150 177 1
151 153 1
151 159 1
151 171 1
151 173 1
151 174 1
152 165 1
152 174 1
153 156 1
153 159 1
153 170 1
153 173 1
155 156 1
155 168 1
155 174 1
156 160 1
156 178 1
157 178 1
158 168 1
158 174 1
159 174 1
160 167 1
160 174 1
162 166 1
162 168 1
163 170 1
163 174 1
164 174 1
166 167 1
166 173 1
168 169 1
169 179 1
171 178 1
172 178 1
174 178 1
174 179 1
1
48 102 172 5 50 63 106 116 20 104 98 84 12 10 114 137 45 115
