2102
0 12 1
0 18 1
0 19 1
0 20 1
0 34 1
0 40 1
0 70 1
0 74 1
0 75 1
0 85 1
0 89 1
0 96 1
0 108 1
0 113 1
0 114 1
0 120 1
0 124 1
0 129 1
0 140 1
0 156 1
0 163 1
0 173 1
0 177 1
0 178 1
0 179 1
1 5 1
1 31 1
1 37 1
1 60 1
1 74 1
1 86 1
1 89 1
1 90 1
1 96 1
1 100 1
1 107 1
1 118 1
1 122 1
1 124 1
1 136 1
1 138 1
1 145 1
1 147 1
1 165 1
1 180 1
1 183 1
1 190 1
1 193 1
2 4 1
2 11 1
2 22 1
2 30 1
2 70 1
2 75 1
2 77 1
2 83 1
2 88 1
2 103 1
2 104 1
2 106 1
2 109 1
2 117 1
2 120 1
2 121 1
2 138 1
2 143 1
2 145 1
2 156 1
2 158 1
2 161 1
2 179 1
2 181 1
2 183 1
2 192 1
2 194 1
2 199 1
3 7 1
3 16 1
3 37 1
3 45 1
3 57 1
3 64 1
3 66 1
3 77 1
3 80 1
3 81 1
3 92 1
3 108 1
3 116 1
3 121 1
3 122 1
3 134 1
3 140 1
3 144 1
3 146 1
3 150 1
3 165 1
3 176 1
3 177 1
3 193 1
3 196 1
4 10 1
4 27 1
4 35 1
4 55 1
4 56 1
4 71 1
4 73 1
4 90 1
4 91 1
4 101 1
4 113 1
4 122 1
4 126 1
4 131 1
4 136 1
4 140 1
4 146 1
4 164 1
4 178 1
4 195 1
5 15 1
5 34 1
5 38 1
5 50 1
5 52 1
5 53 1
5 63 1
5 70 1
5 77 1
5 79 1
5 124 1
5 132 1
5 139 1
5 145 1
5 147 1
5 162 1
5 163 1
6 69 1
6 74 1
6 82 1
6 84 1
6 90 1
6 93 1
6 98 1
6 113 1
6 117 1
6 126 1
6 133 1
6 142 1
6 174 1
6 187 1
6 190 1
7 22 1
7 31 1
7 34 1
7 44 1
7 48 1
7 52 1
7 69 1
7 72 1
7 81 1
7 103 1
7 104 1
7 123 1
7 143 1
7 155 1
7 157 1
7 166 1
7 175 1
7 183 1
7 184 1
7 186 1
7 197 1
8 9 1
8 10 1
8 35 1
8 46 1
8 54 1
8 60 1
8 108 1
8 120 1
8 130 1
8 150 1
8 153 1
8 157 1
8 158 1
8 171 1
8 175 1
8 198 1
9 13 1
9 16 1
9 20 1
9 34 1
9 37 1
9 55 1
9 85 1
9 86 1
9 88 1
9 98 1
9 117 1
9 119 1
9 121 1
9 124 1
9 125 1
9 131 1
9 132 1
9 150 1
9 153 1
9 158 1
9 164 1
9 165 1
9 182 1
10 12 1
10 25 1
10 34 1
10 51 1
10 61 1
10 67 1
10 84 1
10 86 1
10 90 1
10 102 1
10 116 1
10 128 1
10 136 1
10 143 1
10 171 1
10 182 1
10 183 1
11 17 1
11 18 1
11 24 1
11 34 1
11 42 1
11 43 1
11 52 1
11 62 1
11 64 1
11 79 1
11 83 1
11 93 1
11 94 1
11 98 1
11 102 1
11 103 1
11 117 1
11 124 1
11 134 1
11 141 1
11 150 1
11 157 1
11 184 1
11 199 1
12 36 1
12 49 1
12 51 1
12 61 1
12 77 1
12 87 1
12 97 1
12 104 1
12 111 1
12 114 1
12 119 1
12 121 1
12 135 1
12 144 1
12 176 1
12 192 1
12 195 1
13 34 1
13 40 1
13 58 1
13 88 1
13 104 1
13 107 1
13 110 1
13 112 1
13 116 1
13 125 1
13 127 1
13 134 1
13 144 1
13 148 1
13 154 1
13 165 1
13 171 1
13 190 1
14 18 1
14 24 1
14 35 1
14 52 1
14 57 1
14 68 1
14 69 1
14 89 1
14 91 1
14 111 1
14 116 1
14 120 1
14 126 1
14 133 1
14 135 1
14 153 1
14 154 1
14 158 1
14 167 1
14 198 1
14 199 1
15 16 1
15 31 1
15 43 1
15 63 1
15 66 1
15 86 1
15 91 1
15 99 1
15 101 1
15 110 1
15 126 1
15 153 1
15 159 1
15 162 1
15 166 1
15 174 1
15 183 1
15 188 1
15 197 1
16 29 1
16 43 1
16 47 1
16 51 1
16 55 1
16 58 1
16 73 1
16 74 1
16 80 1
16 97 1
16 100 1
16 108 1
16 118 1
16 120 1
16 122 1
16 129 1
16 132 1
16 144 1
16 149 1
16 154 1
16 168 1
16 182 1
16 186 1
16 192 1
17 19 1
17 60 1
17 61 1
17 68 1
17 70 1
17 82 1
17 91 1
17 98 1
17 106 1
17 113 1
17 114 1
17 117 1
17 125 1
17 141 1
17 144 1
17 153 1
17 167 1
17 186 1
18 19 1
18 23 1
18 37 1
18 39 1
18 42 1
18 44 1
18 49 1
18 53 1
18 56 1
18 70 1
18 79 1
18 80 1
18 104 1
18 120 1
18 122 1
18 125 1
18 141 1
18 153 1
18 160 1
18 169 1
18 171 1
18 173 1
18 179 1
18 186 1
18 195 1
18 197 1
19 35 1
19 47 1
19 72 1
19 86 1
19 96 1
19 98 1
19 105 1
19 118 1
19 119 1
19 142 1
19 146 1
19 147 1
19 168 1
19 181 1
19 187 1
20 58 1
20 65 1
20 70 1
20 91 1
20 94 1
20 96 1
20 98 1
20 99 1
20 104 1
20 118 1
20 137 1
20 141 1
20 145 1
20 153 1
20 159 1
20 160 1
20 190 1
20 195 1
21 25 1
21 53 1
21 56 1
21 57 1
21 68 1
21 83 1
21 84 1
21 103 1
21 108 1
21 126 1
21 127 1
21 134 1
21 136 1
21 143 1
21 148 1
21 159 1
21 174 1
21 196 1
22 38 1
22 69 1
22 73 1
22 79 1
22 88 1
22 89 1
22 90 1
22 104 1
22 113 1
22 114 1
22 122 1
22 147 1
22 155 1
22 167 1
22 174 1
22 179 1
22 184 1
22 199 1
23 33 1
23 41 1
23 42 1
23 44 1
23 66 1
23 85 1
23 94 1
23 102 1
23 130 1
23 134 1
23 153 1
23 180 1
23 193 1
24 28 1
24 30 1
24 72 1
24 104 1
24 108 1
24 117 1
24 121 1
24 124 1
24 131 1
24 133 1
24 134 1
24 141 1
24 146 1
24 159 1
24 175 1
24 179 1
24 198 1
25 26 1
25 34 1
25 41 1
25 44 1
25 49 1
25 63 1
25 64 1
25 66 1
25 71 1
25 81 1
25 82 1
25 84 1
25 90 1
25 101 1
25 106 1
25 111 1
25 116 1
25 136 1
25 138 1
25 141 1
25 146 1
25 156 1
25 160 1
26 44 1
26 47 1
26 57 1
26 65 1
26 76 1
26 79 1
26 80 1
26 85 1
26 86 1
26 88 1
26 90 1
26 93 1
26 131 1
26 136 1
26 168 1
26 180 1
26 184 1
26 194 1
27 38 1
27 46 1
27 47 1
27 51 1
27 57 1
27 63 1
27 70 1
27 83 1
27 91 1
27 116 1
27 150 1
27 160 1
27 173 1
27 176 1
27 187 1
27 193 1
28 44 1
28 62 1
28 67 1
28 69 1
28 99 1
28 111 1
28 112 1
28 134 1
28 148 1
28 158 1
28 160 1
28 161 1
28 185 1
29 36 1
29 42 1
29 50 1
29 57 1
29 60 1
29 62 1
29 94 1
29 98 1
29 108 1
29 115 1
29 146 1
29 154 1
29 158 1
29 173 1
29 179 1
29 182 1
30 47 1
30 53 1
30 57 1
30 60 1
30 64 1
30 70 1
30 90 1
30 95 1
30 99 1
30 103 1
30 108 1
30 110 1
30 111 1
30 127 1
30 140 1
30 141 1
30 150 1
30 191 1
30 198 1
30 199 1
31 50 1
31 59 1
31 60 1
31 62 1
31 73 1
31 84 1
31 115 1
31 119 1
31 126 1
31 131 1
31 140 1
31 141 1
31 142 1
31 161 1
31 168 1
31 184 1
31 185 1
31 192 1
32 38 1
32 41 1
32 45 1
32 47 1
32 48 1
32 50 1
32 56 1
32 60 1
32 63 1
32 64 1
32 68 1
32 72 1
32 93 1
32 99 1
32 115 1
32 117 1
32 130 1
32 141 1
32 143 1
32 146 1
32 156 1
32 159 1
32 160 1
32 185 1
32 194 1
33 51 1
33 56 1
33 69 1
33 72 1
33 90 1
33 124 1
33 125 1
33 127 1
33 129 1
33 142 1
33 154 1
33 158 1
33 188 1
33 194 1
33 197 1
34 44 1
34 47 1
34 57 1
34 68 1
34 83 1
34 93 1
34 97 1
34 113 1
34 125 1
34 131 1
34 135 1
34 144 1
34 146 1
34 150 1
34 173 1
34 175 1
34 184 1
34 185 1
34 187 1
34 193 1
35 37 1
35 42 1
35 76 1
35 78 1
35 80 1
35 99 1
35 101 1
35 106 1
35 141 1
35 162 1
35 183 1
35 189 1
35 192 1
36 41 1
36 42 1
36 48 1
36 67 1
36 70 1
36 71 1
36 91 1
36 95 1
36 97 1
36 113 1
36 130 1
36 137 1
36 138 1
36 154 1
36 169 1
36 171 1
36 183 1
36 198 1
37 39 1
37 65 1
37 66 1
37 79 1
37 86 1
37 91 1
37 109 1
37 115 1
37 117 1
37 123 1
37 128 1
37 131 1
37 139 1
37 141 1
37 152 1
37 172 1
37 179 1
37 184 1
37 187 1
37 192 1
37 195 1
37 198 1
38 43 1
38 72 1
38 80 1
38 82 1
38 85 1
38 112 1
38 118 1
38 133 1
38 135 1
38 138 1
38 181 1
38 192 1
38 197 1
39 42 1
39 60 1
39 66 1
39 78 1
39 87 1
39 107 1
39 112 1
39 123 1
39 128 1
39 147 1
39 159 1
39 170 1
39 184 1
39 192 1
40 42 1
40 43 1
40 49 1
40 52 1
40 61 1
40 77 1
40 97 1
40 100 1
40 115 1
40 129 1
40 136 1
40 141 1
40 151 1
40 154 1
40 158 1
40 162 1
40 167 1
40 178 1
40 187 1
40 194 1
41 46 1
41 51 1
41 70 1
41 75 1
41 88 1
41 91 1
41 112 1
41 116 1
41 131 1
41 136 1
41 138 1
41 154 1
41 168 1
41 177 1
42 44 1
42 49 1
42 63 1
42 65 1
42 74 1
42 85 1
42 94 1
42 96 1
42 105 1
42 113 1
42 115 1
42 117 1
42 133 1
42 142 1
42 159 1
42 168 1
42 178 1
42 184 1
43 45 1
43 59 1
43 76 1
43 83 1
43 91 1
43 107 1
43 118 1
43 120 1
43 130 1
43 134 1
43 135 1
43 153 1
43 173 1
43 180 1
43 186 1
43 187 1
43 198 1
44 54 1
44 77 1
44 94 1
44 100 1
44 117 1
44 139 1
44 144 1
44 153 1
44 164 1
44 172 1
44 176 1
44 181 1
44 183 1
44 190 1
44 191 1
44 193 1
45 50 1
45 51 1
45 72 1
45 78 1
45 79 1
45 94 1
45 129 1
45 140 1
45 143 1
45 154 1
45 157 1
45 171 1
45 179 1
45 187 1
45 188 1
45 191 1
46 50 1
46 53 1
46 59 1
46 62 1
46 68 1
46 71 1
46 87 1
46 91 1
46 94 1
46 97 1
46 100 1
46 102 1
46 109 1
46 113 1
46 118 1
46 125 1
46 130 1
46 134 1
46 148 1
46 149 1
46 151 1
46 157 1
46 173 1
46 175 1
46 182 1
46 190 1
46 192 1
47 70 1
47 96 1
47 100 1
47 101 1
47 114 1
47 130 1
47 131 1
47 133 1
47 142 1
47 145 1
47 155 1
47 158 1
47 159 1
47 164 1
47 172 1
47 176 1
47 177 1
47 182 1
47 185 1
47 190 1
47 197 1
48 51 1
48 69 1
48 73 1
48 74 1
48 80 1
48 109 1
48 111 1
48 115 1
48 123 1
48 141 1
48 142 1
48 143 1
48 150 1
48 152 1
48 159 1
48 176 1
48 177 1
48 183 1
48 185 1
48 192 1
48 196 1
48 199 1
49 74 1
49 84 1
49 101 1
49 102 1
49 103 1
49 113 1
49 117 1
49 127 1
49 137 1
49 154 1
49 160 1
49 164 1
49 175 1
49 186 1
49 198 1
50 57 1
50 62 1
50 66 1
50 72 1
50 79 1
50 86 1
50 93 1
50 104 1
50 116 1
50 117 1
50 128 1
50 133 1
50 134 1
50 170 1
50 180 1
50 182 1
50 194 1
51 59 1
51 67 1
51 79 1
51 84 1
51 95 1
51 98 1
51 105 1
51 147 1
51 148 1
51 164 1
51 166 1
51 169 1
51 172 1
51 175 1
51 177 1
51 178 1
52 65 1
52 75 1
52 76 1
52 85 1
52 97 1
52 99 1
52 110 1
52 123 1
52 134 1
52 144 1
52 147 1
52 149 1
52 150 1
52 167 1
52 182 1
52 186 1
53 63 1
53 69 1
53 81 1
53 97 1
53 103 1
53 124 1
53 131 1
53 150 1
53 156 1
53 166 1
53 167 1
53 177 1
53 178 1
53 181 1
53 187 1
54 66 1
54 80 1
54 101 1
54 112 1
54 117 1
54 124 1
54 129 1
54 134 1
54 135 1
54 148 1
54 153 1
54 179 1
54 197 1
55 58 1
55 62 1
55 65 1
55 69 1
55 71 1
55 79 1
55 80 1
55 87 1
55 88 1
55 90 1
55 92 1
55 94 1
55 104 1
55 106 1
55 131 1
55 158 1
55 176 1
56 58 1
56 62 1
56 78 1
56 84 1
56 86 1
56 98 1
56 102 1
56 110 1
56 118 1
56 129 1
56 173 1
56 176 1
56 177 1
56 180 1
56 187 1
56 195 1
56 196 1
56 198 1
57 62 1
57 67 1
57 69 1
57 79 1
57 81 1
57 88 1
57 90 1
57 99 1
57 103 1
57 106 1
57 109 1
57 114 1
57 116 1
57 119 1
57 120 1
57 142 1
57 144 1
57 149 1
57 170 1
57 171 1
57 179 1
57 184 1
58 71 1
58 86 1
58 89 1
58 118 1
58 122 1
58 135 1
58 144 1
58 145 1
58 159 1
58 170 1
58 180 1
58 192 1
59 63 1
59 71 1
59 77 1
59 100 1
59 104 1
59 120 1
59 127 1
59 132 1
59 139 1
59 149 1
59 154 1
59 167 1
59 193 1
60 66 1
60 71 1
60 102 1
60 114 1
60 124 1
60 126 1
60 153 1
60 168 1
60 169 1
60 189 1
60 193 1
61 69 1
61 76 1
61 96 1
61 102 1
61 103 1
61 104 1
61 113 1
61 116 1
61 124 1
61 132 1
61 135 1
61 141 1
61 163 1
61 165 1
61 169 1
61 170 1
61 175 1
61 178 1
61 186 1
61 192 1
61 193 1
62 89 1
62 93 1
62 100 1
62 102 1
62 106 1
62 107 1
62 133 1
62 138 1
62 156 1
62 164 1
62 166 1
62 181 1
62 192 1
62 193 1
63 67 1
63 74 1
63 79 1
63 97 1
63 112 1
63 119 1
63 120 1
63 122 1
63 124 1
63 130 1
63 135 1
63 136 1
63 137 1
63 140 1
63 182 1
63 190 1
64 91 1
64 99 1
64 133 1
64 149 1
64 154 1
64 158 1
64 167 1
64 172 1
64 186 1
64 192 1
65 85 1
65 87 1
65 94 1
65 99 1
65 102 1
65 104 1
65 112 1
65 120 1
65 135 1
65 136 1
65 148 1
65 161 1
65 165 1
65 170 1
65 181 1
65 189 1
65 196 1
66 69 1
66 79 1
66 84 1
66 111 1
66 115 1
66 131 1
66 147 1
66 159 1
66 166 1
66 168 1
66 169 1
66 174 1
66 178 1
66 189 1
66 195 1
66 199 1
67 70 1
67 80 1
67 81 1
67 88 1
67 92 1
67 103 1
67 107 1
67 153 1
67 159 1
67 169 1
67 184 1
67 185 1
67 198 1
68 69 1
68 86 1
68 92 1
68 99 1
68 105 1
68 109 1
68 140 1
68 147 1
68 155 1
68 157 1
68 183 1
69 70 1
69 96 1
69 102 1
69 111 1
69 119 1
69 134 1
69 152 1
69 159 1
69 163 1
69 174 1
69 180 1
69 184 1
70 77 1
70 82 1
70 101 1
70 102 1
70 124 1
70 159 1
70 191 1
71 74 1
71 82 1
71 85 1
71 89 1
71 96 1
71 130 1
71 136 1
71 159 1
71 166 1
71 167 1
71 175 1
71 177 1
72 108 1
72 109 1
72 110 1
72 111 1
72 113 1
72 120 1
72 137 1
72 148 1
72 162 1
72 170 1
72 188 1
72 190 1
73 75 1
73 81 1
73 89 1
73 97 1
73 118 1
73 120 1
73 136 1
73 143 1
73 149 1
73 157 1
73 190 1
73 194 1
74 80 1
74 104 1
74 105 1
74 113 1
74 121 1
74 127 1
74 128 1
74 132 1
74 169 1
74 190 1
74 197 1
75 93 1
75 110 1
75 113 1
75 118 1
75 122 1
75 133 1
75 157 1
75 162 1
75 175 1
75 176 1
75 182 1
75 191 1
75 194 1
75 195 1
76 83 1
76 126 1
76 129 1
76 130 1
76 141 1
76 182 1
76 190 1
76 198 1
77 113 1
77 131 1
77 133 1
77 147 1
77 154 1
77 160 1
77 166 1
77 175 1
77 180 1
77 183 1
77 185 1
77 186 1
77 189 1
78 81 1
78 88 1
78 117 1
78 128 1
78 132 1
78 139 1
78 146 1
78 151 1
78 157 1
78 164 1
79 80 1
79 100 1
79 107 1
79 108 1
79 109 1
79 113 1
79 120 1
79 135 1
79 151 1
79 165 1
79 167 1
79 183 1
80 100 1
80 112 1
80 114 1
80 124 1
80 141 1
80 150 1
80 153 1
80 156 1
80 172 1
80 178 1
80 192 1
80 193 1
80 198 1
81 86 1
81 116 1
81 122 1
81 134 1
81 149 1
81 156 1
81 158 1
81 170 1
81 181 1
81 185 1
82 108 1
82 118 1
82 124 1
82 134 1
82 152 1
82 158 1
82 163 1
82 170 1
82 176 1
82 187 1
82 193 1
82 195 1
82 197 1
83 96 1
83 116 1
83 125 1
83 137 1
83 143 1
83 146 1
83 151 1
83 184 1
83 192 1
84 90 1
84 135 1
84 154 1
84 155 1
84 159 1
84 167 1
84 176 1
85 110 1
85 132 1
85 147 1
85 169 1
85 174 1
85 183 1
85 198 1
86 94 1
86 98 1
86 110 1
86 111 1
86 119 1
86 131 1
86 142 1
86 157 1
86 162 1
86 171 1
86 175 1
86 180 1
86 190 1
86 194 1
86 197 1
87 92 1
87 115 1
87 117 1
87 143 1
87 145 1
87 152 1
87 156 1
87 174 1
87 182 1
88 106 1
88 157 1
88 158 1
88 168 1
88 191 1
88 198 1
89 92 1
89 93 1
89 101 1
89 104 1
89 107 1
89 131 1
89 135 1
89 137 1
89 145 1
89 147 1
89 152 1
89 159 1
89 171 1
89 189 1
90 108 1
90 109 1
90 110 1
90 113 1
90 116 1
90 139 1
90 147 1
90 148 1
90 160 1
90 180 1
90 190 1
90 197 1
91 105 1
91 106 1
91 107 1
91 135 1
91 137 1
91 147 1
91 153 1
91 176 1
91 187 1
91 191 1
91 195 1
92 94 1
92 133 1
92 141 1
92 144 1
92 148 1
92 161 1
92 175 1
92 179 1
92 184 1
92 196 1
92 199 1
93 106 1
93 110 1
93 111 1
93 112 1
93 126 1
93 131 1
93 132 1
93 135 1
93 141 1
93 143 1
93 150 1
93 153 1
93 163 1
93 192 1
94 103 1
94 105 1
94 113 1
94 117 1
94 120 1
94 123 1
94 130 1
94 132 1
94 150 1
94 151 1
94 165 1
94 176 1
94 183 1
95 107 1
95 114 1
95 119 1
95 144 1
95 151 1
95 164 1
95 173 1
95 174 1
95 179 1
96 98 1
96 126 1
96 127 1
96 132 1
96 135 1
96 144 1
96 151 1
96 161 1
96 170 1
96 184 1
96 197 1
97 104 1
97 110 1
97 112 1
97 113 1
97 115 1
97 121 1
97 124 1
97 126 1
97 132 1
97 148 1
97 161 1
97 163 1
97 168 1
97 173 1
97 178 1
98 100 1
98 103 1
98 119 1
98 124 1
98 133 1
98 149 1
98 150 1
98 156 1
98 196 1
98 197 1
99 105 1
99 112 1
99 128 1
99 129 1
99 131 1
99 136 1
99 163 1
99 164 1
100 134 1
100 138 1
100 147 1
100 161 1
100 178 1
100 195 1
101 107 1
101 126 1
101 133 1
101 140 1
101 141 1
101 147 1
101 148 1
101 151 1
101 158 1
101 160 1
101 189 1
102 125 1
102 144 1
102 148 1
102 169 1
102 175 1
102 178 1
102 196 1
102 198 1
103 124 1
103 146 1
103 160 1
103 177 1
103 189 1
103 192 1
103 195 1
104 113 1
104 127 1
104 130 1
104 138 1
104 155 1
104 156 1
105 112 1
105 113 1
105 114 1
105 135 1
105 136 1
105 137 1
105 140 1
105 155 1
105 162 1
105 165 1
105 173 1
105 177 1
105 182 1
105 199 1
106 107 1
106 137 1
106 139 1
106 158 1
106 162 1
106 164 1
106 172 1
106 176 1
106 178 1
106 187 1
106 190 1
107 109 1
107 118 1
107 126 1
107 142 1
107 148 1
107 154 1
107 163 1
107 168 1
107 174 1
107 183 1
107 187 1
107 195 1
108 111 1
108 117 1
108 131 1
108 140 1
108 155 1
108 157 1
108 159 1
108 160 1
108 163 1
108 174 1
108 185 1
108 191 1
108 192 1
108 197 1
109 115 1
109 116 1
109 119 1
109 132 1
109 134 1
109 141 1
109 142 1
109 170 1
109 175 1
110 135 1
110 137 1
110 141 1
110 142 1
110 151 1
110 158 1
110 164 1
110 171 1
111 112 1
111 115 1
111 122 1
111 145 1
111 146 1
111 147 1
111 150 1
111 153 1
111 154 1
111 168 1
111 170 1
111 176 1
112 113 1
112 115 1
112 128 1
112 131 1
112 137 1
112 143 1
112 152 1
112 163 1
112 166 1
112 167 1
112 179 1
112 193 1
113 117 1
113 123 1
113 127 1
113 130 1
113 199 1
114 119 1
114 139 1
114 142 1
114 170 1
114 182 1
114 190 1
115 126 1
115 132 1
115 134 1
115 165 1
115 191 1
115 194 1
116 120 1
116 128 1
116 131 1
116 137 1
116 146 1
116 167 1
116 193 1
117 118 1
117 126 1
117 134 1
117 145 1
117 152 1
117 157 1
117 163 1
117 169 1
117 173 1
117 181 1
117 191 1
117 197 1
118 120 1
118 125 1
118 152 1
118 154 1
118 161 1
118 166 1
118 179 1
118 189 1
118 192 1
119 131 1
119 137 1
119 146 1
119 150 1
119 173 1
119 179 1
119 195 1
119 196 1
119 199 1
120 138 1
120 140 1
120 144 1
120 150 1
120 155 1
120 157 1
120 159 1
120 162 1
120 166 1
120 173 1
120 186 1
120 198 1
121 131 1
121 136 1
121 137 1
121 145 1
121 161 1
121 171 1
121 175 1
121 176 1
121 193 1
122 128 1
122 159 1
122 166 1
122 172 1
122 192 1
122 193 1
123 133 1
123 142 1
123 163 1
123 175 1
123 187 1
123 198 1
124 169 1
124 172 1
124 174 1
124 176 1
124 183 1
125 127 1
125 135 1
125 148 1
125 150 1
125 158 1
125 164 1
125 179 1
125 189 1
125 199 1
126 128 1
126 155 1
126 156 1
126 158 1
126 159 1
126 161 1
126 162 1
126 173 1
126 185 1
127 133 1
127 137 1
127 146 1
127 150 1
127 151 1
127 162 1
127 167 1
127 175 1
127 181 1
127 190 1
127 196 1
127 198 1
128 131 1
128 158 1
128 160 1
128 163 1
128 168 1
128 188 1
128 194 1
129 134 1
129 136 1
129 138 1
129 139 1
129 141 1
129 161 1
129 170 1
129 184 1
129 190 1
129 197 1
130 140 1
130 146 1
130 160 1
130 163 1
130 169 1
130 176 1
130 177 1
130 196 1
131 152 1
131 159 1
131 160 1
131 162 1
131 166 1
131 176 1
131 178 1
131 180 1
131 194 1
132 137 1
132 138 1
132 150 1
132 153 1
132 174 1
132 181 1
133 140 1
133 141 1
133 154 1
133 159 1
133 163 1
133 167 1
133 171 1
133 197 1
134 155 1
134 176 1
135 151 1
135 152 1
135 163 1
135 171 1
135 172 1
135 186 1
135 189 1
135 197 1
136 147 1
136 171 1
136 195 1
137 143 1
137 153 1
137 158 1
137 169 1
137 170 1
137 183 1
137 186 1
137 190 1
137 191 1
137 193 1
138 156 1
138 168 1
138 173 1
138 188 1
138 190 1
139 146 1
139 149 1
139 155 1
139 164 1
139 165 1
139 186 1
139 197 1
139 199 1
140 153 1
140 154 1
140 161 1
140 166 1
140 176 1
140 188 1
140 191 1
140 195 1
141 142 1
141 156 1
141 164 1
141 165 1
141 182 1
141 185 1
142 145 1
142 176 1
142 194 1
142 198 1
143 159 1
143 162 1
143 172 1
143 176 1
143 180 1
144 145 1
144 148 1
144 154 1
144 175 1
144 184 1
144 198 1
144 199 1
145 155 1
145 162 1
145 171 1
145 177 1
145 180 1
145 182 1
145 187 1
145 191 1
145 193 1
145 197 1
145 199 1
146 171 1
146 190 1
147 151 1
147 161 1
147 165 1
147 171 1
147 186 1
147 193 1
148 149 1
148 150 1
148 173 1
149 150 1
149 153 1
149 156 1
149 173 1
149 174 1
149 175 1
150 164 1
150 177 1
151 163 1
151 169 1
151 180 1
151 183 1
152 157 1
152 162 1
152 164 1
152 165 1
152 173 1
152 177 1
152 189 1
152 196 1
153 167 1
153 174 1
153 184 1
153 196 1
153 199 1
154 175 1
154 177 1
154 189 1
154 199 1
155 163 1
155 177 1
155 183 1
155 195 1
156 172 1
156 176 1
156 180 1
157 162 1
157 165 1
157 169 1
157 173 1
157 183 1
157 186 1
157 189 1
158 164 1
158 173 1
158 176 1
158 185 1
158 190 1
158 196 1
158 199 1
159 167 1
159 175 1
159 178 1
159 181 1
160 161 1
160 168 1
160 193 1
160 196 1
161 168 1
162 164 1
162 169 1
162 172 1
162 182 1
162 184 1
162 191 1
162 192 1
163 172 1
163 179 1
163 186 1
164 186 1
165 166 1
165 175 1
165 185 1
166 172 1
166 180 1
166 198 1
167 178 1
167 185 1
167 196 1
167 197 1
169 187 1
169 192 1
170 171 1
170 176 1
170 177 1
170 195 1
170 196 1
170 199 1
171 178 1
171 199 1
172 178 1
172 179 1
172 187 1
172 191 1
173 174 1
173 178 1
173 189 1
173 191 1
173 195 1
173 198 1
174 176 1
174 184 1
174 196 1
175 181 1
175 185 1
176 180 1
176 197 1
177 178 1
177 194 1
178 186 1
178 188 1
179 191 1
179 196 1
179 199 1
180 185 1
180 186 1
180 195 1
181 183 1
181 189 1
181 191 1
181 198 1
182 187 1
182 191 1
183 191 1
183 198 1
184 185 1
184 189 1
184 198 1
187 195 1
187 197 1
188 190 1
189 192 1
189 197 1
190 191 1
190 195 1
191 195 1
191 199 1
193 199 1
194 198 1
196 197 1
1
22 47 190 168 176 41 141 8 73 57 191 171 78 72 115 187 54 90 198 50
