697
0 1 1
0 4 1
0 8 1
0 9 1
0 12 1
0 15 1
0 17 1
0 19 1
0 24 1
0 32 1
0 33 1
0 36 1
0 41 1
0 44 1
0 49 1
0 52 1
0 53 1
0 58 1
0 62 1
0 69 1
0 71 1
0 72 1
1 3 1
1 9 1
1 11 1
1 14 1
1 27 1
1 28 1
1 30 1
1 31 1
1 32 1
1 35 1
1 38 1
1 41 1
1 43 1
1 44 1
1 58 1
1 59 1
1 60 1
1 62 1
1 68 1
1 75 1
1 76 1
2 12 1
2 13 1
2 14 1
2 28 1
2 30 1
2 34 1
2 35 1
2 38 1
2 39 1
2 46 1
2 47 1
2 51 1
2 53 1
2 63 1
2 65 1
2 67 1
2 73 1
2 75 1
2 77 1
2 79 1
3 11 1
3 15 1
3 17 1
3 31 1
3 36 1
3 41 1
3 42 1
3 43 1
3 45 1
3 53 1
3 55 1
3 56 1
3 58 1
3 67 1
3 70 1
3 73 1
4 8 1
4 13 1
4 14 1
4 21 1
4 24 1
4 26 1
4 29 1
4 32 1
4 33 1
4 39 1
4 40 1
4 42 1
4 46 1
4 47 1
4 60 1
4 62 1
4 67 1
4 75 1
4 77 1
4 78 1
5 11 1
5 14 1
5 17 1
5 19 1
5 21 1
5 26 1
5 32 1
5 33 1
5 34 1
5 37 1
5 46 1
5 50 1
5 52 1
5 53 1
5 63 1
5 64 1
5 70 1
5 78 1
6 8 1
6 19 1
6 24 1
6 27 1
6 37 1
6 39 1
6 40 1
6 47 1
6 52 1
6 53 1
6 62 1
6 70 1
6 71 1
6 76 1
6 78 1
7 14 1
7 16 1
7 29 1
7 32 1
7 45 1
7 49 1
7 50 1
7 53 1
7 58 1
7 63 1
7 65 1
7 68 1
7 70 1
7 73 1
7 78 1
8 14 1
8 25 1
8 30 1
8 31 1
8 34 1
8 36 1
8 39 1
8 40 1
8 41 1
8 46 1
8 54 1
8 55 1
8 58 1
8 59 1
8 67 1
8 71 1
8 73 1
8 74 1
9 21 1
9 23 1
9 28 1
9 36 1
9 37 1
9 41 1
9 47 1
9 54 1
9 55 1
9 56 1
9 58 1
9 63 1
9 65 1
9 71 1
9 75 1
9 76 1
10 15 1
10 20 1
10 23 1
10 29 1
10 36 1
10 38 1
10 39 1
10 45 1
10 49 1
10 57 1
10 58 1
10 61 1
10 64 1
10 70 1
10 72 1
11 16 1
11 24 1
11 26 1
11 28 1
11 40 1
11 54 1
11 56 1
11 62 1
11 71 1
12 13 1
12 18 1
12 32 1
12 37 1
12 46 1
12 47 1
12 50 1
12 51 1
12 52 1
12 53 1
12 54 1
12 56 1
12 62 1
12 64 1
12 75 1
12 77 1
13 18 1
13 20 1
13 21 1
13 25 1
13 29 1
13 30 1
13 31 1
13 32 1
13 34 1
13 36 1
13 51 1
13 54 1
13 61 1
13 63 1
13 68 1
13 72 1
13 75 1
13 76 1
14 23 1
14 28 1
14 29 1
14 30 1
14 33 1
14 37 1
14 41 1
14 46 1
14 50 1
14 51 1
14 54 1
14 60 1
14 64 1
14 67 1
14 73 1
14 77 1
15 16 1
15 18 1
15 20 1
15 21 1
15 22 1
15 23 1
15 30 1
15 34 1
15 38 1
15 41 1
15 42 1
15 48 1
15 52 1
15 60 1
15 62 1
15 75 1
16 19 1
16 20 1
16 24 1
16 26 1
16 29 1
16 30 1
16 35 1
16 37 1
16 42 1
16 43 1
16 50 1
16 53 1
16 58 1
16 76 1
17 28 1
17 29 1
17 30 1
17 35 1
17 45 1
17 46 1
17 55 1
17 57 1
17 64 1
17 68 1
17 71 1
17 73 1
17 76 1
17 79 1
18 21 1
18 24 1
18 40 1
18 45 1
18 52 1
18 53 1
18 54 1
18 58 1
18 60 1
18 71 1
18 77 1
19 21 1
19 22 1
19 26 1
19 36 1
19 38 1
19 44 1
19 48 1
19 58 1
19 61 1
19 62 1
20 21 1
20 27 1
20 29 1
20 31 1
20 32 1
20 38 1
20 39 1
20 44 1
20 46 1
20 47 1
20 48 1
20 49 1
20 52 1
20 55 1
20 57 1
20 64 1
20 67 1
20 68 1
20 69 1
20 70 1
20 71 1
20 74 1
20 78 1
21 33 1
21 35 1
21 53 1
21 54 1
21 67 1
21 72 1
21 74 1
21 75 1
22 32 1
22 33 1
22 35 1
22 43 1
22 65 1
22 69 1
22 72 1
22 73 1
23 27 1
23 28 1
23 29 1
23 33 1
23 39 1
23 45 1
23 53 1
23 54 1
23 60 1
23 62 1
23 66 1
23 67 1
23 68 1
23 69 1
23 74 1
23 78 1
23 79 1
24 29 1
24 30 1
24 40 1
24 41 1
24 43 1
24 44 1
24 52 1
24 56 1
24 61 1
24 67 1
25 33 1
25 49 1
25 53 1
25 57 1
25 59 1
25 62 1
25 64 1
25 66 1
25 76 1
26 27 1
26 32 1
26 35 1
26 36 1
26 37 1
26 40 1
26 41 1
26 45 1
26 46 1
26 56 1
26 63 1
26 66 1
26 68 1
26 69 1
26 71 1
26 72 1
26 76 1
27 35 1
27 36 1
27 38 1
27 45 1
27 47 1
27 48 1
27 56 1
27 57 1
27 62 1
27 64 1
27 71 1
27 74 1
27 79 1
28 33 1
28 44 1
28 48 1
28 52 1
28 54 1
28 58 1
28 60 1
28 67 1
28 74 1
29 32 1
29 38 1
29 43 1
29 47 1
29 55 1
29 57 1
29 59 1
29 61 1
29 63 1
29 69 1
29 72 1
29 73 1
29 79 1
30 40 1
30 42 1
30 44 1
30 46 1
30 50 1
30 51 1
30 54 1
30 60 1
30 62 1
30 75 1
31 33 1
31 34 1
31 41 1
31 46 1
31 50 1
31 53 1
31 57 1
31 62 1
32 33 1
32 35 1
32 43 1
32 45 1
32 46 1
32 53 1
32 57 1
32 60 1
32 62 1
32 64 1
32 68 1
32 74 1
33 41 1
33 52 1
33 61 1
33 64 1
33 67 1
33 70 1
33 77 1
33 79 1
34 43 1
34 44 1
34 48 1
34 52 1
34 56 1
34 58 1
34 63 1
34 66 1
34 78 1
34 79 1
35 42 1
35 44 1
35 51 1
35 52 1
35 56 1
35 62 1
35 67 1
35 71 1
35 74 1
36 37 1
36 61 1
36 62 1
36 64 1
36 67 1
36 68 1
36 73 1
36 76 1
37 41 1
37 46 1
37 48 1
37 56 1
37 59 1
37 61 1
37 62 1
37 69 1
37 76 1
37 78 1
38 40 1
38 41 1
38 43 1
38 50 1
38 52 1
38 63 1
38 64 1
38 74 1
39 41 1
39 43 1
39 45 1
39 47 1
39 50 1
39 56 1
39 63 1
39 64 1
39 65 1
39 66 1
39 68 1
39 72 1
39 76 1
39 79 1
40 42 1
40 45 1
40 51 1
40 62 1
40 72 1
41 42 1
41 44 1
41 45 1
41 49 1
41 52 1
41 53 1
41 54 1
41 61 1
41 64 1
41 67 1
41 74 1
41 75 1
41 76 1
42 43 1
42 55 1
42 56 1
42 57 1
42 71 1
42 72 1
42 76 1
42 78 1
43 49 1
43 50 1
43 69 1
43 71 1
43 76 1
44 50 1
44 53 1
44 55 1
44 56 1
44 58 1
44 64 1
44 65 1
44 66 1
45 50 1
45 53 1
45 57 1
45 59 1
45 63 1
45 66 1
45 70 1
45 79 1
46 51 1
46 54 1
46 55 1
46 57 1
46 59 1
46 60 1
46 61 1
46 63 1
46 67 1
46 76 1
47 49 1
47 50 1
47 52 1
47 57 1
47 60 1
47 74 1
48 51 1
48 53 1
48 54 1
48 55 1
48 57 1
48 61 1
48 70 1
48 72 1
48 76 1
49 51 1
49 62 1
49 64 1
49 65 1
49 72 1
49 77 1
49 78 1
50 62 1
50 63 1
50 64 1
50 67 1
50 72 1
51 59 1
51 60 1
51 72 1
51 75 1
52 65 1
52 72 1
52 74 1
53 65 1
53 68 1
53 76 1
54 76 1
54 78 1
55 58 1
55 66 1
55 67 1
55 72 1
56 60 1
56 63 1
56 69 1
56 71 1
56 74 1
57 58 1
57 59 1
57 61 1
57 69 1
57 70 1
58 61 1
58 63 1
58 68 1
58 73 1
58 79 1
59 64 1
59 68 1
59 71 1
59 74 1
59 77 1
60 69 1
60 70 1
60 73 1
60 78 1
61 62 1
61 63 1
61 69 1
61 79 1
62 67 1
62 74 1
62 77 1
63 67 1
63 69 1
63 74 1
64 70 1
64 75 1
64 78 1
65 69 1
65 75 1
65 79 1
66 77 1
66 79 1
67 78 1
68 70 1
69 78 1
70 79 1
71 75 1
72 79 1
73 76 1
73 77 1
74 75 1
75 79 1
76 77 1
1
72 12 75 65 1 52 10 67
