283
0 1 1
0 3 1
0 10 1
0 14 1
0 16 1
0 20 1
0 22 1
0 23 1
0 24 1
0 26 1
0 28 1
0 29 1
1 2 1
1 5 1
1 7 1
1 8 1
1 9 1
1 10 1
1 11 1
1 13 1
1 26 1
1 28 1
1 31 1
1 33 1
1 37 1
2 7 1
2 13 1
2 14 1
2 15 1
2 16 1
2 23 1
2 28 1
2 29 1
2 31 1
2 35 1
2 36 1
2 38 1
3 5 1
3 10 1
3 12 1
3 13 1
3 24 1
3 25 1
3 27 1
3 30 1
3 32 1
3 34 1
3 36 1
3 38 1
4 8 1
4 12 1
4 21 1
4 22 1
4 23 1
4 25 1
4 33 1
4 34 1
4 37 1
5 8 1
5 13 1
5 14 1
5 15 1
5 21 1
5 23 1
5 26 1
5 27 1
5 28 1
5 31 1
5 32 1
6 7 1
6 16 1
6 19 1
6 22 1
6 24 1
6 25 1
6 26 1
6 27 1
6 28 1
6 29 1
6 33 1
7 12 1
7 21 1
7 24 1
7 26 1
7 28 1
7 29 1
7 30 1
7 31 1
7 32 1
7 39 1
8 11 1
8 14 1
8 16 1
8 18 1
8 19 1
8 20 1
8 21 1
8 28 1
8 30 1
8 33 1
8 34 1
8 37 1
8 38 1
8 39 1
9 12 1
9 15 1
9 16 1
9 17 1
9 21 1
9 27 1
9 28 1
9 33 1
9 34 1
9 36 1
9 39 1
10 11 1
10 15 1
10 18 1
10 22 1
10 23 1
10 25 1
10 26 1
10 29 1
10 30 1
10 31 1
10 32 1
10 33 1
10 36 1
11 12 1
11 13 1
11 15 1
11 17 1
11 22 1
11 28 1
11 30 1
11 31 1
11 37 1
12 14 1
12 15 1
12 17 1
12 19 1
12 24 1
12 26 1
12 29 1
12 30 1
12 32 1
12 33 1
12 34 1
12 39 1
13 19 1
13 22 1
13 23 1
13 24 1
13 32 1
13 35 1
14 21 1
14 23 1
14 31 1
14 34 1
14 36 1
14 37 1
15 16 1
15 17 1
15 19 1
15 24 1
15 27 1
15 28 1
15 29 1
15 31 1
15 34 1
15 36 1
15 37 1
15 38 1
16 20 1
16 21 1
16 25 1
16 27 1
16 29 1
16 30 1
16 32 1
16 34 1
16 37 1
16 38 1
16 39 1
17 18 1
17 19 1
17 22 1
17 24 1
17 28 1
17 34 1
17 35 1
17 36 1
18 23 1
18 24 1
18 26 1
18 28 1
18 31 1
18 36 1
18 38 1
19 25 1
19 29 1
19 31 1
19 34 1
20 22 1
20 25 1
20 28 1
20 29 1
20 38 1
21 25 1
21 26 1
21 28 1
21 30 1
21 31 1
21 32 1
21 35 1
21 39 1
22 27 1
22 28 1
22 30 1
22 32 1
22 34 1
22 35 1
22 37 1
22 39 1
23 24 1
23 28 1
23 29 1
23 32 1
23 34 1
23 35 1
23 37 1
23 38 1
24 27 1
24 29 1
24 33 1
24 39 1
25 26 1
25 27 1
25 35 1
25 36 1
25 37 1
25 39 1
26 27 1
26 29 1
26 31 1
26 32 1
26 33 1
26 37 1
26 38 1
26 39 1
27 30 1
27 31 1
27 32 1
28 29 1
28 30 1
28 34 1
28 37 1
29 33 1
29 34 1
29 36 1
29 37 1
30 31 1
30 34 1
30 38 1
31 32 1
31 34 1
31 35 1
32 34 1
32 37 1
32 39 1
33 34 1
33 35 1
33 36 1
33 38 1
33 39 1
34 35 1
34 36 1
34 38 1
35 38 1
35 39 1
36 37 1
37 38 1
37 39 1
1
32 24 2 26
