2089
0 9 1
0 11 1
0 14 1
0 24 1
0 25 1
0 30 1
0 35 1
0 36 1
0 39 1
0 49 1
0 81 1
0 83 1
0 85 1
0 106 1
0 112 1
0 115 1
0 121 1
0 129 1
0 134 1
0 143 1
0 153 1
0 164 1
0 171 1
0 172 1
0 176 1
0 182 1
0 184 1
0 193 1
1 26 1
1 38 1
1 40 1
1 57 1
1 71 1
1 74 1
1 91 1
1 95 1
1 107 1
1 108 1
1 123 1
1 136 1
1 160 1
1 165 1
1 171 1
1 181 1
2 4 1
2 17 1
2 31 1
2 37 1
2 48 1
2 87 1
2 90 1
2 97 1
2 103 1
2 106 1
2 110 1
2 119 1
2 121 1
2 123 1
2 127 1
2 130 1
2 132 1
2 142 1
2 146 1
2 181 1
2 186 1
3 5 1
3 13 1
3 22 1
3 23 1
3 24 1
3 53 1
3 55 1
3 58 1
3 63 1
3 94 1
3 103 1
3 113 1
3 124 1
3 135 1
3 153 1
4 8 1
4 11 1
4 15 1
4 22 1
4 30 1
4 31 1
4 37 1
4 39 1
4 42 1
4 70 1
4 74 1
4 76 1
4 83 1
4 92 1
4 102 1
4 125 1
4 126 1
4 131 1
4 135 1
4 143 1
4 148 1
4 161 1
4 170 1
4 173 1
4 188 1
4 197 1
5 15 1
5 30 1
5 37 1
5 42 1
5 58 1
5 63 1
5 64 1
5 65 1
5 69 1
5 77 1
5 100 1
5 107 1
5 117 1
5 137 1
5 147 1
5 149 1
5 166 1
5 179 1
5 194 1
5 198 1
6 20 1
6 21 1
6 53 1
6 64 1
6 67 1
6 84 1
6 92 1
6 103 1
6 119 1
6 120 1
6 139 1
6 143 1
6 154 1
6 156 1
6 165 1
6 169 1
6 173 1
6 178 1
6 180 1
6 184 1
6 188 1
6 190 1
6 196 1
6 197 1
6 198 1
7 35 1
7 48 1
7 51 1
7 65 1
7 85 1
7 90 1
7 94 1
7 98 1
7 110 1
7 133 1
7 135 1
7 140 1
7 148 1
7 152 1
7 170 1
7 172 1
7 176 1
7 177 1
8 16 1
8 25 1
8 29 1
8 42 1
8 65 1
8 70 1
8 79 1
8 83 1
8 87 1
8 89 1
8 104 1
8 106 1
8 118 1
8 150 1
8 156 1
8 158 1
8 159 1
8 179 1
8 190 1
9 37 1
9 50 1
9 57 1
9 70 1
9 72 1
9 76 1
9 84 1
9 100 1
9 113 1
9 114 1
9 117 1
9 127 1
9 131 1
9 136 1
9 137 1
9 146 1
9 147 1
9 154 1
9 173 1
9 178 1
9 184 1
9 187 1
9 196 1
10 15 1
10 22 1
10 31 1
10 32 1
10 50 1
10 60 1
10 63 1
10 78 1
10 89 1
10 92 1
10 106 1
10 109 1
10 115 1
10 117 1
10 119 1
10 128 1
10 138 1
10 139 1
10 140 1
10 171 1
10 174 1
10 175 1
10 176 1
10 181 1
10 184 1
10 190 1
10 193 1
10 194 1
10 199 1
11 12 1
11 15 1
11 16 1
11 38 1
11 42 1
11 46 1
11 47 1
11 64 1
11 75 1
11 96 1
11 99 1
11 104 1
11 111 1
11 119 1
11 124 1
11 131 1
11 134 1
11 135 1
11 136 1
11 145 1
11 174 1
11 187 1
11 192 1
12 26 1
12 61 1
12 70 1
12 76 1
12 90 1
12 94 1
12 96 1
12 114 1
12 126 1
12 133 1
12 134 1
12 136 1
12 140 1
12 144 1
12 154 1
12 160 1
12 169 1
12 174 1
12 178 1
12 185 1
12 199 1
13 26 1
13 31 1
13 50 1
13 69 1
13 74 1
13 77 1
13 97 1
13 113 1
13 115 1
13 126 1
13 151 1
13 174 1
13 180 1
13 196 1
13 198 1
14 20 1
14 28 1
14 36 1
14 45 1
14 61 1
14 62 1
14 105 1
14 123 1
14 139 1
14 150 1
14 151 1
14 158 1
14 164 1
14 167 1
14 170 1
14 192 1
15 18 1
15 23 1
15 26 1
15 36 1
15 46 1
15 56 1
15 60 1
15 77 1
15 93 1
15 104 1
15 110 1
15 121 1
15 126 1
15 129 1
15 154 1
15 155 1
15 183 1
15 192 1
15 195 1
16 22 1
16 23 1
16 34 1
16 36 1
16 38 1
16 73 1
16 75 1
16 89 1
16 95 1
16 97 1
16 101 1
16 106 1
16 118 1
16 120 1
16 134 1
16 139 1
16 141 1
16 147 1
16 165 1
16 192 1
16 197 1
16 198 1
17 34 1
17 36 1
17 50 1
17 56 1
17 57 1
17 76 1
17 77 1
17 87 1
17 94 1
17 95 1
17 106 1
17 129 1
17 141 1
17 164 1
17 174 1
17 178 1
17 179 1
17 183 1
17 186 1
17 192 1
17 194 1
18 23 1
18 37 1
18 43 1
18 51 1
18 57 1
18 72 1
18 76 1
18 89 1
18 92 1
18 100 1
18 108 1
18 120 1
18 122 1
18 125 1
18 127 1
18 128 1
18 130 1
18 131 1
18 146 1
18 150 1
18 151 1
18 163 1
18 174 1
18 179 1
18 181 1
18 187 1
19 25 1
19 52 1
19 57 1
19 72 1
19 90 1
19 94 1
19 97 1
19 108 1
19 120 1
19 123 1
19 129 1
19 141 1
19 145 1
19 155 1
20 22 1
20 33 1
20 42 1
20 44 1
20 58 1
20 63 1
20 67 1
20 79 1
20 89 1
20 111 1
20 133 1
20 136 1
20 148 1
20 183 1
20 189 1
20 198 1
21 27 1
21 28 1
21 37 1
21 52 1
21 61 1
21 65 1
21 66 1
21 71 1
21 74 1
21 77 1
21 78 1
21 83 1
21 86 1
21 89 1
21 113 1
21 114 1
21 118 1
21 119 1
21 122 1
21 133 1
21 140 1
21 141 1
21 161 1
21 162 1
21 164 1
21 171 1
22 31 1
22 45 1
22 47 1
22 56 1
22 75 1
22 87 1
22 91 1
22 94 1
22 114 1
22 146 1
22 169 1
22 185 1
22 187 1
22 197 1
23 37 1
23 56 1
23 80 1
23 90 1
23 96 1
23 101 1
23 110 1
23 111 1
23 122 1
23 125 1
23 137 1
23 138 1
23 142 1
23 150 1
23 175 1
23 182 1
24 31 1
24 56 1
24 87 1
24 89 1
24 90 1
24 92 1
24 113 1
24 132 1
24 134 1
24 135 1
24 167 1
24 168 1
24 177 1
24 185 1
24 188 1
24 191 1
24 192 1
25 33 1
25 57 1
25 65 1
25 82 1
25 85 1
25 120 1
25 125 1
25 137 1
25 142 1
25 144 1
25 152 1
25 163 1
25 184 1
26 32 1
26 38 1
26 44 1
26 57 1
26 88 1
26 91 1
26 111 1
26 124 1
26 157 1
26 162 1
26 168 1
26 180 1
26 182 1
26 188 1
27 49 1
27 51 1
27 56 1
27 60 1
27 86 1
27 99 1
27 117 1
27 119 1
27 122 1
27 131 1
27 153 1
27 159 1
27 161 1
27 162 1
27 196 1
28 34 1
28 41 1
28 44 1
28 53 1
28 57 1
28 65 1
28 73 1
28 77 1
28 82 1
28 86 1
28 95 1
28 115 1
28 117 1
28 119 1
28 123 1
28 129 1
28 134 1
28 139 1
28 140 1
28 157 1
28 177 1
29 39 1
29 55 1
29 82 1
29 91 1
29 102 1
29 106 1
29 122 1
29 149 1
29 151 1
29 153 1
29 163 1
29 188 1
29 199 1
30 57 1
30 62 1
30 66 1
30 70 1
30 71 1
30 109 1
30 113 1
30 115 1
30 147 1
30 152 1
30 154 1
30 157 1
30 170 1
30 171 1
30 179 1
30 191 1
30 196 1
30 197 1
30 199 1
31 34 1
31 44 1
31 53 1
31 69 1
31 81 1
31 93 1
31 101 1
31 115 1
31 128 1
31 135 1
31 140 1
31 141 1
31 144 1
31 151 1
31 154 1
31 157 1
31 158 1
31 175 1
31 191 1
32 39 1
32 42 1
32 49 1
32 60 1
32 61 1
32 63 1
32 78 1
32 79 1
32 81 1
32 85 1
32 94 1
32 106 1
32 143 1
32 145 1
32 149 1
32 160 1
32 162 1
32 164 1
32 165 1
32 168 1
32 171 1
32 172 1
32 174 1
32 175 1
33 49 1
33 60 1
33 70 1
33 73 1
33 76 1
33 92 1
33 93 1
33 97 1
33 103 1
33 105 1
33 127 1
33 132 1
33 140 1
33 142 1
33 145 1
33 171 1
33 179 1
33 190 1
34 49 1
34 51 1
34 61 1
34 62 1
34 64 1
34 68 1
34 69 1
34 91 1
34 93 1
34 108 1
34 110 1
34 117 1
34 118 1
34 134 1
34 136 1
34 143 1
34 151 1
34 164 1
34 171 1
34 181 1
35 41 1
35 49 1
35 63 1
35 69 1
35 70 1
35 75 1
35 78 1
35 79 1
35 81 1
35 93 1
35 118 1
35 119 1
35 125 1
35 142 1
35 151 1
35 167 1
35 199 1
36 62 1
36 78 1
36 79 1
36 97 1
36 110 1
36 111 1
36 112 1
36 114 1
36 125 1
36 127 1
36 137 1
36 161 1
36 166 1
36 197 1
37 43 1
37 61 1
37 68 1
37 87 1
37 91 1
37 103 1
37 119 1
37 124 1
37 126 1
37 136 1
37 138 1
37 140 1
37 145 1
37 161 1
37 173 1
37 179 1
37 182 1
37 189 1
37 190 1
37 193 1
37 198 1
38 43 1
38 51 1
38 73 1
38 85 1
38 92 1
38 94 1
38 97 1
38 98 1
38 103 1
38 105 1
38 114 1
38 119 1
38 135 1
38 142 1
38 146 1
38 167 1
38 168 1
38 173 1
38 179 1
38 181 1
38 195 1
39 42 1
39 47 1
39 49 1
39 52 1
39 56 1
39 76 1
39 77 1
39 115 1
39 117 1
39 120 1
39 129 1
39 140 1
39 142 1
39 143 1
39 161 1
39 162 1
39 163 1
39 173 1
39 179 1
39 181 1
39 188 1
40 47 1
40 50 1
40 53 1
40 92 1
40 116 1
40 122 1
40 134 1
40 136 1
40 144 1
40 146 1
40 148 1
40 164 1
40 183 1
40 190 1
41 43 1
41 55 1
41 67 1
41 69 1
41 95 1
41 96 1
41 106 1
41 126 1
41 142 1
41 153 1
41 166 1
41 171 1
41 175 1
41 182 1
41 187 1
41 193 1
41 198 1
42 47 1
42 55 1
42 56 1
42 58 1
42 80 1
42 89 1
42 99 1
42 149 1
42 156 1
42 167 1
42 175 1
42 186 1
43 49 1
43 65 1
43 73 1
43 91 1
43 109 1
43 111 1
43 113 1
43 119 1
43 121 1
43 135 1
43 140 1
43 149 1
43 158 1
43 168 1
43 179 1
43 185 1
43 188 1
44 47 1
44 56 1
44 57 1
44 58 1
44 60 1
44 64 1
44 80 1
44 83 1
44 86 1
44 90 1
44 95 1
44 109 1
44 117 1
44 136 1
44 166 1
44 168 1
44 183 1
44 197 1
45 67 1
45 90 1
45 99 1
45 109 1
45 122 1
45 123 1
45 139 1
45 175 1
45 187 1
45 188 1
45 193 1
46 50 1
46 52 1
46 54 1
46 55 1
46 56 1
46 68 1
46 75 1
46 76 1
46 96 1
46 100 1
46 111 1
46 117 1
46 128 1
46 134 1
46 140 1
46 182 1
46 189 1
47 51 1
47 56 1
47 57 1
47 70 1
47 81 1
47 92 1
47 95 1
47 110 1
47 135 1
47 186 1
47 189 1
47 190 1
48 74 1
48 77 1
48 79 1
48 80 1
48 83 1
48 98 1
48 101 1
48 110 1
48 122 1
48 133 1
48 136 1
48 146 1
48 155 1
48 180 1
48 184 1
48 185 1
49 55 1
49 60 1
49 96 1
49 100 1
49 103 1
49 120 1
49 123 1
49 133 1
49 135 1
49 147 1
49 167 1
49 171 1
49 197 1
50 69 1
50 72 1
50 75 1
50 79 1
50 88 1
50 93 1
50 118 1
50 121 1
50 143 1
50 156 1
50 170 1
50 173 1
50 180 1
50 192 1
51 60 1
51 110 1
51 116 1
51 148 1
51 160 1
51 171 1
51 182 1
52 67 1
52 77 1
52 82 1
52 88 1
52 93 1
52 111 1
52 125 1
52 133 1
52 143 1
52 152 1
52 158 1
52 161 1
52 162 1
52 170 1
52 174 1
52 179 1
52 192 1
53 71 1
53 97 1
53 101 1
53 111 1
53 144 1
53 158 1
53 162 1
53 167 1
53 169 1
53 174 1
53 182 1
53 195 1
54 57 1
54 62 1
54 75 1
54 80 1
54 85 1
54 88 1
54 91 1
54 111 1
54 116 1
54 120 1
54 133 1
54 134 1
54 144 1
54 154 1
54 165 1
54 189 1
54 195 1
54 196 1
55 87 1
55 95 1
55 106 1
55 139 1
55 151 1
55 156 1
55 166 1
55 175 1
55 185 1
55 190 1
56 62 1
56 70 1
56 77 1
56 86 1
56 89 1
56 102 1
56 103 1
56 174 1
56 175 1
56 181 1
57 69 1
57 90 1
57 95 1
57 114 1
57 121 1
57 122 1
57 131 1
57 154 1
57 158 1
57 159 1
57 166 1
57 183 1
57 186 1
58 67 1
58 74 1
58 79 1
58 100 1
58 142 1
58 144 1
58 160 1
58 171 1
58 182 1
58 185 1
58 197 1
58 198 1
59 62 1
59 72 1
59 73 1
59 89 1
59 90 1
59 95 1
59 96 1
59 104 1
59 126 1
59 130 1
59 138 1
59 182 1
59 184 1
60 65 1
60 84 1
60 85 1
60 98 1
60 103 1
60 104 1
60 112 1
60 141 1
60 147 1
60 149 1
60 162 1
60 175 1
60 176 1
60 177 1
60 196 1
61 68 1
61 72 1
61 84 1
61 99 1
61 101 1
61 103 1
61 115 1
61 124 1
61 125 1
61 133 1
61 137 1
61 141 1
61 146 1
61 147 1
61 162 1
61 164 1
61 178 1
61 181 1
61 192 1
61 193 1
61 195 1
62 67 1
62 68 1
62 70 1
62 72 1
62 83 1
62 95 1
62 114 1
62 128 1
62 134 1
62 141 1
62 160 1
62 173 1
62 185 1
62 187 1
62 193 1
62 196 1
63 68 1
63 69 1
63 81 1
63 96 1
63 117 1
63 122 1
63 142 1
63 169 1
63 177 1
63 186 1
63 187 1
63 190 1
63 197 1
64 65 1
64 87 1
64 90 1
64 109 1
64 131 1
64 144 1
64 161 1
64 174 1
64 178 1
65 87 1
65 90 1
65 91 1
65 93 1
65 124 1
65 126 1
65 148 1
65 163 1
65 187 1
65 193 1
65 195 1
65 196 1
66 110 1
66 111 1
66 143 1
66 150 1
66 164 1
66 165 1
66 170 1
66 175 1
66 183 1
66 188 1
66 189 1
66 192 1
67 78 1
67 91 1
67 98 1
67 115 1
67 116 1
67 118 1
67 119 1
67 136 1
67 160 1
67 178 1
67 179 1
67 184 1
67 192 1
67 196 1
68 70 1
68 82 1
68 99 1
68 101 1
68 102 1
68 103 1
68 120 1
68 138 1
68 142 1
68 146 1
68 155 1
68 160 1
69 76 1
69 112 1
69 118 1
69 124 1
69 127 1
69 138 1
69 139 1
69 141 1
69 146 1
69 163 1
69 164 1
69 172 1
69 174 1
69 184 1
69 185 1
69 187 1
69 191 1
69 199 1
70 91 1
70 109 1
70 123 1
70 127 1
70 132 1
70 139 1
70 141 1
70 177 1
70 186 1
70 192 1
71 79 1
71 81 1
71 86 1
71 87 1
71 101 1
71 110 1
71 123 1
71 159 1
71 160 1
71 164 1
71 171 1
71 172 1
71 183 1
71 184 1
71 188 1
72 74 1
72 81 1
72 83 1
72 99 1
72 102 1
72 110 1
72 135 1
72 143 1
72 145 1
72 170 1
72 177 1
72 186 1
72 190 1
72 194 1
73 77 1
73 83 1
73 96 1
73 100 1
73 102 1
73 108 1
73 129 1
73 133 1
73 161 1
73 174 1
73 178 1
73 184 1
73 190 1
74 114 1
74 118 1
74 122 1
74 132 1
74 140 1
74 164 1
74 172 1
74 181 1
75 81 1
75 82 1
75 96 1
75 111 1
75 113 1
75 131 1
75 156 1
75 162 1
75 167 1
75 171 1
75 199 1
76 78 1
76 84 1
76 85 1
76 126 1
76 131 1
76 133 1
76 137 1
76 142 1
76 144 1
76 149 1
76 167 1
76 169 1
76 170 1
76 171 1
76 183 1
76 196 1
76 199 1
77 84 1
77 86 1
77 95 1
77 102 1
77 109 1
77 113 1
77 120 1
77 129 1
77 132 1
77 142 1
77 143 1
77 146 1
77 151 1
77 166 1
77 176 1
77 188 1
77 190 1
78 83 1
78 85 1
78 95 1
78 101 1
78 116 1
78 122 1
78 123 1
78 125 1
78 129 1
78 134 1
78 150 1
78 163 1
78 175 1
78 188 1
78 189 1
78 190 1
79 81 1
79 89 1
79 92 1
79 97 1
79 113 1
79 115 1
79 119 1
79 126 1
79 128 1
79 130 1
79 150 1
79 158 1
79 165 1
80 84 1
80 90 1
80 100 1
80 101 1
80 103 1
80 109 1
80 110 1
80 114 1
80 121 1
80 144 1
80 163 1
80 182 1
80 183 1
80 188 1
80 190 1
80 194 1
81 82 1
81 83 1
81 101 1
81 116 1
81 124 1
81 133 1
81 165 1
81 177 1
81 191 1
82 84 1
82 97 1
82 112 1
82 113 1
82 132 1
82 140 1
82 144 1
82 149 1
82 156 1
82 180 1
82 181 1
82 182 1
83 93 1
83 107 1
83 119 1
83 122 1
83 153 1
83 171 1
83 182 1
83 197 1
84 99 1
84 121 1
84 136 1
84 141 1
84 152 1
84 168 1
84 173 1
84 184 1
84 185 1
84 190 1
84 192 1
85 90 1
85 117 1
85 128 1
85 137 1
85 140 1
85 142 1
85 171 1
85 174 1
85 180 1
85 183 1
85 191 1
85 194 1
85 196 1
86 88 1
86 100 1
86 101 1
86 104 1
86 114 1
86 124 1
86 134 1
86 140 1
86 160 1
86 185 1
87 133 1
87 137 1
87 140 1
87 151 1
87 166 1
87 171 1
87 172 1
87 183 1
87 187 1
87 192 1
87 193 1
88 107 1
88 109 1
88 134 1
88 139 1
88 141 1
88 152 1
88 156 1
88 158 1
88 161 1
88 167 1
88 194 1
89 107 1
89 123 1
89 137 1
89 141 1
89 143 1
89 159 1
89 161 1
89 173 1
90 93 1
90 95 1
90 100 1
90 105 1
90 111 1
90 114 1
90 130 1
90 132 1
90 133 1
90 139 1
90 142 1
90 149 1
90 158 1
90 160 1
90 178 1
90 181 1
91 96 1
91 97 1
91 102 1
91 132 1
91 138 1
91 140 1
91 162 1
91 172 1
91 185 1
91 191 1
91 195 1
92 117 1
92 123 1
92 132 1
92 146 1
92 151 1
92 164 1
92 172 1
92 191 1
92 199 1
93 100 1
93 119 1
93 120 1
93 131 1
93 133 1
93 139 1
93 141 1
93 143 1
93 151 1
93 156 1
93 172 1
93 189 1
94 99 1
94 100 1
94 102 1
94 105 1
94 117 1
94 134 1
94 138 1
94 142 1
94 158 1
94 160 1
94 161 1
94 180 1
94 185 1
94 190 1
94 194 1
95 96 1
95 98 1
95 114 1
95 121 1
95 134 1
95 145 1
95 171 1
95 172 1
95 177 1
95 178 1
95 185 1
95 191 1
95 197 1
96 118 1
96 120 1
96 127 1
96 157 1
96 160 1
96 169 1
96 182 1
97 121 1
97 135 1
97 145 1
97 160 1
97 164 1
97 184 1
98 100 1
98 114 1
98 115 1
98 121 1
98 127 1
98 129 1
98 132 1
98 152 1
98 165 1
98 166 1
98 167 1
98 168 1
98 194 1
98 197 1
99 100 1
99 112 1
99 140 1
99 148 1
99 155 1
99 158 1
99 164 1
99 168 1
99 194 1
100 109 1
100 113 1
100 120 1
100 125 1
100 132 1
100 136 1
100 144 1
100 167 1
100 171 1
100 175 1
100 184 1
100 191 1
100 193 1
101 118 1
101 120 1
101 121 1
101 123 1
101 137 1
101 139 1
101 148 1
101 153 1
101 154 1
101 158 1
101 169 1
101 170 1
101 175 1
101 177 1
101 180 1
102 111 1
102 147 1
102 152 1
102 153 1
102 159 1
102 181 1
102 187 1
102 195 1
103 105 1
103 115 1
103 126 1
103 138 1
103 145 1
103 165 1
103 168 1
103 176 1
103 181 1
103 195 1
104 105 1
104 107 1
104 115 1
104 145 1
104 178 1
104 182 1
105 116 1
105 148 1
105 166 1
105 170 1
105 183 1
105 195 1
106 114 1
106 124 1
106 131 1
106 137 1
106 143 1
106 147 1
106 157 1
106 164 1
106 170 1
106 173 1
106 180 1
106 184 1
106 193 1
106 194 1
107 109 1
107 125 1
107 131 1
107 154 1
107 167 1
107 175 1
107 190 1
108 112 1
108 119 1
108 130 1
108 144 1
108 156 1
108 159 1
108 181 1
109 155 1
109 172 1
109 181 1
109 187 1
109 189 1
109 190 1
110 120 1
110 140 1
110 142 1
110 146 1
110 148 1
110 149 1
110 151 1
110 154 1
110 155 1
110 164 1
110 181 1
110 191 1
111 124 1
111 125 1
111 132 1
111 135 1
111 142 1
111 143 1
111 147 1
111 149 1
111 183 1
111 187 1
111 199 1
112 113 1
112 114 1
112 116 1
112 123 1
112 126 1
112 156 1
112 158 1
112 172 1
112 177 1
112 179 1
112 194 1
113 114 1
113 136 1
113 142 1
113 147 1
113 154 1
113 170 1
113 177 1
113 179 1
113 180 1
114 129 1
114 142 1
114 143 1
114 144 1
114 152 1
114 158 1
114 169 1
114 170 1
114 174 1
114 184 1
114 187 1
114 189 1
114 195 1
114 197 1
114 199 1
115 116 1
115 118 1
115 126 1
115 133 1
115 135 1
115 149 1
115 154 1
115 158 1
115 167 1
115 171 1
116 123 1
116 125 1
116 149 1
116 165 1
116 176 1
116 184 1
116 193 1
116 194 1
117 127 1
117 129 1
117 144 1
117 146 1
117 151 1
117 153 1
117 157 1
117 187 1
117 194 1
117 195 1
117 198 1
118 119 1
118 120 1
118 135 1
118 141 1
118 150 1
118 151 1
118 166 1
118 169 1
118 171 1
118 177 1
118 183 1
119 122 1
119 126 1
119 133 1
119 138 1
119 139 1
119 149 1
119 150 1
119 175 1
119 176 1
119 181 1
119 183 1
119 186 1
120 138 1
120 142 1
120 149 1
120 178 1
120 183 1
121 132 1
121 144 1
121 158 1
121 169 1
121 199 1
122 150 1
122 151 1
122 162 1
122 170 1
122 182 1
122 183 1
122 195 1
123 127 1
123 130 1
123 157 1
123 169 1
123 177 1
123 180 1
123 183 1
123 189 1
123 193 1
124 128 1
124 152 1
124 187 1
124 191 1
124 198 1
125 155 1
125 160 1
125 191 1
126 129 1
126 134 1
126 143 1
126 149 1
126 153 1
126 160 1
126 181 1
127 131 1
127 132 1
127 146 1
127 148 1
127 157 1
127 161 1
127 166 1
127 167 1
127 190 1
128 146 1
128 151 1
128 169 1
128 172 1
128 181 1
128 184 1
129 130 1
129 132 1
129 139 1
129 141 1
129 156 1
129 167 1
129 169 1
129 174 1
129 176 1
129 199 1
130 136 1
130 156 1
130 158 1
130 182 1
130 186 1
131 134 1
131 135 1
131 138 1
131 164 1
131 168 1
131 173 1
132 133 1
132 139 1
132 148 1
132 150 1
132 164 1
132 170 1
132 175 1
132 177 1
132 194 1
132 195 1
133 156 1
133 170 1
133 173 1
133 192 1
134 142 1
134 148 1
134 162 1
134 164 1
134 167 1
134 192 1
135 144 1
135 152 1
135 153 1
135 168 1
135 172 1
135 175 1
135 184 1
135 187 1
135 192 1
135 194 1
136 152 1
136 171 1
136 179 1
136 180 1
136 189 1
137 138 1
137 147 1
137 148 1
137 175 1
137 181 1
137 183 1
138 157 1
138 164 1
138 179 1
138 182 1
138 184 1
138 186 1
138 196 1
139 157 1
139 160 1
139 166 1
139 181 1
140 151 1
140 158 1
140 163 1
140 169 1
140 174 1
140 188 1
140 199 1
141 152 1
141 176 1
141 178 1
141 188 1
141 191 1
141 199 1
142 161 1
142 169 1
142 174 1
142 181 1
142 193 1
142 197 1
142 198 1
143 145 1
143 157 1
143 158 1
143 163 1
143 166 1
143 174 1
143 182 1
143 195 1
144 155 1
144 161 1
144 166 1
144 168 1
144 189 1
144 190 1
145 151 1
145 171 1
146 147 1
146 152 1
146 156 1
146 162 1
146 165 1
146 176 1
146 180 1
146 182 1
146 189 1
147 181 1
147 183 1
147 194 1
147 197 1
147 199 1
148 151 1
148 155 1
148 156 1
148 177 1
148 190 1
148 192 1
149 152 1
149 156 1
149 164 1
149 167 1
149 176 1
149 181 1
149 189 1
149 197 1
150 159 1
150 163 1
150 171 1
150 183 1
150 190 1
150 195 1
150 197 1
150 198 1
151 154 1
151 156 1
151 163 1
151 181 1
151 195 1
152 158 1
152 165 1
152 174 1
152 179 1
152 188 1
153 157 1
153 170 1
153 173 1
153 176 1
154 167 1
154 169 1
154 173 1
154 184 1
154 186 1
154 187 1
154 196 1
155 178 1
155 183 1
155 196 1
155 197 1
156 158 1
156 160 1
156 161 1
156 169 1
156 177 1
156 190 1
156 193 1
157 162 1
157 164 1
157 189 1
157 190 1
158 162 1
158 178 1
158 194 1
159 161 1
159 175 1
159 181 1
159 187 1
159 189 1
160 162 1
160 163 1
160 165 1
160 177 1
160 190 1
161 177 1
161 185 1
162 165 1
162 178 1
162 180 1
162 183 1
162 184 1
162 194 1
163 181 1
163 186 1
163 188 1
163 199 1
164 169 1
164 173 1
164 192 1
164 197 1
165 167 1
165 169 1
165 190 1
166 167 1
166 171 1
166 181 1
166 184 1
166 186 1
166 189 1
166 195 1
166 196 1
166 198 1
167 168 1
167 182 1
167 194 1
167 198 1
168 177 1
168 189 1
168 196 1
169 171 1
169 176 1
169 184 1
169 186 1
169 192 1
170 175 1
170 187 1
171 187 1
171 193 1
171 195 1
172 180 1
172 188 1
172 196 1
173 181 1
173 182 1
173 193 1
174 180 1
175 178 1
175 186 1
175 199 1
176 184 1
176 194 1
177 180 1
177 188 1
177 193 1
177 194 1
178 183 1
178 186 1
178 187 1
179 193 1
179 197 1
180 190 1
180 193 1
180 194 1
180 197 1
181 195 1
181 197 1
182 185 1
182 192 1
183 184 1
183 185 1
183 190 1
183 192 1
183 195 1
183 198 1
185 191 1
185 192 1
185 196 1
186 193 1
186 198 1
187 192 1
188 197 1
189 197 1
192 194 1
193 196 1
194 199 1
1
79 105 130 16 194 10 96 106 3 117 43 145 148 132 15 101 74 119 1 134
