2154
0 5 1
0 18 1
0 32 1
0 42 1
0 56 1
0 57 1
0 87 1
0 113 1
0 117 1
0 123 1
0 147 1
0 152 1
0 164 1
0 169 1
0 173 1
0 177 1
0 188 1
1 15 1
1 28 1
1 32 1
1 44 1
1 66 1
1 67 1
1 88 1
1 119 1
1 124 1
1 140 1
1 145 1
1 150 1
1 159 1
1 161 1
1 178 1
2 4 1
2 12 1
2 30 1
2 35 1
2 38 1
2 42 1
2 44 1
2 52 1
2 54 1
2 57 1
2 63 1
2 71 1
2 74 1
2 87 1
2 111 1
2 114 1
2 116 1
2 126 1
2 132 1
2 137 1
2 143 1
2 151 1
2 153 1
2 164 1
2 166 1
2 169 1
2 174 1
2 192 1
2 195 1
2 196 1
3 4 1
3 5 1
3 20 1
3 24 1
3 26 1
3 36 1
3 43 1
3 63 1
3 80 1
3 82 1
3 91 1
3 120 1
3 123 1
3 126 1
3 131 1
3 148 1
3 198 1
4 19 1
4 23 1
4 30 1
4 36 1
4 59 1
4 60 1
4 68 1
4 74 1
4 78 1
4 92 1
4 94 1
4 146 1
4 169 1
4 171 1
4 177 1
4 183 1
4 197 1
5 11 1
5 16 1
5 33 1
5 38 1
5 41 1
5 44 1
5 54 1
5 61 1
5 62 1
5 64 1
5 86 1
5 88 1
5 89 1
5 90 1
5 99 1
5 100 1
5 121 1
5 123 1
5 124 1
5 127 1
5 133 1
5 135 1
5 137 1
5 138 1
5 153 1
5 157 1
5 160 1
5 181 1
5 191 1
6 19 1
6 24 1
6 27 1
6 41 1
6 49 1
6 59 1
6 74 1
6 80 1
6 81 1
6 84 1
6 91 1
6 103 1
6 104 1
6 110 1
6 127 1
6 129 1
6 132 1
6 139 1
6 143 1
6 147 1
6 159 1
7 12 1
7 17 1
7 20 1
7 25 1
7 55 1
7 62 1
7 66 1
7 97 1
7 121 1
7 122 1
7 127 1
7 134 1
7 143 1
7 145 1
7 151 1
7 166 1
7 175 1
7 179 1
7 180 1
8 10 1
8 11 1
8 19 1
8 36 1
8 41 1
8 69 1
8 73 1
8 76 1
8 107 1
8 119 1
8 132 1
8 137 1
8 151 1
8 154 1
8 155 1
8 160 1
8 169 1
8 172 1
8 184 1
9 39 1
9 50 1
9 51 1
9 56 1
9 63 1
9 76 1
9 83 1
9 89 1
9 93 1
9 102 1
9 108 1
9 134 1
9 173 1
9 177 1
9 183 1
9 193 1
10 24 1
10 47 1
10 52 1
10 56 1
10 58 1
10 60 1
10 61 1
10 64 1
10 68 1
10 69 1
10 99 1
10 122 1
10 154 1
10 157 1
10 158 1
10 159 1
10 168 1
10 182 1
10 194 1
10 198 1
11 17 1
11 19 1
11 33 1
11 52 1
11 54 1
11 60 1
11 70 1
11 93 1
11 117 1
11 132 1
11 157 1
11 177 1
11 185 1
11 187 1
11 197 1
12 38 1
12 50 1
12 61 1
12 92 1
12 105 1
12 127 1
12 130 1
12 131 1
12 143 1
12 145 1
12 153 1
12 160 1
12 181 1
12 199 1
13 16 1
13 23 1
13 31 1
13 47 1
13 54 1
13 62 1
13 95 1
13 119 1
13 122 1
13 135 1
13 138 1
13 144 1
13 151 1
13 158 1
13 159 1
13 170 1
13 175 1
13 183 1
13 197 1
14 16 1
14 25 1
14 26 1
14 32 1
14 36 1
14 40 1
14 55 1
14 101 1
14 102 1
14 118 1
14 119 1
14 123 1
14 126 1
14 132 1
14 134 1
14 143 1
14 147 1
14 161 1
14 168 1
14 169 1
14 170 1
14 178 1
14 183 1
14 194 1
15 21 1
15 23 1
15 32 1
15 34 1
15 40 1
15 42 1
15 49 1
15 61 1
15 62 1
15 80 1
15 97 1
15 124 1
15 140 1
15 146 1
15 159 1
15 165 1
15 170 1
15 194 1
16 18 1
16 23 1
16 24 1
16 37 1
16 55 1
16 77 1
16 101 1
16 107 1
16 108 1
16 116 1
16 133 1
16 136 1
16 137 1
16 188 1
17 27 1
17 42 1
17 47 1
17 48 1
17 51 1
17 60 1
17 90 1
17 97 1
17 98 1
17 99 1
17 104 1
17 108 1
17 114 1
17 124 1
17 134 1
17 153 1
17 156 1
17 162 1
17 167 1
17 168 1
17 169 1
17 171 1
17 176 1
17 180 1
17 181 1
17 195 1
18 35 1
18 36 1
18 69 1
18 95 1
18 111 1
18 143 1
18 150 1
18 152 1
18 156 1
18 165 1
18 167 1
18 168 1
18 170 1
18 171 1
18 173 1
19 31 1
19 49 1
19 50 1
19 67 1
19 68 1
19 72 1
19 117 1
19 134 1
19 148 1
19 151 1
19 154 1
19 157 1
19 159 1
19 167 1
19 171 1
19 174 1
19 175 1
19 189 1
20 21 1
20 24 1
20 32 1
20 40 1
20 41 1
20 47 1
20 48 1
20 59 1
20 105 1
20 107 1
20 109 1
20 122 1
20 124 1
20 126 1
20 136 1
20 140 1
20 160 1
20 176 1
20 182 1
20 184 1
21 22 1
21 38 1
21 57 1
21 66 1
21 78 1
21 101 1
21 103 1
21 132 1
21 138 1
21 145 1
21 162 1
21 164 1
21 173 1
21 193 1
22 42 1
22 58 1
22 59 1
22 60 1
22 61 1
22 76 1
22 87 1
22 88 1
22 92 1
22 96 1
22 99 1
22 103 1
22 108 1
22 119 1
22 124 1
22 128 1
22 133 1
22 136 1
22 165 1
22 166 1
22 182 1
22 184 1
22 192 1
22 195 1
22 197 1
23 25 1
23 33 1
23 48 1
23 66 1
23 85 1
23 110 1
23 136 1
23 142 1
23 147 1
23 150 1
23 155 1
23 160 1
24 26 1
24 35 1
24 42 1
24 67 1
24 74 1
24 78 1
24 84 1
24 100 1
24 109 1
24 113 1
24 116 1
24 154 1
24 156 1
24 168 1
24 181 1
24 190 1
25 44 1
25 55 1
25 72 1
25 75 1
25 86 1
25 87 1
25 89 1
25 93 1
25 103 1
25 117 1
25 118 1
25 143 1
25 146 1
25 158 1
25 162 1
25 164 1
25 176 1
25 188 1
25 190 1
25 196 1
26 37 1
26 56 1
26 74 1
26 77 1
26 116 1
26 130 1
26 133 1
26 141 1
26 167 1
26 193 1
26 195 1
27 35 1
27 39 1
27 64 1
27 66 1
27 75 1
27 76 1
27 91 1
27 108 1
27 110 1
27 158 1
27 168 1
27 189 1
27 192 1
27 195 1
28 34 1
28 60 1
28 75 1
28 83 1
28 87 1
28 89 1
28 91 1
28 99 1
28 110 1
28 127 1
28 147 1
28 155 1
28 164 1
28 175 1
28 178 1
29 39 1
29 66 1
29 71 1
29 81 1
29 86 1
29 92 1
29 104 1
29 105 1
29 119 1
29 121 1
29 124 1
29 126 1
29 128 1
29 138 1
29 140 1
29 146 1
29 147 1
29 152 1
29 154 1
29 166 1
29 168 1
29 174 1
29 176 1
29 185 1
29 192 1
29 193 1
30 58 1
30 74 1
30 77 1
30 84 1
30 85 1
30 98 1
30 133 1
30 134 1
30 155 1
30 156 1
30 162 1
30 167 1
30 169 1
30 184 1
31 39 1
31 60 1
31 61 1
31 62 1
31 79 1
31 83 1
31 97 1
31 101 1
31 110 1
31 114 1
31 134 1
31 142 1
31 156 1
31 166 1
31 171 1
31 172 1
31 181 1
31 182 1
31 186 1
32 35 1
32 37 1
32 39 1
32 40 1
32 43 1
32 61 1
32 80 1
32 86 1
32 88 1
32 93 1
32 99 1
32 106 1
32 109 1
32 113 1
32 116 1
32 118 1
32 130 1
32 135 1
32 148 1
32 149 1
32 158 1
32 160 1
32 165 1
32 177 1
32 187 1
32 191 1
32 196 1
33 43 1
33 64 1
33 66 1
33 77 1
33 88 1
33 96 1
33 142 1
33 147 1
33 150 1
33 151 1
33 152 1
33 162 1
33 165 1
33 170 1
33 171 1
33 175 1
33 176 1
33 179 1
34 57 1
34 64 1
34 69 1
34 96 1
34 97 1
34 100 1
34 127 1
34 156 1
34 159 1
34 166 1
34 172 1
34 174 1
34 177 1
34 183 1
34 198 1
35 39 1
35 47 1
35 51 1
35 62 1
35 66 1
35 74 1
35 80 1
35 92 1
35 97 1
35 109 1
35 116 1
35 117 1
35 120 1
35 130 1
35 162 1
35 166 1
35 173 1
35 175 1
35 196 1
36 41 1
36 45 1
36 47 1
36 63 1
36 76 1
36 78 1
36 93 1
36 104 1
36 106 1
36 114 1
36 119 1
36 131 1
36 132 1
36 137 1
36 142 1
36 144 1
36 179 1
36 191 1
36 192 1
37 39 1
37 45 1
37 55 1
37 58 1
37 60 1
37 64 1
37 65 1
37 68 1
37 70 1
37 72 1
37 89 1
37 93 1
37 101 1
37 104 1
37 105 1
37 123 1
37 125 1
37 153 1
37 170 1
37 175 1
37 196 1
37 197 1
38 45 1
38 47 1
38 52 1
38 62 1
38 63 1
38 65 1
38 68 1
38 72 1
38 94 1
38 96 1
38 104 1
38 126 1
38 127 1
38 133 1
38 148 1
38 150 1
38 167 1
38 187 1
38 199 1
39 44 1
39 51 1
39 54 1
39 57 1
39 63 1
39 64 1
39 99 1
39 115 1
39 126 1
39 135 1
39 137 1
39 156 1
39 167 1
39 174 1
39 178 1
39 185 1
39 188 1
39 189 1
40 42 1
40 45 1
40 56 1
40 58 1
40 61 1
40 63 1
40 66 1
40 78 1
40 90 1
40 102 1
40 125 1
40 128 1
40 140 1
40 142 1
40 154 1
40 159 1
40 163 1
40 171 1
40 172 1
40 182 1
40 184 1
40 186 1
40 189 1
40 199 1
41 44 1
41 47 1
41 49 1
41 89 1
41 98 1
41 115 1
41 123 1
41 152 1
41 171 1
41 172 1
41 174 1
41 180 1
41 182 1
41 191 1
41 195 1
42 48 1
42 56 1
42 74 1
42 87 1
42 104 1
42 112 1
42 114 1
42 128 1
42 129 1
42 163 1
43 51 1
43 62 1
43 65 1
43 74 1
43 83 1
43 106 1
43 110 1
43 139 1
43 154 1
43 163 1
43 178 1
43 180 1
43 188 1
43 189 1
44 52 1
44 58 1
44 65 1
44 75 1
44 81 1
44 88 1
44 96 1
44 118 1
44 120 1
44 124 1
44 133 1
44 148 1
44 159 1
44 161 1
44 167 1
44 177 1
44 180 1
44 184 1
44 185 1
44 192 1
44 193 1
44 198 1
45 51 1
45 58 1
45 72 1
45 82 1
45 99 1
45 142 1
45 156 1
45 170 1
45 172 1
45 176 1
45 185 1
45 190 1
45 191 1
46 47 1
46 66 1
46 69 1
46 72 1
46 100 1
46 103 1
46 114 1
46 118 1
46 124 1
46 175 1
46 189 1
46 192 1
47 49 1
47 51 1
47 52 1
47 67 1
47 90 1
47 116 1
47 122 1
47 123 1
47 130 1
47 131 1
47 150 1
47 157 1
47 164 1
47 165 1
47 166 1
47 171 1
47 174 1
47 185 1
47 198 1
48 51 1
48 52 1
48 63 1
48 73 1
48 86 1
48 93 1
48 94 1
48 102 1
48 103 1
48 117 1
48 120 1
48 123 1
48 136 1
48 142 1
48 152 1
48 179 1
48 181 1
48 195 1
48 198 1
49 57 1
49 71 1
49 74 1
49 86 1
49 88 1
49 92 1
49 121 1
49 124 1
49 136 1
49 142 1
49 169 1
50 55 1
50 57 1
50 68 1
50 75 1
50 83 1
50 112 1
50 113 1
50 117 1
50 134 1
50 139 1
50 140 1
50 143 1
50 153 1
50 159 1
50 161 1
50 163 1
50 166 1
50 173 1
50 198 1
50 199 1
51 53 1
51 58 1
51 78 1
51 81 1
51 84 1
51 92 1
51 106 1
51 111 1
51 118 1
51 121 1
51 123 1
51 130 1
51 143 1
51 151 1
51 152 1
51 156 1
51 160 1
51 166 1
51 171 1
51 178 1
51 190 1
51 193 1
52 67 1
52 77 1
52 79 1
52 85 1
52 113 1
52 114 1
52 119 1
52 133 1
52 150 1
52 151 1
52 182 1
52 185 1
52 188 1
52 191 1
52 194 1
53 61 1
53 62 1
53 68 1
53 70 1
53 71 1
53 72 1
53 75 1
53 80 1
53 82 1
53 95 1
53 98 1
53 104 1
53 108 1
53 117 1
53 120 1
53 128 1
53 191 1
53 199 1
54 62 1
54 68 1
54 75 1
54 85 1
54 88 1
54 104 1
54 108 1
54 112 1
54 122 1
54 131 1
54 151 1
54 152 1
54 153 1
54 169 1
54 172 1
54 179 1
54 190 1
54 193 1
54 198 1
55 72 1
55 76 1
55 87 1
55 95 1
55 103 1
55 107 1
55 116 1
55 119 1
55 123 1
55 124 1
55 126 1
55 128 1
55 160 1
55 196 1
56 61 1
56 85 1
56 86 1
56 131 1
56 136 1
56 145 1
56 150 1
56 151 1
56 195 1
57 60 1
57 72 1
57 76 1
57 85 1
57 101 1
57 115 1
57 119 1
57 128 1
57 134 1
57 142 1
57 144 1
57 146 1
57 168 1
57 171 1
58 77 1
58 80 1
58 95 1
58 113 1
58 115 1
58 125 1
58 133 1
58 147 1
58 151 1
58 156 1
58 171 1
58 184 1
58 186 1
58 192 1
59 65 1
59 68 1
59 69 1
59 73 1
59 76 1
59 77 1
59 80 1
59 87 1
59 100 1
59 101 1
59 107 1
59 108 1
59 122 1
59 124 1
59 130 1
59 134 1
59 145 1
59 153 1
59 162 1
59 174 1
59 175 1
60 80 1
60 92 1
60 105 1
60 110 1
60 111 1
60 143 1
60 182 1
60 189 1
60 198 1
60 199 1
61 81 1
61 100 1
61 103 1
61 104 1
61 108 1
61 111 1
61 114 1
61 118 1
61 140 1
61 147 1
61 162 1
61 170 1
61 179 1
61 180 1
61 185 1
62 70 1
62 75 1
62 98 1
62 100 1
62 104 1
62 110 1
62 130 1
62 136 1
62 139 1
62 140 1
62 149 1
62 155 1
62 163 1
62 175 1
62 183 1
62 188 1
63 64 1
63 66 1
63 82 1
63 88 1
63 121 1
63 123 1
63 129 1
63 137 1
63 144 1
63 152 1
63 160 1
63 169 1
63 178 1
63 182 1
63 183 1
63 188 1
63 192 1
63 194 1
63 198 1
63 199 1
64 77 1
64 81 1
64 86 1
64 99 1
64 108 1
64 118 1
64 120 1
64 126 1
64 147 1
64 154 1
64 173 1
64 184 1
64 187 1
64 195 1
64 199 1
65 67 1
65 69 1
65 70 1
65 125 1
65 126 1
65 132 1
65 135 1
65 137 1
65 139 1
65 143 1
65 147 1
65 160 1
65 189 1
66 69 1
66 75 1
66 82 1
66 87 1
66 102 1
66 106 1
66 114 1
66 116 1
66 117 1
66 120 1
66 127 1
66 135 1
66 143 1
66 147 1
66 149 1
66 150 1
66 167 1
66 177 1
66 178 1
66 181 1
66 199 1
67 71 1
67 79 1
67 80 1
67 83 1
67 86 1
67 90 1
67 91 1
67 99 1
67 100 1
67 107 1
67 115 1
67 116 1
67 118 1
67 122 1
67 135 1
67 137 1
67 149 1
67 156 1
67 157 1
67 178 1
67 183 1
67 191 1
67 194 1
68 70 1
68 71 1
68 73 1
68 92 1
68 103 1
68 110 1
68 113 1
68 132 1
68 139 1
68 144 1
68 152 1
68 155 1
68 161 1
68 164 1
68 172 1
68 173 1
68 176 1
68 186 1
68 194 1
69 74 1
69 84 1
69 85 1
69 89 1
69 130 1
69 144 1
69 145 1
69 146 1
69 148 1
69 150 1
69 154 1
69 162 1
69 164 1
69 169 1
69 187 1
70 79 1
70 82 1
70 91 1
70 98 1
70 99 1
70 105 1
70 112 1
70 114 1
70 124 1
70 134 1
70 141 1
70 148 1
70 157 1
70 166 1
70 175 1
70 176 1
70 193 1
70 194 1
71 87 1
71 94 1
71 102 1
71 121 1
71 123 1
71 126 1
71 133 1
71 134 1
71 138 1
71 151 1
71 156 1
71 168 1
71 178 1
71 194 1
71 195 1
71 197 1
72 76 1
72 102 1
72 104 1
72 123 1
72 126 1
72 132 1
72 144 1
72 154 1
72 156 1
72 167 1
72 177 1
72 178 1
72 180 1
72 187 1
72 195 1
73 75 1
73 78 1
73 82 1
73 87 1
73 92 1
73 110 1
73 113 1
73 125 1
73 136 1
73 143 1
73 158 1
73 160 1
73 167 1
73 179 1
73 189 1
73 197 1
73 199 1
74 76 1
74 86 1
74 89 1
74 101 1
74 126 1
74 128 1
74 137 1
74 144 1
74 146 1
74 148 1
74 156 1
74 159 1
74 185 1
74 188 1
75 91 1
75 93 1
75 103 1
75 104 1
75 122 1
75 130 1
75 143 1
75 152 1
75 158 1
75 167 1
75 168 1
75 186 1
75 189 1
76 89 1
76 91 1
76 96 1
76 98 1
76 101 1
76 116 1
76 133 1
76 134 1
76 142 1
76 144 1
76 151 1
76 177 1
76 180 1
76 195 1
76 197 1
76 198 1
77 93 1
77 98 1
77 113 1
77 123 1
77 128 1
77 131 1
77 133 1
77 138 1
77 157 1
77 163 1
77 172 1
78 92 1
78 103 1
78 106 1
78 131 1
78 135 1
78 146 1
78 152 1
78 178 1
78 180 1
78 181 1
78 192 1
78 193 1
78 195 1
78 197 1
79 81 1
79 110 1
79 112 1
79 115 1
79 120 1
79 136 1
79 142 1
79 159 1
79 168 1
79 177 1
79 182 1
79 189 1
79 192 1
79 199 1
80 84 1
80 88 1
80 89 1
80 90 1
80 108 1
80 110 1
80 118 1
80 154 1
80 176 1
80 178 1
80 182 1
80 187 1
80 188 1
80 196 1
81 110 1
81 112 1
81 122 1
81 125 1
81 158 1
81 159 1
81 171 1
81 181 1
81 182 1
81 184 1
82 84 1
82 86 1
82 88 1
82 92 1
82 98 1
82 122 1
82 141 1
82 162 1
82 168 1
82 170 1
82 172 1
82 179 1
82 183 1
82 194 1
82 197 1
82 198 1
82 199 1
83 93 1
83 96 1
83 104 1
83 111 1
83 126 1
83 138 1
83 144 1
83 149 1
83 154 1
83 182 1
83 184 1
84 92 1
84 95 1
84 107 1
84 120 1
84 128 1
84 129 1
84 130 1
84 134 1
84 142 1
84 148 1
84 150 1
84 180 1
84 189 1
84 198 1
85 114 1
85 119 1
85 120 1
85 128 1
85 144 1
85 148 1
85 149 1
85 164 1
85 176 1
85 180 1
86 92 1
86 93 1
86 96 1
86 103 1
86 118 1
86 121 1
86 130 1
86 133 1
86 140 1
86 142 1
86 147 1
86 162 1
86 176 1
86 185 1
86 188 1
87 96 1
87 103 1
87 116 1
87 126 1
87 133 1
87 137 1
87 138 1
87 141 1
87 150 1
87 161 1
87 182 1
87 185 1
87 187 1
88 89 1
88 95 1
88 96 1
88 100 1
88 105 1
88 127 1
88 139 1
88 155 1
88 164 1
88 182 1
88 184 1
88 187 1
88 190 1
88 191 1
88 197 1
89 93 1
89 108 1
89 122 1
89 126 1
89 129 1
89 131 1
89 138 1
89 140 1
89 152 1
89 159 1
89 169 1
89 171 1
89 172 1
89 182 1
89 195 1
89 197 1
89 199 1
90 98 1
90 100 1
90 109 1
90 112 1
90 113 1
90 122 1
90 123 1
90 191 1
90 193 1
91 100 1
91 103 1
91 109 1
91 121 1
91 143 1
91 154 1
91 164 1
91 174 1
92 95 1
92 109 1
92 113 1
92 140 1
92 146 1
92 187 1
92 194 1
93 135 1
93 141 1
93 148 1
93 153 1
93 156 1
93 162 1
93 166 1
93 168 1
93 175 1
93 178 1
94 95 1
94 99 1
94 109 1
94 116 1
94 125 1
94 152 1
94 154 1
94 156 1
94 167 1
94 176 1
94 181 1
94 197 1
95 107 1
95 113 1
95 117 1
95 124 1
95 131 1
95 132 1
95 133 1
95 137 1
95 141 1
95 158 1
95 168 1
95 173 1
95 177 1
95 188 1
95 189 1
95 192 1
95 194 1
95 197 1
96 103 1
96 133 1
96 134 1
96 140 1
96 184 1
96 188 1
97 102 1
97 103 1
97 105 1
97 117 1
97 125 1
97 135 1
97 140 1
97 145 1
97 157 1
97 173 1
97 197 1
97 199 1
98 106 1
98 111 1
98 115 1
98 127 1
98 142 1
98 148 1
98 168 1
98 185 1
98 187 1
98 191 1
98 192 1
99 100 1
99 117 1
99 128 1
99 131 1
99 133 1
99 140 1
99 154 1
99 157 1
99 173 1
99 178 1
99 189 1
100 105 1
100 132 1
100 144 1
100 162 1
100 184 1
101 110 1
101 116 1
101 125 1
101 130 1
101 131 1
101 142 1
101 143 1
101 144 1
101 158 1
101 169 1
101 186 1
102 103 1
102 122 1
102 141 1
102 151 1
102 153 1
102 166 1
102 168 1
102 185 1
102 189 1
102 194 1
103 133 1
103 140 1
103 141 1
103 143 1
103 165 1
103 169 1
103 176 1
103 178 1
103 179 1
104 118 1
104 119 1
104 121 1
104 123 1
104 135 1
104 142 1
104 180 1
104 192 1
105 112 1
105 118 1
105 124 1
105 131 1
105 143 1
105 157 1
105 160 1
105 173 1
105 179 1
106 111 1
106 116 1
106 124 1
106 125 1
106 150 1
106 155 1
106 162 1
106 166 1
106 169 1
106 170 1
106 172 1
106 173 1
106 187 1
107 119 1
107 161 1
107 170 1
107 178 1
107 182 1
107 190 1
107 191 1
107 193 1
107 195 1
108 126 1
108 128 1
108 137 1
108 139 1
108 144 1
108 146 1
108 154 1
108 155 1
108 172 1
108 173 1
108 184 1
108 189 1
108 190 1
108 192 1
109 121 1
109 123 1
109 128 1
109 133 1
109 134 1
109 135 1
109 138 1
109 147 1
109 154 1
109 157 1
109 160 1
109 166 1
109 179 1
109 181 1
109 183 1
110 117 1
110 125 1
110 128 1
110 129 1
110 163 1
110 179 1
110 190 1
110 195 1
110 197 1
111 118 1
111 148 1
111 177 1
111 182 1
112 114 1
112 117 1
112 118 1
112 123 1
112 127 1
112 144 1
112 148 1
112 156 1
112 157 1
112 162 1
112 167 1
112 174 1
112 175 1
112 183 1
112 186 1
112 192 1
112 194 1
112 196 1
112 199 1
113 129 1
113 147 1
113 158 1
113 163 1
113 172 1
113 175 1
114 127 1
114 145 1
114 157 1
114 162 1
114 163 1
114 166 1
114 175 1
114 178 1
114 189 1
114 190 1
115 123 1
115 133 1
115 151 1
115 154 1
115 166 1
115 170 1
115 196 1
116 124 1
116 134 1
116 138 1
116 145 1
116 148 1
116 153 1
116 161 1
116 167 1
116 173 1
116 176 1
116 177 1
116 181 1
116 198 1
117 124 1
117 128 1
117 131 1
117 142 1
117 148 1
117 149 1
117 161 1
117 171 1
117 173 1
117 180 1
117 190 1
117 198 1
118 123 1
118 136 1
118 151 1
118 153 1
118 157 1
118 158 1
118 161 1
118 171 1
118 179 1
118 185 1
118 186 1
118 188 1
118 192 1
118 195 1
119 125 1
119 133 1
119 134 1
119 136 1
119 137 1
119 141 1
119 143 1
119 145 1
119 150 1
119 156 1
119 160 1
119 162 1
119 174 1
119 178 1
119 184 1
119 193 1
119 195 1
119 197 1
120 127 1
120 146 1
120 180 1
120 184 1
120 187 1
121 123 1
121 124 1
121 129 1
121 136 1
121 148 1
121 151 1
121 153 1
121 171 1
121 172 1
121 173 1
121 176 1
121 179 1
121 195 1
121 198 1
122 125 1
122 155 1
122 169 1
122 178 1
122 184 1
122 196 1
122 198 1
123 124 1
123 135 1
123 171 1
123 172 1
123 179 1
124 146 1
124 152 1
124 158 1
124 164 1
124 171 1
124 199 1
125 132 1
125 133 1
125 138 1
125 141 1
125 146 1
125 149 1
125 152 1
125 161 1
125 164 1
125 192 1
126 128 1
126 133 1
126 135 1
126 142 1
126 159 1
126 164 1
126 167 1
126 169 1
126 191 1
126 198 1
127 137 1
127 152 1
127 157 1
127 163 1
127 165 1
127 166 1
127 168 1
127 196 1
128 145 1
128 149 1
128 162 1
128 191 1
128 196 1
129 130 1
129 136 1
129 164 1
129 165 1
129 166 1
129 175 1
129 181 1
130 143 1
130 147 1
130 155 1
130 157 1
130 168 1
130 169 1
130 171 1
130 177 1
131 132 1
131 133 1
131 137 1
131 145 1
131 151 1
131 160 1
131 162 1
131 166 1
131 170 1
131 177 1
131 185 1
131 198 1
132 141 1
132 146 1
132 155 1
132 165 1
132 166 1
132 178 1
132 180 1
132 185 1
132 198 1
133 138 1
133 140 1
133 142 1
133 145 1
133 154 1
133 158 1
134 138 1
134 180 1
134 183 1
135 156 1
135 163 1
135 186 1
135 192 1
135 193 1
135 198 1
136 142 1
136 168 1
136 173 1
136 182 1
136 189 1
136 198 1
137 156 1
137 158 1
137 164 1
137 181 1
137 190 1
138 145 1
138 153 1
138 154 1
138 169 1
138 170 1
138 185 1
139 142 1
139 146 1
139 160 1
139 162 1
139 170 1
140 161 1
140 173 1
140 183 1
140 189 1
140 191 1
140 197 1
141 151 1
141 190 1
141 192 1
141 198 1
142 149 1
142 153 1
142 157 1
142 164 1
142 188 1
142 192 1
142 199 1
143 147 1
143 151 1
143 166 1
143 185 1
144 146 1
144 151 1
144 153 1
144 155 1
144 165 1
144 168 1
144 186 1
144 187 1
144 188 1
144 194 1
145 157 1
145 171 1
145 174 1
145 177 1
145 183 1
145 184 1
145 194 1
145 197 1
146 147 1
146 149 1
147 150 1
147 166 1
147 168 1
147 192 1
147 197 1
148 159 1
148 173 1
148 176 1
148 179 1
148 184 1
148 186 1
148 196 1
148 198 1
149 166 1
149 170 1
149 175 1
149 176 1
149 184 1
149 195 1
150 171 1
150 175 1
150 184 1
150 190 1
150 191 1
151 169 1
151 175 1
152 155 1
152 157 1
152 162 1
152 163 1
152 167 1
152 171 1
152 184 1
152 188 1
152 194 1
154 160 1
154 169 1
154 197 1
155 162 1
155 163 1
155 164 1
155 178 1
155 193 1
156 176 1
156 180 1
156 197 1
157 165 1
157 177 1
157 182 1
158 179 1
158 183 1
158 188 1
159 160 1
159 167 1
159 169 1
159 171 1
159 173 1
159 183 1
160 174 1
160 177 1
160 191 1
161 162 1
161 164 1
161 178 1
161 183 1
161 184 1
161 198 1
162 180 1
162 186 1
162 187 1
163 183 1
163 190 1
163 194 1
164 169 1
164 179 1
164 184 1
164 187 1
165 173 1
165 185 1
165 193 1
166 167 1
166 180 1
166 183 1
166 185 1
166 194 1
167 173 1
169 174 1
169 181 1
169 186 1
170 197 1
171 182 1
171 199 1
172 178 1
172 186 1
172 196 1
172 199 1
173 175 1
173 184 1
173 185 1
173 195 1
174 185 1
174 186 1
175 177 1
175 189 1
176 182 1
176 185 1
176 197 1
177 195 1
177 198 1
177 199 1
178 191 1
178 195 1
179 181 1
179 189 1
180 184 1
180 189 1
180 190 1
181 191 1
181 195 1
184 196 1
185 191 1
186 187 1
186 190 1
187 194 1
190 195 1
191 192 1
192 195 1
192 197 1
194 199 1
1
97 161 108 180 123 11 0 128 156 29 130 186 58 53 35 174 44 26 1 57
