1927
0 49 1
0 51 1
0 56 1
0 62 1
0 68 1
0 70 1
0 73 1
0 75 1
0 78 1
0 85 1
0 116 1
0 121 1
0 122 1
0 124 1
0 146 1
0 148 1
0 157 1
0 165 1
1 4 1
1 38 1
1 72 1
1 87 1
1 95 1
1 112 1
1 117 1
1 139 1
1 149 1
1 154 1
1 174 1
1 178 1
2 3 1
2 5 1
2 6 1
2 21 1
2 27 1
2 42 1
2 49 1
2 58 1
2 63 1
2 78 1
2 92 1
2 102 1
2 104 1
2 115 1
2 128 1
2 134 1
2 140 1
2 144 1
2 148 1
2 149 1
2 163 1
2 178 1
3 9 1
3 20 1
3 23 1
3 59 1
3 66 1
3 72 1
3 83 1
3 87 1
3 92 1
3 97 1
3 98 1
3 104 1
3 112 1
3 117 1
3 135 1
3 149 1
3 150 1
3 155 1
3 163 1
3 175 1
4 17 1
4 18 1
4 27 1
4 33 1
4 42 1
4 43 1
4 50 1
4 56 1
4 57 1
4 74 1
4 83 1
4 99 1
4 118 1
4 129 1
4 131 1
4 136 1
4 150 1
4 159 1
4 161 1
4 166 1
4 169 1
5 8 1
5 10 1
5 15 1
5 34 1
5 39 1
5 41 1
5 43 1
5 46 1
5 88 1
5 98 1
5 101 1
5 107 1
5 114 1
5 119 1
5 125 1
5 130 1
5 142 1
5 155 1
5 156 1
5 169 1
5 176 1
5 177 1
5 179 1
6 23 1
6 29 1
6 32 1
6 33 1
6 38 1
6 39 1
6 41 1
6 44 1
6 47 1
6 61 1
6 73 1
6 88 1
6 90 1
6 99 1
6 120 1
6 147 1
6 174 1
6 175 1
6 178 1
6 179 1
7 11 1
7 19 1
7 32 1
7 34 1
7 41 1
7 47 1
7 49 1
7 50 1
7 55 1
7 57 1
7 68 1
7 70 1
7 72 1
7 79 1
7 89 1
7 103 1
7 109 1
7 113 1
7 133 1
7 161 1
7 167 1
8 10 1
8 19 1
8 28 1
8 40 1
8 44 1
8 48 1
8 56 1
8 59 1
8 66 1
8 68 1
8 72 1
8 73 1
8 79 1
8 92 1
8 105 1
8 106 1
8 107 1
8 111 1
8 119 1
8 122 1
8 133 1
8 141 1
8 153 1
8 166 1
9 10 1
9 14 1
9 17 1
9 51 1
9 53 1
9 64 1
9 70 1
9 73 1
9 75 1
9 91 1
9 101 1
9 127 1
9 140 1
9 149 1
9 155 1
9 156 1
9 162 1
9 169 1
9 170 1
9 175 1
9 176 1
9 177 1
10 34 1
10 39 1
10 51 1
10 53 1
10 56 1
10 62 1
10 63 1
10 75 1
10 86 1
10 118 1
10 123 1
10 125 1
10 151 1
11 22 1
11 24 1
11 37 1
11 38 1
11 40 1
11 44 1
11 50 1
11 52 1
11 60 1
11 79 1
11 82 1
11 84 1
11 89 1
11 94 1
11 118 1
11 123 1
11 124 1
11 125 1
11 139 1
11 146 1
11 151 1
11 153 1
11 161 1
11 162 1
11 177 1
12 13 1
12 16 1
12 23 1
12 58 1
12 72 1
12 81 1
12 87 1
12 93 1
12 110 1
12 114 1
12 117 1
12 130 1
12 152 1
12 157 1
12 168 1
12 171 1
13 14 1
13 18 1
13 20 1
13 25 1
13 30 1
13 34 1
13 38 1
13 46 1
13 51 1
13 72 1
13 75 1
13 89 1
13 104 1
13 105 1
13 122 1
13 148 1
13 156 1
13 169 1
13 173 1
13 174 1
14 16 1
14 18 1
14 24 1
14 29 1
14 34 1
14 58 1
14 60 1
14 64 1
14 73 1
14 82 1
14 84 1
14 88 1
14 101 1
14 106 1
14 110 1
14 114 1
14 116 1
14 119 1
14 124 1
14 131 1
14 139 1
14 146 1
14 154 1
14 161 1
15 17 1
15 57 1
15 71 1
15 75 1
15 90 1
15 92 1
15 102 1
15 150 1
15 155 1
15 157 1
15 159 1
15 173 1
15 179 1
16 17 1
16 27 1
16 31 1
16 37 1
16 41 1
16 51 1
16 53 1
16 55 1
16 82 1
16 95 1
16 107 1
16 129 1
16 131 1
16 138 1
16 139 1
16 145 1
16 151 1
16 154 1
16 176 1
17 24 1
17 25 1
17 31 1
17 35 1
17 37 1
17 46 1
17 52 1
17 58 1
17 60 1
17 65 1
17 67 1
17 69 1
17 75 1
17 82 1
17 101 1
17 107 1
17 117 1
17 121 1
17 124 1
17 133 1
17 145 1
17 148 1
17 149 1
17 153 1
17 162 1
17 173 1
17 174 1
17 178 1
18 22 1
18 27 1
18 43 1
18 44 1
18 52 1
18 58 1
18 68 1
18 97 1
18 126 1
18 145 1
18 153 1
19 22 1
19 24 1
19 25 1
19 40 1
19 49 1
19 51 1
19 53 1
19 54 1
19 59 1
19 93 1
19 100 1
19 108 1
19 111 1
19 112 1
19 120 1
19 141 1
19 146 1
19 156 1
19 178 1
20 21 1
20 39 1
20 45 1
20 62 1
20 65 1
20 69 1
20 79 1
20 112 1
20 114 1
20 122 1
20 130 1
20 133 1
20 137 1
20 141 1
20 157 1
21 44 1
21 51 1
21 55 1
21 57 1
21 59 1
21 63 1
21 82 1
21 83 1
21 100 1
21 121 1
21 123 1
21 124 1
21 128 1
21 136 1
21 141 1
21 142 1
21 144 1
21 166 1
21 167 1
21 177 1
22 23 1
22 25 1
22 56 1
22 87 1
22 96 1
22 112 1
22 117 1
22 123 1
22 132 1
22 146 1
22 163 1
22 170 1
23 25 1
23 41 1
23 50 1
23 57 1
23 70 1
23 81 1
23 84 1
23 91 1
23 95 1
23 102 1
23 104 1
23 117 1
23 128 1
23 133 1
23 138 1
23 146 1
23 150 1
23 166 1
24 61 1
24 64 1
24 73 1
24 82 1
24 110 1
24 149 1
24 153 1
24 160 1
24 164 1
25 30 1
25 32 1
25 50 1
25 79 1
25 106 1
25 117 1
25 128 1
25 163 1
25 169 1
26 29 1
26 30 1
26 34 1
26 52 1
26 58 1
26 63 1
26 80 1
26 95 1
26 96 1
26 100 1
26 107 1
26 108 1
26 111 1
26 121 1
26 123 1
26 151 1
26 152 1
26 170 1
26 174 1
26 176 1
27 34 1
27 39 1
27 50 1
27 53 1
27 58 1
27 63 1
27 70 1
27 84 1
27 92 1
27 96 1
27 98 1
27 100 1
27 103 1
27 104 1
27 114 1
27 118 1
27 122 1
27 123 1
27 124 1
27 127 1
27 132 1
27 140 1
27 142 1
27 148 1
27 150 1
27 155 1
27 163 1
27 165 1
27 171 1
27 172 1
27 175 1
28 32 1
28 37 1
28 42 1
28 46 1
28 55 1
28 59 1
28 68 1
28 74 1
28 87 1
28 89 1
28 96 1
28 112 1
28 113 1
28 131 1
28 152 1
28 157 1
28 161 1
28 164 1
28 166 1
28 171 1
28 172 1
29 41 1
29 48 1
29 55 1
29 83 1
29 88 1
29 96 1
29 98 1
29 102 1
29 106 1
29 109 1
29 110 1
29 111 1
29 127 1
29 129 1
29 136 1
29 168 1
29 170 1
29 176 1
29 177 1
30 31 1
30 33 1
30 36 1
30 94 1
30 112 1
30 119 1
30 120 1
30 124 1
30 131 1
30 135 1
30 137 1
30 140 1
30 143 1
30 161 1
30 179 1
31 37 1
31 55 1
31 65 1
31 76 1
31 85 1
31 86 1
31 101 1
31 111 1
31 114 1
31 132 1
31 134 1
31 139 1
31 156 1
31 165 1
31 171 1
31 175 1
32 38 1
32 41 1
32 50 1
32 57 1
32 58 1
32 59 1
32 65 1
32 66 1
32 70 1
32 72 1
32 73 1
32 83 1
32 113 1
32 115 1
32 126 1
32 135 1
32 140 1
32 178 1
33 40 1
33 49 1
33 55 1
33 57 1
33 68 1
33 75 1
33 81 1
33 86 1
33 94 1
33 101 1
33 108 1
33 110 1
33 153 1
33 165 1
34 38 1
34 71 1
34 74 1
34 94 1
34 103 1
34 107 1
34 108 1
34 121 1
34 125 1
34 130 1
34 140 1
34 141 1
34 150 1
34 151 1
34 163 1
34 168 1
35 47 1
35 49 1
35 50 1
35 58 1
35 71 1
35 80 1
35 81 1
35 90 1
35 93 1
35 97 1
35 100 1
35 101 1
35 112 1
35 114 1
35 122 1
35 124 1
35 125 1
35 127 1
35 128 1
35 131 1
35 142 1
35 155 1
35 160 1
35 166 1
35 174 1
36 47 1
36 56 1
36 72 1
36 76 1
36 79 1
36 80 1
36 87 1
36 90 1
36 133 1
36 145 1
36 146 1
36 167 1
36 168 1
36 173 1
36 178 1
37 40 1
37 50 1
37 52 1
37 55 1
37 68 1
37 71 1
37 96 1
37 102 1
37 116 1
37 120 1
37 122 1
37 125 1
37 126 1
37 130 1
37 132 1
37 154 1
37 166 1
38 46 1
38 49 1
38 50 1
38 66 1
38 70 1
38 73 1
38 76 1
38 85 1
38 87 1
38 108 1
38 111 1
38 114 1
38 116 1
38 119 1
38 129 1
38 136 1
38 138 1
38 140 1
38 141 1
38 144 1
38 154 1
38 168 1
38 172 1
38 179 1
39 46 1
39 49 1
39 60 1
39 68 1
39 69 1
39 78 1
39 87 1
39 89 1
39 93 1
39 97 1
39 106 1
39 114 1
39 138 1
39 146 1
39 152 1
39 161 1
39 179 1
40 45 1
40 46 1
40 69 1
40 73 1
40 75 1
40 81 1
40 83 1
40 106 1
40 109 1
40 111 1
40 118 1
40 129 1
40 138 1
40 139 1
40 142 1
40 152 1
40 159 1
40 162 1
40 177 1
41 43 1
41 45 1
41 48 1
41 54 1
41 55 1
41 58 1
41 71 1
41 74 1
41 78 1
41 90 1
41 95 1
41 98 1
41 101 1
41 104 1
41 105 1
41 109 1
41 116 1
41 124 1
41 128 1
41 135 1
41 150 1
41 152 1
41 160 1
41 161 1
41 169 1
42 57 1
42 65 1
42 72 1
42 84 1
42 101 1
42 102 1
42 108 1
42 120 1
42 138 1
42 160 1
42 174 1
42 179 1
43 44 1
43 62 1
43 68 1
43 90 1
43 94 1
43 95 1
43 99 1
43 101 1
43 117 1
43 163 1
43 166 1
43 172 1
43 179 1
44 45 1
44 46 1
44 55 1
44 78 1
44 96 1
44 102 1
44 108 1
44 133 1
44 136 1
44 160 1
45 53 1
45 55 1
45 65 1
45 73 1
45 75 1
45 88 1
45 106 1
45 144 1
45 149 1
45 151 1
45 152 1
45 164 1
45 175 1
45 177 1
46 47 1
46 54 1
46 65 1
46 67 1
46 83 1
46 84 1
46 94 1
46 116 1
46 132 1
46 142 1
46 145 1
46 159 1
46 160 1
46 166 1
46 177 1
47 49 1
47 63 1
47 69 1
47 88 1
47 105 1
47 108 1
47 111 1
47 133 1
47 147 1
47 150 1
47 157 1
48 56 1
48 59 1
48 63 1
48 73 1
48 86 1
48 87 1
48 99 1
48 113 1
48 118 1
48 126 1
48 129 1
48 130 1
48 131 1
48 142 1
48 160 1
48 164 1
48 171 1
49 51 1
49 63 1
49 69 1
49 77 1
49 81 1
49 85 1
49 87 1
49 88 1
49 89 1
49 91 1
49 94 1
49 113 1
49 115 1
49 118 1
49 136 1
49 146 1
49 163 1
49 173 1
50 59 1
50 74 1
50 75 1
50 77 1
50 80 1
50 83 1
50 86 1
50 89 1
50 90 1
50 91 1
50 98 1
50 123 1
50 127 1
50 129 1
50 134 1
50 136 1
50 169 1
51 95 1
51 96 1
51 109 1
51 115 1
51 130 1
51 143 1
51 148 1
51 152 1
51 165 1
51 166 1
52 61 1
52 92 1
52 96 1
52 97 1
52 103 1
52 105 1
52 106 1
52 108 1
52 123 1
52 126 1
52 130 1
52 140 1
52 155 1
52 156 1
53 57 1
53 80 1
53 108 1
53 116 1
53 119 1
53 149 1
53 150 1
53 151 1
53 153 1
53 155 1
53 164 1
53 166 1
53 167 1
53 172 1
54 56 1
54 58 1
54 66 1
54 72 1
54 76 1
54 77 1
54 88 1
54 91 1
54 92 1
54 96 1
54 111 1
54 114 1
54 115 1
54 124 1
54 133 1
54 138 1
54 141 1
54 148 1
54 151 1
54 177 1
55 59 1
55 60 1
55 81 1
55 96 1
55 104 1
55 108 1
55 109 1
55 116 1
55 124 1
55 131 1
55 140 1
55 141 1
55 158 1
55 171 1
55 176 1
55 177 1
55 178 1
56 72 1
56 82 1
56 84 1
56 87 1
56 90 1
56 103 1
56 109 1
56 130 1
56 137 1
56 147 1
56 165 1
56 166 1
56 167 1
56 170 1
56 174 1
57 69 1
57 72 1
57 74 1
57 78 1
57 108 1
57 117 1
57 129 1
57 152 1
57 157 1
58 80 1
58 86 1
58 101 1
58 105 1
58 107 1
58 114 1
58 119 1
58 122 1
58 130 1
58 144 1
58 166 1
59 84 1
59 92 1
59 107 1
59 123 1
59 130 1
59 131 1
59 141 1
59 144 1
59 147 1
59 151 1
59 155 1
59 157 1
59 161 1
59 163 1
59 167 1
59 175 1
59 176 1
60 68 1
60 70 1
60 75 1
60 76 1
60 87 1
60 92 1
60 93 1
60 103 1
60 104 1
60 106 1
60 108 1
60 113 1
60 116 1
60 121 1
60 130 1
60 155 1
60 166 1
60 171 1
61 73 1
61 90 1
61 98 1
61 107 1
61 109 1
61 117 1
61 119 1
61 122 1
61 127 1
61 139 1
61 158 1
62 65 1
62 69 1
62 75 1
62 79 1
62 81 1
62 83 1
62 86 1
62 94 1
62 95 1
62 105 1
62 108 1
62 111 1
62 124 1
62 132 1
62 137 1
62 142 1
62 146 1
62 148 1
62 150 1
62 155 1
62 157 1
62 164 1
62 165 1
62 176 1
63 97 1
63 101 1
63 121 1
63 128 1
63 143 1
63 156 1
63 159 1
63 168 1
63 170 1
63 173 1
63 179 1
64 81 1
64 84 1
64 92 1
64 100 1
64 107 1
64 131 1
64 152 1
64 165 1
64 173 1
65 70 1
65 85 1
65 94 1
65 107 1
65 124 1
65 137 1
65 145 1
65 148 1
65 149 1
65 157 1
65 165 1
65 167 1
65 171 1
65 179 1
66 92 1
66 102 1
66 121 1
66 127 1
66 131 1
66 134 1
66 143 1
66 148 1
66 172 1
67 77 1
67 78 1
67 82 1
67 85 1
67 89 1
67 113 1
67 120 1
67 130 1
67 134 1
67 139 1
67 142 1
67 151 1
67 154 1
68 73 1
68 86 1
68 91 1
68 102 1
68 119 1
68 139 1
68 145 1
68 146 1
68 152 1
68 154 1
68 162 1
68 168 1
68 169 1
68 172 1
68 174 1
68 175 1
69 74 1
69 90 1
69 99 1
69 104 1
69 119 1
69 125 1
69 137 1
69 138 1
69 139 1
69 150 1
69 171 1
70 83 1
70 92 1
70 98 1
70 102 1
70 108 1
70 114 1
70 143 1
70 148 1
70 151 1
70 158 1
70 163 1
70 166 1
71 73 1
71 79 1
71 81 1
71 89 1
71 90 1
71 103 1
71 114 1
71 140 1
71 141 1
71 144 1
71 152 1
71 156 1
71 157 1
71 166 1
71 167 1
71 169 1
71 171 1
72 76 1
72 97 1
72 99 1
72 128 1
72 130 1
72 131 1
72 132 1
72 142 1
72 152 1
72 156 1
72 164 1
73 77 1
73 84 1
73 92 1
73 101 1
73 102 1
73 103 1
73 104 1
73 133 1
73 136 1
73 148 1
73 162 1
73 166 1
73 171 1
73 173 1
74 78 1
74 80 1
74 106 1
74 108 1
74 126 1
74 132 1
74 178 1
75 77 1
75 79 1
75 87 1
75 89 1
75 112 1
75 129 1
75 137 1
75 144 1
75 151 1
75 158 1
75 161 1
75 165 1
75 167 1
76 82 1
76 93 1
76 99 1
76 103 1
76 111 1
76 118 1
76 122 1
76 130 1
76 141 1
76 142 1
76 147 1
76 151 1
76 152 1
76 154 1
76 159 1
76 161 1
76 165 1
76 170 1
76 177 1
77 106 1
77 108 1
77 112 1
77 114 1
77 140 1
77 162 1
77 178 1
78 87 1
78 95 1
78 100 1
78 109 1
78 125 1
78 133 1
78 137 1
78 148 1
78 153 1
78 173 1
79 91 1
79 98 1
79 102 1
79 104 1
79 108 1
79 125 1
79 129 1
79 139 1
79 160 1
79 162 1
79 165 1
80 81 1
80 82 1
80 83 1
80 99 1
80 102 1
80 109 1
80 126 1
80 152 1
80 155 1
80 162 1
80 167 1
80 170 1
81 93 1
81 108 1
81 116 1
81 118 1
81 125 1
81 139 1
81 146 1
81 155 1
81 160 1
81 163 1
81 167 1
81 173 1
82 84 1
82 90 1
82 91 1
82 100 1
82 115 1
82 131 1
82 136 1
82 146 1
82 154 1
82 173 1
83 86 1
83 87 1
83 89 1
83 91 1
83 93 1
83 107 1
83 124 1
83 135 1
83 136 1
83 143 1
83 168 1
84 87 1
84 98 1
84 107 1
84 108 1
84 109 1
84 111 1
84 120 1
84 121 1
84 129 1
84 130 1
84 131 1
84 136 1
84 151 1
84 152 1
85 91 1
85 99 1
85 100 1
85 104 1
85 108 1
85 109 1
85 127 1
85 149 1
85 152 1
86 99 1
86 101 1
86 102 1
86 108 1
86 122 1
86 130 1
86 139 1
86 146 1
86 148 1
86 156 1
86 163 1
86 164 1
86 175 1
87 100 1
87 114 1
87 115 1
87 122 1
87 126 1
87 130 1
87 142 1
87 144 1
87 164 1
87 170 1
87 171 1
88 90 1
88 97 1
88 105 1
88 114 1
88 118 1
88 120 1
88 122 1
88 141 1
88 153 1
88 157 1
88 159 1
88 166 1
89 94 1
89 99 1
89 109 1
89 117 1
89 129 1
89 137 1
89 141 1
89 149 1
89 150 1
89 151 1
89 153 1
89 154 1
89 159 1
89 162 1
89 177 1
90 105 1
90 113 1
90 121 1
90 126 1
90 131 1
90 136 1
90 137 1
90 155 1
90 160 1
90 168 1
90 170 1
90 173 1
91 108 1
91 117 1
91 123 1
91 133 1
91 139 1
91 141 1
91 149 1
91 153 1
91 154 1
91 164 1
91 174 1
92 113 1
92 116 1
92 129 1
92 135 1
92 136 1
92 137 1
92 157 1
92 167 1
92 168 1
92 178 1
93 108 1
93 112 1
93 126 1
93 128 1
93 132 1
93 146 1
93 150 1
93 157 1
93 158 1
93 173 1
93 175 1
93 176 1
94 99 1
94 102 1
94 110 1
94 116 1
94 139 1
94 147 1
94 149 1
94 160 1
94 164 1
95 97 1
95 106 1
95 115 1
95 124 1
95 130 1
95 141 1
95 142 1
95 156 1
95 160 1
95 161 1
95 163 1
95 166 1
95 167 1
95 172 1
96 100 1
96 102 1
96 103 1
96 107 1
96 108 1
96 127 1
96 129 1
96 130 1
96 160 1
96 166 1
96 170 1
97 104 1
97 122 1
97 140 1
97 146 1
97 149 1
97 156 1
97 170 1
97 171 1
98 99 1
98 103 1
98 110 1
98 112 1
98 113 1
98 114 1
98 117 1
98 122 1
98 123 1
98 126 1
98 138 1
98 141 1
98 150 1
98 151 1
98 152 1
98 160 1
98 168 1
98 177 1
99 126 1
99 131 1
99 134 1
99 141 1
99 145 1
99 159 1
99 166 1
99 168 1
100 106 1
100 107 1
100 112 1
100 118 1
100 131 1
100 153 1
100 164 1
100 169 1
100 170 1
100 177 1
101 104 1
101 115 1
101 122 1
101 131 1
101 132 1
101 136 1
101 140 1
101 154 1
101 164 1
101 173 1
101 177 1
102 103 1
102 107 1
102 113 1
102 117 1
102 123 1
102 138 1
102 155 1
102 164 1
102 165 1
102 170 1
102 173 1
102 178 1
103 104 1
103 107 1
103 113 1
103 116 1
103 153 1
103 157 1
103 172 1
104 106 1
104 118 1
104 123 1
104 132 1
104 144 1
104 160 1
104 161 1
105 113 1
105 114 1
105 124 1
105 131 1
105 138 1
105 155 1
105 160 1
105 175 1
105 177 1
106 129 1
106 136 1
106 140 1
106 146 1
106 147 1
106 152 1
106 155 1
106 165 1
106 170 1
107 108 1
107 119 1
107 150 1
107 159 1
107 177 1
108 118 1
108 126 1
108 133 1
108 151 1
108 156 1
108 159 1
108 166 1
108 179 1
109 130 1
109 136 1
109 140 1
109 144 1
109 149 1
109 168 1
109 174 1
110 123 1
110 128 1
110 134 1
110 135 1
110 136 1
110 137 1
110 144 1
110 146 1
110 147 1
110 148 1
110 160 1
110 166 1
110 167 1
110 173 1
110 174 1
110 176 1
111 115 1
111 120 1
111 123 1
111 135 1
112 114 1
112 122 1
112 129 1
112 139 1
112 148 1
112 156 1
112 163 1
112 172 1
112 173 1
113 118 1
113 138 1
113 141 1
113 142 1
113 143 1
113 145 1
113 147 1
113 150 1
113 157 1
113 159 1
113 165 1
114 119 1
114 128 1
114 130 1
114 134 1
114 135 1
114 140 1
114 141 1
114 142 1
114 144 1
114 152 1
114 155 1
114 162 1
114 163 1
114 168 1
114 175 1
114 178 1
114 179 1
115 131 1
115 132 1
115 137 1
115 144 1
115 159 1
115 178 1
116 128 1
116 143 1
116 167 1
116 171 1
116 174 1
116 177 1
117 130 1
117 138 1
117 143 1
117 145 1
117 158 1
118 121 1
118 147 1
118 163 1
119 132 1
119 134 1
119 142 1
119 145 1
119 152 1
119 154 1
119 157 1
119 158 1
119 159 1
119 161 1
119 164 1
119 170 1
120 122 1
120 124 1
120 129 1
120 131 1
120 143 1
120 147 1
120 153 1
120 176 1
121 124 1
121 128 1
121 131 1
121 134 1
121 149 1
121 152 1
121 159 1
121 167 1
121 170 1
122 127 1
122 129 1
122 131 1
122 136 1
122 137 1
122 140 1
122 145 1
122 149 1
122 152 1
122 158 1
122 166 1
122 174 1
122 177 1
123 133 1
123 144 1
123 160 1
123 169 1
123 175 1
123 177 1
124 127 1
124 155 1
124 158 1
124 163 1
124 167 1
124 169 1
124 179 1
125 159 1
125 170 1
125 171 1
126 131 1
126 154 1
126 155 1
126 157 1
126 162 1
126 165 1
126 169 1
126 171 1
126 173 1
126 177 1
127 130 1
127 138 1
127 141 1
127 143 1
127 149 1
127 155 1
127 158 1
127 159 1
127 166 1
127 169 1
127 173 1
128 134 1
128 136 1
128 143 1
128 159 1
128 167 1
128 168 1
129 134 1
129 137 1
129 142 1
129 144 1
129 156 1
129 162 1
129 164 1
129 165 1
129 166 1
129 171 1
130 136 1
130 141 1
130 150 1
130 167 1
130 174 1
131 136 1
131 139 1
131 142 1
131 151 1
131 152 1
131 157 1
131 172 1
131 174 1
132 135 1
132 140 1
132 174 1
132 179 1
133 137 1
133 141 1
133 151 1
133 160 1
133 162 1
133 175 1
133 176 1
134 137 1
134 141 1
134 155 1
134 175 1
135 141 1
135 146 1
135 150 1
135 152 1
135 155 1
135 158 1
135 176 1
135 177 1
136 143 1
136 152 1
136 160 1
136 164 1
137 142 1
137 144 1
137 159 1
137 163 1
137 167 1
137 171 1
138 149 1
139 140 1
139 141 1
139 146 1
139 166 1
140 167 1
141 152 1
141 171 1
142 145 1
142 153 1
142 155 1
142 160 1
142 162 1
142 164 1
142 174 1
143 154 1
143 157 1
143 158 1
143 160 1
143 170 1
143 173 1
143 175 1
143 178 1
144 177 1
145 151 1
145 152 1
145 156 1
146 156 1
146 158 1
147 148 1
147 152 1
147 160 1
147 172 1
147 173 1
147 176 1
149 163 1
149 173 1
149 179 1
150 154 1
150 157 1
150 161 1
150 171 1
150 179 1
151 166 1
151 167 1
152 156 1
152 173 1
152 177 1
153 154 1
153 157 1
153 166 1
153 172 1
153 174 1
154 156 1
154 167 1
154 171 1
155 159 1
155 168 1
155 171 1
155 173 1
156 178 1
157 160 1
157 166 1
157 173 1
158 159 1
158 160 1
158 161 1
158 168 1
158 171 1
158 175 1
159 164 1
159 179 1
160 161 1
160 170 1
161 170 1
161 174 1
162 163 1
162 166 1
162 173 1
163 166 1
163 167 1
164 167 1
164 170 1
164 174 1
166 174 1
167 169 1
168 174 1
169 172 1
169 179 1
170 178 1
170 179 1
171 172 1
173 174 1
175 178 1
176 178 1
1
52 22 114 178 135 124 109 87 177 17 138 2 140 68 10 13 32 18
