394
0 3 1
0 12 1
0 19 1
0 25 1
0 26 1
0 29 1
0 31 1
0 32 1
0 33 1
0 36 1
0 47 1
1 3 1
1 4 1
1 8 1
1 12 1
1 13 1
1 15 1
1 20 1
1 26 1
1 29 1
1 35 1
1 38 1
1 43 1
1 49 1
2 3 1
2 4 1
2 6 1
2 8 1
2 9 1
2 11 1
2 13 1
2 17 1
2 18 1
2 22 1
2 23 1
2 25 1
2 29 1
2 31 1
2 35 1
2 38 1
2 39 1
2 42 1
2 43 1
2 45 1
2 48 1
2 49 1
3 4 1
3 7 1
3 12 1
3 16 1
3 23 1
3 25 1
3 30 1
3 33 1
3 36 1
3 40 1
3 44 1
3 46 1
3 48 1
4 10 1
4 11 1
4 13 1
4 14 1
4 18 1
4 19 1
4 20 1
4 21 1
4 27 1
4 37 1
4 40 1
4 43 1
4 46 1
4 47 1
4 48 1
5 6 1
5 8 1
5 19 1
5 20 1
5 21 1
5 25 1
5 30 1
5 33 1
5 34 1
5 40 1
5 41 1
5 42 1
5 45 1
5 46 1
5 47 1
6 10 1
6 13 1
6 15 1
6 16 1
6 19 1
6 21 1
6 23 1
6 26 1
6 33 1
6 35 1
6 39 1
6 40 1
6 41 1
6 42 1
6 44 1
6 45 1
7 10 1
7 13 1
7 19 1
7 20 1
7 21 1
7 24 1
7 25 1
7 30 1
7 33 1
7 35 1
7 38 1
7 45 1
8 9 1
8 12 1
8 14 1
8 15 1
8 18 1
8 19 1
8 20 1
8 21 1
8 23 1
8 27 1
8 28 1
8 29 1
8 32 1
8 39 1
8 40 1
8 45 1
8 48 1
9 11 1
9 15 1
9 16 1
9 18 1
9 19 1
9 23 1
9 26 1
9 29 1
9 44 1
9 48 1
9 49 1
10 12 1
10 14 1
10 15 1
10 17 1
10 25 1
10 27 1
10 29 1
10 31 1
10 45 1
10 49 1
11 15 1
11 18 1
11 20 1
11 24 1
11 26 1
11 27 1
11 29 1
11 38 1
11 41 1
11 44 1
12 13 1
12 21 1
12 23 1
12 33 1
12 34 1
12 35 1
12 37 1
12 39 1
12 41 1
12 43 1
12 44 1
12 48 1
13 16 1
13 17 1
13 19 1
13 27 1
13 29 1
13 30 1
13 32 1
13 36 1
13 38 1
13 39 1
13 41 1
13 42 1
13 44 1
13 45 1
13 46 1
13 47 1
13 48 1
14 15 1
14 16 1
14 17 1
14 19 1
14 21 1
14 25 1
14 26 1
14 28 1
14 29 1
14 31 1
14 35 1
14 38 1
14 39 1
14 41 1
14 42 1
14 43 1
14 45 1
14 47 1
14 49 1
15 16 1
15 17 1
15 20 1
15 23 1
15 25 1
15 31 1
15 33 1
15 36 1
15 38 1
15 41 1
15 43 1
15 44 1
15 49 1
16 27 1
16 28 1
16 30 1
16 47 1
17 25 1
17 29 1
17 31 1
17 34 1
17 37 1
17 38 1
17 39 1
17 43 1
17 44 1
18 21 1
18 28 1
18 29 1
18 30 1
18 32 1
18 39 1
18 41 1
18 42 1
18 44 1
18 45 1
19 23 1
19 24 1
19 28 1
19 29 1
19 31 1
19 32 1
19 41 1
20 24 1
20 28 1
20 29 1
20 31 1
20 36 1
20 39 1
20 44 1
21 25 1
21 26 1
21 27 1
21 28 1
21 34 1
21 41 1
21 42 1
21 49 1
22 23 1
22 26 1
22 28 1
22 29 1
22 32 1
22 35 1
22 39 1
22 42 1
22 43 1
22 44 1
22 45 1
23 24 1
23 26 1
23 29 1
23 31 1
23 38 1
23 39 1
23 41 1
23 43 1
23 45 1
23 48 1
24 25 1
24 34 1
24 35 1
24 36 1
24 43 1
24 45 1
24 46 1
24 47 1
24 49 1
25 26 1
25 27 1
25 31 1
25 33 1
25 34 1
25 36 1
25 41 1
25 46 1
26 34 1
26 38 1
26 39 1
26 40 1
26 44 1
26 49 1
27 31 1
27 32 1
27 33 1
27 44 1
27 47 1
27 49 1
28 34 1
28 36 1
28 41 1
28 42 1
28 45 1
28 49 1
29 31 1
29 44 1
29 46 1
29 49 1
30 32 1
30 33 1
30 34 1
30 38 1
30 40 1
30 43 1
30 46 1
30 47 1
31 36 1
31 37 1
31 39 1
31 42 1
32 33 1
32 34 1
32 39 1
32 48 1
33 35 1
33 37 1
33 40 1
33 41 1
33 43 1
33 44 1
33 45 1
33 48 1
33 49 1
34 37 1
34 38 1
34 39 1
34 41 1
34 47 1
35 36 1
35 37 1
35 41 1
35 49 1
36 38 1
36 45 1
37 41 1
37 43 1
37 44 1
37 45 1
37 46 1
38 42 1
39 43 1
39 44 1
39 45 1
39 46 1
39 47 1
39 48 1
40 44 1
40 46 1
40 48 1
41 43 1
41 45 1
41 47 1
41 48 1
41 49 1
42 44 1
42 45 1
42 46 1
42 49 1
43 48 1
46 47 1
48 49 1
1
25 19 42 12 5
