1898
0 1 1
0 28 1
0 34 1
0 42 1
0 48 1
0 53 1
0 61 1
0 73 1
0 85 1
0 87 1
0 104 1
0 106 1
0 107 1
0 110 1
0 117 1
0 127 1
0 129 1
0 131 1
0 139 1
0 159 1
0 165 1
0 172 1
1 15 1
1 24 1
1 26 1
1 47 1
1 59 1
1 63 1
1 65 1
1 68 1
1 72 1
1 73 1
1 86 1
1 90 1
1 95 1
1 107 1
1 117 1
1 123 1
1 138 1
1 154 1
1 159 1
1 164 1
1 177 1
2 7 1
2 35 1
2 37 1
2 65 1
2 79 1
2 87 1
2 94 1
2 95 1
2 103 1
2 109 1
2 118 1
2 119 1
2 122 1
2 125 1
2 156 1
2 170 1
2 171 1
2 175 1
2 177 1
3 14 1
3 24 1
3 34 1
3 39 1
3 43 1
3 49 1
3 52 1
3 53 1
3 64 1
3 66 1
3 67 1
3 68 1
3 71 1
3 80 1
3 89 1
3 90 1
3 112 1
3 113 1
3 120 1
3 124 1
3 146 1
3 152 1
3 153 1
3 154 1
3 171 1
4 5 1
4 16 1
4 18 1
4 22 1
4 30 1
4 32 1
4 35 1
4 38 1
4 42 1
4 44 1
4 50 1
4 78 1
4 89 1
4 101 1
4 103 1
4 114 1
4 116 1
4 124 1
4 146 1
4 157 1
4 158 1
4 160 1
4 161 1
4 170 1
5 6 1
5 7 1
5 25 1
5 29 1
5 41 1
5 49 1
5 51 1
5 67 1
5 72 1
5 79 1
5 85 1
5 91 1
5 96 1
5 102 1
5 113 1
5 114 1
5 127 1
5 137 1
5 141 1
5 143 1
5 146 1
5 151 1
5 155 1
5 157 1
5 160 1
5 161 1
5 171 1
6 9 1
6 11 1
6 15 1
6 30 1
6 38 1
6 39 1
6 45 1
6 84 1
6 87 1
6 94 1
6 98 1
6 102 1
6 123 1
6 126 1
6 129 1
6 130 1
6 137 1
6 152 1
7 13 1
7 28 1
7 31 1
7 32 1
7 38 1
7 45 1
7 47 1
7 54 1
7 55 1
7 58 1
7 66 1
7 68 1
7 95 1
7 110 1
7 111 1
7 125 1
7 129 1
7 136 1
7 141 1
7 158 1
7 159 1
7 162 1
7 173 1
7 174 1
8 14 1
8 17 1
8 21 1
8 44 1
8 70 1
8 72 1
8 74 1
8 75 1
8 81 1
8 100 1
8 120 1
8 134 1
8 135 1
8 137 1
8 147 1
8 148 1
8 151 1
8 156 1
8 169 1
8 178 1
9 11 1
9 16 1
9 23 1
9 32 1
9 35 1
9 46 1
9 54 1
9 87 1
9 111 1
9 136 1
9 141 1
9 144 1
9 156 1
9 162 1
9 163 1
9 170 1
9 171 1
9 177 1
9 179 1
10 13 1
10 21 1
10 29 1
10 36 1
10 49 1
10 59 1
10 62 1
10 70 1
10 74 1
10 83 1
10 112 1
10 114 1
10 130 1
10 153 1
10 156 1
10 163 1
10 168 1
10 170 1
10 174 1
11 14 1
11 21 1
11 24 1
11 28 1
11 31 1
11 55 1
11 60 1
11 72 1
11 90 1
11 96 1
11 98 1
11 129 1
11 134 1
11 147 1
11 148 1
11 161 1
12 22 1
12 25 1
12 27 1
12 28 1
12 33 1
12 38 1
12 50 1
12 65 1
12 66 1
12 74 1
12 77 1
12 78 1
12 90 1
12 105 1
12 114 1
12 125 1
12 150 1
12 165 1
13 14 1
13 21 1
13 32 1
13 51 1
13 63 1
13 65 1
13 74 1
13 77 1
13 90 1
13 96 1
13 156 1
13 163 1
13 171 1
13 177 1
14 21 1
14 28 1
14 36 1
14 39 1
14 42 1
14 43 1
14 52 1
14 53 1
14 54 1
14 63 1
14 70 1
14 81 1
14 98 1
14 106 1
14 107 1
14 108 1
14 110 1
14 123 1
14 126 1
14 128 1
14 133 1
14 135 1
14 141 1
14 147 1
14 149 1
14 150 1
14 151 1
14 153 1
14 160 1
14 163 1
14 164 1
15 23 1
15 36 1
15 40 1
15 46 1
15 49 1
15 52 1
15 71 1
15 78 1
15 80 1
15 82 1
15 94 1
15 104 1
15 122 1
15 144 1
15 162 1
16 21 1
16 24 1
16 31 1
16 37 1
16 39 1
16 44 1
16 46 1
16 50 1
16 57 1
16 122 1
16 127 1
16 139 1
16 149 1
16 150 1
16 154 1
16 157 1
16 158 1
16 162 1
16 170 1
17 20 1
17 29 1
17 30 1
17 32 1
17 39 1
17 52 1
17 65 1
17 72 1
17 78 1
17 94 1
17 102 1
17 108 1
17 117 1
17 118 1
17 122 1
17 129 1
17 165 1
18 39 1
18 50 1
18 61 1
18 75 1
18 103 1
18 104 1
18 110 1
18 112 1
18 116 1
18 146 1
18 154 1
18 158 1
18 164 1
18 176 1
19 45 1
19 52 1
19 68 1
19 73 1
19 81 1
19 86 1
19 89 1
19 104 1
19 106 1
19 122 1
19 135 1
19 143 1
19 149 1
19 160 1
19 163 1
19 179 1
20 30 1
20 32 1
20 34 1
20 36 1
20 46 1
20 48 1
20 64 1
20 70 1
20 83 1
20 87 1
20 96 1
20 122 1
20 132 1
20 135 1
20 137 1
20 140 1
20 142 1
20 144 1
20 155 1
20 156 1
20 163 1
20 166 1
20 174 1
21 31 1
21 32 1
21 42 1
21 45 1
21 48 1
21 49 1
21 53 1
21 56 1
21 62 1
21 71 1
21 91 1
21 98 1
21 99 1
21 103 1
21 108 1
21 123 1
21 144 1
21 166 1
21 178 1
22 23 1
22 34 1
22 37 1
22 56 1
22 58 1
22 68 1
22 95 1
22 97 1
22 98 1
22 103 1
22 117 1
22 120 1
22 122 1
22 134 1
22 135 1
22 138 1
22 139 1
22 166 1
22 174 1
22 179 1
23 26 1
23 28 1
23 35 1
23 42 1
23 44 1
23 48 1
23 52 1
23 57 1
23 60 1
23 104 1
23 123 1
23 129 1
23 131 1
23 147 1
23 169 1
23 174 1
24 31 1
24 34 1
24 37 1
24 70 1
24 73 1
24 75 1
24 118 1
24 135 1
24 147 1
24 153 1
24 154 1
24 157 1
24 166 1
24 174 1
25 26 1
25 29 1
25 39 1
25 43 1
25 50 1
25 53 1
25 63 1
25 66 1
25 77 1
25 79 1
25 88 1
25 93 1
25 111 1
25 112 1
25 114 1
25 126 1
25 135 1
25 147 1
25 154 1
25 155 1
25 157 1
25 162 1
25 177 1
26 33 1
26 44 1
26 52 1
26 55 1
26 65 1
26 68 1
26 73 1
26 85 1
26 91 1
26 102 1
26 105 1
26 127 1
26 134 1
26 160 1
26 173 1
26 175 1
27 30 1
27 37 1
27 52 1
27 61 1
27 68 1
27 70 1
27 75 1
27 91 1
27 96 1
27 105 1
27 113 1
27 118 1
27 120 1
27 122 1
27 142 1
27 150 1
27 169 1
27 175 1
28 34 1
28 41 1
28 43 1
28 78 1
28 83 1
28 89 1
28 91 1
28 103 1
28 104 1
28 112 1
28 114 1
28 148 1
28 153 1
28 179 1
29 32 1
29 35 1
29 47 1
29 70 1
29 76 1
29 77 1
29 81 1
29 83 1
29 85 1
29 91 1
29 108 1
29 129 1
29 131 1
29 135 1
29 148 1
29 153 1
29 154 1
29 156 1
29 159 1
29 174 1
29 176 1
30 40 1
30 41 1
30 57 1
30 67 1
30 74 1
30 96 1
30 98 1
30 107 1
30 110 1
30 122 1
30 141 1
30 145 1
30 148 1
30 150 1
30 153 1
30 177 1
30 179 1
31 43 1
31 45 1
31 53 1
31 55 1
31 61 1
31 70 1
31 72 1
31 77 1
31 85 1
31 86 1
31 87 1
31 95 1
31 101 1
31 114 1
31 122 1
31 140 1
31 146 1
31 158 1
31 168 1
31 172 1
31 173 1
32 40 1
32 45 1
32 48 1
32 53 1
32 58 1
32 60 1
32 61 1
32 66 1
32 67 1
32 79 1
32 85 1
32 88 1
32 92 1
32 112 1
32 121 1
32 143 1
32 156 1
32 164 1
32 179 1
33 34 1
33 36 1
33 65 1
33 77 1
33 81 1
33 86 1
33 87 1
33 102 1
33 114 1
33 123 1
33 127 1
33 129 1
33 131 1
33 153 1
33 161 1
33 164 1
33 175 1
33 176 1
33 178 1
34 40 1
34 41 1
34 67 1
34 71 1
34 78 1
34 79 1
34 87 1
34 89 1
34 91 1
34 93 1
34 111 1
34 120 1
34 123 1
34 127 1
34 138 1
34 169 1
34 177 1
35 40 1
35 43 1
35 52 1
35 70 1
35 74 1
35 80 1
35 81 1
35 84 1
35 93 1
35 96 1
35 99 1
35 104 1
35 113 1
35 118 1
35 120 1
35 125 1
35 129 1
35 137 1
35 138 1
35 140 1
35 147 1
35 157 1
35 170 1
36 38 1
36 42 1
36 44 1
36 61 1
36 67 1
36 74 1
36 82 1
36 99 1
36 101 1
36 115 1
36 121 1
36 123 1
36 132 1
36 139 1
36 143 1
36 148 1
36 171 1
36 176 1
37 38 1
37 48 1
37 52 1
37 99 1
37 100 1
37 112 1
37 118 1
37 137 1
37 142 1
37 153 1
37 165 1
37 168 1
37 179 1
38 47 1
38 59 1
38 94 1
38 105 1
38 107 1
38 108 1
38 118 1
38 119 1
38 124 1
38 139 1
38 161 1
39 89 1
39 109 1
39 117 1
39 133 1
39 137 1
39 149 1
39 165 1
39 166 1
40 52 1
40 53 1
40 61 1
40 67 1
40 73 1
40 83 1
40 103 1
40 109 1
40 117 1
40 118 1
40 125 1
40 133 1
40 139 1
40 166 1
40 175 1
41 46 1
41 58 1
41 61 1
41 67 1
41 72 1
41 77 1
41 80 1
41 101 1
41 103 1
41 104 1
41 108 1
41 114 1
41 119 1
41 126 1
41 140 1
41 155 1
41 159 1
41 161 1
41 168 1
42 48 1
42 59 1
42 68 1
42 69 1
42 70 1
42 76 1
42 95 1
42 99 1
42 103 1
42 113 1
42 122 1
42 124 1
42 130 1
42 138 1
42 165 1
43 50 1
43 65 1
43 69 1
43 80 1
43 84 1
43 87 1
43 92 1
43 93 1
43 98 1
43 103 1
43 112 1
43 118 1
43 128 1
43 130 1
43 131 1
43 135 1
43 138 1
43 142 1
43 145 1
43 156 1
43 161 1
43 164 1
44 51 1
44 54 1
44 62 1
44 65 1
44 68 1
44 75 1
44 89 1
44 96 1
44 98 1
44 111 1
44 113 1
44 126 1
44 127 1
44 129 1
44 131 1
44 136 1
44 140 1
44 164 1
45 50 1
45 60 1
45 74 1
45 78 1
45 96 1
45 129 1
45 148 1
45 161 1
45 166 1
46 54 1
46 56 1
46 64 1
46 98 1
46 112 1
46 113 1
46 117 1
46 140 1
46 146 1
46 153 1
47 72 1
47 76 1
47 79 1
47 82 1
47 86 1
47 88 1
47 94 1
47 104 1
47 108 1
47 111 1
47 143 1
47 144 1
47 147 1
47 149 1
47 173 1
48 50 1
48 53 1
48 59 1
48 73 1
48 89 1
48 96 1
48 98 1
48 101 1
48 114 1
48 120 1
48 132 1
48 135 1
48 140 1
48 143 1
48 148 1
48 156 1
48 163 1
48 170 1
48 171 1
48 172 1
48 177 1
49 52 1
49 73 1
49 86 1
49 88 1
49 91 1
49 93 1
49 99 1
49 101 1
49 107 1
49 118 1
49 122 1
49 152 1
49 166 1
49 168 1
50 51 1
50 56 1
50 64 1
50 79 1
50 83 1
50 99 1
50 103 1
50 105 1
50 116 1
50 128 1
50 132 1
50 134 1
50 147 1
50 151 1
50 171 1
50 179 1
51 54 1
51 56 1
51 70 1
51 76 1
51 87 1
51 108 1
51 132 1
51 133 1
51 146 1
51 155 1
51 165 1
51 170 1
51 173 1
51 174 1
51 175 1
52 62 1
52 66 1
52 74 1
52 79 1
52 85 1
52 107 1
52 109 1
52 120 1
52 121 1
52 126 1
52 128 1
52 141 1
52 148 1
52 152 1
52 154 1
52 160 1
52 162 1
52 168 1
52 171 1
52 178 1
53 63 1
53 75 1
53 86 1
53 94 1
53 95 1
53 104 1
53 108 1
53 111 1
53 149 1
53 157 1
54 57 1
54 59 1
54 111 1
54 138 1
54 140 1
54 155 1
54 157 1
54 160 1
54 167 1
54 169 1
55 63 1
55 88 1
55 100 1
55 134 1
55 163 1
55 166 1
55 167 1
55 171 1
56 62 1
56 70 1
56 78 1
56 95 1
56 96 1
56 99 1
56 103 1
56 106 1
56 114 1
56 118 1
56 141 1
56 144 1
56 153 1
56 165 1
56 169 1
56 171 1
56 175 1
56 177 1
57 72 1
57 73 1
57 81 1
57 85 1
57 89 1
57 98 1
57 108 1
57 128 1
57 132 1
57 133 1
57 140 1
57 146 1
57 158 1
57 162 1
57 166 1
58 64 1
58 68 1
58 77 1
58 79 1
58 90 1
58 97 1
58 110 1
58 116 1
58 132 1
58 151 1
58 153 1
58 160 1
58 163 1
58 166 1
58 174 1
59 66 1
59 75 1
59 81 1
59 82 1
59 93 1
59 109 1
59 126 1
59 138 1
59 141 1
59 158 1
59 176 1
60 68 1
60 71 1
60 82 1
60 91 1
60 103 1
60 113 1
60 122 1
60 134 1
60 146 1
60 149 1
60 151 1
60 172 1
60 179 1
61 65 1
61 66 1
61 75 1
61 81 1
61 83 1
61 88 1
61 106 1
61 110 1
61 116 1
61 126 1
61 131 1
61 139 1
61 155 1
61 162 1
62 65 1
62 70 1
62 81 1
62 97 1
62 105 1
62 115 1
62 116 1
62 124 1
62 160 1
62 161 1
63 64 1
63 66 1
63 73 1
63 76 1
63 92 1
63 119 1
63 120 1
63 130 1
63 133 1
63 142 1
63 148 1
63 152 1
63 153 1
63 161 1
64 72 1
64 76 1
64 83 1
64 85 1
64 102 1
64 104 1
64 105 1
64 109 1
64 115 1
64 124 1
64 130 1
64 147 1
64 152 1
64 158 1
64 164 1
64 169 1
64 171 1
64 173 1
64 179 1
65 68 1
65 72 1
65 78 1
65 80 1
65 88 1
65 97 1
65 98 1
65 102 1
65 103 1
65 109 1
65 121 1
65 130 1
65 139 1
65 140 1
65 154 1
65 158 1
65 160 1
65 175 1
66 71 1
66 73 1
66 82 1
66 84 1
66 92 1
66 110 1
66 111 1
66 128 1
66 131 1
66 132 1
66 156 1
66 168 1
66 174 1
67 68 1
67 77 1
67 84 1
67 92 1
67 112 1
67 119 1
67 122 1
67 127 1
67 129 1
67 134 1
67 140 1
67 141 1
68 72 1
68 86 1
68 104 1
68 111 1
68 141 1
68 147 1
68 148 1
68 152 1
68 162 1
68 170 1
68 174 1
68 178 1
69 75 1
69 79 1
69 91 1
69 96 1
69 116 1
69 130 1
69 133 1
69 134 1
69 143 1
69 156 1
69 163 1
69 168 1
69 174 1
70 76 1
70 87 1
70 96 1
70 100 1
70 111 1
70 117 1
70 121 1
70 132 1
70 137 1
70 143 1
70 144 1
70 147 1
70 159 1
70 160 1
70 167 1
70 168 1
70 175 1
71 76 1
71 78 1
71 80 1
71 88 1
71 91 1
71 94 1
71 104 1
71 108 1
71 110 1
71 122 1
71 132 1
71 140 1
71 148 1
71 151 1
71 159 1
71 167 1
71 177 1
71 179 1
72 87 1
72 90 1
72 92 1
72 95 1
72 111 1
72 113 1
72 115 1
72 117 1
72 118 1
72 120 1
72 121 1
72 131 1
72 134 1
72 149 1
72 164 1
73 76 1
73 83 1
73 93 1
73 103 1
73 110 1
73 116 1
73 131 1
73 137 1
73 141 1
73 152 1
73 160 1
73 162 1
74 89 1
74 95 1
74 113 1
74 130 1
74 131 1
74 133 1
74 143 1
74 144 1
74 155 1
74 156 1
74 159 1
74 164 1
74 179 1
75 77 1
75 91 1
75 92 1
75 105 1
75 106 1
75 111 1
75 120 1
75 124 1
75 126 1
75 141 1
75 152 1
75 157 1
75 158 1
75 165 1
75 166 1
75 169 1
75 179 1
76 87 1
76 88 1
76 119 1
76 127 1
76 153 1
76 169 1
76 170 1
76 175 1
77 81 1
77 91 1
77 94 1
77 103 1
77 113 1
77 125 1
77 132 1
77 147 1
77 154 1
77 158 1
77 161 1
78 80 1
78 84 1
78 88 1
78 101 1
78 132 1
78 137 1
78 142 1
78 150 1
78 153 1
78 160 1
79 97 1
79 100 1
79 101 1
79 107 1
79 109 1
79 111 1
79 113 1
79 121 1
79 126 1
79 128 1
79 136 1
79 144 1
79 145 1
79 146 1
79 151 1
79 153 1
80 90 1
80 103 1
80 114 1
80 119 1
80 125 1
80 129 1
80 142 1
80 143 1
80 145 1
80 147 1
80 149 1
80 167 1
81 88 1
81 92 1
81 106 1
81 110 1
81 112 1
81 120 1
81 129 1
81 134 1
81 143 1
81 144 1
81 162 1
82 103 1
82 106 1
82 109 1
82 110 1
82 127 1
82 136 1
82 144 1
82 152 1
82 156 1
82 163 1
83 85 1
83 89 1
83 97 1
83 105 1
83 111 1
83 150 1
83 158 1
83 166 1
83 169 1
84 90 1
84 92 1
84 122 1
84 124 1
84 125 1
84 132 1
84 136 1
84 137 1
84 146 1
84 150 1
84 151 1
84 152 1
84 153 1
84 160 1
84 161 1
85 93 1
85 103 1
85 110 1
85 118 1
85 119 1
85 121 1
85 135 1
85 141 1
85 152 1
85 153 1
85 157 1
85 172 1
85 174 1
85 175 1
86 102 1
86 103 1
86 123 1
86 149 1
86 164 1
86 168 1
86 169 1
86 173 1
86 179 1
87 94 1
87 120 1
87 151 1
87 152 1
88 91 1
88 100 1
88 104 1
88 121 1
88 126 1
88 129 1
88 145 1
88 149 1
88 153 1
88 154 1
88 160 1
88 165 1
88 173 1
88 176 1
89 92 1
89 116 1
89 127 1
89 128 1
89 131 1
89 132 1
89 137 1
89 140 1
89 159 1
89 160 1
89 167 1
90 95 1
90 107 1
90 111 1
90 129 1
90 135 1
90 144 1
90 145 1
90 154 1
90 172 1
91 99 1
91 106 1
91 111 1
91 120 1
91 138 1
91 153 1
91 165 1
92 100 1
92 103 1
92 133 1
92 146 1
92 153 1
92 156 1
92 167 1
92 179 1
93 101 1
93 109 1
93 110 1
93 123 1
93 126 1
93 133 1
93 136 1
93 147 1
93 150 1
93 153 1
93 157 1
93 160 1
94 95 1
94 113 1
94 117 1
94 122 1
94 126 1
94 136 1
94 141 1
94 153 1
94 155 1
94 159 1
94 160 1
94 175 1
95 97 1
95 100 1
95 110 1
95 117 1
95 126 1
95 132 1
95 135 1
95 139 1
95 146 1
95 156 1
95 157 1
96 110 1
96 112 1
96 114 1
96 123 1
96 134 1
96 138 1
96 146 1
96 148 1
96 157 1
96 177 1
96 179 1
97 99 1
97 101 1
97 104 1
97 114 1
97 123 1
97 136 1
97 142 1
97 148 1
97 168 1
97 170 1
98 100 1
98 123 1
98 134 1
98 152 1
98 160 1
98 163 1
98 167 1
98 168 1
98 170 1
99 105 1
99 116 1
99 117 1
99 133 1
99 144 1
99 151 1
100 101 1
100 115 1
100 144 1
100 152 1
100 157 1
100 165 1
100 171 1
100 175 1
101 104 1
101 105 1
101 108 1
101 121 1
101 122 1
101 136 1
101 140 1
101 141 1
101 155 1
101 158 1
101 164 1
101 166 1
101 171 1
101 172 1
102 103 1
102 105 1
102 132 1
102 137 1
102 145 1
103 107 1
103 134 1
103 136 1
103 144 1
103 152 1
103 157 1
103 163 1
103 170 1
103 173 1
103 178 1
104 105 1
104 106 1
104 107 1
104 111 1
104 120 1
104 133 1
104 134 1
104 135 1
104 148 1
104 150 1
104 152 1
104 154 1
104 160 1
104 163 1
104 165 1
105 115 1
105 132 1
105 136 1
105 168 1
105 174 1
106 108 1
106 114 1
106 121 1
106 127 1
106 138 1
106 139 1
106 143 1
106 153 1
106 170 1
106 174 1
107 118 1
107 120 1
107 123 1
107 124 1
107 125 1
107 140 1
107 141 1
107 146 1
107 150 1
107 154 1
107 163 1
107 165 1
107 166 1
107 172 1
107 176 1
108 128 1
108 129 1
108 130 1
108 150 1
108 163 1
109 120 1
109 134 1
109 151 1
109 155 1
109 156 1
109 161 1
109 168 1
109 169 1
109 170 1
110 114 1
110 128 1
110 129 1
110 134 1
110 146 1
110 150 1
110 160 1
110 163 1
110 170 1
110 172 1
110 178 1
111 112 1
111 120 1
111 124 1
111 130 1
111 131 1
111 145 1
111 146 1
111 149 1
112 114 1
112 127 1
112 151 1
112 157 1
112 165 1
112 178 1
113 120 1
113 134 1
113 136 1
113 139 1
113 140 1
113 147 1
113 149 1
113 151 1
113 159 1
113 160 1
113 177 1
114 116 1
114 118 1
114 134 1
114 142 1
114 166 1
114 178 1
115 128 1
115 141 1
115 151 1
115 154 1
115 163 1
115 169 1
116 123 1
116 132 1
116 135 1
116 136 1
116 178 1
117 119 1
117 130 1
117 131 1
117 137 1
117 139 1
117 166 1
117 175 1
117 177 1
118 135 1
118 159 1
118 168 1
119 124 1
119 135 1
119 138 1
119 146 1
119 151 1
119 155 1
119 157 1
119 162 1
120 130 1
120 144 1
120 157 1
120 168 1
120 176 1
121 137 1
121 138 1
121 140 1
121 143 1
121 161 1
121 167 1
121 168 1
122 137 1
122 138 1
122 142 1
122 148 1
122 150 1
122 151 1
122 153 1
122 163 1
122 167 1
122 169 1
123 148 1
123 156 1
123 169 1
123 173 1
123 177 1
124 131 1
124 135 1
124 136 1
124 137 1
124 141 1
124 151 1
124 154 1
124 171 1
124 172 1
125 141 1
125 144 1
125 153 1
125 154 1
125 155 1
125 165 1
125 166 1
125 172 1
125 174 1
126 134 1
126 156 1
126 157 1
126 163 1
126 173 1
126 176 1
127 130 1
127 136 1
127 137 1
127 145 1
127 171 1
128 151 1
128 157 1
128 167 1
128 169 1
129 134 1
129 141 1
129 147 1
129 148 1
129 152 1
129 154 1
129 155 1
129 166 1
129 170 1
130 134 1
130 142 1
130 159 1
130 174 1
131 142 1
131 155 1
131 158 1
131 165 1
131 167 1
131 169 1
131 178 1
132 145 1
132 151 1
133 144 1
133 154 1
133 157 1
133 175 1
133 176 1
134 148 1
134 167 1
134 174 1
134 179 1
135 150 1
135 154 1
135 158 1
135 165 1
135 173 1
135 174 1
135 176 1
136 141 1
136 152 1
136 153 1
136 165 1
136 169 1
137 143 1
137 145 1
137 155 1
137 166 1
137 170 1
137 172 1
137 175 1
138 153 1
138 168 1
138 175 1
139 168 1
140 144 1
140 149 1
140 163 1
140 174 1
140 177 1
141 152 1
141 157 1
142 161 1
142 167 1
142 171 1
142 172 1
142 176 1
143 147 1
143 155 1
143 167 1
143 171 1
143 175 1
144 145 1
144 150 1
144 152 1
145 151 1
145 169 1
145 171 1
146 153 1
146 172 1
147 154 1
147 160 1
147 161 1
147 162 1
147 166 1
147 172 1
148 157 1
148 161 1
148 165 1
148 171 1
149 151 1
149 152 1
149 153 1
149 165 1
149 166 1
149 171 1
150 154 1
150 156 1
150 168 1
150 175 1
151 152 1
151 157 1
151 176 1
152 158 1
152 161 1
152 162 1
152 167 1
152 173 1
153 159 1
153 160 1
153 167 1
153 179 1
154 167 1
154 168 1
155 158 1
155 172 1
155 174 1
156 162 1
156 165 1
156 168 1
156 172 1
156 179 1
157 177 1
158 169 1
158 179 1
159 160 1
159 166 1
159 179 1
160 164 1
160 166 1
161 163 1
161 170 1
162 163 1
162 170 1
163 166 1
163 178 1
164 165 1
164 170 1
164 171 1
164 173 1
167 169 1
168 169 1
168 177 1
168 178 1
169 175 1
169 176 1
175 178 1
177 178 1
1
135 52 178 121 55 79 169 28 12 83 137 162 158 119 63 38 17 132
