302
0 4 1
0 8 1
0 10 1
0 11 1
0 13 1
0 19 1
0 22 1
0 26 1
0 28 1
0 29 1
0 30 1
0 31 1
0 35 1
0 36 1
0 37 1
0 39 1
1 3 1
1 6 1
1 7 1
1 12 1
1 13 1
1 18 1
1 20 1
1 21 1
1 28 1
1 31 1
1 33 1
1 37 1
1 39 1
2 7 1
2 9 1
2 13 1
2 17 1
2 18 1
2 19 1
2 20 1
2 26 1
2 27 1
3 10 1
3 17 1
3 18 1
3 22 1
3 23 1
3 24 1
3 26 1
3 28 1
3 29 1
3 31 1
3 32 1
3 33 1
3 34 1
3 35 1
3 36 1
3 38 1
3 39 1
4 7 1
4 9 1
4 10 1
4 13 1
4 14 1
4 15 1
4 17 1
4 18 1
4 19 1
4 21 1
4 23 1
4 24 1
4 25 1
4 26 1
4 28 1
4 31 1
4 33 1
4 34 1
4 35 1
4 37 1
4 38 1
5 8 1
5 13 1
5 16 1
5 19 1
5 26 1
5 30 1
5 32 1
5 37 1
6 10 1
6 11 1
6 13 1
6 15 1
6 25 1
6 26 1
6 28 1
6 30 1
6 31 1
6 34 1
6 37 1
6 38 1
6 39 1
7 17 1
7 18 1
7 20 1
7 23 1
7 24 1
7 30 1
7 33 1
7 34 1
7 37 1
7 38 1
7 39 1
8 9 1
8 12 1
8 14 1
8 19 1
8 21 1
8 24 1
8 26 1
8 27 1
8 28 1
8 30 1
8 31 1
8 32 1
8 33 1
8 34 1
8 35 1
8 39 1
9 12 1
9 18 1
9 22 1
9 24 1
9 25 1
9 30 1
9 32 1
9 34 1
9 35 1
9 37 1
9 38 1
9 39 1
10 11 1
10 17 1
10 19 1
10 24 1
10 27 1
10 28 1
10 30 1
10 33 1
10 34 1
10 38 1
11 12 1
11 19 1
11 20 1
11 23 1
11 26 1
11 27 1
11 28 1
11 31 1
11 36 1
11 37 1
11 38 1
12 19 1
12 21 1
12 22 1
12 24 1
12 25 1
12 27 1
12 29 1
12 31 1
12 32 1
12 34 1
12 36 1
13 14 1
13 17 1
13 21 1
13 24 1
13 26 1
13 27 1
13 30 1
13 31 1
13 32 1
13 34 1
13 35 1
14 15 1
14 16 1
14 19 1
14 21 1
14 22 1
14 23 1
14 24 1
14 33 1
14 34 1
14 36 1
14 37 1
15 22 1
15 26 1
15 29 1
15 30 1
16 18 1
16 23 1
16 24 1
16 25 1
16 26 1
16 27 1
16 31 1
16 33 1
16 35 1
16 39 1
17 25 1
17 28 1
17 30 1
17 32 1
17 35 1
17 37 1
18 19 1
18 23 1
18 30 1
18 32 1
18 33 1
18 34 1
18 38 1
19 22 1
19 24 1
19 29 1
19 30 1
19 32 1
19 35 1
19 36 1
19 38 1
19 39 1
20 21 1
20 24 1
20 29 1
20 30 1
20 31 1
20 33 1
20 34 1
20 35 1
20 36 1
20 37 1
21 22 1
21 26 1
21 27 1
21 32 1
21 34 1
22 23 1
22 24 1
22 25 1
22 26 1
22 27 1
22 30 1
22 31 1
22 33 1
22 34 1
22 35 1
23 28 1
23 29 1
23 33 1
23 34 1
23 37 1
24 28 1
24 32 1
24 33 1
24 34 1
24 39 1
25 26 1
25 28 1
25 29 1
25 30 1
25 33 1
25 34 1
25 36 1
25 38 1
26 27 1
26 28 1
26 29 1
26 33 1
26 34 1
26 35 1
26 37 1
27 28 1
27 32 1
27 36 1
28 32 1
28 35 1
28 36 1
29 31 1
29 33 1
29 35 1
29 36 1
29 37 1
30 31 1
30 33 1
30 34 1
30 36 1
30 38 1
31 39 1
32 38 1
33 34 1
33 37 1
33 38 1
34 36 1
35 38 1
36 37 1
36 38 1
37 38 1
1
23 21 28 2
