1270
0 2 1
0 8 1
0 13 1
0 28 1
0 29 1
0 33 1
0 38 1
0 44 1
0 63 1
0 71 1
0 73 1
0 92 1
0 95 1
0 98 1
0 111 1
0 114 1
0 116 1
0 125 1
0 126 1
1 5 1
1 10 1
1 12 1
1 15 1
1 17 1
1 19 1
1 21 1
1 32 1
1 42 1
1 45 1
1 50 1
1 52 1
1 54 1
1 56 1
1 61 1
1 73 1
1 75 1
1 83 1
1 87 1
1 96 1
1 102 1
1 113 1
1 114 1
1 120 1
1 129 1
2 4 1
2 6 1
2 7 1
2 11 1
2 21 1
2 28 1
2 32 1
2 35 1
2 50 1
2 52 1
2 57 1
2 60 1
2 62 1
2 63 1
2 68 1
2 69 1
2 71 1
2 77 1
2 78 1
2 79 1
2 102 1
2 113 1
2 116 1
2 120 1
3 24 1
3 26 1
3 30 1
3 32 1
3 36 1
3 43 1
3 44 1
3 46 1
3 53 1
3 60 1
3 64 1
3 68 1
3 73 1
3 79 1
3 80 1
3 82 1
3 86 1
3 97 1
3 101 1
3 104 1
3 107 1
3 120 1
4 5 1
4 11 1
4 12 1
4 22 1
4 32 1
4 39 1
4 40 1
4 48 1
4 53 1
4 55 1
4 64 1
4 67 1
4 68 1
4 81 1
4 125 1
5 6 1
5 11 1
5 18 1
5 21 1
5 35 1
5 38 1
5 43 1
5 49 1
5 53 1
5 59 1
5 65 1
5 89 1
5 90 1
5 108 1
6 8 1
6 9 1
6 22 1
6 26 1
6 33 1
6 35 1
6 44 1
6 51 1
6 58 1
6 59 1
6 60 1
6 62 1
6 63 1
6 66 1
6 71 1
6 77 1
6 89 1
6 100 1
6 111 1
6 113 1
6 115 1
6 118 1
6 123 1
6 124 1
6 125 1
6 128 1
7 24 1
7 27 1
7 46 1
7 57 1
7 62 1
7 66 1
7 73 1
7 76 1
7 78 1
7 79 1
7 85 1
7 86 1
7 88 1
7 93 1
7 96 1
7 108 1
7 109 1
7 111 1
7 120 1
8 10 1
8 16 1
8 20 1
8 22 1
8 45 1
8 47 1
8 51 1
8 54 1
8 64 1
8 71 1
8 77 1
8 85 1
8 90 1
8 94 1
8 98 1
8 103 1
8 107 1
8 112 1
8 122 1
8 129 1
9 10 1
9 26 1
9 40 1
9 48 1
9 49 1
9 67 1
9 72 1
9 86 1
9 91 1
9 111 1
9 120 1
9 125 1
10 17 1
10 20 1
10 32 1
10 34 1
10 35 1
10 45 1
10 67 1
10 68 1
10 104 1
10 111 1
10 114 1
10 125 1
11 16 1
11 19 1
11 20 1
11 21 1
11 24 1
11 25 1
11 30 1
11 45 1
11 47 1
11 55 1
11 67 1
11 68 1
11 83 1
11 91 1
11 102 1
11 111 1
11 121 1
11 123 1
12 13 1
12 18 1
12 20 1
12 24 1
12 32 1
12 43 1
12 55 1
12 57 1
12 60 1
12 70 1
12 73 1
12 85 1
12 86 1
12 88 1
12 97 1
12 100 1
12 105 1
12 106 1
12 110 1
12 111 1
12 113 1
12 115 1
12 121 1
13 38 1
13 51 1
13 56 1
13 62 1
13 70 1
13 71 1
13 82 1
13 83 1
13 89 1
13 103 1
13 118 1
13 121 1
13 125 1
13 126 1
13 128 1
14 19 1
14 25 1
14 31 1
14 41 1
14 42 1
14 43 1
14 47 1
14 53 1
14 55 1
14 56 1
14 78 1
14 81 1
14 84 1
14 92 1
14 94 1
14 101 1
14 107 1
14 114 1
14 117 1
14 121 1
15 24 1
15 47 1
15 55 1
15 64 1
15 72 1
15 73 1
15 77 1
15 95 1
15 97 1
15 104 1
15 114 1
15 115 1
15 123 1
16 19 1
16 22 1
16 27 1
16 34 1
16 45 1
16 47 1
16 49 1
16 52 1
16 64 1
16 66 1
16 70 1
16 71 1
16 72 1
16 80 1
16 82 1
16 87 1
16 88 1
16 96 1
16 104 1
16 107 1
16 108 1
16 116 1
17 23 1
17 25 1
17 36 1
17 49 1
17 50 1
17 56 1
17 61 1
17 62 1
17 65 1
17 79 1
17 81 1
17 84 1
17 89 1
17 90 1
17 94 1
17 95 1
17 96 1
17 97 1
17 99 1
17 101 1
17 104 1
17 111 1
17 116 1
17 119 1
17 120 1
17 123 1
18 20 1
18 34 1
18 42 1
18 53 1
18 54 1
18 73 1
18 76 1
18 89 1
18 104 1
19 20 1
19 23 1
19 30 1
19 31 1
19 34 1
19 44 1
19 48 1
19 53 1
19 59 1
19 67 1
19 75 1
19 81 1
19 82 1
19 89 1
19 91 1
19 96 1
19 104 1
19 110 1
19 112 1
19 119 1
20 23 1
20 24 1
20 25 1
20 31 1
20 37 1
20 38 1
20 39 1
20 43 1
20 44 1
20 52 1
20 55 1
20 61 1
20 63 1
20 77 1
20 79 1
20 81 1
20 84 1
20 97 1
20 98 1
20 103 1
20 104 1
20 112 1
20 124 1
20 129 1
21 22 1
21 32 1
21 34 1
21 37 1
21 38 1
21 41 1
21 45 1
21 47 1
21 67 1
21 70 1
21 80 1
21 83 1
21 85 1
21 86 1
21 102 1
21 103 1
21 113 1
21 114 1
21 115 1
21 120 1
22 26 1
22 30 1
22 33 1
22 34 1
22 38 1
22 54 1
22 58 1
22 69 1
22 70 1
22 79 1
22 80 1
22 83 1
22 85 1
22 115 1
22 124 1
22 127 1
23 25 1
23 28 1
23 29 1
23 57 1
23 58 1
23 64 1
23 66 1
23 73 1
23 88 1
23 91 1
23 98 1
23 112 1
23 117 1
23 128 1
24 27 1
24 40 1
24 51 1
24 55 1
24 62 1
24 65 1
24 83 1
24 86 1
24 94 1
24 97 1
24 102 1
24 105 1
24 117 1
24 118 1
24 120 1
25 37 1
25 38 1
25 66 1
25 69 1
25 70 1
25 72 1
25 82 1
25 87 1
25 90 1
25 92 1
25 94 1
25 104 1
25 106 1
25 107 1
25 115 1
25 117 1
26 37 1
26 40 1
26 44 1
26 46 1
26 47 1
26 56 1
26 57 1
26 63 1
26 64 1
26 67 1
26 73 1
26 80 1
26 88 1
26 97 1
26 109 1
26 111 1
26 117 1
26 123 1
26 127 1
26 129 1
27 28 1
27 30 1
27 31 1
27 43 1
27 52 1
27 67 1
27 70 1
27 73 1
27 75 1
27 76 1
27 88 1
27 100 1
27 101 1
27 119 1
27 126 1
27 128 1
28 29 1
28 32 1
28 33 1
28 48 1
28 53 1
28 58 1
28 65 1
28 68 1
28 71 1
28 77 1
28 78 1
28 79 1
28 99 1
28 106 1
28 117 1
28 129 1
29 58 1
29 68 1
29 79 1
29 80 1
29 96 1
29 115 1
29 116 1
29 122 1
29 126 1
30 34 1
30 40 1
30 43 1
30 45 1
30 62 1
30 92 1
30 98 1
30 102 1
30 109 1
30 116 1
30 125 1
30 129 1
31 33 1
31 34 1
31 35 1
31 37 1
31 38 1
31 39 1
31 52 1
31 57 1
31 70 1
31 76 1
31 92 1
31 97 1
31 98 1
31 104 1
31 107 1
31 108 1
31 119 1
31 122 1
31 126 1
32 34 1
32 35 1
32 37 1
32 41 1
32 47 1
32 49 1
32 51 1
32 71 1
32 83 1
32 90 1
32 91 1
32 93 1
32 98 1
32 101 1
32 102 1
32 103 1
32 109 1
32 112 1
32 116 1
32 117 1
33 37 1
33 39 1
33 43 1
33 62 1
33 65 1
33 84 1
33 87 1
33 104 1
33 115 1
33 118 1
33 120 1
33 125 1
34 35 1
34 37 1
34 46 1
34 47 1
34 49 1
34 57 1
34 59 1
34 60 1
34 62 1
34 65 1
34 84 1
34 88 1
34 90 1
34 94 1
34 97 1
34 101 1
34 106 1
34 111 1
34 114 1
34 121 1
35 36 1
35 48 1
35 50 1
35 57 1
35 61 1
35 75 1
35 80 1
35 82 1
35 84 1
35 90 1
35 95 1
35 102 1
35 104 1
35 121 1
35 127 1
36 38 1
36 40 1
36 45 1
36 52 1
36 65 1
36 69 1
36 71 1
36 86 1
36 90 1
36 97 1
36 99 1
36 118 1
36 121 1
37 38 1
37 53 1
37 56 1
37 57 1
37 62 1
37 64 1
37 79 1
37 88 1
37 101 1
37 104 1
37 110 1
37 114 1
37 127 1
38 59 1
38 61 1
38 65 1
38 73 1
38 81 1
38 84 1
38 87 1
38 96 1
38 98 1
38 111 1
38 113 1
38 116 1
38 119 1
38 124 1
38 125 1
38 128 1
39 41 1
39 47 1
39 54 1
39 71 1
39 75 1
39 76 1
39 81 1
39 85 1
39 86 1
39 87 1
39 89 1
39 94 1
39 100 1
39 104 1
39 113 1
40 43 1
40 46 1
40 51 1
40 59 1
40 61 1
40 68 1
40 87 1
40 89 1
40 92 1
40 97 1
40 110 1
40 114 1
40 122 1
40 125 1
41 55 1
41 82 1
41 84 1
41 87 1
41 91 1
41 106 1
42 48 1
42 52 1
42 54 1
42 95 1
42 97 1
42 98 1
42 114 1
42 119 1
42 122 1
42 129 1
43 53 1
43 67 1
43 68 1
43 70 1
43 79 1
43 102 1
43 107 1
43 111 1
43 116 1
43 117 1
43 127 1
44 47 1
44 50 1
44 51 1
44 62 1
44 67 1
44 71 1
44 79 1
44 87 1
44 91 1
44 103 1
45 62 1
45 66 1
45 78 1
45 85 1
45 91 1
45 100 1
45 101 1
45 120 1
46 48 1
46 57 1
46 62 1
46 80 1
46 87 1
46 89 1
46 93 1
46 97 1
46 101 1
46 106 1
46 112 1
46 114 1
46 120 1
46 129 1
47 52 1
47 54 1
47 69 1
47 78 1
47 81 1
47 93 1
47 104 1
47 116 1
47 129 1
48 56 1
48 65 1
48 73 1
48 93 1
48 103 1
48 108 1
48 109 1
48 110 1
48 111 1
48 117 1
48 119 1
49 63 1
49 72 1
49 73 1
49 75 1
49 87 1
49 90 1
49 92 1
49 97 1
49 103 1
49 105 1
49 106 1
49 128 1
50 51 1
50 56 1
50 59 1
50 63 1
50 65 1
50 66 1
50 71 1
50 80 1
50 82 1
50 83 1
50 86 1
50 91 1
50 101 1
50 106 1
50 113 1
50 123 1
51 56 1
51 71 1
51 82 1
51 87 1
51 90 1
51 93 1
51 97 1
51 101 1
51 104 1
51 116 1
52 54 1
52 57 1
52 60 1
52 65 1
52 68 1
52 73 1
52 89 1
52 100 1
52 105 1
52 107 1
52 109 1
52 112 1
52 116 1
52 125 1
53 58 1
53 61 1
53 67 1
53 71 1
53 75 1
53 76 1
53 79 1
53 81 1
53 96 1
53 104 1
53 113 1
53 124 1
53 128 1
54 62 1
54 63 1
54 73 1
54 80 1
54 81 1
54 87 1
54 88 1
54 92 1
54 105 1
54 110 1
54 114 1
54 119 1
54 120 1
55 56 1
55 58 1
55 61 1
55 68 1
55 74 1
55 75 1
55 77 1
55 79 1
55 80 1
55 82 1
55 93 1
55 97 1
55 112 1
55 120 1
55 121 1
55 123 1
55 129 1
56 64 1
56 67 1
56 105 1
56 106 1
56 121 1
56 128 1
57 62 1
57 67 1
57 68 1
57 74 1
57 83 1
57 84 1
57 85 1
57 94 1
57 96 1
57 97 1
57 98 1
57 99 1
57 106 1
57 117 1
58 75 1
58 82 1
58 87 1
58 88 1
58 93 1
58 95 1
58 99 1
58 116 1
58 119 1
58 123 1
59 61 1
59 66 1
59 79 1
59 88 1
59 104 1
59 105 1
59 110 1
59 115 1
59 117 1
59 120 1
60 75 1
60 83 1
60 90 1
60 94 1
60 99 1
60 101 1
60 118 1
60 120 1
61 65 1
61 73 1
61 74 1
61 76 1
61 78 1
61 80 1
61 89 1
61 91 1
61 92 1
61 104 1
61 105 1
61 108 1
61 109 1
61 121 1
62 68 1
62 83 1
62 90 1
62 91 1
62 92 1
62 96 1
62 113 1
62 120 1
62 126 1
62 127 1
63 65 1
63 66 1
63 71 1
63 114 1
63 116 1
63 118 1
64 71 1
64 78 1
64 81 1
64 86 1
64 88 1
64 89 1
64 95 1
64 104 1
64 105 1
64 107 1
64 113 1
64 114 1
64 128 1
65 66 1
65 74 1
65 82 1
65 84 1
65 91 1
65 100 1
65 124 1
65 126 1
66 95 1
66 101 1
66 102 1
66 108 1
66 112 1
66 118 1
66 121 1
67 74 1
67 82 1
67 91 1
67 109 1
67 115 1
67 123 1
67 126 1
68 70 1
68 73 1
68 92 1
68 95 1
68 96 1
68 100 1
68 114 1
68 126 1
68 127 1
69 71 1
69 74 1
69 76 1
69 83 1
69 87 1
69 97 1
69 105 1
69 121 1
69 129 1
70 95 1
70 101 1
70 119 1
70 120 1
70 123 1
71 72 1
71 73 1
71 78 1
71 80 1
71 91 1
71 95 1
71 98 1
71 99 1
71 101 1
71 115 1
71 116 1
71 124 1
72 73 1
72 80 1
72 82 1
72 89 1
72 99 1
72 121 1
72 123 1
72 126 1
72 129 1
73 74 1
73 81 1
73 96 1
73 122 1
73 127 1
73 128 1
74 83 1
74 103 1
74 117 1
75 84 1
75 88 1
75 90 1
75 91 1
75 94 1
75 95 1
75 116 1
75 120 1
75 127 1
76 84 1
76 92 1
76 100 1
76 101 1
76 105 1
76 108 1
76 114 1
76 118 1
76 125 1
77 100 1
77 113 1
77 116 1
77 126 1
78 80 1
78 103 1
79 80 1
79 84 1
79 86 1
79 100 1
79 107 1
79 110 1
79 114 1
79 117 1
79 127 1
79 128 1
80 81 1
80 85 1
80 88 1
80 89 1
80 93 1
80 95 1
80 98 1
80 110 1
80 122 1
80 124 1
80 126 1
80 127 1
81 82 1
81 90 1
81 91 1
81 99 1
82 92 1
82 103 1
82 120 1
83 84 1
83 86 1
83 92 1
83 97 1
83 99 1
83 110 1
83 111 1
83 120 1
83 121 1
83 122 1
83 127 1
84 86 1
84 90 1
84 92 1
84 93 1
84 96 1
84 98 1
84 99 1
84 107 1
84 113 1
84 116 1
84 124 1
85 109 1
85 114 1
85 121 1
86 87 1
86 89 1
86 90 1
86 94 1
86 99 1
86 103 1
86 111 1
86 120 1
86 122 1
87 88 1
87 99 1
87 106 1
87 109 1
87 114 1
87 116 1
87 126 1
87 127 1
88 89 1
88 90 1
88 95 1
88 100 1
88 105 1
88 127 1
89 106 1
89 113 1
89 125 1
90 100 1
90 117 1
90 128 1
91 95 1
91 103 1
91 106 1
91 110 1
91 111 1
92 98 1
92 99 1
92 107 1
92 112 1
92 116 1
92 117 1
92 126 1
92 127 1
93 101 1
93 114 1
93 119 1
94 114 1
94 115 1
94 121 1
94 122 1
94 129 1
95 119 1
96 99 1
96 111 1
96 124 1
97 104 1
97 107 1
97 109 1
97 117 1
97 120 1
97 129 1
98 109 1
98 113 1
98 121 1
98 129 1
99 100 1
99 102 1
99 103 1
99 105 1
99 106 1
99 107 1
99 122 1
99 126 1
99 127 1
100 102 1
100 105 1
100 109 1
100 123 1
101 104 1
101 107 1
101 112 1
101 115 1
101 121 1
101 122 1
101 123 1
101 127 1
101 128 1
101 129 1
102 112 1
102 122 1
103 104 1
103 105 1
103 111 1
103 124 1
103 128 1
104 105 1
104 115 1
104 124 1
104 128 1
105 117 1
105 123 1
105 126 1
105 127 1
106 111 1
106 120 1
106 125 1
107 108 1
107 111 1
107 117 1
108 116 1
108 118 1
108 124 1
108 128 1
109 121 1
110 111 1
110 118 1
110 127 1
111 114 1
111 116 1
111 119 1
111 122 1
111 123 1
111 124 1
111 128 1
111 129 1
112 119 1
112 129 1
113 117 1
113 118 1
113 129 1
115 121 1
115 126 1
115 127 1
115 129 1
116 117 1
116 119 1
116 120 1
116 122 1
117 122 1
117 127 1
121 123 1
121 125 1
122 124 1
128 129 1
1
121 59 67 29 114 106 82 91 103 74 80 96 66
