1472
0 1 1
0 2 1
0 3 1
0 4 1
0 18 1
0 23 1
0 53 1
0 56 1
0 61 1
0 63 1
0 68 1
0 79 1
0 81 1
0 96 1
0 100 1
0 114 1
0 115 1
0 121 1
0 124 1
0 130 1
0 131 1
0 138 1
0 146 1
0 147 1
1 2 1
1 12 1
1 20 1
1 29 1
1 39 1
1 46 1
1 53 1
1 55 1
1 56 1
1 64 1
1 65 1
1 68 1
1 70 1
1 71 1
1 81 1
1 100 1
1 106 1
1 109 1
1 114 1
1 115 1
1 118 1
1 126 1
1 139 1
1 147 1
2 29 1
2 37 1
2 47 1
2 52 1
2 58 1
2 65 1
2 89 1
2 97 1
2 99 1
2 107 1
2 116 1
2 123 1
2 140 1
2 144 1
3 10 1
3 31 1
3 55 1
3 66 1
3 72 1
3 87 1
3 93 1
3 99 1
3 117 1
3 126 1
3 129 1
3 144 1
4 13 1
4 19 1
4 30 1
4 49 1
4 56 1
4 62 1
4 73 1
4 82 1
4 86 1
4 92 1
4 93 1
4 95 1
4 103 1
4 104 1
4 111 1
4 117 1
4 128 1
4 129 1
4 135 1
4 140 1
4 148 1
5 12 1
5 16 1
5 19 1
5 20 1
5 30 1
5 39 1
5 43 1
5 48 1
5 52 1
5 53 1
5 56 1
5 66 1
5 73 1
5 74 1
5 79 1
5 86 1
5 89 1
5 107 1
5 113 1
5 119 1
5 136 1
5 142 1
5 143 1
6 22 1
6 24 1
6 43 1
6 74 1
6 86 1
6 107 1
6 111 1
6 119 1
6 122 1
6 125 1
6 127 1
7 9 1
7 25 1
7 26 1
7 30 1
7 49 1
7 50 1
7 52 1
7 62 1
7 67 1
7 70 1
7 82 1
7 86 1
7 92 1
7 119 1
7 127 1
7 134 1
7 143 1
8 11 1
8 19 1
8 32 1
8 39 1
8 42 1
8 62 1
8 68 1
8 92 1
8 100 1
8 109 1
8 111 1
8 123 1
8 134 1
8 137 1
9 15 1
9 20 1
9 22 1
9 25 1
9 30 1
9 31 1
9 49 1
9 54 1
9 66 1
9 67 1
9 84 1
9 85 1
9 114 1
9 115 1
9 119 1
9 126 1
9 132 1
9 138 1
9 149 1
10 16 1
10 19 1
10 20 1
10 24 1
10 39 1
10 64 1
10 69 1
10 71 1
10 72 1
10 84 1
10 85 1
10 86 1
10 87 1
10 100 1
10 115 1
10 119 1
10 122 1
10 123 1
10 126 1
10 136 1
10 140 1
10 145 1
11 26 1
11 36 1
11 50 1
11 54 1
11 72 1
11 76 1
11 78 1
11 89 1
11 92 1
11 97 1
11 105 1
11 113 1
11 116 1
11 118 1
11 122 1
11 123 1
11 124 1
11 138 1
11 146 1
12 16 1
12 22 1
12 23 1
12 47 1
12 49 1
12 55 1
12 66 1
12 71 1
12 72 1
12 74 1
12 77 1
12 99 1
12 101 1
12 108 1
12 115 1
12 117 1
12 121 1
12 127 1
12 129 1
12 130 1
12 132 1
13 15 1
13 18 1
13 22 1
13 25 1
13 29 1
13 31 1
13 33 1
13 34 1
13 55 1
13 57 1
13 62 1
13 80 1
13 92 1
13 95 1
13 116 1
13 136 1
13 141 1
13 144 1
13 145 1
13 146 1
14 23 1
14 45 1
14 57 1
14 61 1
14 66 1
14 78 1
14 88 1
14 94 1
14 101 1
14 107 1
14 114 1
14 121 1
14 131 1
15 17 1
15 18 1
15 21 1
15 27 1
15 30 1
15 38 1
15 48 1
15 88 1
15 127 1
15 129 1
15 136 1
16 32 1
16 38 1
16 39 1
16 45 1
16 52 1
16 61 1
16 63 1
16 68 1
16 78 1
16 84 1
16 94 1
16 99 1
16 113 1
16 116 1
16 122 1
16 124 1
16 139 1
16 141 1
16 146 1
17 20 1
17 31 1
17 37 1
17 40 1
17 44 1
17 64 1
17 79 1
17 96 1
17 102 1
17 104 1
17 108 1
17 112 1
17 117 1
17 119 1
17 120 1
17 126 1
17 131 1
17 141 1
18 21 1
18 36 1
18 41 1
18 47 1
18 48 1
18 50 1
18 52 1
18 61 1
18 82 1
18 85 1
18 105 1
18 108 1
18 131 1
18 139 1
19 36 1
19 42 1
19 51 1
19 59 1
19 63 1
19 72 1
19 75 1
19 76 1
19 100 1
19 126 1
19 127 1
19 140 1
19 144 1
19 145 1
20 22 1
20 32 1
20 34 1
20 35 1
20 37 1
20 43 1
20 44 1
20 47 1
20 55 1
20 58 1
20 65 1
20 67 1
20 69 1
20 74 1
20 76 1
20 77 1
20 85 1
20 92 1
20 97 1
20 110 1
20 131 1
20 132 1
20 133 1
20 136 1
20 142 1
20 143 1
21 22 1
21 26 1
21 33 1
21 36 1
21 42 1
21 49 1
21 60 1
21 64 1
21 65 1
21 68 1
21 71 1
21 73 1
21 74 1
21 80 1
21 85 1
21 94 1
21 96 1
21 102 1
21 103 1
21 119 1
21 122 1
21 130 1
21 134 1
21 135 1
21 146 1
22 71 1
22 73 1
22 94 1
22 106 1
22 127 1
22 133 1
22 134 1
22 141 1
22 142 1
23 25 1
23 30 1
23 66 1
23 67 1
23 81 1
23 84 1
23 86 1
23 88 1
23 89 1
23 123 1
23 128 1
23 148 1
24 33 1
24 57 1
24 59 1
24 74 1
24 89 1
24 98 1
24 104 1
24 105 1
24 126 1
24 128 1
24 137 1
24 147 1
25 26 1
25 32 1
25 43 1
25 49 1
25 52 1
25 54 1
25 56 1
25 66 1
25 67 1
25 72 1
25 76 1
25 78 1
25 79 1
25 100 1
25 105 1
25 107 1
25 122 1
25 128 1
25 131 1
25 133 1
25 134 1
25 149 1
26 28 1
26 31 1
26 49 1
26 51 1
26 70 1
26 73 1
26 75 1
26 82 1
26 89 1
26 93 1
26 98 1
26 109 1
26 118 1
26 143 1
26 145 1
27 35 1
27 46 1
27 51 1
27 55 1
27 58 1
27 61 1
27 69 1
27 74 1
27 91 1
27 120 1
27 122 1
27 131 1
27 143 1
28 39 1
28 55 1
28 76 1
28 79 1
28 98 1
28 108 1
28 137 1
29 34 1
29 56 1
29 86 1
29 88 1
29 97 1
29 99 1
29 110 1
29 118 1
29 123 1
29 130 1
29 139 1
29 143 1
30 33 1
30 34 1
30 45 1
30 46 1
30 53 1
30 55 1
30 59 1
30 70 1
30 76 1
30 77 1
30 78 1
30 82 1
30 90 1
30 95 1
30 111 1
30 113 1
30 121 1
30 140 1
30 141 1
31 35 1
31 45 1
31 50 1
31 56 1
31 68 1
31 81 1
31 99 1
31 103 1
31 110 1
31 140 1
31 147 1
32 37 1
32 68 1
32 70 1
32 77 1
32 82 1
32 87 1
32 88 1
32 89 1
32 108 1
32 109 1
32 112 1
32 114 1
32 122 1
32 127 1
32 129 1
32 138 1
32 147 1
33 35 1
33 40 1
33 45 1
33 58 1
33 66 1
33 67 1
33 72 1
33 84 1
33 85 1
33 86 1
33 91 1
33 107 1
33 119 1
33 146 1
33 147 1
34 35 1
34 36 1
34 41 1
34 49 1
34 63 1
34 75 1
34 84 1
34 96 1
34 101 1
34 113 1
34 123 1
34 126 1
34 133 1
34 144 1
34 145 1
35 39 1
35 40 1
35 47 1
35 48 1
35 51 1
35 56 1
35 61 1
35 68 1
35 75 1
35 76 1
35 93 1
35 94 1
35 96 1
35 100 1
35 123 1
35 128 1
35 140 1
35 148 1
36 37 1
36 59 1
36 80 1
36 81 1
36 82 1
36 83 1
36 116 1
36 120 1
36 123 1
37 51 1
37 56 1
37 59 1
37 62 1
37 63 1
37 72 1
37 73 1
37 75 1
37 76 1
37 85 1
37 89 1
37 104 1
37 107 1
37 115 1
37 149 1
38 42 1
38 44 1
38 49 1
38 53 1
38 59 1
38 68 1
38 71 1
38 84 1
38 90 1
38 94 1
38 104 1
38 144 1
39 53 1
39 57 1
39 59 1
39 78 1
39 81 1
39 82 1
39 93 1
39 111 1
39 132 1
39 135 1
39 141 1
39 143 1
40 51 1
40 52 1
40 53 1
40 54 1
40 55 1
40 64 1
40 67 1
40 79 1
40 83 1
40 86 1
40 92 1
40 106 1
40 123 1
40 148 1
41 51 1
41 60 1
41 61 1
41 63 1
41 64 1
41 66 1
41 69 1
41 77 1
41 81 1
41 82 1
41 83 1
41 91 1
41 93 1
41 98 1
41 100 1
41 101 1
41 111 1
41 118 1
41 119 1
41 125 1
41 127 1
41 131 1
41 137 1
41 148 1
42 50 1
42 51 1
42 65 1
42 71 1
42 74 1
42 92 1
42 107 1
42 120 1
42 122 1
42 131 1
42 135 1
42 145 1
42 147 1
43 44 1
43 46 1
43 56 1
43 74 1
43 82 1
43 86 1
43 89 1
43 95 1
43 105 1
43 108 1
43 120 1
43 125 1
43 126 1
43 128 1
43 130 1
43 137 1
43 146 1
44 48 1
44 49 1
44 59 1
44 61 1
44 65 1
44 73 1
44 74 1
44 77 1
44 78 1
44 94 1
44 101 1
44 106 1
44 107 1
44 126 1
44 144 1
45 46 1
45 52 1
45 53 1
45 60 1
45 69 1
45 72 1
45 81 1
45 90 1
45 103 1
45 137 1
45 140 1
46 48 1
46 70 1
46 76 1
46 79 1
46 98 1
46 115 1
46 123 1
46 124 1
47 51 1
47 54 1
47 64 1
47 66 1
47 68 1
47 77 1
47 78 1
47 84 1
47 89 1
47 109 1
47 118 1
47 122 1
47 126 1
47 137 1
47 141 1
48 50 1
48 55 1
48 65 1
48 68 1
48 69 1
48 72 1
48 78 1
48 84 1
48 92 1
48 95 1
48 110 1
48 115 1
48 130 1
48 133 1
48 142 1
49 70 1
49 73 1
49 86 1
49 92 1
49 94 1
49 114 1
49 119 1
49 124 1
49 125 1
49 133 1
49 140 1
49 142 1
50 56 1
50 67 1
50 75 1
50 99 1
50 104 1
50 111 1
50 112 1
50 128 1
50 138 1
50 139 1
50 142 1
51 54 1
51 56 1
51 73 1
51 75 1
51 86 1
51 96 1
51 102 1
51 109 1
51 117 1
51 122 1
51 125 1
51 149 1
52 54 1
52 57 1
52 64 1
52 68 1
52 70 1
52 78 1
52 84 1
52 93 1
52 94 1
52 98 1
52 103 1
52 107 1
52 120 1
52 126 1
52 131 1
52 146 1
52 149 1
53 56 1
53 71 1
53 74 1
53 83 1
53 91 1
53 101 1
53 105 1
53 107 1
53 112 1
53 119 1
53 126 1
53 135 1
53 138 1
53 140 1
53 146 1
54 64 1
54 75 1
54 80 1
54 86 1
54 92 1
54 101 1
54 104 1
54 105 1
54 107 1
54 114 1
54 124 1
54 134 1
54 146 1
55 59 1
55 61 1
55 69 1
55 72 1
55 78 1
55 83 1
55 93 1
55 111 1
55 114 1
55 118 1
55 124 1
55 126 1
55 134 1
55 135 1
55 136 1
56 59 1
56 65 1
56 68 1
56 69 1
56 72 1
56 77 1
56 78 1
56 87 1
56 96 1
56 100 1
56 117 1
56 138 1
56 144 1
56 145 1
56 148 1
57 75 1
57 81 1
57 82 1
57 88 1
57 101 1
57 110 1
57 133 1
57 140 1
57 149 1
58 78 1
58 79 1
58 89 1
58 97 1
58 103 1
58 107 1
58 110 1
58 147 1
59 64 1
59 65 1
59 82 1
59 84 1
59 96 1
59 97 1
59 98 1
59 100 1
59 101 1
59 120 1
59 126 1
59 138 1
59 142 1
60 70 1
60 71 1
60 74 1
60 77 1
60 85 1
60 92 1
60 99 1
60 116 1
60 117 1
60 119 1
60 129 1
60 134 1
60 145 1
61 65 1
61 98 1
61 106 1
61 123 1
61 128 1
61 131 1
61 132 1
62 71 1
62 76 1
62 83 1
62 85 1
62 87 1
62 100 1
62 102 1
62 109 1
62 126 1
62 134 1
62 146 1
63 65 1
63 67 1
63 71 1
63 75 1
63 76 1
63 79 1
63 84 1
63 95 1
63 97 1
63 99 1
63 109 1
63 113 1
63 118 1
63 120 1
63 124 1
63 148 1
64 67 1
64 69 1
64 74 1
64 77 1
64 78 1
64 80 1
64 82 1
64 87 1
64 97 1
64 98 1
64 103 1
64 108 1
64 111 1
64 115 1
64 128 1
64 142 1
64 145 1
65 68 1
65 82 1
65 86 1
65 100 1
65 104 1
65 109 1
65 120 1
65 125 1
65 126 1
65 131 1
65 135 1
65 138 1
65 139 1
66 115 1
66 116 1
66 136 1
67 72 1
67 75 1
67 76 1
67 80 1
67 92 1
67 97 1
67 107 1
67 108 1
67 117 1
67 124 1
67 127 1
67 133 1
67 145 1
67 147 1
67 149 1
68 70 1
68 78 1
68 85 1
68 88 1
68 92 1
68 98 1
68 101 1
68 105 1
68 108 1
68 112 1
68 126 1
68 128 1
69 87 1
69 89 1
69 95 1
69 103 1
69 121 1
69 128 1
69 142 1
69 144 1
70 96 1
70 100 1
70 103 1
70 106 1
70 109 1
70 116 1
70 138 1
71 73 1
71 74 1
71 80 1
71 85 1
71 87 1
71 96 1
71 100 1
71 132 1
71 133 1
72 84 1
72 94 1
72 100 1
72 112 1
72 115 1
72 127 1
72 130 1
72 137 1
73 82 1
73 87 1
73 89 1
73 97 1
73 106 1
73 113 1
73 115 1
73 130 1
73 134 1
73 135 1
73 136 1
73 144 1
74 86 1
74 87 1
74 88 1
74 100 1
74 109 1
74 110 1
74 120 1
74 121 1
74 128 1
74 134 1
74 138 1
74 148 1
75 76 1
75 79 1
75 83 1
75 86 1
75 102 1
75 107 1
75 110 1
75 124 1
75 131 1
75 135 1
76 82 1
76 85 1
76 95 1
76 103 1
76 109 1
76 145 1
76 147 1
77 87 1
77 91 1
77 96 1
77 105 1
77 113 1
77 119 1
77 122 1
77 123 1
77 134 1
77 140 1
77 143 1
78 80 1
78 81 1
78 85 1
78 100 1
78 101 1
78 103 1
78 107 1
78 120 1
78 121 1
78 130 1
78 132 1
79 83 1
79 88 1
79 90 1
79 93 1
79 94 1
79 95 1
79 99 1
79 104 1
79 119 1
79 128 1
79 131 1
79 133 1
79 134 1
79 136 1
79 138 1
79 139 1
79 142 1
80 91 1
80 99 1
80 104 1
80 109 1
80 135 1
80 138 1
80 144 1
81 85 1
81 89 1
81 90 1
81 98 1
81 107 1
81 109 1
81 113 1
81 117 1
81 126 1
81 140 1
82 93 1
82 97 1
82 106 1
82 111 1
82 114 1
82 115 1
82 116 1
82 118 1
82 124 1
82 126 1
82 129 1
82 138 1
82 141 1
82 147 1
83 89 1
83 97 1
83 105 1
83 106 1
83 107 1
83 112 1
83 127 1
83 135 1
83 142 1
84 85 1
84 86 1
84 90 1
84 96 1
84 98 1
84 99 1
84 100 1
84 102 1
84 106 1
84 108 1
84 109 1
84 115 1
84 129 1
84 131 1
84 144 1
85 86 1
85 92 1
85 98 1
85 103 1
85 113 1
85 121 1
85 137 1
85 148 1
86 87 1
86 93 1
86 102 1
86 107 1
86 113 1
86 123 1
86 129 1
86 145 1
86 147 1
87 90 1
87 93 1
87 100 1
87 103 1
87 111 1
87 116 1
87 130 1
87 137 1
87 142 1
87 145 1
87 148 1
88 96 1
88 106 1
88 115 1
89 91 1
89 105 1
89 107 1
89 114 1
89 134 1
89 135 1
89 139 1
89 145 1
90 101 1
90 124 1
90 127 1
90 128 1
91 95 1
91 103 1
91 109 1
91 119 1
91 124 1
91 127 1
91 137 1
91 144 1
91 145 1
91 147 1
92 102 1
92 105 1
92 106 1
92 111 1
92 113 1
92 124 1
92 128 1
92 139 1
92 146 1
93 100 1
93 101 1
93 105 1
93 118 1
93 142 1
93 143 1
93 144 1
94 95 1
94 109 1
94 112 1
94 114 1
94 122 1
94 126 1
94 129 1
94 130 1
94 132 1
94 143 1
95 97 1
95 105 1
95 108 1
95 114 1
95 132 1
95 141 1
96 100 1
96 110 1
96 144 1
96 146 1
97 101 1
97 103 1
97 107 1
97 109 1
97 112 1
97 113 1
97 114 1
97 120 1
97 122 1
97 125 1
97 127 1
97 128 1
97 134 1
97 148 1
98 111 1
98 112 1
98 114 1
98 116 1
98 127 1
98 134 1
98 142 1
98 144 1
99 101 1
99 103 1
99 105 1
99 112 1
99 113 1
99 118 1
99 132 1
99 136 1
99 141 1
99 143 1
100 112 1
100 113 1
100 118 1
100 121 1
100 132 1
100 133 1
100 136 1
100 140 1
100 142 1
100 143 1
100 149 1
101 109 1
101 122 1
101 125 1
101 128 1
101 138 1
101 142 1
102 106 1
102 130 1
102 139 1
103 110 1
103 114 1
103 117 1
103 130 1
103 141 1
103 144 1
103 146 1
104 116 1
104 126 1
104 130 1
104 133 1
105 111 1
105 136 1
105 139 1
105 141 1
105 146 1
105 148 1
106 107 1
106 108 1
106 118 1
106 120 1
106 131 1
106 137 1
106 140 1
107 127 1
107 137 1
108 120 1
108 124 1
108 132 1
108 138 1
108 144 1
109 113 1
109 118 1
109 119 1
109 127 1
109 142 1
109 145 1
110 115 1
110 124 1
111 112 1
111 127 1
111 136 1
111 141 1
112 128 1
112 132 1
113 116 1
113 126 1
113 139 1
113 140 1
113 148 1
114 118 1
114 122 1
114 129 1
114 143 1
115 116 1
115 121 1
115 124 1
115 139 1
115 149 1
116 119 1
116 127 1
116 134 1
116 135 1
116 136 1
116 137 1
116 147 1
117 127 1
117 130 1
117 131 1
117 144 1
118 120 1
118 126 1
118 127 1
118 137 1
119 121 1
119 128 1
120 126 1
120 130 1
120 133 1
120 136 1
120 139 1
120 149 1
121 125 1
121 129 1
121 131 1
121 139 1
121 141 1
121 144 1
122 125 1
122 127 1
122 134 1
123 144 1
124 125 1
124 139 1
124 141 1
125 130 1
125 141 1
125 145 1
125 147 1
127 131 1
127 144 1
127 146 1
128 131 1
128 135 1
128 149 1
129 133 1
130 133 1
130 144 1
131 138 1
131 141 1
131 146 1
132 134 1
132 135 1
132 148 1
133 136 1
134 141 1
134 147 1
135 137 1
135 145 1
135 146 1
135 147 1
136 149 1
137 148 1
138 140 1
138 149 1
139 142 1
140 143 1
140 148 1
141 145 1
141 146 1
141 148 1
141 149 1
142 147 1
143 147 1
143 149 1
144 147 1
144 148 1
144 149 1
147 148 1
1
103 45 2 91 80 54 137 147 73 89 148 139 55 113 93
