1388
0 24 1
0 58 1
0 82 1
0 90 1
0 92 1
0 93 1
0 94 1
0 99 1
0 100 1
0 106 1
0 109 1
0 127 1
0 128 1
1 3 1
1 9 1
1 14 1
1 20 1
1 25 1
1 37 1
1 43 1
1 53 1
1 55 1
1 56 1
1 57 1
1 64 1
1 66 1
1 79 1
1 87 1
1 89 1
1 106 1
1 136 1
2 8 1
2 12 1
2 19 1
2 20 1
2 22 1
2 28 1
2 36 1
2 39 1
2 49 1
2 58 1
2 60 1
2 70 1
2 77 1
2 81 1
2 84 1
2 90 1
2 95 1
2 98 1
2 101 1
2 106 1
2 108 1
2 117 1
2 124 1
2 129 1
2 132 1
2 134 1
2 138 1
3 8 1
3 18 1
3 21 1
3 25 1
3 38 1
3 45 1
3 51 1
3 59 1
3 91 1
3 119 1
3 123 1
3 126 1
3 128 1
3 132 1
3 138 1
4 6 1
4 7 1
4 30 1
4 32 1
4 39 1
4 42 1
4 48 1
4 67 1
4 70 1
4 86 1
4 88 1
4 92 1
4 96 1
4 98 1
4 102 1
4 104 1
4 108 1
4 116 1
4 122 1
5 7 1
5 12 1
5 26 1
5 44 1
5 45 1
5 48 1
5 50 1
5 51 1
5 59 1
5 63 1
5 70 1
5 73 1
5 81 1
5 92 1
5 103 1
5 109 1
5 110 1
5 122 1
5 132 1
5 138 1
6 12 1
6 21 1
6 23 1
6 25 1
6 38 1
6 51 1
6 75 1
6 78 1
6 81 1
6 82 1
6 87 1
6 89 1
6 93 1
6 103 1
6 105 1
6 117 1
6 119 1
7 18 1
7 23 1
7 24 1
7 25 1
7 30 1
7 37 1
7 39 1
7 62 1
7 65 1
7 73 1
7 74 1
7 91 1
7 100 1
7 108 1
7 111 1
7 118 1
7 120 1
7 122 1
7 126 1
7 127 1
8 15 1
8 46 1
8 53 1
8 63 1
8 67 1
8 85 1
8 89 1
8 92 1
8 93 1
8 94 1
8 95 1
8 102 1
8 108 1
8 112 1
8 119 1
8 122 1
8 130 1
8 138 1
9 28 1
9 32 1
9 40 1
9 41 1
9 49 1
9 57 1
9 66 1
9 71 1
9 81 1
9 82 1
9 84 1
9 95 1
9 96 1
9 106 1
9 107 1
9 108 1
9 112 1
9 114 1
9 116 1
9 128 1
9 130 1
9 131 1
10 11 1
10 13 1
10 19 1
10 30 1
10 38 1
10 44 1
10 46 1
10 48 1
10 54 1
10 55 1
10 62 1
10 72 1
10 79 1
10 81 1
10 90 1
10 98 1
10 102 1
10 121 1
10 132 1
10 137 1
11 12 1
11 15 1
11 31 1
11 32 1
11 33 1
11 37 1
11 43 1
11 46 1
11 54 1
11 62 1
11 63 1
11 66 1
11 67 1
11 68 1
11 69 1
11 72 1
11 92 1
11 96 1
11 100 1
11 103 1
11 133 1
11 135 1
11 138 1
11 139 1
12 15 1
12 21 1
12 26 1
12 44 1
12 45 1
12 46 1
12 54 1
12 56 1
12 60 1
12 67 1
12 81 1
12 92 1
12 99 1
12 105 1
12 115 1
12 119 1
12 129 1
12 133 1
13 24 1
13 26 1
13 52 1
13 55 1
13 59 1
13 67 1
13 70 1
13 72 1
13 76 1
13 80 1
13 81 1
13 86 1
13 95 1
13 97 1
13 98 1
13 100 1
13 103 1
13 119 1
13 132 1
14 23 1
14 25 1
14 32 1
14 37 1
14 42 1
14 48 1
14 49 1
14 54 1
14 55 1
14 73 1
14 89 1
14 95 1
14 96 1
14 100 1
14 101 1
14 104 1
14 122 1
14 125 1
14 137 1
15 34 1
15 47 1
15 53 1
15 64 1
15 80 1
15 81 1
15 84 1
15 86 1
15 100 1
15 105 1
15 106 1
15 114 1
15 115 1
15 120 1
15 125 1
15 137 1
15 138 1
16 20 1
16 35 1
16 42 1
16 47 1
16 56 1
16 59 1
16 70 1
16 77 1
16 81 1
16 98 1
16 99 1
16 101 1
16 105 1
16 108 1
16 111 1
16 121 1
16 124 1
17 36 1
17 46 1
17 52 1
17 54 1
17 63 1
17 66 1
17 68 1
17 69 1
17 78 1
17 93 1
17 107 1
17 121 1
18 31 1
18 34 1
18 39 1
18 46 1
18 55 1
18 60 1
18 82 1
18 94 1
18 104 1
18 110 1
18 117 1
19 20 1
19 32 1
19 36 1
19 42 1
19 54 1
19 57 1
19 59 1
19 77 1
19 81 1
19 86 1
19 92 1
19 97 1
19 111 1
19 127 1
20 26 1
20 31 1
20 36 1
20 48 1
20 50 1
20 59 1
20 65 1
20 69 1
20 77 1
20 79 1
20 83 1
20 87 1
20 88 1
20 100 1
20 104 1
20 107 1
20 112 1
20 115 1
21 31 1
21 32 1
21 35 1
21 36 1
21 39 1
21 45 1
21 48 1
21 59 1
21 63 1
21 83 1
21 86 1
21 95 1
21 101 1
21 104 1
21 111 1
21 114 1
21 128 1
21 135 1
22 23 1
22 37 1
22 41 1
22 43 1
22 48 1
22 50 1
22 56 1
22 66 1
22 73 1
22 74 1
22 77 1
22 81 1
22 84 1
22 86 1
22 111 1
22 112 1
22 122 1
22 127 1
22 136 1
22 139 1
23 30 1
23 50 1
23 73 1
23 74 1
23 78 1
23 87 1
23 102 1
23 113 1
23 119 1
23 121 1
23 125 1
23 136 1
24 31 1
24 32 1
24 36 1
24 42 1
24 47 1
24 52 1
24 53 1
24 64 1
24 75 1
24 76 1
24 83 1
24 88 1
24 97 1
24 105 1
24 106 1
24 109 1
24 111 1
24 114 1
24 135 1
25 29 1
25 31 1
25 33 1
25 35 1
25 38 1
25 44 1
25 71 1
25 88 1
25 101 1
25 109 1
25 110 1
25 112 1
25 136 1
26 46 1
26 47 1
26 50 1
26 62 1
26 63 1
26 70 1
26 71 1
26 72 1
26 75 1
26 82 1
26 85 1
26 113 1
26 114 1
26 115 1
26 137 1
26 139 1
27 39 1
27 42 1
27 64 1
27 74 1
27 78 1
27 79 1
27 80 1
27 81 1
27 85 1
27 93 1
27 99 1
27 116 1
27 121 1
27 122 1
27 123 1
27 130 1
27 137 1
27 139 1
28 38 1
28 60 1
28 72 1
28 80 1
28 82 1
28 84 1
28 90 1
28 96 1
28 111 1
28 131 1
28 135 1
28 136 1
29 30 1
29 37 1
29 44 1
29 45 1
29 55 1
29 61 1
29 62 1
29 71 1
29 76 1
29 92 1
29 97 1
29 102 1
29 110 1
29 116 1
29 120 1
29 122 1
29 123 1
29 127 1
29 129 1
29 136 1
30 55 1
30 61 1
30 75 1
30 79 1
30 82 1
30 87 1
30 90 1
30 92 1
30 99 1
30 103 1
30 105 1
30 122 1
31 32 1
31 35 1
31 45 1
31 51 1
31 64 1
31 65 1
31 66 1
31 70 1
31 72 1
31 73 1
31 103 1
31 105 1
31 111 1
31 115 1
31 116 1
31 119 1
31 121 1
31 127 1
31 130 1
31 138 1
32 35 1
32 37 1
32 53 1
32 57 1
32 83 1
32 86 1
32 87 1
32 94 1
32 95 1
32 97 1
32 116 1
32 120 1
32 121 1
32 122 1
32 129 1
32 133 1
32 135 1
33 43 1
33 50 1
33 54 1
33 65 1
33 72 1
33 78 1
33 80 1
33 90 1
33 91 1
33 92 1
33 101 1
33 110 1
33 116 1
33 118 1
33 138 1
34 42 1
34 46 1
34 48 1
34 55 1
34 67 1
34 72 1
34 84 1
34 92 1
34 107 1
34 108 1
34 110 1
34 111 1
34 115 1
34 117 1
34 122 1
34 138 1
35 41 1
35 42 1
35 51 1
35 57 1
35 75 1
35 81 1
35 82 1
35 87 1
35 96 1
35 120 1
35 121 1
35 131 1
35 136 1
36 56 1
36 68 1
36 71 1
36 81 1
36 83 1
36 90 1
36 114 1
36 123 1
36 125 1
36 128 1
36 130 1
36 136 1
37 38 1
37 43 1
37 45 1
37 78 1
37 82 1
37 86 1
37 87 1
37 94 1
37 99 1
37 110 1
37 116 1
37 126 1
37 133 1
38 43 1
38 49 1
38 51 1
38 57 1
38 61 1
38 62 1
38 67 1
38 70 1
38 79 1
38 81 1
38 84 1
38 85 1
38 90 1
38 91 1
38 94 1
38 101 1
38 117 1
38 121 1
38 126 1
39 78 1
39 82 1
39 84 1
39 90 1
39 92 1
39 101 1
39 104 1
39 130 1
39 137 1
39 138 1
40 54 1
40 65 1
40 71 1
40 96 1
40 97 1
40 98 1
40 113 1
40 126 1
40 131 1
41 42 1
41 47 1
41 48 1
41 72 1
41 82 1
41 87 1
41 88 1
41 89 1
41 92 1
41 95 1
41 101 1
41 102 1
41 104 1
41 115 1
41 118 1
41 126 1
42 56 1
42 59 1
42 62 1
42 73 1
42 84 1
42 91 1
42 96 1
42 98 1
42 100 1
42 106 1
42 111 1
42 117 1
42 121 1
42 123 1
42 124 1
42 127 1
42 128 1
42 129 1
42 132 1
43 48 1
43 58 1
43 62 1
43 64 1
43 74 1
43 79 1
43 84 1
43 85 1
43 86 1
43 100 1
43 101 1
43 107 1
43 108 1
43 110 1
43 114 1
43 120 1
43 123 1
43 128 1
43 129 1
43 132 1
43 134 1
44 47 1
44 53 1
44 57 1
44 72 1
44 79 1
44 98 1
44 106 1
44 111 1
44 112 1
44 115 1
44 118 1
44 126 1
45 72 1
45 76 1
45 77 1
45 82 1
45 84 1
45 90 1
45 98 1
45 99 1
45 100 1
45 101 1
45 105 1
45 119 1
45 124 1
46 49 1
46 58 1
46 65 1
46 69 1
46 81 1
46 109 1
46 115 1
46 126 1
46 130 1
46 131 1
46 132 1
46 134 1
47 55 1
47 56 1
47 58 1
47 59 1
47 69 1
47 104 1
47 111 1
47 112 1
47 121 1
47 126 1
47 134 1
47 136 1
48 62 1
48 89 1
48 90 1
48 92 1
48 108 1
48 124 1
48 126 1
48 129 1
48 130 1
49 51 1
49 61 1
49 91 1
49 92 1
49 96 1
49 108 1
49 116 1
49 117 1
49 119 1
49 131 1
49 136 1
50 52 1
50 55 1
50 61 1
50 64 1
50 69 1
50 72 1
50 84 1
50 86 1
50 95 1
50 96 1
50 100 1
50 121 1
50 123 1
50 124 1
50 129 1
50 134 1
51 58 1
51 60 1
51 89 1
51 92 1
51 107 1
51 111 1
51 117 1
51 123 1
52 55 1
52 58 1
52 63 1
52 65 1
52 76 1
52 85 1
52 90 1
52 96 1
52 109 1
52 111 1
52 120 1
52 128 1
52 136 1
53 67 1
53 78 1
53 80 1
53 81 1
53 95 1
53 105 1
53 112 1
53 114 1
53 116 1
53 117 1
53 119 1
53 138 1
54 70 1
54 74 1
54 82 1
54 85 1
54 86 1
54 91 1
54 114 1
54 127 1
54 135 1
54 139 1
55 59 1
55 60 1
55 64 1
55 68 1
55 70 1
55 79 1
55 93 1
55 95 1
55 111 1
55 113 1
55 117 1
55 122 1
56 81 1
56 83 1
56 84 1
56 88 1
56 93 1
56 100 1
56 108 1
56 109 1
56 110 1
56 119 1
56 130 1
56 135 1
56 137 1
56 139 1
57 71 1
57 72 1
57 78 1
57 82 1
57 92 1
57 102 1
57 120 1
57 125 1
58 64 1
58 66 1
58 83 1
58 90 1
58 98 1
58 99 1
58 102 1
58 104 1
58 108 1
58 110 1
58 114 1
58 123 1
58 132 1
58 133 1
58 134 1
59 75 1
59 101 1
59 108 1
59 114 1
59 115 1
59 127 1
59 136 1
60 64 1
60 69 1
60 77 1
60 80 1
60 81 1
60 92 1
60 95 1
60 96 1
60 107 1
60 114 1
60 120 1
60 123 1
60 126 1
60 128 1
60 134 1
61 66 1
61 71 1
61 80 1
61 82 1
61 84 1
61 87 1
61 91 1
61 98 1
61 102 1
61 104 1
61 106 1
61 126 1
61 127 1
62 64 1
62 69 1
62 73 1
62 86 1
62 94 1
62 98 1
62 109 1
62 114 1
62 118 1
62 120 1
62 122 1
62 126 1
62 130 1
62 131 1
62 134 1
62 137 1
63 68 1
63 88 1
63 93 1
63 110 1
63 122 1
63 138 1
64 69 1
64 77 1
64 78 1
64 86 1
64 89 1
64 93 1
64 101 1
64 102 1
64 103 1
64 107 1
64 116 1
64 131 1
64 132 1
65 88 1
65 95 1
65 96 1
65 107 1
65 109 1
65 129 1
66 67 1
66 73 1
66 76 1
66 80 1
66 84 1
66 88 1
66 91 1
66 92 1
66 93 1
66 106 1
66 131 1
66 135 1
66 136 1
67 83 1
67 97 1
67 101 1
67 103 1
67 113 1
67 137 1
68 72 1
68 92 1
68 105 1
68 109 1
68 124 1
68 125 1
68 132 1
69 70 1
69 73 1
69 84 1
69 89 1
69 100 1
69 101 1
69 120 1
69 133 1
69 134 1
69 139 1
70 79 1
70 92 1
70 109 1
70 110 1
70 114 1
70 117 1
70 122 1
70 127 1
70 128 1
70 133 1
71 79 1
71 92 1
71 106 1
71 116 1
71 127 1
71 131 1
71 134 1
72 73 1
72 74 1
72 79 1
72 80 1
72 106 1
72 107 1
72 110 1
72 113 1
72 123 1
72 126 1
72 136 1
72 137 1
73 103 1
73 124 1
73 127 1
73 132 1
74 94 1
74 115 1
74 117 1
74 119 1
74 122 1
74 131 1
74 139 1
75 76 1
75 83 1
75 89 1
75 103 1
75 107 1
75 110 1
75 115 1
75 123 1
75 128 1
75 132 1
75 134 1
76 80 1
76 84 1
76 89 1
76 97 1
76 99 1
76 100 1
76 101 1
76 117 1
76 119 1
76 127 1
76 130 1
76 131 1
76 134 1
77 79 1
77 92 1
77 101 1
77 109 1
77 111 1
77 113 1
77 121 1
77 133 1
78 87 1
78 92 1
78 104 1
78 110 1
78 111 1
78 114 1
78 127 1
78 128 1
78 129 1
79 85 1
79 92 1
79 96 1
79 106 1
79 107 1
79 114 1
79 129 1
79 130 1
79 135 1
80 86 1
80 87 1
80 114 1
80 132 1
81 83 1
81 94 1
81 96 1
81 98 1
81 99 1
81 100 1
81 120 1
81 122 1
81 139 1
82 87 1
82 88 1
82 91 1
82 95 1
82 98 1
82 100 1
82 115 1
82 118 1
82 121 1
82 132 1
83 84 1
83 92 1
83 95 1
83 101 1
83 112 1
83 115 1
83 120 1
83 122 1
83 128 1
83 133 1
83 137 1
84 87 1
84 92 1
84 95 1
84 100 1
84 106 1
84 119 1
84 139 1
85 91 1
85 102 1
85 103 1
85 105 1
85 106 1
85 109 1
85 113 1
85 128 1
85 130 1
86 87 1
86 89 1
86 91 1
86 92 1
86 94 1
86 101 1
86 102 1
86 108 1
86 117 1
86 121 1
86 124 1
86 137 1
86 139 1
87 97 1
87 100 1
87 107 1
87 114 1
87 135 1
88 89 1
88 132 1
89 93 1
89 94 1
89 95 1
89 105 1
89 106 1
89 122 1
89 124 1
89 127 1
90 94 1
90 100 1
90 105 1
90 119 1
90 128 1
90 134 1
91 104 1
91 114 1
91 116 1
91 130 1
91 133 1
92 93 1
92 101 1
92 103 1
92 114 1
92 123 1
92 130 1
92 131 1
93 102 1
93 112 1
93 126 1
93 135 1
94 104 1
94 106 1
94 112 1
94 121 1
94 122 1
95 96 1
95 105 1
95 108 1
95 110 1
95 115 1
95 122 1
95 125 1
95 129 1
96 98 1
96 116 1
96 119 1
96 120 1
96 126 1
96 127 1
96 131 1
97 99 1
97 106 1
97 121 1
97 124 1
98 101 1
98 102 1
98 103 1
98 108 1
98 111 1
98 114 1
98 119 1
98 125 1
98 126 1
98 130 1
98 136 1
99 101 1
99 106 1
99 117 1
99 123 1
99 125 1
99 128 1
100 104 1
100 105 1
100 114 1
101 110 1
101 117 1
101 118 1
101 135 1
101 136 1
102 107 1
102 108 1
102 119 1
102 137 1
103 104 1
103 107 1
103 109 1
103 114 1
103 118 1
103 121 1
103 130 1
103 134 1
104 106 1
104 107 1
104 110 1
104 118 1
104 119 1
104 120 1
104 122 1
104 125 1
104 126 1
104 128 1
105 114 1
105 118 1
105 122 1
105 139 1
106 107 1
106 118 1
106 121 1
106 125 1
106 135 1
107 108 1
107 109 1
107 113 1
107 117 1
107 132 1
107 134 1
107 136 1
108 109 1
108 121 1
108 132 1
108 133 1
108 135 1
109 113 1
109 115 1
109 120 1
109 122 1
109 136 1
110 125 1
110 127 1
110 129 1
110 132 1
111 114 1
111 127 1
111 128 1
111 132 1
112 119 1
112 123 1
112 132 1
112 136 1
113 120 1
113 124 1
113 126 1
113 129 1
114 119 1
114 121 1
114 129 1
114 132 1
115 116 1
115 121 1
115 123 1
115 127 1
115 132 1
115 138 1
116 120 1
116 121 1
116 128 1
116 138 1
116 139 1
117 119 1
117 120 1
117 130 1
117 137 1
118 130 1
118 134 1
119 123 1
119 129 1
119 130 1
119 134 1
119 136 1
120 128 1
120 134 1
120 136 1
120 137 1
120 139 1
121 133 1
121 136 1
122 131 1
122 132 1
122 136 1
123 135 1
123 136 1
124 131 1
124 133 1
125 136 1
126 137 1
126 139 1
127 132 1
127 134 1
127 135 1
127 138 1
129 131 1
129 132 1
129 135 1
130 139 1
131 137 1
131 138 1
132 136 1
133 134 1
133 136 1
135 136 1
135 138 1
1
18 8 36 41 110 62 99 44 132 33 87 130 106 16
