1890
0 2 1
0 5 1
0 14 1
0 17 1
0 25 1
0 26 1
0 33 1
0 42 1
0 46 1
0 52 1
0 55 1
0 74 1
0 87 1
0 93 1
0 108 1
0 110 1
0 119 1
0 120 1
0 131 1
0 145 1
0 149 1
0 159 1
1 2 1
1 16 1
1 17 1
1 24 1
1 26 1
1 28 1
1 35 1
1 43 1
1 52 1
1 53 1
1 60 1
1 68 1
1 73 1
1 74 1
1 80 1
1 98 1
1 104 1
1 116 1
1 139 1
1 151 1
1 161 1
1 168 1
2 4 1
2 21 1
2 27 1
2 31 1
2 47 1
2 50 1
2 56 1
2 59 1
2 61 1
2 66 1
2 69 1
2 75 1
2 106 1
2 114 1
2 123 1
2 124 1
2 132 1
2 143 1
2 145 1
2 150 1
2 156 1
2 171 1
3 4 1
3 9 1
3 25 1
3 32 1
3 37 1
3 41 1
3 52 1
3 55 1
3 57 1
3 58 1
3 78 1
3 80 1
3 111 1
3 124 1
3 132 1
3 137 1
3 141 1
3 148 1
3 150 1
3 162 1
4 15 1
4 23 1
4 24 1
4 30 1
4 36 1
4 39 1
4 69 1
4 70 1
4 87 1
4 118 1
4 121 1
4 133 1
4 145 1
4 156 1
4 158 1
4 177 1
4 179 1
5 7 1
5 8 1
5 49 1
5 51 1
5 53 1
5 67 1
5 76 1
5 77 1
5 78 1
5 89 1
5 92 1
5 103 1
5 108 1
5 111 1
5 120 1
5 129 1
5 140 1
5 150 1
5 155 1
5 169 1
5 171 1
6 32 1
6 37 1
6 38 1
6 62 1
6 68 1
6 69 1
6 71 1
6 80 1
6 98 1
6 112 1
6 117 1
6 127 1
6 146 1
6 175 1
6 176 1
7 11 1
7 16 1
7 19 1
7 20 1
7 28 1
7 31 1
7 50 1
7 51 1
7 70 1
7 88 1
7 90 1
7 94 1
7 100 1
7 101 1
7 118 1
7 119 1
7 134 1
7 135 1
7 137 1
7 147 1
7 159 1
7 166 1
8 17 1
8 38 1
8 42 1
8 53 1
8 55 1
8 62 1
8 70 1
8 72 1
8 74 1
8 75 1
8 77 1
8 88 1
8 101 1
8 108 1
8 113 1
8 118 1
8 126 1
8 146 1
8 147 1
8 148 1
8 149 1
8 161 1
8 167 1
8 172 1
9 10 1
9 15 1
9 25 1
9 39 1
9 40 1
9 56 1
9 60 1
9 63 1
9 80 1
9 92 1
9 119 1
9 124 1
9 136 1
9 149 1
9 164 1
10 26 1
10 30 1
10 42 1
10 51 1
10 63 1
10 68 1
10 71 1
10 73 1
10 74 1
10 84 1
10 85 1
10 118 1
10 145 1
10 149 1
11 42 1
11 65 1
11 67 1
11 71 1
11 74 1
11 78 1
11 79 1
11 110 1
11 117 1
11 128 1
11 129 1
11 148 1
11 151 1
11 163 1
11 170 1
11 179 1
12 17 1
12 28 1
12 38 1
12 39 1
12 53 1
12 55 1
12 64 1
12 72 1
12 84 1
12 87 1
12 91 1
12 109 1
12 127 1
12 135 1
12 138 1
12 139 1
12 147 1
12 155 1
12 158 1
12 170 1
13 20 1
13 28 1
13 44 1
13 46 1
13 48 1
13 51 1
13 58 1
13 60 1
13 61 1
13 64 1
13 91 1
13 100 1
13 106 1
13 108 1
13 113 1
13 119 1
13 130 1
13 131 1
13 148 1
13 155 1
13 157 1
13 168 1
13 169 1
13 173 1
13 174 1
13 176 1
14 23 1
14 24 1
14 39 1
14 42 1
14 120 1
14 129 1
14 131 1
14 141 1
14 145 1
14 157 1
14 160 1
14 166 1
14 179 1
15 22 1
15 33 1
15 42 1
15 70 1
15 72 1
15 82 1
15 88 1
15 92 1
15 93 1
15 100 1
15 108 1
15 111 1
15 118 1
15 128 1
15 132 1
15 134 1
15 140 1
15 141 1
15 142 1
15 163 1
16 30 1
16 36 1
16 49 1
16 53 1
16 60 1
16 62 1
16 66 1
16 79 1
16 91 1
16 92 1
16 97 1
16 108 1
16 113 1
16 144 1
16 151 1
16 156 1
16 165 1
16 166 1
16 177 1
17 18 1
17 19 1
17 25 1
17 31 1
17 35 1
17 36 1
17 39 1
17 44 1
17 46 1
17 74 1
17 75 1
17 79 1
17 81 1
17 120 1
17 138 1
17 140 1
17 145 1
17 168 1
17 169 1
17 174 1
18 25 1
18 32 1
18 35 1
18 43 1
18 56 1
18 68 1
18 82 1
18 98 1
18 131 1
18 134 1
18 147 1
18 168 1
18 174 1
18 175 1
19 26 1
19 31 1
19 34 1
19 51 1
19 69 1
19 78 1
19 95 1
19 110 1
19 122 1
19 124 1
19 128 1
19 141 1
19 158 1
19 161 1
19 163 1
19 166 1
19 173 1
19 175 1
20 34 1
20 41 1
20 49 1
20 59 1
20 62 1
20 77 1
20 82 1
20 103 1
20 107 1
20 127 1
20 131 1
20 132 1
20 138 1
20 139 1
20 152 1
20 153 1
20 154 1
20 157 1
20 165 1
20 177 1
20 179 1
21 24 1
21 25 1
21 35 1
21 42 1
21 47 1
21 61 1
21 68 1
21 109 1
21 128 1
21 138 1
21 147 1
21 150 1
21 151 1
21 153 1
21 155 1
21 160 1
21 161 1
21 163 1
21 170 1
21 171 1
21 179 1
22 23 1
22 33 1
22 43 1
22 51 1
22 56 1
22 77 1
22 93 1
22 120 1
22 121 1
22 129 1
22 132 1
22 136 1
22 138 1
22 144 1
22 150 1
22 151 1
22 156 1
22 157 1
22 161 1
23 47 1
23 58 1
23 59 1
23 97 1
23 100 1
23 118 1
23 139 1
23 162 1
23 177 1
24 37 1
24 50 1
24 52 1
24 60 1
24 63 1
24 79 1
24 83 1
24 87 1
24 92 1
24 95 1
24 96 1
24 113 1
24 115 1
24 131 1
24 136 1
24 149 1
24 159 1
24 171 1
24 172 1
24 174 1
25 48 1
25 55 1
25 69 1
25 75 1
25 83 1
25 89 1
25 90 1
25 105 1
25 106 1
25 115 1
25 121 1
25 140 1
25 143 1
25 152 1
25 159 1
25 163 1
25 173 1
26 34 1
26 42 1
26 57 1
26 71 1
26 83 1
26 87 1
26 92 1
26 94 1
26 95 1
26 107 1
26 112 1
26 116 1
26 126 1
26 129 1
26 143 1
26 149 1
26 155 1
26 158 1
26 159 1
26 161 1
26 168 1
26 169 1
26 174 1
26 178 1
26 179 1
27 34 1
27 49 1
27 67 1
27 71 1
27 73 1
27 83 1
27 85 1
27 97 1
27 107 1
27 133 1
27 139 1
27 142 1
27 147 1
27 148 1
27 157 1
27 164 1
27 165 1
28 39 1
28 44 1
28 47 1
28 71 1
28 92 1
28 96 1
28 104 1
28 105 1
28 112 1
28 117 1
28 131 1
28 133 1
28 159 1
28 162 1
28 166 1
28 172 1
28 175 1
29 31 1
29 40 1
29 51 1
29 52 1
29 54 1
29 62 1
29 66 1
29 78 1
29 80 1
29 89 1
29 95 1
29 96 1
29 108 1
29 113 1
29 115 1
29 116 1
29 123 1
29 144 1
29 148 1
29 151 1
29 155 1
29 156 1
29 158 1
30 31 1
30 48 1
30 63 1
30 64 1
30 72 1
30 84 1
30 94 1
30 109 1
30 110 1
30 113 1
30 115 1
30 119 1
30 129 1
30 134 1
30 140 1
30 154 1
30 156 1
30 169 1
30 177 1
31 35 1
31 44 1
31 62 1
31 75 1
31 82 1
31 88 1
31 93 1
31 94 1
31 102 1
31 105 1
31 107 1
31 111 1
31 116 1
31 127 1
31 135 1
31 148 1
31 152 1
31 173 1
31 177 1
31 179 1
32 40 1
32 49 1
32 50 1
32 62 1
32 73 1
32 84 1
32 92 1
32 109 1
32 118 1
32 128 1
32 136 1
32 142 1
32 146 1
32 149 1
32 170 1
33 39 1
33 59 1
33 63 1
33 73 1
33 74 1
33 97 1
33 99 1
33 122 1
33 128 1
33 145 1
33 146 1
33 147 1
33 152 1
33 161 1
34 41 1
34 49 1
34 51 1
34 106 1
34 112 1
34 126 1
34 131 1
34 141 1
34 148 1
34 150 1
34 157 1
34 163 1
34 173 1
35 36 1
35 43 1
35 59 1
35 63 1
35 69 1
35 91 1
35 93 1
35 112 1
35 123 1
35 126 1
35 132 1
35 133 1
35 135 1
35 139 1
35 140 1
35 161 1
35 179 1
36 40 1
36 51 1
36 62 1
36 82 1
36 91 1
36 137 1
36 144 1
36 160 1
36 171 1
37 39 1
37 53 1
37 62 1
37 72 1
37 73 1
37 81 1
37 85 1
37 86 1
37 91 1
37 95 1
37 104 1
37 113 1
37 139 1
37 142 1
37 160 1
37 170 1
37 175 1
38 45 1
38 48 1
38 51 1
38 57 1
38 76 1
38 81 1
38 98 1
38 103 1
38 141 1
38 155 1
38 167 1
38 176 1
39 40 1
39 44 1
39 46 1
39 55 1
39 76 1
39 78 1
39 83 1
39 87 1
39 103 1
39 110 1
39 114 1
39 122 1
39 126 1
39 133 1
39 134 1
39 135 1
39 139 1
39 143 1
39 145 1
39 155 1
39 159 1
39 161 1
39 173 1
40 41 1
40 44 1
40 47 1
40 56 1
40 61 1
40 68 1
40 74 1
40 76 1
40 80 1
40 83 1
40 91 1
40 96 1
40 108 1
40 116 1
40 120 1
40 125 1
40 153 1
40 155 1
40 170 1
40 175 1
40 179 1
41 57 1
41 60 1
41 62 1
41 68 1
41 80 1
41 108 1
41 114 1
41 117 1
41 121 1
41 127 1
41 165 1
41 175 1
41 179 1
42 48 1
42 49 1
42 57 1
42 75 1
42 82 1
42 93 1
42 100 1
42 120 1
42 124 1
42 131 1
42 143 1
42 152 1
42 164 1
42 174 1
43 47 1
43 62 1
43 63 1
43 69 1
43 71 1
43 80 1
43 127 1
43 129 1
43 140 1
43 148 1
43 149 1
43 156 1
43 158 1
43 165 1
43 169 1
44 59 1
44 60 1
44 63 1
44 73 1
44 83 1
44 96 1
44 103 1
44 113 1
44 121 1
44 134 1
44 135 1
44 136 1
44 140 1
44 151 1
44 162 1
44 170 1
44 172 1
44 175 1
44 177 1
45 48 1
45 49 1
45 56 1
45 71 1
45 82 1
45 90 1
45 92 1
45 98 1
45 99 1
45 132 1
45 133 1
45 149 1
45 165 1
45 176 1
46 51 1
46 52 1
46 53 1
46 63 1
46 68 1
46 76 1
46 84 1
46 91 1
46 93 1
46 101 1
46 114 1
46 119 1
46 135 1
47 48 1
47 54 1
47 56 1
47 61 1
47 66 1
47 70 1
47 74 1
47 82 1
47 101 1
47 106 1
47 114 1
47 128 1
47 139 1
47 167 1
47 172 1
48 59 1
48 62 1
48 80 1
48 87 1
48 96 1
48 97 1
48 102 1
48 103 1
48 105 1
48 107 1
48 108 1
48 120 1
48 122 1
48 130 1
48 131 1
48 151 1
48 158 1
48 160 1
48 169 1
48 178 1
48 179 1
49 57 1
49 67 1
49 75 1
49 78 1
49 81 1
49 89 1
49 92 1
49 93 1
49 95 1
49 99 1
49 101 1
49 103 1
49 113 1
49 128 1
49 129 1
49 156 1
49 157 1
49 160 1
49 163 1
49 172 1
49 174 1
49 176 1
50 75 1
50 78 1
50 79 1
50 83 1
50 87 1
50 92 1
50 95 1
50 98 1
50 104 1
50 116 1
50 123 1
50 127 1
50 142 1
50 145 1
50 148 1
50 150 1
50 162 1
50 174 1
51 63 1
51 65 1
51 70 1
51 84 1
51 99 1
51 103 1
51 106 1
51 108 1
51 110 1
51 121 1
51 128 1
51 168 1
51 170 1
51 175 1
52 65 1
52 124 1
52 127 1
52 131 1
52 133 1
52 135 1
52 138 1
52 141 1
52 147 1
52 155 1
52 164 1
52 170 1
52 171 1
52 173 1
52 174 1
52 179 1
53 64 1
53 99 1
53 123 1
53 133 1
53 134 1
53 137 1
53 139 1
53 147 1
53 150 1
53 157 1
53 160 1
53 178 1
54 60 1
54 67 1
54 73 1
54 84 1
54 87 1
54 97 1
54 101 1
54 105 1
54 112 1
54 115 1
54 118 1
54 146 1
54 167 1
54 178 1
55 66 1
55 68 1
55 91 1
55 115 1
55 119 1
55 120 1
55 125 1
55 134 1
55 141 1
55 142 1
55 148 1
55 167 1
56 63 1
56 69 1
56 84 1
56 116 1
56 120 1
56 126 1
56 134 1
56 135 1
56 137 1
56 142 1
56 153 1
56 165 1
56 168 1
56 178 1
57 66 1
57 74 1
57 76 1
57 79 1
57 82 1
57 89 1
57 105 1
57 111 1
57 115 1
57 120 1
57 138 1
57 140 1
57 144 1
57 148 1
57 150 1
57 167 1
57 169 1
57 175 1
57 179 1
58 63 1
58 75 1
58 84 1
58 92 1
58 98 1
58 103 1
58 107 1
58 125 1
58 133 1
58 135 1
58 151 1
58 152 1
58 155 1
58 157 1
58 158 1
58 161 1
58 165 1
58 168 1
58 169 1
58 172 1
58 174 1
59 73 1
59 101 1
59 102 1
59 105 1
59 113 1
59 117 1
59 132 1
59 147 1
59 154 1
59 159 1
59 161 1
59 167 1
59 172 1
59 178 1
60 63 1
60 70 1
60 80 1
60 86 1
60 103 1
60 104 1
60 121 1
60 125 1
60 139 1
60 145 1
60 146 1
60 158 1
60 161 1
60 168 1
61 68 1
61 76 1
61 80 1
61 87 1
61 88 1
61 116 1
61 126 1
61 135 1
61 170 1
62 88 1
62 97 1
62 111 1
62 137 1
62 140 1
62 158 1
62 169 1
62 170 1
62 177 1
63 68 1
63 77 1
63 87 1
63 99 1
63 105 1
63 134 1
63 135 1
63 152 1
63 164 1
63 169 1
63 176 1
64 66 1
64 68 1
64 91 1
64 106 1
64 121 1
64 126 1
64 148 1
64 151 1
64 170 1
65 66 1
65 82 1
65 100 1
65 103 1
65 106 1
65 122 1
65 127 1
65 146 1
65 150 1
65 162 1
66 93 1
66 104 1
66 106 1
66 120 1
66 131 1
66 134 1
66 136 1
66 152 1
66 158 1
66 170 1
66 173 1
66 175 1
66 177 1
67 75 1
67 77 1
67 80 1
67 81 1
67 91 1
67 100 1
67 102 1
67 104 1
67 126 1
67 129 1
67 136 1
67 138 1
67 149 1
67 151 1
67 155 1
67 158 1
67 163 1
67 164 1
67 177 1
67 178 1
68 75 1
68 90 1
68 96 1
68 103 1
68 105 1
68 106 1
68 109 1
68 123 1
68 146 1
68 151 1
68 162 1
68 170 1
69 70 1
69 73 1
69 93 1
69 102 1
69 108 1
69 110 1
69 119 1
69 126 1
69 134 1
69 168 1
70 77 1
70 78 1
70 81 1
70 87 1
70 90 1
70 92 1
70 99 1
70 105 1
70 116 1
70 123 1
70 126 1
70 132 1
70 145 1
70 150 1
70 158 1
70 159 1
71 76 1
71 77 1
71 103 1
71 112 1
71 117 1
71 119 1
71 135 1
71 162 1
71 174 1
72 98 1
72 99 1
72 112 1
72 118 1
72 127 1
72 139 1
72 147 1
72 170 1
72 173 1
72 174 1
72 175 1
73 80 1
73 87 1
73 89 1
73 114 1
73 126 1
73 127 1
73 131 1
73 133 1
73 151 1
73 160 1
74 79 1
74 81 1
74 93 1
74 100 1
74 102 1
74 103 1
74 108 1
74 110 1
74 121 1
74 122 1
74 133 1
74 136 1
74 140 1
74 143 1
74 152 1
74 167 1
74 174 1
74 175 1
74 177 1
75 84 1
75 90 1
75 92 1
75 96 1
75 121 1
75 122 1
75 128 1
75 137 1
75 139 1
75 143 1
75 147 1
75 148 1
75 160 1
75 163 1
75 176 1
75 179 1
76 81 1
76 85 1
76 86 1
76 94 1
76 103 1
76 107 1
76 110 1
76 111 1
76 124 1
76 138 1
76 150 1
76 166 1
76 168 1
76 175 1
76 178 1
77 82 1
77 91 1
77 92 1
77 98 1
77 99 1
77 138 1
77 152 1
77 179 1
78 111 1
78 114 1
78 119 1
78 120 1
78 121 1
78 138 1
78 147 1
78 161 1
79 83 1
79 101 1
79 106 1
79 113 1
79 114 1
79 123 1
79 130 1
79 152 1
79 157 1
79 165 1
79 169 1
80 84 1
80 85 1
80 100 1
80 102 1
80 104 1
80 109 1
80 110 1
80 117 1
80 137 1
80 145 1
80 146 1
80 151 1
80 167 1
80 178 1
80 179 1
81 94 1
81 99 1
81 110 1
81 113 1
81 115 1
81 116 1
81 117 1
81 121 1
81 126 1
81 127 1
81 131 1
81 135 1
81 137 1
81 152 1
81 160 1
81 162 1
81 170 1
81 171 1
81 173 1
82 88 1
82 96 1
82 105 1
82 106 1
82 107 1
82 122 1
82 144 1
82 155 1
82 156 1
82 164 1
82 174 1
82 176 1
83 122 1
83 128 1
83 130 1
83 134 1
83 161 1
84 91 1
84 92 1
84 100 1
84 104 1
84 107 1
84 143 1
84 144 1
84 148 1
84 155 1
84 157 1
84 160 1
84 166 1
84 175 1
85 91 1
85 106 1
85 112 1
85 113 1
85 127 1
85 131 1
85 136 1
85 162 1
85 170 1
86 91 1
86 111 1
86 118 1
86 126 1
86 143 1
86 171 1
86 179 1
87 91 1
87 95 1
87 104 1
87 113 1
87 121 1
87 130 1
87 141 1
87 149 1
87 151 1
87 156 1
87 159 1
87 170 1
87 177 1
88 89 1
88 95 1
88 97 1
88 101 1
88 138 1
88 147 1
88 166 1
88 168 1
89 99 1
89 110 1
89 117 1
89 119 1
89 127 1
89 128 1
89 142 1
89 174 1
89 177 1
90 93 1
90 97 1
90 100 1
90 102 1
90 115 1
90 120 1
90 123 1
90 130 1
90 138 1
90 166 1
90 170 1
91 111 1
91 116 1
91 120 1
91 133 1
91 139 1
91 140 1
91 146 1
91 158 1
92 121 1
92 123 1
92 128 1
92 129 1
92 133 1
92 143 1
92 145 1
92 159 1
92 177 1
93 104 1
93 111 1
93 112 1
93 114 1
93 119 1
93 124 1
93 127 1
93 133 1
93 135 1
93 138 1
93 144 1
93 163 1
93 178 1
94 109 1
94 111 1
94 114 1
94 127 1
94 133 1
94 139 1
94 142 1
94 145 1
94 146 1
94 148 1
94 158 1
94 164 1
94 168 1
94 169 1
95 103 1
95 106 1
95 111 1
95 112 1
95 117 1
95 118 1
95 124 1
95 137 1
95 142 1
95 151 1
95 156 1
95 157 1
95 162 1
95 165 1
95 172 1
95 173 1
95 176 1
96 106 1
96 107 1
96 119 1
96 121 1
96 142 1
96 145 1
96 159 1
96 177 1
97 101 1
97 105 1
97 114 1
97 121 1
97 130 1
97 144 1
97 146 1
97 170 1
98 102 1
98 112 1
98 121 1
98 159 1
98 168 1
98 169 1
98 170 1
98 172 1
98 173 1
99 101 1
99 105 1
99 112 1
99 113 1
99 114 1
99 122 1
99 136 1
99 141 1
99 142 1
99 144 1
99 148 1
99 150 1
99 157 1
99 167 1
99 168 1
99 176 1
99 178 1
100 117 1
100 129 1
100 131 1
100 155 1
100 158 1
100 160 1
100 164 1
100 168 1
101 114 1
101 119 1
101 123 1
101 152 1
101 163 1
101 164 1
101 169 1
102 113 1
102 121 1
102 126 1
102 137 1
102 141 1
102 143 1
103 104 1
103 110 1
103 116 1
103 136 1
103 142 1
103 154 1
103 172 1
104 120 1
104 125 1
104 141 1
104 151 1
104 154 1
104 155 1
104 159 1
104 164 1
104 174 1
105 128 1
105 131 1
105 153 1
105 155 1
106 109 1
106 121 1
106 124 1
106 128 1
106 133 1
106 138 1
106 139 1
106 155 1
106 172 1
107 110 1
107 111 1
107 127 1
107 152 1
107 160 1
107 168 1
107 174 1
107 178 1
108 114 1
108 132 1
108 136 1
108 137 1
108 138 1
108 146 1
108 158 1
108 177 1
108 178 1
109 111 1
109 129 1
109 133 1
109 134 1
109 139 1
109 140 1
109 141 1
109 147 1
109 153 1
109 158 1
109 161 1
109 170 1
109 176 1
110 124 1
110 150 1
110 152 1
110 159 1
110 164 1
111 117 1
111 134 1
111 135 1
111 148 1
111 161 1
111 163 1
111 166 1
111 178 1
112 113 1
112 118 1
112 124 1
112 135 1
112 139 1
112 152 1
112 164 1
112 167 1
112 169 1
112 170 1
112 174 1
113 120 1
113 123 1
113 128 1
113 133 1
113 135 1
113 136 1
113 167 1
114 132 1
114 140 1
114 167 1
114 171 1
115 120 1
115 122 1
115 124 1
115 135 1
115 145 1
115 162 1
115 163 1
115 173 1
115 178 1
116 139 1
116 150 1
116 162 1
116 167 1
116 172 1
116 173 1
116 176 1
117 123 1
117 124 1
117 126 1
117 133 1
117 136 1
117 141 1
117 142 1
117 146 1
117 152 1
117 160 1
117 174 1
118 139 1
118 150 1
118 158 1
118 160 1
118 178 1
119 131 1
119 133 1
119 138 1
119 148 1
119 159 1
119 163 1
119 176 1
120 124 1
120 133 1
120 150 1
120 153 1
120 155 1
120 162 1
120 175 1
120 176 1
121 129 1
121 132 1
121 137 1
121 139 1
121 148 1
121 157 1
121 163 1
121 167 1
121 179 1
122 129 1
122 130 1
122 139 1
122 141 1
122 157 1
122 171 1
123 132 1
123 146 1
123 160 1
123 164 1
123 166 1
123 175 1
123 177 1
123 178 1
124 149 1
124 158 1
124 171 1
124 177 1
125 129 1
125 130 1
125 133 1
125 152 1
125 160 1
125 163 1
125 164 1
125 176 1
125 177 1
126 150 1
126 164 1
126 165 1
126 171 1
126 174 1
127 138 1
127 140 1
127 149 1
127 152 1
127 164 1
127 174 1
127 178 1
127 179 1
128 138 1
128 141 1
128 144 1
128 145 1
128 158 1
128 160 1
128 164 1
128 175 1
129 147 1
129 158 1
129 160 1
129 166 1
129 170 1
129 175 1
129 176 1
129 177 1
129 178 1
130 134 1
130 138 1
130 143 1
130 147 1
130 150 1
130 151 1
130 172 1
130 174 1
130 177 1
130 179 1
131 134 1
131 153 1
131 163 1
132 138 1
132 139 1
132 144 1
132 146 1
132 151 1
132 152 1
132 164 1
132 171 1
133 135 1
133 146 1
133 163 1
134 141 1
134 142 1
134 143 1
134 159 1
134 162 1
134 167 1
134 169 1
134 170 1
135 138 1
135 141 1
135 162 1
135 164 1
135 175 1
136 139 1
136 147 1
136 148 1
136 165 1
136 167 1
136 179 1
137 156 1
137 157 1
137 158 1
137 163 1
137 176 1
138 166 1
139 150 1
139 162 1
139 165 1
139 172 1
140 142 1
140 179 1
141 162 1
141 178 1
142 155 1
142 163 1
142 167 1
142 171 1
143 146 1
143 149 1
143 150 1
143 151 1
143 162 1
143 172 1
143 177 1
144 179 1
145 156 1
145 163 1
145 166 1
145 178 1
146 147 1
146 153 1
146 157 1
146 164 1
146 175 1
146 177 1
147 149 1
147 158 1
147 165 1
147 171 1
147 177 1
147 178 1
147 179 1
148 149 1
148 153 1
148 158 1
148 163 1
148 167 1
149 152 1
149 155 1
149 160 1
149 175 1
150 158 1
150 164 1
150 167 1
150 171 1
150 174 1
150 177 1
151 154 1
151 161 1
151 166 1
151 174 1
151 179 1
152 156 1
152 176 1
153 158 1
153 171 1
153 175 1
154 170 1
155 160 1
155 162 1
156 159 1
156 164 1
156 170 1
156 171 1
157 158 1
157 160 1
157 164 1
157 176 1
158 170 1
158 178 1
159 171 1
160 166 1
160 168 1
161 163 1
161 177 1
162 165 1
162 167 1
162 169 1
162 175 1
163 170 1
163 179 1
164 166 1
164 171 1
164 175 1
165 169 1
165 174 1
166 173 1
166 174 1
166 175 1
167 170 1
170 171 1
171 175 1
172 176 1
172 179 1
173 177 1
1
132 79 136 120 156 21 121 59 28 123 158 100 0 87 68 17 137 92
