1374
0 1 1
0 5 1
0 8 1
0 13 1
0 14 1
0 16 1
0 19 1
0 20 1
0 25 1
0 27 1
0 40 1
0 41 1
0 53 1
0 64 1
0 81 1
0 89 1
0 106 1
0 116 1
0 120 1
0 121 1
0 122 1
0 123 1
0 135 1
1 13 1
1 15 1
1 23 1
1 27 1
1 38 1
1 46 1
1 57 1
1 58 1
1 61 1
1 72 1
1 79 1
1 89 1
1 90 1
1 99 1
1 108 1
1 110 1
1 111 1
1 122 1
1 124 1
1 126 1
1 134 1
2 4 1
2 13 1
2 16 1
2 18 1
2 29 1
2 43 1
2 45 1
2 46 1
2 54 1
2 57 1
2 63 1
2 64 1
2 71 1
2 75 1
2 78 1
2 84 1
2 88 1
2 92 1
2 97 1
2 110 1
2 120 1
2 125 1
2 130 1
2 131 1
3 13 1
3 16 1
3 20 1
3 25 1
3 28 1
3 40 1
3 43 1
3 58 1
3 64 1
3 74 1
3 76 1
3 80 1
3 97 1
3 116 1
3 118 1
3 129 1
3 134 1
3 136 1
4 8 1
4 26 1
4 40 1
4 49 1
4 54 1
4 57 1
4 64 1
4 66 1
4 68 1
4 79 1
4 81 1
4 88 1
4 91 1
4 94 1
4 102 1
4 128 1
4 130 1
4 135 1
4 139 1
5 11 1
5 18 1
5 28 1
5 31 1
5 35 1
5 52 1
5 60 1
5 61 1
5 79 1
5 84 1
5 96 1
5 98 1
5 108 1
5 110 1
5 124 1
5 138 1
6 11 1
6 12 1
6 13 1
6 26 1
6 33 1
6 50 1
6 53 1
6 76 1
6 77 1
6 80 1
6 81 1
6 83 1
6 106 1
6 139 1
7 12 1
7 22 1
7 31 1
7 36 1
7 42 1
7 43 1
7 51 1
7 59 1
7 60 1
7 74 1
7 82 1
7 92 1
7 98 1
7 106 1
7 123 1
7 127 1
7 130 1
7 137 1
8 10 1
8 12 1
8 15 1
8 17 1
8 28 1
8 29 1
8 37 1
8 38 1
8 49 1
8 53 1
8 56 1
8 69 1
8 78 1
8 101 1
8 117 1
8 124 1
8 125 1
8 127 1
8 129 1
8 134 1
8 137 1
8 138 1
9 11 1
9 22 1
9 30 1
9 31 1
9 34 1
9 36 1
9 40 1
9 44 1
9 48 1
9 51 1
9 59 1
9 69 1
9 71 1
9 81 1
9 87 1
9 93 1
9 113 1
9 118 1
10 11 1
10 27 1
10 38 1
10 40 1
10 43 1
10 46 1
10 50 1
10 83 1
10 89 1
10 93 1
10 94 1
10 104 1
10 107 1
10 113 1
10 121 1
10 134 1
11 46 1
11 56 1
11 62 1
11 72 1
11 78 1
11 83 1
11 93 1
11 96 1
11 101 1
11 107 1
11 122 1
11 135 1
11 139 1
12 15 1
12 42 1
12 47 1
12 66 1
12 76 1
12 101 1
12 109 1
12 116 1
12 125 1
12 134 1
13 26 1
13 35 1
13 40 1
13 53 1
13 54 1
13 56 1
13 57 1
13 71 1
13 97 1
13 108 1
13 131 1
13 132 1
14 20 1
14 28 1
14 44 1
14 54 1
14 64 1
14 66 1
14 104 1
14 115 1
14 116 1
14 126 1
14 135 1
15 19 1
15 20 1
15 28 1
15 37 1
15 41 1
15 44 1
15 47 1
15 58 1
15 65 1
15 74 1
15 75 1
15 82 1
15 90 1
15 97 1
15 99 1
15 103 1
15 105 1
15 106 1
15 107 1
15 112 1
15 118 1
15 127 1
15 136 1
16 24 1
16 41 1
16 47 1
16 49 1
16 56 1
16 59 1
16 70 1
16 72 1
16 73 1
16 77 1
16 80 1
16 82 1
16 83 1
16 89 1
16 98 1
16 112 1
16 120 1
16 121 1
16 122 1
16 128 1
16 130 1
16 131 1
16 133 1
17 27 1
17 28 1
17 32 1
17 51 1
17 56 1
17 64 1
17 72 1
17 74 1
17 75 1
17 89 1
17 108 1
17 116 1
17 122 1
17 129 1
17 130 1
17 134 1
17 136 1
17 137 1
18 27 1
18 44 1
18 47 1
18 54 1
18 57 1
18 63 1
18 66 1
18 70 1
18 76 1
18 96 1
18 97 1
18 99 1
18 103 1
18 112 1
18 117 1
18 131 1
19 23 1
19 41 1
19 54 1
19 82 1
19 90 1
19 92 1
19 98 1
19 106 1
19 124 1
20 48 1
20 50 1
20 56 1
20 58 1
20 59 1
20 88 1
20 103 1
20 120 1
20 122 1
20 128 1
20 129 1
20 137 1
21 25 1
21 61 1
21 77 1
21 100 1
21 108 1
21 117 1
21 120 1
21 123 1
21 128 1
22 36 1
22 37 1
22 39 1
22 53 1
22 64 1
22 71 1
22 75 1
22 87 1
22 91 1
22 94 1
22 102 1
22 105 1
22 112 1
22 115 1
22 117 1
22 120 1
22 122 1
22 125 1
22 126 1
22 134 1
22 135 1
22 137 1
23 34 1
23 42 1
23 57 1
23 64 1
23 73 1
23 75 1
23 89 1
23 106 1
23 116 1
23 126 1
23 132 1
23 134 1
23 137 1
23 139 1
24 28 1
24 41 1
24 60 1
24 63 1
24 77 1
24 82 1
24 91 1
24 99 1
24 103 1
24 105 1
24 106 1
24 136 1
25 31 1
25 37 1
25 54 1
25 58 1
25 60 1
25 62 1
25 64 1
25 71 1
25 74 1
25 91 1
25 96 1
25 99 1
25 103 1
25 104 1
25 105 1
25 108 1
25 111 1
25 116 1
25 117 1
25 129 1
25 130 1
25 133 1
26 37 1
26 41 1
26 45 1
26 51 1
26 60 1
26 77 1
26 81 1
26 87 1
26 96 1
26 112 1
26 118 1
26 124 1
26 133 1
26 139 1
27 36 1
27 43 1
27 52 1
27 57 1
27 66 1
27 76 1
27 87 1
27 99 1
27 116 1
27 127 1
27 132 1
28 32 1
28 39 1
28 50 1
28 51 1
28 52 1
28 72 1
28 73 1
28 74 1
28 75 1
28 76 1
28 77 1
28 88 1
28 89 1
28 97 1
28 99 1
28 100 1
28 105 1
28 117 1
28 122 1
28 125 1
29 36 1
29 37 1
29 55 1
29 56 1
29 58 1
29 62 1
29 67 1
29 68 1
29 74 1
29 78 1
29 82 1
29 95 1
29 103 1
29 106 1
29 122 1
29 127 1
29 128 1
29 135 1
30 41 1
30 45 1
30 47 1
30 59 1
30 60 1
30 65 1
30 70 1
30 75 1
30 76 1
30 83 1
30 99 1
30 108 1
30 123 1
30 136 1
31 52 1
31 66 1
31 68 1
31 83 1
31 84 1
31 87 1
31 96 1
31 101 1
31 105 1
31 124 1
31 125 1
31 128 1
31 134 1
32 57 1
32 68 1
32 70 1
32 75 1
32 77 1
32 78 1
32 84 1
32 97 1
32 111 1
32 115 1
32 122 1
32 124 1
32 125 1
32 128 1
32 130 1
32 136 1
33 35 1
33 49 1
33 61 1
33 66 1
33 72 1
33 81 1
33 83 1
33 85 1
33 89 1
33 92 1
33 94 1
33 107 1
33 114 1
33 117 1
33 119 1
34 36 1
34 44 1
34 46 1
34 58 1
34 60 1
34 69 1
34 78 1
34 79 1
34 80 1
34 84 1
34 91 1
34 95 1
34 104 1
34 110 1
34 122 1
34 123 1
34 133 1
35 51 1
35 81 1
35 83 1
35 84 1
35 92 1
35 99 1
35 106 1
35 118 1
35 134 1
35 136 1
36 42 1
36 45 1
36 47 1
36 73 1
36 76 1
36 86 1
36 88 1
36 90 1
36 91 1
36 94 1
36 96 1
36 97 1
36 102 1
36 112 1
36 121 1
36 123 1
36 132 1
37 43 1
37 85 1
37 88 1
37 94 1
37 102 1
37 106 1
37 129 1
37 131 1
37 133 1
38 43 1
38 62 1
38 63 1
38 79 1
38 81 1
38 90 1
38 94 1
38 96 1
38 125 1
38 138 1
39 41 1
39 42 1
39 44 1
39 50 1
39 51 1
39 60 1
39 63 1
39 72 1
39 83 1
39 88 1
39 95 1
39 111 1
39 116 1
40 43 1
40 56 1
40 57 1
40 76 1
40 79 1
40 81 1
40 86 1
40 96 1
40 100 1
40 106 1
40 111 1
40 122 1
40 124 1
40 134 1
40 139 1
41 46 1
41 56 1
41 58 1
41 64 1
41 67 1
41 76 1
41 114 1
41 139 1
42 53 1
42 60 1
42 63 1
42 70 1
42 71 1
42 76 1
42 85 1
42 90 1
42 93 1
42 102 1
42 116 1
42 120 1
42 124 1
43 47 1
43 50 1
43 53 1
43 54 1
43 58 1
43 65 1
43 66 1
43 69 1
43 83 1
43 84 1
43 93 1
43 119 1
43 127 1
43 131 1
43 137 1
44 70 1
44 78 1
44 79 1
44 84 1
44 103 1
44 114 1
44 130 1
44 135 1
44 138 1
45 75 1
45 84 1
45 92 1
45 95 1
45 96 1
45 106 1
45 107 1
45 110 1
45 112 1
45 113 1
45 127 1
45 133 1
45 137 1
46 57 1
46 61 1
46 63 1
46 66 1
46 105 1
46 116 1
46 132 1
46 135 1
47 49 1
47 53 1
47 60 1
47 62 1
47 66 1
47 78 1
47 82 1
47 91 1
47 102 1
47 108 1
47 115 1
47 116 1
47 125 1
47 126 1
47 128 1
47 131 1
47 132 1
47 133 1
47 138 1
48 56 1
48 58 1
48 81 1
48 89 1
48 90 1
48 91 1
48 96 1
48 111 1
48 121 1
48 125 1
48 126 1
48 130 1
49 51 1
49 61 1
49 67 1
49 68 1
49 85 1
49 107 1
49 112 1
49 124 1
49 132 1
49 133 1
50 51 1
50 60 1
50 76 1
50 82 1
50 86 1
50 96 1
50 98 1
50 102 1
50 104 1
50 109 1
50 113 1
50 114 1
50 119 1
50 131 1
50 134 1
50 138 1
51 53 1
51 60 1
51 63 1
51 72 1
51 78 1
51 82 1
51 89 1
51 90 1
51 91 1
51 106 1
51 114 1
51 119 1
51 127 1
51 128 1
51 136 1
52 54 1
52 69 1
52 77 1
52 81 1
52 82 1
52 90 1
52 93 1
52 114 1
52 117 1
52 124 1
52 127 1
52 131 1
52 132 1
53 58 1
53 64 1
53 66 1
53 74 1
53 77 1
53 90 1
53 91 1
53 92 1
53 93 1
53 102 1
53 110 1
53 117 1
53 129 1
54 70 1
54 81 1
54 86 1
54 90 1
54 110 1
54 113 1
54 128 1
54 137 1
55 66 1
55 87 1
55 92 1
55 97 1
55 102 1
55 107 1
55 111 1
55 115 1
55 116 1
55 117 1
55 120 1
55 122 1
55 132 1
55 135 1
56 63 1
56 66 1
56 95 1
56 103 1
56 110 1
56 117 1
56 120 1
56 122 1
56 124 1
57 64 1
57 66 1
57 72 1
57 83 1
57 85 1
57 90 1
57 91 1
57 99 1
57 100 1
57 101 1
57 110 1
57 111 1
57 117 1
57 125 1
57 134 1
57 139 1
58 62 1
58 64 1
58 77 1
58 84 1
58 91 1
58 93 1
58 101 1
58 102 1
59 69 1
59 74 1
59 79 1
59 82 1
59 98 1
59 106 1
59 108 1
59 111 1
59 112 1
59 121 1
59 126 1
59 127 1
60 61 1
60 67 1
60 70 1
60 82 1
60 85 1
60 87 1
60 90 1
60 93 1
60 103 1
60 109 1
60 125 1
61 63 1
61 64 1
61 71 1
61 78 1
61 79 1
61 94 1
61 99 1
61 101 1
61 112 1
61 113 1
61 115 1
61 116 1
61 119 1
61 128 1
61 129 1
61 130 1
61 134 1
61 137 1
62 73 1
62 74 1
62 83 1
62 89 1
62 93 1
62 107 1
62 108 1
62 112 1
62 117 1
62 120 1
62 129 1
62 137 1
63 70 1
63 83 1
63 104 1
63 107 1
63 108 1
63 113 1
63 118 1
63 122 1
63 123 1
63 138 1
64 85 1
64 92 1
64 99 1
64 105 1
64 127 1
65 67 1
65 72 1
65 73 1
65 80 1
65 81 1
65 86 1
65 90 1
65 95 1
65 105 1
65 109 1
65 111 1
65 127 1
65 129 1
65 139 1
66 69 1
66 72 1
66 96 1
66 99 1
66 101 1
66 104 1
66 108 1
66 109 1
66 110 1
66 118 1
66 121 1
66 124 1
66 125 1
66 135 1
66 137 1
67 68 1
67 78 1
67 89 1
67 93 1
67 95 1
67 101 1
67 104 1
67 105 1
67 108 1
67 124 1
67 133 1
67 134 1
68 82 1
68 84 1
68 99 1
68 100 1
68 101 1
68 111 1
68 114 1
68 124 1
68 125 1
68 130 1
69 83 1
69 90 1
69 92 1
69 97 1
69 124 1
69 128 1
69 130 1
70 72 1
70 79 1
70 92 1
70 96 1
70 99 1
70 101 1
70 111 1
70 138 1
71 74 1
71 76 1
71 80 1
71 82 1
71 95 1
71 97 1
71 99 1
71 118 1
71 119 1
71 131 1
71 134 1
71 139 1
72 78 1
72 80 1
72 85 1
72 88 1
72 90 1
72 100 1
72 108 1
72 112 1
72 120 1
72 128 1
72 133 1
72 135 1
72 136 1
73 75 1
73 80 1
73 87 1
73 92 1
73 104 1
73 106 1
73 110 1
73 121 1
73 133 1
73 134 1
73 136 1
73 137 1
74 80 1
74 82 1
74 89 1
74 92 1
74 93 1
74 95 1
74 99 1
74 102 1
74 105 1
74 109 1
74 111 1
74 114 1
74 119 1
75 88 1
75 92 1
75 94 1
75 106 1
75 111 1
75 117 1
75 125 1
76 79 1
76 86 1
76 90 1
76 94 1
76 107 1
76 122 1
76 129 1
77 83 1
77 84 1
77 91 1
77 92 1
77 95 1
77 100 1
77 110 1
77 116 1
77 117 1
77 123 1
77 134 1
77 138 1
77 139 1
78 80 1
78 81 1
78 85 1
78 88 1
78 96 1
78 102 1
78 110 1
78 111 1
78 116 1
78 118 1
78 121 1
78 127 1
79 87 1
79 95 1
79 96 1
79 110 1
79 114 1
79 117 1
79 122 1
79 124 1
79 127 1
79 131 1
79 134 1
79 137 1
80 82 1
80 87 1
80 92 1
80 106 1
80 114 1
80 115 1
80 118 1
80 120 1
80 123 1
81 88 1
81 95 1
81 96 1
81 107 1
81 113 1
81 118 1
81 139 1
82 83 1
82 95 1
82 102 1
82 103 1
82 110 1
82 116 1
82 130 1
82 132 1
82 135 1
82 137 1
83 97 1
83 100 1
83 108 1
83 120 1
83 121 1
83 130 1
83 134 1
83 137 1
84 94 1
84 96 1
84 106 1
84 118 1
84 119 1
84 124 1
84 128 1
84 130 1
84 136 1
84 139 1
85 97 1
85 103 1
85 110 1
85 120 1
85 121 1
85 138 1
86 91 1
86 119 1
86 120 1
86 127 1
86 130 1
86 131 1
86 134 1
87 94 1
87 98 1
87 101 1
87 102 1
87 115 1
87 126 1
87 127 1
87 133 1
87 134 1
88 93 1
88 98 1
88 102 1
88 103 1
88 104 1
88 105 1
88 110 1
88 119 1
88 127 1
88 135 1
88 139 1
89 91 1
89 93 1
89 99 1
89 100 1
89 117 1
89 127 1
89 130 1
90 91 1
90 100 1
90 101 1
90 103 1
90 104 1
90 107 1
90 115 1
90 127 1
90 131 1
90 132 1
91 92 1
91 93 1
91 97 1
91 98 1
91 105 1
91 113 1
91 120 1
91 123 1
91 128 1
91 130 1
91 133 1
91 137 1
91 138 1
91 139 1
92 98 1
92 106 1
92 123 1
92 125 1
92 136 1
92 137 1
93 96 1
93 97 1
93 99 1
93 104 1
93 113 1
93 124 1
93 133 1
94 97 1
94 100 1
94 105 1
94 106 1
94 108 1
94 112 1
94 125 1
94 130 1
94 132 1
95 101 1
95 107 1
95 116 1
95 122 1
95 127 1
95 130 1
95 137 1
96 99 1
96 100 1
96 104 1
96 113 1
96 116 1
96 124 1
96 127 1
96 132 1
97 119 1
97 121 1
97 125 1
97 128 1
97 136 1
97 139 1
98 122 1
98 125 1
98 127 1
98 128 1
98 131 1
98 139 1
99 100 1
99 102 1
99 115 1
99 118 1
99 120 1
99 126 1
100 102 1
100 116 1
100 125 1
100 132 1
100 138 1
101 119 1
101 123 1
101 129 1
101 131 1
101 132 1
101 135 1
102 105 1
102 106 1
102 107 1
102 111 1
102 124 1
102 137 1
103 104 1
103 105 1
103 107 1
103 114 1
103 137 1
103 138 1
104 113 1
104 122 1
104 131 1
105 115 1
105 130 1
105 131 1
106 111 1
106 124 1
106 129 1
106 130 1
107 109 1
107 115 1
107 131 1
107 134 1
107 135 1
108 117 1
108 123 1
108 129 1
108 130 1
108 133 1
108 135 1
108 136 1
109 115 1
109 120 1
110 112 1
110 114 1
111 118 1
111 121 1
111 123 1
111 128 1
111 132 1
112 114 1
112 120 1
112 126 1
112 127 1
112 128 1
112 134 1
112 138 1
113 116 1
113 122 1
114 115 1
114 117 1
114 118 1
114 132 1
114 136 1
115 136 1
116 119 1
116 126 1
116 130 1
116 132 1
116 134 1
116 135 1
117 133 1
118 123 1
118 124 1
118 137 1
119 125 1
119 132 1
119 138 1
121 125 1
121 132 1
121 136 1
122 125 1
122 126 1
122 128 1
123 135 1
123 139 1
124 129 1
124 131 1
125 126 1
126 133 1
126 136 1
126 139 1
127 133 1
128 133 1
128 137 1
128 138 1
128 139 1
129 130 1
129 134 1
129 137 1
130 131 1
130 137 1
132 135 1
132 138 1
133 136 1
135 137 1
1
46 113 22 16 125 79 13 34 131 104 95 54 112 69
