841
0 3 1
0 7 1
0 10 1
0 12 1
0 25 1
0 28 1
0 29 1
0 37 1
0 46 1
0 51 1
0 54 1
0 56 1
0 57 1
0 61 1
0 67 1
0 71 1
0 83 1
0 88 1
1 13 1
1 15 1
1 16 1
1 19 1
1 22 1
1 28 1
1 30 1
1 36 1
1 40 1
1 46 1
1 48 1
1 49 1
1 61 1
1 71 1
1 79 1
1 81 1
1 84 1
1 88 1
1 89 1
2 3 1
2 6 1
2 17 1
2 18 1
2 20 1
2 25 1
2 33 1
2 44 1
2 52 1
2 53 1
2 55 1
2 63 1
2 70 1
2 73 1
2 74 1
2 77 1
3 9 1
3 15 1
3 19 1
3 20 1
3 32 1
3 37 1
3 39 1
3 41 1
3 42 1
3 47 1
3 49 1
3 50 1
3 51 1
3 52 1
3 57 1
3 60 1
3 67 1
3 80 1
3 86 1
4 7 1
4 14 1
4 21 1
4 25 1
4 31 1
4 40 1
4 48 1
4 50 1
4 55 1
4 65 1
4 67 1
4 71 1
4 73 1
4 79 1
4 88 1
4 89 1
5 13 1
5 16 1
5 23 1
5 29 1
5 31 1
5 52 1
5 54 1
5 58 1
5 70 1
5 78 1
5 80 1
5 84 1
5 85 1
5 87 1
5 89 1
6 7 1
6 8 1
6 16 1
6 19 1
6 22 1
6 27 1
6 34 1
6 38 1
6 44 1
6 48 1
6 60 1
6 61 1
6 64 1
6 65 1
6 76 1
6 80 1
7 11 1
7 20 1
7 21 1
7 23 1
7 28 1
7 32 1
7 35 1
7 38 1
7 46 1
7 57 1
7 59 1
7 60 1
7 63 1
7 73 1
7 77 1
7 78 1
7 87 1
7 88 1
8 13 1
8 18 1
8 20 1
8 24 1
8 40 1
8 41 1
8 42 1
8 45 1
8 52 1
8 53 1
8 56 1
8 70 1
8 71 1
8 75 1
8 77 1
8 78 1
8 79 1
8 83 1
8 84 1
9 11 1
9 13 1
9 14 1
9 19 1
9 23 1
9 24 1
9 25 1
9 29 1
9 31 1
9 34 1
9 37 1
9 43 1
9 45 1
9 48 1
9 52 1
9 56 1
9 74 1
9 76 1
9 84 1
10 11 1
10 17 1
10 20 1
10 32 1
10 33 1
10 40 1
10 50 1
10 51 1
10 56 1
10 58 1
10 59 1
10 64 1
10 69 1
10 74 1
10 75 1
10 81 1
10 89 1
11 17 1
11 24 1
11 29 1
11 30 1
11 41 1
11 50 1
11 51 1
11 57 1
11 59 1
11 63 1
11 74 1
11 76 1
11 88 1
12 13 1
12 19 1
12 20 1
12 22 1
12 23 1
12 28 1
12 33 1
12 37 1
12 43 1
12 51 1
12 54 1
12 55 1
12 60 1
12 63 1
12 65 1
12 66 1
12 83 1
12 85 1
12 89 1
13 14 1
13 16 1
13 18 1
13 25 1
13 28 1
13 31 1
13 37 1
13 38 1
13 43 1
13 51 1
13 53 1
13 55 1
13 57 1
13 58 1
13 64 1
13 66 1
13 73 1
13 74 1
13 85 1
13 87 1
13 89 1
14 17 1
14 31 1
14 32 1
14 36 1
14 38 1
14 44 1
14 46 1
14 51 1
14 59 1
14 63 1
14 65 1
14 67 1
14 74 1
14 87 1
14 89 1
15 26 1
15 30 1
15 32 1
15 34 1
15 41 1
15 50 1
15 55 1
15 62 1
15 73 1
15 74 1
15 88 1
16 21 1
16 28 1
16 33 1
16 49 1
16 56 1
16 58 1
16 63 1
16 68 1
16 73 1
16 85 1
16 87 1
16 88 1
17 19 1
17 21 1
17 23 1
17 26 1
17 38 1
17 41 1
17 47 1
17 56 1
17 61 1
17 66 1
17 68 1
17 75 1
17 87 1
18 20 1
18 23 1
18 29 1
18 30 1
18 34 1
18 42 1
18 43 1
18 44 1
18 47 1
18 48 1
18 49 1
18 55 1
18 65 1
18 70 1
18 71 1
18 75 1
18 81 1
18 82 1
18 84 1
18 87 1
19 22 1
19 23 1
19 24 1
19 26 1
19 27 1
19 32 1
19 35 1
19 45 1
19 46 1
19 55 1
19 56 1
19 57 1
19 60 1
19 63 1
19 74 1
19 80 1
20 23 1
20 25 1
20 30 1
20 31 1
20 34 1
20 44 1
20 61 1
20 71 1
20 77 1
20 84 1
21 28 1
21 30 1
21 37 1
21 44 1
21 46 1
21 53 1
21 54 1
21 57 1
21 64 1
21 65 1
21 66 1
21 70 1
22 37 1
22 42 1
22 43 1
22 48 1
22 56 1
22 66 1
22 67 1
22 68 1
22 75 1
22 81 1
23 25 1
23 26 1
23 38 1
23 41 1
23 46 1
23 47 1
23 55 1
23 59 1
23 64 1
23 66 1
23 68 1
23 69 1
23 75 1
23 76 1
23 80 1
23 89 1
24 25 1
24 31 1
24 63 1
24 70 1
24 82 1
24 83 1
24 85 1
24 86 1
24 88 1
25 42 1
25 43 1
25 47 1
25 54 1
25 61 1
25 68 1
25 70 1
25 72 1
25 73 1
25 74 1
25 75 1
25 82 1
25 86 1
25 87 1
25 89 1
26 29 1
26 40 1
26 48 1
26 53 1
26 57 1
26 65 1
26 74 1
26 79 1
26 83 1
26 87 1
26 88 1
27 29 1
27 44 1
27 48 1
27 51 1
27 52 1
27 55 1
27 63 1
27 71 1
27 76 1
27 78 1
27 79 1
27 83 1
27 86 1
27 87 1
27 88 1
28 30 1
28 32 1
28 33 1
28 36 1
28 42 1
28 45 1
28 54 1
28 61 1
28 67 1
28 74 1
28 76 1
28 79 1
28 87 1
29 36 1
29 37 1
29 39 1
29 40 1
29 46 1
29 49 1
29 50 1
29 53 1
29 54 1
29 59 1
29 61 1
29 63 1
29 65 1
29 67 1
29 78 1
29 82 1
29 83 1
30 35 1
30 37 1
30 38 1
30 39 1
30 45 1
30 46 1
30 47 1
30 49 1
30 64 1
30 67 1
30 80 1
30 81 1
30 82 1
30 86 1
30 87 1
31 35 1
31 42 1
31 50 1
31 65 1
31 73 1
31 78 1
31 86 1
31 87 1
32 35 1
32 38 1
32 40 1
32 46 1
32 47 1
32 48 1
32 52 1
32 54 1
32 58 1
32 67 1
32 74 1
32 79 1
32 81 1
33 34 1
33 43 1
33 45 1
33 46 1
33 52 1
33 54 1
33 59 1
33 61 1
33 65 1
33 66 1
33 68 1
33 69 1
33 70 1
33 72 1
33 77 1
33 81 1
33 83 1
34 39 1
34 40 1
34 44 1
34 47 1
34 50 1
34 51 1
34 59 1
34 65 1
34 68 1
34 70 1
34 78 1
34 79 1
34 81 1
34 86 1
34 89 1
35 36 1
35 40 1
35 49 1
35 51 1
35 55 1
35 56 1
35 57 1
35 60 1
35 65 1
35 69 1
35 73 1
35 77 1
35 79 1
35 85 1
35 86 1
35 89 1
36 40 1
36 41 1
36 50 1
36 55 1
36 60 1
36 62 1
36 66 1
36 71 1
36 77 1
36 84 1
36 86 1
36 88 1
37 48 1
37 56 1
37 65 1
37 75 1
37 83 1
37 89 1
38 41 1
38 44 1
38 45 1
38 46 1
38 53 1
38 58 1
38 64 1
38 65 1
38 67 1
38 70 1
38 71 1
38 72 1
38 74 1
38 76 1
38 83 1
39 40 1
39 44 1
39 45 1
39 48 1
39 51 1
39 60 1
39 62 1
39 63 1
39 65 1
39 66 1
39 73 1
39 74 1
39 78 1
39 82 1
39 83 1
39 86 1
40 43 1
40 44 1
40 48 1
40 53 1
40 54 1
40 56 1
40 57 1
40 66 1
40 67 1
40 68 1
40 71 1
40 76 1
40 85 1
41 45 1
41 54 1
41 56 1
41 59 1
41 64 1
41 81 1
41 83 1
42 46 1
42 54 1
42 62 1
42 63 1
42 78 1
43 44 1
43 45 1
43 50 1
43 57 1
43 58 1
43 61 1
43 70 1
43 72 1
43 74 1
43 75 1
43 81 1
43 82 1
43 84 1
43 88 1
44 47 1
44 56 1
44 68 1
44 70 1
44 72 1
44 75 1
44 77 1
44 78 1
44 82 1
44 84 1
45 49 1
45 52 1
45 74 1
45 83 1
45 86 1
46 51 1
46 54 1
46 56 1
46 69 1
46 71 1
46 73 1
46 74 1
46 86 1
46 89 1
47 54 1
47 60 1
47 70 1
47 71 1
47 73 1
47 74 1
47 82 1
47 84 1
47 87 1
48 50 1
48 51 1
48 58 1
48 66 1
48 69 1
48 70 1
48 71 1
48 77 1
48 85 1
48 89 1
49 58 1
49 65 1
49 66 1
49 70 1
49 72 1
49 80 1
49 83 1
49 86 1
49 88 1
49 89 1
50 63 1
50 64 1
50 67 1
50 71 1
50 83 1
50 85 1
50 86 1
51 53 1
51 56 1
51 61 1
51 72 1
51 73 1
51 80 1
51 82 1
51 89 1
52 55 1
52 58 1
52 61 1
52 67 1
52 68 1
52 70 1
52 71 1
52 73 1
52 74 1
52 85 1
52 87 1
53 55 1
53 56 1
53 57 1
53 60 1
53 61 1
53 65 1
53 66 1
53 73 1
53 78 1
53 81 1
53 86 1
54 61 1
54 79 1
54 87 1
54 89 1
55 65 1
55 67 1
55 76 1
55 78 1
55 88 1
56 57 1
56 64 1
56 66 1
56 69 1
56 71 1
56 81 1
56 84 1
56 89 1
57 59 1
57 64 1
57 65 1
57 67 1
57 79 1
58 61 1
58 65 1
58 66 1
58 69 1
58 71 1
58 76 1
58 86 1
58 88 1
59 61 1
59 63 1
59 69 1
59 72 1
59 77 1
59 78 1
59 87 1
59 88 1
59 89 1
60 62 1
60 65 1
60 69 1
60 70 1
60 74 1
60 85 1
61 63 1
61 66 1
61 77 1
61 79 1
61 80 1
61 84 1
61 85 1
61 89 1
62 69 1
62 71 1
63 72 1
63 83 1
63 87 1
63 89 1
64 65 1
64 77 1
64 81 1
64 85 1
65 72 1
65 86 1
65 87 1
65 88 1
65 89 1
66 67 1
67 78 1
67 82 1
68 73 1
68 75 1
68 80 1
68 83 1
68 89 1
69 81 1
69 89 1
70 73 1
70 80 1
70 86 1
71 81 1
71 83 1
71 84 1
71 87 1
72 74 1
72 76 1
72 80 1
72 89 1
73 74 1
73 84 1
73 88 1
74 75 1
74 78 1
74 80 1
74 82 1
75 82 1
75 86 1
76 86 1
77 80 1
77 82 1
77 85 1
77 86 1
77 88 1
77 89 1
78 79 1
78 80 1
78 84 1
78 87 1
79 80 1
79 83 1
79 89 1
80 82 1
81 82 1
81 86 1
83 89 1
85 87 1
86 89 1
88 89 1
1
66 14 7 49 34 44 4 23 64
