1510
0 2 1
0 4 1
0 8 1
0 16 1
0 21 1
0 24 1
0 35 1
0 39 1
0 47 1
0 52 1
0 53 1
0 70 1
0 80 1
0 82 1
0 93 1
0 98 1
0 106 1
0 120 1
0 125 1
0 126 1
0 145 1
1 12 1
1 16 1
1 22 1
1 34 1
1 46 1
1 48 1
1 53 1
1 60 1
1 88 1
1 89 1
1 95 1
1 107 1
1 113 1
1 123 1
1 125 1
1 136 1
1 138 1
1 141 1
2 4 1
2 11 1
2 12 1
2 20 1
2 23 1
2 31 1
2 34 1
2 59 1
2 72 1
2 80 1
2 82 1
2 109 1
2 112 1
2 114 1
2 130 1
2 132 1
2 138 1
2 143 1
2 144 1
3 13 1
3 18 1
3 20 1
3 23 1
3 34 1
3 43 1
3 46 1
3 48 1
3 50 1
3 52 1
3 71 1
3 76 1
3 85 1
3 86 1
3 93 1
3 101 1
3 103 1
3 104 1
3 109 1
3 128 1
3 129 1
3 137 1
3 139 1
3 140 1
3 141 1
4 17 1
4 20 1
4 23 1
4 54 1
4 81 1
4 86 1
4 89 1
4 92 1
4 99 1
4 104 1
4 115 1
4 121 1
4 124 1
4 132 1
4 133 1
4 135 1
4 140 1
4 141 1
5 11 1
5 21 1
5 23 1
5 33 1
5 38 1
5 43 1
5 47 1
5 48 1
5 60 1
5 61 1
5 62 1
5 68 1
5 73 1
5 93 1
5 97 1
5 103 1
5 108 1
5 109 1
5 123 1
5 124 1
5 125 1
5 126 1
5 133 1
5 143 1
5 146 1
5 148 1
6 7 1
6 8 1
6 11 1
6 18 1
6 28 1
6 31 1
6 32 1
6 38 1
6 69 1
6 122 1
6 134 1
6 138 1
6 139 1
6 148 1
7 12 1
7 17 1
7 24 1
7 29 1
7 36 1
7 45 1
7 56 1
7 70 1
7 76 1
7 99 1
7 100 1
7 104 1
7 105 1
7 117 1
7 123 1
7 124 1
7 131 1
7 138 1
7 142 1
7 143 1
8 16 1
8 21 1
8 33 1
8 37 1
8 45 1
8 47 1
8 56 1
8 66 1
8 71 1
8 76 1
8 77 1
8 81 1
8 87 1
8 99 1
8 110 1
8 111 1
8 123 1
8 126 1
8 133 1
8 149 1
9 11 1
9 14 1
9 20 1
9 28 1
9 32 1
9 34 1
9 37 1
9 43 1
9 45 1
9 50 1
9 53 1
9 64 1
9 72 1
9 76 1
9 83 1
9 87 1
9 108 1
9 118 1
9 121 1
9 131 1
9 142 1
9 144 1
9 148 1
10 17 1
10 23 1
10 28 1
10 33 1
10 35 1
10 37 1
10 49 1
10 79 1
10 89 1
10 106 1
10 108 1
10 110 1
10 114 1
10 117 1
10 119 1
10 124 1
10 143 1
11 18 1
11 26 1
11 27 1
11 29 1
11 46 1
11 51 1
11 55 1
11 60 1
11 66 1
11 76 1
11 81 1
11 94 1
11 99 1
11 100 1
11 112 1
11 125 1
11 127 1
11 128 1
11 132 1
11 133 1
11 136 1
11 147 1
11 148 1
12 16 1
12 17 1
12 23 1
12 30 1
12 38 1
12 50 1
12 53 1
12 70 1
12 80 1
12 82 1
12 86 1
12 91 1
12 98 1
12 100 1
12 103 1
12 111 1
12 117 1
12 120 1
12 123 1
12 136 1
12 141 1
12 143 1
13 17 1
13 19 1
13 22 1
13 26 1
13 27 1
13 31 1
13 47 1
13 60 1
13 68 1
13 72 1
13 74 1
13 76 1
13 88 1
13 101 1
13 105 1
13 124 1
13 127 1
13 140 1
13 146 1
13 148 1
14 22 1
14 24 1
14 43 1
14 52 1
14 58 1
14 63 1
14 64 1
14 75 1
14 84 1
14 85 1
14 90 1
14 98 1
14 108 1
14 126 1
14 131 1
14 142 1
15 33 1
15 34 1
15 45 1
15 51 1
15 54 1
15 72 1
15 75 1
15 77 1
15 81 1
15 88 1
15 94 1
15 113 1
15 115 1
15 116 1
15 122 1
15 123 1
15 127 1
15 130 1
15 132 1
15 142 1
15 146 1
15 149 1
16 24 1
16 27 1
16 33 1
16 35 1
16 39 1
16 51 1
16 64 1
16 65 1
16 75 1
16 84 1
16 90 1
16 91 1
16 98 1
16 137 1
16 142 1
17 24 1
17 29 1
17 35 1
17 40 1
17 45 1
17 47 1
17 51 1
17 52 1
17 56 1
17 60 1
17 66 1
17 68 1
17 94 1
17 100 1
17 106 1
17 107 1
17 121 1
17 143 1
18 19 1
18 24 1
18 32 1
18 36 1
18 41 1
18 50 1
18 52 1
18 53 1
18 58 1
18 69 1
18 70 1
18 72 1
18 83 1
18 85 1
18 95 1
18 101 1
18 102 1
18 112 1
18 115 1
18 126 1
18 135 1
18 142 1
19 24 1
19 37 1
19 38 1
19 45 1
19 53 1
19 55 1
19 56 1
19 59 1
19 67 1
19 72 1
19 78 1
19 87 1
19 88 1
19 89 1
19 112 1
19 126 1
19 131 1
19 133 1
19 136 1
19 137 1
19 138 1
19 142 1
19 146 1
19 147 1
20 34 1
20 39 1
20 55 1
20 56 1
20 59 1
20 62 1
20 74 1
20 78 1
20 85 1
20 89 1
20 90 1
20 100 1
20 102 1
20 119 1
20 134 1
21 23 1
21 26 1
21 28 1
21 41 1
21 56 1
21 67 1
21 76 1
21 79 1
21 81 1
21 83 1
21 86 1
21 94 1
21 98 1
21 119 1
21 126 1
21 131 1
21 143 1
22 55 1
22 61 1
22 69 1
22 73 1
22 78 1
22 79 1
22 80 1
22 82 1
22 89 1
22 98 1
22 125 1
22 131 1
22 135 1
22 143 1
23 43 1
23 49 1
23 50 1
23 59 1
23 60 1
23 62 1
23 85 1
23 86 1
23 88 1
23 91 1
23 97 1
23 105 1
23 114 1
23 116 1
23 119 1
23 129 1
23 132 1
23 134 1
23 137 1
23 149 1
24 29 1
24 50 1
24 55 1
24 69 1
24 71 1
24 83 1
24 89 1
24 99 1
24 104 1
24 127 1
24 133 1
24 148 1
25 31 1
25 34 1
25 39 1
25 48 1
25 65 1
25 74 1
25 92 1
25 108 1
25 118 1
25 136 1
25 140 1
25 144 1
25 145 1
25 148 1
26 38 1
26 41 1
26 42 1
26 43 1
26 56 1
26 60 1
26 78 1
26 80 1
26 82 1
26 100 1
26 102 1
26 110 1
26 115 1
26 123 1
26 130 1
26 133 1
26 149 1
27 28 1
27 35 1
27 40 1
27 58 1
27 64 1
27 65 1
27 69 1
27 76 1
27 78 1
27 80 1
27 82 1
27 93 1
27 123 1
27 126 1
27 127 1
27 130 1
27 133 1
27 136 1
27 142 1
27 146 1
28 42 1
28 47 1
28 49 1
28 54 1
28 60 1
28 64 1
28 66 1
28 71 1
28 72 1
28 86 1
28 95 1
28 100 1
28 103 1
28 109 1
28 113 1
28 116 1
28 119 1
28 123 1
28 126 1
28 128 1
28 140 1
28 143 1
28 144 1
29 45 1
29 52 1
29 56 1
29 60 1
29 71 1
29 82 1
29 84 1
29 90 1
29 101 1
29 103 1
29 104 1
29 109 1
29 114 1
29 116 1
29 131 1
29 136 1
29 137 1
29 141 1
30 32 1
30 33 1
30 42 1
30 44 1
30 58 1
30 65 1
30 72 1
30 74 1
30 85 1
30 93 1
30 100 1
30 101 1
30 104 1
30 108 1
30 120 1
30 130 1
30 134 1
30 135 1
30 137 1
30 138 1
30 145 1
30 148 1
31 39 1
31 45 1
31 52 1
31 57 1
31 66 1
31 81 1
31 86 1
31 90 1
31 91 1
31 121 1
31 123 1
31 126 1
31 134 1
31 144 1
32 58 1
32 62 1
32 73 1
32 77 1
32 86 1
32 92 1
32 96 1
32 105 1
32 118 1
32 121 1
32 122 1
32 140 1
32 141 1
32 144 1
32 148 1
33 39 1
33 42 1
33 64 1
33 67 1
33 69 1
33 71 1
33 82 1
33 83 1
33 115 1
33 123 1
33 126 1
33 129 1
33 133 1
33 149 1
34 35 1
34 43 1
34 49 1
34 55 1
34 66 1
34 71 1
34 79 1
34 102 1
34 121 1
34 143 1
34 147 1
34 149 1
35 39 1
35 51 1
35 53 1
35 60 1
35 72 1
35 78 1
35 90 1
35 94 1
35 104 1
35 108 1
35 112 1
35 123 1
35 127 1
35 128 1
35 130 1
35 132 1
35 133 1
35 134 1
36 40 1
36 66 1
36 85 1
36 95 1
36 98 1
36 101 1
36 110 1
36 137 1
36 144 1
37 59 1
37 60 1
37 62 1
37 81 1
37 84 1
37 92 1
37 96 1
37 104 1
37 107 1
37 108 1
37 112 1
37 114 1
37 121 1
37 133 1
37 136 1
37 141 1
37 149 1
38 45 1
38 64 1
38 65 1
38 69 1
38 80 1
38 82 1
38 86 1
38 89 1
38 97 1
38 103 1
38 105 1
38 109 1
38 120 1
38 123 1
38 131 1
38 139 1
38 140 1
38 148 1
39 42 1
39 45 1
39 52 1
39 54 1
39 58 1
39 65 1
39 80 1
39 95 1
39 96 1
39 110 1
39 114 1
39 127 1
39 133 1
39 140 1
39 143 1
39 148 1
40 49 1
40 62 1
40 68 1
40 80 1
40 87 1
40 91 1
40 92 1
40 98 1
40 131 1
40 133 1
40 134 1
40 138 1
40 144 1
40 145 1
40 147 1
41 45 1
41 50 1
41 54 1
41 56 1
41 59 1
41 73 1
41 93 1
41 100 1
41 120 1
41 127 1
41 137 1
41 138 1
41 139 1
41 146 1
42 54 1
42 71 1
42 78 1
42 85 1
42 86 1
42 87 1
42 96 1
42 100 1
42 102 1
42 120 1
42 124 1
42 125 1
42 127 1
42 129 1
42 139 1
42 146 1
43 49 1
43 57 1
43 58 1
43 62 1
43 63 1
43 72 1
43 79 1
43 82 1
43 85 1
43 88 1
43 90 1
43 99 1
43 100 1
43 110 1
43 114 1
43 116 1
43 121 1
43 123 1
43 135 1
44 46 1
44 57 1
44 58 1
44 59 1
44 91 1
44 92 1
44 95 1
44 97 1
44 101 1
44 103 1
44 105 1
44 106 1
44 113 1
44 121 1
44 134 1
44 138 1
45 46 1
45 49 1
45 54 1
45 58 1
45 62 1
45 64 1
45 77 1
45 78 1
45 85 1
45 88 1
45 90 1
45 101 1
45 104 1
45 113 1
45 120 1
45 127 1
45 135 1
45 136 1
45 146 1
45 148 1
46 55 1
46 73 1
46 76 1
46 100 1
46 105 1
46 115 1
46 123 1
46 144 1
47 50 1
47 55 1
47 58 1
47 59 1
47 60 1
47 76 1
47 86 1
47 90 1
47 110 1
47 119 1
47 126 1
47 130 1
47 136 1
47 144 1
48 52 1
48 85 1
48 93 1
48 97 1
48 124 1
48 149 1
49 62 1
49 64 1
49 65 1
49 75 1
49 91 1
49 93 1
49 107 1
49 110 1
49 111 1
49 116 1
49 117 1
49 119 1
49 122 1
49 130 1
49 131 1
49 149 1
50 61 1
50 65 1
50 76 1
50 79 1
50 82 1
50 97 1
50 114 1
50 130 1
50 131 1
50 134 1
50 136 1
50 142 1
50 144 1
50 147 1
50 149 1
51 54 1
51 55 1
51 61 1
51 63 1
51 66 1
51 72 1
51 78 1
51 80 1
51 87 1
51 92 1
51 101 1
51 102 1
51 107 1
51 108 1
51 133 1
51 136 1
51 149 1
52 58 1
52 64 1
52 66 1
52 80 1
52 89 1
52 96 1
52 102 1
52 103 1
52 127 1
53 55 1
53 71 1
53 74 1
53 81 1
53 84 1
53 95 1
53 99 1
53 102 1
53 119 1
53 121 1
53 126 1
53 127 1
53 129 1
53 145 1
54 57 1
54 75 1
54 76 1
54 100 1
54 101 1
54 128 1
54 131 1
54 133 1
55 61 1
55 63 1
55 71 1
55 85 1
55 92 1
55 95 1
55 106 1
55 131 1
56 63 1
56 64 1
56 65 1
56 83 1
56 85 1
56 86 1
56 92 1
56 94 1
56 97 1
56 107 1
56 114 1
56 121 1
56 141 1
56 142 1
56 146 1
57 58 1
57 60 1
57 67 1
57 68 1
57 72 1
57 76 1
57 86 1
57 91 1
57 95 1
57 97 1
57 109 1
57 116 1
57 119 1
57 120 1
57 124 1
57 138 1
57 139 1
57 144 1
57 147 1
58 62 1
58 72 1
58 82 1
58 96 1
58 107 1
58 120 1
58 126 1
58 129 1
58 131 1
58 132 1
58 138 1
59 71 1
59 74 1
59 85 1
59 89 1
59 98 1
59 106 1
59 129 1
59 138 1
59 139 1
59 146 1
59 147 1
59 149 1
60 70 1
60 73 1
60 74 1
60 98 1
60 99 1
60 104 1
60 105 1
60 118 1
60 124 1
60 139 1
60 141 1
61 66 1
61 74 1
61 82 1
61 89 1
61 102 1
61 113 1
61 117 1
61 142 1
61 144 1
61 147 1
61 149 1
62 65 1
62 71 1
62 73 1
62 75 1
62 89 1
62 94 1
62 96 1
62 100 1
62 120 1
62 144 1
62 146 1
63 68 1
63 74 1
63 76 1
63 84 1
63 110 1
63 128 1
63 130 1
63 138 1
63 143 1
64 76 1
64 87 1
64 94 1
64 122 1
64 126 1
64 133 1
64 136 1
64 142 1
64 145 1
64 148 1
65 77 1
65 92 1
65 95 1
65 130 1
65 135 1
65 139 1
65 140 1
65 146 1
65 148 1
66 78 1
66 91 1
66 97 1
66 114 1
66 124 1
66 126 1
66 131 1
66 134 1
66 140 1
66 143 1
66 144 1
67 79 1
67 83 1
67 97 1
67 104 1
67 113 1
67 125 1
67 126 1
67 128 1
67 131 1
67 140 1
67 148 1
67 149 1
68 72 1
68 84 1
68 86 1
68 93 1
68 102 1
68 115 1
68 147 1
68 148 1
69 70 1
69 86 1
69 92 1
69 103 1
69 104 1
69 120 1
69 123 1
69 138 1
69 141 1
70 81 1
70 89 1
70 93 1
70 99 1
70 143 1
71 88 1
71 99 1
71 100 1
71 105 1
71 118 1
71 126 1
71 137 1
71 149 1
72 73 1
72 81 1
72 82 1
72 89 1
72 99 1
72 104 1
72 107 1
72 113 1
72 127 1
72 135 1
73 74 1
73 76 1
73 88 1
73 109 1
73 112 1
73 114 1
73 117 1
73 120 1
73 125 1
73 126 1
73 127 1
74 79 1
74 80 1
74 87 1
74 89 1
74 91 1
74 101 1
74 103 1
74 112 1
74 122 1
74 125 1
74 126 1
74 127 1
74 128 1
74 130 1
74 138 1
74 139 1
74 145 1
74 149 1
75 106 1
75 108 1
75 127 1
75 133 1
75 136 1
75 138 1
75 140 1
75 149 1
76 78 1
76 80 1
76 82 1
76 89 1
76 98 1
76 122 1
76 126 1
76 132 1
76 139 1
77 80 1
77 90 1
77 91 1
77 93 1
77 113 1
77 124 1
77 139 1
77 144 1
78 89 1
78 94 1
78 98 1
78 99 1
78 121 1
78 125 1
78 131 1
78 142 1
78 147 1
78 149 1
79 80 1
79 88 1
79 90 1
79 104 1
79 107 1
79 118 1
79 121 1
79 127 1
79 137 1
79 141 1
80 81 1
80 91 1
80 97 1
80 102 1
80 109 1
80 113 1
80 116 1
80 117 1
80 124 1
80 127 1
80 133 1
80 140 1
81 91 1
81 100 1
81 110 1
81 126 1
81 148 1
81 149 1
82 85 1
82 87 1
82 99 1
82 100 1
82 104 1
82 107 1
82 118 1
82 119 1
82 124 1
82 131 1
82 133 1
82 145 1
83 89 1
83 91 1
83 95 1
83 106 1
83 112 1
83 117 1
83 120 1
84 94 1
84 100 1
84 116 1
84 122 1
84 126 1
84 128 1
84 129 1
84 138 1
84 149 1
85 92 1
85 122 1
85 131 1
86 87 1
86 94 1
86 95 1
86 118 1
86 122 1
86 123 1
87 88 1
87 97 1
87 105 1
87 120 1
87 121 1
87 134 1
87 136 1
87 143 1
87 147 1
88 92 1
88 99 1
88 110 1
88 142 1
89 104 1
89 110 1
89 112 1
89 116 1
89 118 1
89 125 1
89 136 1
89 140 1
89 142 1
89 148 1
90 99 1
90 103 1
90 110 1
90 119 1
90 126 1
90 131 1
90 137 1
90 141 1
90 142 1
90 149 1
91 100 1
91 111 1
91 121 1
91 122 1
92 97 1
92 106 1
92 108 1
92 126 1
92 129 1
92 132 1
92 137 1
93 95 1
93 110 1
93 115 1
93 116 1
93 117 1
93 119 1
93 125 1
93 126 1
93 135 1
93 145 1
93 149 1
94 97 1
94 98 1
94 126 1
94 131 1
94 135 1
94 138 1
94 144 1
95 99 1
95 103 1
95 106 1
95 116 1
95 118 1
95 126 1
95 135 1
95 142 1
96 106 1
96 115 1
96 131 1
96 134 1
96 145 1
97 101 1
97 117 1
97 123 1
97 124 1
97 131 1
97 145 1
97 148 1
98 99 1
98 101 1
98 102 1
98 109 1
98 119 1
98 132 1
99 103 1
99 115 1
99 123 1
99 129 1
99 131 1
99 138 1
99 140 1
100 107 1
100 109 1
100 112 1
100 132 1
100 135 1
100 138 1
101 107 1
101 124 1
101 128 1
101 131 1
101 135 1
101 140 1
102 104 1
102 107 1
102 116 1
102 138 1
102 143 1
102 148 1
102 149 1
103 112 1
103 113 1
103 120 1
103 138 1
103 140 1
104 108 1
104 116 1
104 136 1
104 140 1
104 146 1
105 126 1
105 132 1
105 137 1
105 139 1
105 148 1
106 110 1
106 123 1
106 124 1
106 142 1
107 116 1
107 117 1
107 121 1
107 127 1
107 131 1
107 138 1
107 140 1
107 144 1
108 131 1
108 133 1
108 135 1
108 138 1
108 148 1
109 112 1
109 115 1
109 118 1
109 119 1
110 112 1
110 123 1
110 126 1
110 131 1
110 134 1
110 147 1
110 149 1
111 114 1
111 124 1
111 135 1
111 149 1
112 124 1
112 135 1
112 136 1
112 138 1
113 114 1
113 118 1
113 119 1
113 131 1
113 139 1
113 146 1
114 116 1
114 119 1
114 121 1
114 126 1
114 130 1
114 147 1
114 148 1
115 126 1
115 127 1
115 130 1
115 137 1
115 148 1
115 149 1
116 117 1
116 126 1
116 128 1
117 120 1
117 127 1
117 130 1
117 134 1
117 138 1
117 141 1
118 120 1
118 125 1
118 127 1
118 132 1
118 133 1
118 134 1
119 133 1
119 149 1
121 134 1
122 132 1
122 135 1
122 143 1
122 144 1
123 124 1
123 130 1
123 133 1
123 138 1
123 140 1
123 142 1
123 145 1
124 126 1
124 130 1
124 133 1
124 137 1
124 142 1
124 144 1
124 149 1
125 126 1
125 129 1
125 143 1
125 145 1
126 133 1
126 135 1
126 139 1
127 131 1
127 135 1
127 146 1
127 149 1
128 149 1
129 130 1
129 132 1
129 133 1
129 148 1
131 136 1
131 145 1
133 134 1
133 142 1
133 143 1
134 138 1
134 143 1
134 149 1
135 139 1
136 141 1
136 148 1
137 140 1
139 140 1
139 142 1
139 143 1
140 145 1
141 144 1
141 146 1
141 147 1
141 149 1
146 148 1
1
99 70 132 65 80 23 30 41 74 133 27 33 119 106 130
