749
0 1 1
0 2 1
0 6 1
0 19 1
0 27 1
0 29 1
0 42 1
0 43 1
0 44 1
0 49 1
0 50 1
0 57 1
0 60 1
0 71 1
0 76 1
0 77 1
0 79 1
1 5 1
1 11 1
1 13 1
1 17 1
1 21 1
1 23 1
1 31 1
1 33 1
1 37 1
1 44 1
1 47 1
1 55 1
1 64 1
1 70 1
1 71 1
1 73 1
1 74 1
1 77 1
2 6 1
2 11 1
2 12 1
2 14 1
2 16 1
2 23 1
2 24 1
2 27 1
2 31 1
2 39 1
2 40 1
2 42 1
2 45 1
2 47 1
2 48 1
2 54 1
2 58 1
2 68 1
2 69 1
2 71 1
2 72 1
2 75 1
2 77 1
3 5 1
3 13 1
3 15 1
3 16 1
3 21 1
3 23 1
3 24 1
3 38 1
3 39 1
3 40 1
3 44 1
3 49 1
3 53 1
3 61 1
3 74 1
3 76 1
3 77 1
3 79 1
4 7 1
4 12 1
4 25 1
4 35 1
4 59 1
4 62 1
4 64 1
4 67 1
4 68 1
4 74 1
4 78 1
4 79 1
5 8 1
5 10 1
5 14 1
5 15 1
5 20 1
5 29 1
5 32 1
5 37 1
5 40 1
5 41 1
5 56 1
5 62 1
5 65 1
5 66 1
5 69 1
5 73 1
5 76 1
6 13 1
6 26 1
6 28 1
6 30 1
6 35 1
6 37 1
6 39 1
6 43 1
6 44 1
6 63 1
6 72 1
6 76 1
7 11 1
7 13 1
7 16 1
7 23 1
7 26 1
7 29 1
7 39 1
7 40 1
7 43 1
7 67 1
7 71 1
7 74 1
7 76 1
8 10 1
8 11 1
8 13 1
8 24 1
8 39 1
8 41 1
8 43 1
8 48 1
8 49 1
8 54 1
8 55 1
8 58 1
8 63 1
8 66 1
8 67 1
8 74 1
8 79 1
9 10 1
9 11 1
9 13 1
9 25 1
9 29 1
9 32 1
9 35 1
9 38 1
9 42 1
9 51 1
9 52 1
9 55 1
9 59 1
9 60 1
9 61 1
9 63 1
9 64 1
9 68 1
9 74 1
9 77 1
9 78 1
10 13 1
10 21 1
10 22 1
10 27 1
10 29 1
10 31 1
10 41 1
10 44 1
10 50 1
10 51 1
10 53 1
10 54 1
10 70 1
10 72 1
10 74 1
10 76 1
10 77 1
10 78 1
11 18 1
11 19 1
11 20 1
11 21 1
11 22 1
11 30 1
11 35 1
11 40 1
11 42 1
11 48 1
11 50 1
11 54 1
11 64 1
12 24 1
12 28 1
12 29 1
12 30 1
12 32 1
12 34 1
12 46 1
12 47 1
12 48 1
12 49 1
12 54 1
12 57 1
12 62 1
12 63 1
12 65 1
12 66 1
12 78 1
13 18 1
13 20 1
13 25 1
13 28 1
13 31 1
13 34 1
13 36 1
13 39 1
13 41 1
13 42 1
13 50 1
13 51 1
13 53 1
13 56 1
13 61 1
13 63 1
13 68 1
13 70 1
13 71 1
13 73 1
13 74 1
13 76 1
13 77 1
13 79 1
14 18 1
14 19 1
14 22 1
14 23 1
14 24 1
14 27 1
14 31 1
14 32 1
14 34 1
14 36 1
14 37 1
14 40 1
14 43 1
14 54 1
14 59 1
14 62 1
14 66 1
14 67 1
14 71 1
15 19 1
15 24 1
15 29 1
15 30 1
15 37 1
15 39 1
15 40 1
15 42 1
15 60 1
15 61 1
15 62 1
15 69 1
15 75 1
15 77 1
16 22 1
16 24 1
16 26 1
16 28 1
16 30 1
16 32 1
16 35 1
16 38 1
16 43 1
16 57 1
16 71 1
16 73 1
16 76 1
16 77 1
17 19 1
17 26 1
17 27 1
17 29 1
17 31 1
17 32 1
17 34 1
17 36 1
17 42 1
17 49 1
17 54 1
17 60 1
17 62 1
17 64 1
17 67 1
17 68 1
17 69 1
17 76 1
18 20 1
18 33 1
18 38 1
18 39 1
18 43 1
18 49 1
18 55 1
18 63 1
18 64 1
18 65 1
18 70 1
18 75 1
18 76 1
19 23 1
19 27 1
19 34 1
19 36 1
19 42 1
19 43 1
19 48 1
19 57 1
19 58 1
19 59 1
19 60 1
19 61 1
19 66 1
19 68 1
19 69 1
19 71 1
20 22 1
20 23 1
20 29 1
20 39 1
20 40 1
20 43 1
20 45 1
20 47 1
20 48 1
20 49 1
20 50 1
20 51 1
20 53 1
20 55 1
20 57 1
20 58 1
20 67 1
20 70 1
20 76 1
20 79 1
21 31 1
21 38 1
21 40 1
21 41 1
21 52 1
21 59 1
21 63 1
21 66 1
21 69 1
21 71 1
21 76 1
21 79 1
22 27 1
22 32 1
22 34 1
22 35 1
22 38 1
22 44 1
22 45 1
22 50 1
22 54 1
22 59 1
22 67 1
22 68 1
22 71 1
22 74 1
22 78 1
22 79 1
23 29 1
23 34 1
23 36 1
23 38 1
23 41 1
23 52 1
23 53 1
23 55 1
23 58 1
23 61 1
23 63 1
23 66 1
23 69 1
23 72 1
23 74 1
23 75 1
24 29 1
24 30 1
24 39 1
24 48 1
24 51 1
24 52 1
24 57 1
24 59 1
24 61 1
24 68 1
24 76 1
24 78 1
25 26 1
25 42 1
25 43 1
25 47 1
25 52 1
25 56 1
25 63 1
25 66 1
25 73 1
25 76 1
25 79 1
26 30 1
26 32 1
26 34 1
26 35 1
26 44 1
26 46 1
26 49 1
26 50 1
26 60 1
26 62 1
26 64 1
26 68 1
26 70 1
26 72 1
26 77 1
27 30 1
27 32 1
27 34 1
27 35 1
27 46 1
27 63 1
27 66 1
27 67 1
27 68 1
27 78 1
28 33 1
28 34 1
28 35 1
28 39 1
28 40 1
28 42 1
28 44 1
28 57 1
28 59 1
28 66 1
28 74 1
29 32 1
29 37 1
29 41 1
29 47 1
29 48 1
29 50 1
29 51 1
29 52 1
29 53 1
29 67 1
29 69 1
29 70 1
29 72 1
29 74 1
29 77 1
29 79 1
30 32 1
30 35 1
30 36 1
30 37 1
30 54 1
30 59 1
30 66 1
30 68 1
30 69 1
30 71 1
30 72 1
31 37 1
31 38 1
31 39 1
31 42 1
31 44 1
31 46 1
31 51 1
31 53 1
31 60 1
31 66 1
31 73 1
31 74 1
31 76 1
32 39 1
32 40 1
32 41 1
32 42 1
32 45 1
32 47 1
32 48 1
32 49 1
32 51 1
32 52 1
32 53 1
32 55 1
32 58 1
32 61 1
32 63 1
32 64 1
32 69 1
32 73 1
32 75 1
33 36 1
33 38 1
33 39 1
33 47 1
33 50 1
33 53 1
33 54 1
33 55 1
33 71 1
33 72 1
33 73 1
33 78 1
34 36 1
34 40 1
34 43 1
34 51 1
34 65 1
34 69 1
34 70 1
34 73 1
34 79 1
35 36 1
35 43 1
35 44 1
35 47 1
35 48 1
35 76 1
36 45 1
36 46 1
36 49 1
36 54 1
36 60 1
36 75 1
37 39 1
37 40 1
37 44 1
37 48 1
37 53 1
37 59 1
37 65 1
37 67 1
38 50 1
38 54 1
38 69 1
38 72 1
38 76 1
38 78 1
39 43 1
39 49 1
39 53 1
39 61 1
39 68 1
39 76 1
39 77 1
40 42 1
40 49 1
40 52 1
40 54 1
40 58 1
40 62 1
40 66 1
40 73 1
40 76 1
40 78 1
41 46 1
41 48 1
41 51 1
41 56 1
41 61 1
41 64 1
41 70 1
41 72 1
41 74 1
41 78 1
42 50 1
42 62 1
42 68 1
42 69 1
42 74 1
43 52 1
43 54 1
43 57 1
43 63 1
43 71 1
43 74 1
44 54 1
44 57 1
44 62 1
44 67 1
44 69 1
44 72 1
44 77 1
45 46 1
45 50 1
45 54 1
45 58 1
45 60 1
45 61 1
45 64 1
45 65 1
45 68 1
45 78 1
46 48 1
46 67 1
46 70 1
46 71 1
46 72 1
47 49 1
47 52 1
47 58 1
47 63 1
47 67 1
47 75 1
47 78 1
48 50 1
48 54 1
48 62 1
48 65 1
48 70 1
48 73 1
48 78 1
49 50 1
49 52 1
49 55 1
49 66 1
49 67 1
49 68 1
49 75 1
49 77 1
50 58 1
50 63 1
50 65 1
50 67 1
50 77 1
51 53 1
51 55 1
51 56 1
51 58 1
51 62 1
51 67 1
51 70 1
51 72 1
51 78 1
52 53 1
52 59 1
52 63 1
52 66 1
52 71 1
52 76 1
52 79 1
53 56 1
53 58 1
53 59 1
53 64 1
53 70 1
53 75 1
53 76 1
53 78 1
54 55 1
54 56 1
54 57 1
54 68 1
54 69 1
54 77 1
55 58 1
55 61 1
55 63 1
55 64 1
55 67 1
55 68 1
55 71 1
55 77 1
56 70 1
56 71 1
56 74 1
56 75 1
56 78 1
57 63 1
57 66 1
57 68 1
57 71 1
58 60 1
58 61 1
58 72 1
58 75 1
58 79 1
59 64 1
59 67 1
59 76 1
60 67 1
60 73 1
60 76 1
60 79 1
61 68 1
61 73 1
62 65 1
62 66 1
62 69 1
62 73 1
62 76 1
62 77 1
63 68 1
63 73 1
63 76 1
63 78 1
64 65 1
64 71 1
64 72 1
65 70 1
65 74 1
65 75 1
65 77 1
65 78 1
65 79 1
66 79 1
67 74 1
68 69 1
68 71 1
68 76 1
68 78 1
69 71 1
69 73 1
69 74 1
69 76 1
69 78 1
69 79 1
70 72 1
71 74 1
73 77 1
73 79 1
74 78 1
76 77 1
78 79 1
1
39 49 73 13 71 17 52 1
