1565
0 4 1
0 9 1
0 12 1
0 23 1
0 30 1
0 35 1
0 38 1
0 45 1
0 46 1
0 48 1
0 50 1
0 55 1
0 59 1
0 61 1
0 65 1
0 76 1
0 93 1
0 97 1
0 119 1
0 127 1
0 131 1
0 132 1
0 139 1
0 140 1
0 141 1
1 4 1
1 25 1
1 27 1
1 30 1
1 41 1
1 51 1
1 57 1
1 62 1
1 64 1
1 93 1
1 103 1
1 105 1
1 111 1
1 113 1
1 122 1
1 124 1
1 138 1
1 145 1
2 19 1
2 25 1
2 35 1
2 39 1
2 50 1
2 52 1
2 55 1
2 60 1
2 67 1
2 71 1
2 73 1
2 81 1
2 94 1
2 103 1
2 109 1
2 122 1
2 126 1
2 128 1
2 134 1
2 137 1
3 12 1
3 19 1
3 25 1
3 26 1
3 29 1
3 33 1
3 35 1
3 63 1
3 71 1
3 81 1
3 91 1
3 94 1
3 97 1
3 108 1
3 122 1
3 124 1
4 10 1
4 17 1
4 24 1
4 34 1
4 35 1
4 37 1
4 54 1
4 56 1
4 60 1
4 63 1
4 70 1
4 74 1
4 91 1
4 104 1
4 105 1
4 109 1
4 114 1
4 115 1
4 116 1
4 119 1
4 137 1
5 12 1
5 39 1
5 40 1
5 44 1
5 50 1
5 51 1
5 52 1
5 63 1
5 70 1
5 73 1
5 75 1
5 77 1
5 82 1
5 91 1
5 105 1
5 111 1
5 113 1
5 127 1
5 134 1
6 37 1
6 38 1
6 41 1
6 47 1
6 56 1
6 70 1
6 72 1
6 78 1
6 96 1
6 108 1
6 111 1
6 120 1
6 144 1
6 146 1
6 148 1
7 18 1
7 30 1
7 32 1
7 68 1
7 69 1
7 72 1
7 75 1
7 85 1
7 88 1
7 109 1
7 119 1
7 120 1
7 124 1
7 125 1
7 130 1
7 145 1
8 22 1
8 28 1
8 39 1
8 40 1
8 44 1
8 47 1
8 48 1
8 53 1
8 54 1
8 56 1
8 66 1
8 72 1
8 73 1
8 74 1
8 79 1
8 87 1
8 101 1
8 123 1
8 131 1
8 133 1
8 142 1
9 13 1
9 20 1
9 21 1
9 23 1
9 30 1
9 32 1
9 52 1
9 68 1
9 71 1
9 73 1
9 77 1
9 79 1
9 94 1
9 96 1
9 98 1
9 103 1
9 114 1
9 118 1
9 129 1
9 136 1
10 16 1
10 21 1
10 39 1
10 42 1
10 46 1
10 49 1
10 52 1
10 60 1
10 102 1
10 106 1
10 110 1
10 112 1
10 128 1
10 130 1
10 132 1
10 135 1
10 139 1
10 141 1
11 22 1
11 38 1
11 40 1
11 45 1
11 47 1
11 48 1
11 50 1
11 55 1
11 58 1
11 67 1
11 72 1
11 73 1
11 85 1
11 99 1
11 101 1
11 105 1
11 108 1
11 117 1
11 122 1
11 125 1
11 127 1
11 131 1
11 141 1
12 17 1
12 31 1
12 32 1
12 36 1
12 46 1
12 50 1
12 51 1
12 52 1
12 62 1
12 66 1
12 98 1
12 100 1
12 105 1
12 116 1
12 121 1
12 126 1
12 128 1
12 129 1
12 133 1
13 31 1
13 39 1
13 50 1
13 52 1
13 60 1
13 66 1
13 74 1
13 76 1
13 89 1
13 90 1
13 97 1
13 100 1
13 111 1
13 122 1
13 125 1
13 127 1
14 16 1
14 17 1
14 76 1
14 82 1
14 83 1
14 86 1
14 87 1
14 88 1
14 106 1
14 111 1
14 113 1
14 119 1
14 121 1
14 123 1
14 129 1
14 134 1
14 138 1
14 141 1
14 144 1
14 145 1
14 149 1
15 20 1
15 21 1
15 25 1
15 33 1
15 42 1
15 49 1
15 53 1
15 58 1
15 63 1
15 74 1
15 80 1
15 83 1
15 93 1
15 97 1
15 111 1
15 144 1
15 146 1
16 17 1
16 50 1
16 74 1
16 85 1
16 87 1
16 93 1
16 98 1
16 99 1
16 103 1
16 107 1
16 109 1
16 112 1
16 114 1
16 126 1
16 136 1
16 143 1
17 56 1
17 62 1
17 68 1
17 75 1
17 76 1
17 82 1
17 85 1
17 91 1
17 97 1
17 98 1
17 99 1
17 109 1
17 118 1
17 119 1
17 141 1
17 144 1
17 146 1
18 34 1
18 37 1
18 41 1
18 62 1
18 68 1
18 70 1
18 72 1
18 74 1
18 87 1
18 106 1
18 107 1
18 116 1
18 123 1
18 124 1
18 126 1
19 29 1
19 65 1
19 78 1
19 94 1
19 99 1
19 102 1
19 106 1
19 107 1
19 111 1
19 115 1
19 122 1
19 125 1
19 137 1
19 138 1
19 148 1
20 26 1
20 30 1
20 38 1
20 40 1
20 51 1
20 54 1
20 62 1
20 65 1
20 80 1
20 81 1
20 82 1
20 85 1
20 93 1
20 105 1
20 123 1
20 139 1
21 25 1
21 27 1
21 34 1
21 37 1
21 47 1
21 53 1
21 55 1
21 61 1
21 62 1
21 75 1
21 79 1
21 93 1
21 95 1
21 101 1
21 104 1
21 112 1
21 123 1
21 134 1
21 135 1
21 136 1
22 25 1
22 38 1
22 58 1
22 68 1
22 78 1
22 90 1
22 93 1
22 94 1
22 98 1
22 100 1
22 113 1
22 120 1
22 121 1
22 126 1
22 130 1
22 142 1
23 34 1
23 43 1
23 46 1
23 54 1
23 66 1
23 68 1
23 85 1
23 89 1
23 91 1
23 94 1
23 100 1
23 102 1
23 103 1
23 111 1
23 117 1
23 127 1
23 132 1
23 142 1
23 143 1
24 41 1
24 50 1
24 51 1
24 54 1
24 55 1
24 65 1
24 70 1
24 71 1
24 74 1
24 79 1
24 82 1
24 90 1
24 100 1
24 113 1
24 118 1
24 124 1
24 137 1
24 144 1
25 33 1
25 53 1
25 60 1
25 67 1
25 76 1
25 88 1
25 89 1
25 90 1
25 91 1
25 103 1
25 109 1
25 111 1
25 121 1
25 129 1
25 132 1
25 138 1
25 145 1
26 32 1
26 35 1
26 44 1
26 57 1
26 60 1
26 74 1
26 76 1
26 88 1
26 91 1
26 93 1
26 102 1
26 103 1
26 112 1
26 119 1
26 123 1
26 138 1
26 144 1
27 29 1
27 32 1
27 45 1
27 58 1
27 63 1
27 67 1
27 71 1
27 89 1
27 90 1
27 91 1
27 95 1
27 96 1
27 100 1
27 102 1
27 108 1
27 118 1
27 122 1
27 124 1
27 133 1
27 137 1
27 148 1
27 149 1
28 29 1
28 39 1
28 52 1
28 55 1
28 60 1
28 68 1
28 69 1
28 73 1
28 74 1
28 78 1
28 86 1
28 100 1
28 106 1
28 111 1
28 125 1
28 134 1
28 140 1
29 39 1
29 55 1
29 56 1
29 64 1
29 88 1
29 94 1
29 102 1
29 103 1
29 105 1
29 106 1
29 112 1
29 126 1
29 128 1
29 131 1
29 137 1
29 140 1
29 141 1
29 142 1
30 32 1
30 33 1
30 37 1
30 41 1
30 51 1
30 53 1
30 57 1
30 59 1
30 69 1
30 71 1
30 75 1
30 84 1
30 87 1
30 88 1
30 97 1
30 120 1
31 33 1
31 34 1
31 35 1
31 41 1
31 51 1
31 53 1
31 88 1
31 92 1
31 101 1
31 102 1
31 105 1
31 106 1
31 107 1
31 117 1
31 126 1
31 130 1
31 137 1
32 58 1
32 60 1
32 61 1
32 73 1
32 84 1
32 92 1
32 102 1
32 121 1
32 129 1
32 130 1
32 143 1
32 144 1
32 148 1
33 36 1
33 39 1
33 44 1
33 48 1
33 50 1
33 52 1
33 55 1
33 56 1
33 67 1
33 68 1
33 69 1
33 85 1
33 96 1
33 100 1
33 102 1
33 104 1
33 106 1
33 107 1
33 122 1
33 136 1
33 141 1
34 36 1
34 41 1
34 43 1
34 52 1
34 58 1
34 61 1
34 104 1
34 111 1
34 114 1
34 115 1
34 116 1
34 119 1
34 121 1
34 125 1
34 129 1
34 132 1
34 142 1
34 145 1
35 38 1
35 54 1
35 55 1
35 57 1
35 66 1
35 80 1
35 92 1
35 96 1
35 99 1
35 115 1
35 119 1
35 124 1
35 125 1
35 129 1
35 134 1
35 135 1
35 141 1
36 50 1
36 53 1
36 63 1
36 65 1
36 70 1
36 76 1
36 77 1
36 79 1
36 80 1
36 83 1
36 88 1
36 98 1
36 100 1
36 111 1
36 121 1
36 128 1
36 146 1
36 149 1
37 58 1
37 60 1
37 67 1
37 71 1
37 79 1
37 86 1
37 89 1
37 94 1
37 98 1
37 101 1
37 113 1
37 115 1
37 118 1
37 124 1
37 131 1
37 140 1
37 143 1
38 47 1
38 49 1
38 58 1
38 63 1
38 64 1
38 80 1
38 81 1
38 82 1
38 84 1
38 95 1
38 97 1
38 98 1
38 100 1
38 115 1
38 119 1
38 136 1
39 40 1
39 47 1
39 50 1
39 61 1
39 65 1
39 69 1
39 73 1
39 74 1
39 84 1
39 89 1
39 91 1
39 95 1
39 106 1
39 110 1
39 111 1
39 112 1
39 115 1
39 124 1
39 136 1
39 137 1
39 139 1
39 142 1
39 147 1
39 148 1
40 46 1
40 58 1
40 71 1
40 72 1
40 81 1
40 86 1
40 98 1
40 104 1
40 105 1
40 112 1
40 115 1
40 116 1
40 120 1
40 122 1
40 127 1
40 131 1
40 133 1
40 143 1
40 145 1
41 49 1
41 62 1
41 78 1
41 96 1
41 99 1
41 106 1
41 116 1
41 119 1
41 126 1
41 132 1
42 45 1
42 48 1
42 53 1
42 59 1
42 64 1
42 70 1
42 74 1
42 81 1
42 82 1
42 87 1
42 94 1
42 98 1
42 99 1
42 112 1
42 132 1
42 138 1
43 45 1
43 56 1
43 64 1
43 68 1
43 72 1
43 74 1
43 91 1
43 94 1
43 101 1
43 108 1
43 109 1
43 123 1
43 136 1
43 149 1
44 52 1
44 57 1
44 59 1
44 74 1
44 85 1
44 87 1
44 109 1
44 117 1
44 126 1
44 132 1
44 144 1
44 146 1
45 47 1
45 50 1
45 52 1
45 53 1
45 55 1
45 69 1
45 71 1
45 73 1
45 78 1
45 84 1
45 88 1
45 89 1
45 99 1
45 104 1
45 107 1
45 115 1
45 122 1
45 123 1
45 126 1
45 127 1
45 131 1
45 138 1
45 148 1
46 49 1
46 52 1
46 60 1
46 80 1
46 85 1
46 86 1
46 91 1
46 93 1
46 101 1
46 103 1
46 108 1
46 112 1
46 116 1
46 148 1
47 54 1
47 60 1
47 61 1
47 68 1
47 70 1
47 79 1
47 113 1
47 125 1
47 127 1
47 132 1
48 53 1
48 54 1
48 71 1
48 73 1
48 74 1
48 85 1
48 86 1
48 104 1
48 123 1
48 134 1
48 137 1
48 138 1
48 140 1
48 145 1
48 149 1
49 53 1
49 59 1
49 66 1
49 74 1
49 86 1
49 88 1
49 90 1
49 93 1
49 94 1
49 97 1
49 107 1
49 114 1
49 116 1
49 137 1
49 145 1
50 57 1
50 62 1
50 92 1
50 94 1
50 103 1
50 116 1
50 118 1
50 127 1
50 137 1
50 146 1
50 148 1
50 149 1
51 71 1
51 75 1
51 79 1
51 86 1
51 91 1
51 93 1
51 103 1
51 107 1
51 110 1
51 126 1
51 128 1
51 130 1
51 136 1
51 137 1
51 141 1
51 148 1
52 61 1
52 82 1
52 114 1
52 121 1
52 144 1
53 55 1
53 60 1
53 82 1
53 85 1
53 86 1
53 97 1
53 98 1
53 103 1
53 104 1
53 106 1
53 109 1
53 118 1
53 128 1
53 129 1
53 143 1
54 69 1
54 72 1
54 76 1
54 84 1
54 92 1
54 94 1
54 96 1
54 105 1
54 113 1
54 118 1
54 120 1
54 122 1
54 140 1
54 146 1
54 147 1
55 66 1
55 89 1
55 94 1
55 100 1
55 105 1
55 107 1
55 110 1
55 121 1
55 124 1
55 126 1
55 129 1
55 137 1
55 138 1
55 147 1
55 149 1
56 61 1
56 66 1
56 76 1
56 82 1
56 92 1
56 101 1
56 112 1
56 116 1
56 119 1
56 124 1
56 130 1
56 139 1
56 142 1
57 59 1
57 62 1
57 67 1
57 69 1
57 80 1
57 82 1
57 83 1
57 88 1
57 100 1
57 103 1
57 110 1
57 113 1
57 118 1
57 119 1
57 125 1
57 130 1
57 135 1
57 140 1
57 148 1
58 59 1
58 70 1
58 80 1
58 84 1
58 91 1
58 93 1
58 95 1
58 112 1
58 113 1
58 119 1
58 120 1
58 128 1
58 129 1
58 133 1
58 137 1
58 139 1
58 142 1
59 63 1
59 67 1
59 70 1
59 76 1
59 78 1
59 80 1
59 86 1
59 89 1
59 99 1
59 102 1
59 116 1
59 124 1
59 127 1
59 133 1
59 135 1
59 136 1
59 144 1
60 71 1
60 87 1
60 89 1
60 94 1
60 103 1
60 104 1
60 124 1
60 139 1
61 63 1
61 70 1
61 76 1
61 84 1
61 119 1
61 131 1
61 132 1
61 136 1
61 139 1
61 148 1
62 68 1
62 69 1
62 83 1
62 90 1
62 92 1
62 97 1
62 99 1
62 103 1
62 104 1
62 108 1
62 113 1
62 116 1
62 117 1
62 119 1
62 128 1
62 133 1
62 140 1
62 143 1
63 72 1
63 73 1
63 76 1
63 77 1
63 84 1
63 101 1
63 104 1
63 108 1
63 131 1
63 139 1
63 144 1
63 148 1
64 70 1
64 81 1
64 87 1
64 93 1
64 98 1
64 105 1
64 118 1
64 125 1
64 131 1
64 136 1
64 138 1
64 142 1
64 146 1
64 149 1
65 75 1
65 78 1
65 84 1
65 86 1
65 93 1
65 94 1
65 113 1
65 125 1
65 128 1
65 133 1
65 137 1
65 142 1
66 68 1
66 81 1
66 82 1
66 90 1
66 91 1
66 100 1
66 102 1
66 114 1
66 129 1
66 130 1
66 137 1
66 143 1
66 147 1
67 70 1
67 76 1
67 83 1
67 88 1
67 90 1
67 96 1
67 97 1
67 107 1
67 120 1
67 122 1
67 129 1
67 131 1
67 138 1
67 144 1
68 76 1
68 77 1
68 80 1
68 85 1
68 103 1
68 115 1
68 128 1
69 74 1
69 75 1
69 76 1
69 77 1
69 78 1
69 89 1
69 93 1
69 101 1
69 106 1
69 115 1
69 123 1
69 128 1
69 130 1
70 81 1
70 97 1
70 108 1
70 110 1
70 111 1
70 129 1
70 137 1
70 139 1
71 88 1
71 101 1
71 102 1
71 112 1
71 114 1
71 121 1
71 130 1
71 144 1
71 146 1
72 75 1
72 111 1
72 128 1
72 137 1
72 146 1
72 149 1
73 76 1
73 85 1
73 88 1
73 89 1
73 120 1
73 127 1
73 130 1
73 134 1
74 79 1
74 86 1
74 92 1
74 93 1
74 104 1
74 112 1
74 114 1
74 121 1
74 123 1
74 149 1
75 76 1
75 90 1
75 94 1
75 99 1
75 100 1
75 101 1
75 103 1
75 110 1
75 112 1
75 115 1
75 119 1
75 122 1
75 124 1
75 129 1
75 135 1
75 138 1
75 146 1
75 149 1
76 82 1
76 95 1
76 103 1
76 107 1
76 116 1
76 118 1
76 126 1
76 127 1
76 148 1
77 81 1
77 82 1
77 97 1
77 101 1
77 103 1
77 105 1
77 133 1
77 135 1
78 83 1
78 90 1
78 96 1
78 102 1
78 103 1
78 106 1
79 82 1
79 87 1
79 97 1
79 119 1
80 92 1
80 96 1
80 104 1
80 108 1
80 138 1
80 147 1
81 85 1
81 86 1
81 91 1
81 92 1
81 102 1
81 103 1
81 105 1
81 113 1
81 124 1
81 129 1
81 130 1
81 148 1
82 93 1
82 100 1
82 106 1
82 119 1
82 133 1
82 136 1
83 85 1
83 89 1
83 93 1
83 96 1
83 109 1
83 117 1
83 126 1
83 127 1
83 132 1
83 144 1
83 149 1
84 88 1
84 101 1
84 114 1
84 115 1
84 116 1
84 121 1
84 141 1
84 145 1
85 90 1
85 91 1
85 95 1
85 105 1
85 112 1
85 114 1
85 121 1
85 129 1
85 141 1
85 143 1
86 91 1
86 102 1
86 112 1
86 118 1
86 126 1
86 128 1
86 129 1
86 132 1
86 140 1
86 148 1
87 90 1
87 107 1
87 117 1
87 131 1
87 132 1
87 139 1
87 144 1
88 104 1
88 110 1
88 130 1
88 132 1
88 138 1
88 143 1
88 144 1
88 145 1
88 146 1
88 148 1
89 90 1
89 94 1
89 105 1
89 110 1
89 112 1
89 120 1
89 133 1
89 137 1
89 141 1
89 144 1
90 97 1
90 101 1
90 107 1
90 113 1
90 117 1
90 127 1
90 129 1
90 139 1
90 140 1
90 141 1
91 128 1
91 132 1
91 135 1
91 136 1
91 146 1
92 93 1
92 101 1
92 102 1
92 103 1
92 110 1
92 126 1
92 129 1
92 130 1
92 131 1
92 141 1
92 144 1
93 94 1
93 99 1
93 106 1
93 109 1
93 116 1
93 117 1
93 122 1
93 131 1
93 136 1
93 138 1
94 103 1
94 109 1
94 117 1
94 123 1
94 125 1
94 126 1
94 131 1
94 148 1
95 106 1
95 109 1
95 110 1
95 113 1
95 115 1
95 122 1
95 132 1
95 143 1
96 102 1
96 109 1
96 127 1
96 139 1
96 149 1
97 104 1
97 109 1
97 113 1
97 124 1
97 126 1
97 145 1
98 105 1
98 112 1
98 131 1
98 132 1
98 139 1
98 140 1
99 107 1
99 112 1
99 131 1
99 137 1
99 138 1
99 141 1
99 144 1
100 116 1
100 131 1
100 139 1
100 140 1
100 144 1
101 104 1
101 108 1
101 110 1
101 115 1
101 118 1
101 126 1
101 142 1
101 143 1
102 115 1
102 116 1
102 117 1
102 119 1
102 125 1
102 142 1
102 144 1
102 146 1
102 149 1
103 106 1
103 115 1
103 118 1
103 122 1
103 128 1
103 130 1
103 134 1
103 140 1
103 142 1
103 144 1
104 114 1
104 130 1
105 112 1
105 113 1
105 118 1
105 135 1
105 146 1
105 149 1
106 112 1
106 115 1
106 123 1
106 125 1
106 127 1
106 137 1
107 108 1
107 111 1
107 114 1
107 117 1
107 121 1
107 122 1
107 126 1
107 129 1
107 140 1
107 144 1
108 111 1
108 116 1
108 120 1
108 123 1
109 117 1
109 136 1
109 140 1
109 145 1
110 117 1
110 120 1
110 126 1
110 137 1
111 124 1
111 134 1
111 136 1
111 140 1
112 115 1
112 142 1
112 146 1
113 116 1
113 132 1
113 138 1
113 148 1
114 115 1
114 116 1
114 127 1
114 130 1
114 131 1
114 142 1
114 147 1
115 128 1
115 129 1
115 140 1
115 149 1
116 123 1
116 124 1
116 128 1
116 141 1
117 121 1
117 124 1
117 125 1
117 126 1
117 139 1
118 126 1
118 127 1
118 136 1
118 141 1
118 142 1
118 144 1
118 147 1
118 149 1
119 131 1
119 132 1
119 141 1
119 144 1
120 135 1
120 136 1
120 138 1
121 145 1
122 128 1
122 149 1
123 128 1
123 130 1
123 132 1
123 144 1
124 147 1
125 128 1
125 135 1
125 143 1
125 144 1
126 127 1
126 133 1
126 134 1
126 136 1
126 137 1
126 142 1
127 128 1
127 131 1
127 134 1
127 149 1
128 130 1
128 136 1
128 142 1
129 136 1
129 137 1
129 141 1
129 144 1
130 134 1
130 138 1
131 135 1
131 148 1
132 134 1
132 138 1
132 141 1
132 142 1
133 136 1
133 137 1
133 147 1
133 149 1
134 139 1
134 144 1
135 136 1
135 138 1
135 140 1
137 144 1
137 149 1
138 148 1
139 141 1
139 143 1
139 148 1
139 149 1
140 141 1
140 147 1
141 144 1
142 146 1
143 146 1
144 148 1
145 146 1
146 147 1
1
131 85 5 107 73 60 8 41 102 119 53 21 144 142 12
