1632
0 8 1
0 21 1
0 23 1
0 29 1
0 30 1
0 34 1
0 39 1
0 43 1
0 82 1
0 93 1
0 94 1
0 100 1
0 113 1
0 116 1
0 123 1
0 130 1
0 147 1
0 156 1
0 157 1
1 4 1
1 7 1
1 25 1
1 33 1
1 35 1
1 38 1
1 52 1
1 54 1
1 64 1
1 65 1
1 69 1
1 89 1
1 97 1
1 105 1
1 109 1
1 110 1
1 115 1
1 128 1
1 136 1
1 143 1
1 156 1
2 8 1
2 20 1
2 29 1
2 46 1
2 55 1
2 56 1
2 70 1
2 82 1
2 86 1
2 90 1
2 100 1
2 109 1
2 118 1
2 129 1
2 133 1
2 147 1
2 152 1
2 153 1
3 21 1
3 22 1
3 23 1
3 37 1
3 43 1
3 44 1
3 46 1
3 54 1
3 56 1
3 57 1
3 92 1
3 98 1
3 108 1
3 118 1
4 12 1
4 17 1
4 26 1
4 36 1
4 37 1
4 52 1
4 53 1
4 63 1
4 81 1
4 82 1
4 86 1
4 95 1
4 97 1
4 98 1
4 102 1
4 114 1
4 117 1
4 123 1
4 124 1
4 129 1
4 133 1
4 136 1
4 146 1
4 150 1
4 156 1
5 7 1
5 8 1
5 11 1
5 16 1
5 25 1
5 42 1
5 46 1
5 52 1
5 58 1
5 59 1
5 64 1
5 72 1
5 75 1
5 79 1
5 89 1
5 99 1
5 106 1
5 119 1
5 122 1
5 123 1
5 129 1
5 131 1
5 138 1
5 142 1
5 143 1
5 154 1
5 157 1
6 11 1
6 14 1
6 17 1
6 18 1
6 38 1
6 40 1
6 45 1
6 52 1
6 56 1
6 58 1
6 68 1
6 76 1
6 86 1
6 93 1
6 98 1
6 103 1
6 115 1
6 143 1
6 155 1
7 12 1
7 21 1
7 26 1
7 32 1
7 42 1
7 45 1
7 60 1
7 72 1
7 74 1
7 90 1
7 98 1
7 122 1
7 124 1
7 127 1
7 133 1
7 138 1
7 143 1
7 144 1
7 158 1
7 159 1
8 11 1
8 16 1
8 24 1
8 32 1
8 34 1
8 36 1
8 37 1
8 48 1
8 49 1
8 53 1
8 72 1
8 73 1
8 76 1
8 81 1
8 82 1
8 98 1
8 135 1
8 136 1
9 14 1
9 16 1
9 27 1
9 55 1
9 62 1
9 72 1
9 73 1
9 74 1
9 84 1
9 86 1
9 89 1
9 96 1
9 102 1
9 105 1
9 111 1
9 114 1
9 116 1
9 118 1
9 130 1
9 133 1
9 151 1
10 25 1
10 39 1
10 40 1
10 55 1
10 56 1
10 59 1
10 66 1
10 71 1
10 76 1
10 99 1
10 101 1
10 119 1
10 128 1
10 131 1
10 133 1
10 136 1
10 141 1
10 150 1
10 159 1
11 13 1
11 23 1
11 27 1
11 33 1
11 39 1
11 45 1
11 51 1
11 55 1
11 67 1
11 88 1
11 89 1
11 92 1
11 109 1
11 112 1
11 126 1
11 134 1
11 135 1
11 158 1
12 14 1
12 29 1
12 30 1
12 41 1
12 44 1
12 67 1
12 94 1
12 99 1
12 100 1
12 103 1
12 108 1
12 113 1
12 114 1
12 124 1
12 125 1
12 127 1
12 128 1
12 139 1
12 143 1
12 148 1
12 153 1
13 14 1
13 17 1
13 20 1
13 22 1
13 27 1
13 31 1
13 44 1
13 49 1
13 64 1
13 67 1
13 87 1
13 90 1
13 91 1
13 93 1
13 102 1
13 105 1
13 109 1
13 118 1
13 123 1
13 138 1
13 154 1
14 22 1
14 31 1
14 33 1
14 51 1
14 67 1
14 68 1
14 77 1
14 92 1
14 93 1
14 107 1
14 116 1
14 132 1
14 145 1
14 159 1
15 21 1
15 22 1
15 30 1
15 48 1
15 49 1
15 59 1
15 60 1
15 67 1
15 77 1
15 81 1
15 83 1
15 85 1
15 87 1
15 96 1
15 109 1
15 112 1
15 116 1
15 141 1
15 151 1
16 17 1
16 19 1
16 25 1
16 28 1
16 32 1
16 37 1
16 51 1
16 57 1
16 65 1
16 103 1
16 106 1
16 113 1
16 115 1
16 120 1
16 126 1
16 133 1
16 138 1
16 158 1
16 159 1
17 25 1
17 28 1
17 40 1
17 42 1
17 67 1
17 69 1
17 74 1
17 84 1
17 88 1
17 97 1
17 109 1
17 112 1
17 121 1
17 126 1
17 128 1
17 129 1
17 155 1
18 25 1
18 38 1
18 47 1
18 59 1
18 68 1
18 71 1
18 80 1
18 89 1
18 96 1
18 97 1
18 107 1
18 134 1
18 146 1
18 148 1
19 27 1
19 36 1
19 41 1
19 43 1
19 54 1
19 57 1
19 61 1
19 66 1
19 99 1
19 107 1
19 108 1
19 114 1
19 116 1
19 117 1
19 120 1
19 131 1
19 139 1
19 142 1
19 151 1
20 41 1
20 43 1
20 50 1
20 53 1
20 70 1
20 82 1
20 83 1
20 88 1
20 110 1
20 114 1
20 134 1
20 141 1
20 142 1
20 154 1
20 156 1
20 157 1
21 30 1
21 48 1
21 49 1
21 55 1
21 70 1
21 87 1
21 109 1
21 119 1
21 147 1
21 152 1
22 23 1
22 26 1
22 35 1
22 71 1
22 75 1
22 77 1
22 82 1
22 88 1
22 95 1
22 96 1
22 99 1
22 104 1
22 108 1
22 109 1
22 118 1
22 141 1
22 142 1
22 150 1
23 26 1
23 35 1
23 44 1
23 52 1
23 66 1
23 70 1
23 97 1
23 118 1
23 119 1
23 129 1
23 131 1
23 140 1
23 143 1
24 25 1
24 40 1
24 51 1
24 52 1
24 58 1
24 67 1
24 71 1
24 72 1
24 74 1
24 80 1
24 85 1
24 90 1
24 93 1
24 94 1
24 113 1
24 145 1
24 146 1
24 148 1
25 30 1
25 31 1
25 35 1
25 37 1
25 41 1
25 44 1
25 65 1
25 77 1
25 83 1
25 86 1
25 88 1
25 93 1
25 105 1
25 117 1
25 125 1
25 132 1
25 148 1
26 33 1
26 37 1
26 40 1
26 47 1
26 49 1
26 60 1
26 66 1
26 84 1
26 95 1
26 98 1
26 112 1
26 115 1
26 117 1
26 121 1
26 123 1
26 138 1
26 141 1
26 146 1
26 150 1
26 152 1
26 155 1
26 158 1
27 32 1
27 35 1
27 36 1
27 39 1
27 40 1
27 53 1
27 55 1
27 61 1
27 86 1
27 88 1
27 89 1
27 91 1
27 94 1
27 104 1
27 114 1
27 116 1
27 128 1
27 134 1
27 138 1
27 139 1
27 153 1
27 159 1
28 37 1
28 40 1
28 42 1
28 45 1
28 58 1
28 73 1
28 75 1
28 89 1
28 90 1
28 92 1
28 104 1
28 108 1
28 111 1
28 112 1
28 120 1
28 124 1
28 132 1
28 140 1
29 40 1
29 50 1
29 57 1
29 60 1
29 66 1
29 73 1
29 77 1
29 80 1
29 81 1
29 84 1
29 101 1
29 114 1
29 115 1
29 117 1
29 127 1
29 130 1
29 134 1
29 136 1
29 140 1
29 148 1
29 157 1
29 159 1
30 42 1
30 57 1
30 63 1
30 68 1
30 73 1
30 76 1
30 79 1
30 111 1
30 116 1
30 122 1
30 123 1
30 125 1
30 130 1
30 148 1
31 47 1
31 61 1
31 64 1
31 66 1
31 67 1
31 76 1
31 80 1
31 84 1
31 90 1
31 111 1
31 113 1
31 116 1
31 117 1
31 124 1
31 146 1
31 147 1
31 156 1
32 35 1
32 44 1
32 52 1
32 53 1
32 56 1
32 58 1
32 63 1
32 68 1
32 72 1
32 77 1
32 80 1
32 82 1
32 94 1
32 102 1
32 103 1
32 112 1
32 116 1
32 118 1
32 130 1
32 139 1
32 150 1
33 57 1
33 74 1
33 81 1
33 82 1
33 90 1
33 105 1
33 130 1
33 137 1
33 138 1
33 146 1
33 156 1
33 158 1
34 39 1
34 43 1
34 56 1
34 72 1
34 86 1
34 88 1
34 104 1
34 106 1
34 109 1
34 119 1
34 123 1
34 153 1
34 155 1
34 158 1
35 65 1
35 73 1
35 82 1
35 90 1
35 116 1
35 117 1
35 135 1
35 143 1
35 152 1
35 158 1
36 41 1
36 89 1
36 90 1
36 94 1
36 104 1
36 107 1
36 109 1
36 120 1
36 131 1
36 132 1
36 138 1
36 144 1
36 145 1
36 155 1
36 156 1
36 158 1
37 46 1
37 50 1
37 53 1
37 59 1
37 60 1
37 61 1
37 76 1
37 84 1
37 88 1
37 94 1
37 107 1
37 114 1
37 125 1
37 128 1
37 130 1
37 134 1
37 141 1
37 146 1
38 44 1
38 55 1
38 57 1
38 70 1
38 73 1
38 74 1
38 88 1
38 92 1
38 95 1
38 98 1
38 102 1
38 118 1
38 133 1
38 134 1
38 135 1
38 141 1
38 152 1
39 54 1
39 55 1
39 60 1
39 66 1
39 71 1
39 76 1
39 78 1
39 83 1
39 86 1
39 93 1
39 96 1
39 98 1
39 116 1
39 120 1
39 125 1
39 126 1
39 134 1
39 138 1
39 144 1
39 154 1
39 158 1
40 55 1
40 62 1
40 65 1
40 68 1
40 77 1
40 86 1
40 94 1
40 95 1
40 110 1
40 118 1
40 122 1
40 129 1
40 130 1
40 137 1
40 152 1
41 48 1
41 50 1
41 51 1
41 55 1
41 60 1
41 75 1
41 76 1
41 77 1
41 86 1
41 94 1
41 98 1
41 101 1
41 120 1
41 123 1
41 127 1
41 132 1
41 138 1
41 140 1
41 142 1
41 146 1
41 159 1
42 49 1
42 60 1
42 66 1
42 74 1
42 77 1
42 84 1
42 85 1
42 98 1
42 103 1
42 107 1
42 111 1
42 114 1
42 118 1
42 137 1
42 158 1
43 45 1
43 52 1
43 79 1
43 98 1
43 100 1
43 104 1
43 106 1
43 118 1
43 131 1
43 132 1
43 138 1
43 142 1
43 143 1
43 147 1
43 148 1
43 151 1
44 58 1
44 60 1
44 74 1
44 75 1
44 76 1
44 107 1
44 108 1
44 113 1
44 115 1
44 118 1
44 119 1
44 134 1
44 137 1
44 139 1
44 143 1
44 146 1
45 50 1
45 53 1
45 61 1
45 62 1
45 73 1
45 76 1
45 78 1
45 80 1
45 87 1
45 89 1
45 105 1
45 109 1
45 112 1
45 120 1
45 131 1
45 135 1
45 156 1
46 52 1
46 55 1
46 61 1
46 69 1
46 77 1
46 83 1
46 89 1
46 94 1
46 103 1
46 104 1
46 110 1
46 112 1
46 114 1
46 121 1
46 135 1
46 145 1
47 48 1
47 90 1
47 95 1
47 106 1
47 110 1
47 116 1
47 129 1
47 131 1
47 133 1
47 138 1
47 143 1
47 145 1
48 56 1
48 58 1
48 61 1
48 68 1
48 71 1
48 73 1
48 78 1
48 113 1
48 115 1
48 122 1
48 135 1
48 143 1
48 149 1
48 156 1
48 157 1
49 55 1
49 60 1
49 68 1
49 76 1
49 80 1
49 81 1
49 90 1
49 99 1
49 101 1
49 112 1
49 122 1
49 132 1
49 141 1
49 149 1
49 151 1
49 152 1
49 156 1
50 53 1
50 58 1
50 77 1
50 79 1
50 86 1
50 87 1
50 92 1
50 95 1
50 103 1
50 112 1
50 116 1
50 127 1
50 134 1
50 137 1
50 140 1
51 58 1
51 61 1
51 62 1
51 76 1
51 82 1
51 101 1
51 105 1
51 120 1
51 129 1
51 132 1
51 157 1
51 158 1
52 65 1
52 115 1
52 116 1
52 123 1
52 124 1
52 127 1
52 133 1
52 136 1
52 140 1
53 57 1
53 59 1
53 60 1
53 63 1
53 66 1
53 68 1
53 82 1
53 83 1
53 84 1
53 100 1
53 114 1
53 126 1
53 130 1
53 148 1
54 59 1
54 81 1
54 84 1
54 103 1
54 106 1
54 125 1
54 127 1
54 129 1
54 134 1
54 135 1
55 65 1
55 69 1
55 85 1
55 87 1
55 90 1
55 104 1
55 107 1
55 113 1
55 114 1
55 123 1
55 135 1
55 149 1
55 152 1
56 66 1
56 80 1
56 82 1
56 85 1
56 87 1
56 92 1
56 105 1
56 108 1
56 115 1
56 117 1
56 134 1
56 136 1
56 142 1
56 155 1
56 159 1
57 61 1
57 64 1
57 65 1
57 71 1
57 74 1
57 97 1
57 100 1
57 110 1
57 121 1
57 131 1
57 134 1
58 59 1
58 60 1
58 66 1
58 68 1
58 74 1
58 89 1
58 93 1
58 114 1
58 115 1
58 116 1
58 117 1
58 125 1
58 127 1
58 143 1
58 148 1
59 60 1
59 63 1
59 82 1
59 84 1
59 90 1
59 138 1
59 146 1
59 154 1
60 68 1
60 77 1
60 96 1
60 99 1
60 108 1
60 110 1
60 114 1
60 138 1
60 147 1
60 154 1
60 158 1
61 80 1
61 86 1
61 91 1
61 124 1
61 127 1
61 129 1
61 148 1
61 157 1
62 64 1
62 74 1
62 76 1
62 87 1
62 100 1
62 111 1
62 116 1
62 122 1
62 146 1
62 150 1
63 66 1
63 79 1
63 84 1
63 88 1
63 106 1
63 109 1
63 124 1
63 129 1
63 137 1
63 139 1
63 143 1
64 65 1
64 69 1
64 71 1
64 84 1
64 87 1
64 91 1
64 111 1
64 112 1
64 124 1
64 138 1
64 144 1
64 146 1
64 147 1
64 154 1
65 73 1
65 76 1
65 81 1
65 94 1
65 97 1
65 99 1
65 126 1
65 128 1
65 148 1
66 83 1
66 99 1
66 104 1
66 114 1
66 117 1
66 125 1
66 131 1
66 137 1
66 141 1
66 142 1
66 147 1
66 148 1
66 157 1
67 73 1
67 94 1
67 103 1
67 105 1
67 106 1
67 113 1
67 125 1
67 129 1
67 138 1
67 146 1
68 85 1
68 95 1
68 100 1
68 104 1
68 136 1
68 140 1
69 73 1
69 77 1
69 84 1
69 86 1
69 88 1
69 94 1
69 106 1
69 111 1
69 117 1
69 118 1
69 123 1
69 142 1
69 159 1
70 73 1
70 76 1
70 86 1
70 89 1
70 90 1
70 91 1
70 101 1
70 102 1
70 107 1
70 129 1
70 134 1
70 143 1
70 145 1
70 151 1
70 152 1
71 74 1
71 76 1
71 80 1
71 94 1
71 101 1
71 107 1
71 118 1
71 119 1
71 120 1
71 122 1
71 140 1
71 146 1
72 91 1
72 96 1
72 101 1
72 129 1
72 145 1
72 149 1
72 152 1
72 153 1
72 156 1
73 78 1
73 84 1
73 107 1
73 116 1
73 120 1
73 141 1
73 154 1
74 76 1
74 97 1
74 98 1
74 107 1
74 117 1
74 142 1
74 152 1
75 101 1
75 106 1
75 116 1
75 118 1
75 120 1
75 122 1
75 127 1
75 129 1
75 131 1
75 133 1
75 141 1
75 149 1
76 86 1
76 97 1
76 101 1
76 105 1
76 115 1
76 118 1
76 128 1
76 133 1
76 141 1
76 143 1
76 147 1
76 150 1
76 155 1
76 156 1
76 157 1
77 80 1
77 88 1
77 101 1
77 103 1
77 104 1
77 110 1
77 111 1
77 126 1
77 127 1
77 137 1
77 146 1
78 80 1
78 82 1
78 95 1
78 111 1
78 118 1
78 124 1
78 125 1
78 130 1
78 133 1
78 139 1
78 142 1
78 143 1
79 84 1
79 91 1
79 94 1
79 95 1
79 96 1
79 103 1
79 105 1
79 106 1
79 110 1
79 111 1
79 118 1
79 121 1
79 127 1
79 133 1
79 137 1
79 141 1
79 151 1
79 153 1
79 159 1
80 83 1
80 106 1
80 125 1
80 144 1
80 149 1
81 82 1
81 86 1
81 96 1
81 126 1
81 135 1
81 139 1
81 156 1
81 158 1
82 83 1
82 88 1
82 99 1
82 103 1
82 120 1
82 125 1
82 129 1
82 132 1
82 144 1
82 146 1
82 150 1
83 87 1
83 89 1
83 91 1
83 95 1
83 96 1
83 111 1
83 114 1
83 129 1
83 133 1
83 150 1
84 88 1
84 92 1
84 97 1
84 108 1
84 121 1
84 126 1
84 135 1
84 137 1
84 138 1
84 149 1
84 151 1
85 91 1
85 93 1
85 94 1
85 99 1
85 102 1
85 108 1
85 112 1
85 118 1
85 126 1
85 138 1
85 149 1
85 150 1
85 153 1
86 111 1
86 116 1
86 123 1
86 126 1
86 132 1
86 135 1
86 142 1
86 152 1
86 156 1
87 93 1
87 98 1
87 107 1
87 129 1
87 130 1
87 136 1
87 146 1
87 152 1
87 153 1
87 159 1
88 106 1
88 111 1
88 118 1
88 130 1
88 145 1
89 92 1
89 95 1
89 99 1
89 106 1
89 152 1
89 157 1
90 96 1
90 98 1
90 107 1
90 117 1
90 118 1
90 124 1
90 127 1
90 128 1
90 134 1
90 146 1
90 148 1
91 97 1
91 100 1
91 102 1
91 116 1
91 125 1
91 128 1
91 131 1
91 148 1
91 154 1
92 94 1
92 103 1
92 112 1
92 126 1
92 136 1
92 138 1
92 144 1
92 155 1
93 101 1
93 103 1
93 110 1
93 112 1
93 120 1
93 128 1
93 130 1
93 147 1
93 152 1
94 99 1
94 100 1
94 105 1
94 110 1
94 113 1
94 120 1
94 132 1
94 151 1
94 152 1
95 103 1
95 112 1
95 114 1
95 120 1
95 123 1
95 125 1
95 133 1
95 139 1
95 142 1
95 143 1
96 104 1
96 108 1
96 110 1
96 124 1
96 126 1
96 130 1
96 142 1
96 155 1
97 99 1
97 100 1
97 101 1
97 113 1
97 137 1
97 139 1
97 145 1
97 152 1
97 154 1
98 105 1
98 127 1
98 135 1
98 136 1
98 138 1
98 143 1
98 146 1
98 157 1
99 112 1
99 121 1
99 141 1
99 149 1
99 151 1
100 106 1
100 113 1
100 135 1
100 143 1
100 155 1
101 106 1
101 108 1
101 121 1
101 128 1
101 132 1
101 140 1
101 141 1
101 143 1
101 150 1
101 152 1
101 155 1
101 156 1
102 106 1
102 111 1
102 120 1
102 123 1
102 125 1
102 129 1
102 130 1
102 133 1
102 141 1
102 142 1
102 151 1
103 109 1
103 111 1
103 112 1
103 117 1
103 146 1
104 111 1
104 115 1
104 120 1
104 121 1
104 132 1
104 141 1
104 144 1
105 114 1
105 118 1
105 131 1
105 139 1
105 143 1
105 148 1
105 154 1
105 155 1
105 157 1
106 107 1
106 122 1
106 127 1
106 129 1
106 132 1
106 135 1
106 146 1
106 157 1
107 110 1
107 113 1
107 118 1
107 133 1
107 134 1
107 140 1
107 146 1
107 156 1
107 158 1
108 109 1
108 110 1
108 113 1
108 114 1
108 120 1
108 126 1
108 139 1
108 140 1
108 143 1
108 145 1
108 155 1
108 159 1
109 122 1
109 123 1
109 152 1
109 155 1
110 129 1
110 141 1
111 132 1
111 145 1
111 148 1
111 153 1
112 117 1
112 120 1
112 126 1
112 130 1
112 138 1
112 142 1
112 159 1
113 115 1
113 122 1
113 125 1
113 141 1
113 144 1
113 147 1
113 152 1
114 120 1
114 131 1
114 132 1
114 140 1
114 144 1
114 152 1
114 156 1
114 159 1
115 121 1
115 122 1
115 123 1
115 134 1
115 136 1
115 153 1
116 117 1
116 118 1
116 119 1
116 122 1
116 132 1
117 133 1
117 137 1
117 151 1
118 125 1
118 126 1
118 128 1
118 136 1
118 153 1
118 154 1
118 156 1
119 159 1
120 132 1
120 139 1
120 140 1
120 149 1
120 150 1
120 153 1
120 156 1
121 127 1
121 134 1
121 137 1
121 140 1
121 141 1
121 152 1
121 154 1
122 123 1
122 126 1
122 131 1
122 135 1
122 141 1
122 145 1
122 153 1
123 130 1
123 137 1
123 156 1
123 157 1
124 125 1
124 128 1
124 133 1
124 135 1
124 149 1
125 126 1
125 152 1
125 153 1
125 156 1
126 129 1
126 138 1
126 139 1
126 144 1
126 150 1
126 151 1
127 128 1
127 130 1
127 146 1
127 148 1
127 149 1
127 157 1
128 139 1
128 141 1
128 143 1
128 152 1
129 142 1
129 149 1
129 158 1
130 132 1
130 135 1
130 141 1
130 151 1
131 137 1
132 136 1
132 140 1
132 142 1
132 144 1
132 148 1
132 152 1
132 154 1
132 155 1
132 157 1
133 146 1
133 152 1
133 156 1
134 137 1
134 142 1
134 146 1
134 149 1
134 152 1
134 158 1
136 137 1
136 154 1
136 157 1
137 144 1
137 150 1
137 152 1
137 155 1
138 148 1
139 146 1
139 151 1
140 148 1
140 153 1
141 146 1
141 147 1
142 150 1
143 149 1
143 154 1
144 150 1
144 156 1
146 149 1
146 157 1
148 152 1
149 154 1
151 157 1
152 153 1
1
158 40 110 94 108 155 100 105 27 137 10 49 90 76 123 57
