1934
0 38 1
0 50 1
0 70 1
0 76 1
0 81 1
0 110 1
0 116 1
0 117 1
0 128 1
0 131 1
0 132 1
0 142 1
0 161 1
0 162 1
0 175 1
1 16 1
1 32 1
1 35 1
1 54 1
1 61 1
1 78 1
1 121 1
1 136 1
1 137 1
1 143 1
1 148 1
1 151 1
1 154 1
1 160 1
1 172 1
1 187 1
2 6 1
2 17 1
2 31 1
2 33 1
2 41 1
2 43 1
2 54 1
2 65 1
2 71 1
2 79 1
2 97 1
2 118 1
2 121 1
2 137 1
2 143 1
2 161 1
2 170 1
2 180 1
2 182 1
3 9 1
3 22 1
3 24 1
3 30 1
3 42 1
3 48 1
3 59 1
3 81 1
3 88 1
3 94 1
3 96 1
3 106 1
3 124 1
3 126 1
3 137 1
3 149 1
3 153 1
3 154 1
3 168 1
3 170 1
4 9 1
4 12 1
4 39 1
4 43 1
4 76 1
4 79 1
4 80 1
4 84 1
4 86 1
4 90 1
4 98 1
4 104 1
4 118 1
4 119 1
4 121 1
4 122 1
4 125 1
4 143 1
4 145 1
4 146 1
4 148 1
4 151 1
4 162 1
4 188 1
5 14 1
5 18 1
5 24 1
5 25 1
5 34 1
5 41 1
5 45 1
5 63 1
5 86 1
5 95 1
5 97 1
5 111 1
5 112 1
5 121 1
5 124 1
5 131 1
5 132 1
5 133 1
5 135 1
5 160 1
5 163 1
5 166 1
5 178 1
5 181 1
5 187 1
5 188 1
6 17 1
6 28 1
6 41 1
6 74 1
6 82 1
6 85 1
6 108 1
6 118 1
6 120 1
6 128 1
6 129 1
6 130 1
6 131 1
6 133 1
6 141 1
6 146 1
6 159 1
6 164 1
6 172 1
6 180 1
7 15 1
7 22 1
7 27 1
7 41 1
7 46 1
7 61 1
7 75 1
7 93 1
7 98 1
7 103 1
7 109 1
7 118 1
7 137 1
7 157 1
7 159 1
7 160 1
7 189 1
8 13 1
8 18 1
8 29 1
8 40 1
8 51 1
8 53 1
8 65 1
8 70 1
8 79 1
8 87 1
8 91 1
8 92 1
8 96 1
8 123 1
8 124 1
8 139 1
8 142 1
8 160 1
8 163 1
8 168 1
8 169 1
8 174 1
8 179 1
9 13 1
9 17 1
9 26 1
9 33 1
9 34 1
9 71 1
9 76 1
9 82 1
9 86 1
9 90 1
9 94 1
9 131 1
9 134 1
9 136 1
9 157 1
9 158 1
9 168 1
9 173 1
10 11 1
10 18 1
10 34 1
10 35 1
10 48 1
10 58 1
10 63 1
10 79 1
10 82 1
10 88 1
10 92 1
10 93 1
10 106 1
10 111 1
10 121 1
10 131 1
10 134 1
10 136 1
10 146 1
10 154 1
10 180 1
10 181 1
11 25 1
11 31 1
11 32 1
11 48 1
11 69 1
11 76 1
11 78 1
11 90 1
11 138 1
11 142 1
11 148 1
11 155 1
11 156 1
11 166 1
11 170 1
11 182 1
11 187 1
12 28 1
12 39 1
12 57 1
12 80 1
12 82 1
12 84 1
12 101 1
12 116 1
12 117 1
12 120 1
12 146 1
12 155 1
12 161 1
12 162 1
12 171 1
12 182 1
12 188 1
13 21 1
13 32 1
13 36 1
13 38 1
13 48 1
13 103 1
13 104 1
13 119 1
13 148 1
13 152 1
13 163 1
13 164 1
13 167 1
13 168 1
14 19 1
14 20 1
14 39 1
14 42 1
14 43 1
14 44 1
14 45 1
14 53 1
14 67 1
14 73 1
14 90 1
14 103 1
14 129 1
14 131 1
14 140 1
14 146 1
14 148 1
14 150 1
14 152 1
14 153 1
14 162 1
14 172 1
15 35 1
15 43 1
15 49 1
15 69 1
15 76 1
15 82 1
15 96 1
15 97 1
15 100 1
15 112 1
15 149 1
15 175 1
15 183 1
15 186 1
15 187 1
16 46 1
16 51 1
16 52 1
16 60 1
16 63 1
16 74 1
16 90 1
16 98 1
16 105 1
16 115 1
16 116 1
16 121 1
16 131 1
16 141 1
16 144 1
16 164 1
16 187 1
17 21 1
17 23 1
17 46 1
17 48 1
17 54 1
17 57 1
17 59 1
17 60 1
17 70 1
17 80 1
17 85 1
17 87 1
17 91 1
17 95 1
17 99 1
17 124 1
17 130 1
17 132 1
17 138 1
17 160 1
17 167 1
18 26 1
18 36 1
18 51 1
18 53 1
18 55 1
18 60 1
18 67 1
18 68 1
18 119 1
18 137 1
18 155 1
18 160 1
18 161 1
18 166 1
18 186 1
18 189 1
19 32 1
19 33 1
19 55 1
19 66 1
19 68 1
19 81 1
19 87 1
19 100 1
19 114 1
19 128 1
19 150 1
19 151 1
19 159 1
20 22 1
20 26 1
20 28 1
20 29 1
20 35 1
20 36 1
20 44 1
20 49 1
20 52 1
20 53 1
20 85 1
20 89 1
20 93 1
20 97 1
20 112 1
20 114 1
20 127 1
20 137 1
20 151 1
20 156 1
20 168 1
20 174 1
20 180 1
20 181 1
20 182 1
20 189 1
21 32 1
21 45 1
21 55 1
21 58 1
21 83 1
21 92 1
21 93 1
21 99 1
21 103 1
21 153 1
21 156 1
21 166 1
21 167 1
21 185 1
21 187 1
22 23 1
22 27 1
22 28 1
22 36 1
22 52 1
22 56 1
22 76 1
22 79 1
22 81 1
22 83 1
22 96 1
22 115 1
22 126 1
22 137 1
22 144 1
22 152 1
22 157 1
22 171 1
22 175 1
23 35 1
23 40 1
23 52 1
23 75 1
23 88 1
23 131 1
23 145 1
23 157 1
23 162 1
23 173 1
23 177 1
23 185 1
23 188 1
24 31 1
24 59 1
24 74 1
24 84 1
24 85 1
24 119 1
24 121 1
24 125 1
24 127 1
24 157 1
24 167 1
24 173 1
24 175 1
25 26 1
25 28 1
25 44 1
25 63 1
25 66 1
25 79 1
25 84 1
25 86 1
25 91 1
25 97 1
25 98 1
25 104 1
25 128 1
25 131 1
25 132 1
25 145 1
25 165 1
25 166 1
25 179 1
26 31 1
26 38 1
26 40 1
26 41 1
26 44 1
26 54 1
26 64 1
26 65 1
26 66 1
26 67 1
26 69 1
26 92 1
26 100 1
26 101 1
26 108 1
26 111 1
26 112 1
26 114 1
26 117 1
26 134 1
26 140 1
26 149 1
26 157 1
26 177 1
26 180 1
27 40 1
27 43 1
27 50 1
27 51 1
27 59 1
27 71 1
27 76 1
27 87 1
27 89 1
27 92 1
27 98 1
27 103 1
27 104 1
27 111 1
27 114 1
27 116 1
27 132 1
27 136 1
27 144 1
27 145 1
27 161 1
27 167 1
27 178 1
27 189 1
28 29 1
28 31 1
28 34 1
28 45 1
28 49 1
28 51 1
28 62 1
28 75 1
28 80 1
28 95 1
28 109 1
28 146 1
28 168 1
28 187 1
29 33 1
29 37 1
29 46 1
29 59 1
29 83 1
29 91 1
29 101 1
29 134 1
29 149 1
29 157 1
29 169 1
29 171 1
29 175 1
29 181 1
30 38 1
30 48 1
30 54 1
30 56 1
30 58 1
30 60 1
30 68 1
30 72 1
30 73 1
30 74 1
30 82 1
30 89 1
30 95 1
30 105 1
30 111 1
30 117 1
30 124 1
30 127 1
30 128 1
30 129 1
30 133 1
30 146 1
30 163 1
30 172 1
30 189 1
31 73 1
31 99 1
31 109 1
31 131 1
31 145 1
31 148 1
31 149 1
31 158 1
31 165 1
31 167 1
31 187 1
32 53 1
32 57 1
32 64 1
32 91 1
32 100 1
32 104 1
32 111 1
32 113 1
32 120 1
32 121 1
32 132 1
32 142 1
32 151 1
32 170 1
32 183 1
33 42 1
33 53 1
33 64 1
33 65 1
33 66 1
33 71 1
33 80 1
33 86 1
33 95 1
33 99 1
33 102 1
33 105 1
33 124 1
33 130 1
33 167 1
33 180 1
34 40 1
34 46 1
34 66 1
34 80 1
34 81 1
34 85 1
34 90 1
34 113 1
34 115 1
34 133 1
34 180 1
34 183 1
34 184 1
34 187 1
34 189 1
35 36 1
35 39 1
35 50 1
35 62 1
35 72 1
35 79 1
35 86 1
35 92 1
35 107 1
35 125 1
35 131 1
35 139 1
35 140 1
35 144 1
35 152 1
35 161 1
35 162 1
35 173 1
36 61 1
36 71 1
36 75 1
36 80 1
36 97 1
36 100 1
36 114 1
36 117 1
36 119 1
36 122 1
36 127 1
36 135 1
36 139 1
36 140 1
36 141 1
36 156 1
36 158 1
36 159 1
36 172 1
36 176 1
36 179 1
37 38 1
37 86 1
37 89 1
37 120 1
37 137 1
37 138 1
37 144 1
37 164 1
37 165 1
37 187 1
38 40 1
38 46 1
38 55 1
38 58 1
38 62 1
38 65 1
38 72 1
38 78 1
38 91 1
38 102 1
38 110 1
38 113 1
38 139 1
38 145 1
38 156 1
38 160 1
38 176 1
38 186 1
38 187 1
39 41 1
39 47 1
39 48 1
39 54 1
39 55 1
39 57 1
39 59 1
39 60 1
39 66 1
39 84 1
39 96 1
39 133 1
39 139 1
39 153 1
39 167 1
39 188 1
40 70 1
40 82 1
40 86 1
40 88 1
40 118 1
40 142 1
40 143 1
40 146 1
40 148 1
40 151 1
40 152 1
40 156 1
40 166 1
40 183 1
41 42 1
41 45 1
41 51 1
41 69 1
41 89 1
41 97 1
41 101 1
41 119 1
41 125 1
41 134 1
41 141 1
41 146 1
41 147 1
41 154 1
41 183 1
41 188 1
42 48 1
42 67 1
42 74 1
42 102 1
42 105 1
42 116 1
42 128 1
42 131 1
42 148 1
42 152 1
42 158 1
42 179 1
42 184 1
43 57 1
43 61 1
43 72 1
43 78 1
43 87 1
43 89 1
43 90 1
43 104 1
43 134 1
43 147 1
43 164 1
44 50 1
44 72 1
44 74 1
44 95 1
44 102 1
44 108 1
44 112 1
44 127 1
44 129 1
44 134 1
44 144 1
44 151 1
44 155 1
44 157 1
44 163 1
44 165 1
44 180 1
44 189 1
45 56 1
45 66 1
45 84 1
45 95 1
45 103 1
45 114 1
45 131 1
45 153 1
45 155 1
45 158 1
45 165 1
45 169 1
45 173 1
45 188 1
46 57 1
46 58 1
46 61 1
46 64 1
46 75 1
46 85 1
46 98 1
46 105 1
46 119 1
46 122 1
46 128 1
46 144 1
46 147 1
46 150 1
46 151 1
46 153 1
46 178 1
46 180 1
47 49 1
47 60 1
47 62 1
47 70 1
47 79 1
47 90 1
47 103 1
47 104 1
47 105 1
47 127 1
47 148 1
47 160 1
47 161 1
47 164 1
47 167 1
47 176 1
47 178 1
48 55 1
48 60 1
48 79 1
48 89 1
48 94 1
48 117 1
48 123 1
48 128 1
48 130 1
48 133 1
48 152 1
48 163 1
48 164 1
48 166 1
48 178 1
49 54 1
49 61 1
49 91 1
49 96 1
49 108 1
49 119 1
49 122 1
49 126 1
49 130 1
49 151 1
49 154 1
49 177 1
50 56 1
50 61 1
50 63 1
50 74 1
50 93 1
50 96 1
50 103 1
50 105 1
50 116 1
50 118 1
50 121 1
50 126 1
50 135 1
50 154 1
50 167 1
50 173 1
51 55 1
51 66 1
51 91 1
51 92 1
51 118 1
51 120 1
51 143 1
51 148 1
51 187 1
52 75 1
52 109 1
52 116 1
52 131 1
52 158 1
52 164 1
52 166 1
52 172 1
52 177 1
52 183 1
53 56 1
53 62 1
53 69 1
53 79 1
53 112 1
53 116 1
53 126 1
53 136 1
53 138 1
53 140 1
53 149 1
53 172 1
53 173 1
53 182 1
54 72 1
54 75 1
54 84 1
54 96 1
54 99 1
54 105 1
54 110 1
54 112 1
54 113 1
54 122 1
54 133 1
54 136 1
54 148 1
54 155 1
54 166 1
54 172 1
54 176 1
54 186 1
54 188 1
55 65 1
55 67 1
55 72 1
55 93 1
55 113 1
55 114 1
55 122 1
55 125 1
55 131 1
55 140 1
55 147 1
55 152 1
55 158 1
55 160 1
55 166 1
55 184 1
55 189 1
56 58 1
56 73 1
56 78 1
56 87 1
56 94 1
56 112 1
56 119 1
56 123 1
56 125 1
56 138 1
56 139 1
56 149 1
56 155 1
56 166 1
56 167 1
56 180 1
57 63 1
57 85 1
57 89 1
57 94 1
57 101 1
57 106 1
57 114 1
57 119 1
57 120 1
57 133 1
57 139 1
57 148 1
57 149 1
57 159 1
57 175 1
57 180 1
57 188 1
58 59 1
58 69 1
58 76 1
58 92 1
58 96 1
58 100 1
58 103 1
58 117 1
58 129 1
58 136 1
58 137 1
58 160 1
58 164 1
58 189 1
59 74 1
59 85 1
59 99 1
59 107 1
59 120 1
59 126 1
59 129 1
59 134 1
59 152 1
59 161 1
59 186 1
60 75 1
60 78 1
60 82 1
60 101 1
60 112 1
60 117 1
60 120 1
60 132 1
60 135 1
60 143 1
60 150 1
60 162 1
60 171 1
60 180 1
60 182 1
60 184 1
61 94 1
61 103 1
61 114 1
61 123 1
61 125 1
61 129 1
61 131 1
61 132 1
61 141 1
61 146 1
61 152 1
61 173 1
61 179 1
61 185 1
62 66 1
62 73 1
62 85 1
62 97 1
62 99 1
62 105 1
62 106 1
62 116 1
62 128 1
62 146 1
62 160 1
62 170 1
62 172 1
63 71 1
63 75 1
63 88 1
63 92 1
63 95 1
63 104 1
63 109 1
63 110 1
63 124 1
63 134 1
63 138 1
63 142 1
63 148 1
63 149 1
63 157 1
63 160 1
63 169 1
64 87 1
64 88 1
64 111 1
64 116 1
64 122 1
64 130 1
64 144 1
64 154 1
64 175 1
65 71 1
65 75 1
65 83 1
65 87 1
65 88 1
65 90 1
65 91 1
65 108 1
65 111 1
65 145 1
65 173 1
66 109 1
66 122 1
66 138 1
66 152 1
66 180 1
66 183 1
67 73 1
67 79 1
67 83 1
67 98 1
67 116 1
67 118 1
67 127 1
67 130 1
67 149 1
67 177 1
68 109 1
68 123 1
68 124 1
68 130 1
68 147 1
68 163 1
68 168 1
68 179 1
68 182 1
68 185 1
68 187 1
69 71 1
69 94 1
69 95 1
69 105 1
69 121 1
69 125 1
69 132 1
69 161 1
69 163 1
69 165 1
69 167 1
69 184 1
70 73 1
70 80 1
70 88 1
70 90 1
70 100 1
70 106 1
70 109 1
70 128 1
70 138 1
70 140 1
70 143 1
70 152 1
70 164 1
70 168 1
70 176 1
70 177 1
70 179 1
70 181 1
70 187 1
71 100 1
71 104 1
71 110 1
71 111 1
71 124 1
71 125 1
71 128 1
71 134 1
71 135 1
71 141 1
71 150 1
71 159 1
71 180 1
72 92 1
72 98 1
72 102 1
72 104 1
72 107 1
72 138 1
72 148 1
72 158 1
72 165 1
72 178 1
72 182 1
72 188 1
73 87 1
73 88 1
73 90 1
73 91 1
73 103 1
73 107 1
73 145 1
73 158 1
74 81 1
74 83 1
74 85 1
74 89 1
74 111 1
74 115 1
74 116 1
74 118 1
74 133 1
74 159 1
74 160 1
74 172 1
74 175 1
75 82 1
75 109 1
75 113 1
75 123 1
75 142 1
75 151 1
75 167 1
75 176 1
75 188 1
76 84 1
76 87 1
76 104 1
76 105 1
76 111 1
76 130 1
76 137 1
76 153 1
76 155 1
76 168 1
76 169 1
77 81 1
77 97 1
77 99 1
77 104 1
77 114 1
77 121 1
77 123 1
77 146 1
77 148 1
77 169 1
77 171 1
77 178 1
77 189 1
78 80 1
78 86 1
78 87 1
78 101 1
78 108 1
78 120 1
78 126 1
78 132 1
78 135 1
78 138 1
78 156 1
78 172 1
78 181 1
79 94 1
79 105 1
79 117 1
79 129 1
79 130 1
79 133 1
79 134 1
79 136 1
79 145 1
79 151 1
79 176 1
79 182 1
79 187 1
80 89 1
80 90 1
80 91 1
80 95 1
80 99 1
80 108 1
80 119 1
80 133 1
80 141 1
80 157 1
80 158 1
80 161 1
80 166 1
80 169 1
80 174 1
80 181 1
80 184 1
81 96 1
81 99 1
81 108 1
81 122 1
81 147 1
81 151 1
81 153 1
81 155 1
81 157 1
81 169 1
81 181 1
81 186 1
81 189 1
82 86 1
82 92 1
82 106 1
82 111 1
82 123 1
82 125 1
82 137 1
82 154 1
82 161 1
82 162 1
82 163 1
82 164 1
82 168 1
82 169 1
82 170 1
82 185 1
83 86 1
83 87 1
83 88 1
83 91 1
83 98 1
83 99 1
83 112 1
83 116 1
83 136 1
83 141 1
83 145 1
83 147 1
83 153 1
83 155 1
83 159 1
83 176 1
84 85 1
84 93 1
84 98 1
84 108 1
84 117 1
84 129 1
84 166 1
84 172 1
84 173 1
84 184 1
85 89 1
85 111 1
85 121 1
85 125 1
85 128 1
85 132 1
85 143 1
85 151 1
85 153 1
85 154 1
85 155 1
85 165 1
85 175 1
86 102 1
86 111 1
86 112 1
86 131 1
86 134 1
86 142 1
86 144 1
86 154 1
86 165 1
86 177 1
86 189 1
87 110 1
87 111 1
87 113 1
87 119 1
87 130 1
87 152 1
87 172 1
87 184 1
87 187 1
88 92 1
88 99 1
88 107 1
88 109 1
88 133 1
88 137 1
88 149 1
88 156 1
88 169 1
88 182 1
88 184 1
89 90 1
89 105 1
89 106 1
89 115 1
89 122 1
89 149 1
89 156 1
89 170 1
90 97 1
90 114 1
90 115 1
90 118 1
90 119 1
90 158 1
90 163 1
90 174 1
90 177 1
90 181 1
90 185 1
90 186 1
91 100 1
91 102 1
91 116 1
91 118 1
91 121 1
91 131 1
91 133 1
91 145 1
91 151 1
91 157 1
91 161 1
91 169 1
91 176 1
91 183 1
91 188 1
92 113 1
92 114 1
92 117 1
92 130 1
92 136 1
92 148 1
92 164 1
92 169 1
92 172 1
93 102 1
93 103 1
93 120 1
93 124 1
93 129 1
93 132 1
93 151 1
93 158 1
93 170 1
94 96 1
94 109 1
94 111 1
94 118 1
94 127 1
94 136 1
94 138 1
94 142 1
94 148 1
94 152 1
94 154 1
94 158 1
94 164 1
95 100 1
95 108 1
95 119 1
95 126 1
95 132 1
95 133 1
95 134 1
95 136 1
95 163 1
95 173 1
95 178 1
96 102 1
96 105 1
96 113 1
96 125 1
96 132 1
96 137 1
96 148 1
96 151 1
96 152 1
96 159 1
96 165 1
96 171 1
96 180 1
96 187 1
97 106 1
97 110 1
97 111 1
97 126 1
97 128 1
97 136 1
97 137 1
97 182 1
98 106 1
98 108 1
98 139 1
98 140 1
98 154 1
98 157 1
98 160 1
99 104 1
99 143 1
99 146 1
99 149 1
99 152 1
99 163 1
99 170 1
99 178 1
100 101 1
100 123 1
100 128 1
100 141 1
100 154 1
100 182 1
100 185 1
101 122 1
101 131 1
101 133 1
101 145 1
101 149 1
101 150 1
101 175 1
101 182 1
101 184 1
101 186 1
102 138 1
102 150 1
102 156 1
102 170 1
102 173 1
102 175 1
102 177 1
102 178 1
103 105 1
103 107 1
103 125 1
103 167 1
103 168 1
103 170 1
104 112 1
104 114 1
104 121 1
104 124 1
104 126 1
104 164 1
104 165 1
104 167 1
104 177 1
104 178 1
104 183 1
105 147 1
105 158 1
105 159 1
105 161 1
105 169 1
105 187 1
106 119 1
106 129 1
106 150 1
106 157 1
106 171 1
106 179 1
106 180 1
106 181 1
106 187 1
107 120 1
107 126 1
107 128 1
107 136 1
107 156 1
107 161 1
107 167 1
107 168 1
107 182 1
107 185 1
107 187 1
108 122 1
108 129 1
108 142 1
108 166 1
108 176 1
108 182 1
109 110 1
109 122 1
109 123 1
109 126 1
109 127 1
109 151 1
109 154 1
109 164 1
110 116 1
110 117 1
110 120 1
110 124 1
110 129 1
110 134 1
110 135 1
110 137 1
110 145 1
110 156 1
110 157 1
110 158 1
110 171 1
110 184 1
111 112 1
111 121 1
111 133 1
111 160 1
111 180 1
111 188 1
112 122 1
112 131 1
112 134 1
112 136 1
112 143 1
112 160 1
112 163 1
112 167 1
112 178 1
113 131 1
113 158 1
113 170 1
113 177 1
113 189 1
114 122 1
114 125 1
114 127 1
114 154 1
114 156 1
114 161 1
114 172 1
114 181 1
114 182 1
115 130 1
115 146 1
115 149 1
115 155 1
115 166 1
115 181 1
115 186 1
116 120 1
116 132 1
116 136 1
116 144 1
116 162 1
116 166 1
116 169 1
116 173 1
116 175 1
116 179 1
116 188 1
117 123 1
117 125 1
117 145 1
117 149 1
117 151 1
117 157 1
117 161 1
117 164 1
117 174 1
117 185 1
117 186 1
117 188 1
118 137 1
118 138 1
118 146 1
118 148 1
118 149 1
118 153 1
118 167 1
118 181 1
118 182 1
118 189 1
119 124 1
119 130 1
119 133 1
119 141 1
119 146 1
119 169 1
119 176 1
119 188 1
120 138 1
120 139 1
120 140 1
120 143 1
120 154 1
120 156 1
120 176 1
120 179 1
120 189 1
121 124 1
121 125 1
121 127 1
121 130 1
121 132 1
121 137 1
121 141 1
121 142 1
121 158 1
121 159 1
121 172 1
121 175 1
121 177 1
121 183 1
122 139 1
122 169 1
122 186 1
122 187 1
122 188 1
123 124 1
123 139 1
123 149 1
123 153 1
123 173 1
123 180 1
124 146 1
124 154 1
124 157 1
124 159 1
124 161 1
124 167 1
124 170 1
124 174 1
124 181 1
124 184 1
124 187 1
124 188 1
125 129 1
125 136 1
125 137 1
125 138 1
125 143 1
125 145 1
125 158 1
125 159 1
125 162 1
125 170 1
125 176 1
126 130 1
126 139 1
126 151 1
126 152 1
126 157 1
126 158 1
126 164 1
126 166 1
126 174 1
126 184 1
127 135 1
127 155 1
127 168 1
127 172 1
127 183 1
127 184 1
128 145 1
128 157 1
128 159 1
128 162 1
128 167 1
128 171 1
128 173 1
128 178 1
129 131 1
129 132 1
129 145 1
129 148 1
129 168 1
129 170 1
129 178 1
129 186 1
130 132 1
130 136 1
130 137 1
130 139 1
130 140 1
130 142 1
130 150 1
130 151 1
130 158 1
130 170 1
130 175 1
130 179 1
130 183 1
130 184 1
131 134 1
131 143 1
131 150 1
131 155 1
131 161 1
131 163 1
131 165 1
131 177 1
131 178 1
131 180 1
132 145 1
132 163 1
132 170 1
132 179 1
132 181 1
133 160 1
133 171 1
133 184 1
133 186 1
133 188 1
134 139 1
134 141 1
134 181 1
134 182 1
135 148 1
135 154 1
135 163 1
135 164 1
135 165 1
136 151 1
136 152 1
136 158 1
136 163 1
136 165 1
137 140 1
137 146 1
137 154 1
137 178 1
137 183 1
137 185 1
137 187 1
138 152 1
138 153 1
138 156 1
138 163 1
138 179 1
139 153 1
139 157 1
139 168 1
140 150 1
140 160 1
140 167 1
140 189 1
141 156 1
141 159 1
141 177 1
141 178 1
141 180 1
141 181 1
141 183 1
141 185 1
141 188 1
142 146 1
142 168 1
142 178 1
142 179 1
143 144 1
143 168 1
143 187 1
144 150 1
144 153 1
144 162 1
144 175 1
145 150 1
145 151 1
145 152 1
145 187 1
146 168 1
146 169 1
146 170 1
146 180 1
146 181 1
147 152 1
147 153 1
147 172 1
147 185 1
148 150 1
148 152 1
148 160 1
148 172 1
149 174 1
149 176 1
150 152 1
150 186 1
151 156 1
151 157 1
151 163 1
151 175 1
151 183 1
152 156 1
152 185 1
153 154 1
153 158 1
153 169 1
153 170 1
153 171 1
153 186 1
154 168 1
155 157 1
155 160 1
155 163 1
155 172 1
155 173 1
155 174 1
155 189 1
156 161 1
156 165 1
156 175 1
156 178 1
156 189 1
157 158 1
157 171 1
157 186 1
157 188 1
158 163 1
158 181 1
158 186 1
159 166 1
159 187 1
160 187 1
160 189 1
161 184 1
161 186 1
162 167 1
162 176 1
162 185 1
162 189 1
163 171 1
163 174 1
163 184 1
164 171 1
164 172 1
164 175 1
164 177 1
166 178 1
166 183 1
167 171 1
167 172 1
168 173 1
168 179 1
168 183 1
169 187 1
170 175 1
170 178 1
170 184 1
171 176 1
171 181 1
172 176 1
172 178 1
172 180 1
172 181 1
172 184 1
172 185 1
173 174 1
174 189 1
176 177 1
177 185 1
178 182 1
178 185 1
180 181 1
180 187 1
181 182 1
183 184 1
183 187 1
1
174 111 123 44 33 124 82 181 134 81 94 87 161 31 115 66 14 129 121
