1545
0 2 1
0 10 1
0 12 1
0 21 1
0 24 1
0 32 1
0 56 1
0 65 1
0 69 1
0 82 1
0 96 1
0 117 1
0 121 1
0 122 1
0 132 1
0 137 1
0 138 1
0 139 1
0 142 1
0 153 1
1 16 1
1 25 1
1 30 1
1 55 1
1 60 1
1 76 1
1 83 1
1 92 1
1 99 1
1 101 1
1 105 1
1 116 1
1 119 1
1 120 1
1 137 1
1 150 1
1 151 1
1 153 1
2 11 1
2 17 1
2 18 1
2 27 1
2 31 1
2 44 1
2 52 1
2 56 1
2 58 1
2 85 1
2 89 1
2 97 1
2 99 1
2 101 1
2 108 1
2 110 1
2 127 1
2 131 1
2 138 1
2 141 1
3 32 1
3 36 1
3 38 1
3 40 1
3 42 1
3 44 1
3 53 1
3 63 1
3 72 1
3 73 1
3 78 1
3 86 1
3 92 1
3 110 1
3 115 1
3 117 1
3 124 1
3 139 1
3 150 1
3 153 1
3 158 1
4 26 1
4 30 1
4 53 1
4 54 1
4 60 1
4 61 1
4 69 1
4 82 1
4 85 1
4 91 1
4 94 1
4 104 1
4 116 1
4 124 1
4 128 1
4 132 1
4 135 1
4 136 1
4 142 1
4 143 1
5 28 1
5 31 1
5 61 1
5 70 1
5 73 1
5 75 1
5 80 1
5 119 1
5 120 1
5 141 1
5 154 1
6 12 1
6 21 1
6 23 1
6 37 1
6 42 1
6 45 1
6 63 1
6 64 1
6 67 1
6 75 1
6 78 1
6 93 1
6 98 1
6 108 1
6 128 1
6 153 1
6 158 1
7 24 1
7 26 1
7 32 1
7 33 1
7 40 1
7 41 1
7 67 1
7 72 1
7 89 1
7 93 1
7 100 1
7 110 1
7 129 1
7 130 1
7 137 1
7 152 1
7 153 1
8 19 1
8 33 1
8 44 1
8 47 1
8 52 1
8 62 1
8 63 1
8 68 1
8 73 1
8 77 1
8 90 1
8 110 1
8 118 1
8 135 1
8 153 1
9 13 1
9 14 1
9 21 1
9 27 1
9 66 1
9 77 1
9 79 1
9 80 1
9 82 1
9 98 1
9 104 1
9 106 1
9 107 1
9 109 1
9 117 1
9 121 1
9 124 1
9 126 1
9 133 1
9 154 1
10 11 1
10 27 1
10 33 1
10 36 1
10 47 1
10 52 1
10 71 1
10 72 1
10 76 1
10 91 1
10 92 1
10 95 1
10 100 1
10 106 1
10 118 1
10 119 1
10 129 1
10 138 1
10 142 1
10 158 1
11 13 1
11 25 1
11 46 1
11 50 1
11 62 1
11 63 1
11 69 1
11 75 1
11 84 1
11 85 1
11 87 1
11 92 1
11 93 1
11 97 1
11 103 1
11 127 1
11 131 1
11 134 1
11 136 1
11 140 1
11 143 1
11 149 1
11 152 1
12 16 1
12 17 1
12 27 1
12 34 1
12 45 1
12 72 1
12 94 1
12 100 1
12 107 1
12 128 1
12 133 1
12 155 1
12 159 1
13 16 1
13 64 1
13 74 1
13 82 1
13 83 1
13 89 1
13 100 1
13 107 1
13 115 1
13 118 1
13 129 1
13 157 1
14 18 1
14 22 1
14 25 1
14 39 1
14 51 1
14 57 1
14 64 1
14 67 1
14 70 1
14 89 1
14 98 1
14 101 1
14 107 1
14 115 1
14 118 1
14 123 1
14 131 1
14 140 1
14 144 1
14 150 1
14 157 1
15 17 1
15 20 1
15 24 1
15 30 1
15 33 1
15 50 1
15 52 1
15 55 1
15 58 1
15 78 1
15 79 1
15 82 1
15 84 1
15 103 1
15 104 1
15 118 1
15 120 1
15 144 1
15 145 1
15 147 1
16 30 1
16 31 1
16 34 1
16 38 1
16 39 1
16 43 1
16 49 1
16 50 1
16 53 1
16 60 1
16 61 1
16 62 1
16 63 1
16 81 1
16 83 1
16 85 1
16 93 1
16 99 1
16 105 1
16 129 1
16 132 1
17 21 1
17 30 1
17 31 1
17 40 1
17 46 1
17 47 1
17 63 1
17 69 1
17 74 1
17 79 1
17 87 1
17 91 1
17 93 1
17 94 1
17 108 1
17 118 1
17 132 1
17 139 1
18 21 1
18 24 1
18 44 1
18 53 1
18 66 1
18 76 1
18 81 1
18 88 1
18 108 1
18 114 1
18 125 1
18 126 1
18 129 1
18 151 1
18 152 1
18 156 1
18 158 1
18 159 1
19 22 1
19 24 1
19 31 1
19 34 1
19 43 1
19 50 1
19 56 1
19 60 1
19 67 1
19 75 1
19 82 1
19 100 1
19 111 1
19 112 1
19 125 1
19 129 1
19 133 1
19 137 1
19 139 1
19 147 1
19 153 1
20 21 1
20 26 1
20 51 1
20 91 1
20 96 1
20 108 1
20 110 1
20 111 1
20 113 1
20 117 1
20 131 1
20 136 1
20 144 1
20 159 1
21 25 1
21 28 1
21 39 1
21 41 1
21 45 1
21 66 1
21 73 1
21 77 1
21 80 1
21 85 1
21 87 1
21 90 1
21 91 1
21 99 1
21 101 1
21 111 1
21 115 1
21 131 1
21 133 1
21 134 1
21 150 1
21 157 1
21 158 1
22 30 1
22 35 1
22 36 1
22 39 1
22 40 1
22 64 1
22 65 1
22 66 1
22 67 1
22 77 1
22 82 1
22 86 1
22 89 1
22 95 1
22 97 1
22 114 1
22 123 1
22 124 1
22 128 1
22 144 1
22 145 1
22 148 1
22 154 1
22 155 1
23 27 1
23 31 1
23 34 1
23 44 1
23 46 1
23 55 1
23 57 1
23 66 1
23 68 1
23 70 1
23 79 1
23 86 1
23 87 1
23 90 1
23 98 1
23 99 1
23 101 1
23 105 1
23 115 1
23 117 1
23 119 1
23 121 1
23 131 1
23 140 1
24 27 1
24 35 1
24 37 1
24 61 1
24 77 1
24 101 1
24 110 1
24 132 1
24 140 1
24 150 1
24 154 1
25 29 1
25 44 1
25 58 1
25 67 1
25 77 1
25 78 1
25 80 1
25 81 1
25 94 1
25 111 1
25 125 1
25 127 1
25 151 1
26 37 1
26 39 1
26 61 1
26 73 1
26 79 1
26 99 1
26 100 1
26 106 1
26 107 1
26 119 1
26 126 1
26 133 1
26 145 1
26 151 1
26 159 1
27 29 1
27 33 1
27 39 1
27 44 1
27 75 1
27 79 1
27 92 1
27 95 1
27 105 1
27 110 1
27 127 1
27 130 1
28 32 1
28 38 1
28 42 1
28 46 1
28 51 1
28 53 1
28 60 1
28 75 1
28 81 1
28 91 1
28 93 1
28 140 1
28 142 1
28 154 1
29 40 1
29 45 1
29 46 1
29 51 1
29 55 1
29 57 1
29 64 1
29 66 1
29 67 1
29 72 1
29 82 1
29 88 1
29 92 1
29 98 1
29 117 1
29 123 1
29 141 1
29 144 1
29 153 1
30 45 1
30 46 1
30 60 1
30 61 1
30 65 1
30 74 1
30 77 1
30 79 1
30 87 1
30 92 1
30 96 1
30 97 1
30 111 1
30 119 1
30 124 1
30 157 1
31 48 1
31 49 1
31 66 1
31 68 1
31 69 1
31 93 1
31 96 1
31 101 1
31 120 1
31 121 1
31 126 1
31 139 1
31 146 1
31 155 1
31 159 1
32 34 1
32 42 1
32 44 1
32 47 1
32 50 1
32 63 1
32 65 1
32 66 1
32 69 1
32 71 1
32 79 1
32 88 1
32 91 1
32 119 1
32 147 1
32 151 1
32 152 1
33 37 1
33 48 1
33 66 1
33 70 1
33 92 1
33 94 1
33 99 1
33 104 1
33 109 1
33 122 1
33 130 1
33 133 1
33 135 1
33 136 1
33 139 1
33 140 1
33 148 1
33 152 1
33 158 1
34 41 1
34 47 1
34 63 1
34 69 1
34 71 1
34 79 1
34 91 1
34 140 1
34 148 1
34 153 1
34 154 1
34 157 1
34 158 1
35 42 1
35 46 1
35 47 1
35 49 1
35 55 1
35 87 1
35 92 1
35 106 1
35 108 1
35 120 1
35 130 1
35 135 1
35 137 1
35 157 1
36 52 1
36 76 1
36 90 1
36 97 1
36 100 1
36 101 1
36 107 1
36 112 1
36 113 1
36 126 1
36 137 1
36 141 1
36 145 1
36 146 1
36 152 1
37 41 1
37 43 1
37 49 1
37 50 1
37 59 1
37 61 1
37 62 1
37 67 1
37 80 1
37 96 1
37 147 1
37 151 1
38 45 1
38 59 1
38 67 1
38 80 1
38 99 1
38 109 1
38 111 1
38 115 1
38 119 1
38 123 1
38 126 1
38 127 1
38 151 1
38 157 1
39 42 1
39 44 1
39 45 1
39 58 1
39 68 1
39 69 1
39 74 1
39 79 1
39 89 1
39 99 1
39 109 1
39 113 1
39 116 1
39 140 1
39 145 1
39 146 1
39 154 1
40 56 1
40 61 1
40 85 1
40 86 1
40 90 1
40 96 1
40 99 1
40 102 1
40 111 1
40 115 1
40 121 1
40 126 1
40 130 1
40 132 1
40 144 1
40 152 1
41 71 1
41 78 1
41 103 1
41 115 1
41 117 1
41 121 1
41 127 1
41 128 1
41 131 1
41 156 1
42 51 1
42 53 1
42 64 1
42 66 1
42 77 1
42 110 1
42 126 1
42 132 1
42 137 1
42 139 1
42 149 1
43 47 1
43 76 1
43 78 1
43 81 1
43 97 1
43 103 1
43 105 1
43 108 1
43 129 1
43 135 1
43 138 1
43 145 1
43 146 1
43 155 1
44 45 1
44 48 1
44 50 1
44 65 1
44 97 1
44 101 1
44 105 1
44 109 1
44 137 1
44 138 1
44 139 1
45 65 1
45 76 1
45 95 1
45 105 1
45 112 1
45 117 1
45 127 1
45 132 1
45 149 1
46 55 1
46 56 1
46 57 1
46 61 1
46 67 1
46 70 1
46 72 1
46 81 1
46 82 1
46 89 1
46 90 1
46 93 1
46 99 1
46 103 1
46 112 1
46 117 1
46 127 1
46 136 1
46 138 1
46 140 1
46 142 1
46 144 1
46 145 1
46 148 1
47 50 1
47 56 1
47 63 1
47 70 1
47 73 1
47 76 1
47 87 1
47 90 1
47 100 1
47 115 1
47 141 1
47 143 1
47 149 1
47 151 1
47 153 1
48 66 1
48 75 1
48 77 1
48 103 1
48 104 1
48 112 1
48 114 1
48 115 1
48 116 1
48 118 1
48 121 1
48 125 1
48 136 1
48 142 1
48 143 1
48 151 1
48 158 1
49 51 1
49 66 1
49 96 1
49 98 1
49 102 1
49 125 1
49 128 1
50 59 1
50 88 1
50 89 1
50 97 1
50 102 1
50 105 1
50 110 1
50 115 1
50 123 1
50 129 1
50 136 1
50 140 1
50 147 1
51 52 1
51 61 1
51 62 1
51 63 1
51 68 1
51 98 1
51 114 1
51 129 1
51 136 1
51 140 1
52 56 1
52 73 1
52 75 1
52 86 1
52 88 1
52 97 1
52 102 1
52 109 1
52 124 1
52 125 1
52 129 1
52 135 1
52 136 1
52 137 1
52 146 1
52 148 1
52 150 1
53 57 1
53 63 1
53 69 1
53 75 1
53 83 1
53 87 1
53 90 1
53 98 1
53 108 1
53 111 1
53 112 1
53 122 1
53 138 1
53 149 1
53 155 1
54 65 1
54 67 1
54 77 1
54 78 1
54 94 1
54 97 1
54 98 1
54 106 1
54 122 1
54 125 1
54 136 1
54 144 1
54 145 1
54 156 1
55 68 1
55 70 1
55 89 1
55 97 1
55 100 1
55 105 1
55 110 1
55 112 1
55 133 1
55 136 1
55 139 1
56 81 1
56 83 1
56 86 1
56 91 1
56 100 1
56 102 1
56 106 1
56 109 1
56 115 1
56 123 1
56 125 1
56 145 1
57 58 1
57 59 1
57 61 1
57 66 1
57 67 1
57 86 1
57 97 1
57 126 1
57 130 1
57 133 1
57 135 1
57 136 1
57 140 1
57 150 1
58 77 1
58 78 1
58 80 1
58 117 1
58 126 1
58 127 1
58 128 1
58 142 1
58 157 1
59 66 1
59 97 1
59 107 1
59 111 1
59 114 1
59 142 1
59 147 1
59 151 1
59 155 1
59 159 1
60 74 1
60 93 1
60 95 1
60 99 1
60 104 1
60 105 1
60 116 1
60 120 1
60 124 1
60 125 1
60 126 1
60 133 1
60 134 1
60 138 1
60 146 1
60 159 1
61 62 1
61 68 1
61 78 1
61 86 1
61 120 1
61 128 1
61 152 1
61 156 1
62 67 1
62 68 1
62 81 1
62 87 1
62 88 1
62 89 1
62 92 1
62 103 1
62 105 1
62 110 1
62 116 1
62 138 1
62 148 1
63 78 1
63 89 1
63 100 1
63 116 1
63 125 1
63 126 1
63 146 1
63 149 1
64 67 1
64 73 1
64 79 1
64 81 1
64 84 1
64 87 1
64 91 1
64 96 1
64 97 1
64 101 1
64 103 1
64 121 1
64 125 1
64 138 1
64 143 1
65 88 1
65 91 1
65 96 1
65 120 1
65 127 1
65 148 1
65 149 1
65 152 1
66 75 1
66 79 1
66 82 1
66 94 1
66 96 1
66 98 1
66 115 1
66 119 1
66 139 1
66 144 1
66 158 1
67 75 1
67 77 1
67 89 1
67 103 1
67 106 1
67 107 1
67 114 1
67 117 1
67 125 1
67 126 1
67 128 1
67 131 1
67 133 1
67 138 1
67 144 1
67 154 1
67 157 1
68 75 1
68 82 1
68 86 1
68 90 1
68 128 1
68 138 1
69 78 1
69 80 1
69 81 1
69 83 1
69 96 1
69 100 1
69 109 1
69 134 1
69 138 1
69 147 1
69 155 1
69 157 1
70 121 1
70 123 1
70 132 1
70 142 1
71 79 1
71 81 1
71 91 1
71 97 1
71 107 1
71 141 1
71 149 1
71 151 1
71 152 1
71 155 1
72 87 1
72 95 1
72 99 1
72 109 1
72 116 1
72 119 1
72 128 1
72 132 1
72 143 1
73 75 1
73 76 1
73 77 1
73 85 1
73 96 1
73 99 1
73 123 1
73 125 1
73 130 1
73 154 1
73 156 1
73 158 1
74 76 1
74 84 1
74 96 1
74 100 1
74 112 1
74 120 1
74 144 1
74 155 1
74 159 1
75 84 1
75 86 1
75 90 1
75 95 1
75 103 1
75 104 1
75 110 1
75 126 1
75 132 1
75 138 1
75 150 1
75 151 1
75 155 1
75 156 1
75 157 1
76 79 1
76 95 1
76 96 1
76 116 1
76 117 1
76 118 1
76 120 1
76 121 1
76 130 1
76 140 1
76 149 1
77 78 1
77 83 1
77 96 1
77 99 1
77 101 1
77 113 1
77 119 1
77 124 1
77 127 1
77 131 1
77 155 1
78 79 1
78 94 1
78 103 1
78 107 1
78 112 1
78 138 1
78 145 1
78 150 1
78 151 1
79 81 1
79 102 1
79 104 1
79 123 1
79 127 1
79 128 1
79 153 1
80 86 1
80 90 1
80 95 1
80 108 1
80 111 1
80 114 1
80 119 1
80 122 1
80 136 1
80 142 1
80 146 1
80 149 1
80 159 1
81 91 1
81 101 1
81 134 1
81 137 1
81 140 1
81 142 1
81 152 1
81 153 1
81 157 1
81 159 1
82 84 1
82 86 1
82 98 1
82 103 1
82 116 1
82 123 1
82 147 1
82 158 1
82 159 1
83 106 1
83 109 1
83 140 1
83 146 1
83 150 1
83 151 1
83 153 1
83 155 1
83 158 1
84 97 1
84 104 1
84 116 1
84 129 1
84 135 1
84 140 1
84 154 1
84 156 1
85 86 1
85 94 1
85 110 1
85 117 1
85 124 1
85 151 1
85 159 1
86 95 1
86 111 1
86 114 1
86 118 1
86 123 1
86 126 1
86 130 1
86 131 1
86 146 1
86 152 1
86 158 1
87 90 1
87 101 1
87 102 1
87 104 1
87 114 1
87 132 1
87 133 1
87 136 1
87 154 1
87 156 1
87 157 1
87 158 1
88 95 1
88 102 1
88 107 1
88 114 1
88 118 1
88 125 1
88 126 1
88 131 1
88 133 1
88 139 1
88 149 1
88 156 1
89 91 1
89 96 1
89 104 1
89 107 1
89 113 1
89 118 1
89 120 1
89 133 1
89 142 1
89 154 1
89 156 1
90 96 1
90 101 1
90 112 1
90 119 1
90 125 1
90 129 1
90 132 1
90 146 1
90 153 1
90 156 1
90 157 1
91 92 1
91 93 1
91 100 1
91 114 1
91 115 1
91 121 1
91 134 1
91 136 1
91 144 1
91 148 1
91 152 1
91 154 1
92 97 1
92 107 1
92 112 1
92 115 1
92 126 1
92 128 1
92 130 1
92 133 1
92 134 1
92 138 1
93 95 1
93 97 1
93 107 1
93 111 1
93 120 1
93 143 1
93 150 1
94 102 1
94 112 1
94 117 1
94 130 1
94 150 1
95 99 1
95 122 1
95 129 1
95 143 1
96 127 1
96 130 1
96 134 1
96 138 1
96 153 1
96 156 1
97 99 1
97 106 1
97 112 1
97 135 1
97 140 1
97 142 1
97 146 1
98 109 1
98 127 1
98 157 1
98 158 1
98 159 1
99 111 1
99 114 1
99 129 1
99 143 1
99 152 1
99 156 1
99 158 1
100 105 1
100 109 1
100 113 1
100 114 1
100 115 1
100 127 1
100 130 1
100 137 1
100 138 1
100 149 1
100 150 1
100 153 1
101 125 1
101 132 1
101 146 1
101 153 1
102 124 1
102 135 1
102 156 1
103 113 1
103 121 1
103 131 1
103 134 1
103 144 1
103 152 1
104 108 1
104 114 1
104 122 1
104 129 1
104 131 1
104 132 1
104 133 1
104 149 1
105 115 1
105 116 1
105 128 1
105 150 1
105 152 1
105 155 1
106 150 1
107 111 1
107 112 1
107 122 1
107 124 1
107 137 1
107 138 1
107 143 1
107 145 1
107 146 1
107 147 1
107 158 1
108 118 1
108 121 1
108 124 1
108 131 1
108 135 1
108 149 1
109 125 1
109 147 1
110 122 1
110 123 1
110 136 1
110 159 1
111 115 1
111 124 1
111 127 1
111 150 1
112 115 1
112 122 1
112 130 1
112 143 1
112 145 1
112 151 1
112 152 1
113 123 1
113 131 1
113 136 1
113 147 1
113 154 1
113 158 1
114 118 1
114 130 1
114 133 1
114 142 1
114 146 1
114 151 1
114 157 1
115 121 1
115 152 1
116 124 1
116 125 1
116 129 1
116 154 1
116 158 1
117 118 1
117 119 1
117 128 1
117 148 1
118 120 1
118 122 1
118 125 1
118 138 1
119 136 1
119 138 1
119 146 1
120 130 1
120 132 1
120 143 1
121 130 1
121 132 1
121 150 1
121 158 1
121 159 1
122 129 1
122 132 1
122 139 1
122 142 1
122 156 1
122 157 1
123 125 1
123 137 1
123 148 1
124 125 1
124 127 1
124 130 1
124 138 1
124 139 1
124 140 1
124 150 1
125 129 1
125 157 1
125 159 1
126 139 1
126 143 1
126 145 1
126 146 1
126 151 1
126 155 1
127 132 1
127 144 1
127 148 1
128 131 1
128 144 1
128 149 1
128 152 1
128 153 1
128 155 1
129 130 1
129 132 1
129 134 1
129 151 1
129 154 1
129 157 1
130 148 1
130 152 1
131 135 1
131 144 1
131 151 1
131 153 1
131 157 1
132 134 1
132 138 1
132 148 1
133 134 1
133 144 1
133 146 1
133 148 1
133 159 1
134 136 1
134 141 1
134 143 1
134 144 1
134 153 1
135 144 1
135 145 1
135 148 1
135 152 1
135 154 1
135 157 1
136 151 1
137 143 1
137 146 1
137 152 1
138 150 1
138 152 1
138 157 1
139 140 1
139 145 1
139 147 1
139 149 1
141 152 1
141 155 1
142 144 1
142 157 1
142 158 1
143 146 1
144 145 1
144 157 1
145 147 1
145 148 1
145 149 1
145 151 1
145 157 1
147 153 1
147 154 1
147 156 1
147 158 1
148 151 1
148 157 1
154 156 1
157 158 1
157 159 1
1
156 3 14 154 88 49 64 68 66 36 16 151 74 21 96 76
