1834
0 10 1
0 48 1
0 59 1
0 94 1
0 95 1
0 96 1
0 107 1
0 109 1
0 116 1
0 118 1
0 130 1
0 132 1
0 145 1
0 173 1
1 12 1
1 14 1
1 23 1
1 25 1
1 27 1
1 31 1
1 38 1
1 49 1
1 56 1
1 57 1
1 63 1
1 64 1
1 75 1
1 89 1
1 94 1
1 112 1
1 114 1
1 124 1
1 134 1
1 151 1
1 153 1
1 159 1
1 166 1
1 167 1
1 168 1
1 172 1
2 3 1
2 9 1
2 15 1
2 22 1
2 25 1
2 39 1
2 65 1
2 74 1
2 99 1
2 102 1
2 127 1
2 132 1
2 171 1
3 13 1
3 18 1
3 20 1
3 25 1
3 29 1
3 47 1
3 55 1
3 64 1
3 73 1
3 78 1
3 81 1
3 86 1
3 105 1
3 115 1
3 116 1
3 123 1
3 132 1
3 141 1
3 162 1
4 7 1
4 30 1
4 55 1
4 85 1
4 88 1
4 89 1
4 100 1
4 108 1
4 110 1
4 111 1
4 114 1
4 119 1
4 127 1
4 164 1
4 167 1
4 170 1
5 7 1
5 8 1
5 46 1
5 47 1
5 50 1
5 71 1
5 74 1
5 77 1
5 98 1
5 109 1
5 119 1
5 122 1
5 131 1
5 149 1
5 154 1
5 156 1
5 157 1
5 160 1
5 166 1
5 169 1
5 177 1
6 16 1
6 37 1
6 38 1
6 42 1
6 46 1
6 48 1
6 57 1
6 74 1
6 79 1
6 85 1
6 102 1
6 103 1
6 109 1
6 113 1
6 120 1
6 128 1
6 136 1
6 148 1
6 156 1
6 169 1
6 174 1
7 15 1
7 28 1
7 50 1
7 68 1
7 92 1
7 96 1
7 110 1
7 128 1
7 138 1
7 143 1
7 153 1
7 168 1
8 9 1
8 12 1
8 14 1
8 19 1
8 23 1
8 27 1
8 32 1
8 47 1
8 56 1
8 67 1
8 80 1
8 89 1
8 124 1
8 131 1
8 132 1
8 152 1
8 164 1
8 174 1
9 12 1
9 14 1
9 50 1
9 51 1
9 57 1
9 73 1
9 75 1
9 92 1
9 113 1
9 115 1
9 124 1
9 130 1
9 133 1
9 148 1
10 25 1
10 31 1
10 33 1
10 34 1
10 56 1
10 72 1
10 75 1
10 85 1
10 92 1
10 96 1
10 107 1
10 122 1
10 123 1
10 128 1
10 134 1
10 147 1
10 154 1
10 157 1
10 161 1
11 34 1
11 40 1
11 46 1
11 56 1
11 61 1
11 62 1
11 79 1
11 86 1
11 94 1
11 98 1
11 105 1
11 118 1
11 130 1
11 131 1
11 137 1
11 155 1
11 161 1
11 174 1
11 176 1
11 179 1
12 23 1
12 35 1
12 45 1
12 48 1
12 51 1
12 62 1
12 63 1
12 68 1
12 71 1
12 91 1
12 93 1
12 111 1
12 112 1
12 114 1
12 131 1
12 147 1
12 154 1
12 173 1
12 179 1
13 29 1
13 30 1
13 45 1
13 46 1
13 47 1
13 63 1
13 67 1
13 96 1
13 101 1
13 110 1
13 121 1
13 130 1
13 132 1
13 160 1
13 169 1
13 176 1
13 177 1
13 178 1
14 20 1
14 49 1
14 63 1
14 69 1
14 73 1
14 76 1
14 81 1
14 82 1
14 83 1
14 94 1
14 102 1
14 103 1
14 106 1
14 124 1
14 128 1
14 158 1
14 161 1
14 173 1
15 23 1
15 29 1
15 30 1
15 33 1
15 34 1
15 55 1
15 79 1
15 82 1
15 113 1
15 119 1
15 120 1
15 139 1
15 165 1
15 176 1
16 26 1
16 38 1
16 40 1
16 48 1
16 55 1
16 64 1
16 74 1
16 81 1
16 83 1
16 85 1
16 95 1
16 98 1
16 109 1
16 115 1
16 118 1
16 123 1
16 128 1
16 162 1
16 166 1
16 170 1
16 171 1
16 172 1
16 177 1
17 26 1
17 41 1
17 58 1
17 63 1
17 75 1
17 77 1
17 91 1
17 102 1
17 106 1
17 117 1
17 120 1
17 123 1
17 131 1
17 151 1
17 157 1
17 166 1
17 167 1
17 175 1
18 27 1
18 32 1
18 45 1
18 49 1
18 61 1
18 70 1
18 83 1
18 87 1
18 92 1
18 95 1
18 105 1
18 119 1
18 129 1
18 135 1
18 140 1
18 165 1
18 166 1
18 173 1
18 176 1
19 32 1
19 35 1
19 41 1
19 42 1
19 80 1
19 88 1
19 89 1
19 111 1
19 119 1
19 129 1
19 149 1
19 155 1
19 166 1
19 167 1
19 173 1
20 22 1
20 42 1
20 47 1
20 49 1
20 51 1
20 55 1
20 71 1
20 73 1
20 77 1
20 103 1
20 104 1
20 105 1
20 129 1
20 130 1
20 135 1
20 140 1
20 144 1
20 156 1
20 165 1
21 38 1
21 42 1
21 49 1
21 67 1
21 73 1
21 74 1
21 110 1
21 126 1
21 127 1
21 134 1
21 137 1
21 141 1
21 142 1
21 160 1
21 172 1
21 177 1
22 24 1
22 54 1
22 65 1
22 67 1
22 69 1
22 79 1
22 86 1
22 90 1
22 93 1
22 100 1
22 117 1
22 126 1
22 131 1
22 133 1
22 136 1
22 150 1
22 152 1
22 161 1
23 29 1
23 38 1
23 46 1
23 49 1
23 63 1
23 80 1
23 82 1
23 86 1
23 98 1
23 105 1
23 109 1
23 111 1
23 116 1
23 117 1
23 122 1
23 129 1
23 137 1
23 145 1
23 150 1
23 152 1
23 172 1
23 176 1
23 179 1
24 35 1
24 37 1
24 42 1
24 52 1
24 64 1
24 74 1
24 78 1
24 84 1
24 90 1
24 110 1
24 121 1
24 139 1
24 168 1
24 175 1
25 30 1
25 48 1
25 50 1
25 78 1
25 82 1
25 83 1
25 114 1
25 151 1
25 171 1
26 47 1
26 50 1
26 60 1
26 72 1
26 82 1
26 85 1
26 87 1
26 106 1
26 114 1
26 122 1
26 123 1
26 137 1
26 139 1
26 145 1
26 152 1
26 153 1
26 154 1
26 171 1
27 34 1
27 36 1
27 47 1
27 52 1
27 55 1
27 58 1
27 76 1
27 85 1
27 88 1
27 94 1
27 112 1
27 127 1
27 131 1
27 136 1
27 138 1
27 139 1
27 147 1
27 148 1
27 160 1
27 170 1
28 47 1
28 48 1
28 50 1
28 62 1
28 74 1
28 78 1
28 83 1
28 87 1
28 88 1
28 99 1
28 121 1
28 146 1
28 147 1
28 158 1
29 41 1
29 54 1
29 57 1
29 62 1
29 67 1
29 68 1
29 82 1
29 84 1
29 87 1
29 88 1
29 94 1
29 99 1
29 106 1
29 125 1
29 131 1
29 138 1
29 145 1
29 146 1
29 147 1
29 151 1
29 156 1
29 158 1
29 162 1
29 167 1
29 175 1
30 31 1
30 55 1
30 62 1
30 63 1
30 71 1
30 73 1
30 91 1
30 118 1
30 136 1
30 139 1
30 143 1
30 147 1
30 160 1
30 162 1
31 38 1
31 43 1
31 45 1
31 55 1
31 78 1
31 80 1
31 82 1
31 92 1
31 99 1
31 109 1
31 111 1
31 125 1
31 127 1
31 157 1
31 162 1
31 167 1
31 175 1
32 50 1
32 52 1
32 55 1
32 68 1
32 77 1
32 79 1
32 102 1
32 106 1
32 108 1
32 109 1
32 126 1
32 135 1
32 139 1
32 146 1
32 166 1
32 167 1
32 172 1
33 74 1
33 79 1
33 84 1
33 88 1
33 96 1
33 101 1
33 111 1
33 117 1
33 132 1
33 143 1
33 147 1
33 148 1
33 151 1
33 155 1
33 166 1
33 175 1
33 177 1
33 179 1
34 40 1
34 42 1
34 47 1
34 57 1
34 64 1
34 69 1
34 71 1
34 79 1
34 99 1
34 101 1
34 107 1
34 110 1
34 111 1
34 123 1
34 124 1
34 130 1
34 132 1
34 135 1
34 156 1
34 163 1
34 164 1
35 43 1
35 60 1
35 67 1
35 69 1
35 98 1
35 112 1
35 119 1
35 139 1
35 144 1
35 148 1
35 163 1
35 170 1
35 179 1
36 43 1
36 44 1
36 51 1
36 58 1
36 78 1
36 102 1
36 106 1
36 107 1
36 109 1
36 119 1
36 127 1
36 137 1
36 140 1
36 141 1
36 175 1
36 178 1
37 44 1
37 45 1
37 46 1
37 48 1
37 52 1
37 61 1
37 63 1
37 65 1
37 68 1
37 89 1
37 90 1
37 92 1
37 98 1
37 100 1
37 118 1
37 120 1
37 122 1
37 131 1
37 138 1
37 155 1
37 163 1
37 171 1
38 91 1
38 97 1
38 105 1
38 114 1
38 129 1
38 135 1
38 158 1
38 159 1
38 168 1
39 49 1
39 58 1
39 60 1
39 70 1
39 72 1
39 81 1
39 89 1
39 93 1
39 94 1
39 99 1
39 103 1
39 104 1
39 116 1
39 126 1
39 134 1
39 137 1
39 144 1
39 150 1
40 48 1
40 72 1
40 73 1
40 80 1
40 100 1
40 109 1
40 119 1
40 125 1
40 134 1
40 149 1
40 153 1
40 160 1
40 161 1
40 163 1
40 164 1
40 169 1
40 176 1
40 177 1
41 45 1
41 54 1
41 90 1
41 95 1
41 109 1
41 124 1
41 163 1
41 164 1
41 165 1
41 174 1
42 54 1
42 55 1
42 73 1
42 76 1
42 84 1
42 86 1
42 92 1
42 93 1
42 107 1
42 119 1
42 123 1
42 125 1
42 128 1
42 134 1
42 136 1
42 140 1
42 156 1
43 44 1
43 70 1
43 71 1
43 87 1
43 88 1
43 91 1
43 92 1
43 108 1
43 153 1
43 155 1
43 161 1
43 164 1
44 46 1
44 49 1
44 51 1
44 54 1
44 61 1
44 63 1
44 68 1
44 76 1
44 97 1
44 98 1
44 116 1
44 119 1
44 131 1
44 132 1
44 141 1
44 155 1
44 164 1
45 46 1
45 51 1
45 56 1
45 57 1
45 62 1
45 71 1
45 76 1
45 83 1
45 87 1
45 90 1
45 96 1
45 99 1
45 100 1
45 105 1
45 107 1
45 109 1
45 117 1
45 122 1
45 128 1
45 133 1
45 137 1
45 151 1
45 154 1
45 166 1
45 172 1
45 178 1
46 53 1
46 55 1
46 66 1
46 68 1
46 77 1
46 78 1
46 101 1
46 109 1
46 116 1
46 117 1
46 122 1
46 123 1
46 126 1
46 140 1
46 160 1
46 166 1
46 177 1
47 71 1
47 105 1
47 120 1
47 137 1
47 139 1
47 144 1
47 145 1
47 152 1
47 160 1
47 163 1
47 174 1
48 56 1
48 59 1
48 64 1
48 77 1
48 78 1
48 88 1
48 93 1
48 95 1
48 105 1
48 113 1
48 119 1
48 126 1
48 139 1
48 144 1
48 153 1
48 154 1
48 157 1
48 161 1
48 175 1
49 58 1
49 72 1
49 86 1
49 98 1
49 99 1
49 127 1
49 129 1
49 146 1
49 148 1
49 158 1
49 159 1
49 168 1
49 177 1
50 61 1
50 64 1
50 68 1
50 92 1
50 97 1
50 107 1
50 108 1
50 114 1
50 115 1
50 129 1
50 141 1
50 154 1
50 167 1
50 173 1
50 174 1
51 54 1
51 60 1
51 63 1
51 71 1
51 77 1
51 78 1
51 85 1
51 92 1
51 107 1
51 111 1
51 113 1
51 115 1
51 124 1
51 127 1
51 145 1
51 158 1
51 168 1
52 53 1
52 54 1
52 55 1
52 58 1
52 61 1
52 72 1
52 79 1
52 85 1
52 94 1
52 113 1
52 120 1
52 121 1
52 122 1
52 147 1
52 149 1
52 155 1
52 157 1
52 158 1
52 161 1
52 174 1
52 178 1
53 60 1
53 66 1
53 71 1
53 75 1
53 77 1
53 83 1
53 89 1
53 91 1
53 96 1
53 99 1
53 101 1
53 102 1
53 111 1
53 141 1
53 142 1
53 156 1
53 162 1
53 163 1
53 174 1
53 178 1
54 59 1
54 86 1
54 87 1
54 89 1
54 95 1
54 108 1
54 109 1
54 122 1
54 124 1
54 125 1
54 135 1
54 149 1
54 152 1
54 167 1
55 60 1
55 75 1
55 90 1
55 101 1
55 113 1
55 124 1
55 131 1
55 133 1
55 137 1
55 142 1
55 143 1
55 144 1
55 146 1
55 152 1
55 157 1
55 166 1
55 170 1
56 67 1
56 70 1
56 73 1
56 90 1
56 93 1
56 94 1
56 97 1
56 106 1
56 119 1
56 143 1
56 147 1
56 149 1
56 156 1
56 176 1
57 65 1
57 83 1
57 84 1
57 87 1
57 90 1
57 98 1
57 101 1
57 105 1
57 106 1
57 110 1
57 114 1
57 134 1
57 142 1
57 147 1
57 150 1
57 163 1
57 167 1
57 168 1
57 174 1
57 177 1
58 62 1
58 63 1
58 75 1
58 84 1
58 90 1
58 91 1
58 95 1
58 98 1
58 110 1
58 113 1
58 117 1
58 119 1
58 128 1
58 140 1
58 147 1
58 161 1
59 75 1
59 82 1
59 128 1
59 148 1
59 159 1
59 161 1
59 167 1
59 170 1
60 73 1
60 79 1
60 87 1
60 91 1
60 92 1
60 101 1
60 102 1
60 115 1
60 132 1
60 133 1
60 137 1
60 147 1
60 160 1
60 167 1
60 178 1
61 66 1
61 86 1
61 119 1
61 127 1
61 152 1
61 154 1
61 158 1
61 160 1
61 163 1
61 179 1
62 64 1
62 76 1
62 89 1
62 94 1
62 97 1
62 110 1
62 113 1
62 131 1
62 142 1
62 146 1
62 160 1
63 71 1
63 73 1
63 93 1
63 113 1
63 121 1
63 122 1
63 133 1
63 143 1
63 144 1
63 162 1
64 70 1
64 87 1
64 101 1
64 109 1
64 124 1
64 128 1
64 140 1
64 146 1
64 147 1
64 149 1
64 156 1
64 165 1
64 168 1
64 169 1
65 76 1
65 90 1
65 91 1
65 93 1
65 95 1
65 111 1
65 113 1
65 119 1
65 120 1
65 126 1
65 134 1
65 139 1
65 159 1
65 163 1
65 164 1
65 168 1
65 171 1
66 67 1
66 81 1
66 82 1
66 88 1
66 105 1
66 110 1
66 113 1
66 115 1
66 121 1
66 126 1
66 147 1
66 151 1
66 152 1
66 153 1
66 158 1
66 162 1
66 167 1
66 169 1
66 171 1
67 79 1
67 91 1
67 98 1
67 163 1
67 172 1
67 176 1
68 75 1
68 91 1
68 99 1
68 111 1
68 127 1
68 147 1
68 155 1
68 163 1
68 167 1
69 73 1
69 100 1
69 109 1
69 110 1
69 117 1
69 120 1
69 130 1
69 144 1
69 149 1
69 163 1
69 170 1
69 177 1
69 179 1
70 76 1
70 77 1
70 87 1
70 97 1
70 106 1
70 114 1
70 116 1
70 121 1
70 125 1
70 138 1
70 139 1
70 144 1
70 149 1
70 153 1
70 157 1
70 158 1
70 162 1
71 101 1
71 138 1
71 142 1
71 144 1
71 151 1
71 165 1
71 169 1
71 178 1
72 77 1
72 80 1
72 91 1
72 99 1
72 102 1
72 105 1
72 110 1
72 113 1
72 115 1
72 129 1
72 132 1
72 135 1
72 137 1
72 141 1
72 146 1
72 153 1
72 158 1
72 172 1
73 95 1
73 98 1
73 101 1
73 129 1
73 133 1
73 139 1
73 140 1
73 149 1
73 165 1
73 175 1
74 89 1
74 92 1
74 100 1
74 106 1
74 120 1
74 123 1
74 126 1
74 127 1
74 132 1
74 142 1
74 152 1
74 160 1
74 170 1
74 178 1
74 179 1
75 88 1
75 95 1
75 102 1
75 132 1
75 148 1
75 177 1
76 86 1
76 94 1
76 97 1
76 101 1
76 112 1
76 114 1
76 117 1
76 136 1
76 137 1
76 140 1
76 150 1
76 155 1
76 161 1
76 171 1
76 176 1
77 84 1
77 91 1
77 102 1
77 105 1
77 109 1
77 120 1
77 154 1
78 79 1
78 80 1
78 104 1
78 109 1
78 117 1
78 121 1
78 126 1
78 128 1
78 129 1
78 132 1
78 143 1
78 144 1
78 162 1
78 169 1
78 170 1
78 173 1
79 81 1
79 85 1
79 104 1
79 151 1
79 175 1
79 176 1
79 179 1
80 87 1
80 95 1
80 96 1
80 101 1
80 111 1
80 113 1
80 127 1
80 142 1
80 176 1
80 178 1
81 92 1
81 93 1
81 98 1
81 104 1
81 107 1
81 112 1
81 114 1
81 127 1
81 128 1
81 143 1
81 145 1
81 150 1
81 154 1
81 156 1
81 157 1
81 179 1
82 95 1
82 99 1
82 113 1
82 118 1
82 125 1
82 160 1
82 165 1
83 105 1
83 108 1
83 119 1
83 125 1
83 135 1
83 155 1
83 157 1
83 166 1
83 167 1
83 174 1
84 109 1
84 110 1
84 122 1
84 161 1
84 165 1
84 167 1
84 170 1
84 177 1
85 91 1
85 121 1
85 124 1
85 128 1
85 140 1
85 151 1
85 157 1
85 175 1
86 106 1
86 107 1
86 122 1
86 126 1
86 141 1
86 145 1
86 147 1
86 158 1
87 104 1
87 108 1
87 114 1
87 118 1
87 122 1
87 128 1
87 130 1
87 134 1
87 135 1
87 143 1
87 149 1
87 151 1
87 154 1
87 173 1
88 92 1
88 96 1
88 99 1
88 105 1
88 113 1
88 124 1
88 125 1
88 126 1
88 130 1
88 133 1
88 145 1
88 151 1
88 166 1
88 167 1
88 169 1
88 173 1
88 175 1
89 90 1
89 95 1
89 109 1
89 117 1
89 134 1
89 135 1
89 159 1
89 161 1
90 93 1
90 96 1
90 99 1
90 102 1
90 141 1
90 164 1
90 166 1
91 99 1
91 113 1
91 114 1
91 117 1
91 120 1
91 122 1
91 167 1
91 170 1
91 177 1
92 102 1
92 112 1
92 121 1
92 134 1
92 135 1
92 142 1
92 148 1
92 151 1
92 155 1
92 159 1
92 163 1
92 172 1
93 115 1
93 133 1
93 134 1
93 143 1
93 151 1
93 172 1
93 175 1
94 103 1
94 119 1
94 126 1
94 150 1
94 156 1
94 157 1
94 160 1
94 167 1
95 97 1
95 103 1
95 104 1
95 109 1
95 128 1
95 132 1
95 134 1
95 148 1
95 149 1
95 156 1
95 160 1
95 164 1
95 176 1
96 98 1
96 99 1
96 116 1
96 137 1
96 152 1
96 159 1
96 175 1
96 178 1
97 113 1
97 138 1
97 140 1
97 164 1
97 168 1
97 174 1
98 99 1
98 100 1
98 109 1
98 110 1
98 120 1
98 124 1
98 132 1
98 149 1
98 163 1
98 178 1
99 101 1
99 105 1
99 109 1
99 112 1
99 117 1
99 123 1
99 125 1
99 132 1
99 139 1
99 143 1
99 152 1
99 160 1
100 101 1
100 105 1
100 110 1
100 116 1
100 142 1
100 153 1
100 167 1
100 168 1
101 102 1
101 124 1
101 127 1
101 130 1
101 156 1
101 162 1
101 164 1
101 167 1
101 169 1
101 174 1
101 177 1
101 178 1
102 104 1
102 115 1
102 117 1
102 122 1
102 128 1
102 133 1
102 134 1
102 144 1
102 153 1
102 160 1
102 164 1
102 178 1
102 179 1
103 106 1
103 109 1
103 125 1
103 127 1
103 140 1
103 145 1
103 149 1
103 152 1
103 160 1
103 174 1
104 108 1
104 109 1
104 110 1
104 125 1
104 135 1
104 137 1
104 149 1
104 171 1
105 109 1
105 110 1
105 117 1
105 124 1
105 128 1
105 136 1
105 149 1
105 152 1
105 154 1
105 178 1
106 110 1
106 133 1
106 136 1
106 140 1
106 141 1
106 147 1
106 160 1
106 162 1
106 163 1
106 167 1
106 173 1
106 175 1
107 110 1
107 118 1
107 120 1
107 133 1
107 137 1
108 112 1
108 145 1
108 162 1
108 165 1
108 168 1
108 169 1
109 118 1
109 128 1
109 129 1
109 131 1
109 164 1
109 171 1
110 115 1
110 125 1
110 128 1
110 133 1
110 138 1
110 147 1
110 149 1
110 150 1
110 155 1
110 160 1
110 173 1
110 175 1
111 120 1
111 126 1
111 127 1
111 128 1
111 129 1
111 132 1
111 133 1
111 144 1
111 145 1
111 152 1
111 169 1
112 123 1
112 124 1
112 126 1
112 132 1
112 137 1
112 157 1
113 115 1
113 120 1
113 136 1
113 139 1
113 154 1
113 155 1
113 172 1
114 116 1
114 126 1
114 127 1
114 144 1
114 150 1
114 153 1
114 164 1
115 126 1
115 129 1
115 140 1
115 141 1
115 142 1
115 143 1
115 147 1
115 150 1
115 158 1
115 159 1
115 170 1
116 130 1
116 145 1
116 153 1
116 165 1
116 171 1
117 127 1
117 129 1
117 138 1
117 169 1
117 170 1
117 172 1
117 178 1
118 120 1
118 123 1
118 127 1
118 129 1
118 141 1
118 143 1
118 144 1
118 162 1
119 122 1
119 130 1
119 134 1
119 135 1
119 160 1
119 161 1
120 126 1
120 130 1
120 137 1
120 141 1
120 153 1
120 163 1
120 167 1
120 176 1
121 124 1
121 127 1
121 142 1
122 127 1
122 130 1
122 157 1
122 158 1
122 159 1
122 169 1
122 175 1
122 178 1
123 126 1
123 137 1
123 146 1
123 151 1
123 159 1
123 165 1
123 166 1
123 179 1
124 134 1
124 147 1
124 156 1
124 157 1
124 160 1
125 127 1
125 139 1
125 142 1
125 143 1
125 144 1
125 149 1
125 164 1
125 173 1
125 179 1
126 130 1
126 141 1
126 153 1
126 154 1
126 163 1
126 164 1
126 166 1
126 175 1
126 176 1
127 135 1
127 150 1
127 163 1
128 155 1
128 168 1
128 175 1
129 137 1
129 143 1
129 154 1
129 156 1
130 138 1
130 140 1
130 143 1
130 146 1
130 154 1
130 161 1
131 151 1
131 152 1
131 153 1
131 157 1
132 143 1
132 149 1
132 158 1
132 159 1
132 160 1
132 166 1
132 167 1
133 134 1
133 138 1
133 140 1
133 148 1
133 154 1
133 156 1
133 166 1
134 143 1
134 147 1
134 149 1
135 140 1
135 141 1
135 144 1
135 158 1
135 162 1
135 163 1
135 170 1
135 173 1
135 176 1
136 140 1
136 156 1
136 158 1
136 167 1
137 143 1
137 161 1
137 170 1
137 179 1
138 157 1
138 159 1
138 165 1
138 166 1
138 176 1
139 143 1
139 155 1
140 141 1
140 142 1
140 143 1
140 144 1
140 149 1
140 163 1
140 169 1
140 179 1
141 151 1
141 164 1
141 178 1
142 143 1
142 154 1
142 155 1
142 161 1
142 170 1
142 173 1
142 174 1
143 148 1
143 151 1
143 165 1
143 178 1
144 145 1
144 154 1
144 155 1
144 173 1
144 177 1
145 147 1
145 172 1
145 177 1
146 147 1
146 154 1
146 156 1
146 169 1
147 150 1
147 151 1
147 158 1
147 166 1
147 171 1
149 172 1
149 179 1
150 178 1
151 152 1
151 158 1
151 169 1
151 179 1
152 159 1
152 165 1
153 156 1
153 159 1
153 169 1
154 159 1
155 166 1
156 157 1
156 159 1
156 176 1
157 167 1
157 168 1
157 169 1
157 176 1
157 178 1
158 172 1
159 162 1
159 165 1
159 174 1
159 179 1
160 163 1
160 165 1
162 163 1
162 166 1
162 167 1
163 168 1
164 173 1
164 174 1
165 175 1
165 179 1
166 168 1
166 169 1
167 169 1
167 172 1
167 173 1
168 174 1
169 179 1
170 174 1
170 178 1
171 172 1
171 178 1
172 176 1
174 175 1
174 179 1
175 177 1
175 179 1
1
38 51 135 172 159 148 164 4 99 55 123 173 32 152 53 76 2 13
