2101
0 6 1
0 29 1
0 31 1
0 39 1
0 43 1
0 49 1
0 77 1
0 90 1
0 93 1
0 96 1
0 136 1
0 146 1
0 162 1
0 174 1
0 186 1
0 194 1
0 195 1
1 6 1
1 13 1
1 20 1
1 37 1
1 45 1
1 52 1
1 64 1
1 65 1
1 71 1
1 79 1
1 88 1
1 93 1
1 103 1
1 104 1
1 115 1
1 120 1
1 135 1
1 138 1
1 140 1
1 152 1
1 154 1
1 155 1
1 163 1
1 181 1
1 184 1
2 5 1
2 13 1
2 39 1
2 69 1
2 73 1
2 74 1
2 75 1
2 78 1
2 92 1
2 94 1
2 98 1
2 102 1
2 103 1
2 104 1
2 119 1
2 138 1
2 144 1
2 145 1
2 162 1
2 164 1
2 183 1
3 9 1
3 12 1
3 19 1
3 20 1
3 42 1
3 49 1
3 51 1
3 63 1
3 66 1
3 96 1
3 109 1
3 114 1
3 115 1
3 121 1
3 124 1
3 125 1
3 140 1
3 155 1
3 167 1
3 168 1
3 169 1
3 196 1
4 5 1
4 18 1
4 24 1
4 26 1
4 40 1
4 54 1
4 65 1
4 67 1
4 82 1
4 83 1
4 90 1
4 104 1
4 110 1
4 114 1
4 122 1
4 136 1
4 150 1
4 151 1
4 152 1
4 159 1
4 165 1
4 174 1
4 181 1
4 186 1
4 190 1
4 192 1
5 16 1
5 18 1
5 26 1
5 32 1
5 33 1
5 40 1
5 48 1
5 51 1
5 53 1
5 74 1
5 92 1
5 99 1
5 118 1
5 166 1
5 173 1
5 184 1
5 189 1
6 8 1
6 15 1
6 46 1
6 58 1
6 62 1
6 68 1
6 79 1
6 80 1
6 86 1
6 104 1
6 107 1
6 108 1
6 115 1
6 145 1
6 177 1
6 189 1
6 190 1
6 197 1
7 35 1
7 57 1
7 67 1
7 71 1
7 77 1
7 87 1
7 97 1
7 100 1
7 102 1
7 107 1
7 115 1
7 148 1
7 172 1
7 175 1
7 180 1
7 187 1
8 30 1
8 42 1
8 43 1
8 50 1
8 55 1
8 65 1
8 74 1
8 83 1
8 87 1
8 90 1
8 97 1
8 109 1
8 125 1
8 128 1
8 132 1
8 134 1
8 146 1
8 176 1
8 180 1
8 188 1
8 192 1
9 10 1
9 19 1
9 30 1
9 31 1
9 38 1
9 44 1
9 46 1
9 59 1
9 64 1
9 72 1
9 73 1
9 85 1
9 87 1
9 95 1
9 110 1
9 130 1
9 149 1
9 163 1
9 177 1
9 182 1
9 183 1
9 184 1
9 187 1
9 190 1
9 196 1
10 27 1
10 40 1
10 46 1
10 55 1
10 57 1
10 66 1
10 67 1
10 68 1
10 77 1
10 78 1
10 88 1
10 92 1
10 93 1
10 101 1
10 104 1
10 106 1
10 130 1
10 137 1
10 166 1
10 169 1
10 180 1
10 187 1
10 189 1
10 194 1
11 15 1
11 35 1
11 44 1
11 46 1
11 56 1
11 57 1
11 67 1
11 73 1
11 80 1
11 83 1
11 84 1
11 85 1
11 109 1
11 119 1
11 122 1
11 128 1
11 144 1
11 147 1
11 151 1
11 174 1
11 187 1
11 188 1
12 23 1
12 28 1
12 29 1
12 40 1
12 47 1
12 55 1
12 69 1
12 81 1
12 104 1
12 116 1
12 120 1
12 129 1
12 143 1
12 156 1
12 159 1
12 169 1
12 178 1
12 181 1
12 187 1
12 189 1
12 191 1
12 194 1
12 198 1
13 22 1
13 27 1
13 32 1
13 52 1
13 64 1
13 74 1
13 78 1
13 90 1
13 96 1
13 103 1
13 122 1
13 135 1
13 141 1
13 142 1
13 144 1
13 147 1
13 151 1
13 153 1
14 18 1
14 41 1
14 48 1
14 54 1
14 58 1
14 98 1
14 104 1
14 106 1
14 115 1
14 118 1
14 121 1
14 142 1
14 150 1
14 154 1
14 155 1
14 156 1
14 159 1
14 160 1
14 182 1
14 186 1
14 188 1
14 195 1
15 20 1
15 30 1
15 31 1
15 37 1
15 38 1
15 50 1
15 58 1
15 62 1
15 63 1
15 73 1
15 92 1
15 97 1
15 100 1
15 102 1
15 109 1
15 110 1
15 121 1
15 142 1
15 148 1
15 149 1
15 169 1
15 177 1
16 45 1
16 48 1
16 60 1
16 63 1
16 71 1
16 80 1
16 85 1
16 86 1
16 99 1
16 105 1
16 115 1
16 139 1
16 148 1
16 175 1
16 192 1
17 18 1
17 25 1
17 34 1
17 43 1
17 49 1
17 50 1
17 53 1
17 77 1
17 91 1
17 109 1
17 129 1
17 135 1
17 139 1
17 156 1
17 160 1
17 172 1
17 174 1
17 186 1
17 189 1
18 23 1
18 27 1
18 71 1
18 83 1
18 90 1
18 92 1
18 94 1
18 97 1
18 102 1
18 103 1
18 120 1
18 122 1
18 134 1
18 157 1
18 179 1
18 181 1
18 186 1
18 194 1
19 31 1
19 34 1
19 46 1
19 50 1
19 51 1
19 57 1
19 63 1
19 74 1
19 99 1
19 110 1
19 126 1
19 158 1
19 162 1
19 185 1
19 191 1
19 195 1
20 32 1
20 34 1
20 37 1
20 42 1
20 47 1
20 69 1
20 73 1
20 82 1
20 91 1
20 100 1
20 103 1
20 109 1
20 121 1
20 123 1
20 126 1
20 131 1
20 144 1
20 149 1
20 158 1
20 169 1
20 186 1
20 191 1
21 23 1
21 31 1
21 34 1
21 40 1
21 46 1
21 59 1
21 76 1
21 79 1
21 93 1
21 102 1
21 130 1
21 134 1
21 136 1
21 150 1
21 162 1
21 167 1
21 170 1
21 181 1
21 188 1
21 190 1
22 58 1
22 64 1
22 71 1
22 74 1
22 86 1
22 113 1
22 115 1
22 120 1
22 139 1
22 141 1
22 162 1
22 163 1
22 175 1
22 177 1
22 191 1
22 193 1
23 37 1
23 51 1
23 56 1
23 57 1
23 89 1
23 91 1
23 96 1
23 136 1
23 151 1
23 170 1
23 178 1
23 186 1
24 29 1
24 50 1
24 57 1
24 59 1
24 70 1
24 93 1
24 103 1
24 112 1
24 118 1
24 119 1
24 122 1
24 126 1
24 131 1
24 134 1
24 140 1
24 148 1
24 156 1
24 180 1
24 182 1
24 196 1
25 33 1
25 34 1
25 49 1
25 85 1
25 91 1
25 109 1
25 113 1
25 133 1
25 181 1
25 186 1
25 191 1
25 198 1
26 29 1
26 49 1
26 50 1
26 55 1
26 62 1
26 110 1
26 113 1
26 116 1
26 140 1
26 142 1
26 149 1
26 157 1
27 41 1
27 47 1
27 55 1
27 71 1
27 107 1
27 121 1
27 131 1
27 139 1
27 158 1
27 163 1
27 171 1
27 181 1
27 186 1
27 192 1
28 31 1
28 32 1
28 42 1
28 43 1
28 59 1
28 65 1
28 72 1
28 75 1
28 87 1
28 90 1
28 105 1
28 111 1
28 121 1
28 134 1
28 153 1
28 161 1
28 162 1
28 178 1
28 189 1
28 191 1
29 35 1
29 53 1
29 67 1
29 80 1
29 83 1
29 100 1
29 114 1
29 124 1
29 139 1
29 152 1
29 162 1
29 165 1
29 169 1
29 177 1
29 193 1
29 197 1
30 31 1
30 49 1
30 69 1
30 95 1
30 119 1
30 125 1
30 127 1
30 129 1
30 130 1
30 133 1
30 141 1
30 146 1
30 149 1
30 152 1
30 165 1
30 173 1
30 180 1
30 186 1
30 187 1
31 33 1
31 53 1
31 56 1
31 70 1
31 76 1
31 83 1
31 89 1
31 95 1
31 96 1
31 100 1
31 134 1
31 139 1
31 140 1
31 150 1
31 155 1
31 156 1
31 159 1
31 174 1
31 193 1
31 195 1
32 35 1
32 48 1
32 51 1
32 54 1
32 115 1
32 116 1
32 128 1
32 135 1
32 161 1
32 187 1
32 191 1
33 64 1
33 68 1
33 88 1
33 98 1
33 108 1
33 110 1
33 112 1
33 115 1
33 117 1
33 129 1
33 138 1
33 145 1
33 148 1
33 156 1
33 157 1
33 184 1
34 35 1
34 36 1
34 73 1
34 75 1
34 103 1
34 108 1
34 126 1
34 150 1
34 162 1
34 165 1
34 168 1
34 169 1
34 172 1
35 40 1
35 46 1
35 51 1
35 56 1
35 57 1
35 65 1
35 71 1
35 84 1
35 85 1
35 87 1
35 92 1
35 111 1
35 120 1
35 132 1
35 134 1
35 141 1
35 150 1
35 153 1
35 157 1
35 158 1
35 166 1
35 175 1
35 194 1
36 38 1
36 45 1
36 75 1
36 76 1
36 89 1
36 90 1
36 110 1
36 111 1
36 120 1
36 132 1
36 134 1
36 137 1
36 143 1
36 146 1
36 151 1
36 156 1
36 161 1
37 42 1
37 69 1
37 75 1
37 79 1
37 109 1
37 112 1
37 117 1
37 121 1
37 132 1
37 154 1
37 160 1
38 39 1
38 42 1
38 54 1
38 64 1
38 66 1
38 70 1
38 76 1
38 80 1
38 90 1
38 97 1
38 99 1
38 122 1
38 139 1
38 141 1
38 142 1
38 154 1
38 156 1
38 166 1
38 167 1
38 181 1
38 193 1
39 49 1
39 53 1
39 58 1
39 74 1
39 75 1
39 97 1
39 99 1
39 108 1
39 112 1
39 113 1
39 118 1
39 125 1
39 131 1
39 144 1
39 147 1
39 149 1
39 157 1
39 163 1
39 174 1
39 179 1
39 181 1
39 189 1
39 196 1
40 45 1
40 48 1
40 56 1
40 58 1
40 70 1
40 71 1
40 74 1
40 76 1
40 79 1
40 86 1
40 90 1
40 103 1
40 106 1
40 116 1
40 119 1
40 131 1
40 145 1
40 153 1
40 157 1
40 160 1
40 174 1
40 183 1
41 44 1
41 52 1
41 57 1
41 62 1
41 63 1
41 72 1
41 79 1
41 93 1
41 124 1
41 135 1
41 136 1
41 140 1
41 155 1
41 156 1
41 169 1
41 170 1
42 44 1
42 59 1
42 68 1
42 71 1
42 101 1
42 106 1
42 111 1
42 119 1
42 145 1
42 146 1
42 148 1
42 155 1
42 177 1
43 45 1
43 46 1
43 57 1
43 76 1
43 99 1
43 107 1
43 113 1
43 117 1
43 124 1
43 127 1
43 132 1
43 144 1
43 146 1
43 153 1
43 158 1
43 160 1
43 166 1
43 171 1
43 172 1
43 186 1
44 46 1
44 64 1
44 69 1
44 85 1
44 93 1
44 96 1
44 106 1
44 111 1
44 113 1
44 129 1
44 184 1
44 188 1
44 194 1
44 199 1
45 48 1
45 50 1
45 60 1
45 67 1
45 76 1
45 90 1
45 93 1
45 95 1
45 116 1
45 117 1
45 131 1
45 133 1
45 137 1
45 140 1
45 152 1
45 158 1
45 168 1
45 171 1
45 172 1
46 72 1
46 95 1
46 108 1
46 125 1
46 141 1
46 142 1
46 148 1
46 156 1
46 157 1
46 176 1
46 196 1
47 48 1
47 49 1
47 52 1
47 74 1
47 92 1
47 99 1
47 101 1
47 114 1
47 123 1
47 124 1
47 131 1
47 151 1
47 152 1
47 153 1
47 168 1
47 172 1
47 196 1
47 198 1
48 54 1
48 56 1
48 58 1
48 67 1
48 82 1
48 98 1
48 102 1
48 106 1
48 120 1
48 124 1
48 129 1
48 146 1
48 148 1
48 155 1
48 166 1
48 169 1
48 170 1
48 178 1
48 183 1
49 77 1
49 80 1
49 81 1
49 88 1
49 94 1
49 119 1
49 141 1
49 142 1
49 144 1
49 158 1
49 189 1
49 199 1
50 53 1
50 66 1
50 80 1
50 83 1
50 86 1
50 108 1
50 110 1
50 153 1
50 161 1
50 165 1
50 167 1
50 197 1
51 56 1
51 69 1
51 76 1
51 83 1
51 90 1
51 91 1
51 96 1
51 106 1
51 114 1
51 121 1
51 122 1
51 128 1
51 131 1
51 144 1
51 156 1
51 161 1
51 164 1
51 171 1
51 181 1
51 191 1
52 53 1
52 79 1
52 83 1
52 86 1
52 95 1
52 105 1
52 108 1
52 124 1
52 136 1
52 141 1
52 146 1
52 148 1
52 153 1
52 158 1
52 161 1
52 169 1
52 180 1
52 182 1
53 64 1
53 73 1
53 82 1
53 84 1
53 85 1
53 87 1
53 95 1
53 99 1
53 102 1
53 105 1
53 107 1
53 108 1
53 114 1
53 121 1
53 140 1
53 156 1
53 171 1
53 178 1
53 189 1
53 192 1
53 194 1
54 65 1
54 70 1
54 73 1
54 78 1
54 81 1
54 83 1
54 114 1
54 122 1
54 126 1
54 131 1
54 142 1
54 160 1
54 167 1
55 68 1
55 72 1
55 76 1
55 78 1
55 106 1
55 112 1
55 119 1
55 123 1
55 126 1
55 130 1
55 147 1
55 149 1
55 153 1
55 156 1
55 157 1
55 163 1
55 174 1
55 180 1
55 184 1
55 187 1
55 191 1
55 192 1
56 61 1
56 65 1
56 89 1
56 95 1
56 112 1
56 122 1
56 126 1
56 128 1
56 129 1
56 133 1
56 161 1
56 168 1
56 169 1
56 171 1
56 177 1
56 187 1
56 189 1
56 196 1
57 63 1
57 67 1
57 69 1
57 77 1
57 96 1
57 104 1
57 139 1
57 142 1
57 153 1
57 157 1
57 163 1
57 169 1
57 175 1
57 177 1
57 190 1
57 192 1
58 59 1
58 65 1
58 71 1
58 74 1
58 80 1
58 89 1
58 91 1
58 96 1
58 102 1
58 104 1
58 112 1
58 124 1
58 142 1
58 154 1
58 158 1
58 182 1
58 194 1
58 199 1
59 71 1
59 80 1
59 104 1
59 105 1
59 108 1
59 109 1
59 114 1
59 120 1
59 126 1
59 145 1
59 147 1
59 152 1
59 164 1
59 171 1
59 175 1
59 177 1
59 192 1
59 199 1
60 70 1
60 71 1
60 85 1
60 95 1
60 98 1
60 109 1
60 117 1
60 131 1
60 144 1
60 158 1
60 163 1
60 166 1
60 169 1
60 170 1
60 190 1
60 198 1
61 64 1
61 69 1
61 76 1
61 87 1
61 108 1
61 109 1
61 113 1
61 128 1
61 161 1
61 164 1
61 171 1
61 183 1
62 81 1
62 88 1
62 92 1
62 99 1
62 103 1
62 117 1
62 118 1
62 121 1
62 132 1
62 138 1
62 150 1
62 158 1
62 171 1
62 177 1
62 183 1
62 193 1
63 70 1
63 83 1
63 88 1
63 95 1
63 101 1
63 117 1
63 137 1
63 143 1
63 171 1
63 175 1
64 78 1
64 80 1
64 85 1
64 111 1
64 120 1
64 132 1
64 152 1
64 181 1
64 187 1
65 76 1
65 79 1
65 90 1
65 95 1
65 116 1
65 155 1
65 164 1
65 189 1
65 198 1
66 77 1
66 83 1
66 86 1
66 89 1
66 96 1
66 113 1
66 115 1
66 116 1
66 117 1
66 129 1
66 135 1
66 138 1
66 140 1
66 149 1
66 155 1
66 166 1
66 175 1
66 178 1
66 193 1
66 194 1
67 68 1
67 69 1
67 89 1
67 108 1
67 126 1
67 158 1
67 159 1
67 160 1
67 165 1
67 171 1
67 196 1
67 197 1
68 72 1
68 75 1
68 76 1
68 83 1
68 89 1
68 94 1
68 96 1
68 104 1
68 108 1
68 111 1
68 116 1
68 125 1
68 147 1
68 166 1
68 184 1
68 185 1
68 196 1
68 198 1
69 72 1
69 78 1
69 87 1
69 91 1
69 106 1
69 110 1
69 114 1
69 119 1
69 135 1
69 145 1
69 148 1
69 149 1
69 160 1
69 181 1
69 182 1
69 198 1
70 81 1
70 86 1
70 92 1
70 94 1
70 97 1
70 101 1
70 108 1
70 128 1
70 132 1
70 139 1
70 145 1
70 155 1
70 162 1
70 179 1
71 75 1
71 77 1
71 83 1
71 87 1
71 90 1
71 93 1
71 107 1
71 108 1
71 143 1
71 147 1
71 164 1
71 165 1
71 188 1
71 197 1
72 76 1
72 83 1
72 92 1
72 99 1
72 107 1
72 113 1
72 116 1
72 141 1
72 149 1
72 157 1
72 164 1
72 173 1
72 192 1
73 86 1
73 88 1
73 90 1
73 92 1
73 107 1
73 111 1
73 134 1
73 155 1
73 160 1
73 163 1
73 167 1
73 181 1
74 88 1
74 97 1
74 109 1
74 110 1
74 115 1
74 136 1
74 141 1
74 168 1
74 183 1
75 83 1
75 100 1
75 117 1
75 130 1
75 147 1
75 155 1
75 162 1
75 167 1
75 175 1
75 179 1
75 195 1
76 77 1
76 110 1
76 117 1
76 149 1
76 160 1
76 179 1
77 79 1
77 85 1
77 89 1
77 121 1
77 128 1
77 132 1
77 136 1
77 167 1
77 169 1
77 174 1
77 177 1
77 182 1
77 187 1
78 79 1
78 83 1
78 85 1
78 89 1
78 109 1
78 112 1
78 123 1
78 129 1
78 139 1
78 147 1
78 158 1
78 161 1
78 164 1
78 165 1
78 170 1
79 85 1
79 91 1
79 95 1
79 96 1
79 108 1
79 117 1
79 124 1
79 134 1
79 143 1
79 146 1
79 147 1
79 163 1
79 178 1
79 196 1
79 197 1
79 199 1
80 86 1
80 87 1
80 116 1
80 118 1
80 120 1
80 132 1
80 135 1
80 142 1
80 146 1
80 149 1
80 155 1
80 159 1
80 161 1
80 170 1
80 174 1
80 177 1
80 183 1
80 188 1
80 196 1
80 197 1
80 198 1
81 100 1
81 104 1
81 108 1
81 112 1
81 113 1
81 116 1
81 177 1
81 182 1
81 197 1
82 92 1
82 97 1
82 154 1
82 173 1
82 179 1
82 180 1
82 181 1
82 186 1
83 98 1
83 100 1
83 103 1
83 120 1
83 168 1
83 170 1
83 177 1
84 91 1
84 92 1
84 127 1
84 155 1
84 156 1
84 172 1
84 199 1
85 93 1
85 95 1
85 97 1
85 102 1
85 105 1
85 110 1
85 116 1
85 155 1
85 171 1
85 180 1
85 183 1
85 193 1
86 87 1
86 93 1
86 95 1
86 115 1
86 125 1
86 134 1
86 145 1
86 155 1
86 157 1
86 193 1
87 89 1
87 91 1
87 105 1
87 106 1
87 123 1
87 135 1
87 143 1
87 149 1
87 156 1
87 171 1
87 179 1
87 183 1
88 90 1
88 100 1
88 124 1
88 127 1
88 128 1
88 145 1
88 161 1
88 176 1
88 191 1
88 192 1
89 99 1
89 105 1
89 116 1
89 118 1
89 144 1
89 157 1
89 163 1
89 165 1
89 196 1
90 105 1
90 106 1
90 141 1
90 151 1
90 152 1
90 161 1
90 162 1
90 169 1
91 100 1
91 102 1
91 111 1
91 112 1
91 157 1
91 161 1
91 162 1
91 169 1
91 171 1
91 172 1
91 173 1
91 177 1
91 182 1
91 192 1
91 197 1
91 198 1
92 110 1
92 120 1
92 121 1
92 137 1
92 139 1
92 161 1
92 184 1
92 185 1
92 197 1
93 95 1
93 106 1
93 111 1
93 131 1
93 151 1
93 153 1
93 166 1
93 176 1
93 178 1
93 194 1
93 195 1
94 96 1
94 114 1
94 122 1
94 125 1
94 134 1
94 138 1
94 142 1
94 151 1
94 154 1
94 170 1
94 175 1
94 178 1
94 185 1
94 188 1
94 191 1
94 198 1
95 106 1
95 110 1
95 132 1
95 145 1
95 152 1
95 159 1
96 98 1
96 111 1
96 120 1
96 122 1
96 130 1
96 132 1
96 134 1
96 138 1
96 141 1
96 149 1
96 176 1
96 180 1
96 182 1
97 111 1
97 112 1
97 131 1
97 138 1
97 140 1
97 143 1
97 147 1
97 163 1
97 170 1
97 174 1
97 181 1
97 191 1
97 198 1
98 108 1
98 114 1
98 123 1
98 153 1
98 155 1
98 157 1
98 183 1
98 187 1
98 188 1
99 102 1
99 112 1
99 115 1
99 120 1
99 131 1
99 138 1
99 140 1
99 141 1
99 145 1
99 146 1
99 164 1
99 167 1
99 170 1
99 175 1
99 183 1
99 189 1
99 195 1
99 198 1
100 107 1
100 135 1
100 138 1
100 142 1
100 147 1
100 161 1
100 164 1
100 166 1
100 168 1
100 169 1
100 170 1
100 173 1
100 182 1
100 188 1
100 195 1
101 102 1
101 114 1
101 119 1
101 121 1
101 125 1
101 137 1
101 146 1
101 148 1
101 173 1
101 192 1
102 103 1
102 126 1
102 137 1
102 148 1
102 162 1
102 172 1
102 188 1
103 121 1
103 134 1
103 161 1
103 165 1
103 175 1
104 110 1
104 115 1
104 127 1
104 144 1
104 156 1
104 164 1
104 167 1
104 170 1
104 172 1
104 177 1
104 180 1
104 183 1
104 192 1
105 111 1
105 121 1
105 132 1
105 145 1
105 155 1
105 166 1
105 168 1
105 169 1
105 171 1
105 190 1
105 193 1
106 118 1
106 120 1
106 147 1
106 171 1
106 185 1
106 190 1
106 195 1
106 197 1
107 116 1
107 134 1
107 135 1
107 139 1
107 146 1
107 147 1
107 155 1
107 156 1
107 158 1
107 165 1
107 170 1
107 177 1
107 180 1
107 183 1
107 188 1
107 193 1
107 197 1
108 132 1
108 134 1
108 137 1
108 149 1
108 151 1
108 156 1
108 157 1
108 174 1
108 178 1
108 181 1
109 130 1
109 143 1
109 151 1
109 169 1
109 186 1
109 193 1
109 197 1
110 118 1
110 119 1
110 122 1
110 123 1
110 132 1
110 142 1
110 145 1
110 160 1
110 165 1
110 166 1
110 178 1
110 191 1
110 193 1
111 114 1
111 115 1
111 117 1
111 136 1
111 140 1
111 149 1
111 157 1
111 163 1
111 193 1
112 114 1
112 121 1
112 130 1
112 140 1
112 151 1
112 176 1
112 179 1
112 191 1
112 193 1
113 125 1
113 132 1
113 138 1
113 140 1
113 141 1
113 197 1
113 198 1
114 131 1
114 151 1
114 154 1
114 158 1
114 159 1
114 163 1
114 169 1
114 175 1
114 179 1
115 120 1
115 127 1
115 128 1
115 134 1
115 137 1
115 140 1
115 141 1
115 162 1
115 177 1
115 179 1
115 180 1
115 183 1
115 191 1
115 196 1
115 197 1
116 121 1
116 125 1
116 129 1
116 130 1
116 147 1
116 153 1
116 159 1
116 195 1
116 196 1
117 119 1
117 120 1
117 121 1
117 123 1
117 130 1
117 140 1
117 146 1
117 151 1
117 171 1
117 172 1
117 184 1
118 128 1
118 136 1
118 138 1
118 150 1
118 167 1
118 172 1
118 173 1
118 179 1
118 188 1
118 197 1
119 124 1
119 133 1
119 154 1
119 168 1
119 181 1
119 182 1
119 189 1
120 129 1
120 146 1
120 148 1
120 161 1
120 190 1
121 136 1
121 150 1
121 156 1
121 165 1
121 171 1
121 184 1
121 192 1
122 127 1
122 132 1
122 142 1
122 146 1
122 148 1
122 157 1
122 166 1
122 169 1
122 175 1
122 180 1
122 185 1
123 133 1
123 140 1
123 158 1
124 147 1
124 172 1
124 188 1
125 129 1
125 146 1
125 148 1
125 152 1
125 153 1
125 163 1
125 166 1
125 169 1
125 171 1
125 181 1
125 198 1
126 128 1
126 129 1
126 135 1
126 143 1
126 174 1
126 184 1
126 190 1
126 191 1
126 198 1
127 146 1
127 156 1
127 195 1
128 137 1
128 142 1
128 146 1
128 147 1
128 163 1
128 164 1
128 167 1
128 169 1
128 179 1
128 189 1
128 194 1
128 199 1
129 135 1
129 138 1
129 144 1
129 163 1
129 164 1
129 172 1
129 176 1
129 179 1
129 181 1
129 186 1
129 187 1
130 135 1
130 150 1
130 154 1
130 157 1
130 162 1
130 165 1
130 175 1
130 180 1
130 187 1
130 190 1
130 195 1
130 196 1
130 199 1
131 145 1
131 160 1
131 184 1
131 186 1
131 191 1
131 192 1
131 197 1
132 141 1
132 143 1
132 145 1
132 148 1
132 156 1
132 174 1
132 182 1
132 190 1
133 147 1
133 151 1
133 154 1
133 169 1
133 172 1
133 174 1
133 184 1
133 186 1
134 138 1
134 154 1
134 194 1
135 136 1
135 141 1
135 146 1
135 170 1
135 184 1
136 145 1
136 170 1
136 173 1
136 183 1
136 189 1
136 190 1
137 143 1
137 167 1
137 175 1
137 176 1
138 146 1
138 149 1
138 156 1
138 170 1
138 171 1
138 176 1
138 182 1
139 150 1
139 151 1
139 154 1
139 190 1
139 192 1
140 150 1
140 152 1
140 176 1
141 142 1
141 153 1
141 156 1
141 168 1
141 174 1
141 181 1
141 190 1
141 195 1
142 156 1
142 195 1
142 196 1
142 198 1
143 145 1
143 152 1
143 164 1
143 170 1
143 173 1
144 151 1
144 191 1
145 148 1
145 155 1
145 158 1
145 168 1
145 174 1
145 179 1
146 165 1
146 177 1
146 182 1
146 187 1
146 190 1
147 152 1
147 156 1
147 161 1
147 165 1
147 175 1
147 178 1
147 192 1
147 194 1
147 199 1
148 152 1
148 162 1
148 167 1
148 169 1
148 170 1
148 172 1
148 175 1
148 187 1
148 188 1
148 189 1
148 193 1
148 197 1
149 162 1
149 167 1
149 194 1
150 151 1
150 157 1
150 163 1
150 182 1
150 184 1
150 190 1
151 169 1
151 172 1
151 192 1
152 165 1
153 156 1
153 157 1
153 158 1
153 159 1
153 160 1
153 161 1
153 174 1
153 184 1
153 186 1
153 187 1
153 192 1
154 160 1
154 167 1
154 177 1
154 183 1
154 185 1
154 186 1
154 190 1
154 191 1
154 199 1
155 158 1
155 165 1
155 166 1
155 169 1
155 179 1
155 194 1
156 178 1
156 193 1
157 165 1
157 175 1
157 185 1
157 197 1
158 177 1
158 188 1
158 192 1
158 195 1
158 198 1
159 194 1
160 161 1
160 174 1
160 176 1
160 186 1
160 196 1
161 165 1
161 166 1
161 169 1
161 170 1
161 171 1
161 174 1
161 187 1
161 197 1
162 169 1
162 185 1
162 187 1
162 188 1
163 180 1
163 181 1
163 186 1
163 193 1
163 195 1
164 176 1
164 198 1
165 174 1
165 176 1
165 177 1
165 188 1
165 189 1
165 199 1
166 190 1
166 194 1
166 197 1
167 170 1
168 171 1
168 174 1
168 177 1
168 195 1
169 172 1
169 174 1
169 179 1
169 181 1
169 190 1
169 198 1
169 199 1
171 173 1
171 193 1
171 195 1
172 176 1
172 179 1
172 186 1
172 189 1
173 176 1
173 184 1
174 181 1
174 191 1
174 193 1
175 179 1
175 182 1
177 183 1
177 185 1
177 194 1
178 195 1
179 181 1
179 182 1
179 185 1
179 189 1
179 192 1
180 186 1
180 195 1
180 198 1
181 191 1
181 194 1
182 190 1
184 196 1
185 189 1
186 189 1
186 194 1
188 199 1
190 196 1
191 195 1
194 197 1
195 197 1
1
31 74 171 9 59 154 117 112 30 34 23 191 188 24 170 184 127 162 12 75
