186
0 5 1
0 11 1
0 13 1
0 17 1
0 18 1
0 21 1
0 22 1
0 23 1
0 26 1
1 3 1
1 5 1
1 7 1
1 14 1
1 15 1
1 16 1
1 18 1
1 22 1
1 23 1
1 24 1
1 29 1
2 5 1
2 7 1
2 21 1
2 22 1
2 24 1
2 27 1
2 28 1
2 29 1
3 5 1
3 6 1
3 7 1
3 11 1
3 13 1
3 14 1
3 16 1
3 18 1
3 20 1
3 24 1
3 26 1
3 28 1
3 29 1
4 5 1
4 6 1
4 7 1
4 8 1
4 12 1
4 15 1
4 16 1
4 17 1
4 24 1
4 25 1
4 26 1
5 8 1
5 10 1
5 14 1
5 18 1
5 22 1
5 23 1
5 25 1
5 28 1
6 10 1
6 13 1
6 14 1
6 16 1
6 17 1
6 19 1
6 20 1
6 21 1
6 22 1
6 25 1
6 29 1
7 9 1
7 11 1
7 13 1
7 19 1
7 23 1
7 25 1
7 26 1
7 27 1
7 28 1
8 10 1
8 12 1
8 17 1
8 19 1
8 21 1
8 22 1
8 27 1
9 10 1
9 12 1
9 13 1
9 20 1
9 22 1
10 11 1
10 13 1
10 16 1
10 18 1
10 19 1
10 22 1
10 23 1
10 24 1
10 25 1
10 26 1
10 27 1
10 29 1
11 12 1
11 14 1
11 17 1
11 18 1
11 19 1
11 20 1
11 25 1
11 26 1
11 27 1
11 28 1
11 29 1
12 15 1
12 18 1
12 21 1
12 23 1
12 25 1
12 29 1
13 15 1
13 20 1
13 22 1
13 23 1
13 24 1
13 25 1
13 27 1
13 28 1
14 19 1
14 23 1
14 25 1
14 26 1
14 28 1
15 16 1
15 18 1
15 24 1
16 18 1
16 21 1
16 23 1
16 25 1
16 28 1
17 19 1
17 20 1
17 21 1
17 22 1
17 25 1
17 26 1
17 27 1
17 28 1
17 29 1
18 19 1
18 22 1
18 26 1
18 27 1
18 28 1
18 29 1
19 21 1
19 22 1
19 23 1
19 24 1
19 25 1
19 27 1
19 29 1
20 21 1
20 24 1
20 26 1
21 22 1
21 23 1
21 24 1
21 25 1
21 28 1
21 29 1
22 23 1
22 24 1
22 25 1
22 26 1
22 27 1
22 29 1
23 25 1
23 28 1
23 29 1
25 29 1
27 28 1
27 29 1
28 29 1
1
3 15 9
