453
0 2 1
0 3 1
0 4 1
0 12 1
0 16 1
0 17 1
0 19 1
0 30 1
0 31 1
0 35 1
0 38 1
0 44 1
0 52 1
0 59 1
1 4 1
1 14 1
1 17 1
1 22 1
1 23 1
1 27 1
1 28 1
1 30 1
1 38 1
1 40 1
2 4 1
2 6 1
2 7 1
2 9 1
2 10 1
2 11 1
2 13 1
2 16 1
2 18 1
2 20 1
2 21 1
2 22 1
2 24 1
2 31 1
2 35 1
2 38 1
2 40 1
2 44 1
2 46 1
2 50 1
2 51 1
2 54 1
2 57 1
3 21 1
3 24 1
3 25 1
3 29 1
3 32 1
3 35 1
3 41 1
3 51 1
3 52 1
4 7 1
4 10 1
4 12 1
4 14 1
4 18 1
4 24 1
4 28 1
4 29 1
4 32 1
4 39 1
4 41 1
4 43 1
4 44 1
4 45 1
4 46 1
4 47 1
4 51 1
4 58 1
5 7 1
5 15 1
5 16 1
5 18 1
5 19 1
5 23 1
5 25 1
5 29 1
5 32 1
5 33 1
5 49 1
5 50 1
5 51 1
5 55 1
5 59 1
6 8 1
6 12 1
6 15 1
6 16 1
6 18 1
6 20 1
6 31 1
6 33 1
6 35 1
6 45 1
6 47 1
6 50 1
6 51 1
6 55 1
7 9 1
7 13 1
7 25 1
7 28 1
7 30 1
7 32 1
7 33 1
7 36 1
7 37 1
7 39 1
7 43 1
7 46 1
7 49 1
7 53 1
7 55 1
7 56 1
7 57 1
7 58 1
7 59 1
8 9 1
8 18 1
8 19 1
8 29 1
8 31 1
8 36 1
8 40 1
8 42 1
8 43 1
8 45 1
8 53 1
8 54 1
8 56 1
9 11 1
9 12 1
9 14 1
9 15 1
9 17 1
9 19 1
9 20 1
9 21 1
9 33 1
9 38 1
9 39 1
9 40 1
9 43 1
9 48 1
9 50 1
9 53 1
9 55 1
9 56 1
10 17 1
10 20 1
10 21 1
10 25 1
10 29 1
10 37 1
10 39 1
10 40 1
10 42 1
10 44 1
11 14 1
11 21 1
11 22 1
11 26 1
11 27 1
11 31 1
11 33 1
11 34 1
11 37 1
11 38 1
11 56 1
12 13 1
12 14 1
12 16 1
12 17 1
12 23 1
12 36 1
12 39 1
12 40 1
12 42 1
12 51 1
12 53 1
12 55 1
12 58 1
13 14 1
13 15 1
13 16 1
13 19 1
13 26 1
13 30 1
13 40 1
13 42 1
13 43 1
13 44 1
13 47 1
13 48 1
13 50 1
13 53 1
13 57 1
13 58 1
14 19 1
14 29 1
14 31 1
14 36 1
14 39 1
14 40 1
14 41 1
14 42 1
14 43 1
14 46 1
14 48 1
14 50 1
14 51 1
14 54 1
14 56 1
14 57 1
14 59 1
15 19 1
15 24 1
15 33 1
15 34 1
15 35 1
15 36 1
15 55 1
15 59 1
16 17 1
16 24 1
16 30 1
16 40 1
16 44 1
16 48 1
17 18 1
17 23 1
17 24 1
17 25 1
17 26 1
17 28 1
17 37 1
17 39 1
17 44 1
17 54 1
18 20 1
18 21 1
18 24 1
18 30 1
18 35 1
18 38 1
18 43 1
18 44 1
18 51 1
18 55 1
19 33 1
19 37 1
19 44 1
19 50 1
19 53 1
19 58 1
20 49 1
20 56 1
20 57 1
21 25 1
21 28 1
21 37 1
21 38 1
21 43 1
21 48 1
21 51 1
21 52 1
21 53 1
21 57 1
22 26 1
22 34 1
22 43 1
22 48 1
22 52 1
22 55 1
22 56 1
22 59 1
23 33 1
23 37 1
23 44 1
23 45 1
23 48 1
23 55 1
24 25 1
24 32 1
24 33 1
24 34 1
24 36 1
24 38 1
24 41 1
24 48 1
24 51 1
24 52 1
24 53 1
24 59 1
25 33 1
25 36 1
25 44 1
25 51 1
25 55 1
26 32 1
26 33 1
26 40 1
26 43 1
26 48 1
26 53 1
26 55 1
27 31 1
27 38 1
27 40 1
27 47 1
27 49 1
27 50 1
27 56 1
27 58 1
28 32 1
28 35 1
28 41 1
28 42 1
28 44 1
28 47 1
29 31 1
29 36 1
29 48 1
29 51 1
29 55 1
29 58 1
30 31 1
30 33 1
30 34 1
30 35 1
30 36 1
30 39 1
30 41 1
30 48 1
30 53 1
30 55 1
30 57 1
31 40 1
31 46 1
31 53 1
31 58 1
31 59 1
32 37 1
32 39 1
32 41 1
32 53 1
32 57 1
32 58 1
33 37 1
33 42 1
33 50 1
33 52 1
33 59 1
34 36 1
34 40 1
34 42 1
34 43 1
34 44 1
34 45 1
34 46 1
34 51 1
34 56 1
34 59 1
35 42 1
35 45 1
35 46 1
35 47 1
35 53 1
35 54 1
35 55 1
36 37 1
36 48 1
36 51 1
36 52 1
36 56 1
36 57 1
37 38 1
37 44 1
37 48 1
37 54 1
37 56 1
37 59 1
38 40 1
38 42 1
38 45 1
38 47 1
38 50 1
38 54 1
38 56 1
38 57 1
39 42 1
39 43 1
39 51 1
39 55 1
39 59 1
40 46 1
40 49 1
40 51 1
40 52 1
40 53 1
40 55 1
41 43 1
41 44 1
41 49 1
42 45 1
42 47 1
42 48 1
42 50 1
42 52 1
42 53 1
42 55 1
42 56 1
43 45 1
43 46 1
43 55 1
44 47 1
44 49 1
44 55 1
44 58 1
45 49 1
45 51 1
45 53 1
45 54 1
45 57 1
45 58 1
46 51 1
46 58 1
46 59 1
47 55 1
48 49 1
48 51 1
48 52 1
48 56 1
49 56 1
49 57 1
50 59 1
51 52 1
51 53 1
51 54 1
51 57 1
52 54 1
54 55 1
54 56 1
54 57 1
55 56 1
55 57 1
56 58 1
56 59 1
1
24 36 47 38 0 48
