608
0 1 1
0 4 1
0 9 1
0 15 1
0 22 1
0 23 1
0 24 1
0 34 1
0 48 1
0 58 1
0 60 1
0 64 1
0 68 1
1 7 1
1 10 1
1 11 1
1 14 1
1 15 1
1 19 1
1 23 1
1 31 1
1 37 1
1 42 1
1 51 1
1 52 1
1 54 1
1 56 1
1 57 1
1 58 1
1 59 1
1 62 1
1 64 1
1 66 1
1 68 1
2 5 1
2 6 1
2 7 1
2 10 1
2 11 1
2 13 1
2 15 1
2 21 1
2 31 1
2 34 1
2 38 1
2 44 1
2 46 1
2 48 1
2 50 1
2 52 1
2 54 1
2 60 1
2 66 1
2 67 1
2 68 1
3 4 1
3 6 1
3 9 1
3 10 1
3 20 1
3 44 1
3 46 1
3 55 1
3 58 1
3 61 1
3 64 1
4 6 1
4 8 1
4 14 1
4 15 1
4 25 1
4 26 1
4 32 1
4 38 1
4 43 1
4 46 1
4 50 1
4 56 1
4 58 1
4 59 1
4 69 1
5 6 1
5 7 1
5 15 1
5 17 1
5 18 1
5 19 1
5 25 1
5 28 1
5 29 1
5 31 1
5 33 1
5 34 1
5 40 1
5 44 1
5 52 1
5 54 1
5 56 1
5 62 1
5 67 1
6 7 1
6 10 1
6 17 1
6 18 1
6 21 1
6 31 1
6 33 1
6 37 1
6 53 1
6 56 1
6 63 1
6 66 1
6 68 1
6 69 1
7 12 1
7 20 1
7 21 1
7 23 1
7 28 1
7 44 1
7 52 1
7 55 1
7 68 1
7 69 1
8 9 1
8 14 1
8 16 1
8 24 1
8 28 1
8 32 1
8 34 1
8 38 1
8 41 1
8 43 1
8 49 1
8 50 1
8 52 1
8 61 1
8 65 1
8 67 1
9 12 1
9 14 1
9 23 1
9 35 1
9 44 1
9 45 1
9 57 1
9 62 1
9 67 1
10 15 1
10 18 1
10 21 1
10 26 1
10 35 1
10 37 1
10 38 1
10 42 1
10 48 1
10 54 1
10 57 1
10 61 1
10 67 1
10 69 1
11 13 1
11 14 1
11 15 1
11 16 1
11 20 1
11 29 1
11 31 1
11 32 1
11 33 1
11 39 1
11 49 1
11 50 1
11 55 1
11 57 1
11 59 1
11 61 1
11 63 1
11 64 1
12 13 1
12 14 1
12 17 1
12 19 1
12 23 1
12 27 1
12 33 1
12 41 1
12 43 1
12 52 1
12 66 1
13 23 1
13 24 1
13 25 1
13 30 1
13 32 1
13 33 1
13 35 1
13 44 1
13 46 1
13 49 1
13 62 1
13 64 1
13 67 1
14 18 1
14 22 1
14 25 1
14 29 1
14 32 1
14 33 1
14 36 1
14 40 1
14 41 1
14 46 1
14 49 1
14 51 1
14 55 1
14 58 1
14 60 1
14 61 1
15 19 1
15 21 1
15 22 1
15 25 1
15 26 1
15 28 1
15 33 1
15 34 1
15 40 1
15 43 1
15 50 1
15 52 1
15 54 1
15 55 1
15 57 1
15 58 1
15 61 1
15 65 1
15 67 1
16 18 1
16 28 1
16 40 1
16 41 1
16 46 1
16 54 1
16 59 1
16 60 1
16 65 1
16 66 1
16 67 1
17 21 1
17 28 1
17 30 1
17 36 1
17 37 1
17 38 1
17 44 1
17 45 1
17 49 1
17 50 1
17 53 1
17 54 1
17 55 1
17 57 1
17 58 1
17 61 1
17 64 1
17 65 1
17 68 1
17 69 1
18 38 1
18 41 1
18 46 1
18 47 1
18 49 1
18 51 1
18 53 1
18 57 1
18 61 1
18 67 1
19 26 1
19 28 1
19 29 1
19 31 1
19 34 1
19 35 1
19 39 1
19 43 1
19 47 1
19 48 1
19 49 1
19 53 1
19 54 1
19 56 1
19 59 1
19 61 1
19 64 1
19 68 1
20 27 1
20 29 1
20 34 1
20 35 1
20 38 1
20 39 1
20 48 1
20 50 1
20 53 1
20 61 1
21 29 1
21 30 1
21 35 1
21 36 1
21 37 1
21 42 1
21 43 1
21 49 1
21 50 1
21 52 1
21 57 1
21 58 1
21 61 1
22 29 1
22 30 1
22 33 1
22 39 1
22 41 1
22 54 1
22 55 1
22 56 1
22 64 1
22 67 1
22 69 1
23 30 1
23 32 1
23 35 1
23 41 1
23 43 1
23 44 1
23 51 1
23 56 1
23 57 1
23 59 1
23 68 1
23 69 1
24 25 1
24 27 1
24 29 1
24 30 1
24 31 1
24 33 1
24 35 1
24 37 1
24 39 1
24 41 1
24 45 1
24 50 1
24 54 1
24 55 1
24 57 1
24 64 1
24 68 1
25 31 1
25 32 1
25 33 1
25 36 1
25 43 1
25 49 1
25 54 1
25 56 1
25 58 1
25 62 1
25 63 1
25 69 1
26 33 1
26 37 1
26 41 1
26 49 1
26 50 1
26 52 1
26 60 1
26 61 1
26 62 1
26 67 1
27 28 1
27 32 1
27 35 1
27 36 1
27 38 1
27 39 1
27 40 1
27 45 1
27 46 1
27 48 1
27 52 1
27 57 1
27 62 1
27 63 1
27 65 1
27 67 1
28 31 1
28 33 1
28 47 1
28 48 1
28 50 1
28 53 1
28 55 1
28 65 1
29 33 1
29 36 1
29 37 1
29 42 1
29 45 1
29 52 1
29 54 1
29 55 1
29 60 1
29 62 1
29 65 1
29 66 1
29 67 1
29 68 1
30 43 1
30 45 1
30 49 1
30 53 1
30 56 1
30 61 1
30 63 1
30 66 1
31 32 1
31 34 1
31 37 1
31 38 1
31 40 1
31 43 1
31 46 1
31 50 1
31 55 1
31 67 1
31 69 1
32 33 1
32 39 1
32 43 1
32 50 1
32 54 1
32 60 1
32 61 1
32 69 1
33 37 1
33 52 1
33 54 1
33 56 1
33 60 1
33 61 1
33 64 1
33 66 1
33 67 1
33 68 1
33 69 1
34 35 1
34 48 1
34 52 1
34 56 1
34 57 1
34 60 1
34 64 1
34 66 1
35 36 1
35 40 1
35 43 1
35 46 1
35 47 1
35 48 1
35 50 1
35 51 1
35 53 1
35 56 1
36 39 1
36 42 1
36 44 1
36 47 1
36 50 1
36 51 1
36 54 1
36 59 1
36 60 1
36 61 1
36 64 1
36 65 1
36 67 1
37 40 1
37 48 1
37 57 1
37 66 1
38 42 1
38 44 1
38 51 1
38 52 1
38 53 1
38 54 1
38 55 1
39 44 1
39 47 1
39 52 1
39 53 1
39 54 1
39 63 1
39 65 1
39 68 1
39 69 1
40 48 1
40 53 1
40 57 1
40 59 1
40 68 1
41 46 1
41 49 1
41 55 1
41 58 1
41 59 1
41 61 1
41 62 1
41 65 1
41 69 1
42 55 1
42 66 1
42 69 1
43 46 1
43 49 1
43 53 1
43 54 1
43 57 1
43 64 1
43 66 1
44 48 1
44 50 1
44 52 1
44 58 1
44 65 1
44 67 1
45 48 1
45 49 1
45 50 1
45 58 1
45 59 1
46 49 1
46 52 1
46 53 1
46 60 1
46 63 1
46 65 1
47 48 1
47 49 1
47 51 1
47 58 1
47 59 1
47 60 1
47 64 1
48 57 1
48 59 1
49 53 1
49 64 1
49 65 1
50 52 1
50 60 1
50 61 1
50 64 1
50 65 1
50 68 1
50 69 1
51 54 1
51 56 1
51 59 1
51 61 1
52 55 1
52 56 1
52 67 1
53 54 1
53 57 1
53 59 1
54 65 1
54 67 1
54 68 1
54 69 1
55 58 1
55 64 1
55 65 1
55 66 1
56 65 1
56 67 1
57 59 1
57 63 1
57 67 1
57 68 1
57 69 1
58 66 1
58 69 1
59 64 1
59 69 1
60 61 1
61 67 1
62 69 1
63 66 1
64 65 1
64 66 1
65 66 1
66 67 1
1
66 69 10 34 47 2 23
