1971
0 7 1
0 8 1
0 18 1
0 58 1
0 65 1
0 73 1
0 82 1
0 84 1
0 87 1
0 92 1
0 94 1
0 105 1
0 116 1
0 125 1
0 144 1
0 155 1
0 168 1
0 169 1
0 185 1
1 6 1
1 8 1
1 22 1
1 36 1
1 60 1
1 80 1
1 86 1
1 94 1
1 107 1
1 120 1
1 137 1
1 141 1
1 143 1
1 145 1
1 150 1
1 159 1
1 168 1
1 171 1
1 174 1
1 184 1
2 14 1
2 54 1
2 58 1
2 71 1
2 76 1
2 86 1
2 92 1
2 98 1
2 108 1
2 124 1
2 161 1
2 163 1
2 166 1
2 182 1
3 12 1
3 19 1
3 45 1
3 74 1
3 77 1
3 78 1
3 89 1
3 118 1
3 132 1
3 149 1
3 151 1
3 152 1
3 159 1
3 160 1
3 181 1
4 17 1
4 21 1
4 26 1
4 28 1
4 31 1
4 36 1
4 42 1
4 44 1
4 56 1
4 62 1
4 70 1
4 72 1
4 76 1
4 91 1
4 101 1
4 102 1
4 103 1
4 108 1
4 119 1
4 134 1
4 171 1
4 172 1
4 174 1
4 177 1
5 9 1
5 34 1
5 49 1
5 54 1
5 73 1
5 76 1
5 77 1
5 87 1
5 96 1
5 98 1
5 99 1
5 128 1
5 133 1
5 136 1
5 162 1
5 180 1
6 17 1
6 26 1
6 27 1
6 29 1
6 40 1
6 42 1
6 60 1
6 67 1
6 81 1
6 108 1
6 111 1
6 113 1
6 117 1
6 122 1
6 135 1
6 137 1
6 144 1
6 161 1
6 163 1
6 179 1
6 186 1
7 17 1
7 33 1
7 46 1
7 49 1
7 57 1
7 70 1
7 79 1
7 94 1
7 95 1
7 101 1
7 105 1
7 117 1
7 119 1
7 123 1
7 170 1
7 174 1
7 182 1
8 10 1
8 14 1
8 17 1
8 19 1
8 26 1
8 35 1
8 43 1
8 61 1
8 64 1
8 72 1
8 73 1
8 94 1
8 103 1
8 122 1
8 131 1
8 132 1
8 136 1
8 155 1
8 156 1
8 158 1
8 166 1
8 169 1
8 183 1
9 18 1
9 26 1
9 34 1
9 48 1
9 59 1
9 61 1
9 67 1
9 70 1
9 75 1
9 82 1
9 98 1
9 127 1
9 131 1
9 132 1
9 143 1
9 147 1
9 155 1
9 180 1
10 22 1
10 26 1
10 28 1
10 66 1
10 89 1
10 105 1
10 107 1
10 114 1
10 126 1
10 128 1
10 131 1
10 144 1
10 158 1
10 160 1
10 163 1
10 165 1
10 175 1
10 176 1
11 13 1
11 15 1
11 44 1
11 47 1
11 68 1
11 80 1
11 97 1
11 104 1
11 118 1
11 129 1
11 131 1
11 141 1
11 151 1
11 158 1
11 174 1
11 180 1
11 185 1
11 187 1
12 35 1
12 44 1
12 47 1
12 53 1
12 56 1
12 64 1
12 68 1
12 69 1
12 81 1
12 85 1
12 106 1
12 108 1
12 113 1
12 118 1
12 138 1
12 150 1
12 151 1
12 184 1
12 185 1
12 187 1
13 17 1
13 21 1
13 32 1
13 35 1
13 41 1
13 70 1
13 71 1
13 99 1
13 103 1
13 105 1
13 124 1
13 136 1
13 160 1
13 166 1
13 167 1
13 172 1
13 178 1
13 179 1
13 189 1
14 18 1
14 40 1
14 46 1
14 63 1
14 67 1
14 74 1
14 79 1
14 80 1
14 94 1
14 103 1
14 104 1
14 117 1
14 128 1
14 131 1
14 133 1
14 140 1
14 149 1
14 150 1
14 152 1
14 174 1
14 180 1
15 23 1
15 56 1
15 63 1
15 67 1
15 75 1
15 77 1
15 93 1
15 94 1
15 97 1
15 98 1
15 103 1
15 114 1
15 127 1
15 155 1
15 167 1
15 175 1
15 187 1
16 22 1
16 40 1
16 48 1
16 50 1
16 93 1
16 110 1
16 113 1
16 117 1
16 122 1
16 132 1
16 137 1
16 161 1
16 166 1
16 174 1
16 180 1
17 48 1
17 52 1
17 56 1
17 63 1
17 70 1
17 72 1
17 83 1
17 92 1
17 97 1
17 108 1
17 112 1
17 123 1
17 145 1
17 160 1
17 171 1
17 188 1
18 39 1
18 57 1
18 65 1
18 74 1
18 78 1
18 83 1
18 88 1
18 115 1
18 122 1
18 125 1
18 148 1
18 157 1
18 161 1
18 165 1
18 171 1
18 180 1
18 185 1
18 189 1
19 23 1
19 43 1
19 45 1
19 46 1
19 52 1
19 53 1
19 68 1
19 77 1
19 87 1
19 119 1
19 120 1
19 137 1
19 141 1
20 36 1
20 64 1
20 71 1
20 104 1
20 112 1
20 128 1
20 147 1
20 157 1
20 179 1
20 180 1
20 182 1
21 25 1
21 39 1
21 53 1
21 67 1
21 69 1
21 80 1
21 93 1
21 94 1
21 95 1
21 109 1
21 111 1
21 125 1
21 128 1
21 136 1
21 138 1
21 139 1
21 157 1
21 170 1
21 171 1
21 173 1
21 174 1
21 175 1
21 176 1
21 184 1
22 27 1
22 29 1
22 34 1
22 75 1
22 79 1
22 83 1
22 86 1
22 117 1
22 128 1
22 130 1
22 135 1
22 155 1
22 160 1
22 166 1
22 175 1
22 177 1
22 178 1
23 26 1
23 32 1
23 37 1
23 50 1
23 57 1
23 65 1
23 73 1
23 92 1
23 96 1
23 100 1
23 105 1
23 107 1
23 111 1
23 112 1
23 116 1
23 119 1
23 142 1
23 153 1
23 154 1
23 159 1
23 169 1
23 172 1
23 174 1
24 59 1
24 66 1
24 70 1
24 75 1
24 96 1
24 101 1
24 127 1
24 144 1
24 158 1
24 159 1
24 168 1
24 175 1
24 184 1
24 186 1
25 35 1
25 43 1
25 59 1
25 61 1
25 63 1
25 78 1
25 82 1
25 91 1
25 97 1
25 98 1
25 104 1
25 112 1
25 119 1
25 120 1
25 123 1
25 124 1
25 144 1
25 169 1
25 174 1
25 180 1
25 184 1
25 186 1
26 27 1
26 28 1
26 45 1
26 56 1
26 66 1
26 77 1
26 83 1
26 95 1
26 96 1
26 107 1
26 108 1
26 114 1
26 115 1
26 128 1
26 138 1
26 159 1
26 164 1
26 167 1
26 177 1
26 179 1
26 182 1
26 187 1
27 28 1
27 29 1
27 35 1
27 57 1
27 74 1
27 79 1
27 97 1
27 106 1
27 111 1
27 126 1
27 128 1
27 134 1
27 140 1
27 147 1
27 189 1
28 39 1
28 44 1
28 52 1
28 59 1
28 73 1
28 78 1
28 101 1
28 108 1
28 117 1
28 120 1
28 123 1
28 127 1
28 146 1
28 150 1
28 164 1
28 167 1
28 181 1
29 36 1
29 42 1
29 63 1
29 68 1
29 78 1
29 89 1
29 109 1
29 111 1
29 114 1
29 121 1
29 161 1
29 170 1
29 177 1
29 187 1
29 188 1
30 45 1
30 53 1
30 55 1
30 112 1
30 117 1
30 122 1
30 123 1
30 126 1
30 129 1
30 143 1
30 144 1
30 154 1
30 176 1
31 42 1
31 72 1
31 84 1
31 112 1
31 115 1
31 143 1
31 148 1
31 159 1
31 163 1
31 171 1
31 175 1
31 179 1
31 181 1
31 185 1
32 33 1
32 45 1
32 52 1
32 54 1
32 79 1
32 83 1
32 92 1
32 96 1
32 99 1
32 106 1
32 113 1
32 117 1
32 132 1
32 139 1
32 140 1
32 159 1
32 161 1
32 171 1
32 176 1
32 177 1
32 182 1
32 188 1
33 39 1
33 43 1
33 51 1
33 60 1
33 63 1
33 78 1
33 87 1
33 94 1
33 99 1
33 112 1
33 128 1
33 131 1
33 135 1
33 148 1
33 152 1
33 162 1
33 175 1
33 178 1
33 182 1
34 35 1
34 48 1
34 64 1
34 75 1
34 76 1
34 86 1
34 87 1
34 92 1
34 104 1
34 111 1
34 115 1
34 128 1
34 143 1
34 145 1
34 148 1
34 149 1
34 151 1
34 152 1
34 153 1
34 163 1
34 165 1
34 166 1
34 171 1
35 44 1
35 65 1
35 74 1
35 78 1
35 89 1
35 110 1
35 117 1
35 124 1
35 139 1
35 152 1
35 153 1
35 169 1
35 172 1
35 180 1
36 37 1
36 43 1
36 45 1
36 57 1
36 60 1
36 83 1
36 89 1
36 94 1
36 112 1
36 119 1
36 138 1
36 160 1
36 167 1
37 50 1
37 54 1
37 59 1
37 67 1
37 74 1
37 81 1
37 95 1
37 96 1
37 97 1
37 104 1
37 108 1
37 113 1
37 164 1
37 169 1
37 174 1
37 176 1
37 182 1
37 184 1
37 186 1
38 40 1
38 45 1
38 47 1
38 53 1
38 61 1
38 73 1
38 84 1
38 97 1
38 99 1
38 102 1
38 139 1
38 149 1
38 167 1
38 171 1
38 176 1
38 179 1
39 47 1
39 67 1
39 71 1
39 76 1
39 79 1
39 82 1
39 96 1
39 97 1
39 102 1
39 110 1
39 115 1
39 121 1
39 127 1
39 129 1
39 147 1
39 149 1
39 162 1
39 166 1
39 170 1
39 189 1
40 48 1
40 78 1
40 85 1
40 92 1
40 110 1
40 128 1
40 129 1
40 137 1
40 145 1
40 146 1
40 162 1
40 166 1
40 179 1
40 180 1
41 50 1
41 52 1
41 69 1
41 78 1
41 80 1
41 87 1
41 97 1
41 105 1
41 111 1
41 138 1
41 144 1
41 150 1
41 158 1
41 162 1
41 174 1
42 44 1
42 49 1
42 51 1
42 59 1
42 62 1
42 65 1
42 74 1
42 80 1
42 84 1
42 110 1
42 111 1
42 125 1
42 148 1
42 161 1
42 167 1
42 171 1
43 49 1
43 51 1
43 52 1
43 59 1
43 61 1
43 78 1
43 86 1
43 96 1
43 105 1
43 110 1
43 116 1
43 120 1
43 126 1
43 133 1
43 136 1
43 147 1
43 154 1
43 180 1
44 56 1
44 57 1
44 60 1
44 61 1
44 65 1
44 70 1
44 82 1
44 93 1
44 97 1
44 103 1
44 104 1
44 105 1
44 110 1
44 113 1
44 121 1
44 137 1
44 159 1
44 166 1
44 170 1
44 181 1
45 54 1
45 59 1
45 62 1
45 69 1
45 80 1
45 85 1
45 90 1
45 97 1
45 110 1
45 113 1
45 127 1
45 139 1
45 143 1
45 164 1
45 166 1
45 171 1
45 175 1
46 53 1
46 69 1
46 71 1
46 88 1
46 100 1
46 107 1
46 113 1
46 115 1
46 130 1
46 163 1
46 164 1
46 166 1
46 169 1
46 178 1
46 182 1
46 187 1
47 54 1
47 55 1
47 58 1
47 71 1
47 85 1
47 118 1
47 127 1
47 137 1
47 146 1
47 148 1
47 167 1
47 180 1
47 181 1
47 184 1
47 189 1
48 69 1
48 80 1
48 84 1
48 88 1
48 89 1
48 94 1
48 99 1
48 103 1
48 121 1
48 137 1
48 138 1
48 142 1
48 145 1
48 149 1
48 161 1
48 176 1
48 186 1
49 55 1
49 84 1
49 98 1
49 100 1
49 104 1
49 121 1
49 131 1
49 136 1
49 162 1
49 167 1
49 175 1
49 177 1
50 59 1
50 69 1
50 78 1
50 86 1
50 91 1
50 94 1
50 115 1
50 119 1
50 136 1
50 144 1
50 165 1
50 166 1
50 171 1
50 185 1
50 187 1
50 188 1
51 68 1
51 73 1
51 80 1
51 82 1
51 91 1
51 111 1
51 116 1
51 117 1
51 119 1
51 140 1
51 142 1
51 152 1
51 156 1
51 162 1
51 170 1
51 171 1
51 185 1
52 75 1
52 84 1
52 99 1
52 109 1
52 113 1
52 134 1
52 148 1
52 157 1
52 170 1
52 182 1
52 183 1
52 184 1
52 185 1
53 54 1
53 59 1
53 65 1
53 73 1
53 78 1
53 93 1
53 98 1
53 103 1
53 131 1
53 147 1
53 172 1
53 183 1
54 58 1
54 67 1
54 76 1
54 82 1
54 90 1
54 97 1
54 98 1
54 107 1
54 111 1
54 113 1
54 114 1
54 117 1
54 118 1
54 132 1
54 136 1
54 157 1
54 185 1
55 62 1
55 64 1
55 66 1
55 97 1
55 107 1
55 110 1
55 115 1
55 125 1
55 140 1
55 142 1
55 148 1
55 156 1
55 164 1
55 171 1
55 177 1
55 180 1
56 64 1
56 70 1
56 108 1
56 114 1
56 119 1
56 128 1
56 139 1
56 141 1
56 148 1
56 150 1
56 151 1
56 168 1
56 175 1
56 176 1
56 178 1
57 59 1
57 80 1
57 86 1
57 105 1
57 109 1
57 127 1
57 136 1
57 154 1
57 157 1
57 158 1
57 176 1
58 60 1
58 66 1
58 74 1
58 89 1
58 98 1
58 105 1
58 110 1
58 124 1
58 127 1
58 139 1
58 171 1
58 174 1
59 85 1
59 96 1
59 121 1
59 128 1
59 135 1
59 142 1
59 151 1
59 153 1
59 165 1
59 180 1
59 188 1
60 61 1
60 70 1
60 71 1
60 72 1
60 75 1
60 85 1
60 92 1
60 100 1
60 109 1
60 115 1
60 130 1
60 131 1
60 143 1
60 160 1
60 179 1
60 184 1
61 66 1
61 71 1
61 82 1
61 91 1
61 96 1
61 112 1
61 118 1
61 125 1
61 127 1
61 146 1
61 158 1
61 168 1
61 176 1
61 185 1
62 67 1
62 76 1
62 85 1
62 89 1
62 91 1
62 107 1
62 110 1
62 130 1
62 146 1
62 176 1
62 185 1
62 188 1
63 67 1
63 81 1
63 84 1
63 112 1
63 119 1
63 133 1
63 153 1
63 165 1
63 166 1
63 176 1
63 177 1
64 68 1
64 74 1
64 79 1
64 87 1
64 94 1
64 97 1
64 106 1
64 110 1
64 113 1
64 125 1
64 138 1
64 153 1
64 154 1
64 159 1
64 163 1
64 164 1
64 166 1
64 169 1
64 172 1
64 174 1
64 184 1
64 188 1
64 189 1
65 71 1
65 76 1
65 80 1
65 86 1
65 116 1
65 119 1
65 121 1
65 138 1
65 172 1
65 181 1
66 85 1
66 88 1
66 90 1
66 91 1
66 93 1
66 94 1
66 97 1
66 105 1
66 107 1
66 128 1
66 143 1
66 166 1
66 172 1
66 177 1
66 185 1
66 188 1
67 71 1
67 78 1
67 79 1
67 84 1
67 88 1
67 93 1
67 94 1
67 99 1
67 110 1
67 114 1
67 120 1
67 148 1
67 149 1
67 162 1
67 175 1
67 184 1
68 78 1
68 95 1
68 110 1
68 113 1
68 115 1
68 131 1
68 152 1
68 182 1
68 189 1
69 70 1
69 83 1
69 91 1
69 99 1
69 102 1
69 114 1
69 118 1
69 122 1
69 150 1
69 154 1
69 177 1
69 189 1
70 71 1
70 74 1
70 76 1
70 83 1
70 84 1
70 88 1
70 92 1
70 95 1
70 110 1
70 115 1
70 119 1
70 121 1
70 129 1
70 140 1
70 142 1
70 143 1
70 145 1
70 146 1
70 154 1
70 167 1
70 181 1
70 182 1
71 95 1
71 97 1
71 102 1
71 119 1
71 122 1
71 134 1
71 157 1
71 188 1
72 74 1
72 100 1
72 108 1
72 120 1
72 130 1
72 144 1
72 160 1
72 166 1
72 168 1
72 170 1
72 173 1
72 178 1
73 81 1
73 85 1
73 110 1
73 116 1
73 117 1
73 133 1
73 136 1
73 147 1
73 173 1
73 174 1
73 188 1
74 78 1
74 89 1
74 90 1
74 95 1
74 100 1
74 114 1
74 143 1
74 167 1
74 169 1
74 176 1
74 186 1
75 87 1
75 97 1
75 108 1
75 111 1
75 113 1
75 128 1
75 131 1
75 143 1
75 146 1
75 154 1
75 157 1
75 158 1
75 170 1
75 181 1
76 80 1
76 84 1
76 89 1
76 111 1
76 115 1
76 116 1
76 117 1
76 120 1
76 137 1
76 144 1
76 145 1
76 149 1
76 160 1
76 183 1
76 185 1
77 78 1
77 86 1
77 87 1
77 91 1
77 92 1
77 140 1
77 156 1
77 160 1
77 165 1
77 174 1
77 177 1
77 178 1
77 182 1
77 188 1
78 80 1
78 81 1
78 93 1
78 97 1
78 98 1
78 99 1
78 105 1
78 113 1
78 124 1
78 130 1
78 133 1
78 141 1
78 142 1
78 146 1
78 155 1
78 171 1
78 177 1
79 86 1
79 89 1
79 90 1
79 95 1
79 98 1
79 100 1
79 104 1
79 106 1
79 108 1
79 109 1
79 111 1
79 118 1
79 122 1
79 124 1
79 139 1
79 151 1
79 172 1
80 81 1
80 91 1
80 96 1
80 105 1
80 109 1
80 126 1
80 127 1
80 152 1
80 161 1
80 169 1
80 172 1
80 178 1
80 181 1
80 188 1
81 95 1
81 97 1
81 117 1
81 120 1
81 128 1
81 131 1
81 146 1
81 151 1
81 155 1
81 167 1
81 168 1
81 177 1
81 182 1
81 186 1
81 189 1
82 109 1
82 112 1
82 115 1
82 121 1
82 127 1
82 135 1
82 137 1
82 155 1
82 177 1
82 183 1
82 187 1
83 93 1
83 101 1
83 106 1
83 146 1
83 154 1
83 156 1
83 158 1
83 166 1
83 168 1
83 179 1
83 184 1
83 187 1
84 92 1
84 94 1
84 95 1
84 98 1
84 99 1
84 100 1
84 113 1
84 116 1
84 119 1
84 123 1
84 141 1
84 145 1
84 164 1
85 96 1
85 103 1
85 105 1
85 111 1
85 112 1
85 115 1
85 118 1
85 119 1
85 121 1
85 125 1
85 132 1
85 151 1
85 154 1
85 156 1
85 168 1
85 171 1
85 176 1
85 181 1
85 188 1
86 101 1
86 105 1
86 115 1
86 116 1
86 119 1
86 121 1
86 123 1
86 135 1
86 142 1
86 145 1
86 148 1
86 165 1
86 168 1
86 170 1
86 189 1
87 89 1
87 94 1
87 101 1
87 114 1
87 133 1
87 136 1
87 156 1
87 179 1
88 102 1
88 107 1
88 118 1
88 125 1
88 150 1
88 153 1
88 177 1
88 183 1
89 99 1
89 101 1
89 107 1
89 126 1
89 127 1
89 130 1
89 133 1
89 139 1
89 145 1
89 147 1
89 149 1
89 151 1
89 166 1
89 171 1
89 175 1
89 185 1
90 94 1
90 95 1
90 110 1
90 121 1
90 126 1
90 128 1
90 136 1
90 146 1
90 153 1
90 165 1
90 185 1
91 96 1
91 122 1
91 128 1
91 135 1
91 137 1
91 141 1
91 145 1
91 152 1
91 159 1
91 165 1
91 170 1
91 173 1
91 184 1
92 93 1
92 127 1
92 138 1
92 168 1
92 175 1
92 179 1
93 100 1
93 109 1
93 124 1
93 144 1
93 155 1
93 156 1
93 178 1
93 181 1
94 95 1
94 108 1
94 111 1
94 121 1
94 133 1
94 143 1
94 181 1
95 100 1
95 119 1
95 120 1
95 127 1
95 132 1
95 184 1
96 126 1
96 134 1
96 135 1
96 142 1
96 146 1
96 158 1
96 171 1
96 173 1
96 183 1
96 184 1
96 187 1
96 189 1
97 102 1
97 114 1
97 120 1
97 124 1
97 125 1
97 157 1
97 166 1
97 170 1
97 176 1
97 178 1
97 182 1
97 186 1
98 100 1
98 111 1
98 114 1
98 122 1
98 127 1
98 128 1
98 136 1
98 142 1
98 152 1
98 155 1
98 156 1
98 181 1
98 185 1
98 187 1
98 188 1
99 104 1
99 134 1
99 144 1
99 160 1
99 161 1
99 167 1
99 168 1
99 173 1
99 178 1
100 101 1
100 105 1
100 112 1
100 128 1
100 142 1
100 159 1
100 160 1
100 162 1
100 163 1
100 179 1
101 122 1
101 126 1
101 131 1
101 136 1
101 137 1
101 139 1
101 143 1
101 154 1
101 158 1
101 160 1
101 162 1
101 170 1
101 189 1
102 105 1
102 115 1
102 123 1
102 127 1
102 135 1
102 157 1
102 168 1
102 181 1
102 187 1
103 108 1
103 115 1
103 116 1
103 129 1
103 140 1
103 162 1
103 163 1
103 169 1
103 171 1
103 172 1
104 105 1
104 108 1
104 125 1
104 141 1
104 145 1
104 149 1
104 153 1
104 158 1
104 161 1
104 164 1
104 175 1
104 181 1
105 107 1
105 118 1
105 125 1
105 137 1
105 140 1
105 141 1
105 150 1
105 157 1
105 167 1
105 168 1
105 172 1
105 177 1
105 183 1
105 187 1
106 138 1
106 139 1
106 144 1
106 153 1
106 164 1
106 180 1
107 109 1
107 125 1
107 128 1
107 142 1
107 148 1
107 152 1
107 175 1
108 113 1
108 121 1
108 123 1
108 134 1
108 142 1
108 149 1
108 168 1
108 176 1
109 112 1
109 123 1
109 130 1
109 145 1
109 148 1
109 160 1
109 176 1
109 179 1
110 113 1
110 120 1
110 122 1
110 136 1
110 145 1
110 157 1
110 168 1
110 175 1
110 178 1
110 183 1
110 185 1
111 124 1
111 133 1
111 137 1
111 182 1
111 188 1
112 133 1
112 138 1
112 153 1
112 158 1
112 161 1
113 116 1
113 127 1
113 130 1
113 136 1
113 144 1
113 153 1
113 154 1
113 160 1
113 167 1
113 175 1
113 186 1
114 134 1
114 135 1
114 136 1
114 151 1
114 154 1
114 155 1
114 162 1
114 168 1
114 171 1
114 175 1
114 178 1
115 119 1
115 127 1
115 140 1
115 141 1
115 148 1
115 154 1
115 157 1
115 162 1
115 164 1
115 172 1
116 123 1
116 132 1
116 140 1
116 148 1
116 150 1
116 168 1
116 170 1
116 188 1
117 129 1
117 136 1
117 148 1
117 157 1
117 158 1
117 161 1
117 163 1
117 164 1
117 165 1
117 177 1
117 181 1
118 123 1
118 125 1
118 142 1
118 144 1
118 149 1
118 153 1
118 155 1
118 167 1
119 122 1
119 142 1
119 152 1
119 180 1
120 126 1
120 132 1
120 134 1
120 136 1
120 148 1
120 163 1
120 173 1
120 179 1
120 182 1
121 131 1
121 140 1
121 151 1
121 157 1
121 168 1
121 185 1
121 188 1
122 132 1
122 134 1
122 141 1
122 149 1
122 161 1
122 174 1
122 175 1
122 183 1
123 124 1
123 128 1
123 131 1
123 136 1
123 149 1
123 170 1
123 186 1
123 187 1
124 126 1
124 130 1
124 149 1
124 161 1
124 166 1
124 170 1
124 177 1
125 126 1
125 127 1
125 133 1
125 134 1
125 144 1
125 153 1
125 159 1
126 129 1
126 136 1
126 137 1
126 164 1
126 168 1
126 184 1
126 189 1
127 129 1
127 133 1
127 147 1
127 185 1
128 135 1
128 143 1
128 152 1
128 156 1
128 176 1
128 181 1
129 139 1
129 166 1
129 171 1
129 179 1
130 131 1
130 142 1
130 156 1
130 186 1
131 138 1
131 148 1
131 156 1
131 159 1
131 170 1
131 173 1
132 138 1
132 156 1
132 173 1
132 176 1
132 184 1
132 185 1
133 138 1
133 148 1
133 152 1
133 169 1
133 176 1
133 178 1
133 186 1
134 135 1
134 143 1
134 162 1
134 172 1
135 147 1
135 148 1
135 153 1
135 179 1
135 181 1
136 142 1
136 145 1
136 158 1
136 160 1
136 167 1
136 186 1
137 149 1
137 154 1
137 157 1
137 167 1
137 169 1
137 173 1
137 174 1
137 180 1
138 139 1
138 147 1
138 149 1
138 160 1
138 168 1
138 169 1
138 175 1
138 187 1
138 188 1
139 140 1
139 141 1
139 144 1
139 148 1
139 150 1
139 155 1
139 182 1
139 185 1
140 152 1
140 153 1
140 166 1
140 180 1
140 189 1
141 150 1
141 171 1
141 180 1
141 181 1
141 185 1
141 189 1
142 153 1
142 178 1
142 183 1
143 151 1
143 155 1
143 157 1
143 159 1
143 161 1
143 182 1
143 188 1
144 151 1
144 160 1
144 164 1
144 166 1
144 168 1
144 170 1
144 182 1
144 186 1
144 189 1
145 160 1
145 169 1
145 171 1
145 178 1
145 181 1
145 189 1
146 176 1
146 187 1
147 150 1
147 157 1
147 181 1
148 159 1
148 170 1
148 172 1
148 176 1
148 183 1
149 152 1
149 157 1
149 160 1
149 168 1
149 175 1
150 172 1
152 160 1
152 181 1
152 182 1
152 187 1
152 188 1
153 157 1
153 182 1
154 159 1
154 178 1
154 186 1
155 166 1
155 187 1
155 188 1
156 161 1
156 163 1
156 168 1
156 170 1
156 186 1
157 163 1
157 165 1
157 167 1
157 174 1
157 180 1
157 181 1
158 160 1
158 162 1
158 163 1
158 171 1
158 184 1
158 188 1
159 170 1
159 173 1
159 184 1
159 188 1
160 174 1
160 186 1
161 163 1
161 167 1
161 168 1
161 183 1
162 182 1
163 177 1
164 173 1
165 167 1
165 179 1
165 180 1
165 184 1
165 186 1
166 170 1
166 176 1
166 184 1
166 187 1
166 189 1
167 180 1
167 183 1
168 170 1
168 174 1
168 178 1
168 180 1
168 181 1
168 187 1
169 184 1
169 187 1
169 188 1
170 172 1
170 175 1
170 186 1
171 186 1
172 180 1
173 178 1
174 179 1
174 187 1
176 180 1
177 188 1
177 189 1
179 180 1
179 186 1
179 187 1
180 184 1
181 185 1
182 183 1
183 185 1
186 189 1
1
151 177 75 175 125 155 170 84 118 11 55 98 137 2 141 116 62 39 1
