1234
0 9 1
0 15 1
0 29 1
0 40 1
0 47 1
0 50 1
0 54 1
0 57 1
0 88 1
0 106 1
0 114 1
0 116 1
0 121 1
0 122 1
0 125 1
0 127 1
0 129 1
1 2 1
1 7 1
1 10 1
1 15 1
1 16 1
1 20 1
1 33 1
1 36 1
1 39 1
1 40 1
1 44 1
1 47 1
1 52 1
1 56 1
1 67 1
1 69 1
1 71 1
1 76 1
1 87 1
1 91 1
1 98 1
1 115 1
1 120 1
1 127 1
2 5 1
2 19 1
2 24 1
2 29 1
2 42 1
2 48 1
2 64 1
2 65 1
2 66 1
2 68 1
2 76 1
2 82 1
2 89 1
2 91 1
2 96 1
2 99 1
2 108 1
2 109 1
3 4 1
3 15 1
3 16 1
3 34 1
3 41 1
3 43 1
3 48 1
3 64 1
3 68 1
3 84 1
3 89 1
3 96 1
3 105 1
3 107 1
3 108 1
3 113 1
3 119 1
3 123 1
4 15 1
4 20 1
4 23 1
4 24 1
4 42 1
4 44 1
4 45 1
4 50 1
4 62 1
4 64 1
4 71 1
4 73 1
4 82 1
4 85 1
4 87 1
4 97 1
4 100 1
4 103 1
4 105 1
4 106 1
4 110 1
4 119 1
5 16 1
5 20 1
5 22 1
5 32 1
5 47 1
5 49 1
5 60 1
5 68 1
5 69 1
5 76 1
5 79 1
5 87 1
5 93 1
5 105 1
5 109 1
5 119 1
6 9 1
6 11 1
6 24 1
6 30 1
6 34 1
6 38 1
6 41 1
6 45 1
6 47 1
6 49 1
6 52 1
6 55 1
6 66 1
6 82 1
6 85 1
6 92 1
6 97 1
6 101 1
6 114 1
6 118 1
6 129 1
7 11 1
7 15 1
7 16 1
7 25 1
7 26 1
7 32 1
7 34 1
7 48 1
7 49 1
7 51 1
7 63 1
7 68 1
7 69 1
7 82 1
7 87 1
7 105 1
7 107 1
7 114 1
7 117 1
7 122 1
8 11 1
8 14 1
8 21 1
8 29 1
8 34 1
8 37 1
8 48 1
8 52 1
8 63 1
8 95 1
8 103 1
8 108 1
8 112 1
8 113 1
8 119 1
8 120 1
9 16 1
9 23 1
9 28 1
9 29 1
9 35 1
9 42 1
9 50 1
9 56 1
9 59 1
9 60 1
9 75 1
9 80 1
9 90 1
9 91 1
9 108 1
9 113 1
9 114 1
9 115 1
9 119 1
10 12 1
10 20 1
10 22 1
10 24 1
10 31 1
10 37 1
10 39 1
10 44 1
10 46 1
10 47 1
10 49 1
10 51 1
10 56 1
10 61 1
10 74 1
10 91 1
10 103 1
10 107 1
10 110 1
10 122 1
11 12 1
11 13 1
11 25 1
11 28 1
11 34 1
11 35 1
11 37 1
11 45 1
11 47 1
11 51 1
11 55 1
11 56 1
11 68 1
11 75 1
11 76 1
11 78 1
11 80 1
11 106 1
11 111 1
11 112 1
11 119 1
11 128 1
12 13 1
12 14 1
12 23 1
12 24 1
12 27 1
12 28 1
12 29 1
12 40 1
12 43 1
12 45 1
12 51 1
12 53 1
12 57 1
12 75 1
12 78 1
12 80 1
12 93 1
12 99 1
12 104 1
12 114 1
12 116 1
12 121 1
12 128 1
13 14 1
13 26 1
13 32 1
13 38 1
13 42 1
13 45 1
13 49 1
13 55 1
13 63 1
13 67 1
13 73 1
13 77 1
13 83 1
13 109 1
13 111 1
13 125 1
14 20 1
14 25 1
14 26 1
14 29 1
14 43 1
14 44 1
14 57 1
14 63 1
14 93 1
14 111 1
14 112 1
14 115 1
14 116 1
14 124 1
14 125 1
14 127 1
15 16 1
15 19 1
15 27 1
15 32 1
15 42 1
15 47 1
15 49 1
15 53 1
15 67 1
15 80 1
15 91 1
15 94 1
15 97 1
15 104 1
15 119 1
15 121 1
15 122 1
15 124 1
16 19 1
16 21 1
16 24 1
16 26 1
16 33 1
16 50 1
16 67 1
16 78 1
16 93 1
16 112 1
16 122 1
17 19 1
17 26 1
17 38 1
17 41 1
17 50 1
17 59 1
17 74 1
17 77 1
17 81 1
17 90 1
17 100 1
17 128 1
18 30 1
18 33 1
18 34 1
18 44 1
18 53 1
18 54 1
18 57 1
18 58 1
18 66 1
18 67 1
18 71 1
18 76 1
18 84 1
18 88 1
18 101 1
18 105 1
18 114 1
18 119 1
18 120 1
18 128 1
19 31 1
19 56 1
19 57 1
19 60 1
19 63 1
19 64 1
19 77 1
19 90 1
19 101 1
19 107 1
19 127 1
20 21 1
20 22 1
20 24 1
20 26 1
20 32 1
20 37 1
20 46 1
20 49 1
20 53 1
20 70 1
20 75 1
20 80 1
20 92 1
20 93 1
20 99 1
20 106 1
20 111 1
20 114 1
20 117 1
20 122 1
21 23 1
21 27 1
21 46 1
21 49 1
21 52 1
21 53 1
21 54 1
21 58 1
21 73 1
21 78 1
21 89 1
21 94 1
21 109 1
21 111 1
21 119 1
21 121 1
21 122 1
21 127 1
21 128 1
22 30 1
22 37 1
22 48 1
22 53 1
22 56 1
22 58 1
22 63 1
22 66 1
22 71 1
22 75 1
22 83 1
22 96 1
22 104 1
22 107 1
22 113 1
22 122 1
22 125 1
23 29 1
23 37 1
23 56 1
23 59 1
23 61 1
23 63 1
23 67 1
23 74 1
23 85 1
23 91 1
23 96 1
23 111 1
23 114 1
23 115 1
23 120 1
23 125 1
24 30 1
24 32 1
24 45 1
24 65 1
24 66 1
24 69 1
24 71 1
24 74 1
24 75 1
24 106 1
24 110 1
24 111 1
24 124 1
25 27 1
25 34 1
25 42 1
25 50 1
25 52 1
25 56 1
25 59 1
25 63 1
25 66 1
25 67 1
25 76 1
25 78 1
25 79 1
25 94 1
25 103 1
25 107 1
25 117 1
26 29 1
26 30 1
26 32 1
26 37 1
26 38 1
26 43 1
26 44 1
26 64 1
26 90 1
26 94 1
26 102 1
26 110 1
26 119 1
26 125 1
27 35 1
27 50 1
27 53 1
27 60 1
27 63 1
27 72 1
27 85 1
27 96 1
27 103 1
27 104 1
27 108 1
27 116 1
27 125 1
27 127 1
27 129 1
28 32 1
28 33 1
28 42 1
28 44 1
28 49 1
28 64 1
28 71 1
28 76 1
28 106 1
28 120 1
28 121 1
28 126 1
28 127 1
29 39 1
29 49 1
29 73 1
29 74 1
29 79 1
29 81 1
29 83 1
29 99 1
29 112 1
29 121 1
29 124 1
29 129 1
30 34 1
30 35 1
30 37 1
30 42 1
30 49 1
30 61 1
30 64 1
30 70 1
30 74 1
30 86 1
30 88 1
30 91 1
30 92 1
30 97 1
30 98 1
30 99 1
30 107 1
30 111 1
30 119 1
30 122 1
30 125 1
31 35 1
31 36 1
31 38 1
31 53 1
31 57 1
31 64 1
31 69 1
31 78 1
31 79 1
31 82 1
31 83 1
31 84 1
31 87 1
31 89 1
31 104 1
31 129 1
32 42 1
32 46 1
32 65 1
32 84 1
32 93 1
32 94 1
32 96 1
32 106 1
32 107 1
33 34 1
33 52 1
33 54 1
33 71 1
33 75 1
33 96 1
33 99 1
33 101 1
33 108 1
33 111 1
33 116 1
33 123 1
33 125 1
33 129 1
34 40 1
34 47 1
34 49 1
34 51 1
34 52 1
34 77 1
34 83 1
34 96 1
34 107 1
34 110 1
34 112 1
34 116 1
34 122 1
35 36 1
35 45 1
35 53 1
35 54 1
35 58 1
35 62 1
35 65 1
35 75 1
35 82 1
35 87 1
35 89 1
35 91 1
35 94 1
35 97 1
35 105 1
35 121 1
35 129 1
36 37 1
36 39 1
36 46 1
36 51 1
36 58 1
36 66 1
36 74 1
36 77 1
36 79 1
36 82 1
36 85 1
36 86 1
36 87 1
36 88 1
36 97 1
36 98 1
36 108 1
36 110 1
36 113 1
36 116 1
36 117 1
36 119 1
36 120 1
36 122 1
36 124 1
36 128 1
37 40 1
37 44 1
37 45 1
37 64 1
37 68 1
37 84 1
37 85 1
37 102 1
37 114 1
37 117 1
37 122 1
37 125 1
37 129 1
38 55 1
38 56 1
38 66 1
38 69 1
38 72 1
38 74 1
38 76 1
38 81 1
38 84 1
38 86 1
38 89 1
38 91 1
38 96 1
38 104 1
38 114 1
38 118 1
38 122 1
39 41 1
39 43 1
39 51 1
39 57 1
39 67 1
39 80 1
39 88 1
39 93 1
39 95 1
39 97 1
39 98 1
39 99 1
39 101 1
39 109 1
39 113 1
39 115 1
39 121 1
40 50 1
40 54 1
40 56 1
40 67 1
40 70 1
40 88 1
40 89 1
40 93 1
40 99 1
40 101 1
40 116 1
41 46 1
41 61 1
41 82 1
41 89 1
41 98 1
41 115 1
42 44 1
42 56 1
42 59 1
42 68 1
42 77 1
42 84 1
42 95 1
42 109 1
42 111 1
43 50 1
43 56 1
43 57 1
43 58 1
43 60 1
43 67 1
43 76 1
43 79 1
43 91 1
43 115 1
43 123 1
43 128 1
44 50 1
44 52 1
44 54 1
44 62 1
44 67 1
44 74 1
44 84 1
44 85 1
44 97 1
44 105 1
45 50 1
45 52 1
45 56 1
45 61 1
45 68 1
45 82 1
45 99 1
45 103 1
45 107 1
45 121 1
45 129 1
46 55 1
46 59 1
46 64 1
46 73 1
46 78 1
46 80 1
46 87 1
46 107 1
47 57 1
47 66 1
47 85 1
47 86 1
47 89 1
47 90 1
47 98 1
47 120 1
47 127 1
48 54 1
48 59 1
48 64 1
48 67 1
48 80 1
48 87 1
48 89 1
48 111 1
48 116 1
48 117 1
48 119 1
48 121 1
49 77 1
49 84 1
49 88 1
49 94 1
49 116 1
49 120 1
49 124 1
49 126 1
50 53 1
50 58 1
50 66 1
50 75 1
50 92 1
50 94 1
50 96 1
50 116 1
50 119 1
50 126 1
51 52 1
51 63 1
51 103 1
51 104 1
51 106 1
51 108 1
51 115 1
52 60 1
52 61 1
52 62 1
52 74 1
52 76 1
52 88 1
52 90 1
52 98 1
52 107 1
52 109 1
52 121 1
53 55 1
53 58 1
53 62 1
53 64 1
53 70 1
53 79 1
53 89 1
53 101 1
53 107 1
53 108 1
53 118 1
53 123 1
54 77 1
54 80 1
54 83 1
54 86 1
54 105 1
54 109 1
54 111 1
54 112 1
54 118 1
55 56 1
55 61 1
55 65 1
55 86 1
55 106 1
55 108 1
56 61 1
56 64 1
56 65 1
56 78 1
56 82 1
56 93 1
56 99 1
56 101 1
56 103 1
56 118 1
56 128 1
57 60 1
57 65 1
57 69 1
57 73 1
57 82 1
57 90 1
57 95 1
57 123 1
57 125 1
57 128 1
57 129 1
58 59 1
58 62 1
58 71 1
58 74 1
58 81 1
58 85 1
58 94 1
58 106 1
58 112 1
59 60 1
59 76 1
59 86 1
59 89 1
59 96 1
59 99 1
59 101 1
59 110 1
59 121 1
60 61 1
60 64 1
60 75 1
60 79 1
60 94 1
60 100 1
60 112 1
60 114 1
60 120 1
60 126 1
60 129 1
61 68 1
61 70 1
61 97 1
61 99 1
61 105 1
61 113 1
61 115 1
61 117 1
61 124 1
61 129 1
62 82 1
62 88 1
62 95 1
62 108 1
62 122 1
62 127 1
63 70 1
63 74 1
63 76 1
63 86 1
63 94 1
63 97 1
63 99 1
63 106 1
63 122 1
64 65 1
64 74 1
64 91 1
64 96 1
64 102 1
64 106 1
64 111 1
64 124 1
65 69 1
65 73 1
65 81 1
65 85 1
65 89 1
65 93 1
65 94 1
65 99 1
65 102 1
65 104 1
65 109 1
65 111 1
65 129 1
66 80 1
66 83 1
66 90 1
66 94 1
66 98 1
66 99 1
66 104 1
66 105 1
66 108 1
66 110 1
66 111 1
66 122 1
66 126 1
67 68 1
67 76 1
67 77 1
67 101 1
67 104 1
67 107 1
67 120 1
68 71 1
68 76 1
68 93 1
68 106 1
68 107 1
68 108 1
68 111 1
68 114 1
68 127 1
69 70 1
69 75 1
69 80 1
69 90 1
69 98 1
69 100 1
69 103 1
69 106 1
69 108 1
69 123 1
69 124 1
69 128 1
70 77 1
70 92 1
70 98 1
70 103 1
70 106 1
70 111 1
70 115 1
70 119 1
71 74 1
71 83 1
71 87 1
71 90 1
71 91 1
71 92 1
71 96 1
71 97 1
71 112 1
71 128 1
72 73 1
72 75 1
72 76 1
72 82 1
72 88 1
72 91 1
72 94 1
72 120 1
72 122 1
73 79 1
73 83 1
73 90 1
73 91 1
73 101 1
73 104 1
73 119 1
73 123 1
73 125 1
74 84 1
74 91 1
74 95 1
74 98 1
74 100 1
74 114 1
74 122 1
75 77 1
75 79 1
75 90 1
75 91 1
75 100 1
75 108 1
75 122 1
75 125 1
76 79 1
76 80 1
76 81 1
76 95 1
76 105 1
76 109 1
76 116 1
76 127 1
77 82 1
77 95 1
77 99 1
77 101 1
77 113 1
77 114 1
77 115 1
77 121 1
78 81 1
78 84 1
78 89 1
78 91 1
78 99 1
78 100 1
78 107 1
78 116 1
78 125 1
79 85 1
79 89 1
79 100 1
79 103 1
79 119 1
79 124 1
80 87 1
80 90 1
80 98 1
80 121 1
80 123 1
81 86 1
81 88 1
81 90 1
81 95 1
81 107 1
81 111 1
81 126 1
81 128 1
82 84 1
82 91 1
82 92 1
82 94 1
82 107 1
82 111 1
82 114 1
83 88 1
83 101 1
83 104 1
83 120 1
83 128 1
84 92 1
84 96 1
84 103 1
84 106 1
84 112 1
84 119 1
84 125 1
85 105 1
85 108 1
85 109 1
85 119 1
85 125 1
86 103 1
86 114 1
87 88 1
87 90 1
87 93 1
87 96 1
87 107 1
87 111 1
87 115 1
87 120 1
87 125 1
88 90 1
88 102 1
88 104 1
88 109 1
88 123 1
88 125 1
88 128 1
89 99 1
89 100 1
89 103 1
89 123 1
90 91 1
90 98 1
90 117 1
90 123 1
91 94 1
91 96 1
91 101 1
91 107 1
91 108 1
91 112 1
91 119 1
91 123 1
92 99 1
92 103 1
92 118 1
92 121 1
92 122 1
92 124 1
92 125 1
92 128 1
93 96 1
93 106 1
93 121 1
93 126 1
94 97 1
94 100 1
94 114 1
94 119 1
94 120 1
94 124 1
94 125 1
95 104 1
95 110 1
96 97 1
96 102 1
96 103 1
96 106 1
96 107 1
96 113 1
97 106 1
97 123 1
97 128 1
98 99 1
98 100 1
98 102 1
98 109 1
98 111 1
98 113 1
98 114 1
99 100 1
99 102 1
99 108 1
99 109 1
99 114 1
99 116 1
99 129 1
100 117 1
100 128 1
101 107 1
101 108 1
101 116 1
101 123 1
101 127 1
102 112 1
102 114 1
102 116 1
102 117 1
102 122 1
102 129 1
103 105 1
103 106 1
103 107 1
103 118 1
103 122 1
103 125 1
104 106 1
104 107 1
104 124 1
104 126 1
105 110 1
105 126 1
106 108 1
106 112 1
106 119 1
106 121 1
107 110 1
107 113 1
107 119 1
107 125 1
108 116 1
108 122 1
108 126 1
109 111 1
109 116 1
109 122 1
109 129 1
110 112 1
110 113 1
110 114 1
110 120 1
110 121 1
110 125 1
111 116 1
111 128 1
111 129 1
112 115 1
112 116 1
112 127 1
113 122 1
113 124 1
113 128 1
114 119 1
114 122 1
114 125 1
118 125 1
119 122 1
119 126 1
120 127 1
121 125 1
123 129 1
124 127 1
125 127 1
125 129 1
127 128 1
127 129 1
1
41 74 19 1 22 123 67 6 88 99 54 97 73
