1507
0 21 1
0 23 1
0 25 1
0 29 1
0 31 1
0 36 1
0 37 1
0 39 1
0 51 1
0 56 1
0 62 1
0 72 1
0 81 1
0 85 1
0 95 1
0 103 1
0 105 1
0 109 1
0 113 1
0 123 1
0 135 1
0 136 1
0 137 1
0 139 1
0 140 1
1 4 1
1 5 1
1 6 1
1 12 1
1 13 1
1 18 1
1 19 1
1 39 1
1 43 1
1 55 1
1 74 1
1 77 1
1 79 1
1 81 1
1 100 1
1 102 1
1 111 1
1 124 1
1 135 1
1 143 1
2 5 1
2 21 1
2 26 1
2 34 1
2 35 1
2 43 1
2 75 1
2 79 1
2 83 1
2 84 1
2 85 1
2 87 1
2 95 1
2 100 1
2 115 1
2 120 1
2 140 1
3 4 1
3 10 1
3 16 1
3 29 1
3 36 1
3 37 1
3 38 1
3 54 1
3 56 1
3 57 1
3 67 1
3 78 1
3 88 1
3 100 1
3 107 1
3 113 1
3 114 1
3 123 1
3 129 1
3 134 1
3 135 1
3 140 1
4 28 1
4 52 1
4 53 1
4 64 1
4 66 1
4 68 1
4 81 1
4 92 1
4 101 1
4 103 1
4 113 1
4 125 1
4 146 1
5 6 1
5 12 1
5 23 1
5 39 1
5 63 1
5 64 1
5 79 1
5 86 1
5 100 1
5 104 1
5 107 1
5 108 1
5 119 1
5 125 1
5 145 1
6 13 1
6 24 1
6 29 1
6 33 1
6 38 1
6 44 1
6 48 1
6 53 1
6 56 1
6 57 1
6 62 1
6 91 1
6 101 1
6 104 1
6 105 1
6 111 1
6 116 1
6 117 1
6 119 1
6 121 1
6 125 1
6 131 1
6 136 1
6 142 1
7 11 1
7 18 1
7 31 1
7 32 1
7 33 1
7 68 1
7 76 1
7 83 1
7 85 1
7 89 1
7 93 1
7 97 1
7 101 1
7 107 1
7 118 1
7 119 1
7 121 1
7 125 1
7 127 1
8 15 1
8 17 1
8 24 1
8 25 1
8 40 1
8 43 1
8 44 1
8 45 1
8 54 1
8 57 1
8 62 1
8 73 1
8 76 1
8 78 1
8 80 1
8 85 1
8 93 1
8 98 1
8 104 1
8 109 1
8 116 1
8 122 1
8 131 1
8 135 1
8 139 1
8 144 1
8 148 1
9 10 1
9 19 1
9 31 1
9 33 1
9 36 1
9 41 1
9 44 1
9 56 1
9 60 1
9 73 1
9 74 1
9 76 1
9 78 1
9 83 1
9 89 1
9 91 1
9 94 1
9 97 1
9 106 1
9 109 1
9 115 1
9 133 1
9 141 1
9 147 1
10 16 1
10 24 1
10 32 1
10 47 1
10 57 1
10 60 1
10 66 1
10 79 1
10 85 1
10 102 1
10 103 1
10 111 1
10 112 1
10 117 1
10 118 1
10 119 1
10 121 1
10 124 1
10 129 1
10 148 1
11 28 1
11 30 1
11 34 1
11 39 1
11 43 1
11 48 1
11 58 1
11 72 1
11 73 1
11 93 1
11 100 1
11 109 1
11 112 1
11 119 1
11 123 1
11 143 1
11 147 1
12 29 1
12 37 1
12 38 1
12 44 1
12 46 1
12 52 1
12 55 1
12 63 1
12 77 1
12 82 1
12 94 1
12 99 1
12 104 1
12 116 1
12 125 1
12 131 1
12 135 1
12 139 1
12 140 1
12 146 1
13 14 1
13 15 1
13 19 1
13 25 1
13 55 1
13 63 1
13 70 1
13 81 1
13 108 1
13 116 1
13 123 1
13 131 1
13 132 1
14 25 1
14 26 1
14 34 1
14 38 1
14 40 1
14 44 1
14 61 1
14 65 1
14 81 1
14 97 1
14 127 1
14 134 1
14 138 1
14 140 1
14 143 1
14 148 1
15 16 1
15 17 1
15 39 1
15 45 1
15 50 1
15 52 1
15 58 1
15 66 1
15 73 1
15 78 1
15 80 1
15 87 1
15 90 1
15 91 1
15 96 1
15 97 1
15 100 1
15 105 1
15 107 1
15 112 1
15 116 1
15 125 1
15 126 1
15 144 1
16 23 1
16 42 1
16 43 1
16 49 1
16 56 1
16 61 1
16 62 1
16 64 1
16 68 1
16 81 1
16 87 1
16 88 1
16 98 1
16 102 1
16 107 1
16 120 1
16 124 1
16 129 1
16 134 1
16 141 1
16 147 1
17 22 1
17 37 1
17 39 1
17 48 1
17 50 1
17 61 1
17 67 1
17 73 1
17 94 1
17 97 1
17 101 1
17 104 1
17 105 1
17 107 1
17 113 1
17 114 1
17 128 1
17 135 1
17 139 1
18 34 1
18 39 1
18 49 1
18 64 1
18 78 1
18 81 1
18 96 1
18 110 1
18 114 1
18 117 1
18 120 1
18 136 1
18 140 1
18 141 1
18 143 1
19 34 1
19 38 1
19 51 1
19 58 1
19 71 1
19 82 1
19 87 1
19 96 1
19 99 1
19 106 1
19 108 1
19 112 1
19 128 1
19 138 1
19 144 1
19 149 1
20 24 1
20 30 1
20 31 1
20 35 1
20 39 1
20 42 1
20 47 1
20 58 1
20 89 1
20 110 1
20 111 1
20 114 1
20 126 1
20 130 1
20 131 1
21 56 1
21 57 1
21 60 1
21 75 1
21 77 1
21 81 1
21 94 1
21 99 1
21 101 1
21 102 1
21 111 1
21 121 1
21 124 1
21 126 1
21 127 1
21 129 1
22 32 1
22 59 1
22 76 1
22 78 1
22 89 1
22 96 1
22 99 1
22 102 1
22 104 1
22 122 1
22 124 1
22 125 1
22 134 1
23 26 1
23 35 1
23 66 1
23 83 1
23 86 1
23 88 1
23 99 1
23 114 1
23 127 1
23 130 1
23 141 1
23 142 1
23 145 1
23 146 1
24 32 1
24 38 1
24 52 1
24 62 1
24 74 1
24 75 1
24 102 1
24 104 1
24 105 1
24 114 1
24 117 1
24 119 1
24 125 1
24 129 1
24 142 1
24 145 1
25 38 1
25 40 1
25 41 1
25 53 1
25 54 1
25 63 1
25 80 1
25 85 1
25 102 1
25 114 1
25 125 1
25 128 1
25 137 1
25 145 1
26 35 1
26 45 1
26 47 1
26 57 1
26 58 1
26 76 1
26 86 1
26 131 1
26 137 1
26 138 1
27 29 1
27 35 1
27 36 1
27 45 1
27 48 1
27 54 1
27 60 1
27 70 1
27 77 1
27 80 1
27 83 1
27 84 1
27 86 1
27 89 1
27 118 1
27 125 1
27 142 1
28 33 1
28 34 1
28 35 1
28 57 1
28 72 1
28 89 1
28 97 1
28 100 1
28 101 1
28 122 1
28 131 1
28 139 1
28 149 1
29 46 1
29 61 1
29 69 1
29 83 1
29 84 1
29 93 1
29 99 1
29 110 1
29 112 1
29 121 1
29 132 1
29 140 1
29 141 1
29 143 1
29 144 1
29 145 1
30 44 1
30 51 1
30 69 1
30 73 1
30 82 1
30 90 1
30 100 1
30 112 1
30 138 1
30 144 1
30 149 1
31 54 1
31 57 1
31 61 1
31 62 1
31 63 1
31 66 1
31 71 1
31 77 1
31 84 1
31 86 1
31 87 1
31 95 1
31 100 1
31 109 1
31 113 1
31 123 1
31 124 1
31 126 1
31 130 1
31 131 1
31 134 1
31 143 1
31 147 1
32 34 1
32 43 1
32 53 1
32 64 1
32 66 1
32 67 1
32 69 1
32 73 1
32 87 1
32 101 1
32 108 1
32 110 1
32 112 1
32 113 1
32 118 1
32 123 1
32 140 1
33 55 1
33 66 1
33 78 1
33 86 1
33 87 1
33 92 1
33 96 1
33 106 1
33 114 1
33 116 1
33 121 1
33 124 1
33 134 1
33 145 1
34 46 1
34 51 1
34 56 1
34 59 1
34 64 1
34 70 1
34 79 1
34 80 1
34 95 1
34 100 1
34 108 1
34 118 1
34 138 1
34 148 1
35 41 1
35 45 1
35 52 1
35 53 1
35 56 1
35 64 1
35 66 1
35 71 1
35 78 1
35 79 1
35 80 1
35 92 1
35 100 1
35 101 1
35 110 1
35 128 1
35 136 1
35 140 1
36 43 1
36 45 1
36 60 1
36 62 1
36 74 1
36 114 1
36 119 1
36 140 1
37 39 1
37 42 1
37 48 1
37 55 1
37 57 1
37 61 1
37 63 1
37 72 1
37 74 1
37 90 1
37 92 1
37 96 1
37 104 1
37 114 1
37 119 1
37 123 1
37 130 1
37 140 1
37 148 1
38 51 1
38 57 1
38 74 1
38 77 1
38 89 1
38 107 1
38 125 1
38 133 1
38 138 1
38 149 1
39 49 1
39 53 1
39 55 1
39 66 1
39 67 1
39 73 1
39 79 1
39 97 1
39 114 1
39 132 1
39 140 1
39 141 1
39 148 1
40 48 1
40 49 1
40 50 1
40 60 1
40 61 1
40 73 1
40 74 1
40 80 1
40 82 1
40 92 1
40 100 1
40 107 1
40 108 1
40 110 1
40 116 1
40 118 1
40 127 1
40 133 1
40 144 1
40 145 1
41 46 1
41 51 1
41 55 1
41 70 1
41 71 1
41 76 1
41 80 1
41 95 1
41 99 1
41 122 1
41 134 1
41 137 1
41 138 1
41 141 1
41 146 1
42 47 1
42 48 1
42 55 1
42 64 1
42 82 1
42 88 1
42 90 1
42 107 1
42 122 1
42 134 1
42 136 1
42 139 1
42 144 1
43 65 1
43 71 1
43 77 1
43 87 1
43 89 1
43 92 1
43 101 1
43 107 1
43 120 1
43 129 1
43 131 1
43 139 1
43 140 1
43 148 1
44 45 1
44 46 1
44 48 1
44 52 1
44 54 1
44 66 1
44 82 1
44 85 1
44 86 1
44 96 1
44 103 1
44 104 1
44 111 1
44 112 1
44 119 1
44 121 1
44 143 1
44 148 1
45 48 1
45 50 1
45 57 1
45 66 1
45 68 1
45 74 1
45 78 1
45 80 1
45 81 1
45 82 1
45 89 1
45 95 1
45 97 1
45 109 1
45 142 1
46 47 1
46 64 1
46 69 1
46 71 1
46 72 1
46 85 1
46 87 1
46 97 1
46 101 1
46 117 1
46 120 1
46 125 1
46 131 1
46 138 1
46 143 1
47 58 1
47 60 1
47 61 1
47 66 1
47 77 1
47 98 1
47 99 1
47 100 1
47 117 1
47 122 1
47 123 1
47 136 1
48 50 1
48 58 1
48 68 1
48 77 1
48 93 1
48 101 1
48 105 1
48 114 1
48 119 1
48 120 1
48 128 1
48 130 1
48 133 1
48 136 1
48 144 1
48 145 1
48 147 1
49 67 1
49 68 1
49 80 1
49 109 1
49 111 1
49 121 1
49 123 1
49 126 1
49 131 1
49 138 1
49 141 1
50 51 1
50 53 1
50 68 1
50 76 1
50 78 1
50 79 1
50 82 1
50 84 1
50 93 1
50 97 1
50 110 1
50 111 1
50 125 1
50 137 1
50 148 1
51 56 1
51 66 1
51 75 1
51 86 1
51 88 1
51 90 1
51 92 1
51 95 1
51 96 1
51 107 1
51 120 1
51 127 1
51 129 1
51 132 1
51 139 1
51 142 1
51 144 1
52 53 1
52 58 1
52 62 1
52 69 1
52 78 1
52 80 1
52 83 1
52 84 1
52 101 1
52 103 1
52 107 1
52 116 1
52 121 1
52 123 1
52 137 1
52 147 1
53 62 1
53 65 1
53 81 1
53 108 1
53 126 1
53 129 1
53 130 1
53 134 1
53 137 1
53 139 1
53 142 1
54 56 1
54 57 1
54 66 1
54 69 1
54 76 1
54 91 1
54 116 1
54 134 1
54 136 1
54 140 1
54 144 1
54 147 1
55 78 1
55 85 1
55 86 1
55 102 1
55 110 1
55 115 1
55 131 1
55 132 1
55 133 1
55 148 1
56 57 1
56 79 1
56 89 1
56 91 1
56 92 1
56 102 1
56 103 1
56 104 1
56 105 1
56 107 1
56 112 1
56 114 1
56 117 1
56 126 1
56 127 1
56 133 1
56 140 1
56 144 1
57 64 1
57 83 1
57 93 1
57 95 1
57 97 1
57 100 1
57 106 1
57 118 1
57 125 1
57 130 1
57 132 1
57 133 1
57 134 1
57 135 1
57 139 1
58 67 1
58 77 1
58 91 1
58 114 1
59 64 1
59 66 1
59 79 1
59 83 1
59 87 1
59 90 1
59 91 1
59 103 1
59 105 1
59 108 1
59 116 1
59 126 1
59 132 1
60 76 1
60 77 1
60 79 1
60 80 1
60 89 1
60 96 1
60 104 1
60 121 1
60 123 1
60 145 1
60 146 1
61 62 1
61 69 1
61 75 1
61 90 1
61 100 1
61 101 1
61 149 1
62 69 1
62 77 1
62 79 1
62 89 1
62 90 1
62 107 1
62 109 1
62 110 1
62 116 1
62 123 1
62 142 1
62 143 1
62 147 1
63 65 1
63 66 1
63 69 1
63 72 1
63 73 1
63 79 1
63 85 1
63 97 1
63 104 1
63 137 1
63 143 1
64 70 1
64 74 1
64 80 1
64 82 1
64 83 1
64 88 1
64 89 1
64 100 1
64 102 1
64 114 1
64 118 1
64 139 1
64 145 1
65 81 1
65 85 1
65 86 1
65 87 1
65 101 1
65 105 1
65 107 1
65 109 1
65 121 1
65 125 1
65 132 1
65 134 1
65 143 1
65 149 1
66 71 1
66 72 1
66 81 1
66 84 1
66 88 1
66 92 1
66 93 1
66 96 1
66 116 1
66 130 1
66 131 1
66 133 1
66 143 1
67 80 1
67 87 1
67 88 1
67 89 1
67 101 1
67 117 1
67 123 1
67 124 1
68 71 1
68 74 1
68 75 1
68 77 1
68 78 1
68 88 1
68 103 1
68 105 1
68 110 1
68 119 1
68 121 1
68 122 1
68 134 1
68 135 1
68 136 1
69 75 1
69 90 1
69 110 1
69 111 1
69 119 1
69 123 1
69 136 1
69 137 1
69 142 1
70 83 1
70 84 1
70 96 1
70 117 1
70 121 1
70 124 1
70 128 1
70 135 1
70 139 1
71 73 1
71 89 1
71 96 1
71 97 1
71 102 1
71 103 1
71 111 1
71 115 1
71 126 1
71 140 1
71 149 1
72 81 1
72 88 1
72 98 1
72 104 1
72 109 1
72 112 1
72 147 1
73 75 1
73 85 1
73 88 1
73 93 1
73 95 1
73 103 1
73 104 1
73 118 1
73 119 1
73 122 1
73 128 1
73 134 1
73 138 1
73 142 1
73 144 1
73 146 1
74 76 1
74 89 1
74 93 1
74 96 1
74 115 1
74 116 1
74 120 1
74 133 1
74 149 1
75 84 1
75 93 1
75 101 1
75 107 1
75 109 1
75 115 1
75 121 1
75 123 1
75 125 1
75 129 1
75 145 1
76 85 1
76 87 1
76 90 1
76 107 1
76 110 1
76 116 1
76 124 1
76 126 1
76 127 1
76 129 1
76 139 1
76 146 1
76 147 1
77 78 1
77 82 1
77 83 1
77 85 1
77 89 1
77 98 1
77 109 1
77 129 1
77 144 1
77 146 1
77 147 1
77 149 1
78 79 1
78 82 1
78 109 1
78 123 1
78 128 1
78 132 1
78 140 1
79 84 1
79 88 1
79 89 1
79 103 1
79 106 1
79 107 1
79 109 1
79 114 1
79 117 1
79 120 1
79 132 1
79 136 1
79 138 1
79 140 1
79 146 1
79 149 1
80 88 1
80 89 1
80 97 1
80 100 1
80 111 1
80 116 1
80 124 1
80 128 1
80 131 1
80 136 1
80 138 1
81 85 1
81 86 1
81 88 1
81 90 1
81 96 1
81 98 1
81 102 1
81 106 1
81 128 1
81 132 1
81 146 1
81 148 1
82 88 1
82 90 1
82 110 1
82 114 1
82 120 1
82 124 1
82 128 1
82 129 1
83 97 1
83 105 1
83 107 1
83 108 1
83 113 1
83 115 1
83 116 1
83 123 1
83 124 1
83 127 1
84 92 1
84 103 1
84 107 1
84 110 1
84 111 1
84 132 1
84 140 1
84 148 1
85 87 1
85 94 1
85 112 1
85 121 1
85 148 1
86 102 1
86 116 1
86 124 1
86 129 1
86 137 1
86 138 1
86 147 1
86 148 1
87 88 1
87 95 1
87 102 1
87 103 1
87 104 1
87 113 1
87 120 1
87 126 1
87 131 1
87 140 1
88 119 1
88 124 1
88 127 1
88 133 1
89 96 1
89 102 1
89 107 1
89 115 1
89 116 1
89 119 1
89 132 1
89 143 1
90 93 1
90 97 1
90 106 1
90 115 1
90 123 1
90 132 1
90 138 1
91 93 1
91 99 1
91 107 1
91 113 1
91 129 1
91 131 1
91 144 1
92 103 1
92 105 1
92 111 1
92 114 1
92 126 1
92 148 1
93 95 1
93 96 1
93 98 1
93 103 1
93 105 1
93 117 1
93 121 1
93 123 1
93 131 1
93 141 1
94 102 1
94 106 1
94 113 1
94 125 1
94 135 1
94 147 1
95 97 1
95 100 1
95 105 1
95 107 1
95 115 1
95 123 1
95 135 1
95 138 1
95 139 1
95 146 1
95 149 1
96 114 1
96 118 1
96 119 1
96 130 1
96 131 1
96 137 1
96 141 1
97 103 1
97 108 1
97 111 1
97 121 1
97 122 1
97 134 1
97 141 1
98 103 1
98 107 1
98 110 1
98 134 1
98 136 1
98 138 1
98 139 1
98 142 1
98 145 1
98 148 1
99 113 1
99 123 1
99 131 1
99 133 1
99 145 1
100 101 1
100 127 1
100 133 1
100 142 1
101 104 1
101 105 1
101 106 1
101 109 1
101 127 1
101 134 1
101 145 1
101 147 1
102 107 1
102 108 1
102 112 1
102 117 1
102 126 1
102 127 1
102 134 1
102 147 1
103 135 1
103 137 1
103 147 1
103 148 1
104 108 1
104 109 1
104 114 1
104 126 1
104 127 1
104 133 1
104 144 1
105 106 1
105 114 1
105 118 1
105 128 1
105 130 1
105 131 1
105 135 1
105 147 1
106 107 1
106 111 1
106 127 1
106 128 1
106 137 1
106 139 1
106 149 1
107 111 1
107 119 1
107 133 1
107 137 1
108 120 1
108 130 1
108 136 1
108 138 1
108 141 1
109 111 1
109 112 1
109 121 1
109 135 1
109 144 1
109 148 1
109 149 1
110 114 1
110 120 1
110 126 1
110 145 1
111 130 1
111 134 1
111 149 1
112 136 1
112 139 1
112 142 1
112 148 1
112 149 1
113 120 1
113 128 1
113 139 1
113 148 1
114 120 1
114 130 1
114 137 1
114 146 1
115 116 1
115 126 1
115 127 1
115 136 1
115 144 1
116 138 1
116 139 1
116 142 1
116 147 1
117 122 1
117 128 1
117 129 1
117 133 1
117 135 1
117 139 1
117 140 1
117 145 1
118 122 1
118 129 1
118 132 1
118 140 1
118 143 1
119 138 1
119 145 1
120 125 1
120 145 1
121 127 1
121 129 1
121 136 1
121 137 1
121 142 1
122 125 1
122 136 1
122 142 1
123 129 1
123 132 1
123 135 1
123 140 1
123 146 1
123 148 1
124 132 1
125 146 1
125 147 1
126 132 1
126 135 1
126 139 1
126 142 1
126 144 1
127 143 1
127 147 1
128 139 1
128 149 1
129 136 1
129 143 1
129 145 1
129 147 1
129 149 1
130 133 1
130 143 1
130 145 1
131 147 1
132 149 1
133 136 1
133 144 1
134 139 1
134 146 1
135 139 1
135 140 1
135 144 1
135 147 1
136 137 1
136 146 1
136 148 1
137 141 1
138 147 1
139 140 1
140 141 1
141 144 1
142 149 1
144 145 1
145 147 1
1
127 109 84 89 71 35 87 32 134 101 131 38 119 13 79
