199
0 1 1
0 2 1
0 3 1
0 7 1
0 8 1
0 10 1
0 13 1
0 21 1
0 23 1
0 25 1
0 29 1
1 3 1
1 4 1
1 5 1
1 11 1
1 13 1
1 21 1
1 29 1
2 3 1
2 5 1
2 6 1
2 8 1
2 9 1
2 10 1
2 11 1
2 12 1
2 13 1
2 14 1
2 16 1
2 17 1
2 18 1
2 21 1
2 22 1
2 23 1
2 26 1
2 27 1
2 28 1
2 29 1
3 5 1
3 10 1
3 14 1
3 15 1
3 16 1
3 17 1
3 18 1
3 19 1
3 20 1
3 23 1
3 24 1
3 28 1
3 29 1
4 5 1
4 6 1
4 7 1
4 8 1
4 10 1
4 11 1
4 12 1
4 14 1
4 15 1
4 18 1
4 19 1
4 20 1
4 23 1
4 24 1
4 26 1
4 27 1
5 6 1
5 7 1
5 8 1
5 10 1
5 11 1
5 12 1
5 13 1
5 14 1
5 15 1
5 19 1
5 20 1
5 21 1
6 7 1
6 9 1
6 11 1
6 18 1
6 20 1
6 28 1
6 29 1
7 11 1
7 13 1
7 16 1
7 18 1
7 19 1
7 21 1
7 22 1
7 23 1
7 25 1
7 26 1
7 27 1
8 9 1
8 10 1
8 15 1
8 22 1
8 23 1
8 24 1
8 27 1
8 29 1
9 13 1
9 14 1
9 16 1
9 17 1
9 18 1
9 22 1
9 24 1
9 28 1
10 14 1
10 15 1
10 18 1
10 20 1
10 24 1
10 25 1
10 27 1
10 29 1
11 12 1
11 17 1
11 23 1
11 24 1
11 26 1
11 27 1
11 28 1
12 13 1
12 16 1
12 18 1
12 19 1
12 20 1
12 21 1
12 25 1
12 27 1
12 29 1
13 14 1
13 16 1
13 17 1
13 20 1
13 21 1
13 28 1
14 15 1
14 16 1
14 18 1
14 20 1
14 21 1
14 22 1
14 25 1
14 26 1
15 18 1
15 19 1
15 21 1
15 24 1
15 25 1
15 28 1
16 17 1
16 18 1
16 19 1
16 20 1
16 22 1
16 23 1
16 24 1
16 26 1
17 18 1
17 20 1
17 24 1
17 25 1
18 19 1
18 24 1
19 21 1
19 24 1
19 26 1
19 27 1
20 22 1
20 24 1
20 25 1
20 27 1
20 28 1
20 29 1
21 22 1
21 24 1
21 25 1
21 26 1
21 27 1
21 28 1
22 24 1
22 25 1
23 26 1
23 28 1
23 29 1
24 26 1
24 27 1
24 28 1
24 29 1
25 26 1
26 28 1
27 29 1
1
2 23 18
