377
0 2 1
0 5 1
0 7 1
0 8 1
0 10 1
0 11 1
0 14 1
0 19 1
0 24 1
0 31 1
0 32 1
0 38 1
0 43 1
0 46 1
0 48 1
1 2 1
1 3 1
1 7 1
1 18 1
1 21 1
1 23 1
1 29 1
1 31 1
1 33 1
1 36 1
1 38 1
1 39 1
1 42 1
1 47 1
1 48 1
2 6 1
2 8 1
2 11 1
2 14 1
2 16 1
2 20 1
2 21 1
2 22 1
2 23 1
2 33 1
2 37 1
2 38 1
2 44 1
2 49 1
3 4 1
3 5 1
3 7 1
3 10 1
3 14 1
3 20 1
3 22 1
3 24 1
3 26 1
3 30 1
3 36 1
3 37 1
3 38 1
3 41 1
3 43 1
4 6 1
4 8 1
4 13 1
4 14 1
4 17 1
4 23 1
4 24 1
4 25 1
4 29 1
4 30 1
4 31 1
4 32 1
4 41 1
4 45 1
4 46 1
4 49 1
5 8 1
5 13 1
5 14 1
5 21 1
5 23 1
5 24 1
5 38 1
5 39 1
5 41 1
5 47 1
6 14 1
6 15 1
6 17 1
6 19 1
6 22 1
6 31 1
6 36 1
6 37 1
6 38 1
6 44 1
7 8 1
7 9 1
7 12 1
7 13 1
7 15 1
7 17 1
7 29 1
7 32 1
7 37 1
7 38 1
7 40 1
7 44 1
7 45 1
7 47 1
7 49 1
8 13 1
8 15 1
8 19 1
8 21 1
8 25 1
8 27 1
8 30 1
8 33 1
8 35 1
8 38 1
8 45 1
8 47 1
9 11 1
9 12 1
9 14 1
9 20 1
9 24 1
9 26 1
9 27 1
9 28 1
9 31 1
9 37 1
9 39 1
9 44 1
9 46 1
10 12 1
10 22 1
10 24 1
10 25 1
10 29 1
10 30 1
10 31 1
10 32 1
10 34 1
10 36 1
10 37 1
10 38 1
10 39 1
10 40 1
10 44 1
11 15 1
11 24 1
11 29 1
11 30 1
11 34 1
11 35 1
11 37 1
11 38 1
11 39 1
11 42 1
11 49 1
12 16 1
12 17 1
12 25 1
12 27 1
12 29 1
12 42 1
12 48 1
13 36 1
13 42 1
13 44 1
13 46 1
13 47 1
13 49 1
14 18 1
14 20 1
14 21 1
14 23 1
14 29 1
14 31 1
14 34 1
14 35 1
14 40 1
14 48 1
15 17 1
15 20 1
15 21 1
15 22 1
15 23 1
15 27 1
15 28 1
15 29 1
15 32 1
15 35 1
15 37 1
15 44 1
15 45 1
16 17 1
16 21 1
16 22 1
16 23 1
16 27 1
16 28 1
16 29 1
16 30 1
16 33 1
16 34 1
16 35 1
16 37 1
16 41 1
16 44 1
16 47 1
16 49 1
17 18 1
17 23 1
17 26 1
17 27 1
17 32 1
17 33 1
17 34 1
17 39 1
17 40 1
17 46 1
17 47 1
18 19 1
18 20 1
18 29 1
18 31 1
18 32 1
18 34 1
18 37 1
18 39 1
18 41 1
18 42 1
18 43 1
18 49 1
19 22 1
19 32 1
19 33 1
19 34 1
19 43 1
19 45 1
19 46 1
20 21 1
20 25 1
20 29 1
20 30 1
20 33 1
20 35 1
20 39 1
20 40 1
20 45 1
20 46 1
20 47 1
21 25 1
21 30 1
21 31 1
21 33 1
21 35 1
21 36 1
21 43 1
22 25 1
22 27 1
22 30 1
22 34 1
22 39 1
22 41 1
22 42 1
22 44 1
23 24 1
23 28 1
23 31 1
23 35 1
23 41 1
23 42 1
23 46 1
23 47 1
24 25 1
24 26 1
24 33 1
24 34 1
24 37 1
24 38 1
24 41 1
24 44 1
24 46 1
24 48 1
25 29 1
25 31 1
25 36 1
25 38 1
25 42 1
25 46 1
26 28 1
26 34 1
26 36 1
26 37 1
26 40 1
26 47 1
27 33 1
27 34 1
27 35 1
27 37 1
27 42 1
27 43 1
27 44 1
27 45 1
27 49 1
28 30 1
28 34 1
28 35 1
28 37 1
28 39 1
28 42 1
28 44 1
28 47 1
29 36 1
29 41 1
29 47 1
30 35 1
30 36 1
30 38 1
31 34 1
31 35 1
31 36 1
31 41 1
31 43 1
31 44 1
31 46 1
31 48 1
32 37 1
32 38 1
32 42 1
32 45 1
33 36 1
33 42 1
33 46 1
33 47 1
33 48 1
34 41 1
34 45 1
34 48 1
34 49 1
35 37 1
35 44 1
35 45 1
35 48 1
35 49 1
36 47 1
36 49 1
37 40 1
37 41 1
37 44 1
37 45 1
38 43 1
38 44 1
38 45 1
38 46 1
38 47 1
38 48 1
39 46 1
39 48 1
39 49 1
40 41 1
40 42 1
41 43 1
41 46 1
41 49 1
42 49 1
43 45 1
43 46 1
43 48 1
44 48 1
44 49 1
45 49 1
47 48 1
47 49 1
1
17 23 13 9 44
