1828
0 21 1
0 30 1
0 47 1
0 48 1
0 55 1
0 64 1
0 72 1
0 76 1
0 78 1
0 88 1
0 104 1
0 109 1
0 136 1
0 158 1
0 172 1
0 179 1
1 30 1
1 32 1
1 50 1
1 61 1
1 94 1
1 112 1
1 131 1
1 145 1
1 148 1
1 157 1
1 161 1
1 165 1
1 170 1
1 173 1
2 6 1
2 8 1
2 25 1
2 36 1
2 37 1
2 41 1
2 44 1
2 56 1
2 75 1
2 76 1
2 80 1
2 82 1
2 94 1
2 98 1
2 104 1
2 114 1
2 130 1
2 147 1
2 155 1
2 159 1
2 161 1
2 170 1
2 175 1
3 6 1
3 9 1
3 16 1
3 18 1
3 26 1
3 47 1
3 99 1
3 102 1
3 110 1
3 112 1
3 122 1
3 125 1
3 134 1
3 156 1
3 161 1
4 6 1
4 9 1
4 28 1
4 40 1
4 47 1
4 52 1
4 60 1
4 69 1
4 70 1
4 85 1
4 86 1
4 89 1
4 109 1
4 115 1
4 119 1
4 123 1
4 124 1
4 138 1
4 150 1
4 156 1
4 160 1
4 161 1
5 8 1
5 9 1
5 11 1
5 17 1
5 18 1
5 26 1
5 30 1
5 31 1
5 35 1
5 39 1
5 51 1
5 52 1
5 65 1
5 66 1
5 89 1
5 91 1
5 94 1
5 107 1
5 135 1
5 146 1
5 153 1
5 154 1
5 157 1
5 172 1
5 178 1
6 24 1
6 29 1
6 38 1
6 52 1
6 69 1
6 70 1
6 75 1
6 79 1
6 80 1
6 88 1
6 93 1
6 106 1
6 109 1
6 125 1
6 127 1
6 137 1
6 140 1
6 168 1
6 174 1
6 176 1
6 178 1
7 13 1
7 15 1
7 30 1
7 31 1
7 36 1
7 40 1
7 41 1
7 44 1
7 47 1
7 49 1
7 69 1
7 76 1
7 91 1
7 92 1
7 96 1
7 97 1
7 98 1
7 120 1
7 121 1
7 152 1
7 158 1
7 160 1
8 10 1
8 11 1
8 12 1
8 27 1
8 30 1
8 32 1
8 46 1
8 51 1
8 55 1
8 58 1
8 63 1
8 67 1
8 69 1
8 75 1
8 84 1
8 118 1
8 151 1
8 166 1
9 19 1
9 20 1
9 21 1
9 38 1
9 45 1
9 58 1
9 65 1
9 72 1
9 75 1
9 86 1
9 104 1
9 108 1
9 109 1
9 116 1
9 121 1
9 124 1
9 125 1
9 131 1
9 137 1
9 151 1
9 152 1
9 157 1
9 158 1
9 163 1
9 171 1
9 172 1
10 13 1
10 37 1
10 42 1
10 45 1
10 47 1
10 63 1
10 71 1
10 73 1
10 105 1
10 117 1
10 121 1
10 129 1
10 131 1
10 147 1
10 152 1
10 153 1
10 161 1
10 163 1
11 28 1
11 37 1
11 38 1
11 45 1
11 54 1
11 87 1
11 91 1
11 97 1
11 113 1
11 120 1
11 124 1
11 144 1
11 150 1
11 151 1
11 154 1
11 173 1
11 177 1
11 178 1
12 23 1
12 33 1
12 36 1
12 53 1
12 66 1
12 71 1
12 74 1
12 76 1
12 77 1
12 86 1
12 95 1
12 101 1
12 102 1
12 104 1
12 107 1
12 133 1
12 143 1
12 145 1
12 162 1
12 163 1
12 164 1
12 165 1
12 172 1
13 15 1
13 22 1
13 114 1
13 156 1
13 166 1
14 22 1
14 48 1
14 58 1
14 62 1
14 70 1
14 72 1
14 83 1
14 96 1
14 101 1
14 108 1
14 125 1
14 126 1
14 132 1
14 140 1
14 145 1
14 147 1
14 150 1
14 175 1
15 31 1
15 35 1
15 41 1
15 48 1
15 63 1
15 64 1
15 81 1
15 95 1
15 99 1
15 101 1
15 102 1
15 107 1
15 112 1
15 114 1
15 119 1
15 120 1
15 123 1
15 124 1
15 128 1
15 136 1
15 165 1
15 173 1
16 27 1
16 30 1
16 31 1
16 34 1
16 43 1
16 57 1
16 62 1
16 76 1
16 91 1
16 104 1
16 115 1
16 119 1
16 123 1
16 124 1
16 129 1
16 136 1
16 145 1
16 146 1
16 150 1
16 162 1
16 164 1
16 168 1
16 176 1
17 22 1
17 61 1
17 76 1
17 79 1
17 90 1
17 94 1
17 116 1
17 121 1
17 125 1
17 141 1
17 165 1
17 167 1
18 21 1
18 22 1
18 37 1
18 54 1
18 56 1
18 65 1
18 70 1
18 75 1
18 83 1
18 106 1
18 112 1
18 114 1
18 117 1
18 130 1
18 145 1
18 177 1
18 178 1
19 20 1
19 30 1
19 31 1
19 38 1
19 52 1
19 57 1
19 59 1
19 60 1
19 79 1
19 92 1
19 98 1
19 102 1
19 105 1
19 106 1
19 109 1
19 117 1
19 140 1
19 145 1
19 147 1
20 25 1
20 32 1
20 38 1
20 40 1
20 47 1
20 50 1
20 56 1
20 58 1
20 81 1
20 85 1
20 88 1
20 91 1
20 92 1
20 98 1
20 106 1
20 111 1
20 140 1
20 141 1
20 156 1
20 159 1
20 166 1
20 179 1
21 59 1
21 61 1
21 69 1
21 81 1
21 82 1
21 86 1
21 87 1
21 103 1
21 114 1
21 115 1
21 134 1
21 135 1
21 140 1
21 152 1
21 154 1
21 163 1
21 164 1
22 24 1
22 27 1
22 28 1
22 35 1
22 36 1
22 43 1
22 45 1
22 47 1
22 73 1
22 79 1
22 91 1
22 143 1
22 144 1
22 149 1
23 24 1
23 26 1
23 36 1
23 38 1
23 45 1
23 48 1
23 51 1
23 55 1
23 56 1
23 64 1
23 78 1
23 85 1
23 90 1
23 97 1
23 102 1
23 105 1
23 113 1
23 114 1
23 124 1
23 125 1
23 132 1
23 137 1
23 147 1
23 164 1
23 167 1
23 171 1
23 172 1
24 26 1
24 41 1
24 55 1
24 57 1
24 68 1
24 79 1
24 82 1
24 95 1
24 117 1
24 132 1
24 150 1
24 164 1
24 178 1
25 26 1
25 27 1
25 65 1
25 70 1
25 79 1
25 93 1
25 98 1
25 106 1
25 107 1
25 123 1
25 131 1
25 140 1
25 153 1
25 159 1
25 162 1
25 163 1
25 165 1
25 171 1
25 174 1
25 175 1
26 38 1
26 39 1
26 85 1
26 88 1
26 91 1
26 102 1
26 108 1
26 110 1
26 116 1
26 121 1
26 144 1
26 145 1
26 160 1
26 168 1
26 171 1
26 172 1
26 175 1
27 29 1
27 33 1
27 39 1
27 47 1
27 55 1
27 61 1
27 62 1
27 67 1
27 72 1
27 76 1
27 96 1
27 101 1
27 106 1
27 114 1
27 130 1
27 161 1
27 170 1
27 171 1
27 175 1
28 35 1
28 44 1
28 52 1
28 71 1
28 73 1
28 76 1
28 85 1
28 109 1
28 110 1
28 113 1
28 118 1
28 123 1
28 131 1
28 134 1
28 140 1
28 146 1
28 151 1
28 159 1
28 161 1
29 30 1
29 38 1
29 39 1
29 57 1
29 62 1
29 66 1
29 75 1
29 95 1
29 98 1
29 106 1
29 107 1
29 112 1
29 121 1
29 134 1
29 136 1
29 167 1
29 169 1
29 176 1
30 37 1
30 38 1
30 45 1
30 56 1
30 70 1
30 91 1
30 92 1
30 98 1
30 102 1
30 110 1
30 124 1
30 129 1
30 130 1
30 164 1
30 167 1
30 178 1
31 52 1
31 66 1
31 71 1
31 87 1
31 91 1
31 96 1
31 113 1
31 123 1
31 126 1
31 134 1
31 145 1
31 147 1
31 149 1
31 157 1
31 162 1
31 164 1
31 176 1
32 36 1
32 45 1
32 48 1
32 59 1
32 61 1
32 72 1
32 83 1
32 87 1
32 90 1
32 94 1
32 100 1
32 109 1
32 128 1
32 168 1
32 175 1
33 38 1
33 47 1
33 53 1
33 76 1
33 82 1
33 96 1
33 100 1
33 101 1
33 110 1
33 130 1
33 152 1
33 159 1
34 50 1
34 70 1
34 91 1
34 108 1
34 110 1
34 123 1
34 126 1
34 136 1
34 150 1
34 161 1
34 163 1
34 164 1
34 172 1
35 71 1
35 74 1
35 95 1
35 97 1
35 101 1
35 102 1
35 113 1
35 120 1
35 131 1
35 148 1
35 150 1
35 151 1
35 157 1
35 159 1
35 163 1
35 168 1
35 171 1
35 173 1
35 174 1
35 175 1
36 38 1
36 46 1
36 47 1
36 49 1
36 51 1
36 59 1
36 68 1
36 74 1
36 81 1
36 124 1
36 127 1
36 154 1
36 155 1
36 162 1
36 168 1
36 176 1
36 177 1
37 63 1
37 86 1
37 93 1
37 100 1
37 104 1
37 105 1
37 108 1
37 110 1
37 117 1
37 118 1
37 124 1
37 131 1
37 142 1
37 143 1
37 144 1
37 149 1
37 154 1
37 161 1
37 168 1
37 172 1
37 177 1
38 45 1
38 48 1
38 59 1
38 71 1
38 72 1
38 83 1
38 87 1
38 88 1
38 90 1
38 92 1
38 94 1
38 100 1
38 104 1
38 127 1
38 135 1
38 136 1
38 155 1
38 158 1
38 163 1
38 168 1
38 175 1
39 48 1
39 49 1
39 55 1
39 56 1
39 64 1
39 65 1
39 95 1
39 102 1
39 103 1
39 106 1
39 107 1
39 115 1
39 119 1
39 124 1
39 126 1
39 152 1
39 156 1
39 161 1
39 163 1
40 43 1
40 54 1
40 58 1
40 59 1
40 61 1
40 69 1
40 73 1
40 119 1
40 122 1
40 125 1
40 136 1
40 156 1
40 162 1
40 166 1
40 174 1
41 47 1
41 55 1
41 63 1
41 68 1
41 80 1
41 81 1
41 94 1
41 106 1
41 118 1
41 122 1
41 129 1
41 130 1
41 131 1
41 144 1
41 145 1
41 158 1
41 164 1
42 45 1
42 55 1
42 67 1
42 75 1
42 80 1
42 82 1
42 86 1
42 90 1
42 91 1
42 94 1
42 98 1
42 99 1
42 102 1
42 105 1
42 130 1
42 138 1
42 140 1
42 144 1
42 149 1
42 158 1
42 166 1
42 168 1
42 176 1
43 46 1
43 47 1
43 77 1
43 90 1
43 104 1
43 108 1
43 112 1
43 119 1
43 123 1
43 138 1
43 151 1
43 166 1
43 171 1
43 172 1
43 173 1
44 48 1
44 57 1
44 61 1
44 85 1
44 107 1
44 109 1
44 115 1
44 139 1
44 148 1
44 149 1
44 152 1
44 156 1
44 179 1
45 77 1
45 100 1
45 107 1
45 114 1
45 166 1
45 174 1
46 50 1
46 59 1
46 60 1
46 63 1
46 66 1
46 80 1
46 84 1
46 87 1
46 103 1
46 108 1
46 131 1
46 134 1
46 138 1
46 140 1
46 142 1
46 145 1
46 146 1
46 156 1
46 174 1
46 179 1
47 60 1
47 61 1
47 63 1
47 75 1
47 82 1
47 93 1
47 103 1
47 122 1
47 130 1
47 141 1
47 156 1
47 158 1
47 163 1
47 177 1
47 178 1
48 55 1
48 58 1
48 77 1
48 108 1
48 119 1
48 120 1
48 126 1
48 128 1
48 139 1
48 141 1
48 150 1
48 165 1
48 178 1
48 179 1
49 51 1
49 68 1
49 95 1
49 98 1
49 110 1
49 112 1
49 124 1
49 130 1
49 134 1
49 135 1
49 152 1
49 154 1
49 166 1
50 56 1
50 59 1
50 88 1
50 93 1
50 95 1
50 96 1
50 98 1
50 102 1
50 112 1
50 114 1
50 122 1
50 132 1
50 141 1
51 59 1
51 65 1
51 66 1
51 68 1
51 81 1
51 84 1
51 93 1
51 96 1
51 99 1
51 101 1
51 102 1
51 112 1
51 116 1
51 117 1
51 128 1
51 138 1
51 144 1
51 152 1
51 155 1
51 157 1
51 173 1
52 69 1
52 75 1
52 79 1
52 108 1
52 117 1
52 121 1
52 123 1
52 145 1
52 153 1
52 156 1
52 166 1
53 64 1
53 73 1
53 91 1
53 98 1
53 104 1
53 112 1
53 114 1
53 136 1
53 145 1
53 148 1
53 150 1
53 156 1
53 170 1
54 66 1
54 68 1
54 71 1
54 77 1
54 82 1
54 85 1
54 91 1
54 101 1
54 103 1
54 105 1
54 123 1
54 125 1
54 134 1
54 139 1
54 163 1
54 165 1
54 172 1
55 61 1
55 64 1
55 69 1
55 71 1
55 83 1
55 89 1
55 103 1
55 107 1
55 115 1
55 125 1
55 128 1
55 138 1
55 141 1
55 146 1
55 152 1
55 159 1
55 167 1
55 169 1
56 60 1
56 64 1
56 73 1
56 78 1
56 79 1
56 101 1
56 109 1
56 113 1
56 119 1
56 146 1
56 149 1
56 157 1
56 168 1
56 176 1
57 71 1
57 75 1
57 98 1
57 99 1
57 104 1
57 113 1
57 121 1
57 144 1
57 146 1
57 163 1
57 170 1
57 175 1
58 61 1
58 82 1
58 97 1
58 100 1
58 113 1
58 116 1
58 129 1
58 136 1
58 143 1
58 148 1
58 162 1
58 164 1
58 168 1
59 65 1
59 83 1
59 86 1
59 111 1
59 119 1
59 125 1
59 150 1
59 153 1
59 154 1
60 65 1
60 79 1
60 82 1
60 93 1
60 98 1
60 103 1
60 112 1
60 117 1
60 134 1
60 152 1
60 154 1
60 159 1
60 165 1
60 169 1
61 74 1
61 80 1
61 85 1
61 86 1
61 93 1
61 97 1
61 102 1
61 106 1
61 113 1
61 114 1
61 122 1
61 124 1
61 129 1
61 132 1
61 138 1
61 144 1
61 153 1
61 161 1
61 171 1
62 68 1
62 71 1
62 73 1
62 78 1
62 89 1
62 93 1
62 101 1
62 105 1
62 127 1
62 129 1
62 132 1
62 141 1
62 142 1
62 143 1
62 144 1
62 156 1
62 159 1
62 161 1
62 172 1
63 78 1
63 91 1
63 100 1
63 102 1
63 113 1
63 115 1
63 117 1
63 119 1
63 122 1
63 134 1
63 148 1
63 151 1
63 162 1
63 174 1
64 65 1
64 71 1
64 79 1
64 106 1
64 126 1
64 136 1
64 140 1
64 151 1
64 168 1
64 172 1
64 174 1
64 177 1
65 74 1
65 95 1
65 96 1
65 109 1
65 113 1
65 114 1
65 122 1
65 125 1
65 126 1
65 135 1
65 136 1
65 148 1
65 169 1
65 175 1
66 72 1
66 77 1
66 83 1
66 100 1
66 110 1
66 121 1
66 123 1
66 135 1
66 146 1
66 148 1
66 151 1
66 152 1
66 154 1
66 164 1
66 169 1
67 78 1
67 83 1
67 97 1
67 101 1
67 127 1
67 147 1
67 160 1
67 161 1
67 162 1
67 164 1
67 170 1
67 175 1
68 78 1
68 92 1
68 97 1
68 110 1
68 125 1
68 133 1
68 143 1
68 144 1
68 164 1
68 170 1
68 171 1
69 72 1
69 103 1
69 108 1
69 120 1
69 128 1
69 135 1
69 155 1
69 176 1
70 75 1
70 89 1
70 91 1
70 96 1
70 100 1
70 122 1
70 126 1
70 133 1
70 134 1
70 142 1
70 149 1
70 151 1
70 156 1
70 165 1
70 172 1
70 175 1
70 178 1
71 76 1
71 81 1
71 98 1
71 100 1
71 102 1
71 126 1
71 128 1
71 136 1
71 141 1
71 149 1
71 153 1
71 158 1
71 162 1
71 174 1
72 76 1
72 78 1
72 86 1
72 89 1
72 112 1
72 133 1
72 140 1
72 144 1
72 147 1
72 154 1
72 158 1
72 165 1
73 78 1
73 92 1
73 95 1
73 109 1
73 113 1
73 131 1
73 132 1
73 135 1
73 140 1
73 144 1
73 148 1
73 155 1
74 75 1
74 77 1
74 80 1
74 81 1
74 89 1
74 96 1
74 111 1
74 114 1
74 117 1
74 130 1
74 138 1
74 169 1
74 175 1
74 179 1
75 79 1
75 80 1
75 113 1
75 133 1
75 137 1
75 178 1
75 179 1
76 81 1
76 82 1
76 83 1
76 95 1
76 115 1
76 123 1
76 124 1
76 132 1
76 146 1
76 149 1
76 172 1
77 80 1
77 108 1
77 130 1
77 153 1
77 162 1
77 168 1
77 173 1
77 175 1
77 178 1
77 179 1
78 82 1
78 89 1
78 92 1
78 102 1
78 103 1
78 122 1
78 125 1
78 145 1
78 147 1
78 152 1
78 160 1
78 161 1
78 179 1
79 93 1
79 102 1
79 116 1
79 127 1
79 136 1
79 146 1
79 153 1
79 158 1
79 164 1
79 165 1
80 82 1
80 103 1
80 109 1
80 113 1
80 116 1
80 117 1
80 118 1
80 128 1
80 138 1
80 141 1
80 147 1
80 158 1
80 163 1
81 97 1
81 129 1
81 133 1
81 145 1
81 159 1
81 163 1
81 178 1
81 179 1
82 93 1
82 119 1
82 132 1
82 133 1
82 158 1
82 163 1
83 86 1
83 87 1
83 88 1
83 95 1
83 98 1
83 108 1
83 115 1
83 123 1
83 125 1
83 126 1
83 148 1
83 161 1
83 171 1
83 175 1
84 109 1
84 115 1
84 116 1
84 125 1
84 127 1
84 128 1
84 139 1
84 157 1
84 164 1
84 174 1
84 178 1
85 107 1
85 109 1
85 116 1
85 142 1
85 144 1
85 155 1
85 162 1
85 163 1
85 166 1
85 179 1
86 100 1
86 101 1
86 120 1
86 133 1
86 142 1
86 154 1
86 161 1
86 162 1
86 166 1
86 176 1
87 93 1
87 97 1
87 108 1
87 114 1
87 117 1
87 122 1
87 123 1
87 139 1
87 150 1
87 156 1
87 177 1
88 93 1
88 96 1
88 98 1
88 100 1
88 109 1
88 120 1
88 126 1
88 132 1
88 144 1
89 93 1
89 110 1
89 119 1
89 120 1
89 125 1
89 145 1
89 165 1
89 179 1
90 109 1
90 116 1
90 128 1
90 141 1
90 162 1
90 164 1
90 172 1
91 95 1
91 98 1
91 99 1
91 103 1
91 104 1
91 111 1
91 129 1
91 133 1
91 136 1
91 137 1
91 148 1
91 157 1
91 164 1
91 166 1
92 118 1
92 136 1
92 140 1
92 148 1
92 153 1
92 169 1
93 125 1
93 130 1
93 140 1
93 142 1
93 145 1
93 146 1
93 152 1
93 166 1
94 95 1
94 97 1
94 118 1
94 129 1
94 132 1
94 150 1
94 160 1
94 161 1
94 167 1
94 173 1
94 174 1
94 175 1
94 178 1
95 96 1
95 103 1
95 136 1
95 137 1
95 139 1
95 143 1
95 144 1
95 152 1
95 158 1
95 164 1
95 167 1
95 173 1
96 100 1
96 102 1
96 103 1
96 110 1
96 116 1
96 120 1
96 124 1
96 127 1
96 129 1
96 131 1
96 137 1
96 145 1
96 151 1
96 158 1
96 164 1
96 174 1
97 98 1
97 113 1
97 141 1
97 153 1
97 176 1
97 177 1
98 116 1
98 147 1
98 163 1
98 165 1
98 175 1
98 178 1
99 116 1
99 124 1
99 132 1
99 149 1
99 168 1
99 170 1
99 173 1
100 105 1
100 124 1
100 144 1
100 145 1
100 146 1
100 161 1
101 107 1
101 112 1
101 119 1
101 128 1
101 131 1
101 134 1
101 150 1
101 162 1
101 165 1
101 173 1
102 106 1
102 110 1
102 120 1
102 123 1
102 132 1
102 139 1
102 142 1
102 147 1
102 157 1
102 179 1
103 104 1
103 106 1
103 110 1
103 112 1
103 114 1
103 120 1
103 125 1
103 127 1
103 134 1
103 139 1
103 155 1
103 158 1
103 165 1
104 107 1
104 116 1
104 117 1
104 121 1
104 123 1
104 135 1
104 148 1
104 161 1
105 116 1
105 135 1
105 136 1
105 148 1
105 157 1
105 158 1
105 159 1
105 160 1
105 162 1
106 112 1
106 121 1
106 128 1
106 141 1
106 145 1
106 149 1
106 156 1
106 160 1
106 166 1
106 176 1
106 178 1
107 111 1
107 112 1
107 113 1
107 119 1
107 126 1
107 138 1
107 161 1
107 162 1
107 163 1
107 179 1
108 109 1
108 117 1
108 118 1
108 120 1
108 122 1
108 124 1
108 128 1
108 140 1
108 144 1
108 148 1
108 163 1
109 138 1
109 142 1
109 150 1
109 158 1
109 166 1
110 111 1
110 115 1
110 116 1
110 126 1
110 157 1
111 118 1
111 129 1
111 140 1
111 158 1
111 176 1
112 115 1
112 123 1
112 128 1
112 131 1
112 136 1
112 143 1
112 145 1
112 150 1
112 165 1
112 168 1
112 179 1
113 117 1
113 118 1
113 121 1
113 124 1
113 133 1
113 146 1
113 151 1
113 154 1
113 167 1
113 170 1
113 179 1
114 129 1
114 136 1
114 139 1
114 141 1
114 156 1
114 161 1
114 173 1
115 124 1
115 127 1
115 132 1
115 140 1
115 143 1
115 144 1
115 160 1
115 164 1
116 132 1
116 159 1
116 165 1
117 127 1
117 132 1
117 142 1
117 155 1
117 172 1
117 173 1
118 119 1
118 129 1
118 155 1
118 162 1
118 169 1
118 173 1
118 177 1
119 145 1
119 150 1
119 153 1
119 158 1
119 165 1
119 170 1
119 171 1
119 174 1
120 126 1
120 145 1
120 152 1
120 160 1
120 179 1
121 123 1
121 125 1
121 127 1
121 135 1
121 137 1
121 138 1
121 144 1
121 152 1
121 159 1
122 146 1
122 148 1
122 157 1
122 164 1
122 169 1
122 170 1
123 124 1
123 127 1
123 133 1
123 135 1
123 136 1
123 139 1
123 163 1
123 164 1
124 139 1
124 141 1
124 149 1
124 157 1
124 176 1
125 131 1
125 133 1
125 139 1
125 163 1
125 177 1
126 130 1
126 131 1
126 135 1
126 174 1
126 176 1
126 179 1
127 129 1
127 150 1
127 156 1
128 155 1
128 156 1
128 166 1
129 143 1
129 149 1
129 161 1
129 163 1
129 172 1
130 144 1
130 146 1
130 149 1
130 155 1
130 166 1
131 134 1
131 138 1
131 142 1
131 144 1
131 146 1
131 173 1
132 145 1
132 148 1
132 158 1
132 162 1
132 167 1
132 178 1
133 147 1
133 169 1
133 174 1
133 177 1
134 144 1
134 146 1
134 147 1
134 149 1
134 156 1
134 177 1
135 136 1
135 148 1
135 150 1
135 179 1
136 137 1
136 146 1
136 151 1
136 154 1
137 146 1
137 162 1
137 176 1
138 140 1
138 168 1
139 145 1
139 151 1
139 173 1
140 161 1
140 162 1
140 163 1
140 167 1
140 168 1
141 155 1
141 167 1
141 179 1
142 149 1
142 154 1
142 160 1
142 171 1
142 177 1
142 179 1
143 154 1
143 156 1
143 162 1
143 165 1
143 177 1
143 178 1
144 160 1
144 175 1
145 151 1
145 157 1
145 175 1
146 148 1
146 161 1
146 167 1
146 168 1
146 169 1
147 157 1
147 160 1
147 165 1
148 161 1
148 163 1
148 166 1
149 150 1
149 152 1
149 164 1
149 169 1
149 171 1
149 174 1
150 162 1
151 167 1
151 168 1
151 170 1
151 177 1
151 179 1
152 173 1
152 178 1
153 166 1
153 167 1
153 173 1
153 174 1
154 157 1
154 161 1
154 179 1
155 162 1
155 165 1
156 179 1
157 158 1
157 165 1
157 166 1
157 168 1
158 164 1
159 160 1
159 179 1
160 175 1
161 163 1
161 172 1
161 179 1
162 173 1
163 171 1
164 165 1
164 166 1
164 170 1
164 174 1
164 175 1
165 169 1
165 177 1
166 178 1
167 169 1
168 179 1
169 174 1
170 177 1
174 175 1
175 179 1
1
143 24 119 57 44 7 89 21 110 46 43 115 42 39 125 92 54 61
