1934
0 1 1
0 4 1
0 12 1
0 21 1
0 24 1
0 37 1
0 39 1
0 46 1
0 48 1
0 66 1
0 75 1
0 83 1
0 90 1
0 95 1
0 98 1
0 110 1
0 125 1
0 139 1
0 147 1
0 157 1
0 158 1
0 180 1
0 181 1
0 182 1
1 4 1
1 20 1
1 25 1
1 41 1
1 46 1
1 51 1
1 53 1
1 67 1
1 70 1
1 71 1
1 76 1
1 78 1
1 80 1
1 85 1
1 93 1
1 100 1
1 111 1
1 120 1
1 125 1
1 129 1
1 147 1
1 148 1
1 151 1
1 167 1
1 171 1
1 180 1
1 182 1
1 185 1
1 186 1
2 7 1
2 15 1
2 27 1
2 29 1
2 37 1
2 54 1
2 59 1
2 75 1
2 81 1
2 85 1
2 98 1
2 107 1
2 122 1
2 124 1
2 127 1
2 157 1
2 163 1
2 180 1
2 184 1
3 15 1
3 21 1
3 23 1
3 34 1
3 40 1
3 41 1
3 51 1
3 56 1
3 74 1
3 78 1
3 86 1
3 96 1
3 101 1
3 106 1
3 108 1
3 111 1
3 124 1
3 125 1
3 133 1
3 137 1
3 149 1
3 150 1
3 151 1
3 158 1
3 162 1
3 163 1
3 171 1
3 179 1
3 180 1
3 187 1
4 7 1
4 22 1
4 32 1
4 52 1
4 57 1
4 71 1
4 81 1
4 107 1
4 109 1
4 111 1
4 113 1
4 129 1
4 135 1
4 137 1
5 7 1
5 8 1
5 14 1
5 18 1
5 22 1
5 24 1
5 25 1
5 37 1
5 52 1
5 61 1
5 64 1
5 70 1
5 85 1
5 87 1
5 92 1
5 115 1
5 119 1
5 126 1
5 134 1
5 170 1
5 178 1
5 180 1
6 8 1
6 20 1
6 21 1
6 24 1
6 28 1
6 44 1
6 54 1
6 55 1
6 69 1
6 82 1
6 85 1
6 111 1
6 123 1
6 124 1
6 129 1
6 133 1
6 138 1
6 139 1
6 147 1
6 149 1
6 153 1
6 163 1
6 170 1
6 175 1
6 179 1
7 13 1
7 14 1
7 16 1
7 20 1
7 34 1
7 35 1
7 53 1
7 57 1
7 60 1
7 61 1
7 74 1
7 86 1
7 93 1
7 114 1
7 116 1
7 118 1
7 121 1
7 123 1
7 132 1
7 137 1
7 139 1
7 148 1
8 12 1
8 24 1
8 32 1
8 43 1
8 45 1
8 59 1
8 60 1
8 99 1
8 104 1
8 111 1
8 115 1
8 117 1
8 126 1
8 138 1
8 141 1
8 147 1
8 164 1
8 172 1
8 173 1
8 176 1
8 180 1
9 11 1
9 13 1
9 27 1
9 29 1
9 37 1
9 41 1
9 44 1
9 53 1
9 56 1
9 66 1
9 68 1
9 92 1
9 109 1
9 125 1
9 126 1
9 132 1
9 137 1
9 143 1
9 150 1
9 155 1
9 162 1
9 169 1
10 22 1
10 76 1
10 98 1
10 115 1
10 123 1
10 126 1
10 129 1
10 131 1
10 137 1
10 147 1
10 161 1
10 169 1
10 171 1
10 181 1
11 12 1
11 17 1
11 18 1
11 25 1
11 28 1
11 37 1
11 38 1
11 60 1
11 62 1
11 74 1
11 79 1
11 86 1
11 106 1
11 115 1
11 126 1
11 130 1
11 131 1
11 139 1
11 142 1
11 143 1
11 144 1
11 161 1
11 167 1
12 27 1
12 32 1
12 36 1
12 43 1
12 44 1
12 47 1
12 62 1
12 63 1
12 90 1
12 98 1
12 99 1
12 143 1
12 148 1
12 153 1
12 167 1
12 186 1
13 15 1
13 16 1
13 20 1
13 27 1
13 47 1
13 49 1
13 50 1
13 62 1
13 71 1
13 77 1
13 82 1
13 88 1
13 105 1
13 106 1
13 122 1
13 124 1
13 129 1
13 142 1
13 156 1
13 159 1
13 165 1
13 175 1
13 182 1
14 23 1
14 39 1
14 52 1
14 74 1
14 76 1
14 82 1
14 105 1
14 114 1
14 141 1
14 148 1
14 152 1
14 163 1
14 166 1
14 177 1
14 182 1
15 21 1
15 28 1
15 37 1
15 42 1
15 45 1
15 76 1
15 92 1
15 101 1
15 106 1
15 144 1
15 156 1
15 164 1
15 165 1
15 177 1
15 187 1
16 40 1
16 55 1
16 70 1
16 78 1
16 81 1
16 84 1
16 91 1
16 95 1
16 105 1
16 107 1
16 127 1
16 133 1
16 138 1
16 141 1
16 142 1
16 159 1
16 161 1
16 170 1
16 175 1
16 177 1
16 182 1
17 24 1
17 37 1
17 48 1
17 49 1
17 51 1
17 52 1
17 59 1
17 82 1
17 102 1
17 105 1
17 106 1
17 111 1
17 149 1
17 163 1
17 171 1
17 173 1
17 174 1
17 175 1
17 181 1
18 50 1
18 56 1
18 58 1
18 71 1
18 77 1
18 78 1
18 82 1
18 84 1
18 94 1
18 105 1
18 123 1
18 133 1
18 155 1
18 181 1
18 185 1
19 51 1
19 53 1
19 57 1
19 59 1
19 66 1
19 68 1
19 80 1
19 82 1
19 86 1
19 92 1
19 98 1
19 114 1
19 127 1
19 133 1
19 146 1
19 168 1
19 173 1
19 180 1
19 186 1
20 22 1
20 33 1
20 34 1
20 37 1
20 49 1
20 53 1
20 54 1
20 56 1
20 58 1
20 62 1
20 80 1
20 93 1
20 108 1
20 111 1
20 122 1
20 125 1
20 129 1
20 135 1
20 138 1
20 151 1
20 156 1
20 163 1
20 175 1
20 181 1
20 189 1
21 24 1
21 27 1
21 55 1
21 65 1
21 68 1
21 73 1
21 76 1
21 96 1
21 102 1
21 117 1
21 120 1
21 122 1
21 132 1
21 137 1
21 145 1
21 165 1
21 167 1
21 173 1
21 186 1
22 35 1
22 39 1
22 42 1
22 47 1
22 81 1
22 84 1
22 97 1
22 108 1
22 121 1
22 157 1
22 168 1
22 172 1
23 24 1
23 44 1
23 73 1
23 85 1
23 106 1
23 121 1
23 140 1
23 141 1
23 147 1
23 156 1
23 160 1
23 163 1
23 165 1
23 175 1
23 180 1
23 181 1
23 184 1
23 186 1
23 187 1
24 58 1
24 61 1
24 70 1
24 73 1
24 77 1
24 91 1
24 93 1
24 113 1
24 126 1
24 146 1
24 161 1
24 164 1
24 167 1
25 28 1
25 29 1
25 33 1
25 39 1
25 55 1
25 61 1
25 62 1
25 68 1
25 71 1
25 80 1
25 86 1
25 90 1
25 96 1
25 113 1
25 118 1
25 132 1
25 138 1
25 141 1
25 171 1
25 173 1
25 174 1
25 181 1
25 185 1
25 188 1
26 86 1
26 97 1
26 108 1
26 116 1
26 121 1
26 124 1
26 131 1
26 137 1
26 153 1
26 154 1
26 185 1
27 29 1
27 34 1
27 59 1
27 70 1
27 82 1
27 92 1
27 94 1
27 98 1
27 102 1
27 109 1
27 111 1
27 113 1
27 115 1
27 119 1
27 125 1
27 129 1
27 148 1
27 152 1
27 156 1
27 163 1
28 29 1
28 41 1
28 44 1
28 50 1
28 56 1
28 75 1
28 82 1
28 107 1
28 118 1
28 179 1
28 183 1
29 39 1
29 45 1
29 60 1
29 62 1
29 81 1
29 84 1
29 94 1
29 110 1
29 117 1
29 127 1
29 131 1
29 147 1
29 157 1
29 172 1
29 173 1
29 179 1
29 181 1
30 36 1
30 42 1
30 45 1
30 53 1
30 61 1
30 78 1
30 87 1
30 97 1
30 99 1
30 104 1
30 121 1
30 131 1
30 138 1
30 152 1
30 169 1
30 183 1
31 55 1
31 59 1
31 78 1
31 84 1
31 96 1
31 104 1
31 110 1
31 120 1
31 131 1
31 132 1
31 134 1
31 147 1
31 159 1
31 160 1
31 185 1
32 33 1
32 52 1
32 54 1
32 62 1
32 81 1
32 83 1
32 108 1
32 116 1
32 126 1
32 129 1
32 140 1
32 141 1
32 144 1
32 148 1
32 164 1
32 175 1
32 176 1
32 189 1
33 36 1
33 37 1
33 40 1
33 43 1
33 48 1
33 52 1
33 62 1
33 80 1
33 100 1
33 102 1
33 118 1
33 120 1
33 124 1
33 125 1
33 141 1
33 157 1
33 158 1
33 159 1
33 162 1
33 167 1
33 169 1
33 187 1
34 56 1
34 57 1
34 58 1
34 63 1
34 67 1
34 71 1
34 78 1
34 79 1
34 89 1
34 90 1
34 103 1
34 106 1
34 113 1
34 121 1
34 122 1
34 124 1
34 139 1
34 143 1
34 144 1
34 162 1
34 168 1
34 176 1
34 184 1
35 41 1
35 42 1
35 45 1
35 76 1
35 97 1
35 117 1
35 122 1
35 130 1
35 133 1
35 134 1
35 141 1
35 143 1
36 50 1
36 64 1
36 67 1
36 70 1
36 81 1
36 82 1
36 94 1
36 95 1
36 106 1
36 111 1
36 118 1
36 122 1
36 124 1
36 126 1
36 137 1
36 142 1
36 152 1
36 170 1
36 178 1
36 189 1
37 43 1
37 61 1
37 62 1
37 69 1
37 79 1
37 83 1
37 84 1
37 91 1
37 97 1
37 106 1
37 164 1
37 172 1
38 60 1
38 81 1
38 85 1
38 93 1
38 112 1
38 115 1
38 127 1
38 128 1
38 131 1
38 133 1
38 135 1
38 143 1
38 144 1
38 146 1
38 153 1
38 159 1
38 162 1
38 187 1
38 188 1
38 189 1
39 44 1
39 47 1
39 62 1
39 71 1
39 74 1
39 82 1
39 87 1
39 89 1
39 100 1
39 121 1
39 123 1
39 135 1
39 137 1
39 147 1
39 151 1
39 157 1
39 161 1
39 162 1
39 167 1
39 172 1
39 178 1
39 182 1
40 55 1
40 77 1
40 99 1
40 107 1
40 108 1
40 131 1
40 141 1
40 144 1
40 147 1
40 152 1
40 157 1
40 166 1
40 175 1
40 178 1
40 183 1
41 47 1
41 54 1
41 96 1
41 102 1
41 103 1
41 110 1
41 117 1
41 123 1
41 124 1
41 128 1
41 129 1
41 136 1
41 141 1
41 142 1
41 143 1
41 144 1
41 149 1
41 150 1
41 188 1
42 49 1
42 50 1
42 71 1
42 98 1
42 102 1
42 109 1
42 114 1
42 155 1
42 156 1
42 158 1
42 160 1
42 163 1
42 174 1
42 185 1
42 186 1
43 49 1
43 59 1
43 61 1
43 71 1
43 79 1
43 96 1
43 103 1
43 107 1
43 131 1
43 136 1
43 150 1
43 151 1
44 50 1
44 57 1
44 67 1
44 69 1
44 70 1
44 83 1
44 84 1
44 94 1
44 97 1
44 101 1
44 110 1
44 117 1
44 131 1
44 135 1
44 136 1
44 140 1
44 143 1
44 145 1
44 170 1
44 174 1
44 175 1
45 69 1
45 72 1
45 73 1
45 79 1
45 98 1
45 116 1
45 128 1
45 133 1
45 138 1
45 148 1
45 165 1
45 174 1
45 175 1
45 182 1
46 57 1
46 60 1
46 66 1
46 90 1
46 95 1
46 97 1
46 107 1
46 133 1
46 139 1
46 154 1
46 156 1
46 163 1
46 170 1
46 175 1
46 182 1
47 55 1
47 57 1
47 62 1
47 64 1
47 82 1
47 96 1
47 107 1
47 114 1
47 115 1
47 119 1
47 133 1
47 142 1
47 147 1
47 161 1
47 187 1
48 52 1
48 57 1
48 62 1
48 64 1
48 69 1
48 81 1
48 111 1
48 122 1
48 124 1
48 130 1
48 134 1
48 136 1
48 153 1
48 177 1
48 179 1
48 183 1
49 61 1
49 75 1
49 97 1
49 114 1
49 136 1
49 150 1
49 153 1
49 171 1
49 177 1
49 189 1
50 56 1
50 57 1
50 64 1
50 65 1
50 102 1
50 103 1
50 114 1
50 127 1
50 145 1
50 153 1
51 62 1
51 67 1
51 83 1
51 88 1
51 89 1
51 91 1
51 131 1
51 137 1
51 144 1
51 149 1
51 165 1
51 172 1
51 173 1
51 188 1
52 64 1
52 72 1
52 73 1
52 77 1
52 87 1
52 91 1
52 92 1
52 112 1
52 125 1
52 127 1
52 130 1
52 133 1
52 146 1
52 163 1
52 185 1
52 187 1
53 83 1
53 92 1
53 107 1
53 110 1
53 134 1
53 138 1
53 147 1
53 148 1
53 156 1
53 157 1
53 166 1
53 178 1
53 189 1
54 59 1
54 74 1
54 82 1
54 83 1
54 93 1
54 96 1
54 117 1
54 119 1
54 141 1
54 153 1
54 179 1
54 183 1
55 71 1
55 95 1
55 97 1
55 116 1
55 127 1
55 130 1
55 131 1
55 158 1
55 160 1
55 170 1
55 175 1
55 188 1
56 59 1
56 60 1
56 64 1
56 68 1
56 78 1
56 79 1
56 81 1
56 82 1
56 86 1
56 96 1
56 99 1
56 103 1
56 127 1
56 187 1
56 188 1
57 63 1
57 73 1
57 76 1
57 83 1
57 85 1
57 86 1
57 91 1
57 95 1
57 102 1
57 107 1
57 138 1
57 153 1
57 154 1
57 156 1
57 166 1
57 180 1
58 61 1
58 70 1
58 74 1
58 78 1
58 79 1
58 81 1
58 85 1
58 109 1
58 122 1
58 125 1
58 131 1
58 144 1
58 147 1
58 178 1
58 189 1
59 61 1
59 91 1
59 93 1
59 105 1
59 114 1
59 120 1
59 138 1
59 158 1
59 159 1
59 166 1
59 170 1
59 175 1
59 181 1
59 184 1
59 189 1
60 74 1
60 80 1
60 81 1
60 87 1
60 90 1
60 110 1
60 113 1
60 132 1
60 133 1
60 138 1
60 163 1
60 166 1
60 169 1
60 177 1
61 71 1
61 74 1
61 84 1
61 90 1
61 92 1
61 97 1
61 107 1
61 111 1
61 112 1
61 135 1
61 142 1
61 147 1
61 152 1
61 168 1
62 68 1
62 70 1
62 81 1
62 102 1
62 114 1
62 135 1
62 139 1
62 140 1
62 152 1
62 154 1
62 169 1
62 175 1
62 184 1
63 73 1
63 77 1
63 94 1
63 109 1
63 110 1
63 112 1
63 116 1
63 124 1
63 135 1
63 149 1
63 158 1
63 173 1
63 184 1
63 186 1
64 84 1
64 131 1
64 134 1
64 139 1
64 149 1
64 150 1
64 156 1
64 161 1
64 170 1
64 178 1
64 182 1
65 71 1
65 84 1
65 97 1
65 98 1
65 114 1
65 131 1
65 134 1
65 139 1
65 160 1
65 165 1
65 167 1
65 168 1
65 172 1
65 175 1
65 179 1
65 180 1
66 69 1
66 79 1
66 85 1
66 96 1
66 108 1
66 114 1
66 124 1
66 134 1
66 137 1
66 147 1
66 152 1
66 168 1
66 172 1
66 174 1
66 181 1
66 186 1
67 87 1
67 93 1
67 109 1
67 114 1
67 115 1
67 118 1
67 124 1
67 135 1
67 142 1
67 146 1
67 157 1
67 159 1
67 161 1
67 167 1
67 168 1
68 79 1
68 84 1
68 104 1
68 115 1
68 122 1
68 128 1
68 131 1
68 138 1
68 140 1
68 148 1
68 155 1
68 161 1
68 184 1
69 89 1
69 90 1
69 91 1
69 92 1
69 102 1
69 103 1
69 109 1
69 111 1
69 112 1
69 140 1
69 146 1
69 152 1
69 156 1
69 158 1
69 161 1
69 184 1
70 76 1
70 81 1
70 84 1
70 90 1
70 107 1
70 145 1
70 157 1
70 165 1
70 176 1
70 179 1
70 185 1
71 73 1
71 76 1
71 77 1
71 80 1
71 101 1
71 109 1
71 113 1
71 122 1
71 124 1
71 136 1
71 178 1
71 179 1
72 84 1
72 103 1
72 109 1
72 120 1
72 123 1
72 131 1
72 133 1
72 134 1
72 144 1
72 167 1
72 175 1
72 177 1
72 186 1
73 87 1
73 90 1
73 105 1
73 108 1
73 111 1
73 131 1
73 140 1
73 154 1
73 164 1
73 174 1
73 176 1
73 182 1
73 185 1
74 76 1
74 84 1
74 88 1
74 89 1
74 90 1
74 91 1
74 93 1
74 100 1
74 115 1
74 125 1
74 126 1
74 131 1
74 140 1
74 157 1
74 159 1
74 161 1
74 162 1
74 163 1
74 166 1
74 167 1
74 179 1
74 185 1
75 84 1
75 92 1
75 102 1
75 103 1
75 119 1
75 126 1
75 128 1
75 130 1
75 136 1
75 141 1
75 145 1
75 150 1
75 151 1
75 152 1
75 159 1
75 179 1
75 182 1
76 88 1
76 99 1
76 106 1
76 108 1
76 116 1
76 127 1
76 128 1
76 136 1
76 138 1
76 142 1
76 143 1
76 150 1
76 160 1
76 185 1
77 103 1
77 106 1
77 117 1
77 122 1
77 124 1
77 133 1
77 134 1
77 140 1
77 145 1
77 146 1
77 153 1
77 157 1
77 166 1
78 86 1
78 93 1
78 95 1
78 97 1
78 116 1
78 117 1
78 119 1
78 127 1
78 145 1
78 155 1
78 163 1
78 166 1
78 171 1
78 174 1
79 81 1
79 85 1
79 108 1
79 118 1
79 120 1
79 142 1
79 155 1
79 172 1
79 174 1
80 82 1
80 105 1
80 107 1
80 113 1
80 122 1
80 130 1
80 134 1
80 153 1
80 158 1
80 188 1
81 123 1
81 133 1
81 138 1
81 144 1
81 145 1
81 149 1
81 157 1
81 159 1
81 174 1
81 181 1
82 101 1
82 117 1
82 127 1
82 130 1
82 138 1
82 143 1
82 151 1
82 162 1
82 163 1
82 166 1
82 177 1
82 182 1
82 187 1
83 98 1
83 116 1
83 132 1
83 153 1
83 176 1
83 180 1
83 181 1
84 87 1
84 88 1
84 91 1
84 106 1
84 111 1
84 113 1
84 124 1
84 150 1
84 154 1
84 160 1
84 166 1
84 177 1
84 178 1
84 179 1
85 89 1
85 90 1
85 99 1
85 100 1
85 115 1
85 128 1
85 163 1
85 164 1
85 171 1
85 173 1
85 181 1
85 182 1
86 110 1
86 111 1
86 151 1
86 156 1
86 172 1
86 173 1
86 188 1
87 103 1
87 114 1
87 117 1
87 129 1
87 144 1
87 155 1
87 189 1
88 99 1
88 109 1
88 121 1
88 127 1
88 129 1
88 149 1
88 166 1
88 174 1
88 175 1
88 189 1
89 101 1
89 137 1
89 138 1
89 141 1
89 150 1
89 160 1
89 161 1
90 98 1
90 111 1
90 114 1
90 131 1
90 143 1
90 169 1
90 185 1
91 95 1
91 97 1
91 101 1
91 103 1
91 106 1
91 107 1
91 111 1
91 125 1
91 132 1
91 135 1
91 140 1
91 143 1
91 151 1
91 160 1
92 98 1
92 109 1
92 124 1
92 125 1
92 128 1
92 130 1
92 131 1
92 138 1
92 141 1
92 144 1
92 149 1
92 169 1
92 188 1
93 113 1
93 118 1
93 130 1
93 132 1
93 134 1
93 135 1
93 138 1
93 145 1
93 159 1
93 166 1
93 167 1
93 181 1
93 184 1
93 189 1
94 98 1
94 149 1
94 153 1
94 159 1
94 168 1
94 177 1
95 99 1
95 114 1
95 118 1
95 126 1
95 142 1
95 155 1
95 172 1
95 176 1
96 101 1
96 122 1
96 145 1
96 152 1
96 157 1
96 158 1
96 170 1
96 171 1
96 181 1
97 104 1
97 105 1
97 111 1
97 146 1
97 172 1
97 175 1
97 185 1
98 99 1
98 117 1
98 125 1
98 132 1
98 157 1
98 162 1
98 173 1
98 177 1
99 100 1
99 107 1
99 131 1
99 133 1
99 134 1
99 145 1
99 147 1
99 173 1
100 106 1
100 111 1
100 124 1
100 140 1
100 148 1
100 149 1
100 164 1
100 165 1
100 166 1
100 187 1
101 121 1
101 123 1
101 139 1
101 146 1
101 163 1
101 187 1
102 107 1
102 108 1
102 114 1
102 118 1
102 124 1
102 127 1
102 131 1
102 138 1
102 142 1
102 148 1
102 150 1
102 158 1
102 163 1
102 180 1
103 118 1
103 131 1
103 145 1
103 148 1
103 158 1
103 169 1
103 184 1
103 188 1
104 116 1
104 123 1
104 124 1
104 132 1
104 155 1
104 158 1
104 170 1
104 182 1
105 106 1
105 115 1
105 120 1
105 144 1
105 148 1
105 155 1
105 174 1
105 177 1
105 189 1
106 114 1
106 123 1
106 124 1
106 128 1
106 165 1
106 179 1
106 183 1
106 185 1
106 187 1
106 188 1
107 110 1
107 112 1
107 121 1
107 123 1
107 129 1
107 153 1
107 157 1
108 109 1
108 134 1
108 135 1
108 143 1
108 145 1
108 146 1
108 167 1
108 169 1
108 173 1
108 175 1
108 184 1
109 123 1
109 129 1
109 134 1
109 150 1
109 167 1
109 176 1
109 187 1
110 118 1
110 122 1
110 133 1
110 138 1
110 162 1
110 172 1
110 183 1
110 184 1
111 112 1
111 126 1
111 132 1
111 150 1
111 155 1
111 156 1
111 170 1
111 186 1
111 188 1
112 118 1
112 123 1
112 128 1
112 148 1
112 154 1
112 176 1
113 118 1
113 125 1
113 149 1
113 152 1
114 129 1
114 132 1
114 172 1
114 174 1
114 180 1
115 120 1
115 126 1
115 132 1
115 133 1
115 142 1
115 168 1
115 173 1
115 185 1
115 187 1
115 188 1
116 145 1
116 160 1
116 161 1
116 166 1
116 176 1
116 179 1
116 182 1
116 186 1
117 129 1
117 136 1
117 140 1
117 142 1
117 143 1
117 156 1
117 175 1
117 184 1
118 126 1
118 178 1
119 125 1
119 139 1
119 143 1
119 170 1
119 172 1
119 181 1
119 186 1
119 189 1
120 121 1
120 123 1
120 127 1
120 142 1
120 153 1
120 168 1
120 170 1
120 171 1
120 187 1
121 124 1
121 129 1
121 137 1
121 146 1
121 148 1
121 149 1
121 163 1
121 167 1
121 179 1
122 132 1
122 133 1
122 150 1
122 166 1
122 185 1
123 134 1
123 169 1
123 176 1
123 185 1
124 126 1
124 132 1
124 141 1
124 155 1
124 160 1
125 145 1
125 147 1
125 155 1
125 157 1
125 159 1
125 162 1
125 172 1
125 176 1
126 128 1
126 136 1
126 149 1
126 157 1
126 162 1
126 163 1
126 184 1
127 143 1
127 149 1
127 153 1
127 159 1
127 175 1
127 177 1
127 185 1
127 187 1
127 189 1
128 141 1
128 142 1
128 160 1
128 162 1
128 168 1
128 179 1
128 180 1
129 130 1
129 134 1
129 140 1
129 149 1
129 151 1
129 152 1
129 157 1
129 166 1
129 167 1
129 172 1
130 139 1
130 151 1
130 152 1
130 159 1
131 135 1
131 145 1
131 152 1
131 157 1
131 161 1
131 175 1
131 177 1
131 187 1
132 142 1
132 167 1
132 187 1
133 135 1
133 152 1
133 154 1
133 155 1
133 159 1
133 170 1
133 189 1
134 168 1
134 171 1
134 181 1
134 186 1
134 187 1
135 139 1
135 143 1
135 149 1
135 180 1
135 188 1
135 189 1
136 144 1
136 158 1
136 165 1
136 188 1
137 157 1
137 163 1
137 179 1
138 139 1
138 140 1
138 157 1
138 164 1
138 170 1
138 172 1
138 173 1
138 178 1
138 181 1
138 182 1
138 188 1
139 145 1
139 147 1
139 150 1
139 153 1
139 154 1
139 171 1
139 174 1
139 180 1
139 185 1
139 186 1
140 145 1
140 149 1
140 153 1
140 163 1
140 171 1
141 149 1
141 152 1
141 155 1
141 168 1
141 189 1
142 145 1
142 153 1
142 163 1
142 169 1
142 170 1
142 189 1
143 152 1
143 174 1
143 180 1
143 185 1
144 154 1
144 171 1
144 180 1
144 184 1
144 189 1
145 146 1
145 150 1
145 156 1
145 159 1
145 178 1
145 180 1
146 153 1
146 154 1
146 158 1
146 163 1
146 166 1
147 161 1
147 162 1
147 171 1
147 177 1
147 184 1
148 155 1
148 167 1
148 183 1
149 177 1
150 158 1
150 167 1
150 170 1
150 179 1
150 186 1
150 189 1
151 165 1
151 173 1
152 161 1
152 163 1
152 167 1
152 173 1
152 181 1
152 189 1
153 154 1
153 160 1
153 173 1
153 179 1
153 183 1
153 187 1
154 175 1
154 178 1
155 160 1
155 161 1
155 169 1
155 175 1
155 180 1
155 182 1
156 160 1
156 183 1
157 175 1
157 177 1
158 161 1
158 170 1
158 188 1
159 161 1
159 173 1
159 186 1
159 187 1
160 170 1
160 177 1
161 164 1
161 166 1
161 167 1
161 175 1
161 176 1
161 189 1
162 187 1
162 188 1
163 166 1
163 167 1
163 173 1
164 178 1
164 182 1
165 175 1
165 181 1
166 177 1
167 179 1
168 172 1
168 177 1
168 179 1
168 182 1
169 170 1
169 177 1
169 181 1
171 186 1
171 188 1
171 189 1
172 176 1
173 187 1
173 188 1
174 179 1
175 184 1
177 184 1
179 187 1
182 187 1
187 188 1
1
79 179 149 155 103 180 163 38 165 96 40 56 160 54 158 37 157 66 107
