1411
0 1 1
0 3 1
0 5 1
0 12 1
0 19 1
0 21 1
0 22 1
0 34 1
0 35 1
0 36 1
0 40 1
0 42 1
0 44 1
0 58 1
0 64 1
0 66 1
0 67 1
0 68 1
0 69 1
0 72 1
0 75 1
0 87 1
0 92 1
0 94 1
0 96 1
0 98 1
0 100 1
0 108 1
0 111 1
0 113 1
0 123 1
0 126 1
1 10 1
1 13 1
1 14 1
1 15 1
1 16 1
1 18 1
1 19 1
1 21 1
1 25 1
1 26 1
1 32 1
1 48 1
1 55 1
1 60 1
1 64 1
1 71 1
1 74 1
1 84 1
1 93 1
1 116 1
1 117 1
1 123 1
1 125 1
2 3 1
2 10 1
2 21 1
2 24 1
2 25 1
2 39 1
2 43 1
2 52 1
2 56 1
2 59 1
2 66 1
2 69 1
2 75 1
2 76 1
2 88 1
2 93 1
2 103 1
2 110 1
2 117 1
2 128 1
2 130 1
2 131 1
2 136 1
3 5 1
3 6 1
3 9 1
3 13 1
3 38 1
3 40 1
3 49 1
3 57 1
3 68 1
3 79 1
3 83 1
3 92 1
3 96 1
3 100 1
3 119 1
3 122 1
3 126 1
4 30 1
4 52 1
4 62 1
4 66 1
4 68 1
4 72 1
4 73 1
4 76 1
4 77 1
4 89 1
4 93 1
4 99 1
4 104 1
4 113 1
4 126 1
5 10 1
5 25 1
5 37 1
5 40 1
5 42 1
5 46 1
5 53 1
5 65 1
5 85 1
5 89 1
5 105 1
5 108 1
5 111 1
5 120 1
5 126 1
5 135 1
6 7 1
6 11 1
6 18 1
6 26 1
6 39 1
6 40 1
6 43 1
6 60 1
6 68 1
6 72 1
6 89 1
6 95 1
6 106 1
6 107 1
6 130 1
6 133 1
6 134 1
6 138 1
7 11 1
7 22 1
7 26 1
7 30 1
7 33 1
7 41 1
7 57 1
7 58 1
7 60 1
7 64 1
7 75 1
7 79 1
7 83 1
7 87 1
7 98 1
7 100 1
7 106 1
7 118 1
7 123 1
7 124 1
7 125 1
8 13 1
8 19 1
8 27 1
8 28 1
8 31 1
8 34 1
8 35 1
8 40 1
8 41 1
8 46 1
8 47 1
8 50 1
8 56 1
8 73 1
8 88 1
8 93 1
8 95 1
8 103 1
8 114 1
8 117 1
8 123 1
9 11 1
9 33 1
9 40 1
9 50 1
9 54 1
9 59 1
9 62 1
9 70 1
9 82 1
9 92 1
9 93 1
9 96 1
9 103 1
9 106 1
9 112 1
9 133 1
10 11 1
10 22 1
10 24 1
10 38 1
10 47 1
10 57 1
10 69 1
10 71 1
10 78 1
10 85 1
10 105 1
10 114 1
10 124 1
10 125 1
10 139 1
11 23 1
11 24 1
11 28 1
11 29 1
11 31 1
11 46 1
11 48 1
11 58 1
11 67 1
11 74 1
11 75 1
11 78 1
11 81 1
11 82 1
11 83 1
11 94 1
11 100 1
11 101 1
11 107 1
11 110 1
11 115 1
11 120 1
11 129 1
12 14 1
12 20 1
12 25 1
12 28 1
12 29 1
12 41 1
12 45 1
12 66 1
12 68 1
12 91 1
12 92 1
12 95 1
12 117 1
12 120 1
12 122 1
12 127 1
12 128 1
13 18 1
13 20 1
13 21 1
13 36 1
13 60 1
13 79 1
13 83 1
13 96 1
13 97 1
13 98 1
13 111 1
13 118 1
13 127 1
13 130 1
13 135 1
13 139 1
14 15 1
14 19 1
14 31 1
14 32 1
14 34 1
14 38 1
14 42 1
14 62 1
14 70 1
14 73 1
14 76 1
14 77 1
14 121 1
14 125 1
14 126 1
14 132 1
14 139 1
15 22 1
15 23 1
15 25 1
15 37 1
15 50 1
15 57 1
15 62 1
15 65 1
15 92 1
15 95 1
15 108 1
15 111 1
15 119 1
15 135 1
15 136 1
16 26 1
16 39 1
16 41 1
16 62 1
16 118 1
16 121 1
16 129 1
16 133 1
17 18 1
17 33 1
17 39 1
17 52 1
17 56 1
17 64 1
17 70 1
17 74 1
17 85 1
17 91 1
17 95 1
17 107 1
18 19 1
18 20 1
18 26 1
18 35 1
18 40 1
18 48 1
18 51 1
18 59 1
18 82 1
18 83 1
18 84 1
18 101 1
18 104 1
18 108 1
18 115 1
18 122 1
19 28 1
19 49 1
19 56 1
19 57 1
19 60 1
19 70 1
19 74 1
19 77 1
19 89 1
19 95 1
19 96 1
19 99 1
19 102 1
19 128 1
19 129 1
19 130 1
19 133 1
19 138 1
20 53 1
20 55 1
20 63 1
20 68 1
20 74 1
20 76 1
20 83 1
20 97 1
20 99 1
20 100 1
20 106 1
20 109 1
20 110 1
20 116 1
20 117 1
20 127 1
20 130 1
21 29 1
21 41 1
21 44 1
21 52 1
21 56 1
21 76 1
21 120 1
21 123 1
21 135 1
22 31 1
22 36 1
22 49 1
22 50 1
22 55 1
22 62 1
22 64 1
22 66 1
22 69 1
22 77 1
22 84 1
22 95 1
22 96 1
22 116 1
22 120 1
22 134 1
23 25 1
23 26 1
23 27 1
23 38 1
23 42 1
23 57 1
23 71 1
23 73 1
23 74 1
23 76 1
23 93 1
23 98 1
23 102 1
23 103 1
23 107 1
23 109 1
23 121 1
23 136 1
24 25 1
24 28 1
24 40 1
24 47 1
24 48 1
24 49 1
24 73 1
24 84 1
24 105 1
24 117 1
24 127 1
24 129 1
24 131 1
24 133 1
25 31 1
25 34 1
25 38 1
25 43 1
25 54 1
25 70 1
25 72 1
25 73 1
25 74 1
25 92 1
25 93 1
25 101 1
25 105 1
25 119 1
25 124 1
25 125 1
25 127 1
25 128 1
25 130 1
25 135 1
25 136 1
26 38 1
26 73 1
26 96 1
26 109 1
26 113 1
26 114 1
27 32 1
27 41 1
27 45 1
27 57 1
27 67 1
27 77 1
27 93 1
27 97 1
27 106 1
27 110 1
27 114 1
27 119 1
27 124 1
28 30 1
28 36 1
28 41 1
28 44 1
28 45 1
28 46 1
28 62 1
28 72 1
28 74 1
28 76 1
28 96 1
28 101 1
28 106 1
28 111 1
28 123 1
28 126 1
28 128 1
28 133 1
29 35 1
29 42 1
29 49 1
29 52 1
29 58 1
29 72 1
29 87 1
29 89 1
29 93 1
29 95 1
29 96 1
29 101 1
29 104 1
29 137 1
30 35 1
30 49 1
30 50 1
30 52 1
30 58 1
30 62 1
30 81 1
30 86 1
30 87 1
30 95 1
30 104 1
30 109 1
30 120 1
30 127 1
30 130 1
30 132 1
30 138 1
30 139 1
31 35 1
31 71 1
31 94 1
31 97 1
31 99 1
31 109 1
31 120 1
31 122 1
31 126 1
31 129 1
32 41 1
32 42 1
32 44 1
32 54 1
32 56 1
32 61 1
32 72 1
32 75 1
32 76 1
32 78 1
32 88 1
32 89 1
32 92 1
32 94 1
32 96 1
32 98 1
32 99 1
32 105 1
32 106 1
32 107 1
32 114 1
32 118 1
33 38 1
33 43 1
33 45 1
33 53 1
33 55 1
33 73 1
33 77 1
33 80 1
33 91 1
33 100 1
33 102 1
33 110 1
33 120 1
33 129 1
33 139 1
34 35 1
34 38 1
34 39 1
34 46 1
34 48 1
34 49 1
34 51 1
34 52 1
34 60 1
34 74 1
34 80 1
34 84 1
34 90 1
34 103 1
34 116 1
34 119 1
34 120 1
34 132 1
35 36 1
35 48 1
35 51 1
35 59 1
35 61 1
35 63 1
35 77 1
35 80 1
35 82 1
35 87 1
35 89 1
35 119 1
35 122 1
35 123 1
35 129 1
35 130 1
35 138 1
36 39 1
36 40 1
36 42 1
36 43 1
36 48 1
36 50 1
36 52 1
36 65 1
36 67 1
36 74 1
36 79 1
36 82 1
36 86 1
36 99 1
36 105 1
36 110 1
36 111 1
36 113 1
36 114 1
36 115 1
36 125 1
36 128 1
36 134 1
37 41 1
37 45 1
37 49 1
37 54 1
37 60 1
37 78 1
37 81 1
37 101 1
37 105 1
37 125 1
37 127 1
37 131 1
37 134 1
37 135 1
37 137 1
38 43 1
38 50 1
38 52 1
38 57 1
38 58 1
38 79 1
38 82 1
38 91 1
38 98 1
38 100 1
38 127 1
38 136 1
38 138 1
39 40 1
39 43 1
39 47 1
39 49 1
39 51 1
39 55 1
39 56 1
39 60 1
39 61 1
39 64 1
39 66 1
39 76 1
39 79 1
39 100 1
39 101 1
39 132 1
40 49 1
40 75 1
40 89 1
40 90 1
40 100 1
40 102 1
40 105 1
40 110 1
40 118 1
40 122 1
40 123 1
40 135 1
41 45 1
41 53 1
41 69 1
41 82 1
41 85 1
41 86 1
41 99 1
41 109 1
41 114 1
41 130 1
42 48 1
42 54 1
42 55 1
42 57 1
42 60 1
42 65 1
42 74 1
42 76 1
42 78 1
42 86 1
42 91 1
42 93 1
42 94 1
42 116 1
42 122 1
42 125 1
42 127 1
42 134 1
43 47 1
43 54 1
43 59 1
43 61 1
43 65 1
43 72 1
43 86 1
43 89 1
43 91 1
43 103 1
43 108 1
43 116 1
43 117 1
43 119 1
43 120 1
43 124 1
43 126 1
43 128 1
43 129 1
43 136 1
43 137 1
44 47 1
44 51 1
44 57 1
44 70 1
44 71 1
44 75 1
44 78 1
44 80 1
44 92 1
44 123 1
44 133 1
44 134 1
44 137 1
45 54 1
45 61 1
45 68 1
45 77 1
45 81 1
45 82 1
45 86 1
45 101 1
45 103 1
45 121 1
46 55 1
46 57 1
46 63 1
46 68 1
46 76 1
46 78 1
46 84 1
46 87 1
46 92 1
46 95 1
46 98 1
46 107 1
46 108 1
46 114 1
46 125 1
46 128 1
46 136 1
46 138 1
47 48 1
47 52 1
47 70 1
47 88 1
47 90 1
47 105 1
47 107 1
47 109 1
47 123 1
47 126 1
47 135 1
47 136 1
48 60 1
48 61 1
48 72 1
48 74 1
48 81 1
48 89 1
48 92 1
48 103 1
48 111 1
48 132 1
49 50 1
49 64 1
49 67 1
49 74 1
49 77 1
49 85 1
49 91 1
49 99 1
49 102 1
49 115 1
49 123 1
49 132 1
49 138 1
50 57 1
50 58 1
50 77 1
50 92 1
50 105 1
50 113 1
50 115 1
50 133 1
51 57 1
51 59 1
51 64 1
51 66 1
51 75 1
51 77 1
51 82 1
51 102 1
51 110 1
51 119 1
51 134 1
51 139 1
52 56 1
52 58 1
52 72 1
52 73 1
52 82 1
52 90 1
52 94 1
52 106 1
52 116 1
52 117 1
52 118 1
52 119 1
52 121 1
52 126 1
52 129 1
52 135 1
53 54 1
53 57 1
53 61 1
53 69 1
53 70 1
53 80 1
53 87 1
53 88 1
53 92 1
53 99 1
53 106 1
53 110 1
53 114 1
53 118 1
53 132 1
53 133 1
53 135 1
54 61 1
54 63 1
54 67 1
54 68 1
54 79 1
54 82 1
54 84 1
54 86 1
54 90 1
54 104 1
54 105 1
54 107 1
54 109 1
54 130 1
54 134 1
54 137 1
55 62 1
55 65 1
55 66 1
55 78 1
55 87 1
55 105 1
55 109 1
55 112 1
55 116 1
55 121 1
56 71 1
56 73 1
56 78 1
56 91 1
56 96 1
56 98 1
56 99 1
56 107 1
56 109 1
56 118 1
56 119 1
56 131 1
56 138 1
57 59 1
57 67 1
57 68 1
57 69 1
57 82 1
57 107 1
57 108 1
57 122 1
57 124 1
57 136 1
58 63 1
58 68 1
58 74 1
58 75 1
58 77 1
58 108 1
58 114 1
58 120 1
58 135 1
58 138 1
58 139 1
59 61 1
59 66 1
59 76 1
59 77 1
59 79 1
59 87 1
59 90 1
59 96 1
59 111 1
59 115 1
59 122 1
59 127 1
59 138 1
60 67 1
60 84 1
60 102 1
60 106 1
60 108 1
60 118 1
60 127 1
60 135 1
60 137 1
60 139 1
61 64 1
61 78 1
61 80 1
61 81 1
61 87 1
61 88 1
61 90 1
61 96 1
61 103 1
61 113 1
61 124 1
61 131 1
62 67 1
62 69 1
62 79 1
62 80 1
62 86 1
62 87 1
62 97 1
62 101 1
62 103 1
62 106 1
62 113 1
62 122 1
62 123 1
62 129 1
62 133 1
62 135 1
62 136 1
63 64 1
63 67 1
63 76 1
63 84 1
63 85 1
63 91 1
63 96 1
63 101 1
63 102 1
63 103 1
63 105 1
63 106 1
63 126 1
63 130 1
63 133 1
63 136 1
63 138 1
64 67 1
64 68 1
64 76 1
64 79 1
64 94 1
64 103 1
64 110 1
64 118 1
64 123 1
64 138 1
65 69 1
65 72 1
65 77 1
65 78 1
65 79 1
65 84 1
65 87 1
65 88 1
65 101 1
65 109 1
65 121 1
65 128 1
65 132 1
65 136 1
65 137 1
66 78 1
66 79 1
66 81 1
66 85 1
66 90 1
66 96 1
66 97 1
66 117 1
66 130 1
66 138 1
67 69 1
67 72 1
67 77 1
67 85 1
67 101 1
67 104 1
67 112 1
67 113 1
67 114 1
67 119 1
67 128 1
67 129 1
67 130 1
67 136 1
68 70 1
68 72 1
68 73 1
68 75 1
68 86 1
68 91 1
68 95 1
68 96 1
68 107 1
68 108 1
68 116 1
68 129 1
69 76 1
69 78 1
69 90 1
69 105 1
69 108 1
69 116 1
69 117 1
69 125 1
69 127 1
69 129 1
69 134 1
69 137 1
69 139 1
70 77 1
70 82 1
70 99 1
70 101 1
70 103 1
70 105 1
70 106 1
70 110 1
70 113 1
70 114 1
70 117 1
70 123 1
70 124 1
70 131 1
70 132 1
70 139 1
71 76 1
71 80 1
71 84 1
71 88 1
71 107 1
71 127 1
71 131 1
71 135 1
72 73 1
72 83 1
72 85 1
72 98 1
72 99 1
72 103 1
72 107 1
72 115 1
72 133 1
72 139 1
73 83 1
73 86 1
73 91 1
73 92 1
73 103 1
73 109 1
73 123 1
73 127 1
73 129 1
74 83 1
74 85 1
74 96 1
74 108 1
74 115 1
74 121 1
74 124 1
74 127 1
74 134 1
74 135 1
74 138 1
75 80 1
75 82 1
75 91 1
75 92 1
75 99 1
75 105 1
75 113 1
75 125 1
75 133 1
76 80 1
76 89 1
76 92 1
76 105 1
76 108 1
76 111 1
76 127 1
77 82 1
77 90 1
77 91 1
77 104 1
77 124 1
77 128 1
78 89 1
78 93 1
78 99 1
78 107 1
78 110 1
78 121 1
78 123 1
78 133 1
78 134 1
79 88 1
79 92 1
79 95 1
79 106 1
79 107 1
79 121 1
79 122 1
79 127 1
79 137 1
79 138 1
80 95 1
80 96 1
80 97 1
80 111 1
80 113 1
80 120 1
80 122 1
80 135 1
81 82 1
81 90 1
81 93 1
81 95 1
81 97 1
81 106 1
81 109 1
81 114 1
81 123 1
81 133 1
82 99 1
82 100 1
82 105 1
83 90 1
83 93 1
83 98 1
83 125 1
83 127 1
83 129 1
83 135 1
84 91 1
84 103 1
84 112 1
84 122 1
84 127 1
84 128 1
84 129 1
85 104 1
85 106 1
85 107 1
85 124 1
85 125 1
85 127 1
85 129 1
85 137 1
86 100 1
86 109 1
86 111 1
86 114 1
86 116 1
86 117 1
86 126 1
86 129 1
86 130 1
86 134 1
86 138 1
87 88 1
87 89 1
87 91 1
87 106 1
87 129 1
87 131 1
87 138 1
87 139 1
88 94 1
88 113 1
88 116 1
88 122 1
88 124 1
88 126 1
88 127 1
88 128 1
88 130 1
88 132 1
89 98 1
89 111 1
89 123 1
89 130 1
89 136 1
89 139 1
90 94 1
90 98 1
90 101 1
90 109 1
90 113 1
90 114 1
90 117 1
90 135 1
90 138 1
91 94 1
91 110 1
91 127 1
91 134 1
91 135 1
92 102 1
92 110 1
92 120 1
92 125 1
93 99 1
93 103 1
93 108 1
93 125 1
93 134 1
94 104 1
94 115 1
94 128 1
94 129 1
94 132 1
95 97 1
95 101 1
95 106 1
95 110 1
95 113 1
95 119 1
95 123 1
95 131 1
95 134 1
95 138 1
96 105 1
96 113 1
96 115 1
96 126 1
96 130 1
96 132 1
96 137 1
97 116 1
97 117 1
97 118 1
97 121 1
97 127 1
98 105 1
98 118 1
98 135 1
98 136 1
99 129 1
99 132 1
99 134 1
99 137 1
100 101 1
100 102 1
100 116 1
100 125 1
100 137 1
101 111 1
101 125 1
102 110 1
102 117 1
102 122 1
102 127 1
102 133 1
103 105 1
103 112 1
103 115 1
103 117 1
103 119 1
103 121 1
103 128 1
103 129 1
103 132 1
103 133 1
103 134 1
103 135 1
103 139 1
104 107 1
104 114 1
104 119 1
104 124 1
104 129 1
105 106 1
105 111 1
105 127 1
105 130 1
105 133 1
105 134 1
106 118 1
106 131 1
106 133 1
107 111 1
107 118 1
107 121 1
107 122 1
107 127 1
107 129 1
107 136 1
107 139 1
108 110 1
108 130 1
108 134 1
109 119 1
109 121 1
109 135 1
111 112 1
111 113 1
111 117 1
111 119 1
111 122 1
111 139 1
112 118 1
112 128 1
112 130 1
112 138 1
113 125 1
113 132 1
114 118 1
114 121 1
114 127 1
114 128 1
115 119 1
115 126 1
115 134 1
116 119 1
116 121 1
116 134 1
117 118 1
117 124 1
117 136 1
118 128 1
118 136 1
119 120 1
119 125 1
119 136 1
120 124 1
120 127 1
120 135 1
120 138 1
121 128 1
121 137 1
121 139 1
122 133 1
122 134 1
122 138 1
123 124 1
123 126 1
124 129 1
124 134 1
125 126 1
125 128 1
125 130 1
125 138 1
126 129 1
126 133 1
126 139 1
127 131 1
128 131 1
130 138 1
131 133 1
132 136 1
133 138 1
133 139 1
134 136 1
134 137 1
135 139 1
137 138 1
1
32 31 19 97 77 57 90 91 13 119 117 101 73 100
