1701
0 6 1
0 26 1
0 30 1
0 50 1
0 57 1
0 68 1
0 75 1
0 77 1
0 80 1
0 93 1
0 97 1
0 101 1
0 106 1
0 108 1
0 112 1
0 132 1
0 138 1
0 146 1
1 4 1
1 8 1
1 10 1
1 12 1
1 18 1
1 40 1
1 50 1
1 55 1
1 77 1
1 85 1
1 86 1
1 91 1
1 112 1
1 114 1
1 115 1
1 118 1
1 119 1
1 123 1
1 126 1
1 134 1
1 138 1
1 144 1
1 154 1
1 155 1
1 160 1
2 4 1
2 31 1
2 33 1
2 57 1
2 67 1
2 96 1
2 114 1
2 116 1
2 137 1
2 169 1
3 5 1
3 13 1
3 16 1
3 22 1
3 28 1
3 34 1
3 36 1
3 51 1
3 79 1
3 85 1
3 94 1
3 104 1
3 111 1
3 115 1
3 117 1
3 126 1
3 127 1
3 131 1
3 136 1
3 145 1
3 147 1
3 151 1
3 154 1
3 158 1
3 166 1
4 14 1
4 29 1
4 46 1
4 52 1
4 79 1
4 80 1
4 89 1
4 108 1
4 114 1
4 115 1
4 121 1
4 129 1
4 131 1
4 132 1
4 134 1
4 149 1
4 157 1
5 9 1
5 12 1
5 43 1
5 49 1
5 55 1
5 61 1
5 77 1
5 81 1
5 83 1
5 84 1
5 85 1
5 88 1
5 90 1
5 91 1
5 104 1
5 109 1
5 116 1
5 130 1
5 134 1
5 149 1
5 157 1
5 160 1
5 168 1
6 11 1
6 26 1
6 39 1
6 49 1
6 54 1
6 62 1
6 69 1
6 74 1
6 85 1
6 90 1
6 96 1
6 101 1
6 116 1
6 128 1
6 134 1
6 158 1
6 167 1
7 9 1
7 10 1
7 13 1
7 14 1
7 36 1
7 46 1
7 55 1
7 70 1
7 76 1
7 77 1
7 87 1
7 99 1
7 113 1
7 134 1
7 135 1
7 137 1
7 139 1
7 144 1
7 160 1
7 162 1
7 165 1
8 13 1
8 14 1
8 17 1
8 18 1
8 24 1
8 89 1
8 107 1
8 110 1
8 124 1
8 127 1
8 133 1
8 138 1
8 154 1
9 26 1
9 27 1
9 30 1
9 39 1
9 62 1
9 68 1
9 75 1
9 86 1
9 93 1
9 107 1
9 109 1
9 122 1
9 135 1
9 152 1
9 160 1
10 22 1
10 26 1
10 35 1
10 44 1
10 45 1
10 52 1
10 56 1
10 59 1
10 61 1
10 78 1
10 99 1
10 100 1
10 108 1
10 109 1
10 110 1
10 114 1
10 115 1
10 116 1
10 126 1
10 146 1
10 153 1
10 155 1
10 156 1
10 160 1
10 165 1
11 25 1
11 29 1
11 31 1
11 32 1
11 41 1
11 44 1
11 45 1
11 46 1
11 69 1
11 73 1
11 78 1
11 109 1
11 121 1
11 131 1
11 134 1
11 142 1
11 155 1
11 160 1
11 161 1
12 13 1
12 20 1
12 39 1
12 46 1
12 68 1
12 82 1
12 87 1
12 101 1
12 102 1
12 105 1
12 121 1
12 134 1
12 141 1
12 144 1
12 145 1
12 150 1
12 154 1
12 159 1
12 160 1
12 168 1
13 43 1
13 54 1
13 67 1
13 68 1
13 76 1
13 92 1
13 111 1
13 121 1
13 135 1
13 136 1
13 143 1
13 153 1
13 154 1
13 155 1
13 161 1
13 169 1
14 18 1
14 23 1
14 50 1
14 65 1
14 76 1
14 77 1
14 92 1
14 109 1
14 111 1
14 112 1
14 142 1
14 149 1
14 152 1
15 40 1
15 48 1
15 52 1
15 60 1
15 68 1
15 71 1
15 80 1
15 151 1
15 163 1
16 20 1
16 33 1
16 55 1
16 57 1
16 60 1
16 67 1
16 102 1
16 106 1
16 113 1
16 116 1
16 120 1
16 125 1
16 128 1
16 129 1
16 138 1
16 144 1
16 159 1
16 160 1
16 161 1
16 166 1
17 28 1
17 39 1
17 68 1
17 78 1
17 89 1
17 98 1
17 100 1
17 106 1
17 109 1
17 112 1
17 114 1
17 121 1
17 122 1
17 141 1
17 145 1
17 149 1
17 163 1
18 23 1
18 29 1
18 33 1
18 36 1
18 56 1
18 69 1
18 93 1
18 102 1
18 125 1
18 128 1
18 130 1
18 132 1
18 136 1
18 145 1
18 146 1
18 159 1
18 162 1
18 166 1
19 40 1
19 43 1
19 45 1
19 50 1
19 59 1
19 68 1
19 69 1
19 70 1
19 74 1
19 89 1
19 90 1
19 94 1
19 106 1
19 107 1
19 119 1
19 121 1
19 126 1
19 128 1
19 131 1
19 137 1
19 139 1
19 140 1
19 155 1
19 161 1
20 33 1
20 36 1
20 39 1
20 40 1
20 43 1
20 51 1
20 54 1
20 87 1
20 89 1
20 97 1
20 116 1
20 118 1
20 125 1
20 141 1
20 145 1
20 151 1
20 155 1
20 165 1
21 25 1
21 27 1
21 30 1
21 31 1
21 34 1
21 41 1
21 57 1
21 80 1
21 82 1
21 87 1
21 89 1
21 93 1
21 99 1
21 114 1
21 155 1
22 33 1
22 35 1
22 38 1
22 59 1
22 82 1
22 95 1
22 96 1
22 102 1
22 109 1
22 120 1
22 129 1
22 139 1
22 143 1
22 147 1
22 148 1
23 25 1
23 26 1
23 28 1
23 40 1
23 43 1
23 45 1
23 50 1
23 61 1
23 63 1
23 84 1
23 89 1
23 91 1
23 95 1
23 99 1
23 117 1
23 119 1
23 124 1
23 130 1
23 135 1
23 149 1
23 152 1
23 155 1
23 156 1
23 166 1
23 168 1
24 32 1
24 56 1
24 66 1
24 70 1
24 72 1
24 74 1
24 92 1
24 108 1
24 112 1
24 113 1
24 122 1
24 126 1
24 128 1
24 147 1
24 162 1
24 167 1
25 27 1
25 34 1
25 41 1
25 51 1
25 56 1
25 62 1
25 63 1
25 64 1
25 74 1
25 77 1
25 78 1
25 82 1
25 92 1
25 103 1
25 105 1
25 107 1
25 122 1
25 126 1
25 127 1
25 134 1
26 49 1
26 61 1
26 67 1
26 77 1
26 84 1
26 92 1
26 94 1
26 104 1
26 114 1
26 123 1
26 129 1
26 140 1
26 147 1
26 151 1
26 157 1
26 166 1
26 167 1
26 168 1
27 36 1
27 40 1
27 42 1
27 64 1
27 65 1
27 66 1
27 67 1
27 68 1
27 73 1
27 74 1
27 75 1
27 86 1
27 88 1
27 107 1
27 108 1
27 118 1
27 122 1
27 128 1
27 145 1
27 151 1
27 159 1
27 166 1
28 52 1
28 54 1
28 61 1
28 73 1
28 79 1
28 81 1
28 85 1
28 91 1
28 92 1
28 99 1
28 103 1
28 106 1
28 121 1
28 123 1
28 149 1
28 161 1
28 166 1
29 40 1
29 57 1
29 59 1
29 65 1
29 72 1
29 79 1
29 93 1
29 96 1
29 113 1
29 114 1
29 139 1
29 144 1
29 147 1
29 157 1
29 162 1
30 32 1
30 37 1
30 67 1
30 69 1
30 70 1
30 76 1
30 88 1
30 116 1
30 125 1
30 133 1
30 135 1
30 144 1
30 147 1
30 151 1
30 153 1
30 154 1
30 157 1
30 168 1
31 43 1
31 50 1
31 54 1
31 62 1
31 64 1
31 67 1
31 73 1
31 75 1
31 76 1
31 79 1
31 91 1
31 97 1
31 101 1
31 107 1
31 116 1
31 124 1
31 128 1
31 131 1
31 136 1
31 163 1
32 33 1
32 39 1
32 43 1
32 62 1
32 91 1
32 93 1
32 94 1
32 109 1
32 124 1
32 125 1
32 130 1
32 160 1
32 162 1
33 40 1
33 45 1
33 52 1
33 66 1
33 67 1
33 68 1
33 75 1
33 87 1
33 88 1
33 95 1
33 96 1
33 97 1
33 101 1
33 115 1
33 130 1
33 150 1
33 160 1
33 165 1
34 48 1
34 49 1
34 52 1
34 54 1
34 55 1
34 58 1
34 62 1
34 64 1
34 65 1
34 78 1
34 85 1
34 87 1
34 88 1
34 89 1
34 91 1
34 95 1
34 106 1
34 124 1
34 129 1
34 138 1
34 140 1
34 144 1
34 168 1
34 169 1
35 45 1
35 51 1
35 57 1
35 73 1
35 81 1
35 94 1
35 103 1
35 114 1
35 118 1
35 120 1
35 126 1
35 138 1
35 141 1
35 155 1
35 160 1
35 161 1
36 51 1
36 59 1
36 62 1
36 66 1
36 69 1
36 80 1
36 88 1
36 90 1
36 103 1
36 143 1
36 158 1
37 42 1
37 43 1
37 45 1
37 58 1
37 72 1
37 84 1
37 90 1
37 93 1
37 97 1
37 102 1
37 127 1
37 129 1
37 135 1
37 161 1
38 51 1
38 55 1
38 57 1
38 71 1
38 90 1
38 107 1
38 119 1
38 122 1
38 127 1
38 128 1
38 148 1
38 159 1
38 161 1
38 163 1
39 43 1
39 49 1
39 58 1
39 60 1
39 72 1
39 73 1
39 77 1
39 78 1
39 89 1
39 105 1
39 115 1
39 128 1
39 147 1
39 158 1
39 160 1
39 166 1
40 56 1
40 86 1
40 92 1
40 99 1
40 102 1
40 104 1
40 107 1
40 114 1
40 136 1
40 143 1
40 149 1
40 154 1
40 155 1
41 78 1
41 93 1
41 109 1
41 117 1
41 119 1
41 127 1
41 141 1
41 148 1
41 149 1
41 151 1
41 154 1
41 158 1
42 44 1
42 47 1
42 51 1
42 65 1
42 72 1
42 79 1
42 90 1
42 92 1
42 104 1
42 115 1
42 129 1
42 156 1
42 160 1
42 164 1
43 60 1
43 67 1
43 71 1
43 73 1
43 76 1
43 77 1
43 82 1
43 85 1
43 97 1
43 105 1
43 106 1
43 108 1
43 109 1
43 129 1
43 142 1
43 146 1
43 159 1
43 163 1
44 45 1
44 55 1
44 58 1
44 68 1
44 69 1
44 70 1
44 81 1
44 111 1
44 117 1
44 124 1
44 149 1
44 168 1
45 69 1
45 75 1
45 86 1
45 88 1
45 107 1
45 122 1
45 148 1
45 152 1
45 156 1
45 160 1
45 165 1
46 47 1
46 56 1
46 63 1
46 64 1
46 84 1
46 94 1
46 97 1
46 124 1
46 134 1
46 141 1
46 143 1
46 146 1
46 151 1
46 157 1
47 48 1
47 51 1
47 56 1
47 63 1
47 73 1
47 87 1
47 88 1
47 92 1
47 101 1
47 103 1
47 106 1
47 124 1
47 125 1
47 136 1
47 145 1
47 149 1
47 158 1
47 160 1
48 53 1
48 59 1
48 63 1
48 77 1
48 79 1
48 83 1
48 95 1
48 112 1
48 116 1
48 118 1
48 129 1
48 140 1
48 141 1
48 146 1
48 166 1
48 167 1
49 58 1
49 59 1
49 62 1
49 73 1
49 77 1
49 84 1
49 89 1
49 99 1
49 100 1
49 109 1
49 111 1
49 112 1
49 117 1
49 133 1
49 135 1
49 142 1
49 144 1
49 161 1
49 164 1
49 166 1
49 167 1
50 60 1
50 62 1
50 67 1
50 79 1
50 90 1
50 91 1
50 110 1
50 111 1
50 112 1
50 113 1
50 114 1
50 117 1
50 119 1
50 123 1
50 136 1
50 145 1
51 53 1
51 59 1
51 66 1
51 77 1
51 79 1
51 90 1
51 92 1
51 98 1
51 106 1
51 136 1
51 140 1
51 160 1
51 161 1
51 165 1
52 54 1
52 57 1
52 58 1
52 60 1
52 67 1
52 83 1
52 103 1
52 107 1
52 108 1
52 122 1
52 134 1
52 135 1
52 140 1
52 160 1
53 80 1
53 85 1
53 94 1
53 99 1
53 101 1
53 108 1
53 125 1
53 131 1
53 144 1
53 146 1
53 159 1
53 165 1
54 69 1
54 88 1
54 89 1
54 97 1
54 99 1
54 103 1
54 106 1
54 126 1
54 128 1
54 129 1
54 131 1
54 142 1
54 151 1
54 153 1
54 156 1
54 163 1
55 66 1
55 78 1
55 89 1
55 117 1
55 141 1
55 146 1
55 147 1
55 151 1
55 166 1
56 68 1
56 78 1
56 80 1
56 84 1
56 99 1
56 108 1
56 109 1
56 128 1
56 131 1
56 132 1
56 134 1
56 137 1
56 141 1
56 154 1
56 156 1
56 157 1
56 160 1
56 162 1
56 166 1
56 167 1
57 59 1
57 60 1
57 62 1
57 83 1
57 93 1
57 109 1
57 118 1
57 131 1
57 140 1
57 151 1
58 70 1
58 90 1
58 96 1
58 99 1
58 116 1
58 128 1
58 129 1
58 135 1
58 144 1
58 151 1
58 152 1
58 156 1
58 159 1
58 169 1
59 63 1
59 66 1
59 69 1
59 85 1
59 87 1
59 92 1
59 113 1
59 128 1
59 132 1
59 138 1
59 147 1
59 149 1
59 163 1
60 61 1
60 67 1
60 70 1
60 76 1
60 86 1
60 89 1
60 101 1
60 105 1
60 124 1
60 125 1
60 126 1
60 137 1
60 139 1
60 140 1
60 148 1
60 149 1
60 153 1
61 67 1
61 86 1
61 97 1
61 110 1
61 125 1
61 135 1
61 136 1
61 153 1
61 161 1
62 64 1
62 75 1
62 80 1
62 83 1
62 86 1
62 95 1
62 144 1
62 145 1
62 149 1
62 151 1
62 157 1
63 64 1
63 75 1
63 88 1
63 106 1
63 107 1
63 117 1
63 121 1
63 133 1
63 144 1
63 152 1
63 154 1
64 100 1
64 105 1
64 107 1
64 118 1
64 127 1
64 130 1
64 142 1
65 72 1
65 78 1
65 82 1
65 97 1
65 101 1
65 102 1
65 119 1
65 134 1
65 140 1
65 150 1
65 158 1
65 161 1
66 74 1
66 76 1
66 82 1
66 95 1
66 99 1
66 110 1
66 115 1
66 131 1
66 148 1
66 154 1
66 169 1
67 73 1
67 81 1
67 104 1
67 119 1
67 134 1
67 154 1
67 155 1
67 158 1
68 81 1
68 82 1
68 88 1
68 92 1
68 96 1
68 101 1
68 104 1
68 114 1
68 129 1
68 138 1
68 145 1
68 153 1
68 159 1
68 162 1
68 165 1
68 167 1
69 79 1
69 86 1
69 98 1
69 103 1
69 126 1
69 130 1
69 153 1
69 158 1
69 159 1
69 166 1
69 168 1
70 76 1
70 83 1
70 88 1
70 89 1
70 99 1
70 101 1
70 104 1
70 105 1
70 106 1
70 107 1
70 108 1
70 114 1
70 115 1
70 123 1
70 139 1
70 154 1
70 157 1
71 83 1
71 99 1
71 117 1
71 124 1
71 125 1
71 134 1
71 136 1
71 152 1
71 158 1
72 81 1
72 91 1
72 94 1
72 95 1
72 97 1
72 125 1
72 132 1
72 135 1
72 137 1
72 148 1
72 160 1
72 161 1
73 78 1
73 100 1
73 102 1
73 110 1
73 114 1
73 124 1
73 129 1
73 132 1
73 140 1
73 143 1
73 147 1
73 151 1
73 160 1
73 164 1
73 169 1
74 78 1
74 81 1
74 114 1
74 121 1
74 132 1
74 134 1
74 142 1
74 169 1
75 84 1
75 97 1
75 100 1
75 104 1
75 116 1
75 122 1
75 124 1
75 142 1
75 145 1
75 155 1
76 87 1
76 99 1
76 106 1
76 109 1
76 115 1
76 120 1
76 125 1
76 143 1
76 163 1
76 169 1
77 78 1
77 96 1
77 103 1
77 116 1
77 140 1
77 146 1
77 147 1
77 149 1
77 154 1
77 155 1
77 162 1
77 166 1
78 79 1
78 85 1
78 87 1
78 102 1
78 105 1
78 117 1
78 129 1
78 167 1
79 83 1
79 84 1
79 85 1
79 86 1
79 89 1
79 91 1
79 94 1
79 108 1
79 116 1
79 117 1
79 123 1
79 128 1
79 129 1
79 133 1
79 135 1
79 137 1
79 140 1
79 141 1
79 144 1
79 160 1
79 166 1
80 83 1
80 99 1
80 100 1
80 101 1
80 103 1
80 104 1
80 117 1
80 123 1
80 139 1
80 154 1
80 164 1
81 85 1
81 86 1
81 93 1
81 111 1
81 115 1
81 127 1
81 131 1
81 141 1
81 143 1
81 154 1
81 155 1
81 169 1
82 83 1
82 100 1
82 101 1
82 105 1
82 116 1
82 117 1
82 133 1
82 137 1
82 155 1
83 92 1
83 93 1
83 96 1
83 109 1
83 123 1
83 157 1
83 160 1
83 169 1
84 88 1
84 93 1
84 97 1
84 107 1
84 111 1
84 114 1
84 115 1
84 124 1
84 135 1
84 142 1
84 157 1
84 166 1
84 168 1
85 87 1
85 104 1
85 112 1
85 116 1
85 121 1
85 125 1
85 145 1
85 153 1
85 159 1
85 168 1
86 105 1
86 119 1
86 122 1
86 126 1
86 127 1
86 135 1
86 155 1
86 159 1
87 107 1
87 136 1
87 144 1
87 150 1
87 163 1
88 89 1
88 103 1
88 105 1
88 114 1
88 126 1
88 128 1
88 133 1
88 137 1
88 138 1
88 143 1
88 144 1
88 155 1
88 161 1
88 169 1
89 113 1
89 115 1
89 120 1
89 124 1
89 128 1
89 136 1
89 145 1
89 157 1
89 161 1
89 165 1
89 167 1
90 100 1
90 109 1
90 113 1
90 127 1
90 145 1
90 147 1
90 150 1
90 152 1
90 153 1
91 95 1
91 106 1
91 128 1
91 129 1
91 141 1
91 142 1
91 157 1
92 105 1
92 110 1
92 113 1
92 121 1
92 125 1
92 127 1
92 137 1
92 140 1
92 141 1
92 148 1
92 151 1
92 169 1
93 102 1
93 109 1
93 124 1
93 129 1
93 130 1
93 135 1
93 136 1
93 139 1
93 144 1
93 154 1
93 161 1
93 165 1
94 119 1
94 120 1
94 146 1
94 152 1
95 115 1
95 139 1
95 141 1
95 143 1
95 152 1
95 159 1
95 164 1
95 165 1
95 166 1
96 98 1
96 99 1
96 115 1
96 116 1
96 128 1
96 146 1
96 148 1
96 161 1
97 98 1
97 100 1
97 121 1
97 126 1
97 137 1
97 142 1
97 160 1
98 106 1
98 107 1
98 115 1
98 118 1
98 122 1
98 126 1
98 128 1
98 139 1
98 150 1
98 152 1
98 156 1
98 168 1
99 101 1
99 115 1
99 120 1
99 129 1
99 131 1
99 135 1
99 140 1
99 141 1
99 153 1
99 158 1
100 109 1
100 129 1
100 132 1
100 138 1
100 148 1
101 114 1
101 124 1
101 128 1
101 143 1
101 156 1
102 122 1
102 127 1
102 128 1
102 135 1
102 137 1
102 146 1
102 166 1
102 167 1
103 108 1
103 113 1
103 127 1
103 133 1
103 141 1
103 150 1
103 153 1
103 155 1
103 169 1
104 121 1
104 123 1
104 126 1
104 143 1
104 145 1
104 147 1
104 152 1
104 154 1
105 119 1
105 122 1
105 125 1
105 130 1
105 134 1
105 138 1
105 148 1
105 163 1
105 166 1
106 116 1
106 158 1
107 110 1
107 119 1
107 123 1
107 124 1
107 125 1
107 126 1
107 133 1
107 134 1
107 138 1
107 139 1
107 142 1
107 159 1
107 166 1
107 168 1
107 169 1
108 116 1
108 117 1
108 130 1
108 155 1
108 165 1
108 166 1
108 167 1
108 168 1
108 169 1
109 119 1
109 120 1
109 128 1
109 130 1
110 119 1
110 146 1
110 147 1
110 150 1
110 153 1
110 163 1
110 164 1
111 123 1
111 125 1
112 113 1
112 127 1
112 132 1
112 133 1
112 139 1
112 144 1
112 158 1
113 115 1
113 124 1
113 129 1
113 136 1
113 155 1
113 160 1
114 116 1
114 125 1
114 126 1
114 128 1
114 133 1
114 147 1
114 154 1
114 158 1
114 167 1
114 168 1
115 116 1
115 120 1
115 123 1
115 151 1
115 154 1
115 169 1
116 121 1
116 122 1
116 150 1
116 154 1
116 155 1
116 167 1
117 120 1
117 130 1
117 132 1
117 142 1
117 147 1
117 155 1
117 163 1
117 166 1
117 169 1
118 130 1
118 134 1
118 143 1
118 147 1
118 154 1
118 157 1
119 128 1
119 142 1
119 151 1
119 152 1
119 155 1
119 158 1
120 128 1
120 130 1
120 140 1
120 142 1
121 134 1
121 167 1
122 127 1
122 129 1
122 136 1
122 141 1
122 146 1
122 160 1
122 162 1
123 133 1
123 135 1
123 137 1
123 142 1
123 162 1
123 165 1
124 132 1
124 142 1
124 150 1
124 158 1
125 129 1
125 138 1
125 151 1
125 157 1
125 163 1
125 165 1
126 128 1
126 135 1
126 137 1
126 139 1
126 150 1
126 153 1
126 157 1
127 131 1
127 148 1
127 150 1
128 134 1
128 137 1
128 140 1
128 157 1
128 167 1
129 130 1
129 131 1
129 133 1
129 140 1
129 163 1
129 167 1
130 134 1
130 138 1
130 155 1
130 166 1
130 168 1
131 145 1
131 155 1
131 167 1
131 169 1
132 135 1
132 148 1
132 162 1
133 137 1
133 164 1
133 169 1
134 139 1
134 154 1
134 163 1
134 165 1
135 143 1
135 156 1
136 138 1
136 141 1
136 157 1
136 160 1
136 163 1
136 164 1
137 155 1
137 165 1
138 141 1
138 143 1
138 147 1
138 153 1
138 166 1
139 145 1
139 152 1
139 156 1
139 159 1
139 164 1
139 167 1
139 168 1
141 146 1
141 152 1
141 161 1
141 163 1
142 144 1
142 147 1
142 150 1
142 159 1
142 161 1
143 145 1
143 156 1
143 157 1
143 160 1
144 145 1
144 156 1
144 160 1
145 158 1
146 154 1
146 155 1
146 161 1
147 164 1
147 165 1
147 169 1
148 157 1
148 162 1
148 165 1
149 155 1
149 165 1
150 157 1
150 161 1
150 168 1
151 155 1
153 154 1
153 161 1
153 163 1
153 164 1
153 166 1
155 161 1
155 163 1
157 165 1
157 169 1
158 159 1
158 161 1
158 169 1
159 166 1
161 163 1
162 167 1
168 169 1
1
55 20 159 22 10 166 132 23 110 74 27 147 117 87 35 65 29
