117
0 1 1
0 2 1
0 3 1
0 5 1
0 7 1
0 8 1
0 9 1
0 10 1
0 11 1
0 12 1
0 15 1
0 16 1
0 17 1
0 19 1
1 2 1
1 3 1
1 4 1
1 7 1
1 9 1
1 11 1
1 14 1
1 16 1
1 18 1
1 19 1
2 4 1
2 7 1
2 9 1
2 10 1
2 11 1
2 13 1
2 14 1
2 17 1
2 19 1
3 5 1
3 7 1
3 9 1
3 10 1
3 12 1
3 15 1
3 16 1
4 6 1
4 7 1
4 9 1
4 10 1
4 11 1
4 13 1
4 16 1
4 17 1
4 18 1
4 19 1
5 6 1
5 7 1
5 8 1
5 9 1
5 12 1
5 13 1
5 15 1
5 16 1
5 17 1
5 19 1
6 7 1
6 8 1
6 9 1
6 11 1
6 12 1
6 13 1
6 14 1
6 16 1
6 17 1
6 18 1
6 19 1
7 11 1
7 12 1
7 15 1
7 16 1
7 17 1
7 18 1
8 9 1
8 10 1
8 11 1
8 12 1
8 13 1
8 14 1
8 15 1
8 16 1
8 17 1
8 18 1
9 10 1
9 15 1
9 17 1
9 18 1
9 19 1
10 13 1
10 14 1
10 16 1
10 18 1
11 12 1
11 13 1
11 16 1
11 18 1
11 19 1
12 13 1
12 15 1
12 18 1
12 19 1
13 14 1
13 15 1
13 16 1
13 18 1
13 19 1
14 15 1
14 17 1
15 16 1
16 19 1
17 18 1
17 19 1
18 19 1
1
19 2
