694
0 1 1
0 2 1
0 5 1
0 12 1
0 13 1
0 15 1
0 19 1
0 24 1
0 29 1
0 31 1
0 33 1
0 35 1
0 36 1
0 37 1
0 38 1
0 40 1
0 41 1
0 44 1
0 45 1
0 57 1
0 68 1
0 73 1
0 74 1
1 4 1
1 6 1
1 8 1
1 9 1
1 12 1
1 14 1
1 25 1
1 34 1
1 35 1
1 36 1
1 53 1
1 54 1
1 57 1
1 70 1
2 16 1
2 18 1
2 27 1
2 38 1
2 40 1
2 41 1
2 42 1
2 57 1
2 58 1
2 59 1
2 62 1
2 63 1
2 64 1
2 66 1
2 73 1
2 75 1
2 76 1
3 4 1
3 6 1
3 8 1
3 9 1
3 13 1
3 15 1
3 20 1
3 21 1
3 23 1
3 25 1
3 43 1
3 45 1
3 53 1
3 55 1
3 64 1
3 65 1
3 71 1
3 78 1
4 22 1
4 27 1
4 28 1
4 41 1
4 45 1
4 47 1
4 48 1
4 51 1
4 74 1
5 8 1
5 14 1
5 16 1
5 18 1
5 20 1
5 21 1
5 30 1
5 31 1
5 34 1
5 48 1
5 59 1
5 61 1
5 66 1
5 71 1
6 8 1
6 13 1
6 14 1
6 22 1
6 23 1
6 24 1
6 25 1
6 30 1
6 42 1
6 44 1
6 45 1
6 47 1
6 48 1
6 50 1
6 55 1
6 59 1
6 62 1
6 63 1
6 77 1
7 12 1
7 13 1
7 23 1
7 28 1
7 41 1
7 46 1
7 49 1
7 54 1
7 65 1
7 76 1
8 16 1
8 22 1
8 23 1
8 24 1
8 27 1
8 28 1
8 31 1
8 39 1
8 44 1
8 49 1
8 50 1
8 53 1
8 70 1
8 78 1
9 11 1
9 13 1
9 16 1
9 25 1
9 28 1
9 33 1
9 34 1
9 42 1
9 48 1
9 49 1
9 53 1
9 54 1
9 69 1
10 17 1
10 21 1
10 23 1
10 30 1
10 32 1
10 33 1
10 47 1
10 52 1
10 57 1
10 66 1
10 69 1
10 72 1
10 79 1
11 21 1
11 23 1
11 30 1
11 34 1
11 38 1
11 57 1
11 58 1
11 63 1
11 67 1
11 78 1
12 17 1
12 18 1
12 23 1
12 25 1
12 28 1
12 33 1
12 34 1
12 41 1
12 43 1
12 46 1
12 47 1
12 49 1
12 51 1
12 54 1
12 57 1
12 66 1
12 79 1
13 28 1
13 33 1
13 42 1
13 45 1
13 53 1
13 65 1
13 67 1
13 68 1
13 69 1
13 77 1
14 18 1
14 28 1
14 31 1
14 33 1
14 38 1
14 47 1
14 60 1
14 61 1
14 62 1
14 73 1
14 74 1
14 76 1
14 78 1
15 20 1
15 23 1
15 26 1
15 28 1
15 35 1
15 36 1
15 39 1
15 57 1
15 58 1
15 60 1
15 67 1
16 19 1
16 30 1
16 31 1
16 32 1
16 33 1
16 36 1
16 39 1
16 40 1
16 43 1
16 46 1
16 50 1
16 51 1
16 54 1
16 56 1
16 57 1
16 61 1
16 65 1
16 66 1
16 71 1
16 73 1
17 33 1
17 34 1
17 37 1
17 46 1
17 49 1
17 53 1
17 55 1
17 59 1
17 62 1
17 63 1
17 65 1
17 68 1
17 73 1
17 74 1
17 77 1
18 19 1
18 22 1
18 24 1
18 26 1
18 28 1
18 30 1
18 31 1
18 32 1
18 41 1
18 43 1
18 48 1
18 58 1
18 60 1
18 73 1
18 74 1
18 79 1
19 31 1
19 38 1
19 39 1
19 41 1
19 55 1
19 57 1
19 62 1
19 67 1
19 69 1
19 74 1
19 76 1
19 79 1
20 21 1
20 22 1
20 29 1
20 34 1
20 38 1
20 40 1
20 49 1
20 69 1
20 76 1
21 22 1
21 30 1
21 38 1
21 40 1
21 47 1
21 52 1
21 54 1
21 67 1
21 74 1
21 77 1
22 23 1
22 24 1
22 31 1
22 45 1
22 46 1
22 49 1
22 52 1
22 55 1
22 64 1
22 65 1
22 66 1
22 73 1
22 76 1
22 78 1
23 24 1
23 27 1
23 35 1
23 38 1
23 43 1
23 46 1
23 53 1
23 54 1
23 58 1
23 66 1
23 69 1
23 70 1
23 72 1
23 73 1
24 28 1
24 31 1
24 38 1
24 39 1
24 41 1
24 42 1
24 44 1
24 50 1
24 52 1
24 59 1
24 71 1
24 74 1
24 76 1
25 26 1
25 27 1
25 35 1
25 37 1
25 39 1
25 40 1
25 44 1
25 49 1
25 50 1
25 52 1
25 59 1
25 60 1
25 71 1
25 76 1
25 77 1
26 28 1
26 33 1
26 35 1
26 38 1
26 41 1
26 42 1
26 47 1
26 48 1
26 58 1
26 70 1
26 71 1
26 72 1
26 73 1
26 77 1
27 29 1
27 30 1
27 32 1
27 34 1
27 39 1
27 42 1
27 45 1
27 47 1
27 48 1
27 50 1
27 53 1
27 55 1
27 61 1
27 64 1
27 65 1
27 67 1
28 32 1
28 35 1
28 40 1
28 42 1
28 45 1
28 48 1
28 50 1
28 52 1
28 58 1
28 59 1
28 77 1
29 34 1
29 36 1
29 37 1
29 40 1
29 46 1
29 53 1
29 57 1
29 58 1
29 59 1
29 63 1
29 68 1
29 72 1
29 73 1
29 75 1
29 78 1
30 38 1
30 44 1
30 45 1
30 49 1
30 52 1
30 53 1
30 58 1
30 59 1
30 61 1
30 65 1
30 67 1
30 76 1
31 43 1
31 46 1
31 47 1
31 55 1
31 56 1
31 60 1
31 62 1
31 64 1
31 68 1
31 69 1
32 39 1
32 42 1
32 46 1
32 48 1
32 52 1
32 53 1
32 58 1
32 62 1
32 72 1
33 35 1
33 37 1
33 54 1
33 56 1
33 58 1
33 61 1
33 65 1
33 66 1
33 68 1
33 69 1
33 72 1
33 77 1
33 79 1
34 42 1
34 44 1
34 45 1
34 52 1
34 58 1
34 66 1
34 68 1
34 69 1
34 70 1
34 76 1
35 40 1
35 42 1
35 43 1
35 44 1
35 48 1
35 54 1
35 56 1
35 58 1
35 59 1
35 62 1
35 63 1
35 69 1
36 39 1
36 40 1
36 43 1
36 45 1
36 47 1
36 55 1
36 63 1
36 64 1
37 39 1
37 41 1
37 45 1
37 55 1
37 58 1
37 66 1
37 73 1
37 74 1
37 78 1
38 43 1
38 54 1
38 55 1
38 56 1
38 61 1
38 62 1
38 63 1
38 65 1
38 74 1
38 76 1
38 77 1
38 78 1
39 49 1
39 51 1
39 63 1
39 69 1
39 71 1
39 72 1
39 77 1
40 41 1
40 48 1
40 49 1
40 52 1
40 53 1
40 61 1
40 64 1
40 72 1
40 76 1
41 48 1
41 58 1
41 62 1
41 64 1
41 66 1
41 70 1
42 57 1
42 72 1
42 74 1
42 75 1
42 77 1
43 44 1
43 53 1
43 54 1
43 56 1
43 62 1
43 72 1
43 73 1
44 54 1
44 57 1
44 66 1
44 69 1
44 71 1
44 72 1
44 77 1
44 78 1
45 53 1
45 56 1
45 59 1
45 61 1
45 64 1
45 66 1
45 74 1
46 51 1
46 53 1
46 56 1
46 58 1
46 59 1
46 60 1
46 62 1
46 66 1
46 72 1
46 73 1
46 77 1
47 52 1
47 61 1
47 63 1
47 72 1
47 75 1
47 76 1
47 78 1
47 79 1
48 49 1
48 50 1
48 51 1
48 52 1
48 57 1
48 59 1
48 65 1
48 76 1
48 77 1
49 50 1
49 53 1
49 57 1
49 60 1
49 61 1
49 69 1
49 72 1
49 78 1
49 79 1
50 53 1
50 57 1
50 58 1
50 61 1
50 67 1
50 68 1
50 73 1
51 55 1
51 58 1
51 61 1
51 62 1
51 66 1
51 67 1
51 68 1
51 71 1
51 73 1
51 75 1
51 79 1
52 62 1
52 64 1
52 71 1
52 77 1
52 78 1
53 58 1
53 62 1
53 66 1
53 69 1
53 70 1
53 74 1
53 75 1
53 76 1
54 55 1
54 61 1
54 62 1
54 65 1
54 68 1
54 71 1
54 73 1
54 74 1
54 75 1
54 77 1
55 63 1
55 70 1
55 78 1
56 57 1
56 60 1
56 61 1
56 63 1
56 67 1
56 73 1
57 58 1
57 61 1
57 72 1
57 79 1
58 70 1
58 72 1
58 73 1
58 76 1
59 64 1
59 76 1
60 66 1
60 76 1
61 67 1
61 73 1
61 76 1
61 77 1
62 63 1
62 64 1
62 66 1
62 69 1
62 75 1
62 76 1
63 66 1
63 71 1
64 71 1
64 76 1
65 76 1
66 69 1
66 73 1
67 70 1
68 69 1
68 71 1
68 72 1
68 77 1
69 71 1
70 76 1
71 73 1
72 74 1
72 75 1
74 75 1
74 79 1
75 78 1
77 78 1
77 79 1
1
10 26 33 17 60 37 61 65
