1685
0 6 1
0 8 1
0 26 1
0 34 1
0 54 1
0 60 1
0 64 1
0 69 1
0 70 1
0 85 1
0 87 1
0 93 1
0 99 1
0 108 1
0 114 1
0 123 1
0 127 1
0 129 1
0 130 1
0 145 1
0 150 1
0 155 1
0 159 1
0 163 1
0 169 1
1 22 1
1 23 1
1 29 1
1 34 1
1 36 1
1 42 1
1 45 1
1 54 1
1 58 1
1 62 1
1 84 1
1 87 1
1 107 1
1 113 1
1 119 1
1 131 1
1 137 1
1 146 1
1 156 1
1 157 1
1 159 1
1 164 1
2 3 1
2 8 1
2 19 1
2 22 1
2 26 1
2 27 1
2 28 1
2 39 1
2 47 1
2 68 1
2 104 1
2 132 1
2 156 1
2 163 1
2 168 1
3 14 1
3 16 1
3 22 1
3 51 1
3 53 1
3 71 1
3 76 1
3 83 1
3 85 1
3 89 1
3 146 1
3 147 1
3 153 1
3 161 1
4 13 1
4 34 1
4 36 1
4 43 1
4 51 1
4 52 1
4 62 1
4 76 1
4 90 1
4 112 1
4 118 1
4 119 1
4 127 1
4 133 1
4 153 1
4 155 1
4 163 1
4 166 1
5 20 1
5 23 1
5 41 1
5 42 1
5 46 1
5 54 1
5 70 1
5 84 1
5 87 1
5 90 1
5 91 1
5 104 1
5 105 1
5 116 1
5 135 1
5 146 1
5 153 1
6 21 1
6 26 1
6 34 1
6 35 1
6 44 1
6 52 1
6 68 1
6 71 1
6 98 1
6 110 1
6 124 1
6 128 1
6 144 1
6 148 1
6 155 1
6 169 1
7 8 1
7 18 1
7 33 1
7 52 1
7 66 1
7 72 1
7 74 1
7 77 1
7 115 1
7 125 1
7 148 1
7 159 1
7 167 1
8 29 1
8 42 1
8 54 1
8 58 1
8 61 1
8 67 1
8 68 1
8 82 1
8 91 1
8 94 1
8 104 1
8 107 1
8 145 1
8 159 1
8 164 1
9 32 1
9 56 1
9 66 1
9 69 1
9 71 1
9 74 1
9 88 1
9 101 1
9 111 1
9 114 1
9 128 1
9 139 1
9 140 1
9 149 1
10 14 1
10 17 1
10 35 1
10 41 1
10 43 1
10 63 1
10 65 1
10 69 1
10 74 1
10 75 1
10 80 1
10 93 1
10 99 1
10 103 1
10 112 1
10 122 1
10 123 1
10 124 1
10 127 1
10 149 1
10 155 1
10 163 1
10 167 1
10 168 1
11 21 1
11 26 1
11 41 1
11 50 1
11 57 1
11 80 1
11 83 1
11 84 1
11 89 1
11 93 1
11 107 1
11 123 1
11 131 1
11 138 1
11 148 1
11 156 1
11 167 1
12 14 1
12 36 1
12 46 1
12 52 1
12 74 1
12 81 1
12 111 1
12 117 1
12 124 1
12 127 1
12 128 1
12 129 1
12 137 1
12 146 1
12 158 1
13 16 1
13 17 1
13 18 1
13 47 1
13 51 1
13 58 1
13 71 1
13 82 1
13 86 1
13 88 1
13 89 1
13 99 1
13 100 1
13 101 1
13 113 1
13 127 1
13 138 1
13 148 1
13 162 1
14 16 1
14 27 1
14 31 1
14 40 1
14 43 1
14 49 1
14 50 1
14 55 1
14 65 1
14 70 1
14 77 1
14 79 1
14 82 1
14 119 1
14 127 1
14 133 1
14 157 1
14 159 1
15 22 1
15 28 1
15 35 1
15 37 1
15 38 1
15 46 1
15 49 1
15 53 1
15 55 1
15 80 1
15 83 1
15 101 1
15 104 1
15 124 1
15 129 1
15 131 1
15 132 1
15 140 1
15 148 1
15 152 1
15 156 1
15 159 1
15 160 1
16 22 1
16 29 1
16 34 1
16 37 1
16 61 1
16 74 1
16 83 1
16 84 1
16 85 1
16 104 1
16 119 1
16 120 1
16 129 1
16 133 1
16 151 1
16 157 1
16 167 1
16 168 1
16 169 1
17 21 1
17 25 1
17 26 1
17 35 1
17 43 1
17 52 1
17 60 1
17 64 1
17 95 1
17 128 1
17 131 1
17 140 1
17 157 1
17 161 1
17 165 1
17 168 1
18 20 1
18 23 1
18 24 1
18 37 1
18 38 1
18 39 1
18 48 1
18 53 1
18 54 1
18 66 1
18 78 1
18 80 1
18 96 1
18 98 1
18 105 1
18 108 1
18 111 1
18 127 1
18 156 1
18 161 1
18 162 1
19 34 1
19 45 1
19 59 1
19 81 1
19 95 1
19 109 1
19 116 1
19 119 1
19 122 1
19 124 1
19 127 1
19 135 1
19 154 1
20 33 1
20 48 1
20 64 1
20 65 1
20 67 1
20 77 1
20 85 1
20 94 1
20 99 1
20 113 1
20 129 1
20 159 1
20 164 1
21 28 1
21 33 1
21 43 1
21 48 1
21 68 1
21 91 1
21 93 1
21 101 1
21 107 1
21 130 1
21 133 1
21 143 1
21 163 1
21 165 1
21 167 1
21 168 1
22 38 1
22 43 1
22 64 1
22 65 1
22 78 1
22 82 1
22 85 1
22 87 1
22 93 1
22 97 1
22 98 1
22 102 1
22 106 1
22 122 1
22 128 1
22 137 1
22 142 1
22 148 1
22 153 1
22 167 1
23 36 1
23 41 1
23 43 1
23 46 1
23 47 1
23 73 1
23 80 1
23 89 1
23 92 1
23 112 1
23 129 1
23 136 1
23 141 1
23 147 1
23 150 1
23 164 1
24 30 1
24 31 1
24 38 1
24 53 1
24 58 1
24 60 1
24 63 1
24 64 1
24 74 1
24 86 1
24 104 1
24 112 1
24 135 1
24 140 1
24 145 1
24 163 1
24 165 1
25 26 1
25 27 1
25 32 1
25 38 1
25 50 1
25 51 1
25 55 1
25 58 1
25 67 1
25 69 1
25 79 1
25 86 1
25 87 1
25 88 1
25 92 1
25 102 1
25 116 1
25 119 1
25 131 1
25 135 1
25 151 1
25 163 1
26 33 1
26 41 1
26 45 1
26 54 1
26 58 1
26 64 1
26 69 1
26 74 1
26 87 1
26 97 1
26 108 1
26 110 1
26 111 1
26 114 1
26 130 1
26 151 1
26 159 1
26 160 1
27 37 1
27 40 1
27 56 1
27 61 1
27 73 1
27 91 1
27 94 1
27 100 1
27 101 1
27 105 1
27 107 1
27 113 1
27 131 1
27 133 1
27 136 1
27 140 1
27 154 1
27 156 1
27 161 1
27 165 1
27 169 1
28 39 1
28 41 1
28 42 1
28 46 1
28 49 1
28 67 1
28 72 1
28 93 1
28 95 1
28 114 1
28 129 1
28 137 1
28 138 1
28 139 1
28 142 1
28 144 1
28 151 1
28 153 1
28 158 1
28 163 1
28 166 1
28 167 1
29 38 1
29 41 1
29 53 1
29 62 1
29 66 1
29 72 1
29 78 1
29 82 1
29 89 1
29 117 1
29 132 1
29 133 1
29 143 1
29 148 1
29 151 1
29 153 1
29 164 1
29 165 1
29 168 1
30 55 1
30 59 1
30 67 1
30 79 1
30 81 1
30 85 1
30 91 1
30 93 1
30 103 1
30 104 1
30 106 1
30 107 1
30 113 1
30 115 1
30 125 1
30 132 1
30 158 1
31 40 1
31 42 1
31 51 1
31 62 1
31 70 1
31 74 1
31 79 1
31 87 1
31 92 1
31 104 1
31 149 1
31 156 1
31 159 1
31 168 1
32 40 1
32 41 1
32 64 1
32 65 1
32 75 1
32 77 1
32 84 1
32 88 1
32 90 1
32 93 1
32 95 1
32 97 1
32 99 1
32 100 1
32 111 1
32 115 1
32 119 1
32 138 1
32 139 1
32 156 1
33 46 1
33 48 1
33 61 1
33 114 1
33 115 1
33 131 1
33 141 1
33 156 1
33 161 1
34 43 1
34 44 1
34 56 1
34 62 1
34 68 1
34 82 1
34 86 1
34 95 1
34 106 1
34 109 1
34 112 1
34 114 1
34 118 1
34 121 1
34 133 1
34 139 1
34 144 1
34 159 1
34 166 1
35 48 1
35 50 1
35 58 1
35 66 1
35 67 1
35 73 1
35 78 1
35 83 1
35 88 1
35 92 1
35 96 1
35 101 1
35 105 1
35 134 1
35 159 1
35 161 1
35 165 1
35 166 1
36 50 1
36 51 1
36 58 1
36 68 1
36 70 1
36 71 1
36 74 1
36 83 1
36 91 1
36 102 1
36 116 1
36 121 1
36 126 1
36 133 1
36 151 1
36 154 1
36 158 1
36 167 1
37 39 1
37 44 1
37 48 1
37 50 1
37 51 1
37 52 1
37 87 1
37 92 1
37 101 1
37 110 1
37 113 1
37 124 1
37 145 1
37 153 1
37 154 1
37 161 1
38 57 1
38 63 1
38 89 1
38 98 1
38 105 1
38 109 1
38 119 1
38 126 1
38 144 1
39 49 1
39 60 1
39 69 1
39 70 1
39 74 1
39 87 1
39 90 1
39 101 1
39 109 1
39 111 1
39 127 1
39 139 1
39 142 1
39 161 1
39 163 1
39 165 1
39 168 1
39 169 1
40 63 1
40 64 1
40 69 1
40 77 1
40 83 1
40 84 1
40 87 1
40 100 1
40 109 1
40 112 1
40 119 1
40 125 1
40 142 1
40 145 1
40 147 1
40 161 1
40 163 1
40 164 1
40 167 1
41 42 1
41 56 1
41 75 1
41 79 1
41 80 1
41 93 1
41 103 1
41 104 1
41 110 1
41 115 1
41 118 1
41 119 1
41 135 1
41 147 1
41 152 1
41 159 1
41 163 1
41 167 1
42 51 1
42 59 1
42 60 1
42 71 1
42 79 1
42 86 1
42 97 1
42 98 1
42 110 1
42 113 1
42 114 1
42 130 1
42 149 1
42 164 1
42 165 1
43 45 1
43 50 1
43 62 1
43 77 1
43 96 1
43 107 1
43 120 1
43 134 1
43 139 1
43 151 1
43 159 1
43 161 1
43 163 1
44 62 1
44 72 1
44 90 1
44 95 1
44 103 1
44 112 1
44 117 1
44 120 1
44 123 1
44 128 1
44 129 1
44 137 1
44 139 1
44 140 1
44 146 1
44 148 1
44 169 1
45 56 1
45 62 1
45 66 1
45 104 1
45 109 1
45 113 1
45 114 1
45 120 1
45 121 1
45 124 1
45 125 1
45 133 1
45 139 1
45 151 1
45 154 1
45 157 1
45 158 1
45 168 1
46 47 1
46 59 1
46 69 1
46 70 1
46 73 1
46 82 1
46 118 1
46 123 1
46 128 1
46 145 1
46 149 1
46 164 1
47 48 1
47 60 1
47 73 1
47 74 1
47 79 1
47 101 1
47 109 1
47 125 1
47 127 1
47 144 1
47 155 1
47 157 1
47 168 1
48 49 1
48 65 1
48 84 1
48 92 1
48 93 1
48 103 1
48 126 1
48 127 1
48 130 1
48 138 1
48 139 1
48 143 1
48 144 1
48 145 1
48 167 1
49 78 1
49 87 1
49 102 1
49 109 1
49 120 1
49 146 1
49 154 1
49 162 1
49 163 1
50 92 1
50 97 1
50 108 1
50 119 1
50 126 1
50 135 1
50 140 1
50 143 1
50 148 1
50 150 1
50 159 1
51 54 1
51 60 1
51 80 1
51 82 1
51 95 1
51 96 1
51 108 1
51 109 1
51 111 1
51 117 1
51 121 1
51 128 1
51 130 1
51 132 1
51 145 1
51 147 1
51 167 1
52 54 1
52 57 1
52 65 1
52 73 1
52 80 1
52 101 1
52 109 1
52 115 1
52 121 1
52 163 1
53 56 1
53 58 1
53 60 1
53 64 1
53 65 1
53 75 1
53 79 1
53 83 1
53 85 1
53 89 1
53 94 1
53 95 1
53 111 1
53 113 1
53 115 1
53 125 1
53 130 1
53 133 1
53 137 1
53 142 1
53 143 1
53 157 1
53 160 1
53 169 1
54 55 1
54 57 1
54 67 1
54 83 1
54 100 1
54 103 1
54 116 1
54 132 1
54 133 1
54 134 1
54 150 1
54 169 1
55 64 1
55 70 1
55 94 1
55 96 1
55 100 1
55 101 1
55 125 1
55 130 1
55 145 1
55 158 1
55 159 1
56 61 1
56 80 1
56 93 1
56 105 1
56 113 1
56 119 1
56 121 1
56 155 1
56 159 1
57 65 1
57 78 1
57 104 1
57 116 1
57 130 1
57 141 1
57 148 1
57 149 1
58 67 1
58 94 1
58 116 1
58 122 1
58 123 1
58 128 1
58 141 1
58 147 1
58 151 1
58 154 1
58 157 1
58 160 1
58 162 1
58 167 1
59 66 1
59 83 1
59 88 1
59 102 1
59 113 1
59 120 1
59 137 1
60 65 1
60 77 1
60 85 1
60 102 1
60 114 1
60 120 1
60 135 1
60 144 1
61 70 1
61 77 1
61 94 1
61 99 1
61 101 1
61 124 1
61 126 1
61 129 1
61 133 1
61 147 1
61 165 1
62 88 1
62 98 1
62 103 1
62 117 1
62 123 1
62 124 1
62 129 1
62 150 1
62 154 1
62 160 1
62 169 1
63 64 1
63 71 1
63 72 1
63 85 1
63 88 1
63 99 1
63 102 1
63 112 1
63 120 1
63 131 1
63 137 1
63 142 1
64 70 1
64 74 1
64 75 1
64 76 1
64 94 1
64 101 1
64 118 1
64 124 1
64 125 1
64 133 1
64 134 1
64 149 1
65 79 1
65 82 1
65 94 1
65 112 1
65 121 1
65 122 1
65 125 1
65 134 1
65 140 1
65 143 1
65 148 1
65 152 1
66 72 1
66 76 1
66 94 1
66 96 1
66 127 1
66 136 1
66 148 1
66 157 1
66 167 1
67 83 1
67 85 1
67 90 1
67 131 1
67 136 1
67 145 1
67 148 1
67 151 1
67 169 1
68 74 1
68 75 1
68 78 1
68 81 1
68 83 1
68 87 1
68 91 1
68 103 1
68 118 1
68 120 1
68 122 1
68 128 1
68 131 1
68 137 1
68 155 1
68 158 1
68 162 1
68 169 1
69 70 1
69 94 1
69 97 1
69 99 1
69 100 1
69 109 1
69 130 1
69 133 1
69 139 1
69 140 1
69 149 1
69 151 1
69 168 1
70 82 1
70 98 1
70 101 1
70 102 1
70 103 1
70 109 1
70 115 1
70 121 1
70 135 1
70 138 1
70 163 1
70 164 1
71 85 1
71 88 1
71 91 1
71 96 1
71 97 1
71 113 1
71 114 1
71 124 1
71 133 1
71 143 1
71 152 1
71 154 1
71 155 1
71 158 1
71 163 1
71 165 1
72 74 1
72 75 1
72 80 1
72 81 1
72 82 1
72 90 1
72 92 1
72 102 1
72 110 1
72 115 1
72 116 1
72 144 1
72 148 1
72 161 1
73 80 1
73 85 1
73 102 1
73 104 1
73 115 1
73 131 1
73 135 1
73 147 1
73 148 1
73 154 1
73 162 1
73 169 1
74 78 1
74 85 1
74 87 1
74 88 1
74 95 1
74 99 1
74 100 1
74 104 1
74 115 1
74 119 1
74 146 1
74 154 1
74 167 1
74 168 1
75 76 1
75 83 1
75 100 1
75 125 1
75 141 1
75 142 1
76 82 1
76 83 1
76 85 1
76 102 1
76 103 1
76 117 1
76 118 1
76 119 1
76 129 1
76 138 1
76 141 1
76 146 1
76 152 1
76 156 1
76 161 1
76 164 1
77 80 1
77 82 1
77 84 1
77 86 1
77 89 1
77 93 1
77 97 1
77 104 1
77 106 1
77 108 1
77 119 1
77 127 1
77 134 1
77 140 1
77 146 1
77 151 1
77 156 1
78 87 1
78 93 1
78 96 1
78 97 1
78 98 1
78 104 1
78 130 1
78 140 1
78 155 1
79 89 1
79 109 1
79 114 1
79 144 1
80 84 1
80 108 1
80 109 1
80 124 1
80 136 1
80 142 1
80 151 1
80 152 1
80 157 1
80 167 1
81 108 1
81 112 1
81 118 1
81 123 1
81 127 1
81 142 1
81 161 1
81 168 1
82 84 1
82 85 1
82 90 1
82 98 1
82 120 1
82 129 1
82 130 1
82 132 1
82 137 1
82 151 1
82 154 1
82 167 1
82 169 1
83 89 1
83 91 1
83 101 1
83 104 1
83 111 1
83 123 1
83 124 1
83 130 1
83 138 1
83 141 1
83 156 1
83 165 1
84 86 1
84 97 1
84 98 1
84 106 1
84 111 1
84 113 1
84 116 1
84 124 1
84 132 1
84 134 1
84 144 1
84 150 1
84 157 1
84 163 1
84 166 1
85 89 1
85 91 1
85 93 1
85 110 1
85 115 1
85 123 1
85 124 1
85 127 1
85 137 1
85 139 1
85 149 1
85 151 1
86 91 1
86 114 1
86 116 1
86 122 1
86 130 1
86 146 1
86 167 1
87 90 1
87 105 1
87 110 1
87 116 1
87 122 1
87 129 1
87 154 1
87 165 1
88 90 1
88 112 1
88 123 1
88 125 1
88 130 1
88 133 1
88 142 1
88 143 1
89 100 1
89 101 1
89 104 1
89 112 1
89 113 1
89 125 1
89 134 1
89 152 1
90 95 1
90 110 1
90 120 1
90 124 1
90 126 1
90 129 1
90 147 1
90 162 1
91 96 1
91 98 1
91 101 1
91 102 1
91 107 1
91 118 1
91 121 1
91 145 1
91 149 1
91 153 1
91 165 1
92 94 1
92 102 1
92 106 1
92 136 1
92 137 1
92 145 1
92 146 1
92 159 1
92 165 1
93 98 1
93 107 1
93 109 1
93 139 1
93 150 1
93 151 1
93 152 1
93 157 1
94 97 1
94 100 1
94 109 1
94 121 1
94 123 1
94 147 1
95 100 1
95 120 1
95 127 1
95 130 1
95 132 1
95 141 1
95 148 1
95 150 1
95 154 1
96 97 1
96 101 1
96 104 1
96 108 1
96 110 1
96 116 1
96 118 1
96 141 1
96 143 1
96 150 1
96 158 1
96 162 1
97 105 1
97 107 1
97 109 1
97 123 1
97 124 1
97 125 1
97 134 1
97 141 1
97 145 1
97 150 1
98 107 1
98 125 1
98 132 1
98 134 1
98 139 1
98 162 1
98 168 1
99 100 1
99 105 1
99 131 1
99 133 1
99 157 1
99 159 1
99 162 1
99 168 1
99 169 1
100 127 1
100 129 1
100 132 1
100 137 1
100 145 1
100 149 1
100 151 1
100 168 1
101 112 1
101 118 1
101 124 1
101 132 1
101 136 1
101 144 1
101 158 1
102 120 1
102 127 1
102 137 1
102 151 1
102 160 1
102 164 1
103 104 1
103 114 1
103 132 1
104 110 1
104 139 1
104 155 1
104 165 1
104 169 1
105 111 1
105 116 1
105 120 1
105 121 1
105 128 1
105 147 1
105 156 1
105 162 1
105 166 1
106 114 1
106 116 1
106 132 1
106 138 1
106 142 1
106 158 1
106 159 1
106 164 1
107 116 1
107 122 1
107 123 1
107 124 1
107 156 1
107 165 1
108 123 1
108 134 1
108 135 1
108 140 1
108 145 1
108 169 1
109 111 1
109 119 1
109 130 1
109 165 1
110 126 1
110 136 1
110 149 1
110 157 1
110 169 1
111 113 1
111 117 1
111 121 1
111 128 1
111 135 1
111 138 1
111 147 1
111 156 1
111 163 1
112 116 1
112 125 1
112 126 1
112 133 1
112 144 1
112 145 1
112 146 1
112 155 1
112 163 1
112 166 1
113 137 1
113 138 1
113 154 1
113 161 1
113 163 1
113 167 1
114 121 1
114 137 1
114 138 1
114 145 1
114 148 1
114 151 1
114 160 1
114 162 1
114 164 1
115 131 1
115 146 1
115 149 1
115 154 1
115 159 1
115 163 1
115 168 1
116 118 1
116 126 1
116 133 1
116 153 1
116 154 1
116 163 1
117 121 1
117 135 1
117 136 1
117 142 1
117 164 1
117 168 1
117 169 1
118 119 1
118 123 1
118 131 1
118 132 1
118 143 1
118 160 1
118 161 1
118 166 1
119 121 1
119 124 1
119 139 1
119 164 1
120 121 1
120 146 1
120 153 1
120 161 1
121 126 1
121 137 1
121 141 1
121 152 1
121 154 1
122 135 1
122 152 1
122 153 1
122 154 1
122 156 1
122 160 1
123 135 1
123 149 1
123 158 1
123 161 1
124 135 1
124 136 1
124 139 1
124 140 1
124 168 1
125 133 1
125 146 1
125 153 1
125 158 1
125 163 1
125 164 1
125 167 1
126 127 1
126 131 1
126 146 1
126 151 1
127 128 1
127 150 1
127 154 1
127 161 1
127 165 1
128 130 1
128 132 1
128 134 1
128 135 1
128 139 1
128 140 1
128 144 1
128 147 1
128 153 1
128 154 1
128 162 1
128 163 1
129 132 1
129 141 1
129 150 1
129 163 1
130 148 1
130 152 1
130 156 1
130 163 1
131 133 1
131 135 1
131 145 1
131 148 1
131 149 1
131 152 1
131 155 1
131 157 1
132 140 1
132 156 1
132 167 1
133 134 1
133 139 1
133 143 1
133 148 1
133 150 1
133 151 1
133 159 1
133 160 1
133 165 1
134 143 1
134 152 1
135 138 1
135 154 1
135 157 1
135 167 1
136 148 1
136 151 1
136 160 1
136 162 1
136 168 1
137 139 1
137 157 1
138 140 1
138 143 1
138 145 1
138 158 1
138 159 1
138 161 1
138 164 1
139 142 1
139 161 1
139 166 1
140 145 1
140 147 1
140 148 1
140 152 1
140 153 1
140 156 1
140 158 1
140 163 1
140 166 1
141 149 1
141 151 1
142 144 1
142 161 1
142 164 1
142 167 1
143 152 1
144 147 1
144 148 1
144 166 1
146 159 1
146 162 1
147 169 1
148 152 1
148 158 1
148 162 1
148 165 1
149 155 1
149 159 1
149 161 1
149 167 1
150 157 1
151 154 1
152 157 1
152 161 1
152 166 1
152 168 1
153 161 1
153 162 1
153 168 1
153 169 1
155 165 1
155 168 1
155 169 1
156 159 1
156 161 1
156 162 1
156 166 1
156 169 1
157 163 1
158 162 1
159 167 1
160 162 1
160 165 1
160 168 1
162 168 1
167 168 1
1
79 0 26 84 42 49 104 2 128 166 114 92 68 109 85 53 11
