1599
0 9 1
0 10 1
0 62 1
0 63 1
0 68 1
0 72 1
0 73 1
0 75 1
0 80 1
0 97 1
0 99 1
0 101 1
0 118 1
0 130 1
0 133 1
0 138 1
0 146 1
1 14 1
1 20 1
1 27 1
1 45 1
1 47 1
1 50 1
1 51 1
1 72 1
1 79 1
1 85 1
1 86 1
1 95 1
1 109 1
1 113 1
1 127 1
1 145 1
1 147 1
2 4 1
2 19 1
2 23 1
2 27 1
2 35 1
2 48 1
2 64 1
2 79 1
2 104 1
2 125 1
2 137 1
2 141 1
2 154 1
2 155 1
3 12 1
3 37 1
3 39 1
3 42 1
3 57 1
3 67 1
3 79 1
3 92 1
3 96 1
3 105 1
3 110 1
3 117 1
3 131 1
3 133 1
3 135 1
3 139 1
3 154 1
4 7 1
4 9 1
4 11 1
4 15 1
4 24 1
4 75 1
4 85 1
4 97 1
4 100 1
4 109 1
4 112 1
4 122 1
4 125 1
4 126 1
4 131 1
4 151 1
4 153 1
4 154 1
5 7 1
5 14 1
5 30 1
5 58 1
5 60 1
5 69 1
5 71 1
5 86 1
5 89 1
5 96 1
5 104 1
5 107 1
5 118 1
5 120 1
5 131 1
5 134 1
5 137 1
5 146 1
5 148 1
5 151 1
5 155 1
6 15 1
6 16 1
6 18 1
6 19 1
6 25 1
6 27 1
6 32 1
6 33 1
6 37 1
6 46 1
6 53 1
6 64 1
6 72 1
6 73 1
6 86 1
6 89 1
6 98 1
6 100 1
6 103 1
6 105 1
6 108 1
6 123 1
6 142 1
6 143 1
7 8 1
7 13 1
7 14 1
7 22 1
7 29 1
7 35 1
7 44 1
7 52 1
7 54 1
7 55 1
7 59 1
7 62 1
7 63 1
7 68 1
7 80 1
7 84 1
7 85 1
7 100 1
7 109 1
7 130 1
7 138 1
7 139 1
7 145 1
7 152 1
8 9 1
8 19 1
8 38 1
8 49 1
8 58 1
8 100 1
8 103 1
8 107 1
8 115 1
8 123 1
8 133 1
8 138 1
8 140 1
8 152 1
9 10 1
9 11 1
9 16 1
9 28 1
9 45 1
9 46 1
9 52 1
9 62 1
9 66 1
9 70 1
9 77 1
9 81 1
9 86 1
9 101 1
9 109 1
9 115 1
9 116 1
9 120 1
9 123 1
9 124 1
9 129 1
9 144 1
10 15 1
10 20 1
10 22 1
10 50 1
10 59 1
10 71 1
10 82 1
10 83 1
10 96 1
10 100 1
10 109 1
10 153 1
10 158 1
11 17 1
11 20 1
11 32 1
11 44 1
11 52 1
11 59 1
11 64 1
11 67 1
11 71 1
11 73 1
11 75 1
11 76 1
11 78 1
11 80 1
11 100 1
11 107 1
11 115 1
11 126 1
11 144 1
11 152 1
11 153 1
12 18 1
12 35 1
12 39 1
12 40 1
12 54 1
12 57 1
12 67 1
12 69 1
12 70 1
12 74 1
12 89 1
12 100 1
12 105 1
12 130 1
12 134 1
12 146 1
12 150 1
12 152 1
12 153 1
12 155 1
12 156 1
13 35 1
13 61 1
13 63 1
13 65 1
13 83 1
13 90 1
13 98 1
13 99 1
13 102 1
13 110 1
13 113 1
13 120 1
13 134 1
13 139 1
13 141 1
13 142 1
13 145 1
13 147 1
13 148 1
13 157 1
14 17 1
14 22 1
14 27 1
14 29 1
14 37 1
14 39 1
14 40 1
14 43 1
14 52 1
14 54 1
14 66 1
14 71 1
14 74 1
14 86 1
14 88 1
14 89 1
14 90 1
14 92 1
14 96 1
14 99 1
14 109 1
14 110 1
14 112 1
14 115 1
14 125 1
14 152 1
15 17 1
15 20 1
15 23 1
15 32 1
15 55 1
15 58 1
15 61 1
15 71 1
15 75 1
15 77 1
15 86 1
15 99 1
15 120 1
15 122 1
15 130 1
15 131 1
15 148 1
15 149 1
16 19 1
16 21 1
16 48 1
16 68 1
16 74 1
16 77 1
16 80 1
16 99 1
16 109 1
16 111 1
16 113 1
16 122 1
16 126 1
16 151 1
16 156 1
16 157 1
17 21 1
17 24 1
17 25 1
17 31 1
17 34 1
17 45 1
17 59 1
17 62 1
17 75 1
17 76 1
17 80 1
17 82 1
17 90 1
17 95 1
17 109 1
17 120 1
17 121 1
17 123 1
17 139 1
17 141 1
17 144 1
17 146 1
17 148 1
17 150 1
17 151 1
17 152 1
17 157 1
17 159 1
18 33 1
18 44 1
18 46 1
18 48 1
18 69 1
18 70 1
18 72 1
18 75 1
18 82 1
18 89 1
18 90 1
18 93 1
18 99 1
18 111 1
18 123 1
18 128 1
18 135 1
18 146 1
18 156 1
19 24 1
19 41 1
19 47 1
19 49 1
19 53 1
19 55 1
19 62 1
19 64 1
19 65 1
19 67 1
19 81 1
19 90 1
19 108 1
19 109 1
19 137 1
19 149 1
19 150 1
19 156 1
20 23 1
20 32 1
20 48 1
20 49 1
20 87 1
20 90 1
20 92 1
20 95 1
20 100 1
20 108 1
20 134 1
20 144 1
20 152 1
21 23 1
21 40 1
21 49 1
21 51 1
21 55 1
21 56 1
21 63 1
21 75 1
21 77 1
21 82 1
21 83 1
21 92 1
21 94 1
21 102 1
21 106 1
21 107 1
21 111 1
21 119 1
21 132 1
21 137 1
21 144 1
21 158 1
22 23 1
22 24 1
22 32 1
22 33 1
22 51 1
22 55 1
22 73 1
22 74 1
22 99 1
22 104 1
22 106 1
22 123 1
22 141 1
22 142 1
22 144 1
22 152 1
23 26 1
23 34 1
23 45 1
23 48 1
23 53 1
23 59 1
23 60 1
23 62 1
23 67 1
23 70 1
23 75 1
23 83 1
23 91 1
23 92 1
23 97 1
23 101 1
23 107 1
23 116 1
23 146 1
23 156 1
23 157 1
24 33 1
24 38 1
24 40 1
24 47 1
24 58 1
24 70 1
24 71 1
24 82 1
24 88 1
24 126 1
24 133 1
24 134 1
24 139 1
24 147 1
24 154 1
24 155 1
24 158 1
25 26 1
25 42 1
25 44 1
25 61 1
25 75 1
25 76 1
25 78 1
25 79 1
25 94 1
25 100 1
25 103 1
25 106 1
25 112 1
25 117 1
25 124 1
25 137 1
25 138 1
25 140 1
25 141 1
26 28 1
26 48 1
26 53 1
26 58 1
26 64 1
26 86 1
26 89 1
26 92 1
26 117 1
26 140 1
26 156 1
26 158 1
27 41 1
27 75 1
27 76 1
27 97 1
27 98 1
27 100 1
27 112 1
27 121 1
27 136 1
27 150 1
27 151 1
27 154 1
28 33 1
28 36 1
28 42 1
28 46 1
28 51 1
28 57 1
28 58 1
28 59 1
28 64 1
28 74 1
28 105 1
28 122 1
28 123 1
28 128 1
28 139 1
28 145 1
28 147 1
28 156 1
28 159 1
29 41 1
29 46 1
29 74 1
29 80 1
29 85 1
29 86 1
29 89 1
29 90 1
29 99 1
29 100 1
29 116 1
29 117 1
29 131 1
29 137 1
29 142 1
29 150 1
29 155 1
29 158 1
29 159 1
30 34 1
30 36 1
30 37 1
30 47 1
30 54 1
30 58 1
30 65 1
30 73 1
30 74 1
30 82 1
30 83 1
30 84 1
30 136 1
30 145 1
30 149 1
30 155 1
31 37 1
31 38 1
31 48 1
31 58 1
31 67 1
31 80 1
31 86 1
31 102 1
31 108 1
31 131 1
31 140 1
31 150 1
31 152 1
32 36 1
32 43 1
32 50 1
32 60 1
32 68 1
32 72 1
32 84 1
32 89 1
32 109 1
32 110 1
32 118 1
32 120 1
32 127 1
32 128 1
32 135 1
32 139 1
32 142 1
32 143 1
32 149 1
33 50 1
33 53 1
33 73 1
33 81 1
33 100 1
33 101 1
33 105 1
33 132 1
33 134 1
33 137 1
33 147 1
34 41 1
34 48 1
34 51 1
34 54 1
34 61 1
34 87 1
34 94 1
34 96 1
34 97 1
34 112 1
34 115 1
34 117 1
34 127 1
34 129 1
34 133 1
34 139 1
34 150 1
34 154 1
35 57 1
35 74 1
35 77 1
35 86 1
35 95 1
35 98 1
35 103 1
35 104 1
35 112 1
35 119 1
35 133 1
35 138 1
35 154 1
36 59 1
36 67 1
36 92 1
36 93 1
36 105 1
36 113 1
36 114 1
36 117 1
36 135 1
36 144 1
37 59 1
37 60 1
37 63 1
37 71 1
37 73 1
37 80 1
37 82 1
37 88 1
37 89 1
37 97 1
37 99 1
37 122 1
37 123 1
37 130 1
37 132 1
37 133 1
37 147 1
37 148 1
37 151 1
37 155 1
37 156 1
38 40 1
38 69 1
38 88 1
38 92 1
38 93 1
38 122 1
38 132 1
38 139 1
38 140 1
38 148 1
38 150 1
38 151 1
39 40 1
39 45 1
39 47 1
39 55 1
39 56 1
39 78 1
39 79 1
39 89 1
39 117 1
39 158 1
40 49 1
40 54 1
40 57 1
40 58 1
40 70 1
40 73 1
40 93 1
40 118 1
40 126 1
40 137 1
40 153 1
40 156 1
41 45 1
41 48 1
41 63 1
41 67 1
41 68 1
41 73 1
41 78 1
41 80 1
41 83 1
41 90 1
41 94 1
41 100 1
41 102 1
41 105 1
41 108 1
41 118 1
41 120 1
41 121 1
41 123 1
41 124 1
41 126 1
41 127 1
41 139 1
41 140 1
42 43 1
42 44 1
42 49 1
42 50 1
42 58 1
42 68 1
42 78 1
42 89 1
42 91 1
42 96 1
42 97 1
42 124 1
42 125 1
42 135 1
42 141 1
42 148 1
42 152 1
42 159 1
43 55 1
43 63 1
43 71 1
43 73 1
43 97 1
43 115 1
43 116 1
43 124 1
43 126 1
43 133 1
43 144 1
43 154 1
43 157 1
43 158 1
44 47 1
44 48 1
44 66 1
44 70 1
44 96 1
44 97 1
44 99 1
44 102 1
44 112 1
44 124 1
44 135 1
44 148 1
44 155 1
44 156 1
44 159 1
45 49 1
45 53 1
45 56 1
45 65 1
45 67 1
45 69 1
45 72 1
45 73 1
45 81 1
45 88 1
45 89 1
45 95 1
45 97 1
45 106 1
45 126 1
45 131 1
45 133 1
45 138 1
45 159 1
46 49 1
46 50 1
46 58 1
46 69 1
46 87 1
46 96 1
46 97 1
46 100 1
46 121 1
46 122 1
46 133 1
46 134 1
46 137 1
46 142 1
46 153 1
47 52 1
47 55 1
47 58 1
47 59 1
47 60 1
47 63 1
47 67 1
47 69 1
47 75 1
47 80 1
47 85 1
47 95 1
47 100 1
47 101 1
47 109 1
47 114 1
47 133 1
47 138 1
47 154 1
47 159 1
48 65 1
48 69 1
48 71 1
48 76 1
48 79 1
48 83 1
48 87 1
48 93 1
48 95 1
48 98 1
48 116 1
48 117 1
48 130 1
48 134 1
48 145 1
49 59 1
49 70 1
49 99 1
49 102 1
49 109 1
49 137 1
49 140 1
49 149 1
49 154 1
50 53 1
50 59 1
50 75 1
50 87 1
50 91 1
50 92 1
50 98 1
50 106 1
50 124 1
50 128 1
50 148 1
51 69 1
51 74 1
51 79 1
51 91 1
51 127 1
51 129 1
51 132 1
51 144 1
51 153 1
52 54 1
52 56 1
52 69 1
52 79 1
52 85 1
52 105 1
52 122 1
52 124 1
52 125 1
52 133 1
52 134 1
52 147 1
52 155 1
53 56 1
53 68 1
53 75 1
53 89 1
53 100 1
53 118 1
53 122 1
53 124 1
53 128 1
53 132 1
53 143 1
53 148 1
54 56 1
54 65 1
54 66 1
54 69 1
54 76 1
54 78 1
54 89 1
54 94 1
54 101 1
54 103 1
54 115 1
54 122 1
54 128 1
54 146 1
54 150 1
54 154 1
55 58 1
55 61 1
55 68 1
55 75 1
55 77 1
55 79 1
55 82 1
55 84 1
55 89 1
55 94 1
55 95 1
55 107 1
55 115 1
55 127 1
55 131 1
56 68 1
56 74 1
56 79 1
56 82 1
56 90 1
56 92 1
56 107 1
56 117 1
56 125 1
56 138 1
57 62 1
57 63 1
57 64 1
57 73 1
57 76 1
57 77 1
57 80 1
57 88 1
57 89 1
57 102 1
57 117 1
57 122 1
57 127 1
57 133 1
57 152 1
57 153 1
58 61 1
58 63 1
58 77 1
58 87 1
58 92 1
58 93 1
58 104 1
58 105 1
58 110 1
58 130 1
58 143 1
58 145 1
58 152 1
58 157 1
59 64 1
59 77 1
59 84 1
59 105 1
59 112 1
59 125 1
60 61 1
60 65 1
60 73 1
60 74 1
60 84 1
60 92 1
60 95 1
60 110 1
60 114 1
60 119 1
60 120 1
60 121 1
60 124 1
60 127 1
60 130 1
60 149 1
61 71 1
61 82 1
61 88 1
61 95 1
61 100 1
61 103 1
61 104 1
61 113 1
61 127 1
61 139 1
61 148 1
61 157 1
62 68 1
62 70 1
62 78 1
62 85 1
62 102 1
62 104 1
62 130 1
62 132 1
62 139 1
62 141 1
62 143 1
62 148 1
62 154 1
62 156 1
62 158 1
63 94 1
63 113 1
63 124 1
63 134 1
63 144 1
63 150 1
64 77 1
64 85 1
64 92 1
64 95 1
64 106 1
64 109 1
64 110 1
64 120 1
64 144 1
64 147 1
64 151 1
65 73 1
65 88 1
65 97 1
65 112 1
65 119 1
65 137 1
65 142 1
65 143 1
66 68 1
66 73 1
66 91 1
66 96 1
66 98 1
66 104 1
66 117 1
66 123 1
66 124 1
66 126 1
67 74 1
67 78 1
67 90 1
67 101 1
67 109 1
67 110 1
67 119 1
67 123 1
67 130 1
67 141 1
67 142 1
67 149 1
67 159 1
68 73 1
68 75 1
68 85 1
68 89 1
68 92 1
68 106 1
68 109 1
68 114 1
68 115 1
68 116 1
68 121 1
68 135 1
68 137 1
68 143 1
68 148 1
68 149 1
68 150 1
68 153 1
68 154 1
69 74 1
69 75 1
69 94 1
69 95 1
69 101 1
69 102 1
69 106 1
69 107 1
69 110 1
69 112 1
69 115 1
69 122 1
69 155 1
70 92 1
70 107 1
70 132 1
70 139 1
70 149 1
70 151 1
71 77 1
71 84 1
71 93 1
71 96 1
71 104 1
71 110 1
71 112 1
71 114 1
71 121 1
71 124 1
71 126 1
72 74 1
72 77 1
72 81 1
72 82 1
72 93 1
72 101 1
72 104 1
72 105 1
72 120 1
72 121 1
72 137 1
72 148 1
72 155 1
73 77 1
73 132 1
73 143 1
73 152 1
74 93 1
74 94 1
74 95 1
74 106 1
74 112 1
74 124 1
74 129 1
74 133 1
74 141 1
74 152 1
74 156 1
75 82 1
75 85 1
75 91 1
75 96 1
75 98 1
75 105 1
75 128 1
75 133 1
75 137 1
75 145 1
75 146 1
75 154 1
76 83 1
76 85 1
76 90 1
76 109 1
76 127 1
76 128 1
76 147 1
76 154 1
77 82 1
77 84 1
77 92 1
77 96 1
77 104 1
77 109 1
77 112 1
77 117 1
77 119 1
77 120 1
77 127 1
77 138 1
77 147 1
77 149 1
77 152 1
77 154 1
77 159 1
78 99 1
78 104 1
78 130 1
78 152 1
79 83 1
79 88 1
79 93 1
79 108 1
79 128 1
79 143 1
79 144 1
79 145 1
79 156 1
80 92 1
80 118 1
80 119 1
80 123 1
80 139 1
80 146 1
80 155 1
81 85 1
81 89 1
81 106 1
81 114 1
81 125 1
81 157 1
82 84 1
82 122 1
82 127 1
82 130 1
82 134 1
82 136 1
82 138 1
82 152 1
82 159 1
83 85 1
83 88 1
83 89 1
83 109 1
83 114 1
83 121 1
83 122 1
83 123 1
83 125 1
83 144 1
83 149 1
83 152 1
83 157 1
84 89 1
84 107 1
84 121 1
84 122 1
84 137 1
84 150 1
84 159 1
85 87 1
85 89 1
85 97 1
85 102 1
85 113 1
85 130 1
85 150 1
85 153 1
85 159 1
86 87 1
86 88 1
86 89 1
86 97 1
86 113 1
86 142 1
86 143 1
86 157 1
87 93 1
87 103 1
87 105 1
87 107 1
87 113 1
87 125 1
87 134 1
87 146 1
87 152 1
87 155 1
88 92 1
88 95 1
88 101 1
88 105 1
88 121 1
88 123 1
88 131 1
88 139 1
88 145 1
88 148 1
88 156 1
89 93 1
89 95 1
89 96 1
89 121 1
89 127 1
89 130 1
89 133 1
89 138 1
89 148 1
89 155 1
90 100 1
90 105 1
90 149 1
90 159 1
91 93 1
91 100 1
91 101 1
91 114 1
91 131 1
91 134 1
91 137 1
91 148 1
91 154 1
91 156 1
92 106 1
92 145 1
93 100 1
93 114 1
93 115 1
93 121 1
93 126 1
93 144 1
93 146 1
94 96 1
94 102 1
94 103 1
94 108 1
94 112 1
94 121 1
94 139 1
94 144 1
94 146 1
95 115 1
95 119 1
95 124 1
95 137 1
95 150 1
95 157 1
96 107 1
96 113 1
96 116 1
96 117 1
96 126 1
96 128 1
96 140 1
96 141 1
96 152 1
96 156 1
96 159 1
97 102 1
97 108 1
97 125 1
97 131 1
97 133 1
97 141 1
97 156 1
98 101 1
98 120 1
98 127 1
98 136 1
98 140 1
98 148 1
98 150 1
98 158 1
99 102 1
99 104 1
99 106 1
99 111 1
99 116 1
99 117 1
99 122 1
99 129 1
99 134 1
99 142 1
100 108 1
100 120 1
100 121 1
100 124 1
100 127 1
100 136 1
100 141 1
100 147 1
100 150 1
100 151 1
101 105 1
101 107 1
101 115 1
101 118 1
101 130 1
101 139 1
101 144 1
101 152 1
101 155 1
102 104 1
102 109 1
102 112 1
102 135 1
102 137 1
102 146 1
102 147 1
102 150 1
102 151 1
103 108 1
103 113 1
103 118 1
103 119 1
103 120 1
103 131 1
103 138 1
104 107 1
104 109 1
104 116 1
104 132 1
104 141 1
104 146 1
104 148 1
105 121 1
105 123 1
105 142 1
105 144 1
105 146 1
105 147 1
105 149 1
105 159 1
106 114 1
106 118 1
106 129 1
107 124 1
107 125 1
107 142 1
107 146 1
107 147 1
107 157 1
108 114 1
108 125 1
108 126 1
108 127 1
108 136 1
108 138 1
108 146 1
108 153 1
109 120 1
109 126 1
109 130 1
109 139 1
109 140 1
109 143 1
110 122 1
110 147 1
110 150 1
110 151 1
111 118 1
111 126 1
111 137 1
111 142 1
111 146 1
111 158 1
111 159 1
112 113 1
112 114 1
112 124 1
112 128 1
112 130 1
112 131 1
112 152 1
112 158 1
113 121 1
113 144 1
113 145 1
113 154 1
114 119 1
114 122 1
114 128 1
114 129 1
114 132 1
114 138 1
115 118 1
115 122 1
115 133 1
115 136 1
115 137 1
115 152 1
116 121 1
116 122 1
116 130 1
116 136 1
116 147 1
117 123 1
117 124 1
117 148 1
118 119 1
118 124 1
118 135 1
118 141 1
118 151 1
119 125 1
119 131 1
119 148 1
119 151 1
119 152 1
119 156 1
120 122 1
120 123 1
120 127 1
120 135 1
120 138 1
120 139 1
120 155 1
120 156 1
120 159 1
121 124 1
121 126 1
121 133 1
121 140 1
121 145 1
121 146 1
121 158 1
122 128 1
122 139 1
122 145 1
122 151 1
123 126 1
123 133 1
123 137 1
123 153 1
124 130 1
124 131 1
124 134 1
124 136 1
124 139 1
124 140 1
124 148 1
125 126 1
125 128 1
125 130 1
125 139 1
125 140 1
125 144 1
125 157 1
126 128 1
126 130 1
126 141 1
126 147 1
127 131 1
127 135 1
127 143 1
127 145 1
127 146 1
127 148 1
128 130 1
128 146 1
128 150 1
128 153 1
129 138 1
130 141 1
130 146 1
130 149 1
130 154 1
131 137 1
131 143 1
131 144 1
132 135 1
132 136 1
132 139 1
132 147 1
132 152 1
133 138 1
133 145 1
133 150 1
134 138 1
134 149 1
134 152 1
135 142 1
135 145 1
135 147 1
135 157 1
136 149 1
136 154 1
137 144 1
137 146 1
137 149 1
137 150 1
138 144 1
138 152 1
139 141 1
139 143 1
139 159 1
140 141 1
141 146 1
142 143 1
142 145 1
143 147 1
145 159 1
146 157 1
147 148 1
147 149 1
147 151 1
148 149 1
148 152 1
148 155 1
149 152 1
150 152 1
151 152 1
151 153 1
151 158 1
154 155 1
157 159 1
1
51 136 71 158 123 134 13 100 81 117 55 18 73 33 121 43
