200
0 6 1
0 7 1
0 10 1
0 11 1
0 13 1
0 14 1
0 15 1
0 16 1
0 17 1
0 18 1
0 19 1
0 20 1
0 24 1
0 25 1
0 27 1
0 29 1
1 2 1
1 9 1
1 12 1
1 13 1
1 16 1
1 17 1
1 18 1
1 19 1
1 21 1
1 23 1
1 24 1
1 25 1
1 26 1
1 27 1
1 28 1
1 29 1
2 5 1
2 8 1
2 14 1
2 15 1
2 16 1
2 19 1
2 22 1
2 23 1
2 24 1
2 25 1
2 26 1
2 29 1
3 4 1
3 6 1
3 7 1
3 10 1
3 13 1
3 17 1
3 20 1
3 23 1
3 27 1
3 28 1
4 7 1
4 9 1
4 11 1
4 16 1
4 18 1
4 20 1
4 21 1
4 22 1
4 23 1
4 25 1
4 26 1
4 27 1
5 10 1
5 13 1
5 17 1
5 19 1
5 20 1
5 21 1
5 23 1
5 24 1
5 25 1
5 26 1
5 27 1
5 28 1
5 29 1
6 7 1
6 9 1
6 10 1
6 15 1
6 16 1
6 17 1
6 18 1
6 20 1
6 21 1
6 22 1
6 27 1
7 13 1
7 16 1
7 18 1
7 20 1
7 23 1
7 29 1
8 11 1
8 15 1
8 18 1
8 19 1
8 20 1
8 21 1
8 23 1
8 25 1
8 27 1
9 11 1
9 15 1
9 21 1
9 22 1
9 23 1
9 24 1
9 25 1
9 27 1
9 28 1
10 11 1
10 12 1
10 13 1
10 15 1
10 16 1
10 19 1
10 22 1
10 23 1
10 24 1
10 25 1
10 27 1
11 12 1
11 14 1
11 18 1
11 19 1
11 22 1
11 23 1
11 25 1
11 27 1
11 28 1
12 14 1
12 15 1
12 16 1
12 19 1
12 21 1
12 22 1
12 23 1
12 24 1
12 25 1
12 26 1
12 27 1
12 29 1
13 15 1
13 16 1
13 21 1
13 22 1
13 24 1
13 26 1
13 27 1
13 29 1
14 22 1
14 23 1
14 24 1
14 26 1
14 27 1
14 28 1
15 18 1
15 19 1
15 21 1
15 22 1
15 27 1
16 17 1
16 22 1
16 25 1
16 26 1
17 18 1
17 19 1
17 21 1
17 27 1
18 21 1
18 24 1
18 25 1
18 26 1
19 22 1
19 27 1
20 21 1
20 22 1
20 28 1
20 29 1
21 23 1
21 27 1
22 23 1
22 26 1
22 29 1
23 24 1
23 27 1
23 28 1
23 29 1
24 29 1
25 26 1
25 29 1
26 27 1
26 28 1
26 29 1
27 28 1
27 29 1
1
0 11 24
