1684
0 5 1
0 10 1
0 15 1
0 17 1
0 28 1
0 41 1
0 48 1
0 52 1
0 53 1
0 69 1
0 74 1
0 79 1
0 81 1
0 111 1
0 118 1
0 123 1
0 147 1
0 152 1
0 154 1
0 168 1
1 13 1
1 16 1
1 26 1
1 37 1
1 60 1
1 73 1
1 74 1
1 78 1
1 80 1
1 104 1
1 110 1
1 112 1
1 122 1
1 133 1
1 148 1
1 159 1
1 164 1
1 165 1
1 166 1
1 167 1
2 15 1
2 18 1
2 45 1
2 47 1
2 48 1
2 54 1
2 58 1
2 60 1
2 84 1
2 108 1
2 123 1
2 124 1
2 125 1
2 129 1
2 135 1
2 151 1
2 157 1
2 167 1
3 20 1
3 28 1
3 29 1
3 41 1
3 43 1
3 44 1
3 48 1
3 60 1
3 70 1
3 71 1
3 87 1
3 95 1
3 109 1
3 110 1
3 116 1
3 125 1
3 128 1
3 133 1
3 137 1
3 142 1
3 146 1
3 155 1
4 8 1
4 33 1
4 36 1
4 40 1
4 41 1
4 49 1
4 53 1
4 61 1
4 84 1
4 95 1
4 104 1
4 117 1
4 123 1
4 130 1
4 134 1
4 135 1
4 141 1
4 150 1
4 164 1
4 165 1
4 168 1
5 11 1
5 22 1
5 27 1
5 34 1
5 41 1
5 50 1
5 58 1
5 59 1
5 60 1
5 63 1
5 70 1
5 72 1
5 80 1
5 86 1
5 93 1
5 99 1
5 108 1
5 126 1
5 129 1
5 130 1
5 132 1
5 152 1
5 165 1
6 24 1
6 33 1
6 42 1
6 66 1
6 70 1
6 75 1
6 86 1
6 91 1
6 97 1
6 99 1
6 104 1
6 115 1
6 116 1
6 126 1
6 130 1
6 133 1
6 141 1
6 145 1
7 34 1
7 36 1
7 39 1
7 43 1
7 44 1
7 60 1
7 64 1
7 87 1
7 88 1
7 91 1
7 92 1
7 100 1
7 108 1
7 117 1
7 119 1
7 122 1
7 129 1
7 143 1
7 157 1
7 162 1
7 164 1
7 168 1
8 22 1
8 35 1
8 56 1
8 58 1
8 61 1
8 74 1
8 79 1
8 85 1
8 91 1
8 94 1
8 97 1
8 100 1
8 110 1
8 114 1
8 115 1
8 116 1
8 118 1
8 119 1
8 133 1
8 145 1
8 158 1
9 12 1
9 27 1
9 39 1
9 48 1
9 50 1
9 58 1
9 94 1
9 95 1
9 99 1
9 101 1
9 102 1
9 106 1
9 129 1
9 130 1
9 133 1
9 136 1
9 138 1
9 143 1
9 152 1
10 11 1
10 22 1
10 27 1
10 45 1
10 46 1
10 54 1
10 57 1
10 59 1
10 71 1
10 79 1
10 82 1
10 84 1
10 88 1
10 95 1
10 96 1
10 117 1
10 142 1
10 154 1
10 161 1
11 18 1
11 19 1
11 26 1
11 31 1
11 32 1
11 33 1
11 34 1
11 58 1
11 73 1
11 74 1
11 75 1
11 76 1
11 78 1
11 81 1
11 87 1
11 98 1
11 103 1
11 108 1
11 112 1
11 124 1
11 147 1
11 168 1
12 30 1
12 32 1
12 35 1
12 40 1
12 78 1
12 90 1
12 100 1
12 102 1
12 103 1
12 113 1
12 126 1
12 128 1
12 132 1
12 135 1
12 137 1
12 145 1
12 147 1
12 159 1
12 164 1
13 28 1
13 31 1
13 47 1
13 75 1
13 77 1
13 80 1
13 85 1
13 91 1
13 92 1
13 102 1
13 110 1
13 120 1
13 121 1
13 130 1
13 145 1
13 147 1
13 153 1
13 165 1
14 17 1
14 23 1
14 30 1
14 68 1
14 73 1
14 79 1
14 88 1
14 95 1
14 103 1
14 105 1
14 114 1
14 116 1
14 117 1
14 127 1
14 131 1
14 149 1
14 159 1
14 160 1
14 168 1
15 16 1
15 40 1
15 48 1
15 50 1
15 66 1
15 76 1
15 79 1
15 92 1
15 95 1
15 96 1
15 104 1
15 107 1
15 135 1
15 138 1
15 139 1
15 140 1
15 147 1
15 151 1
15 152 1
16 19 1
16 21 1
16 45 1
16 64 1
16 71 1
16 82 1
16 83 1
16 93 1
16 102 1
16 125 1
16 135 1
16 142 1
16 149 1
16 153 1
16 154 1
16 158 1
17 19 1
17 39 1
17 47 1
17 49 1
17 51 1
17 52 1
17 60 1
17 81 1
17 82 1
17 87 1
17 99 1
17 112 1
17 113 1
17 124 1
17 126 1
17 141 1
17 163 1
18 54 1
18 64 1
18 81 1
18 104 1
18 111 1
18 121 1
18 127 1
18 136 1
18 151 1
18 158 1
18 163 1
18 164 1
18 169 1
19 31 1
19 37 1
19 52 1
19 61 1
19 62 1
19 66 1
19 71 1
19 83 1
19 84 1
19 91 1
19 96 1
19 102 1
19 115 1
19 118 1
19 129 1
19 139 1
19 147 1
19 150 1
19 154 1
19 168 1
20 27 1
20 28 1
20 32 1
20 35 1
20 36 1
20 42 1
20 46 1
20 55 1
20 59 1
20 61 1
20 64 1
20 70 1
20 77 1
20 82 1
20 102 1
20 109 1
20 132 1
20 147 1
20 148 1
20 163 1
20 167 1
21 24 1
21 27 1
21 46 1
21 59 1
21 65 1
21 68 1
21 69 1
21 81 1
21 95 1
21 113 1
21 124 1
21 144 1
21 151 1
21 156 1
21 157 1
21 158 1
22 43 1
22 63 1
22 68 1
22 74 1
22 87 1
22 93 1
22 98 1
22 106 1
22 109 1
22 113 1
22 126 1
22 128 1
22 141 1
22 144 1
22 146 1
22 155 1
22 163 1
22 164 1
23 24 1
23 26 1
23 27 1
23 30 1
23 56 1
23 61 1
23 100 1
23 102 1
23 105 1
23 111 1
23 136 1
23 138 1
23 142 1
23 144 1
23 147 1
23 151 1
23 165 1
24 25 1
24 38 1
24 41 1
24 65 1
24 67 1
24 73 1
24 77 1
24 98 1
24 107 1
24 113 1
24 117 1
24 118 1
24 138 1
24 141 1
24 146 1
24 155 1
25 34 1
25 35 1
25 44 1
25 46 1
25 62 1
25 67 1
25 76 1
25 78 1
25 79 1
25 85 1
25 98 1
25 103 1
25 126 1
25 132 1
25 142 1
25 146 1
25 158 1
26 61 1
26 70 1
26 88 1
26 93 1
26 96 1
26 97 1
26 100 1
26 117 1
26 128 1
27 30 1
27 32 1
27 40 1
27 47 1
27 68 1
27 88 1
27 90 1
27 91 1
27 103 1
27 104 1
27 106 1
27 118 1
27 136 1
27 153 1
27 162 1
27 169 1
28 29 1
28 35 1
28 44 1
28 45 1
28 46 1
28 59 1
28 67 1
28 70 1
28 78 1
28 79 1
28 82 1
28 96 1
28 108 1
28 109 1
28 111 1
28 116 1
28 121 1
28 133 1
28 138 1
28 147 1
28 149 1
28 158 1
28 164 1
29 31 1
29 76 1
29 102 1
29 112 1
29 113 1
29 117 1
29 118 1
29 128 1
29 130 1
29 142 1
29 144 1
29 150 1
30 32 1
30 42 1
30 46 1
30 47 1
30 52 1
30 53 1
30 54 1
30 61 1
30 78 1
30 91 1
30 96 1
30 97 1
30 98 1
30 99 1
30 103 1
30 107 1
30 114 1
30 121 1
30 132 1
30 148 1
30 156 1
30 158 1
30 159 1
31 37 1
31 41 1
31 43 1
31 50 1
31 53 1
31 67 1
31 70 1
31 75 1
31 90 1
31 94 1
31 99 1
31 103 1
31 104 1
31 107 1
31 120 1
31 127 1
31 147 1
32 41 1
32 53 1
32 55 1
32 62 1
32 82 1
32 90 1
32 91 1
32 96 1
32 106 1
32 110 1
32 119 1
32 122 1
32 128 1
32 129 1
32 133 1
32 137 1
32 141 1
33 34 1
33 36 1
33 37 1
33 44 1
33 52 1
33 53 1
33 57 1
33 69 1
33 94 1
33 104 1
33 116 1
33 124 1
33 126 1
33 138 1
33 147 1
33 152 1
33 162 1
34 40 1
34 65 1
34 67 1
34 96 1
34 101 1
34 106 1
34 112 1
34 117 1
34 118 1
34 127 1
34 132 1
34 135 1
34 142 1
34 152 1
34 156 1
34 158 1
34 169 1
35 52 1
35 54 1
35 55 1
35 60 1
35 63 1
35 65 1
35 69 1
35 81 1
35 101 1
35 103 1
35 112 1
35 114 1
35 136 1
35 161 1
36 63 1
36 81 1
36 98 1
36 112 1
36 134 1
36 144 1
36 154 1
36 156 1
36 160 1
37 43 1
37 63 1
37 65 1
37 67 1
37 72 1
37 80 1
37 83 1
37 91 1
37 96 1
37 101 1
37 102 1
37 107 1
37 112 1
37 125 1
37 139 1
37 159 1
37 163 1
37 167 1
38 43 1
38 58 1
38 60 1
38 70 1
38 72 1
38 81 1
38 87 1
38 113 1
38 116 1
38 135 1
38 142 1
38 144 1
38 145 1
38 147 1
39 46 1
39 51 1
39 53 1
39 62 1
39 72 1
39 87 1
39 94 1
39 102 1
39 109 1
39 114 1
39 122 1
39 124 1
39 127 1
39 132 1
39 136 1
39 139 1
39 143 1
39 147 1
40 49 1
40 52 1
40 60 1
40 62 1
40 64 1
40 66 1
40 76 1
40 83 1
40 84 1
40 111 1
40 118 1
40 129 1
40 142 1
40 147 1
41 52 1
41 53 1
41 62 1
41 75 1
41 86 1
41 96 1
41 105 1
41 107 1
41 110 1
41 111 1
41 130 1
41 140 1
41 143 1
41 159 1
41 160 1
41 162 1
41 165 1
41 169 1
42 52 1
42 54 1
42 58 1
42 65 1
42 70 1
42 74 1
42 78 1
42 106 1
42 120 1
42 123 1
42 141 1
42 142 1
42 143 1
42 154 1
42 163 1
43 69 1
43 70 1
43 76 1
43 79 1
43 109 1
43 113 1
43 117 1
43 133 1
43 134 1
43 135 1
43 155 1
44 50 1
44 61 1
44 82 1
44 84 1
44 85 1
44 86 1
44 98 1
44 113 1
44 131 1
44 168 1
45 61 1
45 63 1
45 72 1
45 80 1
45 87 1
45 94 1
45 101 1
45 126 1
45 128 1
45 130 1
45 145 1
45 147 1
45 156 1
46 57 1
46 72 1
46 79 1
46 82 1
46 87 1
46 88 1
46 100 1
46 111 1
46 123 1
46 146 1
46 149 1
46 157 1
46 161 1
46 163 1
46 168 1
47 60 1
47 80 1
47 83 1
47 86 1
47 89 1
47 97 1
47 100 1
47 103 1
47 113 1
47 114 1
47 121 1
47 122 1
47 125 1
47 132 1
47 135 1
47 136 1
47 154 1
47 157 1
47 161 1
47 163 1
47 169 1
48 59 1
48 71 1
48 76 1
48 78 1
48 86 1
48 92 1
48 115 1
48 119 1
48 123 1
48 129 1
48 136 1
48 139 1
48 143 1
48 146 1
48 155 1
48 162 1
49 54 1
49 96 1
49 100 1
49 112 1
49 123 1
49 127 1
49 136 1
49 141 1
49 143 1
49 150 1
49 156 1
49 158 1
49 161 1
49 167 1
49 168 1
50 56 1
50 61 1
50 73 1
50 97 1
50 104 1
50 111 1
50 113 1
50 118 1
50 121 1
50 126 1
50 129 1
50 132 1
50 143 1
50 153 1
50 163 1
50 167 1
51 60 1
51 70 1
51 86 1
51 87 1
51 91 1
51 117 1
51 119 1
51 131 1
51 133 1
51 134 1
51 139 1
51 142 1
51 152 1
51 157 1
51 163 1
51 164 1
51 169 1
52 84 1
52 85 1
52 86 1
52 103 1
52 108 1
52 109 1
52 110 1
52 120 1
52 121 1
52 122 1
52 124 1
52 148 1
52 151 1
52 155 1
52 161 1
53 57 1
53 68 1
53 81 1
53 103 1
53 108 1
53 123 1
53 126 1
53 131 1
53 145 1
53 150 1
53 151 1
53 153 1
53 166 1
54 60 1
54 61 1
54 66 1
54 68 1
54 86 1
54 99 1
54 113 1
54 117 1
54 121 1
54 156 1
54 157 1
54 163 1
54 169 1
55 68 1
55 75 1
55 94 1
55 95 1
55 106 1
55 107 1
55 112 1
55 117 1
55 122 1
55 124 1
55 127 1
55 131 1
55 137 1
55 157 1
55 169 1
56 58 1
56 61 1
56 67 1
56 90 1
56 92 1
56 104 1
56 106 1
56 116 1
56 118 1
56 123 1
56 159 1
56 160 1
57 62 1
57 70 1
57 92 1
57 97 1
57 109 1
57 114 1
57 121 1
57 123 1
57 125 1
57 128 1
57 129 1
57 135 1
57 149 1
57 157 1
57 168 1
58 69 1
58 76 1
58 88 1
58 128 1
58 133 1
58 138 1
58 144 1
58 147 1
58 155 1
58 159 1
59 66 1
59 67 1
59 80 1
59 86 1
59 93 1
59 94 1
59 119 1
59 123 1
59 126 1
59 139 1
59 142 1
59 147 1
59 148 1
59 158 1
59 169 1
60 62 1
60 75 1
60 90 1
60 99 1
60 104 1
60 106 1
60 115 1
60 119 1
60 134 1
60 145 1
60 166 1
60 169 1
61 74 1
61 76 1
61 77 1
61 86 1
61 88 1
61 96 1
61 103 1
61 130 1
61 137 1
61 140 1
61 148 1
61 151 1
61 164 1
62 70 1
62 76 1
62 83 1
62 87 1
62 91 1
62 96 1
62 99 1
62 116 1
62 122 1
62 123 1
62 124 1
62 146 1
62 153 1
62 155 1
62 163 1
62 165 1
63 88 1
63 89 1
63 103 1
63 108 1
63 117 1
63 126 1
63 148 1
63 149 1
63 151 1
64 66 1
64 70 1
64 91 1
64 99 1
64 110 1
64 119 1
64 129 1
64 138 1
64 142 1
64 143 1
64 144 1
64 147 1
64 149 1
64 152 1
64 159 1
64 161 1
64 162 1
64 165 1
65 75 1
65 82 1
65 83 1
65 89 1
65 111 1
65 114 1
65 123 1
65 129 1
65 132 1
65 143 1
66 67 1
66 101 1
66 103 1
66 115 1
66 124 1
66 130 1
66 140 1
66 157 1
66 158 1
66 159 1
66 164 1
67 72 1
67 86 1
67 90 1
67 96 1
67 99 1
67 100 1
67 118 1
67 120 1
67 123 1
67 124 1
67 125 1
67 126 1
67 138 1
67 139 1
67 142 1
67 164 1
67 167 1
68 71 1
68 75 1
68 79 1
68 99 1
68 109 1
68 113 1
68 117 1
68 118 1
68 142 1
68 150 1
68 162 1
68 163 1
69 71 1
69 73 1
69 92 1
69 100 1
69 114 1
69 138 1
69 141 1
69 152 1
69 154 1
69 157 1
70 78 1
70 82 1
70 108 1
70 111 1
70 113 1
70 144 1
70 145 1
70 146 1
70 148 1
70 165 1
71 72 1
71 77 1
71 81 1
71 114 1
71 132 1
71 135 1
71 146 1
71 148 1
71 159 1
71 161 1
72 73 1
72 80 1
72 94 1
72 97 1
72 112 1
72 113 1
72 116 1
72 119 1
72 133 1
72 137 1
72 152 1
72 159 1
72 166 1
73 79 1
73 103 1
73 108 1
73 109 1
73 127 1
73 152 1
73 153 1
73 156 1
73 157 1
73 169 1
74 87 1
74 88 1
74 96 1
74 117 1
74 125 1
74 128 1
74 133 1
74 141 1
74 149 1
74 152 1
74 153 1
74 155 1
74 162 1
74 164 1
75 77 1
75 105 1
75 108 1
75 122 1
75 125 1
75 135 1
75 138 1
75 140 1
75 144 1
75 145 1
75 152 1
75 153 1
75 155 1
76 83 1
76 87 1
76 88 1
76 90 1
76 92 1
76 116 1
76 119 1
76 126 1
76 128 1
76 138 1
76 155 1
76 161 1
77 83 1
77 84 1
77 86 1
77 97 1
77 167 1
78 81 1
78 105 1
78 115 1
78 127 1
78 141 1
78 152 1
78 156 1
79 86 1
79 94 1
79 97 1
79 131 1
79 139 1
79 152 1
79 153 1
79 154 1
79 164 1
80 105 1
80 118 1
80 119 1
80 133 1
80 135 1
80 138 1
80 151 1
81 85 1
81 89 1
81 126 1
81 130 1
81 135 1
81 138 1
81 141 1
81 158 1
81 161 1
82 86 1
82 88 1
82 100 1
82 114 1
82 125 1
82 139 1
82 145 1
82 146 1
83 89 1
83 104 1
83 106 1
83 123 1
83 132 1
83 133 1
83 135 1
83 146 1
83 169 1
84 95 1
84 106 1
84 111 1
84 120 1
84 123 1
84 127 1
84 130 1
84 149 1
84 150 1
84 153 1
84 157 1
84 165 1
84 167 1
85 94 1
85 104 1
85 109 1
85 120 1
85 125 1
85 128 1
85 130 1
85 140 1
85 148 1
85 152 1
85 154 1
85 158 1
85 162 1
86 96 1
86 112 1
86 116 1
86 133 1
86 142 1
86 145 1
86 167 1
87 95 1
87 123 1
87 130 1
87 145 1
87 147 1
87 159 1
87 169 1
88 99 1
88 101 1
88 115 1
88 119 1
88 122 1
88 131 1
88 148 1
89 90 1
89 96 1
89 97 1
89 131 1
89 146 1
89 158 1
90 95 1
90 103 1
90 129 1
90 132 1
90 157 1
91 92 1
91 96 1
91 114 1
91 116 1
91 144 1
91 151 1
91 161 1
91 163 1
91 166 1
92 94 1
92 97 1
92 105 1
92 111 1
92 124 1
92 136 1
92 152 1
92 157 1
92 158 1
92 160 1
92 164 1
92 169 1
93 94 1
93 102 1
93 108 1
93 132 1
93 139 1
93 157 1
94 97 1
94 107 1
94 109 1
94 118 1
94 123 1
94 160 1
95 102 1
95 126 1
95 157 1
95 165 1
96 97 1
96 98 1
96 100 1
96 116 1
96 117 1
96 136 1
96 138 1
96 159 1
97 100 1
97 105 1
97 106 1
97 110 1
97 116 1
97 126 1
97 130 1
97 137 1
97 144 1
97 150 1
97 163 1
97 164 1
97 168 1
98 104 1
98 110 1
98 114 1
98 116 1
98 119 1
98 120 1
98 122 1
98 126 1
98 130 1
98 135 1
98 137 1
98 147 1
98 149 1
98 153 1
98 158 1
98 169 1
99 102 1
99 118 1
99 121 1
99 122 1
99 164 1
99 165 1
100 118 1
100 124 1
100 126 1
100 138 1
100 140 1
100 145 1
101 104 1
101 105 1
101 112 1
101 113 1
101 118 1
101 136 1
102 107 1
102 132 1
102 153 1
102 168 1
103 114 1
103 121 1
103 128 1
103 129 1
103 146 1
103 160 1
103 163 1
103 168 1
104 107 1
104 114 1
104 119 1
104 122 1
104 126 1
104 128 1
104 141 1
104 144 1
104 162 1
105 106 1
105 110 1
105 122 1
105 131 1
105 138 1
105 140 1
105 144 1
105 149 1
105 163 1
105 167 1
106 137 1
106 161 1
107 109 1
107 125 1
107 131 1
107 145 1
107 155 1
107 167 1
107 168 1
108 111 1
108 112 1
108 114 1
108 121 1
108 126 1
108 127 1
108 149 1
108 161 1
109 118 1
109 123 1
109 141 1
109 152 1
109 154 1
109 166 1
110 111 1
110 115 1
110 121 1
110 122 1
110 134 1
110 141 1
110 142 1
110 150 1
110 154 1
111 112 1
111 114 1
111 122 1
111 126 1
111 130 1
111 135 1
111 143 1
111 144 1
111 158 1
112 119 1
112 121 1
112 137 1
112 139 1
112 140 1
112 151 1
112 154 1
112 156 1
112 157 1
112 158 1
112 169 1
113 121 1
113 123 1
113 130 1
113 135 1
113 143 1
114 121 1
114 125 1
114 126 1
114 154 1
114 160 1
115 125 1
115 127 1
115 139 1
115 148 1
115 157 1
115 165 1
115 169 1
116 140 1
116 153 1
116 156 1
116 164 1
117 126 1
117 135 1
117 146 1
117 148 1
117 150 1
117 164 1
117 168 1
118 121 1
118 156 1
119 123 1
119 126 1
119 141 1
119 147 1
119 160 1
120 125 1
120 130 1
120 149 1
120 165 1
121 139 1
121 142 1
121 143 1
121 147 1
121 153 1
121 167 1
122 133 1
122 142 1
122 143 1
122 147 1
122 152 1
122 163 1
122 169 1
123 140 1
123 145 1
123 147 1
123 155 1
123 166 1
124 147 1
124 166 1
125 126 1
125 131 1
125 136 1
125 139 1
125 144 1
125 153 1
125 158 1
125 163 1
126 127 1
126 133 1
126 150 1
126 158 1
126 167 1
126 169 1
127 128 1
127 135 1
127 149 1
127 159 1
127 169 1
128 134 1
128 136 1
128 141 1
128 153 1
129 133 1
129 134 1
129 141 1
129 145 1
129 148 1
129 153 1
129 154 1
129 159 1
129 160 1
130 151 1
131 140 1
131 146 1
131 152 1
132 133 1
132 139 1
132 164 1
132 167 1
132 169 1
133 140 1
133 147 1
133 162 1
133 168 1
134 135 1
134 138 1
134 140 1
134 162 1
135 140 1
135 141 1
136 139 1
136 145 1
136 146 1
136 160 1
137 141 1
137 147 1
137 150 1
137 163 1
137 168 1
138 143 1
138 146 1
138 152 1
138 167 1
139 143 1
139 145 1
139 153 1
139 154 1
139 164 1
140 142 1
140 144 1
140 151 1
140 154 1
140 160 1
140 169 1
141 151 1
141 152 1
141 160 1
142 155 1
142 160 1
143 168 1
144 151 1
144 157 1
145 146 1
145 154 1
145 155 1
145 157 1
145 163 1
146 153 1
146 154 1
146 158 1
146 164 1
147 155 1
147 162 1
147 169 1
148 154 1
148 163 1
149 152 1
149 160 1
149 166 1
150 151 1
150 152 1
151 165 1
151 166 1
152 154 1
152 155 1
152 160 1
152 163 1
153 155 1
153 157 1
153 162 1
154 169 1
155 156 1
155 159 1
155 165 1
156 157 1
158 160 1
158 163 1
159 162 1
159 163 1
160 161 1
165 166 1
166 169 1
167 169 1
1
93 88 5 46 141 164 139 15 23 76 21 75 57 133 65 16 99
