1310
0 1 1
0 10 1
0 13 1
0 30 1
0 49 1
0 53 1
0 54 1
0 63 1
0 66 1
0 82 1
0 83 1
0 96 1
0 99 1
0 104 1
0 116 1
1 3 1
1 6 1
1 8 1
1 17 1
1 19 1
1 21 1
1 22 1
1 24 1
1 26 1
1 34 1
1 44 1
1 48 1
1 62 1
1 87 1
1 91 1
1 93 1
1 96 1
1 116 1
1 119 1
1 126 1
2 10 1
2 51 1
2 54 1
2 63 1
2 68 1
2 75 1
2 84 1
2 93 1
2 104 1
2 112 1
2 114 1
2 117 1
2 120 1
3 4 1
3 12 1
3 13 1
3 15 1
3 21 1
3 29 1
3 40 1
3 41 1
3 64 1
3 67 1
3 68 1
3 70 1
3 74 1
3 83 1
3 86 1
3 93 1
3 95 1
3 97 1
3 101 1
3 103 1
3 113 1
3 122 1
3 124 1
4 8 1
4 9 1
4 16 1
4 21 1
4 37 1
4 39 1
4 47 1
4 52 1
4 55 1
4 61 1
4 66 1
4 70 1
4 77 1
4 82 1
4 84 1
4 85 1
4 112 1
4 114 1
4 116 1
4 122 1
5 9 1
5 15 1
5 20 1
5 28 1
5 37 1
5 42 1
5 60 1
5 63 1
5 72 1
5 80 1
5 84 1
5 89 1
5 99 1
5 106 1
5 118 1
5 124 1
6 7 1
6 11 1
6 13 1
6 23 1
6 29 1
6 31 1
6 33 1
6 37 1
6 38 1
6 41 1
6 57 1
6 61 1
6 68 1
6 69 1
6 78 1
6 79 1
6 80 1
6 82 1
6 88 1
6 103 1
6 109 1
6 110 1
6 116 1
6 117 1
6 129 1
7 19 1
7 25 1
7 34 1
7 37 1
7 38 1
7 40 1
7 46 1
7 47 1
7 49 1
7 52 1
7 54 1
7 62 1
7 68 1
7 78 1
7 92 1
7 100 1
7 117 1
7 128 1
7 129 1
8 10 1
8 12 1
8 14 1
8 16 1
8 17 1
8 31 1
8 41 1
8 79 1
8 83 1
8 87 1
8 97 1
8 99 1
8 108 1
8 109 1
8 112 1
8 123 1
8 125 1
9 13 1
9 35 1
9 37 1
9 42 1
9 52 1
9 63 1
9 69 1
9 82 1
9 84 1
9 87 1
9 101 1
9 111 1
9 122 1
10 12 1
10 15 1
10 18 1
10 21 1
10 22 1
10 29 1
10 33 1
10 34 1
10 44 1
10 47 1
10 51 1
10 58 1
10 65 1
10 68 1
10 75 1
10 79 1
10 83 1
10 92 1
10 106 1
10 107 1
10 109 1
10 116 1
10 124 1
10 129 1
11 21 1
11 22 1
11 24 1
11 25 1
11 28 1
11 40 1
11 44 1
11 93 1
11 100 1
11 113 1
11 120 1
11 123 1
11 124 1
11 125 1
11 127 1
12 13 1
12 16 1
12 25 1
12 33 1
12 53 1
12 55 1
12 57 1
12 61 1
12 68 1
12 70 1
12 80 1
12 109 1
12 117 1
12 123 1
13 22 1
13 38 1
13 47 1
13 53 1
13 59 1
13 65 1
13 83 1
13 86 1
13 92 1
13 94 1
13 96 1
13 107 1
13 110 1
13 116 1
13 117 1
14 19 1
14 21 1
14 35 1
14 41 1
14 63 1
14 66 1
14 67 1
14 70 1
14 73 1
14 74 1
14 79 1
14 84 1
14 107 1
14 120 1
14 123 1
15 17 1
15 19 1
15 21 1
15 23 1
15 45 1
15 50 1
15 51 1
15 52 1
15 56 1
15 58 1
15 59 1
15 74 1
15 82 1
15 97 1
15 103 1
15 115 1
15 120 1
16 19 1
16 25 1
16 27 1
16 38 1
16 43 1
16 46 1
16 52 1
16 54 1
16 59 1
16 66 1
16 71 1
16 77 1
16 79 1
16 93 1
16 98 1
16 105 1
16 107 1
16 111 1
16 114 1
16 120 1
16 123 1
17 26 1
17 27 1
17 58 1
17 60 1
17 66 1
17 73 1
17 84 1
17 86 1
17 92 1
17 98 1
17 100 1
17 127 1
17 128 1
18 21 1
18 24 1
18 28 1
18 35 1
18 40 1
18 52 1
18 53 1
18 69 1
18 70 1
18 71 1
18 75 1
18 77 1
18 79 1
18 87 1
18 89 1
18 98 1
18 105 1
18 109 1
18 110 1
18 115 1
18 120 1
18 121 1
18 129 1
19 37 1
19 49 1
19 51 1
19 55 1
19 85 1
19 89 1
19 90 1
19 102 1
19 104 1
19 116 1
19 125 1
19 129 1
20 27 1
20 37 1
20 52 1
20 58 1
20 62 1
20 64 1
20 74 1
20 88 1
20 96 1
20 106 1
20 110 1
20 114 1
20 115 1
20 127 1
21 22 1
21 28 1
21 36 1
21 41 1
21 46 1
21 53 1
21 55 1
21 58 1
21 64 1
21 67 1
21 68 1
21 81 1
21 82 1
21 84 1
21 88 1
21 93 1
21 101 1
21 114 1
21 121 1
22 32 1
22 34 1
22 40 1
22 44 1
22 51 1
22 55 1
22 56 1
22 58 1
22 63 1
22 72 1
22 90 1
22 91 1
22 92 1
22 98 1
22 122 1
23 24 1
23 27 1
23 31 1
23 32 1
23 38 1
23 44 1
23 55 1
23 57 1
23 64 1
23 75 1
23 88 1
23 93 1
23 94 1
23 100 1
23 101 1
23 106 1
23 109 1
23 116 1
23 123 1
23 124 1
23 125 1
23 127 1
23 128 1
24 27 1
24 28 1
24 33 1
24 34 1
24 40 1
24 46 1
24 49 1
24 53 1
24 54 1
24 57 1
24 59 1
24 66 1
24 68 1
24 73 1
24 77 1
24 84 1
24 85 1
24 90 1
24 91 1
24 94 1
24 99 1
24 102 1
24 105 1
24 109 1
24 110 1
24 111 1
24 112 1
24 115 1
25 33 1
25 43 1
25 48 1
25 59 1
25 70 1
25 77 1
25 103 1
25 105 1
25 108 1
25 109 1
25 117 1
25 119 1
25 126 1
25 129 1
26 41 1
26 43 1
26 52 1
26 53 1
26 55 1
26 56 1
26 60 1
26 68 1
26 79 1
26 85 1
26 91 1
26 95 1
26 96 1
26 99 1
26 100 1
26 104 1
26 109 1
26 121 1
26 129 1
27 28 1
27 36 1
27 38 1
27 47 1
27 50 1
27 53 1
27 56 1
27 72 1
27 79 1
27 88 1
27 93 1
27 100 1
27 110 1
27 114 1
27 117 1
27 118 1
28 30 1
28 44 1
28 45 1
28 49 1
28 59 1
28 66 1
28 74 1
28 85 1
28 87 1
28 99 1
28 104 1
28 108 1
28 119 1
28 123 1
28 125 1
28 127 1
29 30 1
29 34 1
29 35 1
29 50 1
29 51 1
29 52 1
29 58 1
29 70 1
29 78 1
29 82 1
29 89 1
29 105 1
29 110 1
29 111 1
29 125 1
30 31 1
30 41 1
30 44 1
30 50 1
30 51 1
30 58 1
30 74 1
30 88 1
30 95 1
30 103 1
30 104 1
30 106 1
30 109 1
30 121 1
30 122 1
31 34 1
31 47 1
31 49 1
31 57 1
31 75 1
31 88 1
31 91 1
31 98 1
31 99 1
31 101 1
31 106 1
31 114 1
31 119 1
31 124 1
31 125 1
31 127 1
31 129 1
32 44 1
32 65 1
32 75 1
32 79 1
32 80 1
32 98 1
32 99 1
32 104 1
32 106 1
32 109 1
32 115 1
32 117 1
32 123 1
33 42 1
33 48 1
33 54 1
33 59 1
33 61 1
33 71 1
33 77 1
33 78 1
33 79 1
33 80 1
33 83 1
33 84 1
33 87 1
33 94 1
33 104 1
33 115 1
33 120 1
33 125 1
34 36 1
34 38 1
34 40 1
34 43 1
34 46 1
34 75 1
34 79 1
34 96 1
34 97 1
34 102 1
34 114 1
34 124 1
35 36 1
35 38 1
35 41 1
35 42 1
35 44 1
35 53 1
35 56 1
35 62 1
35 76 1
35 78 1
35 86 1
35 99 1
35 111 1
35 114 1
35 120 1
35 121 1
35 126 1
36 54 1
36 65 1
36 71 1
36 77 1
36 81 1
36 82 1
36 87 1
36 96 1
36 101 1
36 110 1
36 118 1
36 123 1
37 39 1
37 44 1
37 51 1
37 71 1
37 85 1
37 97 1
37 100 1
37 121 1
37 124 1
37 125 1
38 41 1
38 44 1
38 46 1
38 47 1
38 52 1
38 53 1
38 67 1
38 71 1
38 72 1
38 74 1
38 81 1
38 88 1
38 95 1
38 100 1
38 106 1
38 113 1
38 114 1
38 118 1
38 119 1
38 121 1
38 122 1
39 44 1
39 50 1
39 55 1
39 63 1
39 76 1
39 85 1
39 92 1
39 95 1
39 97 1
39 98 1
39 114 1
39 122 1
39 124 1
39 125 1
39 129 1
40 51 1
40 52 1
40 59 1
40 63 1
40 64 1
40 66 1
40 80 1
40 87 1
40 102 1
40 118 1
40 120 1
40 124 1
41 55 1
41 57 1
41 64 1
41 70 1
41 73 1
41 80 1
41 87 1
41 94 1
41 99 1
41 103 1
41 107 1
41 119 1
41 122 1
41 123 1
41 129 1
42 47 1
42 57 1
42 60 1
42 66 1
42 67 1
42 71 1
42 80 1
42 84 1
42 87 1
42 108 1
42 124 1
42 125 1
43 45 1
43 47 1
43 50 1
43 57 1
43 65 1
43 71 1
43 73 1
43 74 1
43 93 1
43 103 1
43 109 1
43 110 1
43 123 1
44 45 1
44 50 1
44 53 1
44 57 1
44 59 1
44 65 1
44 69 1
44 73 1
44 75 1
44 82 1
44 87 1
44 105 1
44 108 1
44 115 1
44 121 1
44 122 1
44 124 1
44 125 1
45 52 1
45 53 1
45 56 1
45 71 1
45 75 1
45 83 1
45 86 1
45 90 1
45 92 1
45 93 1
45 115 1
45 124 1
45 127 1
46 48 1
46 50 1
46 58 1
46 62 1
46 64 1
46 78 1
46 87 1
46 97 1
46 98 1
46 100 1
46 105 1
46 112 1
46 114 1
46 119 1
46 121 1
46 128 1
47 53 1
47 57 1
47 63 1
47 69 1
47 71 1
47 77 1
47 79 1
47 80 1
47 83 1
47 89 1
47 97 1
47 98 1
47 102 1
47 107 1
47 115 1
47 116 1
47 122 1
47 123 1
48 51 1
48 56 1
48 59 1
48 66 1
48 72 1
48 79 1
48 81 1
48 87 1
48 93 1
48 95 1
48 97 1
48 100 1
48 111 1
48 112 1
48 113 1
48 117 1
48 119 1
48 124 1
49 53 1
49 60 1
49 62 1
49 66 1
49 70 1
49 77 1
49 80 1
49 105 1
49 109 1
49 115 1
49 127 1
49 128 1
49 129 1
50 54 1
50 63 1
50 65 1
50 71 1
50 78 1
50 93 1
50 95 1
50 97 1
50 102 1
50 109 1
50 120 1
51 58 1
51 67 1
51 70 1
51 76 1
51 77 1
51 95 1
51 97 1
51 103 1
51 105 1
51 110 1
51 123 1
51 124 1
51 125 1
51 129 1
52 54 1
52 56 1
52 77 1
52 78 1
52 86 1
52 94 1
52 107 1
52 111 1
52 127 1
53 58 1
53 59 1
53 63 1
53 64 1
53 65 1
53 68 1
53 78 1
53 83 1
53 87 1
53 93 1
53 94 1
53 109 1
53 111 1
53 115 1
53 117 1
54 59 1
54 61 1
54 64 1
54 65 1
54 72 1
54 73 1
54 75 1
54 76 1
54 84 1
54 85 1
54 88 1
54 89 1
54 90 1
54 103 1
54 110 1
54 116 1
54 119 1
54 120 1
54 125 1
54 126 1
54 129 1
55 71 1
55 72 1
55 112 1
55 120 1
56 59 1
56 61 1
56 69 1
56 80 1
56 91 1
56 106 1
56 110 1
56 111 1
56 120 1
56 125 1
56 127 1
57 74 1
57 76 1
57 87 1
57 96 1
57 100 1
57 106 1
57 117 1
57 129 1
58 60 1
58 63 1
58 68 1
58 69 1
58 90 1
58 97 1
58 116 1
58 129 1
59 72 1
59 79 1
59 80 1
59 86 1
59 95 1
59 99 1
59 100 1
59 117 1
59 120 1
59 123 1
60 69 1
60 78 1
60 85 1
60 87 1
60 106 1
60 110 1
60 122 1
60 124 1
60 129 1
61 64 1
61 67 1
61 68 1
61 71 1
61 75 1
61 80 1
61 83 1
61 85 1
61 88 1
61 89 1
61 96 1
61 97 1
61 103 1
61 122 1
61 123 1
61 129 1
62 65 1
62 67 1
62 74 1
62 77 1
62 79 1
62 82 1
62 83 1
62 85 1
62 90 1
62 93 1
62 95 1
62 99 1
62 101 1
62 104 1
62 112 1
62 114 1
62 122 1
62 125 1
63 64 1
63 68 1
63 89 1
63 91 1
63 93 1
63 99 1
63 102 1
63 112 1
63 113 1
63 121 1
63 129 1
64 67 1
64 70 1
64 73 1
64 74 1
64 78 1
64 91 1
64 93 1
64 95 1
64 97 1
64 99 1
64 101 1
64 103 1
64 111 1
64 116 1
64 120 1
65 77 1
65 84 1
65 87 1
65 97 1
65 98 1
65 100 1
65 102 1
65 104 1
65 113 1
65 115 1
65 121 1
65 129 1
66 67 1
66 90 1
66 102 1
66 105 1
66 110 1
66 121 1
66 123 1
66 125 1
67 75 1
67 89 1
67 92 1
67 105 1
67 110 1
67 113 1
68 71 1
68 73 1
68 76 1
68 77 1
68 79 1
68 80 1
68 81 1
68 89 1
68 94 1
68 103 1
68 125 1
69 76 1
69 77 1
69 87 1
69 88 1
69 114 1
69 118 1
69 125 1
69 127 1
70 84 1
70 90 1
70 94 1
70 105 1
70 111 1
70 123 1
70 125 1
71 83 1
71 89 1
71 92 1
71 96 1
71 102 1
71 103 1
71 105 1
71 108 1
71 123 1
72 73 1
72 76 1
72 77 1
72 84 1
72 87 1
72 107 1
72 114 1
72 122 1
72 123 1
73 74 1
73 77 1
73 96 1
73 97 1
73 129 1
74 75 1
74 79 1
74 82 1
74 86 1
74 92 1
74 114 1
74 116 1
74 125 1
75 79 1
75 91 1
75 95 1
75 98 1
75 109 1
75 117 1
75 118 1
75 122 1
75 123 1
75 124 1
75 127 1
75 129 1
76 80 1
76 86 1
76 87 1
76 95 1
76 96 1
76 119 1
76 121 1
76 128 1
77 78 1
77 86 1
77 97 1
77 103 1
77 105 1
77 124 1
77 125 1
78 79 1
78 83 1
78 89 1
78 112 1
78 126 1
79 80 1
79 93 1
79 96 1
79 97 1
79 101 1
79 110 1
79 114 1
79 118 1
80 83 1
80 100 1
80 101 1
80 117 1
80 124 1
80 127 1
80 128 1
81 100 1
81 112 1
81 118 1
81 121 1
81 123 1
81 124 1
81 129 1
82 90 1
82 97 1
82 101 1
82 111 1
82 113 1
82 115 1
83 89 1
83 109 1
83 113 1
83 117 1
83 126 1
84 87 1
84 89 1
84 90 1
84 96 1
84 100 1
84 104 1
84 110 1
84 113 1
84 115 1
84 124 1
84 129 1
85 87 1
85 91 1
85 102 1
85 105 1
85 116 1
85 119 1
86 88 1
86 91 1
86 99 1
86 102 1
86 106 1
86 116 1
87 89 1
87 96 1
87 106 1
87 109 1
87 119 1
87 126 1
88 92 1
88 98 1
88 103 1
88 106 1
88 111 1
88 120 1
88 122 1
88 126 1
89 97 1
89 99 1
89 105 1
89 108 1
89 109 1
89 111 1
89 112 1
89 123 1
89 128 1
90 101 1
90 106 1
90 108 1
90 116 1
90 117 1
90 121 1
90 124 1
91 95 1
91 99 1
91 100 1
91 102 1
91 105 1
91 118 1
91 126 1
92 108 1
92 110 1
92 121 1
92 122 1
92 126 1
92 128 1
92 129 1
93 99 1
93 108 1
93 109 1
93 115 1
93 119 1
94 100 1
94 103 1
94 105 1
94 113 1
94 118 1
94 128 1
95 99 1
95 103 1
95 111 1
95 112 1
95 121 1
95 125 1
96 97 1
96 107 1
96 123 1
96 127 1
97 101 1
97 103 1
97 112 1
97 117 1
97 121 1
98 115 1
98 120 1
98 122 1
99 101 1
99 103 1
99 105 1
99 112 1
99 125 1
100 110 1
100 124 1
101 127 1
102 104 1
102 105 1
102 109 1
102 125 1
102 128 1
103 115 1
103 116 1
103 119 1
103 123 1
104 109 1
104 126 1
105 107 1
105 110 1
105 118 1
105 124 1
105 129 1
106 108 1
106 112 1
107 121 1
107 125 1
108 111 1
108 117 1
108 123 1
110 116 1
110 121 1
110 124 1
110 127 1
110 128 1
110 129 1
111 121 1
111 127 1
111 129 1
112 118 1
113 120 1
113 124 1
113 127 1
114 125 1
115 122 1
115 128 1
118 123 1
119 124 1
120 129 1
121 128 1
122 124 1
123 124 1
124 126 1
125 126 1
125 127 1
125 129 1
126 127 1
128 129 1
1
16 92 103 27 43 40 72 107 44 35 30 62 33
