918
0 10 1
0 15 1
0 18 1
0 21 1
0 30 1
0 36 1
0 37 1
0 44 1
0 45 1
0 52 1
0 57 1
0 59 1
0 61 1
0 67 1
0 79 1
0 86 1
0 92 1
0 93 1
0 97 1
1 5 1
1 9 1
1 13 1
1 14 1
1 17 1
1 19 1
1 20 1
1 22 1
1 29 1
1 37 1
1 43 1
1 46 1
1 49 1
1 50 1
1 52 1
1 54 1
1 65 1
1 74 1
1 75 1
1 84 1
1 89 1
2 3 1
2 12 1
2 15 1
2 17 1
2 21 1
2 23 1
2 26 1
2 27 1
2 29 1
2 42 1
2 51 1
2 52 1
2 58 1
2 64 1
2 70 1
2 81 1
2 89 1
2 93 1
2 98 1
3 9 1
3 23 1
3 33 1
3 40 1
3 41 1
3 46 1
3 55 1
3 58 1
3 62 1
3 67 1
3 75 1
3 91 1
3 97 1
4 6 1
4 12 1
4 13 1
4 17 1
4 22 1
4 23 1
4 24 1
4 25 1
4 26 1
4 27 1
4 38 1
4 43 1
4 46 1
4 53 1
4 55 1
4 57 1
4 58 1
4 61 1
4 66 1
4 77 1
4 80 1
4 91 1
4 93 1
4 97 1
4 98 1
5 12 1
5 13 1
5 25 1
5 27 1
5 28 1
5 40 1
5 46 1
5 48 1
5 50 1
5 53 1
5 54 1
5 59 1
5 60 1
5 62 1
5 63 1
5 65 1
5 66 1
5 71 1
5 72 1
5 79 1
5 85 1
5 88 1
6 11 1
6 15 1
6 16 1
6 17 1
6 24 1
6 27 1
6 28 1
6 34 1
6 36 1
6 37 1
6 42 1
6 46 1
6 47 1
6 65 1
6 70 1
6 71 1
6 74 1
6 98 1
7 9 1
7 16 1
7 34 1
7 48 1
7 52 1
7 62 1
7 66 1
7 75 1
7 77 1
7 81 1
7 83 1
7 84 1
7 92 1
7 94 1
7 96 1
8 10 1
8 11 1
8 18 1
8 21 1
8 26 1
8 35 1
8 41 1
8 45 1
8 47 1
8 51 1
8 56 1
8 57 1
8 63 1
8 67 1
8 68 1
8 69 1
8 71 1
8 73 1
8 75 1
8 84 1
8 99 1
9 18 1
9 20 1
9 24 1
9 25 1
9 28 1
9 31 1
9 37 1
9 38 1
9 45 1
9 47 1
9 52 1
9 60 1
9 63 1
9 64 1
9 66 1
9 71 1
9 72 1
9 82 1
9 93 1
9 95 1
10 11 1
10 13 1
10 15 1
10 19 1
10 23 1
10 33 1
10 35 1
10 37 1
10 41 1
10 43 1
10 46 1
10 51 1
10 55 1
10 67 1
10 69 1
10 72 1
10 75 1
10 78 1
10 79 1
10 81 1
10 82 1
10 86 1
10 87 1
10 88 1
10 96 1
11 13 1
11 14 1
11 16 1
11 21 1
11 26 1
11 29 1
11 36 1
11 39 1
11 57 1
11 76 1
11 77 1
11 78 1
11 79 1
11 83 1
11 84 1
11 93 1
11 99 1
12 13 1
12 14 1
12 18 1
12 21 1
12 37 1
12 41 1
12 42 1
12 50 1
12 51 1
12 57 1
12 61 1
12 71 1
12 73 1
12 74 1
12 79 1
12 84 1
12 93 1
13 14 1
13 17 1
13 23 1
13 33 1
13 42 1
13 46 1
13 57 1
13 63 1
13 64 1
13 78 1
13 82 1
13 98 1
14 19 1
14 41 1
14 44 1
14 47 1
14 49 1
14 55 1
14 80 1
14 82 1
14 84 1
14 91 1
14 94 1
15 22 1
15 24 1
15 31 1
15 32 1
15 39 1
15 48 1
15 52 1
15 53 1
15 64 1
15 76 1
15 79 1
15 83 1
15 88 1
15 90 1
15 92 1
15 98 1
16 20 1
16 22 1
16 23 1
16 31 1
16 32 1
16 46 1
16 50 1
16 54 1
16 71 1
16 77 1
16 80 1
16 85 1
17 40 1
17 44 1
17 49 1
17 57 1
17 65 1
17 67 1
17 74 1
17 86 1
17 88 1
17 94 1
17 98 1
18 27 1
18 29 1
18 45 1
18 48 1
18 52 1
18 55 1
18 60 1
18 62 1
18 72 1
18 75 1
18 76 1
18 83 1
18 88 1
18 91 1
18 99 1
19 21 1
19 30 1
19 32 1
19 41 1
19 47 1
19 48 1
19 51 1
19 53 1
19 62 1
19 65 1
19 69 1
19 78 1
19 85 1
19 94 1
19 97 1
20 27 1
20 31 1
20 41 1
20 42 1
20 46 1
20 48 1
20 51 1
20 62 1
20 66 1
20 78 1
20 82 1
20 83 1
20 84 1
20 89 1
20 97 1
21 22 1
21 23 1
21 25 1
21 31 1
21 34 1
21 36 1
21 38 1
21 39 1
21 47 1
21 58 1
21 65 1
21 70 1
21 76 1
21 82 1
21 97 1
21 98 1
22 24 1
22 29 1
22 39 1
22 49 1
22 52 1
22 62 1
22 64 1
22 77 1
22 81 1
22 86 1
22 89 1
22 91 1
22 97 1
22 99 1
23 25 1
23 30 1
23 34 1
23 43 1
23 44 1
23 48 1
23 51 1
23 58 1
23 67 1
23 71 1
23 73 1
23 89 1
23 90 1
24 26 1
24 29 1
24 32 1
24 45 1
24 52 1
24 57 1
24 60 1
24 67 1
24 70 1
24 71 1
24 73 1
24 74 1
24 80 1
24 82 1
24 86 1
24 92 1
24 93 1
25 29 1
25 37 1
25 40 1
25 42 1
25 48 1
25 56 1
25 58 1
25 63 1
25 64 1
25 71 1
25 72 1
25 83 1
25 92 1
25 94 1
25 96 1
26 33 1
26 37 1
26 39 1
26 44 1
26 45 1
26 46 1
26 47 1
26 50 1
26 61 1
26 71 1
26 87 1
26 89 1
26 91 1
26 98 1
27 28 1
27 40 1
27 46 1
27 55 1
27 58 1
27 62 1
27 75 1
27 86 1
27 97 1
28 29 1
28 33 1
28 38 1
28 43 1
28 53 1
28 60 1
28 71 1
28 73 1
28 89 1
28 98 1
28 99 1
29 33 1
29 36 1
29 40 1
29 44 1
29 45 1
29 48 1
29 50 1
29 54 1
29 56 1
29 57 1
29 69 1
29 79 1
29 81 1
29 86 1
29 91 1
29 95 1
30 34 1
30 43 1
30 50 1
30 62 1
30 64 1
30 65 1
30 73 1
30 77 1
30 79 1
30 98 1
31 38 1
31 43 1
31 59 1
31 65 1
31 81 1
31 87 1
31 98 1
32 35 1
32 41 1
32 44 1
32 52 1
32 56 1
32 58 1
32 60 1
32 61 1
32 66 1
32 69 1
32 71 1
32 73 1
32 75 1
32 82 1
32 83 1
32 84 1
32 86 1
32 88 1
32 90 1
33 40 1
33 42 1
33 43 1
33 53 1
33 59 1
33 61 1
33 66 1
33 90 1
34 36 1
34 37 1
34 38 1
34 42 1
34 45 1
34 51 1
34 55 1
34 56 1
34 58 1
34 59 1
34 60 1
34 63 1
34 69 1
34 77 1
34 81 1
34 83 1
34 90 1
34 91 1
34 95 1
34 96 1
35 36 1
35 40 1
35 44 1
35 48 1
35 51 1
35 68 1
35 90 1
35 97 1
36 41 1
36 42 1
36 44 1
36 45 1
36 46 1
36 50 1
36 60 1
36 62 1
36 64 1
36 77 1
36 79 1
36 82 1
36 85 1
36 87 1
36 90 1
36 93 1
37 42 1
37 45 1
37 57 1
37 60 1
37 62 1
37 90 1
38 50 1
38 57 1
38 60 1
38 67 1
38 69 1
38 74 1
38 77 1
38 82 1
38 85 1
38 90 1
38 98 1
39 41 1
39 42 1
39 53 1
39 54 1
39 55 1
39 58 1
39 63 1
39 72 1
39 77 1
39 79 1
39 89 1
39 94 1
40 42 1
40 49 1
40 56 1
40 61 1
40 63 1
40 74 1
40 77 1
40 83 1
40 84 1
40 85 1
40 89 1
40 91 1
40 97 1
41 48 1
41 50 1
41 51 1
41 57 1
41 60 1
41 64 1
41 66 1
41 70 1
41 78 1
41 80 1
41 82 1
41 83 1
41 96 1
42 55 1
42 56 1
42 60 1
42 61 1
42 70 1
42 76 1
42 79 1
42 81 1
42 82 1
42 83 1
42 85 1
42 86 1
42 93 1
42 94 1
42 96 1
42 97 1
43 44 1
43 48 1
43 52 1
43 61 1
43 64 1
43 65 1
43 77 1
43 81 1
43 83 1
43 87 1
43 88 1
43 96 1
44 50 1
44 58 1
44 63 1
44 70 1
44 73 1
44 74 1
44 76 1
44 79 1
44 82 1
44 83 1
44 96 1
44 97 1
44 98 1
45 49 1
45 60 1
45 67 1
45 84 1
45 89 1
45 94 1
46 49 1
46 51 1
46 59 1
46 60 1
46 70 1
46 75 1
46 81 1
46 84 1
46 95 1
47 50 1
47 55 1
47 63 1
47 65 1
47 87 1
47 89 1
47 92 1
47 96 1
47 97 1
48 56 1
48 58 1
48 61 1
48 65 1
48 66 1
48 68 1
48 70 1
48 74 1
48 86 1
49 52 1
49 61 1
49 63 1
49 65 1
49 70 1
49 78 1
49 86 1
49 87 1
49 96 1
49 97 1
49 99 1
50 56 1
50 76 1
50 81 1
50 84 1
50 88 1
50 89 1
50 91 1
50 98 1
51 61 1
51 69 1
51 70 1
51 79 1
51 86 1
51 89 1
51 95 1
51 99 1
52 58 1
52 67 1
52 69 1
52 72 1
52 79 1
52 84 1
52 89 1
52 91 1
52 96 1
53 55 1
53 57 1
53 70 1
53 79 1
53 81 1
53 84 1
53 89 1
53 95 1
53 99 1
54 67 1
54 69 1
54 74 1
54 76 1
54 85 1
54 89 1
54 93 1
55 62 1
55 70 1
55 85 1
55 91 1
55 94 1
56 59 1
56 65 1
56 67 1
56 70 1
56 74 1
56 75 1
56 77 1
56 84 1
56 86 1
56 88 1
56 96 1
56 97 1
57 58 1
57 59 1
57 65 1
57 74 1
57 75 1
57 80 1
57 88 1
57 99 1
58 60 1
58 68 1
58 69 1
58 76 1
58 77 1
58 82 1
59 70 1
59 83 1
59 86 1
60 69 1
60 78 1
60 79 1
60 85 1
61 96 1
62 78 1
62 81 1
62 83 1
62 85 1
62 86 1
62 94 1
62 95 1
62 96 1
63 68 1
63 71 1
63 72 1
63 75 1
63 76 1
63 83 1
63 94 1
63 95 1
64 66 1
64 76 1
64 80 1
64 88 1
64 89 1
64 93 1
64 97 1
65 67 1
65 78 1
65 79 1
65 85 1
65 88 1
65 89 1
66 73 1
66 79 1
66 90 1
66 93 1
67 77 1
67 84 1
67 87 1
67 89 1
67 94 1
68 71 1
68 77 1
68 81 1
68 86 1
68 97 1
68 98 1
69 71 1
69 73 1
69 83 1
69 89 1
69 95 1
70 75 1
70 92 1
70 94 1
71 72 1
71 83 1
71 95 1
71 98 1
71 99 1
72 81 1
72 89 1
72 99 1
73 81 1
73 86 1
73 98 1
73 99 1
74 75 1
74 77 1
74 80 1
74 85 1
74 90 1
74 91 1
75 80 1
75 84 1
76 80 1
76 88 1
77 79 1
77 80 1
77 83 1
77 91 1
77 99 1
78 85 1
78 94 1
78 95 1
78 96 1
79 83 1
79 85 1
79 86 1
79 87 1
79 90 1
79 98 1
80 81 1
80 82 1
80 88 1
80 91 1
80 99 1
81 83 1
81 84 1
81 85 1
81 91 1
81 93 1
82 87 1
83 88 1
83 95 1
83 97 1
83 98 1
83 99 1
84 88 1
84 92 1
84 96 1
84 99 1
85 86 1
85 89 1
85 99 1
86 89 1
86 93 1
86 94 1
87 90 1
87 99 1
88 98 1
89 96 1
89 99 1
91 95 1
91 98 1
92 94 1
93 95 1
94 99 1
95 98 1
1
65 56 91 88 1 83 33 40 7 90
