1286
0 5 1
0 13 1
0 27 1
0 35 1
0 39 1
0 45 1
0 47 1
0 48 1
0 49 1
0 51 1
0 52 1
0 55 1
0 57 1
0 65 1
0 68 1
0 69 1
0 72 1
0 84 1
0 88 1
0 89 1
0 96 1
0 98 1
0 119 1
1 2 1
1 11 1
1 18 1
1 26 1
1 27 1
1 44 1
1 49 1
1 54 1
1 66 1
1 72 1
1 84 1
1 97 1
1 102 1
1 104 1
1 106 1
1 129 1
2 13 1
2 16 1
2 25 1
2 46 1
2 51 1
2 81 1
2 82 1
2 83 1
2 90 1
2 99 1
2 108 1
2 110 1
2 114 1
2 117 1
2 119 1
2 121 1
2 123 1
2 124 1
2 126 1
3 7 1
3 13 1
3 23 1
3 25 1
3 32 1
3 36 1
3 41 1
3 46 1
3 51 1
3 55 1
3 60 1
3 67 1
3 68 1
3 75 1
3 88 1
3 91 1
3 102 1
3 105 1
3 117 1
3 119 1
3 120 1
3 121 1
3 123 1
4 7 1
4 9 1
4 12 1
4 20 1
4 37 1
4 40 1
4 43 1
4 49 1
4 53 1
4 61 1
4 64 1
4 75 1
4 76 1
4 82 1
4 106 1
4 119 1
4 122 1
4 124 1
4 128 1
5 6 1
5 7 1
5 18 1
5 19 1
5 23 1
5 26 1
5 30 1
5 31 1
5 32 1
5 39 1
5 43 1
5 46 1
5 55 1
5 56 1
5 63 1
5 73 1
5 78 1
5 91 1
5 96 1
5 97 1
5 101 1
5 106 1
5 108 1
5 113 1
5 115 1
5 124 1
6 16 1
6 28 1
6 47 1
6 49 1
6 57 1
6 59 1
6 77 1
6 82 1
6 88 1
6 91 1
6 100 1
6 101 1
6 102 1
6 103 1
6 106 1
6 109 1
6 127 1
6 129 1
7 8 1
7 10 1
7 12 1
7 19 1
7 28 1
7 34 1
7 35 1
7 45 1
7 47 1
7 50 1
7 59 1
7 74 1
7 75 1
7 76 1
7 81 1
7 83 1
7 89 1
7 94 1
7 102 1
7 103 1
7 112 1
7 119 1
7 121 1
8 10 1
8 12 1
8 17 1
8 25 1
8 31 1
8 40 1
8 59 1
8 67 1
8 68 1
8 75 1
8 80 1
8 90 1
8 93 1
8 109 1
8 123 1
8 124 1
8 129 1
9 12 1
9 22 1
9 46 1
9 52 1
9 54 1
9 55 1
9 57 1
9 58 1
9 64 1
9 65 1
9 73 1
9 95 1
9 97 1
9 101 1
9 112 1
9 119 1
10 14 1
10 18 1
10 24 1
10 48 1
10 57 1
10 65 1
10 71 1
10 72 1
10 94 1
10 96 1
10 99 1
10 107 1
10 115 1
10 121 1
10 122 1
11 17 1
11 29 1
11 38 1
11 41 1
11 43 1
11 48 1
11 59 1
11 62 1
11 66 1
11 72 1
11 81 1
11 82 1
11 85 1
11 91 1
11 93 1
11 94 1
11 96 1
11 98 1
11 100 1
11 101 1
11 106 1
11 111 1
11 119 1
12 22 1
12 34 1
12 36 1
12 40 1
12 53 1
12 56 1
12 59 1
12 65 1
12 67 1
12 75 1
12 81 1
12 95 1
12 98 1
12 104 1
12 116 1
12 124 1
13 15 1
13 40 1
13 42 1
13 43 1
13 50 1
13 66 1
13 69 1
13 72 1
13 95 1
13 104 1
13 107 1
13 110 1
13 121 1
13 123 1
13 129 1
14 16 1
14 19 1
14 26 1
14 28 1
14 29 1
14 32 1
14 33 1
14 35 1
14 55 1
14 58 1
14 68 1
14 72 1
14 90 1
14 91 1
14 92 1
14 101 1
14 103 1
14 112 1
14 115 1
14 120 1
15 21 1
15 26 1
15 28 1
15 42 1
15 54 1
15 60 1
15 63 1
15 66 1
15 71 1
15 81 1
15 83 1
15 92 1
15 101 1
15 109 1
15 113 1
15 128 1
16 18 1
16 22 1
16 40 1
16 48 1
16 53 1
16 55 1
16 60 1
16 61 1
16 63 1
16 66 1
16 73 1
16 79 1
16 89 1
16 94 1
16 97 1
16 103 1
16 113 1
16 114 1
16 123 1
17 22 1
17 23 1
17 28 1
17 32 1
17 34 1
17 43 1
17 51 1
17 58 1
17 63 1
17 65 1
17 79 1
17 81 1
17 84 1
17 85 1
17 93 1
17 96 1
17 103 1
17 105 1
17 122 1
18 22 1
18 23 1
18 27 1
18 33 1
18 35 1
18 37 1
18 42 1
18 44 1
18 45 1
18 50 1
18 67 1
18 68 1
18 81 1
18 85 1
18 100 1
18 112 1
18 113 1
18 121 1
18 122 1
19 33 1
19 37 1
19 43 1
19 44 1
19 48 1
19 50 1
19 51 1
19 55 1
19 57 1
19 70 1
19 82 1
19 89 1
19 97 1
19 100 1
19 107 1
19 108 1
19 115 1
19 116 1
19 117 1
19 122 1
19 124 1
19 126 1
20 43 1
20 46 1
20 56 1
20 60 1
20 62 1
20 63 1
20 71 1
20 85 1
20 93 1
20 102 1
20 109 1
20 118 1
20 129 1
21 35 1
21 36 1
21 38 1
21 41 1
21 44 1
21 45 1
21 46 1
21 50 1
21 63 1
21 68 1
21 72 1
21 81 1
21 83 1
21 93 1
21 101 1
21 106 1
21 112 1
21 113 1
21 114 1
21 118 1
21 120 1
21 129 1
22 26 1
22 39 1
22 46 1
22 49 1
22 59 1
22 78 1
22 80 1
22 109 1
22 116 1
23 29 1
23 30 1
23 40 1
23 41 1
23 47 1
23 51 1
23 56 1
23 58 1
23 61 1
23 65 1
23 68 1
23 76 1
23 77 1
23 83 1
23 95 1
23 97 1
23 101 1
23 104 1
23 120 1
23 123 1
24 33 1
24 39 1
24 42 1
24 47 1
24 50 1
24 62 1
24 69 1
24 79 1
24 81 1
24 84 1
24 91 1
24 93 1
24 98 1
24 101 1
24 108 1
24 109 1
24 114 1
24 119 1
25 29 1
25 36 1
25 43 1
25 46 1
25 48 1
25 50 1
25 54 1
25 70 1
25 78 1
25 87 1
25 88 1
25 90 1
25 95 1
25 101 1
25 104 1
25 123 1
26 27 1
26 34 1
26 37 1
26 39 1
26 42 1
26 44 1
26 51 1
26 54 1
26 61 1
26 67 1
26 69 1
26 71 1
26 76 1
26 79 1
26 88 1
26 93 1
26 94 1
26 101 1
26 121 1
26 124 1
27 31 1
27 33 1
27 49 1
27 50 1
27 62 1
27 64 1
27 75 1
27 78 1
27 80 1
27 83 1
27 89 1
27 93 1
27 121 1
28 38 1
28 73 1
28 93 1
28 100 1
28 110 1
28 113 1
29 30 1
29 31 1
29 35 1
29 38 1
29 48 1
29 52 1
29 61 1
29 72 1
29 74 1
29 84 1
29 94 1
29 96 1
29 100 1
29 111 1
29 115 1
29 124 1
29 129 1
30 32 1
30 36 1
30 42 1
30 57 1
30 60 1
30 63 1
30 65 1
30 69 1
30 70 1
30 74 1
30 84 1
30 85 1
30 91 1
30 100 1
30 105 1
30 113 1
31 37 1
31 40 1
31 41 1
31 42 1
31 46 1
31 52 1
31 57 1
31 76 1
31 78 1
31 88 1
31 90 1
31 91 1
31 92 1
31 98 1
31 99 1
31 104 1
31 105 1
31 106 1
31 125 1
32 47 1
32 71 1
32 83 1
32 97 1
32 101 1
32 127 1
32 129 1
33 37 1
33 44 1
33 50 1
33 52 1
33 53 1
33 65 1
33 66 1
33 70 1
33 74 1
33 89 1
33 93 1
33 105 1
33 108 1
33 113 1
34 36 1
34 39 1
34 55 1
34 57 1
34 58 1
34 77 1
34 78 1
34 80 1
34 83 1
34 86 1
34 91 1
34 97 1
34 102 1
34 107 1
34 111 1
34 113 1
34 115 1
34 118 1
34 119 1
34 120 1
35 44 1
35 59 1
35 61 1
35 67 1
35 69 1
35 72 1
35 75 1
35 77 1
35 87 1
35 90 1
35 94 1
35 107 1
35 113 1
35 122 1
35 124 1
36 37 1
36 43 1
36 46 1
36 51 1
36 53 1
36 61 1
36 79 1
36 86 1
36 89 1
36 111 1
36 119 1
36 126 1
36 129 1
37 40 1
37 42 1
37 55 1
37 59 1
37 68 1
37 78 1
37 81 1
37 87 1
37 94 1
37 96 1
37 112 1
37 116 1
37 117 1
37 119 1
37 125 1
38 44 1
38 52 1
38 53 1
38 57 1
38 64 1
38 73 1
38 80 1
38 82 1
38 86 1
38 88 1
38 97 1
38 101 1
38 111 1
38 123 1
39 42 1
39 56 1
39 58 1
39 60 1
39 61 1
39 67 1
39 71 1
39 73 1
39 78 1
39 90 1
39 92 1
39 96 1
39 97 1
39 103 1
39 110 1
39 114 1
39 117 1
39 118 1
39 127 1
40 45 1
40 48 1
40 58 1
40 67 1
40 104 1
40 115 1
40 122 1
40 126 1
41 47 1
41 49 1
41 62 1
41 63 1
41 81 1
41 82 1
41 84 1
41 86 1
41 99 1
41 104 1
41 128 1
42 44 1
42 50 1
42 52 1
42 54 1
42 57 1
42 59 1
42 61 1
42 64 1
42 75 1
42 80 1
42 83 1
42 84 1
42 86 1
42 89 1
42 100 1
42 101 1
42 103 1
42 118 1
42 127 1
43 51 1
43 61 1
43 66 1
43 70 1
43 72 1
43 79 1
43 93 1
43 98 1
43 100 1
43 106 1
43 119 1
43 121 1
43 122 1
43 127 1
44 57 1
44 58 1
44 59 1
44 62 1
44 64 1
44 66 1
44 67 1
44 69 1
44 73 1
44 74 1
44 75 1
44 76 1
44 91 1
44 93 1
44 105 1
44 111 1
44 115 1
44 129 1
45 49 1
45 50 1
45 61 1
45 91 1
45 106 1
45 108 1
45 126 1
46 47 1
46 48 1
46 80 1
46 83 1
46 95 1
46 96 1
46 109 1
46 117 1
46 122 1
46 125 1
46 126 1
46 129 1
47 49 1
47 67 1
47 83 1
47 84 1
47 92 1
47 94 1
47 95 1
47 96 1
47 99 1
47 110 1
47 111 1
47 114 1
47 124 1
48 51 1
48 53 1
48 62 1
48 64 1
48 70 1
48 73 1
48 82 1
48 86 1
48 88 1
48 103 1
48 104 1
48 125 1
48 129 1
49 59 1
49 78 1
49 81 1
49 83 1
49 93 1
49 99 1
49 100 1
49 104 1
49 106 1
49 116 1
50 62 1
50 63 1
50 65 1
50 77 1
50 79 1
50 95 1
50 101 1
50 111 1
50 119 1
50 123 1
51 58 1
51 68 1
51 87 1
51 90 1
51 93 1
51 101 1
51 107 1
51 110 1
51 115 1
51 120 1
51 129 1
52 54 1
52 57 1
52 62 1
52 78 1
52 80 1
52 87 1
52 90 1
52 97 1
52 99 1
52 106 1
52 126 1
53 56 1
53 58 1
53 60 1
53 61 1
53 79 1
53 87 1
53 88 1
53 91 1
53 93 1
53 103 1
53 106 1
53 107 1
53 128 1
54 63 1
54 72 1
54 87 1
54 88 1
54 89 1
54 102 1
54 110 1
54 111 1
54 125 1
55 62 1
55 63 1
55 71 1
55 77 1
55 78 1
55 79 1
55 84 1
55 86 1
55 93 1
55 99 1
55 102 1
55 113 1
55 120 1
55 121 1
55 127 1
56 62 1
56 65 1
56 73 1
56 77 1
56 87 1
56 90 1
56 91 1
56 94 1
56 100 1
56 107 1
56 111 1
56 114 1
56 117 1
56 120 1
56 125 1
57 60 1
57 74 1
57 82 1
57 94 1
57 109 1
57 111 1
57 112 1
57 126 1
57 128 1
58 73 1
58 79 1
58 81 1
58 85 1
58 89 1
58 90 1
58 92 1
58 102 1
58 120 1
59 61 1
59 63 1
59 67 1
59 71 1
59 73 1
59 81 1
59 83 1
59 94 1
59 109 1
59 110 1
59 122 1
59 124 1
60 62 1
60 64 1
60 66 1
60 70 1
60 74 1
60 91 1
60 93 1
60 97 1
60 101 1
60 126 1
61 68 1
61 69 1
61 70 1
61 73 1
61 74 1
61 78 1
61 83 1
61 97 1
61 102 1
61 103 1
61 107 1
61 108 1
61 118 1
61 124 1
61 126 1
62 69 1
62 73 1
62 96 1
62 110 1
62 116 1
62 123 1
62 129 1
63 64 1
63 79 1
63 83 1
63 86 1
63 89 1
63 92 1
63 95 1
63 99 1
63 100 1
63 107 1
63 115 1
63 124 1
63 125 1
63 128 1
63 129 1
64 71 1
64 75 1
64 89 1
64 93 1
64 98 1
64 99 1
64 104 1
64 116 1
64 117 1
64 118 1
64 123 1
64 125 1
64 127 1
65 74 1
65 88 1
65 90 1
65 103 1
65 112 1
65 117 1
65 119 1
66 72 1
66 81 1
66 83 1
66 84 1
66 85 1
66 91 1
66 95 1
66 103 1
66 109 1
66 115 1
66 118 1
66 126 1
67 75 1
67 77 1
67 80 1
67 99 1
67 108 1
67 110 1
67 122 1
67 124 1
68 77 1
68 79 1
68 81 1
68 82 1
68 98 1
68 102 1
68 103 1
68 108 1
68 109 1
68 110 1
68 120 1
69 75 1
69 79 1
69 98 1
69 100 1
69 104 1
69 124 1
69 128 1
70 75 1
70 79 1
70 88 1
70 92 1
70 96 1
70 97 1
70 114 1
70 124 1
70 125 1
70 128 1
71 73 1
71 74 1
71 75 1
71 79 1
71 86 1
71 95 1
71 98 1
71 101 1
71 110 1
71 112 1
71 117 1
71 126 1
72 76 1
72 105 1
72 106 1
72 113 1
72 128 1
73 74 1
73 94 1
73 105 1
74 83 1
74 84 1
74 97 1
74 117 1
74 120 1
74 121 1
75 86 1
75 91 1
75 94 1
75 96 1
75 102 1
75 106 1
75 113 1
75 118 1
75 121 1
75 122 1
76 82 1
76 95 1
76 109 1
77 88 1
77 102 1
77 109 1
78 89 1
78 90 1
78 95 1
78 97 1
78 105 1
78 114 1
78 117 1
79 89 1
79 106 1
79 113 1
79 116 1
80 92 1
80 96 1
80 102 1
80 113 1
80 119 1
80 129 1
81 82 1
81 89 1
81 91 1
81 93 1
81 109 1
81 113 1
82 90 1
82 97 1
82 99 1
82 107 1
82 115 1
82 118 1
82 126 1
83 87 1
83 100 1
83 105 1
83 109 1
83 113 1
83 124 1
84 90 1
84 97 1
84 99 1
84 117 1
85 96 1
85 105 1
85 106 1
85 110 1
85 118 1
85 121 1
85 125 1
85 128 1
86 108 1
86 114 1
86 118 1
86 124 1
86 125 1
86 129 1
87 94 1
87 95 1
87 102 1
87 103 1
87 109 1
87 115 1
87 116 1
87 129 1
88 89 1
88 94 1
88 95 1
88 103 1
88 116 1
88 120 1
88 121 1
88 122 1
88 123 1
89 105 1
89 106 1
89 108 1
89 109 1
89 110 1
89 118 1
89 119 1
89 128 1
89 129 1
90 91 1
90 96 1
90 99 1
90 110 1
90 117 1
90 121 1
91 97 1
91 102 1
91 112 1
91 115 1
91 119 1
91 121 1
91 124 1
91 129 1
92 94 1
92 116 1
92 118 1
92 122 1
93 97 1
93 111 1
93 116 1
93 124 1
94 96 1
94 97 1
94 104 1
94 113 1
94 118 1
94 119 1
94 121 1
94 128 1
95 96 1
95 98 1
95 101 1
95 104 1
95 105 1
95 107 1
95 108 1
95 110 1
95 117 1
95 123 1
95 127 1
96 108 1
96 110 1
96 123 1
96 126 1
97 122 1
97 125 1
98 100 1
98 107 1
98 109 1
98 119 1
98 125 1
99 101 1
99 102 1
99 111 1
99 113 1
99 114 1
99 123 1
100 102 1
100 106 1
100 108 1
100 117 1
100 123 1
100 124 1
101 104 1
101 112 1
101 115 1
101 117 1
101 118 1
102 117 1
102 122 1
103 119 1
103 129 1
104 110 1
104 115 1
104 127 1
105 106 1
105 107 1
106 113 1
106 116 1
106 119 1
106 120 1
106 121 1
106 125 1
106 126 1
107 113 1
107 122 1
107 123 1
107 126 1
108 109 1
108 119 1
108 121 1
108 125 1
109 111 1
109 114 1
109 117 1
109 125 1
109 128 1
110 111 1
110 117 1
110 121 1
110 123 1
110 128 1
111 125 1
112 113 1
112 115 1
112 117 1
112 120 1
112 124 1
113 118 1
113 125 1
113 126 1
116 123 1
117 121 1
118 120 1
119 122 1
124 125 1
125 127 1
125 128 1
126 127 1
1
122 10 6 64 23 111 34 89 26 17 70 110 52
