1256
0 6 1
0 8 1
0 11 1
0 20 1
0 21 1
0 25 1
0 28 1
0 37 1
0 54 1
0 63 1
0 67 1
0 80 1
0 89 1
0 92 1
0 96 1
0 103 1
0 106 1
0 112 1
0 127 1
1 8 1
1 9 1
1 27 1
1 29 1
1 32 1
1 38 1
1 55 1
1 59 1
1 61 1
1 76 1
1 79 1
1 87 1
1 93 1
1 115 1
1 124 1
2 15 1
2 26 1
2 31 1
2 32 1
2 39 1
2 51 1
2 53 1
2 60 1
2 62 1
2 72 1
2 75 1
2 80 1
2 88 1
2 95 1
2 103 1
2 115 1
2 116 1
2 117 1
2 118 1
3 4 1
3 22 1
3 44 1
3 45 1
3 46 1
3 52 1
3 69 1
3 83 1
3 95 1
3 106 1
3 117 1
3 123 1
3 124 1
4 12 1
4 16 1
4 20 1
4 21 1
4 29 1
4 30 1
4 39 1
4 42 1
4 63 1
4 67 1
4 77 1
4 79 1
4 81 1
4 85 1
4 108 1
4 109 1
4 110 1
4 115 1
5 13 1
5 23 1
5 26 1
5 36 1
5 39 1
5 42 1
5 52 1
5 58 1
5 65 1
5 69 1
5 75 1
5 80 1
5 85 1
5 89 1
5 92 1
5 95 1
5 96 1
5 97 1
5 100 1
5 121 1
5 126 1
5 128 1
6 16 1
6 25 1
6 28 1
6 29 1
6 30 1
6 31 1
6 36 1
6 49 1
6 51 1
6 52 1
6 58 1
6 59 1
6 66 1
6 69 1
6 75 1
6 87 1
6 89 1
6 99 1
6 105 1
6 109 1
6 127 1
7 13 1
7 14 1
7 24 1
7 35 1
7 83 1
7 85 1
7 88 1
7 94 1
7 103 1
7 118 1
7 121 1
7 122 1
7 124 1
7 128 1
8 9 1
8 13 1
8 19 1
8 20 1
8 21 1
8 23 1
8 30 1
8 36 1
8 37 1
8 38 1
8 45 1
8 46 1
8 60 1
8 61 1
8 62 1
8 67 1
8 75 1
8 78 1
8 89 1
8 95 1
8 100 1
8 102 1
8 108 1
8 109 1
8 114 1
8 116 1
8 117 1
8 124 1
8 125 1
9 27 1
9 38 1
9 43 1
9 51 1
9 59 1
9 67 1
9 68 1
9 71 1
9 72 1
9 79 1
9 93 1
9 99 1
10 13 1
10 23 1
10 24 1
10 26 1
10 29 1
10 31 1
10 40 1
10 52 1
10 81 1
10 83 1
10 87 1
10 93 1
10 103 1
10 111 1
10 113 1
11 17 1
11 23 1
11 24 1
11 26 1
11 38 1
11 40 1
11 56 1
11 66 1
11 69 1
11 70 1
11 73 1
11 95 1
11 103 1
11 110 1
11 116 1
11 117 1
11 118 1
11 119 1
11 125 1
12 31 1
12 35 1
12 45 1
12 49 1
12 66 1
12 67 1
12 70 1
12 75 1
12 77 1
12 83 1
12 91 1
12 100 1
12 106 1
12 111 1
12 125 1
12 129 1
13 16 1
13 38 1
13 45 1
13 51 1
13 57 1
13 63 1
13 66 1
13 70 1
13 71 1
13 74 1
13 82 1
13 103 1
13 104 1
13 105 1
13 128 1
14 19 1
14 30 1
14 33 1
14 45 1
14 50 1
14 51 1
14 68 1
14 80 1
14 86 1
14 107 1
14 110 1
14 122 1
15 16 1
15 23 1
15 27 1
15 36 1
15 38 1
15 41 1
15 42 1
15 46 1
15 54 1
15 63 1
15 69 1
15 72 1
15 91 1
15 113 1
15 114 1
15 116 1
15 120 1
16 18 1
16 20 1
16 22 1
16 27 1
16 42 1
16 53 1
16 60 1
16 65 1
16 66 1
16 68 1
16 70 1
16 75 1
16 76 1
16 84 1
16 85 1
16 87 1
16 97 1
16 108 1
16 114 1
16 117 1
16 120 1
17 24 1
17 29 1
17 32 1
17 34 1
17 37 1
17 40 1
17 48 1
17 50 1
17 57 1
17 60 1
17 61 1
17 65 1
17 71 1
17 75 1
17 79 1
17 86 1
17 88 1
17 95 1
17 109 1
17 122 1
17 123 1
18 23 1
18 24 1
18 27 1
18 30 1
18 31 1
18 42 1
18 43 1
18 56 1
18 60 1
18 63 1
18 64 1
18 67 1
18 69 1
18 78 1
18 87 1
18 104 1
18 108 1
18 111 1
18 115 1
18 124 1
18 129 1
19 22 1
19 23 1
19 24 1
19 35 1
19 59 1
19 81 1
19 97 1
19 109 1
19 113 1
19 114 1
19 123 1
19 125 1
19 126 1
19 129 1
20 27 1
20 41 1
20 54 1
20 59 1
20 65 1
20 70 1
20 79 1
20 81 1
20 102 1
20 126 1
21 36 1
21 42 1
21 44 1
21 49 1
21 52 1
21 57 1
21 61 1
21 62 1
21 66 1
21 74 1
21 78 1
21 80 1
21 90 1
21 93 1
21 94 1
21 111 1
21 116 1
21 125 1
21 127 1
22 23 1
22 31 1
22 49 1
22 60 1
22 64 1
22 65 1
22 72 1
22 80 1
22 83 1
22 89 1
22 99 1
23 24 1
23 25 1
23 28 1
23 30 1
23 38 1
23 48 1
23 49 1
23 53 1
23 65 1
23 67 1
23 72 1
23 80 1
23 100 1
23 105 1
23 111 1
23 120 1
23 122 1
23 123 1
24 31 1
24 41 1
24 44 1
24 45 1
24 46 1
24 53 1
24 56 1
24 69 1
24 71 1
24 78 1
24 82 1
24 88 1
24 91 1
24 100 1
24 101 1
24 103 1
24 105 1
24 107 1
24 119 1
24 128 1
25 36 1
25 37 1
25 38 1
25 43 1
25 48 1
25 49 1
25 52 1
25 53 1
25 72 1
25 74 1
25 88 1
25 96 1
25 104 1
25 107 1
25 114 1
25 116 1
25 122 1
25 125 1
25 127 1
26 37 1
26 51 1
26 71 1
26 84 1
26 85 1
26 93 1
26 95 1
26 98 1
26 99 1
26 102 1
26 106 1
26 111 1
26 120 1
27 33 1
27 43 1
27 52 1
27 59 1
27 62 1
27 63 1
27 67 1
27 77 1
27 82 1
27 97 1
27 99 1
27 102 1
27 118 1
27 120 1
27 129 1
28 34 1
28 39 1
28 49 1
28 53 1
28 65 1
28 69 1
28 72 1
28 76 1
28 80 1
28 92 1
28 101 1
28 107 1
28 108 1
28 117 1
28 128 1
29 32 1
29 36 1
29 37 1
29 46 1
29 56 1
29 64 1
29 66 1
29 69 1
29 76 1
29 97 1
29 110 1
29 122 1
29 123 1
29 124 1
30 45 1
30 46 1
30 54 1
30 55 1
30 57 1
30 61 1
30 64 1
30 71 1
30 72 1
30 83 1
30 84 1
30 87 1
30 98 1
30 104 1
30 106 1
30 114 1
30 118 1
30 125 1
31 42 1
31 66 1
31 69 1
31 77 1
31 81 1
31 91 1
31 108 1
31 111 1
31 123 1
31 124 1
31 128 1
32 37 1
32 41 1
32 49 1
32 56 1
32 61 1
32 72 1
32 74 1
32 75 1
32 78 1
32 80 1
32 85 1
32 93 1
32 94 1
32 95 1
32 97 1
32 112 1
32 117 1
32 118 1
32 123 1
33 36 1
33 38 1
33 41 1
33 47 1
33 52 1
33 53 1
33 59 1
33 60 1
33 61 1
33 86 1
33 87 1
33 91 1
33 104 1
33 109 1
33 110 1
33 112 1
33 117 1
33 119 1
33 120 1
33 129 1
34 35 1
34 38 1
34 50 1
34 53 1
34 65 1
34 69 1
34 70 1
34 83 1
34 113 1
34 126 1
34 127 1
35 44 1
35 45 1
35 48 1
35 49 1
35 54 1
35 62 1
35 66 1
35 71 1
35 77 1
35 91 1
35 93 1
35 116 1
35 124 1
35 129 1
36 59 1
36 61 1
36 63 1
36 64 1
36 65 1
36 67 1
36 68 1
36 75 1
36 89 1
36 116 1
36 119 1
37 48 1
37 51 1
37 61 1
37 62 1
37 63 1
37 67 1
37 71 1
37 72 1
37 73 1
37 78 1
37 91 1
37 98 1
37 114 1
37 117 1
37 121 1
37 128 1
38 41 1
38 45 1
38 48 1
38 52 1
38 57 1
38 61 1
38 62 1
38 64 1
38 65 1
38 72 1
38 78 1
38 81 1
38 82 1
38 83 1
38 97 1
38 100 1
38 112 1
38 118 1
38 126 1
39 40 1
39 48 1
39 53 1
39 54 1
39 57 1
39 61 1
39 70 1
39 71 1
39 72 1
39 75 1
39 78 1
39 82 1
39 87 1
39 89 1
39 92 1
39 96 1
39 97 1
39 103 1
39 120 1
39 122 1
39 128 1
39 129 1
40 59 1
40 65 1
40 73 1
40 77 1
40 80 1
40 84 1
40 87 1
40 94 1
40 95 1
40 98 1
40 101 1
40 104 1
40 107 1
40 108 1
40 129 1
41 48 1
41 49 1
41 55 1
41 60 1
41 65 1
41 78 1
41 80 1
41 105 1
41 107 1
41 116 1
41 125 1
42 44 1
42 54 1
42 71 1
42 76 1
42 78 1
42 80 1
42 93 1
42 101 1
42 103 1
42 107 1
42 112 1
42 115 1
42 118 1
42 120 1
42 122 1
42 123 1
43 49 1
43 51 1
43 54 1
43 55 1
43 61 1
43 66 1
43 74 1
43 79 1
43 99 1
43 105 1
43 123 1
44 47 1
44 56 1
44 58 1
44 61 1
44 63 1
44 78 1
44 86 1
44 98 1
44 103 1
44 110 1
44 113 1
44 121 1
44 123 1
44 128 1
45 65 1
45 67 1
45 74 1
45 99 1
45 107 1
45 121 1
45 122 1
45 123 1
45 128 1
46 66 1
46 72 1
46 76 1
46 94 1
46 98 1
46 105 1
46 111 1
46 117 1
47 53 1
47 62 1
47 64 1
47 76 1
47 84 1
47 85 1
47 99 1
47 102 1
47 112 1
47 115 1
47 124 1
48 52 1
48 59 1
48 75 1
48 80 1
48 103 1
48 109 1
48 117 1
48 120 1
49 51 1
49 69 1
49 70 1
49 71 1
49 75 1
49 81 1
49 90 1
49 91 1
49 93 1
49 97 1
49 107 1
49 108 1
49 124 1
50 54 1
50 58 1
50 59 1
50 65 1
50 72 1
50 87 1
50 91 1
50 97 1
50 100 1
50 109 1
50 112 1
50 113 1
50 114 1
50 119 1
50 122 1
51 54 1
51 58 1
51 67 1
51 73 1
51 74 1
51 77 1
51 92 1
51 93 1
51 112 1
51 116 1
51 117 1
51 124 1
52 58 1
52 63 1
52 66 1
52 68 1
52 71 1
52 81 1
52 84 1
52 85 1
52 95 1
52 119 1
52 121 1
52 124 1
53 65 1
53 74 1
53 77 1
53 121 1
53 124 1
54 67 1
54 80 1
54 81 1
54 83 1
54 92 1
54 93 1
54 103 1
54 105 1
54 111 1
54 115 1
54 121 1
54 125 1
54 128 1
55 68 1
55 71 1
55 74 1
55 76 1
55 79 1
55 85 1
55 92 1
55 97 1
55 100 1
55 103 1
55 104 1
55 105 1
55 109 1
55 115 1
55 118 1
55 127 1
56 78 1
56 109 1
57 58 1
57 72 1
57 73 1
57 87 1
57 96 1
57 101 1
57 103 1
57 108 1
57 109 1
57 113 1
57 119 1
57 121 1
57 122 1
58 66 1
58 69 1
58 76 1
58 80 1
58 82 1
58 87 1
58 91 1
58 98 1
58 101 1
58 114 1
58 117 1
58 118 1
58 129 1
59 67 1
59 69 1
59 70 1
59 82 1
59 91 1
59 93 1
59 103 1
59 111 1
59 125 1
60 71 1
60 80 1
60 81 1
60 83 1
60 92 1
60 103 1
60 104 1
60 108 1
60 126 1
61 78 1
61 84 1
61 89 1
61 90 1
61 98 1
61 100 1
61 109 1
61 114 1
61 128 1
62 72 1
62 88 1
62 107 1
62 123 1
62 124 1
63 68 1
63 76 1
63 77 1
63 103 1
63 104 1
63 118 1
63 120 1
63 129 1
64 69 1
64 71 1
64 84 1
64 90 1
64 91 1
64 92 1
64 93 1
64 97 1
64 98 1
64 105 1
64 108 1
64 109 1
64 113 1
64 119 1
64 123 1
64 127 1
64 128 1
65 71 1
65 72 1
65 75 1
65 76 1
65 77 1
65 83 1
65 95 1
65 103 1
65 107 1
65 112 1
65 128 1
66 67 1
66 76 1
66 89 1
66 92 1
66 94 1
66 108 1
66 113 1
66 115 1
66 121 1
66 123 1
66 124 1
67 69 1
67 76 1
67 77 1
67 81 1
67 88 1
67 95 1
67 114 1
67 122 1
67 123 1
67 127 1
68 73 1
68 78 1
68 81 1
68 89 1
68 102 1
68 111 1
69 74 1
69 78 1
69 85 1
69 87 1
69 99 1
69 108 1
69 117 1
69 119 1
69 123 1
69 126 1
70 78 1
70 79 1
70 86 1
70 107 1
70 108 1
70 115 1
70 121 1
70 123 1
70 124 1
71 83 1
71 84 1
71 86 1
71 94 1
71 101 1
71 107 1
71 111 1
71 114 1
71 127 1
72 80 1
72 83 1
72 89 1
72 94 1
72 95 1
72 98 1
72 110 1
72 115 1
72 121 1
72 125 1
73 84 1
73 111 1
73 114 1
73 119 1
74 93 1
74 95 1
74 96 1
74 111 1
74 113 1
75 77 1
75 79 1
75 86 1
75 94 1
75 100 1
75 107 1
75 108 1
75 109 1
75 125 1
76 78 1
76 83 1
76 86 1
76 87 1
76 88 1
76 93 1
76 98 1
76 102 1
76 108 1
76 118 1
76 127 1
77 78 1
77 94 1
77 98 1
77 99 1
77 110 1
77 115 1
77 118 1
77 122 1
77 128 1
78 79 1
78 80 1
78 87 1
78 92 1
78 93 1
78 95 1
78 103 1
78 110 1
78 112 1
78 114 1
78 117 1
78 119 1
78 122 1
79 80 1
79 85 1
79 93 1
79 96 1
79 99 1
79 100 1
79 101 1
79 104 1
79 113 1
79 114 1
79 115 1
79 118 1
79 120 1
79 128 1
80 81 1
80 84 1
80 87 1
80 94 1
80 109 1
80 111 1
80 112 1
80 114 1
80 123 1
81 92 1
81 93 1
81 99 1
81 104 1
81 111 1
81 113 1
81 119 1
81 120 1
81 121 1
81 122 1
82 88 1
82 99 1
82 112 1
83 94 1
83 97 1
83 100 1
83 103 1
83 104 1
83 108 1
83 111 1
84 88 1
84 93 1
84 95 1
84 118 1
84 126 1
84 127 1
85 92 1
85 95 1
85 112 1
85 116 1
85 118 1
85 126 1
86 93 1
86 103 1
86 108 1
86 118 1
87 88 1
87 89 1
87 92 1
87 100 1
87 114 1
87 124 1
88 97 1
88 100 1
88 103 1
88 105 1
88 106 1
88 111 1
88 114 1
88 122 1
88 123 1
89 90 1
89 92 1
89 102 1
89 103 1
89 117 1
89 119 1
90 104 1
90 107 1
90 110 1
90 118 1
90 120 1
90 129 1
91 114 1
91 116 1
91 125 1
92 99 1
93 96 1
93 101 1
93 107 1
93 127 1
93 128 1
94 95 1
94 107 1
94 111 1
94 128 1
95 96 1
95 109 1
95 112 1
95 119 1
95 120 1
95 127 1
96 103 1
96 104 1
96 105 1
96 111 1
96 112 1
96 116 1
96 117 1
96 125 1
96 126 1
96 127 1
98 101 1
98 105 1
98 106 1
98 116 1
98 121 1
98 123 1
98 126 1
98 128 1
99 104 1
99 112 1
100 106 1
100 121 1
101 103 1
101 113 1
101 117 1
101 119 1
101 128 1
102 103 1
102 104 1
102 120 1
103 121 1
103 125 1
104 109 1
104 110 1
104 111 1
104 116 1
104 123 1
104 126 1
104 127 1
105 113 1
105 122 1
105 126 1
106 110 1
106 117 1
107 110 1
107 115 1
107 127 1
108 121 1
108 126 1
109 111 1
109 117 1
109 120 1
109 122 1
109 123 1
110 121 1
110 125 1
111 124 1
112 124 1
113 117 1
113 119 1
113 121 1
113 124 1
113 127 1
113 129 1
114 121 1
114 122 1
115 129 1
116 124 1
117 121 1
117 122 1
118 119 1
119 120 1
119 123 1
120 124 1
120 125 1
121 126 1
121 128 1
121 129 1
123 125 1
123 128 1
124 127 1
128 129 1
1
47 36 34 63 83 28 45 39 117 55 26 107 90
