388
0 3 1
0 6 1
0 11 1
0 12 1
0 20 1
0 21 1
0 24 1
0 25 1
0 28 1
0 31 1
0 33 1
0 37 1
0 43 1
0 49 1
1 2 1
1 6 1
1 7 1
1 8 1
1 9 1
1 10 1
1 17 1
1 18 1
1 19 1
1 20 1
1 30 1
1 33 1
1 38 1
1 41 1
1 45 1
2 5 1
2 6 1
2 7 1
2 12 1
2 14 1
2 19 1
2 21 1
2 22 1
2 23 1
2 24 1
2 25 1
2 26 1
2 27 1
2 30 1
2 32 1
2 33 1
2 40 1
2 41 1
2 46 1
3 5 1
3 9 1
3 14 1
3 16 1
3 23 1
3 25 1
3 27 1
3 29 1
3 31 1
3 33 1
3 34 1
3 35 1
3 36 1
3 38 1
3 40 1
3 43 1
4 5 1
4 11 1
4 13 1
4 16 1
4 17 1
4 18 1
4 21 1
4 22 1
4 27 1
4 29 1
4 31 1
4 33 1
4 36 1
4 38 1
4 39 1
4 40 1
4 41 1
4 43 1
4 45 1
5 6 1
5 7 1
5 10 1
5 11 1
5 17 1
5 23 1
5 27 1
5 28 1
5 29 1
5 30 1
5 32 1
5 36 1
5 44 1
5 45 1
5 47 1
5 49 1
6 8 1
6 10 1
6 13 1
6 14 1
6 15 1
6 16 1
6 18 1
6 20 1
6 21 1
6 36 1
6 40 1
6 41 1
7 10 1
7 12 1
7 14 1
7 18 1
7 22 1
7 23 1
7 27 1
7 36 1
7 44 1
8 10 1
8 13 1
8 15 1
8 24 1
8 26 1
8 30 1
8 32 1
8 33 1
8 36 1
8 39 1
8 46 1
8 48 1
9 10 1
9 13 1
9 15 1
9 17 1
9 19 1
9 26 1
9 27 1
9 29 1
9 33 1
9 35 1
9 41 1
9 47 1
10 11 1
10 14 1
10 15 1
10 17 1
10 24 1
10 32 1
10 33 1
10 39 1
10 43 1
10 45 1
11 17 1
11 18 1
11 19 1
11 24 1
11 25 1
11 26 1
11 28 1
11 30 1
11 35 1
11 36 1
11 40 1
11 45 1
12 18 1
12 19 1
12 29 1
12 30 1
12 38 1
12 40 1
12 42 1
12 45 1
12 48 1
13 16 1
13 19 1
13 22 1
13 32 1
13 35 1
13 36 1
13 37 1
13 38 1
13 41 1
13 42 1
13 43 1
13 46 1
14 19 1
14 21 1
14 23 1
14 27 1
14 30 1
14 36 1
14 37 1
14 38 1
14 40 1
14 41 1
14 46 1
15 16 1
15 17 1
15 22 1
15 25 1
15 29 1
15 35 1
15 36 1
15 38 1
15 39 1
15 41 1
15 43 1
15 45 1
15 47 1
15 48 1
16 18 1
16 19 1
16 20 1
16 23 1
16 24 1
16 25 1
16 27 1
16 28 1
16 30 1
16 31 1
16 41 1
16 45 1
16 48 1
16 49 1
17 21 1
17 27 1
17 29 1
17 38 1
17 42 1
17 47 1
17 48 1
17 49 1
18 21 1
18 22 1
18 33 1
18 34 1
18 37 1
18 39 1
18 42 1
18 43 1
18 46 1
18 47 1
18 49 1
19 20 1
19 22 1
19 24 1
19 30 1
19 31 1
19 32 1
19 33 1
19 38 1
19 40 1
19 43 1
19 46 1
19 48 1
20 26 1
20 27 1
20 29 1
20 30 1
20 32 1
20 33 1
20 35 1
20 36 1
21 26 1
21 34 1
21 39 1
21 42 1
21 43 1
21 47 1
21 48 1
22 25 1
22 28 1
22 33 1
22 38 1
22 39 1
22 40 1
22 46 1
23 25 1
23 32 1
23 40 1
23 44 1
23 49 1
24 25 1
24 34 1
24 36 1
24 38 1
24 41 1
24 42 1
24 44 1
24 49 1
25 26 1
25 32 1
25 37 1
25 45 1
26 31 1
26 32 1
26 37 1
26 38 1
26 41 1
26 42 1
26 45 1
26 46 1
26 48 1
27 28 1
27 29 1
27 32 1
27 36 1
27 44 1
28 29 1
28 31 1
28 33 1
28 41 1
28 43 1
28 44 1
28 45 1
29 37 1
29 39 1
30 31 1
30 32 1
30 33 1
30 34 1
30 37 1
30 39 1
30 41 1
30 43 1
30 44 1
30 45 1
30 49 1
31 38 1
31 41 1
32 33 1
32 34 1
32 39 1
32 43 1
32 48 1
33 36 1
33 48 1
33 49 1
34 38 1
34 45 1
34 48 1
34 49 1
35 36 1
35 41 1
35 43 1
35 45 1
35 49 1
36 37 1
36 38 1
36 39 1
36 41 1
36 42 1
36 45 1
36 47 1
36 49 1
37 40 1
37 44 1
37 46 1
38 41 1
38 42 1
38 45 1
38 48 1
39 42 1
39 43 1
39 46 1
40 42 1
40 43 1
40 44 1
40 45 1
40 46 1
41 42 1
41 44 1
41 46 1
41 47 1
41 48 1
41 49 1
42 46 1
43 48 1
44 46 1
44 47 1
44 48 1
45 47 1
46 47 1
47 48 1
47 49 1
48 49 1
1
10 2 48 5 36
