675
0 14 1
0 16 1
0 17 1
0 22 1
0 49 1
0 51 1
0 61 1
0 69 1
0 76 1
1 5 1
1 27 1
1 28 1
1 30 1
1 33 1
1 36 1
1 48 1
1 52 1
1 54 1
1 56 1
1 64 1
1 77 1
2 12 1
2 14 1
2 17 1
2 20 1
2 22 1
2 26 1
2 30 1
2 33 1
2 43 1
2 44 1
2 48 1
2 52 1
2 53 1
2 64 1
2 73 1
3 13 1
3 17 1
3 18 1
3 19 1
3 27 1
3 28 1
3 32 1
3 36 1
3 37 1
3 38 1
3 41 1
3 49 1
3 52 1
3 58 1
3 66 1
3 67 1
3 72 1
3 78 1
3 79 1
4 5 1
4 7 1
4 18 1
4 19 1
4 20 1
4 21 1
4 25 1
4 30 1
4 38 1
4 39 1
4 43 1
4 51 1
4 52 1
4 55 1
4 61 1
4 62 1
4 67 1
4 72 1
5 11 1
5 13 1
5 14 1
5 25 1
5 31 1
5 40 1
5 42 1
5 45 1
5 53 1
5 56 1
5 57 1
5 60 1
5 63 1
5 64 1
5 70 1
5 71 1
5 73 1
5 74 1
6 10 1
6 11 1
6 15 1
6 16 1
6 26 1
6 46 1
6 47 1
6 49 1
6 50 1
6 51 1
6 55 1
6 57 1
6 63 1
6 64 1
6 68 1
6 72 1
6 73 1
6 76 1
6 77 1
7 9 1
7 16 1
7 20 1
7 24 1
7 36 1
7 38 1
7 39 1
7 41 1
7 42 1
7 44 1
7 46 1
7 49 1
7 53 1
7 55 1
7 57 1
7 60 1
7 67 1
7 68 1
7 71 1
7 73 1
7 74 1
7 78 1
8 10 1
8 12 1
8 15 1
8 18 1
8 30 1
8 32 1
8 44 1
8 45 1
8 48 1
8 49 1
8 50 1
8 55 1
8 57 1
8 58 1
8 61 1
8 65 1
8 72 1
8 74 1
8 75 1
9 18 1
9 19 1
9 22 1
9 28 1
9 32 1
9 38 1
9 39 1
9 45 1
9 46 1
9 63 1
9 74 1
9 76 1
10 13 1
10 15 1
10 16 1
10 18 1
10 20 1
10 24 1
10 37 1
10 39 1
10 45 1
10 46 1
10 47 1
10 49 1
10 51 1
10 55 1
10 63 1
10 70 1
10 72 1
10 76 1
11 16 1
11 19 1
11 22 1
11 24 1
11 28 1
11 30 1
11 36 1
11 37 1
11 56 1
11 57 1
11 60 1
11 62 1
11 63 1
11 72 1
12 13 1
12 23 1
12 25 1
12 29 1
12 36 1
12 38 1
12 39 1
12 52 1
12 56 1
12 58 1
12 71 1
12 78 1
13 15 1
13 20 1
13 30 1
13 33 1
13 35 1
13 36 1
13 42 1
13 45 1
13 53 1
13 55 1
13 56 1
13 60 1
13 64 1
13 67 1
13 76 1
14 20 1
14 29 1
14 31 1
14 34 1
14 35 1
14 36 1
14 42 1
14 49 1
14 50 1
14 59 1
14 62 1
14 63 1
15 21 1
15 24 1
15 26 1
15 28 1
15 29 1
15 32 1
15 38 1
15 41 1
15 42 1
15 44 1
15 45 1
15 49 1
15 50 1
15 51 1
15 54 1
15 57 1
15 61 1
15 63 1
15 65 1
15 77 1
16 21 1
16 23 1
16 39 1
16 40 1
16 41 1
16 45 1
16 46 1
16 58 1
16 61 1
16 62 1
16 63 1
16 66 1
16 73 1
16 76 1
17 22 1
17 30 1
17 34 1
17 35 1
17 39 1
17 54 1
17 55 1
17 62 1
17 69 1
18 21 1
18 28 1
18 33 1
18 34 1
18 36 1
18 47 1
18 48 1
18 52 1
18 53 1
18 54 1
18 65 1
18 71 1
18 78 1
19 26 1
19 28 1
19 32 1
19 42 1
19 43 1
19 45 1
19 58 1
19 66 1
19 75 1
19 78 1
20 28 1
20 45 1
20 46 1
20 60 1
20 65 1
20 73 1
20 75 1
20 76 1
21 22 1
21 29 1
21 32 1
21 38 1
21 42 1
21 47 1
21 49 1
21 50 1
21 51 1
21 53 1
21 56 1
21 57 1
21 59 1
21 62 1
21 65 1
21 66 1
21 70 1
21 71 1
21 72 1
21 77 1
21 79 1
22 24 1
22 25 1
22 36 1
22 42 1
22 45 1
22 46 1
22 52 1
22 54 1
22 58 1
22 59 1
22 61 1
22 66 1
22 68 1
22 69 1
22 75 1
22 78 1
22 79 1
23 31 1
23 40 1
23 41 1
23 47 1
23 48 1
23 50 1
23 53 1
23 55 1
23 60 1
23 61 1
23 75 1
23 77 1
24 33 1
24 36 1
24 39 1
24 50 1
24 56 1
24 57 1
24 59 1
24 66 1
24 69 1
24 71 1
25 27 1
25 31 1
25 32 1
25 33 1
25 34 1
25 38 1
25 39 1
25 41 1
25 43 1
25 46 1
25 58 1
25 60 1
25 67 1
25 75 1
25 76 1
26 27 1
26 31 1
26 37 1
26 41 1
26 48 1
26 50 1
26 56 1
26 60 1
26 62 1
26 65 1
26 67 1
26 75 1
27 29 1
27 33 1
27 38 1
27 42 1
27 48 1
27 51 1
27 54 1
27 55 1
27 57 1
27 59 1
27 66 1
27 67 1
27 69 1
27 76 1
27 78 1
28 29 1
28 36 1
28 45 1
28 50 1
28 52 1
28 53 1
28 54 1
28 56 1
28 62 1
28 67 1
28 79 1
29 30 1
29 38 1
29 54 1
29 55 1
29 63 1
29 64 1
29 67 1
29 68 1
29 70 1
29 74 1
30 33 1
30 36 1
30 39 1
30 40 1
30 44 1
30 49 1
30 57 1
30 61 1
30 74 1
30 77 1
30 78 1
31 32 1
31 37 1
31 55 1
31 59 1
31 60 1
31 65 1
31 66 1
31 67 1
31 76 1
31 77 1
31 78 1
32 49 1
32 57 1
32 61 1
32 63 1
32 64 1
32 67 1
32 74 1
32 78 1
33 36 1
33 38 1
33 39 1
33 45 1
33 51 1
33 57 1
33 63 1
33 67 1
33 76 1
34 42 1
34 45 1
34 53 1
34 60 1
34 72 1
34 78 1
35 38 1
35 39 1
35 42 1
35 53 1
35 60 1
35 75 1
36 37 1
36 41 1
36 42 1
36 43 1
36 49 1
36 58 1
36 61 1
36 63 1
36 64 1
36 65 1
37 45 1
37 46 1
37 47 1
37 48 1
37 49 1
37 50 1
37 52 1
37 57 1
37 73 1
37 78 1
38 40 1
38 41 1
38 53 1
38 59 1
38 61 1
38 63 1
38 70 1
38 75 1
39 40 1
39 43 1
39 50 1
39 57 1
39 62 1
39 65 1
39 71 1
39 73 1
39 78 1
40 67 1
40 68 1
40 70 1
40 73 1
40 77 1
41 52 1
41 74 1
41 75 1
42 43 1
42 49 1
42 52 1
42 56 1
42 57 1
42 59 1
42 63 1
42 65 1
42 68 1
42 72 1
42 73 1
42 74 1
43 51 1
43 54 1
43 56 1
43 58 1
43 60 1
43 63 1
43 66 1
43 70 1
43 77 1
44 45 1
44 51 1
44 59 1
44 65 1
44 70 1
44 76 1
45 48 1
45 49 1
45 57 1
45 58 1
45 62 1
45 73 1
46 49 1
46 65 1
46 72 1
46 79 1
47 48 1
47 49 1
47 68 1
47 69 1
47 70 1
47 71 1
47 73 1
47 77 1
47 78 1
48 62 1
48 63 1
48 69 1
48 73 1
49 51 1
49 59 1
49 61 1
49 64 1
49 66 1
49 69 1
49 70 1
49 71 1
50 53 1
50 54 1
50 57 1
50 59 1
50 65 1
50 71 1
50 75 1
51 56 1
51 58 1
51 61 1
51 65 1
51 75 1
51 79 1
52 55 1
52 63 1
52 68 1
52 72 1
53 57 1
53 65 1
53 70 1
53 71 1
53 72 1
53 76 1
54 55 1
54 60 1
54 66 1
54 71 1
54 74 1
54 75 1
54 76 1
54 77 1
55 60 1
55 61 1
55 63 1
55 77 1
56 58 1
56 60 1
56 65 1
56 66 1
56 67 1
56 76 1
56 79 1
57 61 1
57 62 1
57 63 1
57 64 1
57 65 1
57 67 1
57 79 1
58 62 1
58 68 1
58 73 1
58 74 1
58 75 1
58 79 1
59 66 1
59 74 1
59 77 1
60 61 1
60 70 1
61 62 1
61 79 1
63 66 1
63 67 1
63 75 1
63 76 1
63 79 1
64 72 1
65 66 1
65 68 1
65 70 1
65 71 1
65 75 1
66 69 1
66 79 1
67 74 1
68 71 1
68 73 1
68 79 1
69 74 1
69 76 1
69 77 1
70 73 1
71 73 1
71 79 1
73 79 1
75 77 1
75 79 1
76 77 1
76 79 1
1
46 20 26 38 68 11 66 61
