571
0 1 1
0 5 1
0 6 1
0 8 1
0 10 1
0 16 1
0 21 1
0 25 1
0 34 1
0 48 1
0 57 1
0 59 1
0 63 1
0 66 1
1 2 1
1 6 1
1 9 1
1 21 1
1 24 1
1 29 1
1 37 1
1 38 1
1 43 1
1 45 1
1 48 1
1 50 1
1 51 1
1 53 1
1 58 1
1 60 1
1 68 1
2 4 1
2 10 1
2 11 1
2 13 1
2 16 1
2 17 1
2 23 1
2 24 1
2 35 1
2 38 1
2 40 1
2 44 1
2 49 1
2 50 1
2 55 1
2 59 1
2 64 1
2 65 1
3 5 1
3 7 1
3 17 1
3 29 1
3 38 1
3 48 1
3 56 1
3 57 1
3 59 1
3 61 1
3 66 1
3 69 1
4 9 1
4 12 1
4 15 1
4 32 1
4 33 1
4 36 1
4 39 1
4 43 1
4 48 1
4 49 1
4 52 1
4 55 1
4 56 1
4 60 1
4 66 1
4 67 1
4 68 1
5 8 1
5 16 1
5 17 1
5 21 1
5 30 1
5 31 1
5 37 1
5 41 1
5 43 1
5 45 1
5 49 1
5 52 1
5 54 1
5 56 1
5 61 1
5 63 1
5 67 1
6 9 1
6 11 1
6 22 1
6 26 1
6 30 1
6 33 1
6 35 1
6 37 1
6 40 1
6 41 1
6 53 1
6 64 1
6 67 1
7 10 1
7 14 1
7 19 1
7 26 1
7 30 1
7 32 1
7 36 1
7 39 1
7 41 1
7 49 1
7 51 1
7 52 1
7 61 1
8 17 1
8 23 1
8 27 1
8 34 1
8 37 1
8 41 1
8 42 1
8 52 1
8 57 1
8 58 1
8 62 1
8 64 1
8 67 1
8 68 1
8 69 1
9 11 1
9 16 1
9 20 1
9 26 1
9 29 1
9 31 1
9 38 1
9 39 1
9 45 1
9 51 1
9 56 1
9 59 1
9 62 1
10 23 1
10 25 1
10 39 1
10 41 1
10 45 1
10 52 1
10 60 1
10 62 1
11 14 1
11 17 1
11 19 1
11 26 1
11 38 1
11 45 1
11 47 1
11 51 1
11 54 1
11 57 1
11 59 1
11 64 1
11 66 1
11 68 1
12 30 1
12 33 1
12 34 1
12 44 1
12 47 1
12 52 1
12 54 1
12 55 1
12 57 1
12 69 1
13 15 1
13 18 1
13 20 1
13 21 1
13 22 1
13 29 1
13 30 1
13 31 1
13 32 1
13 44 1
13 46 1
13 48 1
13 51 1
13 52 1
13 58 1
13 59 1
13 62 1
13 65 1
13 66 1
13 67 1
13 68 1
13 69 1
14 16 1
14 19 1
14 24 1
14 32 1
14 36 1
14 39 1
14 42 1
14 43 1
14 45 1
14 50 1
14 54 1
14 56 1
14 60 1
14 62 1
15 19 1
15 20 1
15 38 1
15 40 1
15 43 1
15 46 1
15 47 1
15 55 1
15 59 1
15 61 1
15 63 1
15 64 1
16 22 1
16 31 1
16 45 1
16 46 1
16 49 1
16 52 1
16 57 1
16 59 1
16 64 1
16 69 1
17 25 1
17 31 1
17 32 1
17 40 1
17 49 1
17 54 1
17 58 1
17 61 1
17 63 1
17 67 1
17 68 1
17 69 1
18 20 1
18 29 1
18 30 1
18 32 1
18 33 1
18 36 1
18 39 1
18 41 1
18 44 1
18 48 1
18 49 1
18 51 1
18 55 1
18 56 1
18 59 1
18 64 1
18 65 1
19 29 1
19 30 1
19 32 1
19 34 1
19 35 1
19 37 1
19 38 1
19 44 1
19 46 1
19 49 1
19 50 1
19 58 1
19 62 1
19 63 1
19 67 1
19 68 1
20 23 1
20 24 1
20 26 1
20 31 1
20 33 1
20 39 1
20 40 1
20 41 1
20 44 1
20 45 1
20 46 1
20 49 1
20 53 1
20 54 1
20 60 1
20 64 1
20 65 1
20 66 1
20 69 1
21 24 1
21 25 1
21 28 1
21 30 1
21 34 1
21 35 1
21 37 1
21 52 1
21 59 1
21 64 1
21 68 1
22 24 1
22 26 1
22 27 1
22 31 1
22 41 1
22 43 1
22 48 1
22 51 1
22 54 1
22 66 1
22 69 1
23 26 1
23 28 1
23 30 1
23 33 1
23 34 1
23 36 1
23 45 1
23 49 1
23 56 1
23 62 1
23 63 1
23 69 1
24 31 1
24 34 1
24 36 1
24 41 1
24 42 1
24 44 1
24 45 1
24 63 1
24 68 1
25 27 1
25 28 1
25 34 1
25 37 1
25 40 1
25 41 1
25 42 1
25 44 1
25 47 1
25 51 1
25 54 1
25 57 1
25 59 1
25 64 1
26 30 1
26 33 1
26 37 1
26 39 1
26 47 1
26 48 1
26 50 1
26 53 1
26 56 1
26 60 1
26 61 1
26 63 1
26 69 1
27 30 1
27 32 1
27 39 1
27 49 1
27 57 1
27 64 1
27 67 1
28 29 1
28 31 1
28 39 1
28 41 1
28 47 1
28 55 1
28 60 1
28 61 1
29 35 1
29 47 1
29 48 1
29 50 1
29 52 1
29 54 1
29 62 1
29 63 1
30 39 1
30 57 1
30 62 1
30 65 1
30 66 1
30 67 1
30 69 1
31 35 1
31 39 1
31 54 1
31 56 1
31 63 1
31 67 1
32 33 1
32 34 1
32 35 1
32 39 1
32 40 1
32 49 1
32 50 1
32 51 1
32 55 1
32 58 1
32 69 1
33 40 1
33 45 1
33 64 1
33 66 1
34 35 1
34 42 1
34 46 1
34 63 1
34 68 1
35 39 1
35 40 1
35 42 1
35 51 1
35 54 1
35 56 1
35 59 1
35 63 1
35 67 1
36 37 1
36 38 1
36 39 1
36 42 1
36 44 1
36 46 1
36 47 1
36 54 1
36 59 1
36 60 1
36 61 1
37 40 1
37 41 1
37 56 1
37 63 1
38 45 1
38 56 1
38 57 1
38 58 1
38 60 1
38 61 1
38 62 1
38 64 1
39 40 1
39 41 1
39 54 1
39 60 1
39 61 1
39 62 1
39 63 1
39 65 1
39 67 1
40 46 1
40 55 1
40 57 1
41 49 1
41 52 1
41 56 1
41 59 1
41 63 1
42 46 1
42 50 1
42 53 1
42 54 1
42 56 1
42 57 1
42 62 1
42 63 1
42 64 1
43 45 1
43 46 1
43 47 1
43 49 1
43 55 1
43 69 1
44 46 1
44 47 1
44 49 1
44 50 1
44 54 1
44 58 1
44 59 1
44 60 1
44 62 1
44 65 1
44 66 1
45 50 1
45 62 1
45 67 1
46 47 1
46 55 1
46 62 1
46 69 1
47 50 1
47 51 1
47 52 1
47 57 1
47 61 1
47 63 1
47 66 1
48 51 1
48 55 1
48 59 1
48 61 1
48 63 1
48 68 1
49 50 1
49 51 1
49 59 1
49 62 1
49 63 1
50 61 1
51 55 1
51 64 1
51 69 1
52 53 1
52 55 1
52 57 1
52 60 1
52 66 1
52 69 1
53 59 1
54 55 1
54 56 1
54 63 1
54 66 1
54 69 1
55 56 1
55 57 1
55 61 1
55 64 1
55 66 1
56 57 1
56 61 1
56 68 1
57 67 1
58 61 1
59 61 1
60 63 1
60 64 1
60 65 1
60 66 1
60 68 1
61 65 1
61 69 1
62 65 1
63 64 1
63 66 1
63 69 1
64 67 1
65 66 1
66 69 1
67 69 1
1
47 33 3 17 69 25 32
