683
0 1 1
0 3 1
0 6 1
0 8 1
0 9 1
0 10 1
0 12 1
0 14 1
0 16 1
0 27 1
0 29 1
0 30 1
0 39 1
0 43 1
0 46 1
0 48 1
0 58 1
0 64 1
0 66 1
0 79 1
1 4 1
1 11 1
1 14 1
1 16 1
1 37 1
1 40 1
1 42 1
1 44 1
1 48 1
1 52 1
1 57 1
1 64 1
1 71 1
1 76 1
1 77 1
2 3 1
2 7 1
2 8 1
2 11 1
2 14 1
2 23 1
2 30 1
2 31 1
2 35 1
2 38 1
2 43 1
2 48 1
2 51 1
2 60 1
2 63 1
2 65 1
2 68 1
3 5 1
3 8 1
3 16 1
3 18 1
3 23 1
3 27 1
3 28 1
3 30 1
3 31 1
3 35 1
3 36 1
3 39 1
3 41 1
3 44 1
3 46 1
3 52 1
3 54 1
3 55 1
3 59 1
3 60 1
3 63 1
3 66 1
3 72 1
3 73 1
3 77 1
3 79 1
4 5 1
4 7 1
4 20 1
4 29 1
4 30 1
4 35 1
4 39 1
4 51 1
4 53 1
4 54 1
4 56 1
4 59 1
4 72 1
4 75 1
5 6 1
5 8 1
5 10 1
5 24 1
5 27 1
5 28 1
5 44 1
5 52 1
5 54 1
5 56 1
5 59 1
5 78 1
6 9 1
6 16 1
6 17 1
6 23 1
6 25 1
6 29 1
6 34 1
6 35 1
6 36 1
6 40 1
6 44 1
6 47 1
6 48 1
6 54 1
6 59 1
6 60 1
6 61 1
6 67 1
6 68 1
6 73 1
6 77 1
7 18 1
7 19 1
7 21 1
7 24 1
7 25 1
7 35 1
7 41 1
7 47 1
7 54 1
7 55 1
7 68 1
7 74 1
7 79 1
8 19 1
8 28 1
8 32 1
8 33 1
8 34 1
8 44 1
8 47 1
8 53 1
8 57 1
8 59 1
8 71 1
8 74 1
8 76 1
9 15 1
9 24 1
9 37 1
9 54 1
9 55 1
9 60 1
9 65 1
9 67 1
9 69 1
9 74 1
9 75 1
9 77 1
10 11 1
10 14 1
10 24 1
10 30 1
10 37 1
10 38 1
10 39 1
10 40 1
10 41 1
10 43 1
10 50 1
10 63 1
10 74 1
10 77 1
10 79 1
11 12 1
11 19 1
11 21 1
11 23 1
11 34 1
11 40 1
11 43 1
11 49 1
11 54 1
11 55 1
11 64 1
11 76 1
11 78 1
12 19 1
12 26 1
12 29 1
12 31 1
12 37 1
12 39 1
12 43 1
12 48 1
12 49 1
12 50 1
12 54 1
12 57 1
12 62 1
12 64 1
12 69 1
12 70 1
12 75 1
12 78 1
13 38 1
13 39 1
13 40 1
13 47 1
13 50 1
13 57 1
13 63 1
13 66 1
14 18 1
14 20 1
14 25 1
14 32 1
14 33 1
14 39 1
14 42 1
14 45 1
14 47 1
14 49 1
14 51 1
14 59 1
14 64 1
14 72 1
14 76 1
15 23 1
15 24 1
15 28 1
15 40 1
15 41 1
15 45 1
15 49 1
15 50 1
15 52 1
15 60 1
15 61 1
15 63 1
15 68 1
15 71 1
15 74 1
15 75 1
15 76 1
16 23 1
16 29 1
16 32 1
16 34 1
16 35 1
16 42 1
16 46 1
16 47 1
16 51 1
16 64 1
16 66 1
16 77 1
17 25 1
17 26 1
17 28 1
17 30 1
17 38 1
17 47 1
17 48 1
17 52 1
17 56 1
17 57 1
17 64 1
17 68 1
17 73 1
17 75 1
18 28 1
18 43 1
18 45 1
18 47 1
18 51 1
18 55 1
18 57 1
18 60 1
18 64 1
19 21 1
19 25 1
19 35 1
19 37 1
19 43 1
19 47 1
19 49 1
19 50 1
19 55 1
19 56 1
19 57 1
19 62 1
19 69 1
19 71 1
19 77 1
20 33 1
20 36 1
20 45 1
20 47 1
20 48 1
20 56 1
20 62 1
20 68 1
20 69 1
20 73 1
20 75 1
20 79 1
21 35 1
21 39 1
21 42 1
21 44 1
21 50 1
21 56 1
21 57 1
21 58 1
21 62 1
21 66 1
21 67 1
22 23 1
22 25 1
22 39 1
22 40 1
22 48 1
22 54 1
22 55 1
22 64 1
22 67 1
22 71 1
22 74 1
22 76 1
23 25 1
23 28 1
23 30 1
23 35 1
23 44 1
23 47 1
23 50 1
23 52 1
23 55 1
23 58 1
23 60 1
23 63 1
23 73 1
23 78 1
23 79 1
24 26 1
24 30 1
24 33 1
24 38 1
24 49 1
24 50 1
24 51 1
24 53 1
24 55 1
24 62 1
24 63 1
24 70 1
24 73 1
24 77 1
25 26 1
25 27 1
25 33 1
25 38 1
25 39 1
25 44 1
25 45 1
25 46 1
25 52 1
25 53 1
25 54 1
25 60 1
25 68 1
25 70 1
25 73 1
25 79 1
26 31 1
26 33 1
26 36 1
26 39 1
26 43 1
26 67 1
26 71 1
26 74 1
27 30 1
27 35 1
27 42 1
27 44 1
27 48 1
27 50 1
27 51 1
27 52 1
27 66 1
27 67 1
27 69 1
27 70 1
27 71 1
28 36 1
28 37 1
28 40 1
28 43 1
28 45 1
28 47 1
28 51 1
28 52 1
28 55 1
28 56 1
28 58 1
28 64 1
28 71 1
28 76 1
29 30 1
29 38 1
29 40 1
29 41 1
29 49 1
29 55 1
29 56 1
29 68 1
29 69 1
29 74 1
29 75 1
29 79 1
30 31 1
30 35 1
30 41 1
30 51 1
30 52 1
30 57 1
30 59 1
30 68 1
30 71 1
30 79 1
31 46 1
31 48 1
31 54 1
31 56 1
31 59 1
31 67 1
31 69 1
31 74 1
31 77 1
31 78 1
31 79 1
32 33 1
32 42 1
32 45 1
32 55 1
32 56 1
32 74 1
32 77 1
33 34 1
33 45 1
33 53 1
33 54 1
33 59 1
33 67 1
33 69 1
33 73 1
33 76 1
33 78 1
34 37 1
34 47 1
34 51 1
34 53 1
34 58 1
34 59 1
34 61 1
34 65 1
34 67 1
34 78 1
35 36 1
35 40 1
35 47 1
35 52 1
35 57 1
35 67 1
36 37 1
36 46 1
36 49 1
36 50 1
36 51 1
36 52 1
36 54 1
36 65 1
36 67 1
36 76 1
36 78 1
37 38 1
37 42 1
37 45 1
37 49 1
37 53 1
37 56 1
37 60 1
37 63 1
37 64 1
37 67 1
38 41 1
38 47 1
38 52 1
38 58 1
38 63 1
38 65 1
38 69 1
38 74 1
38 77 1
38 78 1
39 42 1
39 43 1
39 45 1
39 51 1
39 54 1
39 55 1
39 57 1
39 61 1
39 62 1
39 66 1
39 70 1
39 72 1
39 77 1
39 79 1
40 41 1
40 45 1
40 48 1
40 49 1
40 69 1
40 70 1
40 71 1
40 77 1
41 42 1
41 53 1
41 56 1
41 59 1
41 66 1
41 71 1
41 75 1
41 76 1
42 51 1
42 59 1
42 64 1
42 68 1
42 69 1
42 70 1
42 74 1
43 50 1
43 52 1
43 53 1
43 57 1
43 59 1
43 76 1
43 77 1
44 47 1
44 51 1
44 53 1
44 54 1
44 55 1
44 62 1
44 65 1
44 71 1
44 73 1
44 74 1
45 55 1
45 72 1
45 74 1
45 78 1
46 52 1
46 53 1
46 73 1
46 74 1
46 79 1
47 50 1
47 51 1
47 54 1
47 57 1
47 71 1
47 77 1
48 50 1
48 54 1
48 60 1
48 70 1
48 77 1
49 53 1
49 54 1
49 55 1
49 63 1
49 65 1
49 66 1
49 73 1
49 74 1
50 54 1
50 55 1
50 58 1
50 61 1
50 63 1
50 64 1
50 66 1
50 72 1
50 73 1
51 56 1
51 77 1
52 56 1
52 60 1
52 61 1
52 73 1
52 76 1
52 77 1
53 54 1
53 69 1
53 72 1
53 78 1
54 58 1
54 60 1
54 62 1
54 66 1
54 67 1
54 73 1
54 75 1
54 78 1
55 62 1
55 64 1
55 74 1
55 75 1
55 78 1
56 58 1
56 59 1
56 63 1
56 66 1
56 67 1
56 68 1
56 71 1
57 62 1
57 66 1
57 71 1
57 73 1
57 76 1
57 78 1
57 79 1
58 60 1
58 70 1
58 72 1
58 73 1
58 79 1
59 68 1
59 71 1
59 77 1
60 66 1
60 67 1
60 74 1
60 75 1
60 77 1
61 65 1
61 67 1
61 72 1
62 63 1
63 64 1
63 66 1
63 67 1
63 73 1
63 74 1
63 75 1
64 72 1
64 76 1
64 79 1
65 69 1
66 68 1
66 72 1
67 68 1
67 73 1
67 75 1
67 77 1
67 78 1
68 70 1
68 74 1
70 74 1
70 75 1
71 72 1
72 75 1
75 78 1
76 77 1
1
71 50 23 42 11 28 41 46
