1781
0 25 1
0 32 1
0 56 1
0 82 1
0 84 1
0 95 1
0 113 1
0 124 1
0 130 1
0 134 1
0 142 1
0 163 1
0 165 1
0 166 1
1 3 1
1 24 1
1 27 1
1 39 1
1 57 1
1 72 1
1 87 1
1 96 1
1 98 1
1 107 1
1 108 1
1 109 1
1 110 1
1 111 1
1 114 1
1 118 1
1 125 1
1 134 1
1 158 1
1 161 1
1 163 1
1 169 1
2 16 1
2 35 1
2 38 1
2 50 1
2 56 1
2 63 1
2 72 1
2 83 1
2 84 1
2 102 1
2 110 1
2 123 1
2 126 1
2 127 1
2 142 1
2 148 1
2 153 1
2 164 1
3 6 1
3 15 1
3 20 1
3 27 1
3 28 1
3 30 1
3 43 1
3 45 1
3 48 1
3 82 1
3 90 1
3 94 1
3 97 1
3 105 1
3 106 1
3 128 1
3 136 1
3 140 1
3 142 1
3 159 1
3 164 1
4 10 1
4 25 1
4 26 1
4 27 1
4 33 1
4 35 1
4 40 1
4 43 1
4 62 1
4 65 1
4 70 1
4 73 1
4 75 1
4 78 1
4 89 1
4 100 1
4 106 1
4 109 1
4 123 1
4 133 1
4 138 1
4 140 1
4 144 1
4 150 1
4 155 1
4 167 1
5 6 1
5 22 1
5 33 1
5 48 1
5 65 1
5 67 1
5 71 1
5 103 1
5 109 1
5 112 1
5 116 1
5 130 1
5 139 1
5 143 1
6 12 1
6 15 1
6 58 1
6 71 1
6 74 1
6 77 1
6 79 1
6 84 1
6 88 1
6 112 1
6 114 1
6 122 1
6 125 1
6 136 1
6 137 1
6 149 1
6 155 1
6 160 1
6 167 1
7 8 1
7 18 1
7 21 1
7 24 1
7 25 1
7 27 1
7 39 1
7 40 1
7 43 1
7 45 1
7 49 1
7 70 1
7 88 1
7 106 1
7 109 1
7 113 1
7 118 1
7 120 1
7 147 1
7 149 1
7 150 1
7 162 1
7 163 1
8 16 1
8 27 1
8 39 1
8 49 1
8 50 1
8 54 1
8 58 1
8 60 1
8 72 1
8 80 1
8 86 1
8 87 1
8 109 1
8 112 1
8 134 1
8 137 1
8 142 1
8 148 1
8 155 1
8 162 1
9 12 1
9 14 1
9 15 1
9 19 1
9 26 1
9 27 1
9 31 1
9 35 1
9 45 1
9 46 1
9 48 1
9 49 1
9 58 1
9 65 1
9 70 1
9 78 1
9 80 1
9 96 1
9 98 1
9 115 1
9 116 1
9 135 1
9 137 1
9 138 1
9 142 1
9 154 1
9 162 1
10 20 1
10 36 1
10 38 1
10 42 1
10 44 1
10 53 1
10 56 1
10 61 1
10 90 1
10 97 1
10 101 1
10 105 1
10 107 1
10 128 1
10 156 1
11 20 1
11 38 1
11 43 1
11 47 1
11 58 1
11 64 1
11 67 1
11 78 1
11 83 1
11 88 1
11 92 1
11 104 1
11 128 1
11 151 1
11 159 1
11 161 1
12 21 1
12 31 1
12 32 1
12 39 1
12 41 1
12 44 1
12 49 1
12 62 1
12 68 1
12 69 1
12 71 1
12 72 1
12 77 1
12 82 1
12 96 1
12 113 1
12 116 1
12 127 1
12 136 1
12 138 1
12 159 1
12 166 1
13 19 1
13 27 1
13 36 1
13 39 1
13 48 1
13 51 1
13 59 1
13 75 1
13 80 1
13 81 1
13 86 1
13 92 1
13 96 1
13 101 1
13 109 1
13 110 1
13 121 1
13 123 1
13 134 1
13 144 1
13 145 1
13 150 1
13 156 1
14 15 1
14 20 1
14 32 1
14 36 1
14 46 1
14 49 1
14 64 1
14 75 1
14 78 1
14 80 1
14 84 1
14 85 1
14 86 1
14 93 1
14 108 1
14 135 1
14 148 1
14 151 1
14 155 1
14 156 1
14 167 1
15 32 1
15 42 1
15 51 1
15 63 1
15 91 1
15 140 1
15 159 1
16 18 1
16 19 1
16 20 1
16 21 1
16 26 1
16 27 1
16 34 1
16 45 1
16 50 1
16 52 1
16 59 1
16 60 1
16 70 1
16 72 1
16 108 1
16 127 1
16 137 1
16 145 1
16 157 1
16 158 1
17 21 1
17 24 1
17 25 1
17 35 1
17 37 1
17 44 1
17 45 1
17 75 1
17 84 1
17 92 1
17 99 1
17 104 1
17 106 1
17 110 1
17 119 1
17 133 1
17 141 1
18 41 1
18 47 1
18 50 1
18 71 1
18 99 1
18 101 1
18 116 1
18 122 1
18 126 1
18 138 1
18 143 1
18 167 1
19 34 1
19 35 1
19 46 1
19 53 1
19 54 1
19 64 1
19 73 1
19 95 1
19 96 1
19 103 1
19 107 1
19 114 1
19 118 1
19 121 1
19 122 1
19 153 1
19 158 1
20 33 1
20 41 1
20 42 1
20 45 1
20 48 1
20 50 1
20 56 1
20 59 1
20 65 1
20 72 1
20 81 1
20 86 1
20 94 1
20 98 1
20 103 1
20 118 1
20 139 1
20 161 1
21 27 1
21 28 1
21 31 1
21 36 1
21 45 1
21 54 1
21 59 1
21 64 1
21 77 1
21 87 1
21 109 1
21 110 1
21 111 1
21 114 1
21 115 1
21 120 1
21 127 1
21 132 1
21 147 1
21 148 1
21 152 1
21 155 1
21 159 1
21 162 1
21 163 1
21 168 1
22 25 1
22 27 1
22 28 1
22 34 1
22 35 1
22 36 1
22 41 1
22 48 1
22 71 1
22 86 1
22 95 1
22 97 1
22 105 1
22 110 1
22 130 1
22 136 1
22 143 1
22 151 1
22 152 1
22 160 1
22 161 1
22 162 1
22 165 1
23 27 1
23 28 1
23 38 1
23 53 1
23 61 1
23 73 1
23 85 1
23 88 1
23 97 1
23 106 1
23 109 1
23 112 1
23 119 1
23 128 1
23 129 1
23 131 1
23 133 1
23 145 1
23 166 1
23 167 1
24 26 1
24 27 1
24 35 1
24 48 1
24 53 1
24 67 1
24 68 1
24 109 1
24 129 1
24 134 1
24 149 1
24 158 1
25 26 1
25 39 1
25 47 1
25 63 1
25 72 1
25 73 1
25 88 1
25 92 1
25 98 1
25 112 1
25 126 1
25 127 1
25 145 1
25 166 1
26 27 1
26 37 1
26 42 1
26 69 1
26 70 1
26 72 1
26 75 1
26 79 1
26 82 1
26 91 1
26 98 1
26 104 1
26 116 1
26 121 1
26 140 1
26 144 1
26 154 1
27 31 1
27 35 1
27 42 1
27 47 1
27 68 1
27 74 1
27 83 1
27 101 1
27 116 1
27 120 1
27 121 1
27 134 1
27 139 1
27 154 1
28 32 1
28 33 1
28 39 1
28 40 1
28 43 1
28 48 1
28 52 1
28 53 1
28 57 1
28 61 1
28 66 1
28 71 1
28 80 1
28 82 1
28 91 1
28 98 1
28 106 1
28 111 1
28 118 1
28 120 1
28 125 1
28 155 1
28 157 1
28 166 1
29 32 1
29 37 1
29 58 1
29 99 1
29 102 1
29 120 1
29 129 1
29 140 1
29 145 1
29 166 1
30 34 1
30 36 1
30 40 1
30 42 1
30 45 1
30 58 1
30 60 1
30 62 1
30 70 1
30 71 1
30 75 1
30 95 1
30 96 1
30 100 1
30 101 1
30 126 1
30 134 1
30 137 1
30 141 1
30 144 1
30 155 1
30 162 1
31 41 1
31 48 1
31 54 1
31 62 1
31 64 1
31 73 1
31 80 1
31 85 1
31 103 1
31 125 1
31 127 1
31 144 1
31 154 1
31 166 1
31 169 1
32 57 1
32 76 1
32 87 1
32 118 1
32 132 1
32 135 1
32 138 1
33 85 1
33 86 1
33 89 1
33 96 1
33 99 1
33 103 1
33 107 1
33 112 1
33 133 1
33 135 1
33 142 1
33 147 1
33 155 1
33 158 1
33 168 1
34 37 1
34 39 1
34 40 1
34 46 1
34 47 1
34 49 1
34 50 1
34 56 1
34 60 1
34 70 1
34 75 1
34 99 1
34 108 1
34 113 1
34 135 1
34 136 1
34 139 1
34 151 1
34 156 1
34 168 1
35 40 1
35 43 1
35 44 1
35 55 1
35 64 1
35 70 1
35 74 1
35 77 1
35 78 1
35 79 1
35 85 1
35 92 1
35 99 1
35 104 1
35 112 1
35 115 1
35 124 1
35 147 1
35 155 1
35 163 1
35 169 1
36 47 1
36 48 1
36 100 1
36 107 1
36 108 1
36 110 1
36 111 1
36 120 1
36 130 1
36 144 1
36 146 1
36 159 1
36 163 1
37 40 1
37 48 1
37 49 1
37 50 1
37 53 1
37 57 1
37 63 1
37 72 1
37 80 1
37 82 1
37 83 1
37 95 1
37 102 1
37 112 1
37 126 1
37 128 1
37 131 1
37 149 1
37 159 1
37 168 1
38 39 1
38 42 1
38 52 1
38 56 1
38 59 1
38 78 1
38 79 1
38 83 1
38 94 1
38 97 1
38 98 1
38 101 1
38 102 1
38 124 1
38 147 1
38 148 1
38 153 1
38 162 1
38 167 1
39 54 1
39 76 1
39 82 1
39 86 1
39 92 1
39 93 1
39 104 1
39 105 1
39 113 1
39 114 1
39 116 1
39 120 1
39 121 1
39 139 1
39 146 1
39 159 1
40 43 1
40 53 1
40 61 1
40 77 1
40 87 1
40 90 1
40 92 1
40 94 1
40 112 1
40 113 1
40 130 1
40 135 1
40 143 1
40 147 1
40 150 1
40 160 1
40 165 1
40 167 1
41 45 1
41 52 1
41 59 1
41 68 1
41 81 1
41 85 1
41 91 1
41 94 1
41 99 1
41 117 1
41 119 1
41 123 1
41 126 1
41 129 1
41 154 1
41 160 1
41 165 1
41 166 1
42 44 1
42 45 1
42 50 1
42 55 1
42 58 1
42 59 1
42 64 1
42 75 1
42 78 1
42 79 1
42 83 1
42 84 1
42 87 1
42 88 1
42 89 1
42 91 1
42 110 1
42 118 1
42 123 1
42 134 1
42 135 1
42 138 1
42 153 1
42 158 1
42 159 1
42 162 1
42 167 1
43 45 1
43 46 1
43 53 1
43 60 1
43 61 1
43 64 1
43 65 1
43 85 1
43 103 1
43 108 1
43 114 1
43 132 1
43 138 1
43 144 1
43 157 1
43 158 1
44 62 1
44 64 1
44 72 1
44 76 1
44 84 1
44 86 1
44 87 1
44 93 1
44 99 1
44 108 1
44 115 1
44 139 1
44 145 1
44 160 1
44 167 1
45 54 1
45 55 1
45 57 1
45 96 1
45 101 1
45 106 1
45 109 1
45 110 1
45 112 1
45 122 1
45 130 1
45 132 1
45 137 1
45 164 1
46 51 1
46 62 1
46 73 1
46 84 1
46 96 1
46 101 1
46 109 1
46 110 1
46 117 1
46 138 1
46 139 1
46 140 1
46 167 1
46 168 1
47 49 1
47 58 1
47 89 1
47 110 1
47 131 1
47 132 1
47 138 1
47 146 1
47 169 1
48 71 1
48 86 1
48 100 1
48 103 1
48 121 1
48 127 1
48 130 1
48 131 1
48 140 1
48 156 1
48 163 1
48 168 1
49 50 1
49 64 1
49 71 1
49 74 1
49 79 1
49 89 1
49 98 1
49 117 1
49 121 1
49 132 1
49 138 1
49 139 1
49 140 1
49 147 1
49 151 1
49 161 1
49 166 1
50 65 1
50 68 1
50 70 1
50 96 1
50 109 1
50 110 1
50 112 1
50 118 1
50 122 1
50 127 1
50 139 1
50 144 1
50 153 1
50 154 1
51 58 1
51 62 1
51 84 1
51 88 1
51 92 1
51 99 1
51 100 1
51 101 1
51 113 1
51 125 1
51 126 1
51 130 1
51 131 1
51 132 1
51 147 1
51 153 1
51 164 1
52 54 1
52 59 1
52 63 1
52 65 1
52 67 1
52 76 1
52 97 1
52 98 1
52 99 1
52 116 1
52 121 1
52 125 1
52 142 1
52 150 1
52 163 1
52 165 1
53 59 1
53 66 1
53 74 1
53 81 1
53 84 1
53 87 1
53 88 1
53 91 1
53 94 1
53 105 1
53 110 1
53 126 1
53 150 1
53 152 1
53 153 1
54 56 1
54 68 1
54 69 1
54 76 1
54 83 1
54 84 1
54 90 1
54 105 1
54 109 1
54 121 1
54 122 1
54 128 1
54 135 1
54 142 1
54 143 1
54 148 1
54 161 1
54 165 1
55 71 1
55 79 1
55 85 1
55 93 1
55 101 1
55 126 1
55 139 1
55 148 1
55 150 1
55 160 1
55 162 1
56 68 1
56 74 1
56 84 1
56 91 1
56 96 1
56 102 1
56 108 1
56 109 1
56 112 1
56 116 1
56 123 1
56 124 1
56 131 1
56 138 1
56 143 1
56 145 1
56 155 1
57 60 1
57 66 1
57 76 1
57 83 1
57 140 1
57 159 1
57 162 1
58 61 1
58 86 1
58 90 1
58 94 1
58 107 1
58 109 1
58 136 1
58 139 1
58 142 1
58 151 1
58 153 1
58 161 1
58 162 1
58 168 1
59 61 1
59 64 1
59 66 1
59 72 1
59 90 1
59 92 1
59 94 1
59 113 1
59 123 1
59 124 1
59 128 1
59 136 1
59 147 1
59 148 1
59 157 1
59 166 1
60 67 1
60 68 1
60 70 1
60 71 1
60 74 1
60 75 1
60 76 1
60 78 1
60 80 1
60 127 1
60 128 1
60 131 1
60 134 1
60 159 1
61 62 1
61 69 1
61 84 1
61 98 1
61 102 1
61 104 1
61 107 1
61 108 1
61 126 1
61 148 1
61 157 1
61 161 1
61 163 1
62 76 1
62 88 1
62 90 1
62 97 1
62 99 1
62 106 1
62 113 1
62 117 1
62 123 1
62 138 1
62 140 1
62 146 1
62 162 1
63 84 1
63 87 1
63 98 1
63 103 1
63 113 1
63 126 1
63 143 1
63 149 1
63 160 1
64 66 1
64 70 1
64 77 1
64 81 1
64 87 1
64 88 1
64 91 1
64 104 1
64 106 1
64 109 1
64 111 1
64 114 1
64 118 1
64 124 1
64 134 1
64 137 1
64 140 1
64 143 1
64 146 1
64 152 1
64 153 1
64 159 1
65 83 1
65 101 1
65 118 1
65 129 1
65 146 1
65 161 1
65 163 1
66 79 1
66 80 1
66 97 1
66 107 1
66 118 1
66 127 1
66 131 1
66 146 1
66 159 1
66 161 1
66 168 1
67 73 1
67 96 1
67 104 1
67 118 1
67 136 1
68 97 1
68 114 1
68 116 1
68 118 1
68 123 1
68 124 1
68 128 1
68 133 1
68 134 1
68 135 1
68 139 1
68 146 1
68 147 1
68 159 1
68 166 1
68 169 1
69 77 1
69 127 1
69 136 1
69 146 1
69 149 1
69 158 1
69 163 1
70 74 1
70 82 1
70 84 1
70 92 1
70 97 1
70 98 1
70 110 1
70 113 1
70 115 1
70 122 1
70 123 1
70 133 1
70 145 1
70 150 1
70 152 1
70 161 1
70 163 1
70 164 1
70 165 1
70 166 1
71 77 1
71 108 1
71 110 1
71 122 1
71 126 1
71 131 1
71 135 1
71 138 1
71 147 1
71 155 1
71 157 1
71 163 1
72 82 1
72 85 1
72 89 1
72 96 1
72 108 1
72 122 1
72 134 1
72 138 1
72 160 1
72 163 1
72 164 1
73 78 1
73 82 1
73 85 1
73 90 1
73 92 1
73 98 1
73 121 1
73 122 1
73 129 1
73 134 1
73 136 1
73 138 1
73 139 1
73 153 1
73 154 1
73 169 1
74 79 1
74 89 1
74 90 1
74 96 1
74 102 1
74 106 1
74 117 1
74 125 1
74 132 1
74 137 1
74 140 1
74 153 1
75 83 1
75 88 1
75 98 1
75 107 1
75 111 1
75 112 1
75 115 1
75 155 1
75 165 1
75 169 1
76 87 1
76 89 1
76 112 1
76 117 1
76 152 1
77 80 1
77 86 1
77 88 1
77 99 1
77 102 1
77 108 1
77 117 1
77 122 1
77 130 1
77 132 1
77 136 1
77 145 1
77 153 1
77 156 1
78 85 1
78 91 1
78 108 1
78 112 1
78 117 1
78 123 1
78 138 1
78 145 1
78 151 1
78 164 1
79 82 1
79 83 1
79 88 1
79 97 1
79 100 1
79 105 1
79 108 1
79 110 1
79 121 1
79 124 1
79 125 1
79 135 1
79 139 1
79 147 1
79 154 1
80 85 1
80 102 1
80 117 1
80 127 1
80 132 1
80 146 1
80 158 1
80 168 1
81 82 1
81 91 1
81 93 1
81 99 1
81 106 1
81 118 1
81 123 1
81 131 1
81 132 1
81 139 1
81 143 1
81 148 1
81 165 1
81 166 1
81 168 1
81 169 1
82 83 1
82 88 1
82 94 1
82 97 1
82 105 1
82 112 1
82 114 1
82 118 1
82 120 1
82 122 1
82 125 1
82 141 1
82 142 1
82 152 1
82 155 1
82 157 1
82 160 1
82 167 1
83 95 1
83 99 1
83 105 1
83 127 1
83 132 1
83 136 1
83 156 1
83 158 1
84 88 1
84 96 1
84 104 1
84 107 1
84 108 1
84 109 1
84 114 1
84 135 1
84 146 1
84 149 1
84 153 1
84 154 1
84 163 1
84 169 1
85 88 1
85 92 1
85 93 1
85 95 1
85 100 1
85 104 1
85 105 1
85 123 1
85 125 1
85 126 1
85 130 1
85 138 1
85 152 1
85 154 1
85 155 1
85 156 1
85 161 1
85 167 1
86 90 1
86 104 1
86 109 1
86 115 1
86 133 1
86 137 1
86 139 1
86 143 1
86 148 1
86 151 1
86 154 1
86 157 1
86 161 1
86 162 1
87 98 1
87 99 1
87 104 1
87 121 1
87 127 1
87 136 1
87 140 1
87 141 1
87 151 1
87 152 1
87 156 1
87 167 1
88 100 1
88 115 1
88 120 1
88 133 1
88 136 1
88 145 1
88 152 1
88 155 1
88 158 1
88 169 1
89 111 1
89 118 1
89 121 1
89 126 1
89 135 1
89 140 1
89 162 1
90 98 1
90 101 1
90 108 1
90 114 1
90 117 1
90 128 1
90 136 1
90 148 1
90 157 1
91 92 1
91 95 1
91 97 1
91 101 1
91 105 1
91 110 1
91 111 1
91 117 1
91 136 1
91 153 1
91 156 1
91 159 1
91 167 1
92 98 1
92 118 1
92 134 1
92 135 1
92 152 1
93 94 1
93 126 1
93 131 1
93 140 1
93 147 1
93 165 1
93 167 1
93 169 1
94 104 1
94 108 1
94 115 1
94 116 1
94 117 1
94 118 1
94 119 1
94 122 1
94 125 1
94 130 1
94 134 1
94 136 1
94 138 1
94 146 1
94 168 1
95 104 1
95 123 1
95 129 1
95 143 1
95 145 1
95 148 1
95 155 1
96 104 1
96 111 1
96 119 1
96 122 1
96 136 1
96 141 1
96 148 1
96 155 1
96 162 1
96 166 1
96 168 1
97 118 1
97 119 1
97 134 1
97 144 1
97 156 1
97 167 1
97 169 1
98 99 1
98 114 1
98 116 1
98 117 1
98 127 1
98 134 1
98 139 1
98 140 1
99 111 1
99 128 1
99 136 1
99 160 1
100 106 1
100 117 1
100 119 1
100 126 1
100 131 1
100 146 1
100 162 1
100 164 1
100 168 1
101 102 1
101 108 1
101 113 1
101 136 1
101 139 1
101 157 1
101 162 1
102 111 1
102 123 1
102 136 1
102 148 1
102 163 1
103 107 1
103 108 1
103 112 1
103 113 1
103 116 1
103 127 1
103 145 1
103 157 1
103 160 1
104 107 1
104 108 1
104 119 1
104 121 1
104 142 1
104 149 1
104 151 1
104 157 1
104 161 1
105 115 1
105 123 1
105 133 1
105 136 1
105 151 1
105 153 1
105 155 1
105 156 1
105 160 1
106 115 1
106 118 1
106 124 1
106 130 1
106 132 1
106 144 1
107 125 1
107 143 1
107 146 1
107 160 1
107 161 1
108 111 1
108 113 1
108 117 1
108 128 1
108 143 1
109 144 1
109 147 1
109 155 1
109 158 1
109 164 1
110 112 1
110 113 1
110 125 1
110 138 1
110 139 1
110 145 1
110 151 1
110 155 1
110 156 1
110 160 1
111 112 1
111 114 1
111 119 1
111 127 1
111 155 1
111 159 1
111 165 1
112 126 1
112 127 1
112 128 1
112 131 1
112 133 1
112 141 1
112 144 1
112 148 1
112 150 1
112 159 1
112 161 1
113 114 1
113 115 1
113 117 1
113 127 1
113 135 1
113 150 1
113 152 1
113 162 1
114 131 1
114 139 1
114 142 1
114 157 1
114 162 1
114 164 1
115 124 1
115 125 1
115 138 1
115 141 1
115 160 1
116 129 1
116 134 1
116 138 1
116 153 1
116 156 1
116 160 1
116 161 1
116 165 1
116 166 1
116 167 1
116 168 1
117 126 1
117 133 1
117 141 1
117 144 1
117 156 1
117 158 1
117 159 1
117 161 1
118 123 1
118 124 1
118 126 1
118 127 1
118 132 1
118 135 1
118 148 1
118 165 1
119 120 1
119 122 1
119 125 1
119 130 1
119 132 1
119 160 1
119 166 1
120 125 1
120 127 1
120 151 1
120 158 1
120 160 1
120 168 1
120 169 1
121 124 1
121 136 1
121 141 1
121 148 1
121 149 1
121 159 1
121 160 1
122 127 1
122 136 1
122 137 1
122 139 1
122 157 1
122 161 1
123 127 1
123 128 1
123 135 1
123 136 1
123 137 1
123 141 1
123 156 1
123 168 1
124 135 1
124 137 1
124 142 1
124 168 1
125 138 1
125 152 1
125 156 1
125 158 1
125 161 1
125 163 1
125 165 1
125 167 1
126 127 1
126 137 1
126 143 1
126 157 1
126 165 1
127 129 1
127 140 1
127 141 1
127 144 1
128 143 1
128 155 1
128 162 1
129 142 1
129 155 1
129 156 1
129 163 1
129 167 1
130 141 1
130 146 1
130 155 1
130 160 1
130 162 1
130 165 1
130 167 1
130 168 1
131 160 1
131 164 1
131 168 1
132 156 1
132 157 1
132 166 1
132 169 1
133 139 1
133 145 1
133 154 1
133 157 1
133 160 1
134 138 1
134 141 1
134 145 1
134 149 1
134 152 1
134 156 1
134 161 1
135 147 1
135 151 1
135 153 1
135 156 1
135 157 1
135 160 1
136 148 1
136 162 1
136 164 1
136 167 1
137 148 1
137 149 1
137 155 1
137 167 1
138 144 1
138 148 1
138 154 1
139 142 1
139 145 1
139 153 1
139 158 1
140 143 1
140 144 1
140 156 1
140 162 1
140 168 1
141 149 1
141 164 1
141 166 1
142 167 1
143 151 1
143 153 1
143 161 1
144 157 1
145 148 1
145 162 1
146 160 1
147 150 1
147 161 1
147 162 1
149 163 1
150 156 1
150 157 1
150 162 1
150 165 1
150 166 1
151 160 1
151 161 1
151 162 1
152 159 1
152 163 1
153 155 1
153 168 1
153 169 1
154 155 1
154 167 1
155 163 1
156 158 1
157 165 1
158 163 1
158 169 1
159 162 1
159 166 1
160 165 1
161 166 1
164 166 1
165 169 1
166 168 1
1
140 164 157 32 119 25 84 149 161 109 17 112 9 122 138 94 107
