1681
0 28 1
0 36 1
0 43 1
0 50 1
0 57 1
0 72 1
0 74 1
0 79 1
0 87 1
0 89 1
0 90 1
0 92 1
0 96 1
0 101 1
0 104 1
0 117 1
0 161 1
0 164 1
1 12 1
1 17 1
1 35 1
1 36 1
1 37 1
1 71 1
1 73 1
1 91 1
1 108 1
1 110 1
1 113 1
1 129 1
1 141 1
1 145 1
1 147 1
1 150 1
1 152 1
2 14 1
2 16 1
2 18 1
2 20 1
2 24 1
2 25 1
2 44 1
2 63 1
2 75 1
2 87 1
2 91 1
2 118 1
2 125 1
2 128 1
2 147 1
2 148 1
2 159 1
2 160 1
2 161 1
3 15 1
3 33 1
3 49 1
3 55 1
3 64 1
3 72 1
3 74 1
3 79 1
3 88 1
3 98 1
3 99 1
3 116 1
3 122 1
3 140 1
3 149 1
3 153 1
3 154 1
3 160 1
4 5 1
4 20 1
4 26 1
4 28 1
4 33 1
4 53 1
4 63 1
4 64 1
4 76 1
4 79 1
4 98 1
4 99 1
4 101 1
4 135 1
4 151 1
4 152 1
4 153 1
4 160 1
5 12 1
5 16 1
5 37 1
5 39 1
5 63 1
5 69 1
5 75 1
5 100 1
5 104 1
5 108 1
5 111 1
5 131 1
5 136 1
5 145 1
5 147 1
6 9 1
6 38 1
6 54 1
6 57 1
6 68 1
6 76 1
6 91 1
6 96 1
6 102 1
6 126 1
6 128 1
6 139 1
6 140 1
6 144 1
6 164 1
7 9 1
7 14 1
7 32 1
7 35 1
7 41 1
7 43 1
7 44 1
7 49 1
7 63 1
7 76 1
7 86 1
7 88 1
7 99 1
7 104 1
7 116 1
7 125 1
7 127 1
7 134 1
7 139 1
7 144 1
7 156 1
7 164 1
7 169 1
8 14 1
8 19 1
8 27 1
8 30 1
8 78 1
8 83 1
8 86 1
8 103 1
8 107 1
8 109 1
8 117 1
8 119 1
8 125 1
8 127 1
8 132 1
8 141 1
8 155 1
8 157 1
8 160 1
8 161 1
8 163 1
9 10 1
9 24 1
9 39 1
9 46 1
9 47 1
9 49 1
9 56 1
9 57 1
9 94 1
9 105 1
9 121 1
9 122 1
9 129 1
9 133 1
9 145 1
9 152 1
9 154 1
10 25 1
10 45 1
10 49 1
10 61 1
10 70 1
10 80 1
10 84 1
10 92 1
10 94 1
10 95 1
10 97 1
10 98 1
10 105 1
10 110 1
10 111 1
10 112 1
10 114 1
10 116 1
10 122 1
10 123 1
10 124 1
10 135 1
10 144 1
10 159 1
10 162 1
10 163 1
10 169 1
11 14 1
11 31 1
11 43 1
11 59 1
11 86 1
11 89 1
11 92 1
11 102 1
11 104 1
11 113 1
11 117 1
11 122 1
11 152 1
11 156 1
11 167 1
12 25 1
12 41 1
12 43 1
12 45 1
12 64 1
12 67 1
12 78 1
12 79 1
12 80 1
12 81 1
12 85 1
12 87 1
12 92 1
12 99 1
12 124 1
12 134 1
12 140 1
12 147 1
12 152 1
13 14 1
13 35 1
13 41 1
13 42 1
13 45 1
13 53 1
13 58 1
13 64 1
13 77 1
13 80 1
13 92 1
13 94 1
13 102 1
13 104 1
13 111 1
13 117 1
13 125 1
13 152 1
13 168 1
14 31 1
14 58 1
14 72 1
14 75 1
14 78 1
14 81 1
14 85 1
14 89 1
14 99 1
14 105 1
14 120 1
14 129 1
14 132 1
14 134 1
14 135 1
14 149 1
14 150 1
14 165 1
15 37 1
15 47 1
15 55 1
15 82 1
15 106 1
15 117 1
15 122 1
15 131 1
15 140 1
15 144 1
15 157 1
15 163 1
16 17 1
16 24 1
16 46 1
16 48 1
16 56 1
16 57 1
16 72 1
16 84 1
16 86 1
16 87 1
16 124 1
16 128 1
16 135 1
16 144 1
16 156 1
16 162 1
16 164 1
17 18 1
17 26 1
17 27 1
17 40 1
17 43 1
17 45 1
17 63 1
17 67 1
17 77 1
17 84 1
17 95 1
17 99 1
17 103 1
17 109 1
17 114 1
17 117 1
17 121 1
17 122 1
17 134 1
17 143 1
17 146 1
17 160 1
18 21 1
18 23 1
18 25 1
18 30 1
18 32 1
18 33 1
18 34 1
18 48 1
18 49 1
18 50 1
18 54 1
18 66 1
18 91 1
18 94 1
18 98 1
18 100 1
18 103 1
18 104 1
18 110 1
18 113 1
18 122 1
18 127 1
18 136 1
18 148 1
19 34 1
19 40 1
19 42 1
19 44 1
19 49 1
19 59 1
19 62 1
19 72 1
19 75 1
19 89 1
19 93 1
19 100 1
19 106 1
19 107 1
19 114 1
19 119 1
19 121 1
19 131 1
19 137 1
19 145 1
19 147 1
19 148 1
19 159 1
19 164 1
20 28 1
20 30 1
20 42 1
20 52 1
20 55 1
20 104 1
20 107 1
20 129 1
20 142 1
20 147 1
21 24 1
21 27 1
21 36 1
21 69 1
21 85 1
21 91 1
21 94 1
21 96 1
21 101 1
21 108 1
21 126 1
21 131 1
21 137 1
21 140 1
21 163 1
21 168 1
22 24 1
22 26 1
22 27 1
22 37 1
22 49 1
22 57 1
22 58 1
22 70 1
22 75 1
22 82 1
22 83 1
22 85 1
22 86 1
22 98 1
22 102 1
22 113 1
22 120 1
22 124 1
22 134 1
22 139 1
22 142 1
22 144 1
22 151 1
22 152 1
22 154 1
22 158 1
22 165 1
23 44 1
23 55 1
23 68 1
23 74 1
23 78 1
23 85 1
23 94 1
23 99 1
23 109 1
23 112 1
23 113 1
23 120 1
23 143 1
23 147 1
23 149 1
23 164 1
24 26 1
24 29 1
24 42 1
24 54 1
24 59 1
24 70 1
24 71 1
24 74 1
24 91 1
24 102 1
24 108 1
24 118 1
24 139 1
24 145 1
24 146 1
24 163 1
25 26 1
25 33 1
25 42 1
25 46 1
25 48 1
25 50 1
25 58 1
25 61 1
25 66 1
25 72 1
25 73 1
25 76 1
25 95 1
25 101 1
25 108 1
25 110 1
25 123 1
25 133 1
25 140 1
25 144 1
25 160 1
25 162 1
26 41 1
26 51 1
26 57 1
26 67 1
26 75 1
26 78 1
26 81 1
26 85 1
26 88 1
26 96 1
26 98 1
26 99 1
26 113 1
26 134 1
26 138 1
26 150 1
26 156 1
26 162 1
26 166 1
26 168 1
27 42 1
27 53 1
27 55 1
27 60 1
27 90 1
27 97 1
27 99 1
27 111 1
27 118 1
27 143 1
27 147 1
27 157 1
28 32 1
28 34 1
28 36 1
28 51 1
28 55 1
28 60 1
28 63 1
28 83 1
28 85 1
28 100 1
28 103 1
28 104 1
28 113 1
28 122 1
28 123 1
28 131 1
28 137 1
28 144 1
28 145 1
28 148 1
28 150 1
28 158 1
28 162 1
28 164 1
28 169 1
29 56 1
29 70 1
29 71 1
29 72 1
29 81 1
29 97 1
29 103 1
29 108 1
29 112 1
29 116 1
29 119 1
29 120 1
29 122 1
29 129 1
29 138 1
29 145 1
29 148 1
29 152 1
29 155 1
29 165 1
29 167 1
29 169 1
30 31 1
30 40 1
30 50 1
30 58 1
30 68 1
30 96 1
30 98 1
30 106 1
30 132 1
30 137 1
30 144 1
30 163 1
30 168 1
31 39 1
31 40 1
31 53 1
31 60 1
31 76 1
31 81 1
31 83 1
31 89 1
31 99 1
31 107 1
31 109 1
31 126 1
31 141 1
31 145 1
31 156 1
31 157 1
31 161 1
32 33 1
32 46 1
32 57 1
32 63 1
32 68 1
32 74 1
32 88 1
32 94 1
32 111 1
32 135 1
32 140 1
32 150 1
32 151 1
32 157 1
32 169 1
33 35 1
33 38 1
33 43 1
33 48 1
33 52 1
33 67 1
33 77 1
33 79 1
33 86 1
33 97 1
33 99 1
33 107 1
33 114 1
33 120 1
33 128 1
33 143 1
33 144 1
33 152 1
34 48 1
34 67 1
34 69 1
34 74 1
34 84 1
34 85 1
34 86 1
34 109 1
34 122 1
34 127 1
34 129 1
34 132 1
34 134 1
34 167 1
35 65 1
35 69 1
35 71 1
35 86 1
35 88 1
35 93 1
35 99 1
35 115 1
35 116 1
35 118 1
35 142 1
35 145 1
35 164 1
35 168 1
36 39 1
36 45 1
36 53 1
36 54 1
36 75 1
36 76 1
36 107 1
36 109 1
36 114 1
36 115 1
36 118 1
36 128 1
36 144 1
36 147 1
36 157 1
36 163 1
36 165 1
37 38 1
37 43 1
37 44 1
37 61 1
37 75 1
37 76 1
37 92 1
37 104 1
37 113 1
37 114 1
37 122 1
37 140 1
37 142 1
37 149 1
37 157 1
38 39 1
38 50 1
38 55 1
38 69 1
38 75 1
38 89 1
38 90 1
38 93 1
38 110 1
38 115 1
38 121 1
38 142 1
38 148 1
38 159 1
38 164 1
39 45 1
39 46 1
39 49 1
39 54 1
39 59 1
39 61 1
39 104 1
39 106 1
39 111 1
39 112 1
39 113 1
39 114 1
39 121 1
39 130 1
39 144 1
39 145 1
39 149 1
39 165 1
40 47 1
40 48 1
40 60 1
40 66 1
40 78 1
40 92 1
40 95 1
40 117 1
40 120 1
41 47 1
41 48 1
41 52 1
41 53 1
41 64 1
41 69 1
41 71 1
41 74 1
41 78 1
41 81 1
41 82 1
41 83 1
41 90 1
41 95 1
41 100 1
41 105 1
41 109 1
41 119 1
41 129 1
41 161 1
42 55 1
42 67 1
42 72 1
42 77 1
42 119 1
42 122 1
42 129 1
42 132 1
42 133 1
42 138 1
42 149 1
42 154 1
42 156 1
42 160 1
43 53 1
43 57 1
43 62 1
43 69 1
43 88 1
43 101 1
43 110 1
43 112 1
43 125 1
43 129 1
43 131 1
43 135 1
43 146 1
43 150 1
43 156 1
43 162 1
43 164 1
44 50 1
44 58 1
44 63 1
44 79 1
44 81 1
44 83 1
44 84 1
44 92 1
44 115 1
44 120 1
44 121 1
44 147 1
44 149 1
44 164 1
45 55 1
45 61 1
45 65 1
45 70 1
45 79 1
45 81 1
45 93 1
45 95 1
45 102 1
45 105 1
45 110 1
45 131 1
45 143 1
45 148 1
45 156 1
46 52 1
46 58 1
46 70 1
46 81 1
46 87 1
46 89 1
46 94 1
46 95 1
46 101 1
46 115 1
46 118 1
46 122 1
46 123 1
46 144 1
46 146 1
46 147 1
46 150 1
47 111 1
47 119 1
47 120 1
47 121 1
47 123 1
47 129 1
47 131 1
47 147 1
47 148 1
47 149 1
47 150 1
47 160 1
47 161 1
47 162 1
48 73 1
48 83 1
48 92 1
48 97 1
48 119 1
48 128 1
48 132 1
48 139 1
49 50 1
49 51 1
49 52 1
49 61 1
49 68 1
49 74 1
49 111 1
49 116 1
49 119 1
49 150 1
49 152 1
50 61 1
50 67 1
50 78 1
50 87 1
50 100 1
50 122 1
50 126 1
50 130 1
50 131 1
50 135 1
50 156 1
50 163 1
50 164 1
51 54 1
51 59 1
51 73 1
51 84 1
51 90 1
51 101 1
51 112 1
51 116 1
51 129 1
51 161 1
51 165 1
51 168 1
52 54 1
52 68 1
52 79 1
52 89 1
52 92 1
52 102 1
52 112 1
52 117 1
52 118 1
52 119 1
52 120 1
52 126 1
52 128 1
52 141 1
52 144 1
52 150 1
52 154 1
52 156 1
52 163 1
52 168 1
53 54 1
53 80 1
53 81 1
53 94 1
53 112 1
53 131 1
53 165 1
53 169 1
54 57 1
54 70 1
54 72 1
54 78 1
54 85 1
54 86 1
54 102 1
54 111 1
54 131 1
54 149 1
54 150 1
55 59 1
55 64 1
55 74 1
55 81 1
55 82 1
55 116 1
55 118 1
55 121 1
55 136 1
55 143 1
55 153 1
55 163 1
55 164 1
55 167 1
55 169 1
56 60 1
56 62 1
56 71 1
56 77 1
56 78 1
56 80 1
56 97 1
56 99 1
56 107 1
56 114 1
56 122 1
56 123 1
57 59 1
57 99 1
57 116 1
57 127 1
57 142 1
57 165 1
58 61 1
58 81 1
58 85 1
58 87 1
58 130 1
58 142 1
58 147 1
58 158 1
58 163 1
58 165 1
58 166 1
59 62 1
59 64 1
59 65 1
59 72 1
59 76 1
59 102 1
59 123 1
59 141 1
59 143 1
59 147 1
59 159 1
59 163 1
59 166 1
59 169 1
60 61 1
60 66 1
60 68 1
60 74 1
60 81 1
60 122 1
60 129 1
60 130 1
60 140 1
60 153 1
60 156 1
60 157 1
60 162 1
60 165 1
61 62 1
61 73 1
61 77 1
61 88 1
61 91 1
61 124 1
61 135 1
61 140 1
61 143 1
61 147 1
61 153 1
61 162 1
61 164 1
62 66 1
62 77 1
62 82 1
62 92 1
62 95 1
62 102 1
62 124 1
62 130 1
62 133 1
62 139 1
62 148 1
62 152 1
62 157 1
62 158 1
62 166 1
63 64 1
63 66 1
63 73 1
63 78 1
63 84 1
63 88 1
63 95 1
63 100 1
63 104 1
63 105 1
63 107 1
63 126 1
63 128 1
63 130 1
63 137 1
63 141 1
63 148 1
63 169 1
64 77 1
64 82 1
64 86 1
64 94 1
64 104 1
64 110 1
64 115 1
64 129 1
64 137 1
64 140 1
64 152 1
64 156 1
64 168 1
65 70 1
65 71 1
65 90 1
65 95 1
65 97 1
65 102 1
65 116 1
65 122 1
65 127 1
65 138 1
65 148 1
65 155 1
66 67 1
66 81 1
66 118 1
66 127 1
66 128 1
66 131 1
66 135 1
66 140 1
66 144 1
66 147 1
66 155 1
67 90 1
67 97 1
67 113 1
67 114 1
67 122 1
67 126 1
67 128 1
67 132 1
67 142 1
67 143 1
67 169 1
68 69 1
68 72 1
68 75 1
68 77 1
68 80 1
68 94 1
68 101 1
68 124 1
68 152 1
68 156 1
68 164 1
69 87 1
69 88 1
69 114 1
69 117 1
69 129 1
69 137 1
69 147 1
69 153 1
69 164 1
70 78 1
70 82 1
70 88 1
70 92 1
70 116 1
70 127 1
70 131 1
70 133 1
70 140 1
70 141 1
70 157 1
70 158 1
70 166 1
70 167 1
71 72 1
71 87 1
71 90 1
71 97 1
71 106 1
71 110 1
71 114 1
71 129 1
71 135 1
71 137 1
71 142 1
71 152 1
72 74 1
72 76 1
72 77 1
72 83 1
72 92 1
72 98 1
72 118 1
72 122 1
72 129 1
72 130 1
72 141 1
72 142 1
72 147 1
72 148 1
72 149 1
72 158 1
73 76 1
73 79 1
73 81 1
73 88 1
73 99 1
73 103 1
73 124 1
73 128 1
73 132 1
73 143 1
73 147 1
73 152 1
73 154 1
73 157 1
73 158 1
73 168 1
73 169 1
74 82 1
74 85 1
74 89 1
74 113 1
74 114 1
74 124 1
74 136 1
74 142 1
74 151 1
75 89 1
75 102 1
75 111 1
75 112 1
75 116 1
75 128 1
75 150 1
75 160 1
76 82 1
76 95 1
76 101 1
76 103 1
76 120 1
76 122 1
76 164 1
76 167 1
77 99 1
77 100 1
77 117 1
77 126 1
77 131 1
77 135 1
77 144 1
77 168 1
78 103 1
78 107 1
78 109 1
78 113 1
78 127 1
78 134 1
78 140 1
78 144 1
78 154 1
78 156 1
78 162 1
78 164 1
79 80 1
79 81 1
79 99 1
79 111 1
79 134 1
79 138 1
79 149 1
79 164 1
79 169 1
80 87 1
80 115 1
80 118 1
80 119 1
80 126 1
80 141 1
80 145 1
80 154 1
80 159 1
81 95 1
81 102 1
81 105 1
81 109 1
81 122 1
81 127 1
81 156 1
81 163 1
81 164 1
82 83 1
82 85 1
82 86 1
82 100 1
82 125 1
82 150 1
82 159 1
83 88 1
83 91 1
83 96 1
83 123 1
83 138 1
83 147 1
83 159 1
83 161 1
83 165 1
84 96 1
84 99 1
84 100 1
84 106 1
84 124 1
84 130 1
84 132 1
84 135 1
85 93 1
85 103 1
85 107 1
85 109 1
85 118 1
85 120 1
85 127 1
85 128 1
85 132 1
85 156 1
85 162 1
85 163 1
86 89 1
86 104 1
86 112 1
86 119 1
86 121 1
86 136 1
87 88 1
87 103 1
87 106 1
87 126 1
87 137 1
87 150 1
87 154 1
88 92 1
88 106 1
88 110 1
88 128 1
88 134 1
88 141 1
88 160 1
88 161 1
88 166 1
88 169 1
89 91 1
89 101 1
89 103 1
89 110 1
89 111 1
89 117 1
89 120 1
89 121 1
89 140 1
89 141 1
89 146 1
89 154 1
89 162 1
89 163 1
90 92 1
90 93 1
90 104 1
90 118 1
90 125 1
90 139 1
90 154 1
90 157 1
90 166 1
90 169 1
91 98 1
91 110 1
91 111 1
91 118 1
91 119 1
91 138 1
91 157 1
91 162 1
91 167 1
92 93 1
92 111 1
92 114 1
92 119 1
92 124 1
92 130 1
92 136 1
92 143 1
92 144 1
92 147 1
92 151 1
92 153 1
92 155 1
92 162 1
92 166 1
93 118 1
93 141 1
93 146 1
93 150 1
93 165 1
94 102 1
94 125 1
94 128 1
94 159 1
94 160 1
94 163 1
95 97 1
95 98 1
95 101 1
95 106 1
95 112 1
95 118 1
95 120 1
95 121 1
95 146 1
95 151 1
96 109 1
96 112 1
96 123 1
96 124 1
96 141 1
96 157 1
96 159 1
96 164 1
97 105 1
97 134 1
97 142 1
97 151 1
97 167 1
98 117 1
98 120 1
98 124 1
98 128 1
98 131 1
98 132 1
98 150 1
98 156 1
98 159 1
99 106 1
99 112 1
99 123 1
99 128 1
99 130 1
99 138 1
99 140 1
99 142 1
99 159 1
100 103 1
100 104 1
100 108 1
100 113 1
100 122 1
100 125 1
100 128 1
100 141 1
100 148 1
100 154 1
100 164 1
101 106 1
101 128 1
101 150 1
101 160 1
101 166 1
102 104 1
102 136 1
102 138 1
102 143 1
102 148 1
102 162 1
102 165 1
103 105 1
103 107 1
103 118 1
103 122 1
103 125 1
103 137 1
103 140 1
103 153 1
103 161 1
103 166 1
104 117 1
104 127 1
104 137 1
104 160 1
104 165 1
105 109 1
105 116 1
105 117 1
105 122 1
105 124 1
105 138 1
105 146 1
105 156 1
106 114 1
106 120 1
106 126 1
106 127 1
106 137 1
106 140 1
106 141 1
106 144 1
106 147 1
106 155 1
106 157 1
106 169 1
107 130 1
107 151 1
107 153 1
107 156 1
107 157 1
108 130 1
108 135 1
108 139 1
108 140 1
109 125 1
109 130 1
109 138 1
109 150 1
109 155 1
109 159 1
110 122 1
110 126 1
110 129 1
110 142 1
110 152 1
110 153 1
110 164 1
110 165 1
110 168 1
111 136 1
111 140 1
111 147 1
111 155 1
111 169 1
112 130 1
112 135 1
112 148 1
112 152 1
112 163 1
113 119 1
113 124 1
113 131 1
113 153 1
113 166 1
114 124 1
114 131 1
114 137 1
114 138 1
114 153 1
114 161 1
114 162 1
114 163 1
114 165 1
115 118 1
115 119 1
115 122 1
115 137 1
115 149 1
115 165 1
115 168 1
116 120 1
116 129 1
116 130 1
116 136 1
116 144 1
116 153 1
116 159 1
117 122 1
117 125 1
117 141 1
117 142 1
117 143 1
117 145 1
117 148 1
117 149 1
117 155 1
117 169 1
118 119 1
118 123 1
118 124 1
118 126 1
118 127 1
118 136 1
118 139 1
118 140 1
118 155 1
118 161 1
118 167 1
119 132 1
119 144 1
119 145 1
119 146 1
119 149 1
119 152 1
119 154 1
120 135 1
120 141 1
120 145 1
120 146 1
120 167 1
121 128 1
121 145 1
121 153 1
121 169 1
122 124 1
122 136 1
122 150 1
122 161 1
123 124 1
123 127 1
123 146 1
123 158 1
123 160 1
123 161 1
123 164 1
124 128 1
124 156 1
124 157 1
124 162 1
124 165 1
124 168 1
125 128 1
125 131 1
125 136 1
126 135 1
126 142 1
126 154 1
126 156 1
126 163 1
127 156 1
128 134 1
128 143 1
128 147 1
128 158 1
128 162 1
128 166 1
129 136 1
129 142 1
129 157 1
129 160 1
129 169 1
130 139 1
130 146 1
130 157 1
130 160 1
130 164 1
131 142 1
131 167 1
131 169 1
132 150 1
132 153 1
132 156 1
133 140 1
133 149 1
133 150 1
133 153 1
134 160 1
135 161 1
135 165 1
135 168 1
136 137 1
136 141 1
136 149 1
136 164 1
136 168 1
136 169 1
137 138 1
137 147 1
137 164 1
138 144 1
138 158 1
138 159 1
138 166 1
139 144 1
139 148 1
139 153 1
139 155 1
139 162 1
140 143 1
140 149 1
140 151 1
140 160 1
140 166 1
140 169 1
141 143 1
141 150 1
141 169 1
142 143 1
142 150 1
142 162 1
142 166 1
143 154 1
144 162 1
144 163 1
145 149 1
145 150 1
145 161 1
145 164 1
145 166 1
146 152 1
146 161 1
146 163 1
147 166 1
147 167 1
148 150 1
148 156 1
148 157 1
150 151 1
150 154 1
150 162 1
151 158 1
151 160 1
152 162 1
152 164 1
153 165 1
153 168 1
154 155 1
154 162 1
155 161 1
155 168 1
157 164 1
157 169 1
158 161 1
158 169 1
159 169 1
160 168 1
160 169 1
161 164 1
162 163 1
162 166 1
1
17 97 9 148 3 4 91 128 75 36 48 59 21 168 94 69 155
