282
0 2 1
0 6 1
0 12 1
0 16 1
0 25 1
0 28 1
0 34 1
0 35 1
0 37 1
1 5 1
1 6 1
1 9 1
1 13 1
1 14 1
1 17 1
1 18 1
1 19 1
1 20 1
1 31 1
1 33 1
1 35 1
1 36 1
1 37 1
1 38 1
1 39 1
2 3 1
2 6 1
2 7 1
2 16 1
2 17 1
2 18 1
2 21 1
2 27 1
2 28 1
2 30 1
2 31 1
2 32 1
2 35 1
2 36 1
2 37 1
3 5 1
3 6 1
3 9 1
3 10 1
3 12 1
3 15 1
3 17 1
3 18 1
3 21 1
3 27 1
3 28 1
3 33 1
3 35 1
3 39 1
4 9 1
4 13 1
4 14 1
4 15 1
4 16 1
4 18 1
4 19 1
4 20 1
4 21 1
4 24 1
4 25 1
4 27 1
4 29 1
4 31 1
4 33 1
4 37 1
5 6 1
5 12 1
5 13 1
5 17 1
5 18 1
5 22 1
5 23 1
5 25 1
5 28 1
5 29 1
5 36 1
5 38 1
6 17 1
6 19 1
6 20 1
6 21 1
6 23 1
6 26 1
6 27 1
6 28 1
6 29 1
6 30 1
6 33 1
6 34 1
6 36 1
7 11 1
7 13 1
7 16 1
7 17 1
7 21 1
7 24 1
7 26 1
7 29 1
7 30 1
7 33 1
7 34 1
7 35 1
7 37 1
7 39 1
8 10 1
8 12 1
8 13 1
8 20 1
8 21 1
8 25 1
8 28 1
8 31 1
8 33 1
8 34 1
9 12 1
9 13 1
9 17 1
9 18 1
9 21 1
9 23 1
9 24 1
9 25 1
9 30 1
9 32 1
9 33 1
9 34 1
9 38 1
9 39 1
10 11 1
10 13 1
10 17 1
10 24 1
10 28 1
10 29 1
10 30 1
10 32 1
10 37 1
10 38 1
11 15 1
11 17 1
11 23 1
11 25 1
11 28 1
11 30 1
11 32 1
11 37 1
12 13 1
12 15 1
12 18 1
12 29 1
12 30 1
12 33 1
12 37 1
13 20 1
13 21 1
13 24 1
13 28 1
13 29 1
13 30 1
13 31 1
13 32 1
13 34 1
13 35 1
14 22 1
14 23 1
14 26 1
14 27 1
14 33 1
14 34 1
15 18 1
15 19 1
15 20 1
15 27 1
15 29 1
15 38 1
16 17 1
16 19 1
16 20 1
16 22 1
16 23 1
16 26 1
16 35 1
17 18 1
17 22 1
17 23 1
17 26 1
17 27 1
17 28 1
17 29 1
17 31 1
17 37 1
18 19 1
18 22 1
18 28 1
18 34 1
19 30 1
19 36 1
19 37 1
19 38 1
20 22 1
20 23 1
20 25 1
20 27 1
20 32 1
20 35 1
20 36 1
20 37 1
20 38 1
21 23 1
21 25 1
21 26 1
21 27 1
21 29 1
21 30 1
21 34 1
21 36 1
21 37 1
21 38 1
21 39 1
22 23 1
22 28 1
22 34 1
22 35 1
22 37 1
23 26 1
23 28 1
23 29 1
23 31 1
23 32 1
23 37 1
23 38 1
24 29 1
24 30 1
24 34 1
24 35 1
24 37 1
25 28 1
25 29 1
25 31 1
25 33 1
25 36 1
25 37 1
25 38 1
25 39 1
26 27 1
26 28 1
26 29 1
26 35 1
27 29 1
27 34 1
28 33 1
28 35 1
28 36 1
28 39 1
29 36 1
29 39 1
30 31 1
30 32 1
30 38 1
30 39 1
31 32 1
31 36 1
31 37 1
31 38 1
32 35 1
32 38 1
32 39 1
33 35 1
33 36 1
33 38 1
34 38 1
34 39 1
35 38 1
36 37 1
37 38 1
37 39 1
38 39 1
1
39 27 24 8
