801
0 11 1
0 12 1
0 19 1
0 20 1
0 24 1
0 26 1
0 28 1
0 29 1
0 35 1
0 42 1
0 44 1
0 77 1
0 82 1
0 86 1
0 87 1
1 2 1
1 3 1
1 4 1
1 8 1
1 13 1
1 15 1
1 19 1
1 20 1
1 33 1
1 39 1
1 56 1
1 60 1
1 69 1
1 70 1
1 73 1
1 74 1
1 81 1
1 85 1
2 11 1
2 14 1
2 17 1
2 20 1
2 22 1
2 24 1
2 47 1
2 56 1
2 74 1
2 78 1
2 79 1
2 82 1
3 5 1
3 7 1
3 8 1
3 12 1
3 16 1
3 21 1
3 23 1
3 25 1
3 35 1
3 39 1
3 40 1
3 57 1
3 78 1
3 79 1
3 81 1
3 85 1
3 88 1
4 5 1
4 6 1
4 7 1
4 16 1
4 19 1
4 21 1
4 24 1
4 28 1
4 30 1
4 32 1
4 36 1
4 41 1
4 63 1
4 72 1
4 74 1
4 77 1
4 81 1
4 82 1
4 83 1
4 85 1
4 88 1
5 7 1
5 9 1
5 16 1
5 22 1
5 27 1
5 32 1
5 36 1
5 39 1
5 47 1
5 49 1
5 56 1
5 60 1
5 69 1
5 82 1
5 83 1
5 85 1
5 89 1
6 7 1
6 9 1
6 15 1
6 16 1
6 22 1
6 24 1
6 25 1
6 27 1
6 28 1
6 30 1
6 31 1
6 33 1
6 35 1
6 45 1
6 51 1
6 66 1
6 68 1
6 69 1
6 72 1
6 74 1
6 76 1
6 78 1
6 82 1
6 83 1
6 87 1
6 89 1
7 10 1
7 20 1
7 21 1
7 31 1
7 39 1
7 40 1
7 41 1
7 45 1
7 50 1
7 53 1
7 57 1
7 65 1
7 72 1
7 75 1
7 78 1
7 81 1
7 83 1
8 16 1
8 23 1
8 26 1
8 31 1
8 33 1
8 35 1
8 39 1
8 41 1
8 43 1
8 46 1
8 56 1
8 59 1
8 66 1
8 67 1
8 69 1
8 79 1
8 81 1
8 89 1
9 13 1
9 18 1
9 22 1
9 23 1
9 42 1
9 46 1
9 54 1
9 58 1
9 65 1
9 70 1
9 72 1
9 73 1
9 80 1
9 81 1
9 82 1
9 88 1
9 89 1
10 16 1
10 17 1
10 21 1
10 22 1
10 25 1
10 28 1
10 32 1
10 33 1
10 38 1
10 47 1
10 52 1
10 59 1
10 60 1
10 62 1
10 64 1
10 81 1
11 13 1
11 15 1
11 25 1
11 26 1
11 27 1
11 31 1
11 48 1
11 49 1
11 59 1
11 63 1
11 64 1
11 68 1
11 70 1
11 73 1
11 77 1
11 78 1
11 82 1
11 88 1
12 13 1
12 22 1
12 23 1
12 32 1
12 33 1
12 35 1
12 36 1
12 37 1
12 44 1
12 51 1
12 58 1
12 59 1
12 62 1
12 65 1
12 67 1
12 69 1
12 73 1
12 74 1
12 83 1
12 86 1
13 14 1
13 16 1
13 17 1
13 28 1
13 31 1
13 34 1
13 39 1
13 41 1
13 58 1
13 62 1
13 63 1
13 64 1
13 65 1
13 68 1
13 74 1
13 78 1
13 84 1
14 15 1
14 20 1
14 22 1
14 24 1
14 26 1
14 29 1
14 31 1
14 33 1
14 35 1
14 36 1
14 39 1
14 46 1
14 47 1
14 62 1
14 65 1
14 67 1
14 70 1
14 71 1
14 79 1
14 86 1
14 88 1
15 16 1
15 18 1
15 23 1
15 29 1
15 44 1
15 46 1
15 50 1
15 60 1
15 61 1
15 67 1
15 71 1
15 79 1
15 82 1
15 86 1
16 17 1
16 19 1
16 20 1
16 27 1
16 29 1
16 36 1
16 42 1
16 47 1
16 52 1
16 56 1
16 58 1
16 59 1
16 61 1
16 65 1
16 84 1
16 85 1
17 19 1
17 25 1
17 27 1
17 28 1
17 30 1
17 32 1
17 37 1
17 40 1
17 42 1
17 44 1
17 49 1
17 51 1
17 53 1
17 55 1
17 63 1
17 70 1
17 72 1
17 74 1
17 77 1
17 86 1
18 30 1
18 32 1
18 42 1
18 52 1
18 53 1
18 56 1
18 62 1
18 64 1
18 71 1
18 75 1
18 82 1
19 23 1
19 24 1
19 29 1
19 33 1
19 38 1
19 44 1
19 59 1
19 64 1
19 65 1
19 70 1
19 73 1
19 77 1
19 81 1
20 21 1
20 22 1
20 23 1
20 29 1
20 31 1
20 34 1
20 35 1
20 46 1
20 48 1
20 61 1
20 68 1
20 75 1
20 81 1
20 87 1
20 88 1
21 22 1
21 27 1
21 28 1
21 32 1
21 33 1
21 36 1
21 44 1
21 46 1
21 57 1
21 58 1
21 64 1
21 65 1
21 68 1
21 69 1
21 78 1
21 87 1
22 26 1
22 47 1
22 52 1
22 58 1
22 61 1
22 88 1
23 31 1
23 32 1
23 35 1
23 36 1
23 46 1
23 58 1
23 66 1
23 69 1
23 72 1
23 73 1
23 74 1
23 78 1
23 81 1
23 82 1
23 83 1
24 29 1
24 32 1
24 47 1
24 52 1
24 64 1
24 69 1
24 76 1
24 84 1
24 85 1
24 88 1
25 28 1
25 29 1
25 32 1
25 36 1
25 52 1
25 54 1
25 63 1
25 64 1
25 72 1
25 73 1
25 75 1
25 85 1
26 30 1
26 34 1
26 35 1
26 36 1
26 42 1
26 44 1
26 45 1
26 47 1
26 53 1
26 57 1
26 64 1
26 77 1
26 78 1
26 88 1
27 37 1
27 38 1
27 43 1
27 46 1
27 58 1
27 59 1
27 65 1
27 66 1
27 67 1
27 68 1
27 71 1
27 77 1
27 84 1
27 88 1
28 30 1
28 36 1
28 39 1
28 41 1
28 47 1
28 56 1
28 57 1
28 62 1
28 63 1
28 75 1
28 77 1
28 78 1
28 80 1
28 86 1
29 30 1
29 34 1
29 35 1
29 51 1
29 60 1
29 61 1
29 76 1
29 85 1
29 87 1
30 33 1
30 36 1
30 37 1
30 51 1
30 54 1
30 55 1
30 64 1
30 66 1
30 68 1
30 76 1
30 80 1
30 82 1
30 85 1
31 34 1
31 39 1
31 42 1
31 55 1
31 60 1
31 61 1
31 63 1
31 73 1
31 75 1
31 83 1
32 33 1
32 34 1
32 35 1
32 37 1
32 41 1
32 43 1
32 44 1
32 45 1
32 50 1
32 51 1
32 52 1
32 55 1
32 71 1
32 77 1
32 80 1
33 49 1
33 51 1
33 54 1
33 64 1
33 70 1
33 78 1
33 87 1
34 42 1
34 50 1
34 58 1
34 68 1
34 69 1
34 70 1
34 71 1
34 81 1
34 83 1
34 84 1
34 86 1
35 36 1
35 38 1
35 39 1
35 40 1
35 50 1
35 51 1
35 55 1
35 72 1
35 75 1
35 79 1
35 83 1
35 86 1
36 38 1
36 40 1
36 44 1
36 45 1
36 48 1
36 51 1
36 53 1
36 56 1
36 59 1
36 65 1
36 77 1
36 79 1
36 82 1
36 85 1
37 47 1
37 51 1
37 60 1
37 62 1
37 65 1
37 82 1
37 85 1
38 40 1
38 48 1
38 63 1
38 65 1
38 71 1
38 75 1
39 46 1
39 60 1
39 64 1
39 69 1
39 74 1
39 75 1
39 77 1
39 78 1
39 84 1
39 85 1
39 87 1
40 43 1
40 44 1
40 49 1
40 54 1
40 64 1
40 71 1
40 74 1
40 75 1
40 80 1
40 87 1
41 47 1
41 55 1
41 61 1
41 63 1
41 73 1
41 74 1
41 79 1
41 80 1
41 85 1
41 87 1
42 46 1
42 54 1
42 55 1
42 58 1
42 59 1
42 60 1
42 63 1
42 67 1
42 75 1
42 80 1
42 86 1
43 62 1
43 65 1
43 68 1
43 71 1
43 72 1
43 73 1
43 79 1
43 85 1
43 88 1
44 51 1
44 59 1
44 68 1
44 79 1
45 50 1
45 54 1
45 58 1
45 60 1
45 83 1
45 86 1
45 87 1
45 88 1
46 48 1
46 49 1
46 50 1
46 52 1
46 56 1
46 57 1
46 60 1
46 64 1
46 72 1
46 77 1
46 79 1
46 81 1
47 48 1
47 52 1
47 55 1
47 59 1
47 61 1
47 66 1
47 68 1
47 70 1
47 71 1
47 74 1
47 80 1
47 87 1
48 51 1
48 58 1
48 60 1
48 63 1
48 70 1
48 84 1
49 53 1
49 56 1
49 69 1
49 77 1
49 82 1
49 84 1
49 86 1
49 89 1
50 54 1
50 59 1
51 58 1
51 59 1
51 60 1
51 68 1
51 76 1
51 85 1
51 86 1
51 88 1
52 54 1
52 59 1
52 82 1
52 88 1
53 66 1
53 84 1
54 55 1
54 62 1
54 66 1
54 75 1
54 77 1
54 78 1
54 87 1
55 72 1
55 82 1
55 87 1
55 89 1
56 63 1
56 67 1
56 70 1
56 78 1
57 67 1
57 68 1
57 72 1
57 78 1
57 82 1
58 61 1
58 77 1
58 87 1
58 88 1
59 71 1
59 74 1
59 75 1
59 81 1
59 88 1
60 65 1
60 87 1
61 62 1
61 74 1
61 79 1
61 80 1
61 87 1
61 89 1
62 63 1
62 64 1
62 77 1
62 79 1
63 65 1
63 70 1
63 73 1
63 82 1
63 85 1
64 68 1
64 74 1
64 80 1
64 81 1
64 82 1
64 84 1
65 67 1
65 73 1
65 74 1
65 79 1
65 82 1
65 87 1
66 68 1
66 69 1
66 74 1
66 79 1
66 80 1
66 85 1
66 86 1
66 87 1
67 84 1
68 70 1
68 75 1
68 82 1
68 84 1
68 86 1
68 88 1
69 70 1
69 89 1
70 72 1
70 73 1
70 76 1
70 77 1
70 86 1
70 88 1
71 73 1
71 77 1
71 80 1
71 81 1
71 83 1
71 87 1
72 74 1
72 85 1
73 75 1
73 81 1
73 87 1
73 89 1
74 75 1
74 85 1
74 89 1
75 77 1
75 82 1
75 83 1
75 85 1
76 79 1
76 80 1
76 85 1
77 84 1
78 80 1
78 84 1
79 84 1
79 86 1
80 82 1
80 84 1
80 86 1
81 84 1
81 86 1
81 87 1
82 88 1
82 89 1
83 84 1
84 87 1
85 88 1
88 89 1
1
61 62 82 70 56 43 72 34 6
