1627
0 2 1
0 9 1
0 19 1
0 42 1
0 49 1
0 50 1
0 54 1
0 60 1
0 64 1
0 72 1
0 74 1
0 80 1
0 83 1
0 92 1
0 95 1
0 101 1
0 102 1
0 110 1
0 115 1
0 122 1
0 124 1
0 126 1
0 129 1
0 131 1
0 142 1
0 146 1
0 152 1
0 157 1
0 158 1
1 10 1
1 24 1
1 26 1
1 33 1
1 49 1
1 73 1
1 75 1
1 78 1
1 84 1
1 108 1
1 113 1
1 123 1
1 141 1
1 154 1
2 13 1
2 26 1
2 32 1
2 36 1
2 39 1
2 40 1
2 46 1
2 57 1
2 66 1
2 68 1
2 83 1
2 89 1
2 96 1
2 100 1
2 118 1
2 123 1
2 129 1
2 132 1
2 137 1
3 20 1
3 26 1
3 31 1
3 37 1
3 39 1
3 44 1
3 45 1
3 77 1
3 109 1
3 115 1
3 118 1
3 137 1
3 144 1
3 147 1
4 7 1
4 8 1
4 12 1
4 17 1
4 20 1
4 23 1
4 57 1
4 60 1
4 64 1
4 65 1
4 76 1
4 78 1
4 107 1
4 111 1
4 115 1
4 133 1
4 137 1
4 140 1
4 147 1
4 151 1
5 39 1
5 40 1
5 56 1
5 63 1
5 66 1
5 82 1
5 83 1
5 84 1
5 87 1
5 89 1
5 90 1
5 91 1
5 98 1
5 99 1
5 108 1
5 111 1
5 118 1
5 121 1
5 122 1
5 124 1
5 132 1
5 133 1
5 141 1
5 142 1
5 146 1
5 147 1
5 149 1
6 15 1
6 21 1
6 27 1
6 49 1
6 53 1
6 60 1
6 82 1
6 93 1
6 96 1
6 97 1
6 99 1
6 105 1
6 111 1
6 112 1
6 124 1
6 127 1
6 134 1
6 138 1
6 144 1
6 147 1
6 153 1
6 159 1
7 12 1
7 14 1
7 27 1
7 28 1
7 29 1
7 38 1
7 47 1
7 49 1
7 50 1
7 52 1
7 55 1
7 60 1
7 70 1
7 81 1
7 96 1
7 115 1
7 116 1
7 117 1
7 120 1
7 131 1
7 137 1
7 139 1
7 140 1
7 154 1
8 35 1
8 36 1
8 61 1
8 64 1
8 81 1
8 100 1
8 119 1
8 120 1
8 140 1
8 144 1
8 146 1
9 12 1
9 24 1
9 26 1
9 40 1
9 44 1
9 46 1
9 48 1
9 56 1
9 60 1
9 62 1
9 65 1
9 76 1
9 85 1
9 93 1
9 105 1
9 107 1
9 113 1
9 121 1
9 130 1
9 145 1
10 22 1
10 26 1
10 30 1
10 31 1
10 32 1
10 37 1
10 48 1
10 76 1
10 94 1
10 95 1
10 106 1
10 131 1
10 138 1
10 139 1
10 144 1
10 148 1
10 149 1
11 17 1
11 19 1
11 30 1
11 44 1
11 49 1
11 52 1
11 53 1
11 58 1
11 60 1
11 62 1
11 64 1
11 72 1
11 76 1
11 77 1
11 78 1
11 85 1
11 113 1
11 128 1
11 134 1
11 151 1
12 21 1
12 27 1
12 52 1
12 63 1
12 81 1
12 85 1
12 87 1
12 90 1
12 123 1
12 140 1
12 148 1
12 156 1
13 21 1
13 26 1
13 33 1
13 36 1
13 40 1
13 41 1
13 46 1
13 47 1
13 48 1
13 57 1
13 65 1
13 74 1
13 88 1
13 94 1
13 95 1
13 108 1
13 112 1
13 117 1
13 124 1
13 125 1
13 136 1
13 158 1
14 23 1
14 30 1
14 31 1
14 33 1
14 39 1
14 53 1
14 58 1
14 67 1
14 82 1
14 85 1
14 86 1
14 100 1
14 109 1
14 114 1
14 119 1
14 138 1
14 142 1
14 145 1
14 148 1
14 157 1
14 159 1
15 17 1
15 19 1
15 28 1
15 39 1
15 51 1
15 54 1
15 60 1
15 82 1
15 95 1
15 101 1
15 103 1
15 106 1
15 108 1
15 114 1
15 122 1
15 123 1
15 130 1
15 131 1
15 145 1
15 152 1
15 153 1
15 155 1
15 158 1
16 17 1
16 21 1
16 35 1
16 37 1
16 42 1
16 44 1
16 49 1
16 57 1
16 61 1
16 67 1
16 72 1
16 76 1
16 80 1
16 98 1
16 106 1
16 110 1
16 112 1
16 119 1
16 136 1
16 141 1
16 144 1
16 147 1
16 150 1
16 152 1
16 153 1
16 155 1
17 19 1
17 36 1
17 37 1
17 53 1
17 68 1
17 79 1
17 88 1
17 95 1
17 97 1
17 100 1
17 111 1
17 130 1
17 142 1
18 29 1
18 40 1
18 45 1
18 47 1
18 50 1
18 55 1
18 58 1
18 67 1
18 77 1
18 105 1
18 121 1
18 122 1
18 125 1
18 126 1
19 22 1
19 31 1
19 39 1
19 54 1
19 57 1
19 66 1
19 71 1
19 93 1
19 109 1
19 116 1
19 134 1
19 149 1
19 150 1
19 153 1
19 157 1
20 29 1
20 46 1
20 68 1
20 69 1
20 90 1
20 91 1
20 100 1
20 107 1
20 114 1
20 130 1
20 136 1
20 149 1
20 153 1
21 34 1
21 35 1
21 36 1
21 37 1
21 47 1
21 56 1
21 71 1
21 84 1
21 87 1
21 88 1
21 93 1
21 109 1
21 111 1
21 119 1
21 124 1
21 134 1
21 137 1
21 142 1
22 30 1
22 31 1
22 36 1
22 38 1
22 47 1
22 50 1
22 62 1
22 70 1
22 79 1
22 80 1
22 81 1
22 82 1
22 84 1
22 97 1
22 104 1
22 111 1
22 112 1
22 114 1
22 117 1
22 131 1
22 135 1
22 147 1
22 150 1
23 30 1
23 38 1
23 50 1
23 52 1
23 56 1
23 57 1
23 64 1
23 66 1
23 77 1
23 78 1
23 83 1
23 89 1
23 97 1
23 109 1
23 141 1
23 144 1
23 154 1
23 156 1
24 40 1
24 41 1
24 58 1
24 75 1
24 84 1
24 85 1
24 87 1
24 112 1
24 133 1
24 145 1
24 151 1
25 26 1
25 46 1
25 64 1
25 70 1
25 85 1
25 97 1
25 108 1
25 126 1
25 127 1
25 129 1
25 131 1
26 27 1
26 44 1
26 51 1
26 57 1
26 63 1
26 70 1
26 81 1
26 88 1
26 90 1
26 94 1
26 116 1
26 117 1
26 145 1
26 147 1
26 153 1
26 154 1
26 158 1
27 34 1
27 36 1
27 44 1
27 51 1
27 66 1
27 72 1
27 80 1
27 106 1
27 120 1
27 126 1
27 153 1
27 154 1
28 33 1
28 41 1
28 43 1
28 59 1
28 63 1
28 68 1
28 69 1
28 80 1
28 83 1
28 107 1
28 118 1
28 121 1
28 128 1
28 129 1
28 134 1
28 140 1
28 148 1
28 156 1
29 30 1
29 38 1
29 50 1
29 74 1
29 78 1
29 86 1
29 90 1
29 94 1
29 95 1
29 104 1
29 115 1
29 124 1
29 125 1
29 156 1
30 57 1
30 59 1
30 66 1
30 83 1
30 96 1
30 116 1
30 129 1
30 132 1
30 133 1
30 140 1
31 32 1
31 38 1
31 42 1
31 49 1
31 73 1
31 83 1
31 84 1
31 95 1
31 103 1
31 108 1
31 113 1
31 116 1
31 120 1
31 126 1
32 33 1
32 35 1
32 36 1
32 58 1
32 66 1
32 73 1
32 77 1
32 89 1
32 95 1
32 121 1
32 124 1
32 127 1
32 129 1
32 132 1
32 139 1
32 146 1
32 148 1
32 152 1
32 155 1
33 34 1
33 43 1
33 48 1
33 49 1
33 63 1
33 64 1
33 68 1
33 75 1
33 78 1
33 86 1
33 90 1
33 110 1
33 122 1
33 126 1
33 139 1
33 144 1
33 153 1
33 156 1
34 35 1
34 38 1
34 40 1
34 41 1
34 48 1
34 63 1
34 64 1
34 80 1
34 87 1
34 98 1
34 112 1
34 140 1
34 150 1
34 151 1
34 154 1
34 156 1
35 44 1
35 45 1
35 51 1
35 53 1
35 58 1
35 59 1
35 61 1
35 63 1
35 64 1
35 72 1
35 74 1
35 79 1
35 88 1
35 92 1
35 98 1
35 124 1
35 125 1
35 127 1
35 129 1
35 144 1
35 157 1
35 158 1
36 49 1
36 60 1
36 63 1
36 64 1
36 68 1
36 74 1
36 102 1
36 106 1
36 112 1
36 116 1
36 130 1
36 143 1
37 40 1
37 41 1
37 43 1
37 86 1
37 96 1
37 108 1
37 113 1
37 114 1
37 117 1
37 130 1
37 157 1
38 42 1
38 45 1
38 60 1
38 75 1
38 76 1
38 78 1
38 79 1
38 84 1
38 107 1
38 109 1
38 126 1
38 140 1
38 141 1
38 148 1
38 155 1
39 42 1
39 46 1
39 49 1
39 52 1
39 60 1
39 72 1
39 74 1
39 82 1
39 110 1
39 117 1
39 133 1
39 139 1
39 156 1
39 158 1
40 45 1
40 46 1
40 48 1
40 60 1
40 67 1
40 72 1
40 74 1
40 76 1
40 88 1
40 93 1
40 111 1
40 112 1
40 126 1
40 137 1
40 138 1
40 144 1
41 45 1
41 50 1
41 59 1
41 67 1
41 77 1
41 78 1
41 80 1
41 94 1
41 111 1
41 122 1
41 127 1
41 145 1
41 147 1
41 149 1
41 157 1
42 64 1
42 67 1
42 75 1
42 81 1
42 87 1
42 91 1
42 99 1
42 103 1
42 123 1
42 129 1
42 138 1
42 152 1
42 156 1
42 158 1
43 44 1
43 63 1
43 70 1
43 82 1
43 92 1
43 102 1
43 118 1
43 121 1
43 132 1
44 61 1
44 78 1
44 89 1
44 92 1
44 104 1
44 106 1
44 133 1
44 144 1
44 158 1
45 53 1
45 62 1
45 64 1
45 70 1
45 71 1
45 75 1
45 77 1
45 79 1
45 85 1
45 95 1
45 98 1
45 104 1
45 107 1
45 112 1
45 114 1
45 133 1
45 136 1
45 158 1
46 59 1
46 72 1
46 73 1
46 75 1
46 80 1
46 113 1
46 120 1
46 143 1
46 148 1
46 152 1
46 158 1
47 52 1
47 56 1
47 57 1
47 62 1
47 70 1
47 83 1
47 94 1
47 103 1
47 105 1
47 108 1
47 114 1
47 119 1
47 141 1
47 149 1
47 154 1
47 159 1
48 51 1
48 60 1
48 63 1
48 66 1
48 67 1
48 75 1
48 80 1
48 82 1
48 85 1
48 87 1
48 88 1
48 107 1
48 110 1
48 117 1
48 140 1
48 150 1
49 51 1
49 65 1
49 71 1
49 80 1
49 81 1
49 84 1
49 91 1
49 96 1
49 105 1
49 113 1
49 123 1
49 136 1
49 145 1
49 147 1
49 149 1
49 155 1
50 57 1
50 68 1
50 84 1
50 93 1
50 94 1
50 98 1
50 105 1
50 107 1
50 117 1
50 124 1
50 134 1
50 136 1
50 153 1
51 59 1
51 65 1
51 69 1
51 71 1
51 75 1
51 84 1
51 93 1
51 94 1
51 103 1
51 120 1
51 122 1
51 124 1
51 125 1
51 134 1
52 60 1
52 75 1
52 76 1
52 90 1
52 107 1
52 114 1
52 122 1
52 134 1
52 152 1
52 155 1
53 54 1
53 61 1
53 63 1
53 71 1
53 80 1
53 86 1
53 87 1
53 91 1
53 102 1
53 106 1
53 126 1
53 129 1
53 141 1
53 143 1
53 145 1
53 147 1
53 148 1
53 149 1
54 55 1
54 72 1
54 77 1
54 78 1
54 81 1
54 82 1
54 87 1
54 88 1
54 92 1
54 96 1
54 115 1
54 122 1
55 57 1
55 60 1
55 63 1
55 64 1
55 70 1
55 75 1
55 80 1
55 82 1
55 89 1
55 94 1
55 96 1
55 103 1
55 114 1
55 121 1
55 123 1
55 131 1
55 135 1
55 136 1
55 140 1
55 154 1
55 156 1
56 68 1
56 70 1
56 79 1
56 92 1
56 104 1
56 108 1
56 115 1
56 119 1
56 124 1
56 128 1
56 129 1
56 142 1
56 151 1
56 155 1
57 59 1
57 61 1
57 80 1
57 91 1
57 97 1
57 99 1
57 101 1
57 106 1
57 108 1
57 115 1
57 128 1
57 134 1
57 137 1
57 139 1
57 148 1
57 150 1
58 61 1
58 64 1
58 65 1
58 71 1
58 72 1
58 82 1
58 84 1
58 88 1
58 97 1
58 102 1
58 106 1
58 116 1
58 119 1
58 122 1
58 131 1
59 61 1
59 72 1
59 76 1
59 77 1
59 85 1
59 120 1
59 126 1
59 139 1
59 144 1
59 155 1
60 74 1
60 76 1
60 83 1
60 92 1
60 95 1
60 96 1
60 100 1
60 102 1
60 110 1
60 122 1
60 123 1
60 129 1
60 132 1
60 134 1
60 142 1
60 153 1
61 64 1
61 76 1
61 77 1
61 81 1
61 87 1
61 89 1
61 98 1
61 100 1
61 104 1
61 121 1
61 124 1
61 125 1
61 126 1
61 129 1
61 133 1
61 144 1
61 150 1
61 156 1
62 64 1
62 66 1
62 86 1
62 90 1
62 100 1
62 106 1
62 138 1
62 140 1
62 141 1
62 144 1
62 149 1
62 150 1
62 151 1
63 66 1
63 85 1
63 96 1
63 110 1
63 120 1
63 129 1
63 132 1
63 141 1
63 142 1
63 145 1
63 155 1
64 68 1
64 88 1
64 106 1
64 115 1
64 127 1
64 131 1
64 134 1
64 152 1
64 157 1
64 159 1
65 71 1
65 72 1
65 79 1
65 83 1
65 85 1
65 101 1
65 103 1
65 113 1
65 121 1
65 132 1
65 144 1
65 146 1
65 156 1
66 67 1
66 71 1
66 77 1
66 85 1
66 94 1
66 95 1
66 113 1
66 118 1
66 131 1
66 133 1
66 142 1
66 155 1
67 81 1
67 88 1
67 100 1
67 103 1
67 112 1
67 113 1
67 117 1
67 120 1
67 134 1
67 151 1
67 157 1
68 72 1
68 84 1
68 92 1
68 95 1
68 97 1
68 105 1
68 108 1
68 112 1
68 114 1
68 116 1
68 123 1
68 127 1
68 131 1
68 132 1
68 136 1
68 139 1
68 151 1
69 89 1
69 90 1
69 96 1
69 99 1
69 102 1
69 107 1
69 108 1
69 111 1
69 123 1
69 128 1
69 135 1
69 141 1
69 146 1
69 147 1
69 158 1
69 159 1
70 72 1
70 73 1
70 82 1
70 94 1
70 98 1
70 109 1
70 112 1
70 118 1
70 120 1
70 124 1
70 134 1
70 135 1
70 137 1
70 139 1
70 142 1
70 149 1
71 73 1
71 75 1
71 84 1
71 91 1
71 102 1
71 103 1
71 105 1
71 110 1
71 119 1
71 125 1
71 128 1
71 131 1
71 134 1
71 157 1
72 83 1
72 89 1
72 101 1
72 105 1
72 108 1
72 123 1
72 139 1
72 152 1
72 156 1
72 157 1
73 79 1
73 81 1
73 82 1
73 86 1
73 88 1
73 89 1
73 92 1
73 98 1
73 106 1
73 110 1
73 117 1
73 118 1
73 133 1
73 134 1
73 138 1
73 141 1
73 152 1
74 93 1
74 95 1
74 112 1
74 113 1
74 122 1
74 126 1
74 137 1
74 145 1
74 151 1
75 76 1
75 113 1
75 123 1
75 130 1
75 138 1
75 149 1
76 91 1
76 102 1
76 109 1
76 112 1
76 114 1
76 115 1
76 119 1
76 121 1
76 127 1
76 130 1
76 150 1
76 155 1
76 159 1
77 79 1
77 81 1
77 92 1
77 94 1
77 103 1
77 116 1
77 136 1
77 137 1
77 144 1
77 150 1
78 82 1
78 84 1
78 94 1
78 122 1
78 137 1
78 138 1
78 144 1
78 147 1
78 152 1
78 159 1
79 94 1
79 128 1
79 134 1
79 143 1
79 151 1
80 81 1
80 92 1
80 102 1
80 105 1
80 109 1
80 114 1
80 117 1
80 119 1
80 122 1
80 143 1
80 146 1
80 149 1
80 155 1
81 99 1
81 105 1
81 113 1
81 115 1
81 116 1
81 124 1
81 132 1
81 137 1
81 138 1
82 87 1
82 98 1
82 103 1
82 106 1
82 115 1
82 116 1
82 139 1
82 146 1
83 88 1
83 95 1
83 97 1
83 121 1
83 123 1
83 124 1
83 127 1
83 136 1
83 143 1
83 145 1
83 154 1
83 156 1
83 157 1
83 158 1
84 93 1
84 117 1
84 121 1
84 135 1
84 136 1
84 139 1
84 141 1
84 142 1
84 146 1
84 151 1
85 103 1
85 113 1
85 114 1
85 117 1
85 146 1
86 87 1
86 99 1
86 108 1
86 109 1
86 132 1
86 135 1
86 137 1
86 142 1
86 146 1
86 149 1
86 158 1
87 92 1
87 98 1
87 111 1
87 113 1
87 115 1
87 120 1
87 127 1
87 128 1
87 140 1
88 92 1
88 93 1
88 105 1
88 129 1
88 143 1
88 144 1
88 153 1
89 96 1
89 98 1
89 101 1
89 108 1
89 109 1
89 112 1
89 116 1
89 119 1
89 120 1
89 135 1
89 137 1
89 156 1
89 159 1
90 102 1
90 110 1
90 141 1
90 145 1
90 153 1
91 96 1
91 97 1
91 103 1
91 113 1
91 122 1
91 131 1
91 141 1
91 146 1
91 148 1
91 154 1
92 98 1
92 100 1
92 110 1
92 112 1
92 119 1
92 124 1
92 130 1
92 138 1
92 139 1
92 143 1
92 146 1
93 94 1
93 96 1
93 103 1
93 107 1
93 110 1
93 115 1
93 117 1
93 119 1
93 124 1
93 128 1
93 140 1
93 142 1
93 145 1
93 153 1
93 158 1
94 98 1
94 108 1
94 141 1
94 143 1
94 145 1
94 149 1
94 158 1
95 103 1
95 104 1
95 106 1
95 121 1
95 122 1
95 145 1
95 149 1
95 158 1
96 98 1
96 99 1
96 104 1
96 109 1
96 118 1
96 128 1
96 139 1
96 145 1
97 100 1
97 108 1
97 111 1
97 119 1
97 125 1
97 128 1
97 129 1
97 132 1
97 147 1
98 107 1
98 127 1
98 139 1
98 142 1
98 146 1
99 116 1
99 147 1
99 149 1
100 107 1
100 109 1
100 120 1
100 122 1
100 124 1
100 153 1
100 155 1
101 105 1
101 108 1
101 120 1
101 131 1
101 137 1
101 139 1
101 142 1
101 153 1
101 157 1
101 158 1
102 107 1
102 113 1
102 122 1
102 137 1
102 148 1
102 152 1
103 105 1
103 122 1
103 136 1
103 143 1
103 145 1
103 148 1
104 105 1
104 106 1
104 113 1
104 125 1
104 137 1
104 139 1
104 140 1
104 143 1
104 145 1
104 150 1
104 156 1
104 157 1
105 108 1
105 149 1
105 158 1
106 108 1
106 110 1
106 115 1
106 118 1
106 137 1
106 139 1
106 158 1
107 108 1
107 110 1
108 110 1
108 115 1
108 121 1
108 123 1
108 126 1
108 132 1
108 134 1
108 139 1
108 141 1
108 158 1
109 115 1
109 116 1
110 119 1
110 130 1
110 134 1
110 147 1
110 150 1
110 155 1
110 157 1
111 112 1
111 118 1
111 128 1
111 136 1
111 138 1
111 147 1
111 153 1
111 158 1
112 117 1
112 119 1
112 134 1
112 136 1
112 138 1
112 140 1
112 144 1
113 140 1
113 146 1
113 150 1
113 151 1
113 154 1
114 143 1
114 148 1
114 151 1
114 158 1
115 121 1
115 133 1
115 142 1
115 144 1
115 153 1
116 118 1
116 121 1
116 133 1
116 136 1
116 139 1
116 143 1
116 156 1
117 126 1
117 142 1
117 146 1
117 158 1
118 121 1
118 127 1
118 129 1
118 135 1
118 138 1
118 142 1
118 149 1
119 129 1
119 135 1
119 142 1
119 147 1
119 156 1
120 136 1
120 149 1
120 150 1
120 157 1
121 130 1
121 145 1
121 147 1
121 154 1
122 124 1
122 125 1
122 128 1
122 135 1
122 141 1
122 153 1
122 155 1
123 125 1
123 129 1
123 141 1
123 147 1
123 148 1
123 151 1
123 158 1
124 125 1
124 135 1
124 136 1
124 138 1
124 142 1
124 149 1
124 156 1
125 127 1
125 144 1
125 151 1
126 131 1
126 146 1
127 143 1
127 144 1
127 150 1
127 153 1
127 157 1
128 133 1
128 140 1
128 141 1
128 146 1
128 154 1
129 133 1
129 147 1
130 141 1
130 153 1
130 157 1
130 158 1
130 159 1
131 152 1
132 144 1
132 145 1
133 141 1
133 150 1
134 140 1
134 142 1
134 149 1
135 137 1
135 144 1
135 152 1
136 139 1
136 141 1
136 142 1
136 152 1
136 153 1
136 155 1
136 156 1
137 143 1
137 146 1
137 153 1
138 148 1
138 157 1
138 159 1
139 146 1
141 151 1
142 148 1
142 157 1
142 158 1
143 152 1
143 159 1
144 147 1
144 153 1
144 155 1
145 150 1
145 152 1
145 154 1
145 158 1
146 150 1
146 154 1
146 155 1
146 157 1
147 149 1
147 158 1
148 150 1
148 155 1
149 153 1
150 159 1
151 158 1
151 159 1
153 155 1
153 159 1
154 157 1
1
148 13 94 110 95 137 123 109 106 150 67 113 54 87 119 9
