1052
0 9 1
0 11 1
0 31 1
0 33 1
0 34 1
0 37 1
0 40 1
0 43 1
0 48 1
0 49 1
0 52 1
0 82 1
0 88 1
0 89 1
0 95 1
0 97 1
0 100 1
0 103 1
0 106 1
1 11 1
1 12 1
1 17 1
1 30 1
1 31 1
1 38 1
1 55 1
1 67 1
1 70 1
1 80 1
1 81 1
1 87 1
1 91 1
1 92 1
1 100 1
1 102 1
1 108 1
2 17 1
2 18 1
2 31 1
2 48 1
2 49 1
2 62 1
2 74 1
2 79 1
2 87 1
2 97 1
2 107 1
3 4 1
3 8 1
3 16 1
3 21 1
3 26 1
3 28 1
3 33 1
3 34 1
3 35 1
3 38 1
3 39 1
3 65 1
3 75 1
3 78 1
3 99 1
3 107 1
4 12 1
4 13 1
4 17 1
4 27 1
4 29 1
4 30 1
4 46 1
4 49 1
4 51 1
4 56 1
4 57 1
4 59 1
4 70 1
4 85 1
4 87 1
4 88 1
4 90 1
4 97 1
4 108 1
4 109 1
5 9 1
5 14 1
5 20 1
5 21 1
5 22 1
5 29 1
5 33 1
5 35 1
5 43 1
5 45 1
5 46 1
5 50 1
5 52 1
5 59 1
5 60 1
5 68 1
5 73 1
5 81 1
5 100 1
5 107 1
6 9 1
6 22 1
6 33 1
6 45 1
6 47 1
6 48 1
6 52 1
6 53 1
6 58 1
6 59 1
6 61 1
6 69 1
6 71 1
6 79 1
6 83 1
6 89 1
6 94 1
6 96 1
6 98 1
6 106 1
7 11 1
7 12 1
7 17 1
7 20 1
7 21 1
7 40 1
7 47 1
7 53 1
7 59 1
7 63 1
7 65 1
7 66 1
7 70 1
7 71 1
7 77 1
7 88 1
7 90 1
7 94 1
7 96 1
7 98 1
7 104 1
8 22 1
8 25 1
8 29 1
8 32 1
8 42 1
8 44 1
8 51 1
8 56 1
8 57 1
8 63 1
8 66 1
8 69 1
8 70 1
8 71 1
8 77 1
8 93 1
8 98 1
8 100 1
8 101 1
9 14 1
9 18 1
9 20 1
9 22 1
9 23 1
9 31 1
9 42 1
9 55 1
9 58 1
9 59 1
9 62 1
9 64 1
9 72 1
9 74 1
9 75 1
9 78 1
9 86 1
9 91 1
9 93 1
9 95 1
9 98 1
9 105 1
10 18 1
10 30 1
10 35 1
10 50 1
10 53 1
10 54 1
10 57 1
10 68 1
10 79 1
10 84 1
10 86 1
10 89 1
10 91 1
10 93 1
10 97 1
10 101 1
10 105 1
11 28 1
11 40 1
11 57 1
11 62 1
11 63 1
11 64 1
11 69 1
11 70 1
11 72 1
11 73 1
11 74 1
11 78 1
11 87 1
11 90 1
11 91 1
11 92 1
11 93 1
11 96 1
11 104 1
11 106 1
12 15 1
12 16 1
12 20 1
12 33 1
12 36 1
12 40 1
12 43 1
12 63 1
12 67 1
12 73 1
12 77 1
12 79 1
12 86 1
12 89 1
13 21 1
13 23 1
13 26 1
13 28 1
13 30 1
13 33 1
13 47 1
13 48 1
13 52 1
13 54 1
13 61 1
13 64 1
13 73 1
13 74 1
13 84 1
13 89 1
13 96 1
13 100 1
13 101 1
13 102 1
13 103 1
13 107 1
14 16 1
14 22 1
14 29 1
14 41 1
14 50 1
14 51 1
14 52 1
14 55 1
14 57 1
14 62 1
14 70 1
14 80 1
14 82 1
14 85 1
14 87 1
14 97 1
15 19 1
15 25 1
15 38 1
15 39 1
15 42 1
15 46 1
15 60 1
15 63 1
15 66 1
15 69 1
15 70 1
15 77 1
15 82 1
15 86 1
15 87 1
15 90 1
15 94 1
15 102 1
15 109 1
16 23 1
16 33 1
16 35 1
16 42 1
16 46 1
16 57 1
16 61 1
16 68 1
16 73 1
16 74 1
16 77 1
16 84 1
16 94 1
16 100 1
16 108 1
17 26 1
17 28 1
17 30 1
17 42 1
17 57 1
17 59 1
17 62 1
17 66 1
17 72 1
17 76 1
17 77 1
17 79 1
17 81 1
17 89 1
17 91 1
17 98 1
17 99 1
17 105 1
17 106 1
18 24 1
18 26 1
18 33 1
18 34 1
18 42 1
18 48 1
18 53 1
18 56 1
18 62 1
18 66 1
18 67 1
18 80 1
18 83 1
18 85 1
18 86 1
18 87 1
18 90 1
18 97 1
18 99 1
18 102 1
19 21 1
19 40 1
19 44 1
19 45 1
19 50 1
19 57 1
19 61 1
19 69 1
19 73 1
19 74 1
19 75 1
19 77 1
19 78 1
19 79 1
19 81 1
19 88 1
19 94 1
19 95 1
19 97 1
19 99 1
19 104 1
19 105 1
19 109 1
20 31 1
20 33 1
20 34 1
20 44 1
20 45 1
20 46 1
20 51 1
20 57 1
20 58 1
20 64 1
20 66 1
20 71 1
20 74 1
20 80 1
20 85 1
20 87 1
20 88 1
20 95 1
20 103 1
20 105 1
21 27 1
21 32 1
21 37 1
21 40 1
21 43 1
21 48 1
21 60 1
21 67 1
21 85 1
21 86 1
21 91 1
21 93 1
21 102 1
22 23 1
22 25 1
22 43 1
22 48 1
22 49 1
22 52 1
22 54 1
22 59 1
22 66 1
22 71 1
22 73 1
22 77 1
22 85 1
22 87 1
22 91 1
22 95 1
22 98 1
22 99 1
22 108 1
23 32 1
23 33 1
23 35 1
23 55 1
23 56 1
23 58 1
23 63 1
23 73 1
23 82 1
23 83 1
23 87 1
23 88 1
23 89 1
23 90 1
23 91 1
23 98 1
23 99 1
23 108 1
24 25 1
24 29 1
24 47 1
24 53 1
24 55 1
24 59 1
24 67 1
24 69 1
24 73 1
24 98 1
24 99 1
24 100 1
24 103 1
24 107 1
25 33 1
25 34 1
25 45 1
25 50 1
25 58 1
25 63 1
25 68 1
25 70 1
25 72 1
25 77 1
25 78 1
25 81 1
25 83 1
25 85 1
25 86 1
25 106 1
25 109 1
26 40 1
26 47 1
26 49 1
26 51 1
26 54 1
26 56 1
26 57 1
26 74 1
26 79 1
26 89 1
26 90 1
26 95 1
26 103 1
26 106 1
27 49 1
27 51 1
27 60 1
27 62 1
27 63 1
27 71 1
27 81 1
27 82 1
27 94 1
27 109 1
28 35 1
28 54 1
28 59 1
28 60 1
28 63 1
28 68 1
28 71 1
28 74 1
28 75 1
28 76 1
28 79 1
28 86 1
28 97 1
29 43 1
29 44 1
29 50 1
29 53 1
29 72 1
29 76 1
29 81 1
29 82 1
29 86 1
29 91 1
29 100 1
30 70 1
30 75 1
30 77 1
30 84 1
30 96 1
30 97 1
30 99 1
30 107 1
31 39 1
31 40 1
31 43 1
31 48 1
31 49 1
31 50 1
31 55 1
31 64 1
31 66 1
31 69 1
31 71 1
31 82 1
31 90 1
31 96 1
31 97 1
32 48 1
32 49 1
32 53 1
32 57 1
32 64 1
32 65 1
32 67 1
32 70 1
32 80 1
32 81 1
32 90 1
32 91 1
32 101 1
33 36 1
33 42 1
33 51 1
33 53 1
33 58 1
33 61 1
33 63 1
33 64 1
33 77 1
33 81 1
33 94 1
33 97 1
34 42 1
34 48 1
34 51 1
34 53 1
34 57 1
34 58 1
34 64 1
34 65 1
34 66 1
34 67 1
34 68 1
34 75 1
34 86 1
34 88 1
34 90 1
34 92 1
34 93 1
34 98 1
34 103 1
35 39 1
35 42 1
35 51 1
35 54 1
35 65 1
35 70 1
35 71 1
35 72 1
35 83 1
35 92 1
35 104 1
36 44 1
36 49 1
36 55 1
36 57 1
36 65 1
36 67 1
36 73 1
36 74 1
36 80 1
36 83 1
36 85 1
36 102 1
36 104 1
36 107 1
36 108 1
37 42 1
37 48 1
37 61 1
37 66 1
37 83 1
37 86 1
37 87 1
37 105 1
38 42 1
38 43 1
38 45 1
38 83 1
38 92 1
38 95 1
38 97 1
38 105 1
38 108 1
39 44 1
39 54 1
39 59 1
39 76 1
39 78 1
39 79 1
39 81 1
39 94 1
39 97 1
39 103 1
40 42 1
40 47 1
40 49 1
40 50 1
40 68 1
40 76 1
40 77 1
40 79 1
40 89 1
40 93 1
40 94 1
41 45 1
41 46 1
41 55 1
41 62 1
41 67 1
41 75 1
41 86 1
41 109 1
42 44 1
42 45 1
42 46 1
42 50 1
42 52 1
42 58 1
42 59 1
42 60 1
42 67 1
42 70 1
42 72 1
42 73 1
42 81 1
42 83 1
42 92 1
42 96 1
42 101 1
42 104 1
42 108 1
43 49 1
43 55 1
43 57 1
43 68 1
43 75 1
43 76 1
43 85 1
43 94 1
44 48 1
44 50 1
44 54 1
44 60 1
44 62 1
44 65 1
44 76 1
44 78 1
44 79 1
44 80 1
44 83 1
44 86 1
44 97 1
44 101 1
44 106 1
45 53 1
45 60 1
45 64 1
45 65 1
45 75 1
45 83 1
45 92 1
45 94 1
45 98 1
45 99 1
46 48 1
46 51 1
46 53 1
46 65 1
46 69 1
46 77 1
46 83 1
46 89 1
46 94 1
46 102 1
47 50 1
47 56 1
47 60 1
47 66 1
47 72 1
47 78 1
47 81 1
47 83 1
47 104 1
47 105 1
48 49 1
48 56 1
48 64 1
48 66 1
48 68 1
48 72 1
48 73 1
48 78 1
48 90 1
48 94 1
48 95 1
48 98 1
48 106 1
48 107 1
48 108 1
49 59 1
49 62 1
49 64 1
49 70 1
49 73 1
49 80 1
49 81 1
49 85 1
49 97 1
50 58 1
50 79 1
50 96 1
50 104 1
51 52 1
51 56 1
51 59 1
51 63 1
51 66 1
51 77 1
51 80 1
51 88 1
51 90 1
51 91 1
51 93 1
51 95 1
51 97 1
51 98 1
51 105 1
51 106 1
52 53 1
52 63 1
52 69 1
52 80 1
52 87 1
52 91 1
52 92 1
52 93 1
52 94 1
52 100 1
52 101 1
52 104 1
52 107 1
53 77 1
53 78 1
53 80 1
53 84 1
53 87 1
53 92 1
53 96 1
53 103 1
54 65 1
54 69 1
54 75 1
54 77 1
54 78 1
54 83 1
54 85 1
54 86 1
54 90 1
54 91 1
54 97 1
54 98 1
54 100 1
54 102 1
55 65 1
55 72 1
55 78 1
55 89 1
55 94 1
55 106 1
55 108 1
56 63 1
56 71 1
56 72 1
56 78 1
56 81 1
56 83 1
56 98 1
56 100 1
57 60 1
57 68 1
57 80 1
57 86 1
57 93 1
57 96 1
57 97 1
58 70 1
58 85 1
58 87 1
58 90 1
58 91 1
58 96 1
58 101 1
59 65 1
59 70 1
59 81 1
59 87 1
59 89 1
59 90 1
59 91 1
59 97 1
59 103 1
59 105 1
60 64 1
60 69 1
60 84 1
60 91 1
60 107 1
60 109 1
61 65 1
61 68 1
61 70 1
61 73 1
61 76 1
61 83 1
61 88 1
61 89 1
61 93 1
61 96 1
61 99 1
61 108 1
61 109 1
62 91 1
62 92 1
62 95 1
62 96 1
62 98 1
62 102 1
62 109 1
63 70 1
63 72 1
63 96 1
63 103 1
64 66 1
64 67 1
64 68 1
64 70 1
64 71 1
64 75 1
64 87 1
64 91 1
64 92 1
64 96 1
64 102 1
65 75 1
65 82 1
65 86 1
65 88 1
65 93 1
65 100 1
66 71 1
66 79 1
66 86 1
66 88 1
66 93 1
66 94 1
66 97 1
66 102 1
66 103 1
67 71 1
67 80 1
67 82 1
67 91 1
67 93 1
67 96 1
67 107 1
68 85 1
68 92 1
68 94 1
68 95 1
68 99 1
68 104 1
69 70 1
69 74 1
69 76 1
69 82 1
69 83 1
69 85 1
69 92 1
69 99 1
69 104 1
70 76 1
70 88 1
70 91 1
70 93 1
70 94 1
70 99 1
70 108 1
71 85 1
71 88 1
71 90 1
71 98 1
71 103 1
71 106 1
71 107 1
71 108 1
72 84 1
72 86 1
72 91 1
72 94 1
72 101 1
72 103 1
72 104 1
72 109 1
73 83 1
73 89 1
73 91 1
73 99 1
74 107 1
75 78 1
75 83 1
75 93 1
75 101 1
75 104 1
75 107 1
76 77 1
76 80 1
76 99 1
76 109 1
77 78 1
77 80 1
77 85 1
77 94 1
77 95 1
77 104 1
78 79 1
78 86 1
78 101 1
78 109 1
79 98 1
79 104 1
79 105 1
79 107 1
80 81 1
80 84 1
80 85 1
80 86 1
80 92 1
80 97 1
80 105 1
81 90 1
81 95 1
81 98 1
81 100 1
81 101 1
81 104 1
82 88 1
82 91 1
82 97 1
83 92 1
83 96 1
83 97 1
83 98 1
83 100 1
83 107 1
84 85 1
84 89 1
84 93 1
84 100 1
84 102 1
84 103 1
85 102 1
86 90 1
86 91 1
86 106 1
86 107 1
86 109 1
87 92 1
87 99 1
87 103 1
87 104 1
87 108 1
88 97 1
88 104 1
88 107 1
89 90 1
89 93 1
89 98 1
90 99 1
90 100 1
90 107 1
91 92 1
91 97 1
91 104 1
91 109 1
92 93 1
92 95 1
92 96 1
92 98 1
93 101 1
93 105 1
93 108 1
93 109 1
94 96 1
94 97 1
94 104 1
96 101 1
96 102 1
96 105 1
96 106 1
96 107 1
97 105 1
97 107 1
100 102 1
100 108 1
103 107 1
106 109 1
1
21 49 91 35 43 100 46 98 61 72 41
