942
0 6 1
0 10 1
0 14 1
0 17 1
0 18 1
0 21 1
0 22 1
0 30 1
0 32 1
0 41 1
0 44 1
0 55 1
0 56 1
0 64 1
0 65 1
0 70 1
0 71 1
0 76 1
0 82 1
0 84 1
0 85 1
0 87 1
0 101 1
0 103 1
1 14 1
1 18 1
1 22 1
1 26 1
1 29 1
1 30 1
1 36 1
1 39 1
1 41 1
1 42 1
1 64 1
1 65 1
1 77 1
1 82 1
1 85 1
1 87 1
1 92 1
1 102 1
1 109 1
2 3 1
2 9 1
2 31 1
2 35 1
2 36 1
2 44 1
2 62 1
2 64 1
2 74 1
2 76 1
2 90 1
2 98 1
2 99 1
2 101 1
3 9 1
3 11 1
3 12 1
3 18 1
3 30 1
3 31 1
3 37 1
3 38 1
3 42 1
3 52 1
3 67 1
3 71 1
3 74 1
3 79 1
3 86 1
3 93 1
3 107 1
4 6 1
4 9 1
4 17 1
4 23 1
4 26 1
4 27 1
4 30 1
4 34 1
4 36 1
4 41 1
4 43 1
4 49 1
4 50 1
4 60 1
4 72 1
4 75 1
4 91 1
4 107 1
5 15 1
5 22 1
5 25 1
5 30 1
5 34 1
5 36 1
5 41 1
5 42 1
5 46 1
5 53 1
5 68 1
5 69 1
5 70 1
5 71 1
5 95 1
5 98 1
5 106 1
5 109 1
6 20 1
6 26 1
6 27 1
6 34 1
6 35 1
6 37 1
6 57 1
6 59 1
6 62 1
6 71 1
6 77 1
6 88 1
6 99 1
6 100 1
7 14 1
7 18 1
7 20 1
7 24 1
7 33 1
7 35 1
7 43 1
7 54 1
7 59 1
7 62 1
7 71 1
7 72 1
7 86 1
7 87 1
7 91 1
7 100 1
7 101 1
8 15 1
8 21 1
8 27 1
8 31 1
8 45 1
8 47 1
8 60 1
8 68 1
8 83 1
8 84 1
8 86 1
8 88 1
8 90 1
8 96 1
8 97 1
8 102 1
8 106 1
9 12 1
9 16 1
9 17 1
9 20 1
9 26 1
9 34 1
9 40 1
9 42 1
9 54 1
9 57 1
9 59 1
9 66 1
9 75 1
9 87 1
9 103 1
9 108 1
10 14 1
10 23 1
10 24 1
10 30 1
10 39 1
10 47 1
10 56 1
10 66 1
10 71 1
10 72 1
10 74 1
10 80 1
10 83 1
10 85 1
10 86 1
10 102 1
11 19 1
11 26 1
11 27 1
11 33 1
11 36 1
11 41 1
11 44 1
11 45 1
11 46 1
11 48 1
11 54 1
11 59 1
11 61 1
11 63 1
11 66 1
11 82 1
11 87 1
11 94 1
11 107 1
12 14 1
12 15 1
12 24 1
12 25 1
12 27 1
12 37 1
12 44 1
12 52 1
12 61 1
12 62 1
12 64 1
12 65 1
12 76 1
12 80 1
12 82 1
12 94 1
12 96 1
12 105 1
13 15 1
13 22 1
13 23 1
13 35 1
13 36 1
13 40 1
13 42 1
13 49 1
13 71 1
13 74 1
13 77 1
13 78 1
13 79 1
13 83 1
13 95 1
13 99 1
13 103 1
13 108 1
14 15 1
14 20 1
14 29 1
14 38 1
14 45 1
14 52 1
14 56 1
14 70 1
14 79 1
14 81 1
14 89 1
14 95 1
14 96 1
14 97 1
14 99 1
14 102 1
15 17 1
15 18 1
15 20 1
15 35 1
15 40 1
15 41 1
15 50 1
15 56 1
15 58 1
15 69 1
15 75 1
15 76 1
15 80 1
15 82 1
15 86 1
15 87 1
15 88 1
15 96 1
15 105 1
16 17 1
16 19 1
16 23 1
16 30 1
16 33 1
16 38 1
16 39 1
16 46 1
16 49 1
16 68 1
16 70 1
16 84 1
16 86 1
16 92 1
16 94 1
16 95 1
17 19 1
17 20 1
17 22 1
17 29 1
17 36 1
17 39 1
17 52 1
17 55 1
17 59 1
17 63 1
17 70 1
17 72 1
17 75 1
17 85 1
17 90 1
17 93 1
17 94 1
17 99 1
17 107 1
17 109 1
18 28 1
18 29 1
18 34 1
18 35 1
18 38 1
18 52 1
18 54 1
18 57 1
18 59 1
18 63 1
18 71 1
18 74 1
18 79 1
18 82 1
18 84 1
18 87 1
18 101 1
18 103 1
18 107 1
19 31 1
19 33 1
19 38 1
19 40 1
19 47 1
19 49 1
19 50 1
19 55 1
19 59 1
19 61 1
19 64 1
19 69 1
19 78 1
19 79 1
19 81 1
19 85 1
19 89 1
19 97 1
19 102 1
19 103 1
19 104 1
19 106 1
20 32 1
20 38 1
20 41 1
20 45 1
20 56 1
20 64 1
20 68 1
20 80 1
20 88 1
20 93 1
20 98 1
20 104 1
20 106 1
20 109 1
21 24 1
21 30 1
21 36 1
21 44 1
21 49 1
21 52 1
21 56 1
21 71 1
21 76 1
21 85 1
21 86 1
21 98 1
21 105 1
22 23 1
22 31 1
22 34 1
22 46 1
22 48 1
22 63 1
22 70 1
22 75 1
22 77 1
22 79 1
22 81 1
22 82 1
22 84 1
22 91 1
22 95 1
22 102 1
22 105 1
23 40 1
23 52 1
23 54 1
23 61 1
23 72 1
23 82 1
23 85 1
23 88 1
23 96 1
23 106 1
24 26 1
24 27 1
24 40 1
24 44 1
24 52 1
24 59 1
24 65 1
24 74 1
24 80 1
24 86 1
24 90 1
24 91 1
24 106 1
24 107 1
25 55 1
25 77 1
25 84 1
25 91 1
25 106 1
25 109 1
26 28 1
26 43 1
26 57 1
26 66 1
26 68 1
26 69 1
26 80 1
26 86 1
26 100 1
27 41 1
27 42 1
27 47 1
27 48 1
27 49 1
27 54 1
27 57 1
27 91 1
28 32 1
28 33 1
28 39 1
28 40 1
28 48 1
28 58 1
28 60 1
28 62 1
28 64 1
28 76 1
28 88 1
28 96 1
28 101 1
29 31 1
29 36 1
29 42 1
29 58 1
29 59 1
29 61 1
29 73 1
29 76 1
29 78 1
29 83 1
29 94 1
29 99 1
30 43 1
30 45 1
30 63 1
30 67 1
30 72 1
30 74 1
30 75 1
30 76 1
30 80 1
30 82 1
30 90 1
30 108 1
31 34 1
31 37 1
31 40 1
31 43 1
31 57 1
31 60 1
31 65 1
31 66 1
31 68 1
31 76 1
31 77 1
31 78 1
31 92 1
31 93 1
31 95 1
32 49 1
32 51 1
32 54 1
32 84 1
32 94 1
32 99 1
32 105 1
33 38 1
33 43 1
33 56 1
33 62 1
33 67 1
33 72 1
33 76 1
33 78 1
33 87 1
33 90 1
33 106 1
34 38 1
34 46 1
34 53 1
34 66 1
34 82 1
34 84 1
34 85 1
34 86 1
34 92 1
34 96 1
34 107 1
35 59 1
35 60 1
35 74 1
35 88 1
35 89 1
35 104 1
35 105 1
35 107 1
35 108 1
36 46 1
36 56 1
36 61 1
36 74 1
36 83 1
36 108 1
37 57 1
37 69 1
37 73 1
37 84 1
37 88 1
37 94 1
37 97 1
38 46 1
38 49 1
38 53 1
38 64 1
38 69 1
38 89 1
38 90 1
38 93 1
38 100 1
39 43 1
39 53 1
39 54 1
39 59 1
39 71 1
39 81 1
39 83 1
39 96 1
39 101 1
39 103 1
40 42 1
40 50 1
40 57 1
40 64 1
40 73 1
40 85 1
40 94 1
40 99 1
40 108 1
40 109 1
41 45 1
41 57 1
41 59 1
41 61 1
41 64 1
41 72 1
41 74 1
41 80 1
41 85 1
41 89 1
41 91 1
41 95 1
41 102 1
42 52 1
42 71 1
42 78 1
42 81 1
42 84 1
42 88 1
42 90 1
42 99 1
42 102 1
42 104 1
43 53 1
43 58 1
43 62 1
43 65 1
43 67 1
43 70 1
43 71 1
43 82 1
43 100 1
43 105 1
43 106 1
43 107 1
44 46 1
44 51 1
44 52 1
44 55 1
44 63 1
44 64 1
44 70 1
44 75 1
44 81 1
44 82 1
44 99 1
44 108 1
44 109 1
45 50 1
45 62 1
45 66 1
45 69 1
45 90 1
45 94 1
45 102 1
45 105 1
45 109 1
46 47 1
46 52 1
46 59 1
46 61 1
46 62 1
46 66 1
46 71 1
46 73 1
46 78 1
46 85 1
46 94 1
46 95 1
46 100 1
46 102 1
46 106 1
47 59 1
47 69 1
47 72 1
47 77 1
47 97 1
47 102 1
47 108 1
48 52 1
48 55 1
48 58 1
48 65 1
48 66 1
48 67 1
48 69 1
48 82 1
48 97 1
48 103 1
49 51 1
49 53 1
49 55 1
49 59 1
49 61 1
49 70 1
49 71 1
49 75 1
49 78 1
49 79 1
49 85 1
49 96 1
49 106 1
49 107 1
50 52 1
50 57 1
50 63 1
50 66 1
50 71 1
50 76 1
50 82 1
50 98 1
50 105 1
51 62 1
51 65 1
51 70 1
51 72 1
51 74 1
51 85 1
51 90 1
51 93 1
51 103 1
51 109 1
52 77 1
52 86 1
52 97 1
52 98 1
52 105 1
52 106 1
53 57 1
53 60 1
53 66 1
53 67 1
53 73 1
53 78 1
53 79 1
53 87 1
53 93 1
53 95 1
54 65 1
54 72 1
54 76 1
54 87 1
54 101 1
54 106 1
55 58 1
55 68 1
55 72 1
55 89 1
55 91 1
56 62 1
56 66 1
56 69 1
56 74 1
56 75 1
56 83 1
56 88 1
56 91 1
56 92 1
56 93 1
56 95 1
56 103 1
57 63 1
57 73 1
57 95 1
57 101 1
58 60 1
58 81 1
58 83 1
58 91 1
58 93 1
58 94 1
58 96 1
59 60 1
59 67 1
59 68 1
59 72 1
59 83 1
59 104 1
60 62 1
60 65 1
60 66 1
60 88 1
60 96 1
60 99 1
60 109 1
61 66 1
61 71 1
61 74 1
61 86 1
61 87 1
61 93 1
61 104 1
61 105 1
61 108 1
62 67 1
62 77 1
62 78 1
62 93 1
63 64 1
63 68 1
63 73 1
63 74 1
63 75 1
63 82 1
63 84 1
63 92 1
63 93 1
63 95 1
63 105 1
64 85 1
64 90 1
64 107 1
65 67 1
65 83 1
65 94 1
65 100 1
65 101 1
66 71 1
66 73 1
66 75 1
66 86 1
66 103 1
67 83 1
67 84 1
67 90 1
67 94 1
67 108 1
68 79 1
68 82 1
68 87 1
68 89 1
68 107 1
69 88 1
69 94 1
69 106 1
69 108 1
70 72 1
70 73 1
70 84 1
70 95 1
70 100 1
70 107 1
70 108 1
70 109 1
71 82 1
71 88 1
71 91 1
71 92 1
71 96 1
72 76 1
72 84 1
72 91 1
72 93 1
72 107 1
73 98 1
73 109 1
74 91 1
74 94 1
74 96 1
74 105 1
74 109 1
75 85 1
75 89 1
75 98 1
75 99 1
76 78 1
76 79 1
76 81 1
76 86 1
76 93 1
76 97 1
76 98 1
76 99 1
77 85 1
77 94 1
77 99 1
77 106 1
78 88 1
78 96 1
78 97 1
78 104 1
79 80 1
79 89 1
79 104 1
80 82 1
80 93 1
80 100 1
81 93 1
81 98 1
81 102 1
82 88 1
82 95 1
83 86 1
83 93 1
83 99 1
84 90 1
84 95 1
84 99 1
84 106 1
84 109 1
85 88 1
85 99 1
86 87 1
86 101 1
86 104 1
86 105 1
86 107 1
86 109 1
87 89 1
87 92 1
87 99 1
88 90 1
88 91 1
88 95 1
88 96 1
88 107 1
88 108 1
89 91 1
89 99 1
89 101 1
89 103 1
89 107 1
89 108 1
90 105 1
90 106 1
90 107 1
90 109 1
91 93 1
91 95 1
91 102 1
92 97 1
92 99 1
92 102 1
93 97 1
93 99 1
93 100 1
93 102 1
93 103 1
94 95 1
94 99 1
94 106 1
95 97 1
96 102 1
96 104 1
96 107 1
97 103 1
97 106 1
97 107 1
98 102 1
98 104 1
98 105 1
99 100 1
99 104 1
99 109 1
100 105 1
100 107 1
102 109 1
103 105 1
103 108 1
103 109 1
105 108 1
107 108 1
1
43 41 63 5 3 19 32 17 86 65 107
