1474
0 17 1
0 22 1
0 27 1
0 37 1
0 43 1
0 64 1
0 67 1
0 79 1
0 87 1
0 93 1
0 97 1
0 100 1
0 106 1
0 107 1
0 111 1
0 117 1
0 118 1
0 119 1
0 140 1
1 2 1
1 5 1
1 11 1
1 17 1
1 18 1
1 32 1
1 33 1
1 52 1
1 63 1
1 73 1
1 83 1
1 84 1
1 86 1
1 104 1
1 110 1
1 113 1
1 125 1
1 126 1
1 132 1
1 139 1
1 140 1
1 146 1
2 12 1
2 14 1
2 16 1
2 24 1
2 33 1
2 54 1
2 79 1
2 81 1
2 83 1
2 102 1
2 110 1
2 128 1
2 135 1
2 138 1
2 139 1
2 141 1
3 11 1
3 12 1
3 18 1
3 19 1
3 23 1
3 30 1
3 35 1
3 38 1
3 42 1
3 44 1
3 45 1
3 46 1
3 51 1
3 52 1
3 53 1
3 59 1
3 66 1
3 69 1
3 82 1
3 98 1
3 100 1
3 106 1
3 113 1
3 119 1
3 125 1
3 129 1
3 133 1
3 140 1
3 142 1
3 144 1
3 145 1
3 149 1
4 17 1
4 26 1
4 39 1
4 47 1
4 48 1
4 52 1
4 56 1
4 63 1
4 69 1
4 82 1
4 84 1
4 86 1
4 89 1
4 95 1
4 98 1
4 105 1
4 106 1
4 132 1
4 145 1
5 18 1
5 28 1
5 29 1
5 38 1
5 40 1
5 41 1
5 42 1
5 45 1
5 46 1
5 49 1
5 59 1
5 60 1
5 63 1
5 85 1
5 90 1
5 99 1
5 100 1
5 105 1
5 131 1
5 143 1
5 145 1
6 13 1
6 15 1
6 22 1
6 23 1
6 28 1
6 29 1
6 36 1
6 43 1
6 46 1
6 57 1
6 58 1
6 74 1
6 78 1
6 80 1
6 104 1
6 105 1
6 106 1
6 111 1
6 127 1
6 135 1
6 138 1
6 142 1
7 14 1
7 32 1
7 35 1
7 37 1
7 38 1
7 39 1
7 56 1
7 65 1
7 76 1
7 83 1
7 89 1
7 92 1
7 96 1
7 99 1
7 103 1
7 104 1
7 107 1
7 114 1
7 118 1
7 124 1
7 137 1
7 138 1
7 141 1
7 148 1
8 19 1
8 24 1
8 28 1
8 30 1
8 33 1
8 35 1
8 36 1
8 45 1
8 47 1
8 61 1
8 78 1
8 106 1
8 108 1
8 117 1
8 127 1
8 131 1
8 136 1
8 139 1
8 146 1
9 10 1
9 13 1
9 14 1
9 19 1
9 26 1
9 29 1
9 54 1
9 62 1
9 64 1
9 67 1
9 73 1
9 74 1
9 87 1
9 100 1
9 114 1
9 125 1
9 132 1
9 145 1
9 147 1
10 25 1
10 38 1
10 40 1
10 43 1
10 44 1
10 70 1
10 83 1
10 88 1
10 89 1
10 90 1
10 109 1
10 111 1
10 117 1
10 118 1
10 134 1
10 139 1
10 141 1
11 15 1
11 31 1
11 38 1
11 46 1
11 55 1
11 56 1
11 57 1
11 62 1
11 73 1
11 83 1
11 84 1
11 89 1
11 94 1
11 101 1
11 141 1
12 15 1
12 40 1
12 50 1
12 58 1
12 59 1
12 60 1
12 65 1
12 67 1
12 80 1
12 96 1
12 123 1
12 125 1
13 15 1
13 20 1
13 24 1
13 28 1
13 29 1
13 32 1
13 49 1
13 55 1
13 58 1
13 59 1
13 65 1
13 67 1
13 68 1
13 71 1
13 81 1
13 87 1
13 92 1
13 100 1
13 102 1
13 103 1
13 110 1
13 131 1
13 143 1
14 19 1
14 22 1
14 28 1
14 33 1
14 37 1
14 42 1
14 43 1
14 47 1
14 48 1
14 52 1
14 72 1
14 82 1
14 88 1
14 90 1
14 94 1
14 100 1
14 102 1
14 104 1
14 107 1
14 108 1
14 110 1
14 116 1
14 125 1
14 126 1
14 128 1
14 136 1
14 145 1
15 20 1
15 28 1
15 49 1
15 52 1
15 53 1
15 55 1
15 72 1
15 76 1
15 81 1
15 96 1
15 109 1
15 111 1
15 112 1
15 113 1
15 116 1
15 121 1
15 123 1
16 17 1
16 20 1
16 24 1
16 37 1
16 62 1
16 64 1
16 67 1
16 75 1
16 78 1
16 80 1
16 98 1
16 129 1
16 130 1
16 132 1
16 133 1
16 146 1
17 18 1
17 59 1
17 63 1
17 67 1
17 70 1
17 81 1
17 89 1
17 101 1
17 114 1
17 124 1
17 125 1
17 132 1
18 21 1
18 26 1
18 29 1
18 40 1
18 47 1
18 70 1
18 85 1
18 86 1
18 94 1
18 103 1
18 107 1
18 114 1
18 121 1
18 133 1
18 134 1
18 140 1
18 144 1
19 30 1
19 32 1
19 48 1
19 50 1
19 54 1
19 59 1
19 78 1
19 82 1
19 90 1
19 103 1
19 106 1
19 114 1
19 120 1
19 123 1
19 140 1
19 143 1
20 45 1
20 58 1
20 67 1
20 74 1
20 112 1
20 124 1
20 127 1
20 131 1
20 140 1
21 39 1
21 48 1
21 55 1
21 59 1
21 70 1
21 75 1
21 104 1
21 127 1
21 132 1
21 149 1
22 30 1
22 34 1
22 37 1
22 47 1
22 61 1
22 62 1
22 65 1
22 66 1
22 81 1
22 87 1
22 91 1
22 92 1
22 105 1
22 110 1
22 112 1
22 114 1
22 118 1
22 123 1
22 131 1
23 38 1
23 44 1
23 47 1
23 63 1
23 73 1
23 74 1
23 81 1
23 83 1
23 85 1
23 96 1
23 109 1
23 111 1
23 127 1
24 32 1
24 51 1
24 55 1
24 58 1
24 65 1
24 68 1
24 73 1
24 83 1
24 91 1
24 97 1
24 118 1
24 128 1
24 130 1
24 134 1
25 28 1
25 35 1
25 43 1
25 53 1
25 61 1
25 69 1
25 75 1
25 84 1
25 87 1
25 92 1
25 97 1
25 101 1
25 103 1
25 132 1
26 31 1
26 35 1
26 38 1
26 39 1
26 40 1
26 41 1
26 46 1
26 48 1
26 51 1
26 56 1
26 64 1
26 69 1
26 70 1
26 87 1
26 90 1
26 92 1
26 95 1
26 114 1
26 120 1
26 125 1
26 129 1
26 130 1
26 137 1
26 141 1
27 49 1
27 50 1
27 59 1
27 62 1
27 70 1
27 88 1
27 97 1
27 108 1
27 109 1
27 114 1
27 116 1
27 119 1
27 130 1
27 131 1
27 133 1
27 137 1
27 138 1
27 139 1
27 143 1
27 144 1
27 146 1
27 147 1
28 61 1
28 67 1
28 73 1
28 77 1
28 78 1
28 91 1
28 95 1
28 101 1
28 106 1
28 108 1
28 110 1
28 113 1
28 118 1
28 129 1
28 146 1
29 34 1
29 39 1
29 59 1
29 85 1
29 87 1
29 88 1
29 97 1
29 102 1
29 105 1
29 106 1
29 111 1
29 116 1
29 117 1
29 138 1
29 143 1
30 32 1
30 37 1
30 40 1
30 48 1
30 56 1
30 58 1
30 69 1
30 71 1
30 102 1
30 125 1
30 138 1
30 144 1
30 145 1
30 147 1
31 32 1
31 40 1
31 50 1
31 66 1
31 69 1
31 98 1
31 101 1
31 102 1
31 107 1
31 116 1
31 125 1
31 137 1
31 143 1
32 40 1
32 58 1
32 65 1
32 66 1
32 79 1
32 86 1
32 92 1
32 97 1
32 105 1
32 135 1
32 139 1
33 39 1
33 41 1
33 45 1
33 48 1
33 76 1
33 87 1
33 91 1
33 100 1
33 106 1
33 112 1
33 114 1
33 119 1
33 124 1
33 128 1
33 136 1
33 138 1
33 141 1
34 49 1
34 60 1
34 80 1
34 89 1
34 91 1
34 92 1
34 93 1
34 95 1
34 97 1
34 99 1
34 117 1
34 118 1
34 121 1
35 38 1
35 42 1
35 45 1
35 57 1
35 58 1
35 62 1
35 67 1
35 73 1
35 77 1
35 82 1
35 95 1
35 96 1
35 129 1
35 131 1
35 136 1
35 138 1
35 145 1
35 147 1
36 43 1
36 44 1
36 60 1
36 63 1
36 68 1
36 72 1
36 85 1
36 87 1
36 91 1
36 94 1
36 99 1
36 100 1
36 106 1
36 108 1
36 135 1
37 51 1
37 55 1
37 57 1
37 75 1
37 76 1
37 81 1
37 89 1
37 91 1
37 97 1
37 107 1
37 113 1
37 118 1
37 124 1
37 126 1
37 127 1
37 136 1
37 144 1
38 42 1
38 49 1
38 57 1
38 62 1
38 85 1
38 98 1
38 107 1
38 114 1
38 120 1
38 122 1
38 130 1
38 133 1
38 141 1
38 144 1
39 50 1
39 74 1
39 79 1
39 93 1
39 94 1
39 99 1
39 107 1
39 112 1
39 125 1
39 127 1
39 128 1
39 138 1
39 143 1
39 146 1
40 48 1
40 49 1
40 56 1
40 67 1
40 84 1
40 88 1
40 89 1
40 95 1
40 101 1
40 105 1
40 111 1
40 114 1
40 118 1
40 120 1
40 129 1
40 130 1
40 138 1
40 145 1
40 146 1
41 51 1
41 60 1
41 78 1
41 102 1
41 106 1
41 113 1
41 124 1
41 137 1
42 49 1
42 53 1
42 56 1
42 58 1
42 61 1
42 64 1
42 70 1
42 80 1
42 86 1
42 104 1
42 106 1
42 107 1
42 115 1
42 119 1
42 135 1
43 47 1
43 48 1
43 51 1
43 57 1
43 61 1
43 64 1
43 70 1
43 77 1
43 90 1
43 94 1
43 97 1
43 101 1
43 117 1
43 120 1
43 130 1
43 133 1
43 138 1
43 139 1
43 145 1
44 72 1
44 96 1
44 109 1
44 116 1
44 128 1
44 130 1
45 46 1
45 47 1
45 51 1
45 57 1
45 64 1
45 66 1
45 68 1
45 95 1
45 103 1
45 104 1
45 110 1
45 111 1
46 47 1
46 48 1
46 49 1
46 74 1
46 99 1
46 101 1
46 102 1
46 105 1
46 118 1
46 119 1
46 125 1
46 144 1
47 49 1
47 53 1
47 64 1
47 73 1
47 76 1
47 77 1
47 100 1
47 107 1
47 114 1
47 117 1
47 125 1
47 127 1
47 130 1
47 136 1
48 51 1
48 52 1
48 68 1
48 73 1
48 77 1
48 79 1
48 82 1
48 84 1
48 96 1
48 109 1
48 119 1
48 121 1
48 123 1
48 145 1
48 146 1
49 51 1
49 60 1
49 63 1
49 74 1
49 91 1
49 128 1
49 131 1
49 139 1
49 147 1
50 53 1
50 54 1
50 71 1
50 77 1
50 84 1
50 90 1
50 94 1
50 100 1
50 113 1
50 114 1
50 122 1
50 130 1
50 142 1
50 149 1
51 52 1
51 73 1
51 80 1
51 81 1
51 85 1
51 91 1
51 94 1
51 111 1
51 117 1
51 121 1
51 141 1
52 66 1
52 75 1
52 76 1
52 78 1
52 83 1
52 90 1
52 104 1
52 105 1
52 108 1
52 111 1
52 113 1
52 123 1
52 143 1
52 149 1
53 68 1
53 69 1
53 70 1
53 86 1
53 87 1
53 94 1
53 101 1
53 115 1
53 117 1
53 123 1
53 131 1
54 59 1
54 71 1
54 79 1
54 83 1
54 88 1
54 89 1
54 103 1
54 106 1
54 108 1
54 111 1
54 115 1
54 128 1
54 131 1
54 132 1
55 61 1
55 70 1
55 72 1
55 86 1
55 95 1
55 111 1
55 124 1
55 128 1
55 130 1
55 141 1
56 64 1
56 87 1
56 89 1
56 90 1
56 94 1
56 100 1
56 102 1
56 112 1
57 59 1
57 65 1
57 71 1
57 72 1
57 93 1
57 99 1
57 105 1
57 116 1
57 120 1
57 130 1
57 137 1
57 144 1
57 148 1
58 67 1
58 93 1
58 98 1
58 101 1
58 110 1
58 116 1
58 120 1
58 121 1
58 129 1
58 130 1
58 137 1
58 144 1
59 61 1
59 67 1
59 99 1
59 106 1
59 107 1
59 109 1
59 117 1
59 132 1
59 135 1
59 140 1
59 144 1
59 146 1
60 82 1
60 88 1
60 91 1
60 94 1
60 97 1
60 106 1
60 108 1
60 111 1
60 137 1
60 146 1
60 147 1
61 67 1
61 74 1
61 80 1
61 93 1
61 100 1
61 101 1
61 109 1
61 118 1
61 134 1
61 138 1
61 144 1
61 148 1
62 63 1
62 74 1
62 77 1
62 79 1
62 95 1
62 99 1
62 125 1
62 128 1
62 136 1
62 144 1
62 146 1
63 69 1
63 73 1
63 75 1
63 84 1
63 86 1
63 91 1
63 96 1
63 104 1
63 113 1
63 146 1
63 149 1
64 68 1
64 72 1
64 79 1
64 93 1
64 111 1
64 113 1
64 130 1
64 138 1
64 149 1
65 78 1
65 88 1
65 93 1
65 94 1
65 96 1
65 101 1
65 102 1
65 119 1
65 122 1
65 130 1
65 131 1
65 137 1
65 143 1
66 71 1
66 81 1
66 88 1
66 90 1
66 91 1
66 92 1
66 103 1
66 104 1
66 112 1
66 113 1
66 125 1
66 130 1
66 138 1
66 140 1
66 144 1
66 145 1
67 84 1
67 85 1
67 86 1
67 91 1
67 92 1
67 95 1
67 96 1
67 118 1
67 135 1
67 138 1
68 76 1
68 78 1
68 81 1
68 94 1
68 96 1
68 106 1
68 113 1
68 118 1
68 124 1
69 74 1
69 78 1
69 92 1
69 103 1
69 104 1
69 107 1
69 108 1
69 123 1
69 124 1
69 133 1
69 145 1
69 149 1
70 71 1
70 73 1
70 74 1
70 83 1
70 87 1
70 115 1
70 121 1
70 124 1
70 126 1
71 75 1
71 76 1
71 93 1
71 94 1
71 102 1
71 121 1
71 126 1
71 128 1
71 134 1
71 135 1
71 144 1
71 147 1
72 77 1
72 83 1
72 97 1
72 100 1
72 114 1
72 116 1
72 118 1
72 141 1
72 142 1
72 144 1
72 146 1
72 149 1
73 91 1
73 94 1
73 121 1
73 131 1
73 145 1
74 82 1
74 92 1
74 108 1
74 113 1
74 116 1
74 119 1
74 122 1
74 127 1
74 132 1
74 134 1
74 135 1
74 142 1
74 146 1
74 147 1
74 148 1
75 88 1
75 90 1
75 91 1
75 92 1
75 95 1
75 113 1
75 137 1
76 89 1
76 101 1
76 108 1
76 128 1
76 129 1
76 133 1
76 137 1
76 138 1
77 86 1
77 116 1
77 126 1
77 130 1
77 133 1
77 144 1
78 80 1
78 88 1
78 90 1
78 100 1
78 101 1
78 116 1
78 118 1
78 128 1
78 141 1
78 144 1
78 147 1
79 89 1
79 90 1
79 106 1
79 109 1
79 113 1
79 116 1
79 118 1
79 128 1
79 129 1
79 135 1
80 103 1
80 104 1
80 106 1
80 121 1
80 130 1
80 137 1
80 145 1
81 88 1
81 91 1
81 96 1
81 104 1
81 108 1
81 111 1
81 135 1
81 140 1
81 147 1
81 148 1
81 149 1
82 91 1
82 92 1
82 95 1
82 113 1
82 120 1
82 122 1
82 130 1
82 140 1
82 149 1
83 95 1
83 96 1
83 100 1
83 110 1
83 115 1
83 119 1
83 125 1
83 126 1
83 127 1
84 93 1
84 94 1
84 95 1
84 114 1
84 117 1
84 132 1
84 136 1
84 138 1
84 140 1
84 145 1
84 148 1
85 87 1
85 89 1
85 92 1
85 95 1
85 98 1
85 133 1
85 137 1
86 90 1
86 103 1
86 107 1
86 109 1
86 118 1
86 121 1
86 125 1
86 148 1
87 92 1
87 98 1
87 102 1
87 108 1
87 110 1
87 118 1
87 132 1
87 145 1
88 100 1
88 104 1
88 108 1
88 110 1
88 113 1
88 118 1
88 140 1
88 143 1
89 101 1
89 108 1
89 118 1
89 122 1
89 126 1
89 127 1
89 136 1
90 97 1
90 99 1
90 112 1
90 122 1
90 133 1
90 142 1
90 144 1
90 149 1
91 92 1
91 101 1
91 105 1
91 131 1
91 145 1
92 103 1
92 107 1
92 108 1
92 112 1
92 149 1
93 94 1
93 95 1
93 110 1
93 113 1
93 117 1
93 124 1
93 125 1
93 128 1
93 131 1
93 137 1
93 142 1
93 146 1
93 147 1
94 97 1
94 113 1
94 119 1
94 122 1
94 131 1
94 132 1
94 139 1
94 141 1
95 110 1
95 113 1
95 116 1
95 129 1
95 137 1
95 143 1
95 144 1
96 101 1
96 146 1
96 149 1
97 140 1
98 103 1
98 108 1
98 124 1
98 130 1
98 143 1
98 146 1
98 148 1
99 100 1
99 107 1
99 110 1
99 118 1
99 121 1
99 134 1
99 139 1
99 147 1
99 148 1
100 102 1
100 110 1
100 115 1
100 117 1
100 120 1
100 132 1
100 134 1
100 137 1
100 138 1
100 145 1
100 146 1
101 103 1
101 109 1
101 113 1
101 114 1
101 121 1
101 124 1
101 135 1
101 140 1
101 142 1
102 106 1
102 109 1
102 114 1
102 127 1
102 130 1
102 137 1
103 113 1
103 117 1
103 120 1
103 128 1
103 144 1
104 109 1
104 117 1
104 142 1
105 106 1
105 109 1
105 135 1
105 145 1
106 114 1
106 115 1
106 124 1
106 130 1
106 137 1
106 145 1
106 146 1
106 149 1
107 111 1
107 115 1
107 117 1
107 132 1
107 134 1
107 135 1
107 138 1
107 139 1
107 146 1
108 116 1
108 122 1
108 123 1
108 128 1
108 129 1
108 133 1
108 136 1
108 138 1
108 140 1
108 147 1
109 122 1
109 123 1
109 136 1
110 113 1
110 115 1
110 126 1
110 129 1
110 133 1
110 141 1
110 142 1
110 147 1
111 113 1
111 137 1
111 140 1
112 130 1
112 142 1
112 149 1
113 122 1
113 124 1
114 117 1
114 121 1
114 140 1
114 141 1
115 123 1
115 124 1
115 128 1
115 130 1
115 139 1
115 140 1
115 145 1
116 124 1
116 142 1
117 118 1
117 121 1
117 128 1
117 140 1
117 143 1
117 148 1
119 129 1
119 136 1
119 141 1
119 143 1
119 146 1
120 121 1
120 123 1
120 132 1
120 137 1
121 127 1
121 137 1
121 143 1
121 144 1
122 124 1
122 128 1
122 132 1
122 134 1
122 136 1
122 141 1
122 142 1
123 125 1
123 137 1
123 138 1
123 139 1
123 141 1
123 142 1
124 132 1
124 138 1
124 143 1
125 137 1
125 144 1
126 128 1
126 132 1
126 143 1
127 128 1
128 136 1
128 138 1
128 142 1
128 143 1
128 145 1
129 133 1
129 146 1
129 149 1
131 136 1
131 143 1
131 146 1
131 148 1
132 136 1
132 148 1
133 134 1
133 149 1
134 135 1
134 138 1
134 141 1
134 144 1
135 140 1
135 142 1
135 143 1
136 137 1
136 138 1
136 145 1
137 141 1
137 149 1
138 142 1
138 148 1
139 141 1
139 145 1
139 146 1
140 142 1
140 145 1
141 142 1
141 147 1
143 147 1
143 148 1
143 149 1
145 148 1
146 148 1
1
21 24 92 49 82 30 2 35 112 64 141 60 0 5 131
