287
0 1 1
0 2 1
0 9 1
0 16 1
0 17 1
0 20 1
0 23 1
0 29 1
0 31 1
0 33 1
0 34 1
0 35 1
0 36 1
1 2 1
1 3 1
1 4 1
1 7 1
1 8 1
1 9 1
1 13 1
1 14 1
1 15 1
1 17 1
1 19 1
1 20 1
1 21 1
1 27 1
1 28 1
1 32 1
1 33 1
1 34 1
1 35 1
2 4 1
2 5 1
2 8 1
2 11 1
2 13 1
2 14 1
2 19 1
2 22 1
2 24 1
2 25 1
2 26 1
2 29 1
2 33 1
2 34 1
2 37 1
3 5 1
3 6 1
3 10 1
3 11 1
3 13 1
3 15 1
3 17 1
3 20 1
3 24 1
3 27 1
3 31 1
3 32 1
3 34 1
3 36 1
3 37 1
3 38 1
4 6 1
4 13 1
4 15 1
4 18 1
4 20 1
4 23 1
4 25 1
4 26 1
4 27 1
4 28 1
4 29 1
4 31 1
4 34 1
4 35 1
4 36 1
4 38 1
5 6 1
5 13 1
5 14 1
5 22 1
5 24 1
5 27 1
5 28 1
5 34 1
5 36 1
5 38 1
5 39 1
6 9 1
6 12 1
6 13 1
6 15 1
6 16 1
6 17 1
6 18 1
6 20 1
6 24 1
6 25 1
6 28 1
6 35 1
6 36 1
6 37 1
7 9 1
7 10 1
7 16 1
7 26 1
7 27 1
7 29 1
7 32 1
7 36 1
7 39 1
8 12 1
8 15 1
8 16 1
8 22 1
8 25 1
8 27 1
8 29 1
8 30 1
8 33 1
8 34 1
8 37 1
8 38 1
9 11 1
9 16 1
9 24 1
9 25 1
9 28 1
9 29 1
9 30 1
9 36 1
10 13 1
10 15 1
10 17 1
10 19 1
10 23 1
10 24 1
10 25 1
10 28 1
10 32 1
10 35 1
10 38 1
11 14 1
11 16 1
11 17 1
11 21 1
11 27 1
11 33 1
11 34 1
11 35 1
11 36 1
11 38 1
12 13 1
12 17 1
12 27 1
12 29 1
12 36 1
12 37 1
12 38 1
12 39 1
13 15 1
13 17 1
13 18 1
13 19 1
13 23 1
13 24 1
13 27 1
13 28 1
13 30 1
13 38 1
13 39 1
14 17 1
14 22 1
14 23 1
14 24 1
14 26 1
14 27 1
14 32 1
14 35 1
14 37 1
14 39 1
15 17 1
15 18 1
15 20 1
15 23 1
15 24 1
15 30 1
15 32 1
15 33 1
15 38 1
16 20 1
16 29 1
16 30 1
16 31 1
16 33 1
16 36 1
16 37 1
16 38 1
17 20 1
17 21 1
17 24 1
17 28 1
17 30 1
17 33 1
17 35 1
17 37 1
18 20 1
18 23 1
18 28 1
18 31 1
18 33 1
18 34 1
18 35 1
18 37 1
19 21 1
19 27 1
19 28 1
19 30 1
19 34 1
19 37 1
20 21 1
20 22 1
20 24 1
20 26 1
20 28 1
20 35 1
20 38 1
20 39 1
21 22 1
21 31 1
21 32 1
21 33 1
21 37 1
21 38 1
21 39 1
22 24 1
22 31 1
22 32 1
22 35 1
22 36 1
22 39 1
23 25 1
23 26 1
23 27 1
23 29 1
23 30 1
23 38 1
23 39 1
24 30 1
24 34 1
24 35 1
24 36 1
25 26 1
25 32 1
25 33 1
25 34 1
25 37 1
25 38 1
26 30 1
26 33 1
26 37 1
26 38 1
27 29 1
27 32 1
27 39 1
28 29 1
28 33 1
28 34 1
28 37 1
29 32 1
29 33 1
29 36 1
30 34 1
30 35 1
30 38 1
31 32 1
31 34 1
31 37 1
32 36 1
33 34 1
33 36 1
33 37 1
35 39 1
36 39 1
38 39 1
1
11 26 16 2
