1876
0 3 1
0 6 1
0 21 1
0 35 1
0 36 1
0 37 1
0 45 1
0 49 1
0 52 1
0 56 1
0 62 1
0 75 1
0 79 1
0 86 1
0 89 1
0 115 1
0 116 1
0 127 1
0 133 1
0 144 1
0 149 1
0 151 1
0 154 1
0 155 1
0 158 1
0 166 1
0 168 1
0 169 1
0 172 1
0 173 1
1 8 1
1 13 1
1 16 1
1 44 1
1 47 1
1 51 1
1 58 1
1 59 1
1 75 1
1 81 1
1 88 1
1 100 1
1 101 1
1 105 1
1 114 1
1 118 1
1 121 1
1 139 1
1 161 1
1 166 1
1 179 1
2 6 1
2 8 1
2 17 1
2 32 1
2 39 1
2 48 1
2 56 1
2 61 1
2 64 1
2 71 1
2 80 1
2 86 1
2 93 1
2 97 1
2 119 1
2 126 1
2 133 1
2 137 1
2 147 1
2 149 1
2 158 1
2 167 1
2 168 1
2 175 1
3 7 1
3 14 1
3 18 1
3 20 1
3 35 1
3 62 1
3 65 1
3 71 1
3 76 1
3 111 1
3 135 1
3 138 1
3 144 1
3 147 1
3 166 1
4 11 1
4 12 1
4 34 1
4 37 1
4 41 1
4 47 1
4 54 1
4 55 1
4 112 1
4 115 1
4 122 1
4 126 1
4 131 1
4 141 1
4 142 1
4 143 1
4 153 1
4 154 1
4 158 1
4 171 1
4 175 1
5 11 1
5 15 1
5 16 1
5 28 1
5 31 1
5 34 1
5 35 1
5 37 1
5 47 1
5 54 1
5 56 1
5 59 1
5 73 1
5 88 1
5 93 1
5 94 1
5 115 1
5 129 1
5 131 1
5 153 1
5 154 1
5 176 1
6 11 1
6 16 1
6 22 1
6 41 1
6 54 1
6 58 1
6 66 1
6 69 1
6 78 1
6 83 1
6 99 1
6 117 1
6 120 1
6 124 1
6 129 1
6 133 1
6 134 1
6 138 1
6 142 1
6 153 1
6 159 1
6 164 1
6 168 1
7 10 1
7 28 1
7 41 1
7 43 1
7 73 1
7 75 1
7 85 1
7 90 1
7 95 1
7 104 1
7 140 1
7 160 1
8 16 1
8 24 1
8 38 1
8 46 1
8 59 1
8 70 1
8 79 1
8 80 1
8 86 1
8 92 1
8 99 1
8 117 1
8 119 1
8 122 1
8 127 1
8 134 1
8 138 1
8 154 1
8 155 1
8 160 1
8 161 1
8 163 1
8 167 1
8 174 1
9 12 1
9 22 1
9 25 1
9 29 1
9 34 1
9 40 1
9 51 1
9 60 1
9 61 1
9 63 1
9 68 1
9 73 1
9 81 1
9 86 1
9 96 1
9 97 1
9 99 1
9 100 1
9 103 1
9 110 1
9 116 1
9 124 1
9 129 1
9 142 1
9 149 1
9 151 1
10 12 1
10 35 1
10 39 1
10 71 1
10 81 1
10 83 1
10 90 1
10 94 1
10 100 1
10 104 1
10 119 1
10 124 1
10 145 1
10 154 1
10 155 1
10 163 1
10 172 1
10 173 1
11 12 1
11 15 1
11 32 1
11 34 1
11 50 1
11 59 1
11 62 1
11 71 1
11 76 1
11 82 1
11 83 1
11 85 1
11 90 1
11 118 1
11 119 1
11 125 1
11 126 1
11 127 1
11 129 1
11 135 1
11 136 1
11 137 1
11 148 1
11 155 1
11 161 1
11 164 1
11 168 1
11 174 1
11 176 1
12 27 1
12 29 1
12 34 1
12 64 1
12 69 1
12 71 1
12 75 1
12 83 1
12 90 1
12 99 1
12 101 1
12 105 1
12 108 1
12 112 1
12 119 1
12 136 1
12 137 1
12 138 1
12 163 1
12 176 1
13 14 1
13 19 1
13 25 1
13 28 1
13 31 1
13 52 1
13 59 1
13 65 1
13 66 1
13 80 1
13 106 1
13 116 1
13 147 1
13 164 1
14 16 1
14 17 1
14 18 1
14 31 1
14 33 1
14 34 1
14 44 1
14 59 1
14 80 1
14 87 1
14 99 1
14 107 1
14 121 1
14 131 1
14 139 1
14 144 1
14 168 1
14 178 1
15 20 1
15 26 1
15 29 1
15 33 1
15 34 1
15 37 1
15 60 1
15 62 1
15 71 1
15 75 1
15 98 1
15 100 1
15 108 1
15 122 1
15 130 1
15 131 1
15 138 1
15 141 1
15 150 1
15 151 1
15 163 1
15 164 1
15 169 1
15 170 1
15 177 1
16 27 1
16 36 1
16 43 1
16 53 1
16 61 1
16 71 1
16 76 1
16 77 1
16 102 1
16 110 1
16 116 1
16 128 1
16 134 1
16 135 1
16 149 1
16 152 1
16 172 1
16 177 1
17 46 1
17 47 1
17 49 1
17 55 1
17 58 1
17 73 1
17 78 1
17 82 1
17 84 1
17 87 1
17 91 1
17 103 1
17 127 1
17 131 1
17 139 1
17 160 1
17 174 1
18 21 1
18 30 1
18 32 1
18 39 1
18 40 1
18 43 1
18 56 1
18 72 1
18 80 1
18 81 1
18 89 1
18 91 1
18 94 1
18 96 1
18 100 1
18 107 1
18 125 1
18 129 1
18 132 1
18 135 1
18 136 1
18 175 1
19 24 1
19 28 1
19 30 1
19 38 1
19 55 1
19 61 1
19 78 1
19 87 1
19 88 1
19 90 1
19 98 1
19 113 1
19 114 1
19 120 1
19 135 1
19 143 1
19 155 1
19 157 1
19 163 1
19 167 1
19 176 1
20 27 1
20 31 1
20 44 1
20 56 1
20 59 1
20 65 1
20 72 1
20 77 1
20 81 1
20 98 1
20 102 1
20 130 1
20 155 1
20 166 1
20 175 1
21 23 1
21 34 1
21 45 1
21 83 1
21 98 1
21 104 1
21 109 1
21 115 1
21 118 1
21 119 1
21 123 1
21 128 1
21 141 1
21 154 1
21 161 1
22 23 1
22 56 1
22 67 1
22 69 1
22 70 1
22 73 1
22 83 1
22 89 1
22 90 1
22 93 1
22 101 1
22 104 1
22 106 1
22 107 1
22 108 1
22 127 1
22 132 1
22 147 1
22 170 1
22 177 1
22 179 1
23 30 1
23 37 1
23 44 1
23 48 1
23 49 1
23 55 1
23 86 1
23 87 1
23 88 1
23 106 1
23 112 1
23 126 1
23 140 1
23 142 1
23 157 1
23 164 1
23 176 1
24 28 1
24 31 1
24 53 1
24 63 1
24 66 1
24 68 1
24 78 1
24 93 1
24 111 1
24 116 1
24 117 1
24 119 1
24 123 1
24 138 1
24 141 1
24 157 1
24 163 1
24 177 1
25 29 1
25 31 1
25 33 1
25 35 1
25 38 1
25 48 1
25 55 1
25 60 1
25 80 1
25 86 1
25 87 1
25 88 1
25 94 1
25 99 1
25 101 1
25 107 1
25 113 1
25 119 1
25 122 1
25 125 1
25 129 1
25 136 1
25 137 1
25 153 1
25 171 1
25 175 1
25 178 1
26 27 1
26 34 1
26 39 1
26 43 1
26 45 1
26 57 1
26 65 1
26 68 1
26 74 1
26 77 1
26 79 1
26 99 1
26 101 1
26 103 1
26 108 1
26 110 1
26 120 1
26 121 1
26 129 1
26 137 1
26 155 1
26 164 1
26 169 1
26 171 1
26 175 1
27 43 1
27 49 1
27 69 1
27 77 1
27 79 1
27 92 1
27 110 1
27 112 1
27 118 1
27 125 1
27 137 1
27 139 1
27 141 1
27 156 1
27 159 1
27 161 1
27 165 1
27 167 1
27 168 1
27 174 1
27 175 1
28 30 1
28 39 1
28 40 1
28 49 1
28 65 1
28 67 1
28 70 1
28 73 1
28 94 1
28 102 1
28 103 1
28 108 1
28 121 1
28 125 1
28 130 1
28 142 1
28 145 1
28 146 1
28 164 1
29 40 1
29 54 1
29 75 1
29 76 1
29 92 1
29 112 1
29 119 1
29 139 1
29 168 1
29 179 1
30 35 1
30 36 1
30 40 1
30 45 1
30 46 1
30 66 1
30 71 1
30 75 1
30 77 1
30 85 1
30 103 1
30 105 1
30 106 1
30 114 1
30 115 1
30 124 1
30 130 1
30 134 1
30 143 1
30 150 1
30 154 1
30 170 1
31 36 1
31 37 1
31 47 1
31 59 1
31 68 1
31 70 1
31 92 1
31 115 1
31 126 1
31 127 1
31 130 1
31 131 1
31 134 1
31 138 1
31 150 1
31 157 1
31 161 1
31 162 1
31 177 1
32 38 1
32 40 1
32 41 1
32 42 1
32 55 1
32 62 1
32 74 1
32 77 1
32 78 1
32 79 1
32 85 1
32 88 1
32 97 1
32 99 1
32 145 1
32 151 1
32 162 1
33 47 1
33 48 1
33 51 1
33 69 1
33 80 1
33 85 1
33 92 1
33 93 1
33 97 1
33 100 1
33 102 1
33 108 1
33 110 1
33 140 1
33 143 1
33 145 1
33 148 1
34 36 1
34 66 1
34 80 1
34 81 1
34 106 1
34 132 1
34 144 1
34 163 1
34 165 1
34 172 1
34 173 1
35 36 1
35 51 1
35 69 1
35 71 1
35 74 1
35 77 1
35 102 1
35 103 1
35 122 1
35 124 1
35 126 1
35 148 1
35 178 1
35 179 1
36 45 1
36 47 1
36 58 1
36 65 1
36 77 1
36 83 1
36 88 1
36 94 1
36 96 1
36 104 1
36 127 1
36 129 1
36 138 1
36 145 1
36 146 1
36 148 1
36 161 1
36 166 1
36 176 1
36 179 1
37 58 1
37 59 1
37 72 1
37 77 1
37 82 1
37 96 1
37 140 1
37 150 1
38 43 1
38 65 1
38 75 1
38 89 1
38 98 1
38 129 1
38 131 1
38 140 1
38 147 1
38 148 1
38 152 1
38 159 1
38 177 1
39 58 1
39 70 1
39 97 1
39 109 1
39 119 1
39 126 1
39 130 1
39 152 1
39 162 1
40 50 1
40 69 1
40 87 1
40 90 1
40 135 1
40 136 1
40 152 1
40 153 1
40 154 1
40 155 1
40 156 1
40 159 1
40 167 1
40 175 1
41 54 1
41 64 1
41 85 1
41 109 1
41 134 1
41 157 1
41 159 1
41 170 1
41 171 1
41 173 1
41 175 1
42 60 1
42 66 1
42 75 1
42 105 1
42 108 1
42 110 1
42 130 1
42 132 1
42 148 1
42 160 1
42 168 1
43 44 1
43 48 1
43 57 1
43 77 1
43 79 1
43 85 1
43 86 1
43 112 1
43 122 1
43 129 1
43 152 1
43 156 1
43 158 1
43 166 1
43 174 1
44 54 1
44 96 1
44 104 1
44 114 1
44 118 1
44 119 1
44 122 1
44 123 1
44 141 1
44 143 1
44 162 1
45 48 1
45 69 1
45 91 1
45 93 1
45 99 1
45 105 1
45 106 1
45 117 1
45 125 1
45 130 1
45 133 1
45 136 1
45 153 1
46 50 1
46 110 1
46 121 1
46 128 1
46 140 1
46 142 1
46 148 1
46 163 1
46 175 1
46 178 1
46 179 1
47 49 1
47 53 1
47 58 1
47 59 1
47 66 1
47 78 1
47 106 1
47 109 1
47 115 1
47 118 1
47 122 1
47 128 1
47 135 1
47 141 1
47 142 1
47 150 1
47 166 1
48 50 1
48 52 1
48 54 1
48 60 1
48 76 1
48 97 1
48 128 1
48 132 1
48 135 1
48 143 1
48 154 1
48 157 1
48 158 1
48 165 1
48 173 1
48 176 1
48 179 1
49 59 1
49 64 1
49 92 1
49 96 1
49 114 1
49 128 1
49 129 1
49 136 1
49 145 1
49 147 1
49 148 1
49 166 1
49 173 1
50 55 1
50 69 1
50 70 1
50 74 1
50 84 1
50 86 1
50 102 1
50 115 1
50 124 1
50 153 1
50 171 1
51 52 1
51 53 1
51 73 1
51 75 1
51 90 1
51 91 1
51 95 1
51 101 1
51 111 1
51 123 1
51 124 1
51 136 1
51 154 1
51 163 1
51 166 1
51 172 1
52 62 1
52 63 1
52 77 1
52 79 1
52 99 1
52 103 1
52 114 1
52 116 1
52 120 1
52 122 1
52 143 1
52 145 1
52 160 1
53 54 1
53 61 1
53 88 1
53 89 1
53 92 1
53 93 1
53 101 1
53 102 1
53 107 1
53 112 1
53 115 1
53 116 1
53 121 1
53 136 1
53 138 1
53 140 1
53 142 1
53 144 1
53 170 1
53 171 1
54 72 1
54 74 1
54 95 1
54 98 1
54 102 1
54 113 1
54 132 1
54 163 1
54 166 1
54 167 1
54 169 1
54 174 1
54 176 1
55 66 1
55 81 1
55 95 1
55 108 1
55 110 1
55 116 1
55 122 1
55 131 1
55 147 1
55 154 1
55 179 1
56 62 1
56 73 1
56 75 1
56 76 1
56 84 1
56 86 1
56 95 1
56 106 1
56 109 1
56 127 1
56 132 1
56 145 1
56 151 1
56 157 1
56 158 1
56 174 1
57 58 1
57 62 1
57 66 1
57 95 1
57 125 1
57 127 1
57 133 1
57 142 1
57 143 1
57 153 1
57 161 1
57 163 1
58 61 1
58 67 1
58 70 1
58 86 1
58 112 1
58 113 1
58 119 1
58 135 1
58 152 1
58 157 1
58 159 1
58 167 1
58 176 1
58 179 1
59 69 1
59 75 1
59 77 1
59 78 1
59 82 1
59 103 1
59 112 1
59 116 1
59 118 1
59 138 1
59 144 1
59 147 1
59 149 1
59 156 1
59 162 1
59 171 1
59 172 1
59 174 1
59 178 1
59 179 1
60 63 1
60 66 1
60 68 1
60 70 1
60 87 1
60 110 1
60 114 1
60 123 1
60 129 1
60 130 1
60 131 1
60 150 1
60 154 1
60 170 1
61 62 1
61 64 1
61 94 1
61 98 1
61 104 1
61 115 1
61 125 1
61 126 1
61 128 1
61 131 1
61 145 1
62 64 1
62 76 1
62 79 1
62 86 1
62 94 1
62 100 1
62 101 1
62 128 1
62 143 1
62 144 1
62 147 1
62 152 1
62 157 1
62 168 1
62 172 1
62 174 1
62 178 1
63 73 1
63 90 1
63 91 1
63 128 1
63 129 1
63 132 1
63 136 1
63 139 1
63 140 1
63 141 1
63 152 1
63 174 1
64 83 1
64 93 1
64 94 1
64 113 1
64 115 1
64 117 1
64 125 1
64 129 1
64 130 1
64 134 1
64 136 1
64 155 1
64 161 1
64 173 1
64 178 1
65 82 1
65 109 1
65 119 1
65 120 1
65 122 1
65 132 1
65 143 1
65 150 1
65 151 1
65 156 1
65 162 1
65 178 1
66 76 1
66 96 1
66 97 1
66 107 1
66 114 1
66 117 1
66 127 1
66 131 1
66 135 1
66 141 1
66 145 1
66 167 1
67 82 1
67 84 1
67 90 1
67 95 1
67 98 1
67 100 1
67 134 1
67 136 1
67 138 1
67 142 1
67 146 1
67 158 1
67 161 1
67 167 1
67 169 1
68 81 1
68 96 1
68 109 1
68 111 1
68 118 1
68 127 1
68 143 1
68 144 1
68 147 1
68 155 1
68 156 1
68 168 1
68 171 1
68 174 1
69 77 1
69 82 1
69 99 1
69 107 1
69 123 1
69 141 1
69 160 1
69 161 1
69 169 1
69 171 1
70 74 1
70 91 1
70 94 1
70 97 1
70 111 1
70 125 1
70 137 1
70 139 1
70 150 1
70 159 1
71 78 1
71 83 1
71 101 1
71 117 1
71 126 1
71 127 1
71 133 1
71 139 1
71 141 1
71 150 1
71 159 1
71 163 1
71 171 1
72 76 1
72 84 1
72 86 1
72 94 1
72 101 1
72 103 1
72 105 1
72 108 1
72 109 1
72 112 1
72 120 1
72 124 1
72 125 1
72 126 1
72 131 1
72 167 1
72 172 1
73 85 1
73 104 1
73 118 1
73 120 1
73 122 1
73 129 1
73 140 1
73 142 1
73 146 1
73 149 1
73 151 1
73 160 1
73 162 1
73 165 1
73 178 1
74 84 1
74 87 1
74 93 1
74 98 1
74 103 1
74 104 1
74 127 1
74 133 1
74 134 1
74 140 1
74 168 1
74 175 1
75 87 1
75 91 1
75 96 1
75 102 1
75 108 1
75 109 1
75 114 1
75 125 1
75 147 1
75 163 1
75 177 1
75 178 1
76 83 1
76 104 1
76 105 1
76 133 1
76 141 1
76 143 1
76 153 1
76 155 1
76 172 1
76 179 1
77 89 1
77 90 1
77 98 1
77 118 1
77 119 1
77 136 1
77 138 1
77 171 1
77 175 1
77 179 1
78 80 1
78 91 1
78 92 1
78 103 1
78 105 1
78 106 1
78 110 1
78 116 1
78 119 1
78 141 1
78 151 1
78 152 1
78 155 1
78 157 1
78 170 1
78 174 1
79 80 1
79 83 1
79 85 1
79 89 1
79 97 1
79 110 1
79 120 1
79 126 1
79 132 1
79 137 1
79 141 1
79 157 1
79 160 1
79 177 1
80 81 1
80 87 1
80 112 1
80 173 1
80 174 1
80 179 1
81 92 1
81 100 1
81 102 1
81 104 1
81 114 1
81 122 1
81 125 1
81 157 1
81 160 1
81 170 1
81 171 1
81 176 1
81 178 1
82 84 1
82 100 1
82 117 1
82 131 1
82 132 1
82 140 1
82 143 1
82 149 1
82 153 1
82 165 1
82 174 1
82 178 1
83 88 1
83 96 1
83 100 1
83 102 1
83 108 1
83 117 1
83 121 1
83 140 1
83 145 1
83 148 1
83 150 1
83 161 1
83 164 1
83 168 1
84 86 1
84 91 1
84 94 1
84 103 1
84 114 1
84 117 1
84 120 1
84 141 1
84 150 1
84 151 1
84 156 1
84 160 1
84 166 1
85 95 1
85 99 1
85 144 1
85 147 1
85 179 1
86 91 1
86 97 1
86 106 1
86 127 1
86 134 1
86 151 1
86 161 1
86 170 1
87 111 1
87 117 1
87 127 1
87 136 1
87 138 1
87 143 1
87 145 1
87 147 1
87 148 1
87 155 1
87 163 1
87 165 1
88 90 1
88 95 1
88 98 1
88 101 1
88 103 1
88 117 1
88 119 1
88 125 1
88 127 1
88 138 1
88 146 1
88 152 1
88 153 1
88 175 1
89 96 1
89 104 1
89 112 1
89 116 1
89 118 1
89 122 1
89 139 1
89 146 1
89 149 1
89 157 1
89 159 1
89 160 1
89 165 1
89 178 1
90 94 1
90 99 1
90 107 1
90 145 1
90 158 1
90 167 1
90 174 1
91 100 1
91 102 1
91 105 1
91 110 1
91 113 1
91 115 1
91 150 1
91 153 1
91 155 1
91 173 1
91 176 1
91 179 1
92 93 1
92 101 1
92 107 1
92 113 1
92 122 1
92 124 1
92 127 1
92 147 1
92 148 1
92 162 1
92 163 1
92 166 1
92 167 1
92 172 1
93 96 1
93 98 1
93 99 1
93 103 1
93 110 1
93 111 1
93 120 1
93 124 1
93 125 1
93 133 1
93 140 1
93 146 1
93 149 1
93 163 1
93 173 1
93 176 1
94 95 1
94 103 1
94 110 1
94 119 1
94 120 1
94 138 1
94 142 1
94 144 1
94 152 1
94 155 1
94 172 1
94 179 1
95 99 1
95 101 1
95 116 1
95 120 1
95 131 1
95 141 1
95 142 1
95 150 1
95 151 1
95 164 1
95 171 1
95 173 1
96 100 1
96 106 1
96 116 1
96 121 1
96 130 1
96 135 1
96 144 1
96 159 1
96 166 1
96 168 1
96 170 1
96 175 1
97 108 1
97 137 1
97 148 1
97 149 1
97 158 1
97 160 1
97 173 1
97 174 1
98 101 1
98 103 1
98 107 1
98 115 1
98 118 1
98 139 1
98 146 1
98 168 1
98 173 1
99 112 1
99 117 1
99 139 1
99 146 1
99 151 1
99 160 1
99 161 1
99 178 1
100 102 1
100 104 1
100 114 1
100 117 1
100 118 1
100 123 1
100 133 1
100 140 1
100 152 1
101 104 1
101 111 1
101 144 1
101 155 1
101 156 1
101 159 1
101 162 1
101 172 1
101 175 1
102 109 1
102 121 1
102 132 1
102 145 1
102 146 1
102 161 1
102 169 1
102 179 1
103 113 1
103 131 1
103 133 1
103 146 1
103 150 1
103 154 1
103 162 1
104 131 1
104 154 1
104 166 1
104 177 1
105 116 1
105 120 1
105 132 1
105 135 1
105 175 1
105 178 1
106 115 1
106 120 1
106 130 1
106 135 1
106 154 1
106 170 1
107 108 1
107 112 1
107 115 1
107 132 1
107 135 1
107 136 1
107 173 1
108 115 1
108 124 1
108 146 1
108 147 1
108 161 1
108 162 1
109 113 1
109 115 1
109 125 1
109 135 1
109 141 1
109 156 1
110 115 1
110 143 1
110 144 1
110 145 1
110 178 1
110 179 1
111 129 1
111 132 1
111 140 1
111 146 1
111 148 1
111 158 1
111 164 1
111 174 1
112 117 1
112 124 1
112 126 1
112 146 1
112 158 1
113 115 1
113 117 1
113 140 1
113 153 1
113 158 1
113 169 1
113 172 1
113 177 1
113 178 1
114 122 1
114 129 1
114 143 1
114 152 1
114 153 1
114 159 1
114 170 1
114 172 1
114 175 1
114 178 1
115 116 1
115 124 1
115 137 1
115 146 1
115 157 1
115 164 1
115 165 1
115 174 1
116 130 1
116 134 1
116 136 1
116 148 1
116 154 1
116 166 1
116 171 1
116 178 1
117 118 1
117 120 1
117 128 1
117 148 1
117 150 1
117 154 1
117 156 1
117 158 1
117 159 1
117 173 1
118 123 1
118 131 1
118 150 1
118 164 1
118 171 1
118 177 1
119 120 1
119 131 1
119 157 1
119 163 1
119 170 1
120 134 1
120 146 1
120 156 1
120 163 1
121 128 1
121 132 1
121 136 1
121 147 1
121 154 1
121 163 1
121 177 1
122 125 1
122 128 1
122 129 1
122 135 1
122 141 1
122 146 1
122 153 1
122 158 1
122 160 1
122 168 1
123 128 1
123 130 1
123 132 1
123 133 1
123 156 1
123 159 1
124 146 1
124 151 1
124 157 1
124 171 1
124 173 1
124 177 1
125 134 1
125 135 1
125 143 1
125 150 1
125 164 1
125 165 1
126 129 1
126 130 1
126 133 1
126 147 1
126 157 1
126 159 1
126 168 1
127 132 1
127 145 1
127 166 1
127 173 1
128 132 1
128 141 1
128 143 1
128 151 1
128 158 1
128 168 1
129 142 1
129 150 1
129 164 1
129 169 1
129 173 1
129 174 1
129 177 1
130 138 1
130 139 1
130 149 1
131 141 1
131 154 1
131 161 1
131 166 1
131 171 1
131 177 1
132 154 1
132 155 1
132 175 1
132 177 1
132 179 1
133 143 1
133 156 1
133 157 1
133 163 1
133 166 1
133 167 1
134 160 1
134 165 1
135 147 1
135 148 1
135 149 1
135 150 1
135 155 1
135 177 1
136 139 1
136 140 1
136 142 1
136 145 1
136 149 1
136 156 1
136 158 1
136 165 1
136 178 1
137 148 1
138 142 1
138 148 1
138 152 1
138 153 1
138 155 1
138 157 1
138 168 1
138 172 1
138 176 1
138 179 1
139 142 1
139 150 1
139 154 1
139 155 1
139 162 1
139 163 1
139 164 1
139 167 1
139 174 1
140 141 1
140 149 1
140 163 1
140 167 1
140 179 1
141 148 1
141 151 1
141 153 1
141 167 1
141 171 1
141 172 1
142 145 1
142 166 1
142 168 1
143 146 1
143 153 1
143 160 1
143 173 1
143 175 1
143 178 1
144 152 1
144 155 1
144 173 1
145 149 1
145 160 1
145 175 1
145 176 1
145 179 1
146 163 1
146 167 1
146 173 1
147 148 1
147 153 1
147 157 1
147 158 1
147 172 1
147 173 1
148 150 1
148 155 1
148 159 1
148 161 1
148 172 1
148 177 1
149 159 1
149 164 1
149 173 1
150 154 1
150 161 1
150 176 1
151 156 1
151 163 1
151 169 1
151 178 1
152 167 1
152 171 1
152 173 1
153 167 1
153 175 1
154 156 1
154 159 1
154 168 1
155 156 1
155 160 1
155 173 1
155 174 1
155 176 1
156 158 1
156 159 1
156 174 1
156 178 1
158 164 1
158 171 1
158 177 1
159 168 1
159 171 1
160 165 1
160 169 1
161 162 1
162 177 1
163 170 1
163 172 1
163 173 1
163 174 1
166 167 1
166 171 1
169 177 1
169 178 1
171 177 1
172 179 1
174 176 1
175 179 1
176 178 1
176 179 1
177 179 1
1
59 121 29 34 130 101 22 47 133 145 87 92 146 13 168 36 37 40
