1141
0 1 1
0 4 1
0 6 1
0 13 1
0 20 1
0 29 1
0 38 1
0 43 1
0 44 1
0 50 1
0 51 1
0 53 1
0 54 1
0 56 1
0 60 1
0 63 1
0 73 1
0 79 1
0 84 1
0 88 1
0 94 1
0 112 1
0 116 1
1 3 1
1 4 1
1 7 1
1 10 1
1 14 1
1 16 1
1 26 1
1 29 1
1 34 1
1 47 1
1 48 1
1 65 1
1 67 1
1 70 1
1 83 1
1 90 1
1 92 1
1 96 1
1 105 1
1 114 1
2 4 1
2 8 1
2 12 1
2 15 1
2 22 1
2 29 1
2 48 1
2 51 1
2 55 1
2 61 1
2 68 1
2 69 1
2 82 1
2 87 1
2 89 1
2 90 1
2 93 1
2 95 1
2 96 1
2 102 1
2 110 1
2 111 1
2 114 1
2 117 1
3 4 1
3 13 1
3 17 1
3 21 1
3 35 1
3 49 1
3 55 1
3 79 1
3 84 1
3 89 1
3 91 1
3 101 1
3 103 1
3 105 1
3 107 1
3 114 1
3 118 1
4 10 1
4 11 1
4 13 1
4 26 1
4 28 1
4 41 1
4 43 1
4 47 1
4 48 1
4 49 1
4 51 1
4 55 1
4 57 1
4 71 1
4 82 1
4 84 1
4 87 1
4 89 1
4 98 1
4 101 1
4 103 1
4 104 1
5 14 1
5 20 1
5 36 1
5 37 1
5 38 1
5 60 1
5 61 1
5 81 1
5 101 1
5 114 1
6 8 1
6 11 1
6 12 1
6 16 1
6 20 1
6 26 1
6 30 1
6 47 1
6 72 1
6 74 1
6 77 1
6 78 1
6 81 1
6 86 1
6 98 1
6 99 1
6 105 1
6 108 1
6 112 1
6 115 1
7 9 1
7 21 1
7 33 1
7 34 1
7 44 1
7 47 1
7 48 1
7 50 1
7 58 1
7 63 1
7 73 1
7 76 1
7 83 1
7 89 1
7 97 1
7 105 1
7 115 1
8 13 1
8 14 1
8 34 1
8 43 1
8 46 1
8 52 1
8 60 1
8 68 1
8 91 1
8 111 1
8 116 1
9 19 1
9 20 1
9 29 1
9 38 1
9 44 1
9 48 1
9 56 1
9 59 1
9 61 1
9 64 1
9 66 1
9 73 1
9 98 1
9 108 1
9 109 1
9 113 1
10 11 1
10 21 1
10 23 1
10 27 1
10 29 1
10 40 1
10 42 1
10 60 1
10 62 1
10 76 1
10 84 1
10 90 1
10 111 1
10 112 1
11 14 1
11 26 1
11 38 1
11 41 1
11 43 1
11 53 1
11 63 1
11 64 1
11 65 1
11 78 1
11 82 1
11 83 1
11 92 1
11 103 1
11 115 1
12 16 1
12 23 1
12 25 1
12 27 1
12 31 1
12 38 1
12 51 1
12 53 1
12 55 1
12 64 1
12 66 1
12 71 1
12 72 1
12 75 1
12 80 1
12 82 1
12 86 1
12 88 1
12 96 1
12 100 1
12 108 1
12 111 1
12 119 1
13 17 1
13 20 1
13 32 1
13 36 1
13 44 1
13 64 1
13 74 1
13 79 1
13 87 1
13 94 1
13 97 1
13 101 1
13 102 1
13 105 1
13 110 1
13 116 1
14 18 1
14 23 1
14 30 1
14 32 1
14 42 1
14 45 1
14 56 1
14 70 1
14 71 1
14 77 1
14 88 1
14 90 1
14 95 1
14 107 1
14 108 1
14 117 1
14 119 1
15 30 1
15 36 1
15 44 1
15 56 1
15 66 1
15 73 1
15 92 1
15 97 1
15 101 1
15 102 1
15 104 1
15 108 1
15 110 1
16 19 1
16 31 1
16 36 1
16 38 1
16 44 1
16 45 1
16 49 1
16 52 1
16 60 1
16 89 1
16 119 1
17 22 1
17 28 1
17 36 1
17 45 1
17 51 1
17 52 1
17 58 1
17 71 1
17 77 1
17 81 1
17 84 1
17 93 1
17 106 1
17 114 1
18 20 1
18 26 1
18 36 1
18 48 1
18 53 1
18 54 1
18 60 1
18 68 1
18 74 1
18 86 1
18 92 1
18 94 1
18 102 1
18 103 1
18 115 1
18 119 1
19 20 1
19 24 1
19 46 1
19 54 1
19 55 1
19 57 1
19 67 1
19 72 1
19 83 1
19 89 1
19 93 1
19 95 1
19 99 1
19 112 1
20 23 1
20 28 1
20 33 1
20 35 1
20 43 1
20 48 1
20 49 1
20 54 1
20 59 1
20 63 1
20 70 1
20 71 1
20 74 1
20 79 1
20 84 1
20 85 1
20 88 1
20 110 1
20 112 1
20 118 1
21 23 1
21 26 1
21 28 1
21 40 1
21 54 1
21 63 1
21 81 1
21 86 1
21 90 1
21 92 1
21 98 1
21 105 1
21 107 1
21 113 1
21 119 1
22 23 1
22 25 1
22 27 1
22 37 1
22 40 1
22 46 1
22 47 1
22 58 1
22 62 1
22 78 1
22 79 1
22 80 1
22 82 1
22 109 1
22 110 1
22 117 1
23 28 1
23 29 1
23 42 1
23 43 1
23 44 1
23 47 1
23 56 1
23 61 1
23 67 1
23 77 1
23 79 1
23 95 1
23 103 1
23 104 1
23 110 1
23 114 1
24 38 1
24 44 1
24 48 1
24 52 1
24 60 1
24 68 1
24 79 1
24 84 1
24 95 1
24 103 1
24 105 1
24 109 1
24 114 1
24 115 1
24 116 1
25 30 1
25 33 1
25 37 1
25 43 1
25 47 1
25 54 1
25 59 1
25 62 1
25 68 1
25 69 1
25 75 1
25 89 1
25 96 1
25 100 1
25 109 1
25 110 1
25 111 1
25 114 1
25 117 1
26 34 1
26 41 1
26 43 1
26 50 1
26 52 1
26 75 1
26 82 1
26 91 1
26 95 1
26 100 1
26 102 1
26 105 1
27 29 1
27 31 1
27 34 1
27 38 1
27 51 1
27 55 1
27 57 1
27 58 1
27 60 1
27 70 1
27 71 1
27 82 1
27 84 1
27 87 1
27 101 1
27 105 1
27 116 1
27 118 1
28 31 1
28 36 1
28 41 1
28 57 1
28 59 1
28 64 1
28 67 1
28 73 1
28 74 1
28 75 1
28 80 1
28 84 1
28 86 1
28 95 1
28 101 1
29 38 1
29 41 1
29 42 1
29 43 1
29 45 1
29 53 1
29 62 1
29 64 1
29 69 1
29 71 1
29 72 1
29 73 1
29 74 1
29 77 1
29 87 1
29 90 1
29 95 1
29 98 1
29 107 1
29 118 1
30 38 1
30 41 1
30 46 1
30 48 1
30 58 1
30 59 1
30 62 1
30 64 1
30 67 1
30 70 1
30 74 1
30 75 1
30 81 1
30 82 1
30 84 1
30 97 1
30 104 1
30 106 1
30 111 1
31 41 1
31 54 1
31 61 1
31 64 1
31 72 1
31 86 1
31 92 1
31 94 1
31 104 1
32 37 1
32 46 1
32 60 1
32 66 1
32 68 1
32 74 1
32 79 1
32 85 1
32 86 1
32 92 1
32 96 1
32 102 1
32 105 1
32 106 1
32 110 1
32 115 1
33 60 1
33 64 1
33 65 1
33 73 1
33 78 1
33 94 1
33 103 1
34 52 1
34 53 1
34 58 1
34 61 1
34 66 1
34 70 1
34 74 1
34 93 1
34 95 1
34 100 1
34 103 1
34 107 1
34 110 1
34 116 1
35 38 1
35 45 1
35 56 1
35 67 1
35 71 1
35 83 1
35 84 1
35 86 1
35 91 1
35 98 1
35 99 1
35 113 1
35 118 1
36 42 1
36 44 1
36 68 1
36 69 1
36 72 1
36 73 1
36 102 1
36 114 1
36 119 1
37 42 1
37 43 1
37 46 1
37 56 1
37 60 1
37 65 1
37 72 1
37 76 1
37 77 1
37 78 1
37 81 1
37 83 1
37 85 1
37 104 1
38 42 1
38 47 1
38 49 1
38 56 1
38 70 1
38 74 1
38 89 1
38 106 1
38 108 1
38 112 1
39 45 1
39 46 1
39 49 1
39 58 1
39 63 1
39 65 1
39 68 1
39 70 1
39 76 1
39 77 1
39 86 1
39 99 1
39 102 1
39 111 1
39 115 1
39 116 1
40 46 1
40 48 1
40 51 1
40 52 1
40 57 1
40 59 1
40 66 1
40 69 1
40 86 1
40 91 1
40 95 1
40 96 1
40 104 1
40 110 1
40 114 1
40 116 1
40 118 1
41 43 1
41 53 1
41 59 1
41 60 1
41 64 1
41 78 1
41 96 1
41 97 1
41 98 1
41 105 1
41 107 1
42 54 1
42 55 1
42 60 1
42 73 1
42 84 1
42 86 1
42 87 1
42 100 1
42 101 1
42 107 1
42 117 1
42 119 1
43 56 1
43 64 1
43 70 1
43 71 1
43 75 1
43 86 1
43 87 1
43 92 1
43 100 1
43 111 1
43 112 1
43 114 1
44 48 1
44 53 1
44 55 1
44 58 1
44 66 1
44 68 1
44 72 1
44 76 1
44 81 1
44 91 1
44 105 1
44 117 1
44 118 1
45 56 1
45 65 1
45 66 1
45 71 1
45 76 1
45 79 1
45 81 1
45 95 1
45 101 1
45 107 1
46 52 1
46 54 1
46 57 1
46 73 1
46 74 1
46 76 1
46 77 1
46 79 1
46 84 1
46 87 1
46 93 1
46 95 1
46 104 1
46 106 1
46 107 1
46 108 1
46 109 1
46 112 1
47 58 1
47 63 1
47 64 1
47 85 1
47 87 1
47 91 1
47 98 1
47 105 1
47 110 1
47 112 1
47 113 1
47 116 1
47 119 1
48 52 1
48 54 1
48 57 1
48 73 1
48 79 1
48 84 1
48 88 1
48 93 1
48 107 1
48 110 1
48 111 1
48 116 1
49 55 1
49 56 1
49 70 1
49 76 1
49 79 1
49 103 1
49 105 1
49 106 1
49 117 1
49 118 1
50 51 1
50 60 1
50 68 1
50 69 1
50 71 1
50 75 1
50 79 1
50 85 1
50 87 1
50 91 1
50 100 1
50 108 1
50 117 1
51 60 1
51 66 1
51 80 1
51 81 1
51 84 1
51 89 1
51 93 1
51 101 1
51 105 1
51 108 1
51 117 1
52 53 1
52 58 1
52 59 1
52 61 1
52 66 1
52 69 1
52 70 1
52 77 1
52 85 1
52 87 1
52 88 1
52 89 1
52 99 1
52 102 1
52 104 1
52 117 1
53 54 1
53 55 1
53 57 1
53 65 1
53 70 1
53 89 1
53 90 1
53 97 1
53 100 1
53 103 1
53 111 1
53 117 1
53 118 1
54 55 1
54 59 1
54 65 1
54 69 1
54 71 1
54 76 1
54 80 1
54 82 1
54 83 1
54 87 1
54 96 1
54 98 1
54 102 1
54 116 1
54 117 1
55 61 1
55 74 1
55 76 1
55 77 1
55 107 1
55 115 1
55 116 1
56 59 1
56 60 1
56 63 1
56 64 1
56 65 1
56 68 1
56 74 1
56 86 1
56 87 1
56 92 1
56 93 1
56 95 1
56 103 1
56 107 1
56 108 1
56 117 1
56 119 1
57 60 1
57 64 1
57 71 1
57 84 1
57 99 1
57 108 1
57 111 1
57 114 1
58 62 1
58 64 1
58 73 1
58 74 1
58 77 1
58 83 1
58 86 1
58 91 1
58 103 1
58 115 1
59 73 1
59 84 1
59 91 1
59 93 1
59 99 1
60 65 1
60 70 1
60 72 1
60 81 1
60 86 1
60 87 1
60 93 1
60 96 1
60 105 1
60 106 1
60 108 1
60 112 1
60 116 1
61 70 1
61 78 1
61 79 1
61 87 1
61 108 1
62 67 1
62 78 1
62 84 1
62 107 1
62 117 1
62 118 1
63 64 1
63 66 1
63 67 1
63 69 1
63 80 1
63 115 1
63 118 1
64 68 1
64 74 1
64 78 1
64 79 1
64 83 1
64 89 1
64 94 1
64 95 1
64 98 1
64 100 1
64 102 1
64 108 1
65 71 1
65 72 1
65 82 1
65 84 1
65 93 1
65 95 1
65 106 1
65 108 1
65 110 1
65 113 1
65 114 1
66 67 1
66 77 1
66 78 1
66 84 1
66 88 1
66 89 1
66 91 1
66 96 1
66 107 1
66 112 1
66 114 1
66 116 1
67 71 1
67 79 1
67 80 1
67 86 1
67 96 1
67 100 1
67 102 1
67 103 1
68 73 1
68 84 1
68 88 1
68 99 1
68 104 1
68 105 1
68 106 1
68 112 1
69 70 1
69 71 1
69 72 1
69 80 1
69 93 1
69 105 1
69 106 1
70 72 1
70 75 1
70 76 1
70 78 1
70 86 1
70 87 1
70 92 1
70 94 1
70 96 1
70 107 1
70 114 1
70 115 1
70 117 1
71 87 1
71 98 1
71 105 1
71 109 1
71 112 1
72 76 1
72 88 1
72 96 1
72 98 1
72 103 1
72 104 1
72 115 1
72 119 1
73 83 1
73 91 1
73 103 1
73 112 1
73 114 1
73 117 1
74 89 1
74 92 1
74 93 1
74 100 1
74 107 1
74 109 1
74 112 1
74 119 1
75 86 1
75 87 1
75 90 1
75 96 1
75 113 1
75 115 1
76 88 1
76 95 1
76 101 1
76 106 1
76 108 1
76 113 1
76 118 1
76 119 1
77 78 1
77 102 1
77 111 1
77 113 1
77 114 1
77 119 1
78 89 1
78 91 1
78 92 1
78 93 1
78 94 1
78 100 1
78 104 1
78 109 1
78 114 1
79 82 1
79 90 1
79 106 1
79 107 1
79 109 1
79 116 1
80 85 1
80 93 1
80 99 1
80 106 1
80 108 1
80 116 1
81 96 1
81 97 1
81 104 1
81 107 1
81 116 1
82 87 1
82 88 1
82 110 1
82 111 1
83 84 1
83 85 1
83 94 1
83 116 1
84 89 1
84 94 1
84 97 1
84 104 1
84 115 1
85 88 1
85 99 1
85 107 1
85 109 1
85 111 1
85 116 1
85 118 1
87 92 1
87 100 1
87 101 1
87 115 1
87 116 1
88 102 1
88 104 1
88 113 1
89 105 1
89 111 1
89 117 1
89 118 1
90 93 1
90 99 1
90 108 1
90 112 1
91 96 1
91 97 1
91 109 1
91 112 1
91 119 1
92 105 1
92 110 1
92 115 1
93 106 1
93 108 1
93 114 1
93 118 1
94 106 1
94 113 1
94 116 1
95 106 1
95 110 1
95 115 1
96 102 1
96 108 1
97 109 1
97 112 1
98 100 1
98 105 1
98 117 1
99 104 1
100 117 1
102 105 1
102 112 1
103 106 1
103 107 1
103 108 1
103 112 1
104 113 1
104 114 1
104 116 1
104 117 1
104 118 1
104 119 1
105 106 1
105 111 1
105 115 1
106 107 1
106 108 1
106 114 1
106 118 1
107 109 1
107 112 1
107 119 1
108 117 1
109 112 1
109 116 1
109 118 1
109 119 1
110 115 1
110 117 1
112 118 1
113 114 1
114 118 1
115 117 1
115 119 1
1
76 5 116 110 16 97 78 53 3 47 2 7
