1104
0 8 1
0 15 1
0 20 1
0 32 1
0 33 1
0 45 1
0 52 1
0 63 1
0 64 1
0 65 1
0 67 1
0 69 1
0 70 1
0 74 1
0 90 1
0 111 1
1 5 1
1 9 1
1 12 1
1 14 1
1 26 1
1 33 1
1 49 1
1 55 1
1 57 1
1 61 1
1 63 1
1 79 1
1 80 1
1 87 1
1 91 1
1 101 1
1 102 1
1 106 1
1 113 1
2 17 1
2 26 1
2 27 1
2 28 1
2 38 1
2 51 1
2 62 1
2 67 1
2 73 1
2 77 1
2 79 1
2 80 1
2 98 1
2 99 1
2 107 1
3 6 1
3 12 1
3 15 1
3 19 1
3 31 1
3 37 1
3 38 1
3 45 1
3 48 1
3 55 1
3 56 1
3 59 1
3 60 1
3 61 1
3 64 1
3 75 1
3 86 1
3 90 1
3 91 1
3 94 1
3 102 1
3 108 1
3 119 1
4 7 1
4 11 1
4 13 1
4 16 1
4 25 1
4 42 1
4 45 1
4 47 1
4 60 1
4 62 1
4 66 1
4 74 1
4 78 1
4 82 1
4 87 1
4 89 1
4 91 1
4 109 1
4 112 1
4 119 1
5 9 1
5 10 1
5 16 1
5 27 1
5 42 1
5 57 1
5 58 1
5 69 1
5 72 1
5 80 1
5 86 1
5 89 1
5 93 1
5 108 1
5 112 1
5 118 1
6 17 1
6 19 1
6 20 1
6 23 1
6 26 1
6 44 1
6 59 1
6 62 1
6 76 1
6 77 1
6 83 1
6 84 1
6 90 1
6 91 1
6 97 1
6 99 1
6 107 1
6 111 1
6 112 1
6 117 1
7 11 1
7 26 1
7 39 1
7 41 1
7 54 1
7 60 1
7 62 1
7 69 1
7 72 1
7 87 1
7 104 1
8 37 1
8 55 1
8 57 1
8 62 1
8 65 1
8 68 1
8 77 1
8 81 1
8 103 1
9 16 1
9 17 1
9 27 1
9 28 1
9 36 1
9 45 1
9 46 1
9 47 1
9 48 1
9 54 1
9 55 1
9 57 1
9 70 1
9 71 1
9 73 1
9 85 1
9 86 1
9 87 1
9 90 1
9 93 1
9 96 1
9 98 1
9 117 1
10 19 1
10 26 1
10 27 1
10 28 1
10 41 1
10 53 1
10 55 1
10 59 1
10 65 1
10 76 1
10 78 1
10 79 1
10 95 1
10 100 1
10 107 1
10 115 1
11 26 1
11 44 1
11 49 1
11 67 1
11 77 1
11 81 1
11 86 1
11 93 1
11 94 1
11 103 1
11 114 1
11 119 1
12 14 1
12 16 1
12 32 1
12 34 1
12 46 1
12 63 1
12 64 1
12 73 1
12 74 1
12 94 1
12 98 1
12 108 1
12 110 1
12 111 1
12 113 1
12 114 1
12 119 1
13 20 1
13 23 1
13 25 1
13 30 1
13 54 1
13 57 1
13 65 1
13 70 1
13 71 1
13 74 1
13 77 1
13 81 1
13 84 1
13 86 1
13 89 1
13 91 1
13 99 1
13 101 1
13 102 1
13 112 1
13 116 1
14 18 1
14 34 1
14 39 1
14 50 1
14 51 1
14 53 1
14 59 1
14 65 1
14 71 1
14 85 1
14 95 1
14 96 1
14 101 1
14 107 1
14 117 1
14 118 1
14 119 1
15 16 1
15 24 1
15 30 1
15 31 1
15 37 1
15 41 1
15 45 1
15 53 1
15 54 1
15 57 1
15 61 1
15 64 1
15 66 1
15 109 1
16 18 1
16 26 1
16 28 1
16 36 1
16 42 1
16 50 1
16 53 1
16 69 1
16 74 1
16 79 1
16 83 1
16 99 1
16 107 1
16 110 1
16 112 1
16 118 1
17 26 1
17 33 1
17 36 1
17 46 1
17 49 1
17 56 1
17 70 1
17 73 1
17 76 1
17 80 1
17 82 1
17 86 1
17 88 1
17 89 1
17 93 1
18 26 1
18 31 1
18 33 1
18 38 1
18 40 1
18 43 1
18 52 1
18 58 1
18 71 1
18 75 1
18 81 1
18 83 1
18 88 1
18 90 1
18 94 1
18 107 1
18 109 1
18 117 1
19 21 1
19 25 1
19 32 1
19 40 1
19 48 1
19 54 1
19 55 1
19 66 1
19 67 1
19 68 1
19 73 1
19 80 1
19 84 1
19 94 1
19 98 1
19 107 1
19 109 1
19 112 1
19 115 1
19 116 1
20 34 1
20 38 1
20 41 1
20 42 1
20 58 1
20 59 1
20 67 1
20 68 1
20 81 1
20 84 1
20 85 1
20 89 1
20 92 1
20 93 1
20 95 1
20 98 1
20 103 1
20 107 1
20 108 1
21 29 1
21 49 1
21 51 1
21 54 1
21 57 1
21 58 1
21 63 1
21 64 1
21 65 1
21 68 1
21 102 1
21 103 1
21 104 1
21 119 1
22 31 1
22 32 1
22 37 1
22 43 1
22 46 1
22 63 1
22 69 1
22 80 1
22 82 1
22 92 1
22 95 1
22 101 1
22 106 1
22 110 1
22 119 1
23 35 1
23 40 1
23 43 1
23 52 1
23 54 1
23 61 1
23 62 1
23 66 1
23 81 1
23 99 1
23 105 1
23 114 1
24 25 1
24 27 1
24 34 1
24 39 1
24 41 1
24 43 1
24 48 1
24 50 1
24 51 1
24 54 1
24 60 1
24 62 1
24 80 1
24 100 1
24 111 1
24 116 1
24 117 1
24 119 1
25 28 1
25 36 1
25 42 1
25 55 1
25 56 1
25 60 1
25 74 1
25 77 1
25 84 1
25 90 1
25 100 1
25 101 1
25 109 1
25 112 1
26 44 1
26 63 1
26 72 1
26 76 1
26 82 1
26 91 1
26 94 1
26 116 1
27 29 1
27 34 1
27 45 1
27 48 1
27 63 1
27 66 1
27 70 1
27 74 1
27 79 1
27 81 1
27 82 1
27 92 1
27 101 1
27 113 1
27 114 1
28 43 1
28 45 1
28 54 1
28 84 1
28 98 1
28 103 1
28 108 1
28 113 1
28 116 1
29 31 1
29 37 1
29 38 1
29 46 1
29 54 1
29 58 1
29 65 1
29 67 1
29 71 1
29 72 1
29 82 1
29 92 1
29 94 1
29 97 1
29 101 1
29 106 1
29 118 1
30 49 1
30 54 1
30 56 1
30 58 1
30 67 1
30 76 1
30 79 1
30 82 1
30 94 1
30 107 1
30 110 1
30 112 1
30 117 1
30 118 1
31 32 1
31 38 1
31 48 1
31 53 1
31 55 1
31 57 1
31 60 1
31 66 1
31 74 1
31 82 1
31 83 1
31 86 1
31 87 1
31 92 1
31 97 1
31 98 1
31 99 1
31 100 1
31 107 1
31 110 1
31 116 1
32 36 1
32 47 1
32 60 1
32 61 1
32 68 1
32 71 1
32 76 1
32 86 1
32 101 1
32 107 1
32 108 1
32 119 1
33 34 1
33 39 1
33 43 1
33 48 1
33 51 1
33 62 1
33 63 1
33 67 1
33 69 1
33 72 1
33 91 1
33 97 1
33 109 1
33 112 1
33 114 1
34 36 1
34 42 1
34 50 1
34 53 1
34 57 1
34 58 1
34 61 1
34 68 1
34 72 1
34 74 1
34 80 1
34 81 1
34 84 1
34 91 1
34 98 1
34 106 1
34 109 1
34 112 1
34 117 1
35 66 1
35 68 1
35 71 1
35 77 1
35 82 1
35 91 1
35 92 1
35 98 1
35 116 1
36 38 1
36 40 1
36 43 1
36 45 1
36 57 1
36 62 1
36 63 1
36 75 1
36 92 1
36 93 1
36 101 1
36 107 1
37 38 1
37 41 1
37 51 1
37 53 1
37 80 1
37 86 1
37 94 1
37 96 1
37 98 1
37 118 1
37 119 1
38 56 1
38 57 1
38 65 1
38 96 1
38 103 1
38 113 1
39 47 1
39 66 1
39 77 1
39 78 1
39 81 1
39 82 1
39 89 1
39 100 1
39 103 1
39 107 1
40 50 1
40 51 1
40 57 1
40 67 1
40 69 1
40 76 1
40 79 1
40 86 1
40 112 1
40 117 1
41 70 1
41 71 1
41 78 1
41 94 1
41 95 1
41 97 1
41 101 1
41 108 1
41 112 1
41 116 1
41 119 1
42 46 1
42 66 1
42 68 1
42 71 1
42 80 1
42 83 1
42 93 1
42 117 1
42 118 1
42 119 1
43 48 1
43 71 1
43 72 1
43 73 1
43 74 1
43 90 1
43 93 1
43 95 1
43 106 1
43 107 1
43 109 1
43 111 1
43 115 1
43 117 1
43 118 1
43 119 1
44 67 1
44 75 1
44 76 1
44 89 1
44 95 1
44 113 1
44 117 1
45 48 1
45 50 1
45 55 1
45 57 1
45 81 1
45 89 1
45 92 1
45 93 1
45 95 1
45 100 1
45 102 1
45 104 1
45 106 1
45 118 1
46 47 1
46 50 1
46 58 1
46 73 1
46 79 1
46 89 1
46 91 1
46 92 1
46 93 1
46 95 1
46 108 1
46 114 1
47 51 1
47 52 1
47 60 1
47 61 1
47 68 1
47 80 1
47 95 1
47 98 1
47 106 1
47 114 1
47 116 1
48 57 1
48 68 1
48 74 1
48 77 1
48 85 1
48 90 1
48 96 1
48 114 1
48 115 1
48 119 1
49 53 1
49 56 1
49 67 1
49 77 1
49 78 1
49 84 1
49 86 1
49 91 1
49 101 1
49 110 1
49 111 1
49 118 1
50 57 1
50 68 1
50 70 1
50 81 1
50 83 1
50 87 1
50 89 1
50 97 1
50 101 1
50 102 1
50 105 1
50 109 1
50 110 1
50 113 1
51 54 1
51 59 1
51 65 1
51 82 1
51 84 1
51 89 1
51 92 1
51 98 1
51 109 1
51 110 1
51 114 1
52 57 1
52 62 1
52 69 1
52 77 1
52 81 1
52 85 1
52 90 1
52 93 1
52 106 1
52 107 1
52 112 1
52 113 1
52 118 1
53 56 1
53 72 1
53 84 1
53 87 1
53 88 1
53 94 1
53 97 1
53 100 1
53 117 1
54 59 1
54 62 1
54 68 1
54 69 1
54 72 1
54 74 1
54 79 1
54 89 1
54 93 1
54 95 1
54 104 1
54 108 1
54 109 1
54 111 1
54 112 1
54 116 1
54 118 1
55 56 1
55 59 1
55 75 1
55 81 1
55 82 1
55 84 1
55 93 1
55 98 1
55 101 1
55 103 1
55 104 1
55 108 1
55 111 1
55 113 1
56 65 1
56 69 1
56 87 1
56 90 1
56 93 1
56 101 1
56 102 1
56 103 1
56 107 1
56 113 1
56 115 1
57 58 1
57 71 1
57 76 1
57 79 1
57 81 1
57 82 1
57 87 1
57 94 1
57 98 1
57 102 1
58 74 1
58 80 1
58 81 1
58 89 1
58 101 1
58 114 1
58 115 1
58 117 1
58 119 1
59 60 1
59 65 1
59 73 1
59 87 1
59 88 1
59 107 1
59 109 1
59 111 1
60 82 1
60 84 1
60 91 1
60 98 1
60 100 1
60 114 1
60 115 1
61 62 1
61 65 1
61 66 1
61 67 1
61 77 1
61 84 1
61 88 1
61 95 1
61 103 1
61 104 1
61 107 1
61 112 1
62 63 1
62 68 1
62 85 1
62 91 1
62 97 1
62 101 1
63 66 1
63 69 1
63 73 1
63 76 1
63 79 1
63 83 1
63 96 1
63 98 1
63 99 1
63 109 1
63 116 1
63 117 1
64 66 1
64 68 1
64 85 1
64 87 1
64 99 1
64 109 1
64 110 1
64 118 1
65 67 1
65 70 1
65 73 1
65 95 1
65 106 1
65 112 1
65 116 1
66 67 1
66 74 1
66 75 1
66 92 1
66 102 1
66 108 1
66 112 1
67 69 1
67 73 1
67 81 1
67 84 1
67 90 1
67 91 1
67 96 1
67 107 1
67 111 1
67 112 1
67 114 1
67 117 1
68 78 1
68 80 1
68 90 1
68 98 1
68 109 1
68 115 1
68 117 1
69 77 1
69 90 1
69 101 1
69 102 1
69 109 1
69 111 1
69 116 1
69 117 1
70 72 1
70 75 1
70 81 1
70 82 1
70 87 1
70 101 1
70 105 1
70 107 1
70 119 1
71 84 1
71 85 1
71 91 1
71 97 1
71 105 1
71 107 1
71 117 1
72 81 1
72 82 1
72 99 1
72 112 1
72 119 1
73 75 1
73 83 1
73 90 1
73 92 1
73 104 1
73 112 1
73 115 1
74 97 1
74 100 1
74 102 1
74 103 1
74 106 1
74 109 1
74 111 1
75 79 1
75 81 1
75 85 1
75 95 1
75 99 1
75 100 1
75 102 1
75 108 1
75 110 1
75 114 1
76 77 1
76 90 1
76 94 1
76 97 1
76 99 1
77 81 1
77 97 1
77 111 1
77 115 1
78 92 1
78 94 1
78 100 1
78 102 1
78 103 1
78 110 1
78 115 1
78 116 1
78 117 1
79 83 1
79 91 1
79 104 1
80 81 1
80 89 1
80 98 1
80 101 1
80 113 1
81 90 1
81 92 1
81 95 1
81 107 1
81 108 1
81 111 1
81 112 1
82 86 1
82 88 1
82 97 1
82 103 1
82 110 1
82 119 1
83 105 1
83 106 1
83 108 1
83 113 1
83 118 1
84 87 1
84 89 1
84 100 1
84 102 1
85 91 1
85 94 1
85 100 1
85 103 1
86 87 1
86 91 1
86 98 1
86 109 1
87 92 1
87 101 1
87 103 1
87 111 1
87 113 1
87 115 1
87 116 1
88 91 1
88 92 1
89 91 1
89 93 1
89 98 1
89 101 1
89 117 1
90 102 1
90 106 1
90 107 1
90 116 1
91 103 1
91 114 1
91 116 1
92 96 1
92 100 1
92 104 1
92 112 1
92 115 1
93 107 1
93 108 1
93 116 1
93 117 1
94 97 1
94 99 1
94 114 1
95 102 1
95 105 1
96 102 1
96 106 1
97 101 1
97 103 1
97 114 1
97 116 1
97 117 1
98 106 1
98 116 1
99 101 1
99 105 1
99 106 1
99 114 1
100 102 1
100 106 1
100 114 1
100 115 1
100 117 1
101 102 1
101 113 1
102 105 1
102 112 1
102 113 1
103 117 1
104 107 1
104 113 1
104 117 1
104 118 1
104 119 1
105 107 1
106 107 1
108 117 1
109 112 1
109 116 1
109 117 1
109 119 1
110 112 1
110 118 1
110 119 1
111 114 1
112 115 1
114 118 1
114 119 1
116 118 1
117 118 1
1
20 107 77 100 35 25 103 47 109 81 95 28
