1634
0 7 1
0 14 1
0 25 1
0 32 1
0 34 1
0 36 1
0 53 1
0 68 1
0 72 1
0 99 1
0 112 1
0 115 1
0 116 1
0 118 1
0 142 1
0 146 1
0 151 1
0 152 1
0 159 1
1 5 1
1 7 1
1 12 1
1 15 1
1 18 1
1 23 1
1 41 1
1 43 1
1 47 1
1 48 1
1 68 1
1 84 1
1 87 1
1 91 1
1 98 1
1 106 1
1 109 1
1 111 1
1 112 1
1 113 1
1 117 1
1 129 1
1 131 1
1 142 1
1 148 1
1 153 1
2 4 1
2 7 1
2 17 1
2 24 1
2 27 1
2 30 1
2 41 1
2 44 1
2 51 1
2 59 1
2 61 1
2 64 1
2 67 1
2 72 1
2 80 1
2 87 1
2 88 1
2 112 1
2 118 1
2 119 1
2 120 1
2 124 1
2 149 1
2 150 1
2 153 1
3 16 1
3 24 1
3 39 1
3 59 1
3 67 1
3 69 1
3 77 1
3 86 1
3 88 1
3 97 1
3 102 1
3 104 1
3 108 1
3 115 1
3 121 1
3 141 1
3 144 1
3 152 1
3 153 1
4 8 1
4 46 1
4 63 1
4 66 1
4 71 1
4 82 1
4 86 1
4 131 1
4 133 1
4 138 1
4 151 1
4 153 1
4 158 1
4 159 1
5 6 1
5 10 1
5 36 1
5 37 1
5 47 1
5 49 1
5 56 1
5 74 1
5 76 1
5 88 1
5 93 1
5 94 1
5 104 1
5 119 1
5 120 1
5 127 1
5 134 1
6 7 1
6 12 1
6 34 1
6 52 1
6 56 1
6 71 1
6 72 1
6 91 1
6 92 1
6 99 1
6 106 1
6 109 1
6 137 1
6 141 1
6 148 1
7 8 1
7 69 1
7 83 1
7 89 1
7 94 1
7 99 1
7 112 1
7 117 1
7 123 1
7 137 1
7 146 1
7 153 1
7 156 1
8 15 1
8 19 1
8 37 1
8 38 1
8 41 1
8 61 1
8 77 1
8 94 1
8 108 1
8 111 1
8 128 1
8 135 1
8 136 1
8 137 1
8 143 1
8 144 1
8 146 1
8 152 1
9 22 1
9 39 1
9 44 1
9 46 1
9 47 1
9 55 1
9 74 1
9 75 1
9 80 1
9 92 1
9 96 1
9 134 1
9 135 1
9 147 1
9 159 1
10 18 1
10 24 1
10 33 1
10 41 1
10 45 1
10 48 1
10 59 1
10 73 1
10 81 1
10 109 1
10 110 1
10 116 1
10 143 1
11 33 1
11 37 1
11 47 1
11 61 1
11 64 1
11 67 1
11 70 1
11 75 1
11 95 1
11 101 1
11 110 1
11 117 1
11 121 1
11 128 1
11 134 1
11 147 1
11 148 1
11 152 1
11 158 1
12 30 1
12 52 1
12 53 1
12 68 1
12 101 1
12 114 1
12 138 1
12 145 1
12 146 1
13 20 1
13 22 1
13 23 1
13 30 1
13 36 1
13 51 1
13 59 1
13 64 1
13 65 1
13 70 1
13 73 1
13 91 1
13 116 1
13 121 1
13 130 1
13 133 1
14 25 1
14 27 1
14 32 1
14 37 1
14 38 1
14 46 1
14 50 1
14 58 1
14 67 1
14 82 1
14 106 1
14 122 1
14 129 1
14 138 1
14 147 1
14 150 1
14 153 1
14 154 1
14 155 1
15 20 1
15 39 1
15 57 1
15 73 1
15 75 1
15 84 1
15 90 1
15 99 1
15 103 1
15 117 1
15 123 1
15 128 1
15 137 1
15 141 1
15 145 1
15 150 1
15 153 1
15 156 1
16 25 1
16 42 1
16 73 1
16 80 1
16 83 1
16 86 1
16 87 1
16 89 1
16 94 1
16 105 1
16 113 1
16 114 1
16 115 1
16 130 1
16 134 1
16 147 1
16 157 1
17 19 1
17 20 1
17 25 1
17 26 1
17 27 1
17 45 1
17 47 1
17 52 1
17 53 1
17 57 1
17 58 1
17 59 1
17 64 1
17 67 1
17 76 1
17 77 1
17 79 1
17 82 1
17 85 1
17 91 1
17 120 1
17 123 1
17 124 1
17 129 1
17 136 1
17 144 1
17 147 1
17 149 1
18 24 1
18 36 1
18 46 1
18 51 1
18 58 1
18 96 1
18 99 1
18 102 1
18 103 1
18 106 1
18 136 1
18 137 1
18 146 1
19 24 1
19 36 1
19 54 1
19 56 1
19 62 1
19 68 1
19 70 1
19 75 1
19 81 1
19 89 1
19 92 1
19 97 1
19 98 1
19 100 1
19 101 1
19 106 1
19 107 1
19 119 1
19 123 1
19 128 1
19 131 1
19 132 1
19 148 1
19 159 1
20 52 1
20 55 1
20 56 1
20 65 1
20 66 1
20 69 1
20 91 1
20 120 1
20 123 1
20 133 1
20 143 1
20 145 1
21 22 1
21 26 1
21 30 1
21 31 1
21 37 1
21 47 1
21 53 1
21 67 1
21 77 1
21 83 1
21 88 1
21 116 1
21 122 1
21 124 1
21 125 1
21 126 1
21 130 1
21 135 1
21 141 1
21 145 1
21 146 1
21 148 1
21 150 1
21 153 1
22 31 1
22 34 1
22 39 1
22 44 1
22 45 1
22 49 1
22 53 1
22 58 1
22 67 1
22 75 1
22 77 1
22 85 1
22 100 1
22 103 1
22 107 1
22 118 1
22 122 1
22 124 1
22 125 1
22 128 1
22 129 1
22 149 1
22 157 1
23 26 1
23 31 1
23 32 1
23 36 1
23 45 1
23 50 1
23 55 1
23 56 1
23 59 1
23 61 1
23 68 1
23 71 1
23 78 1
23 79 1
23 86 1
23 91 1
23 94 1
23 105 1
23 110 1
23 117 1
23 123 1
23 129 1
23 131 1
23 156 1
24 30 1
24 39 1
24 52 1
24 68 1
24 73 1
24 76 1
24 82 1
24 94 1
24 99 1
24 104 1
24 106 1
24 109 1
24 118 1
24 122 1
24 128 1
24 133 1
24 157 1
25 33 1
25 42 1
25 43 1
25 44 1
25 51 1
25 52 1
25 57 1
25 60 1
25 62 1
25 66 1
25 68 1
25 73 1
25 78 1
25 83 1
25 92 1
25 100 1
25 115 1
25 120 1
25 123 1
25 127 1
25 134 1
25 139 1
25 141 1
25 143 1
25 144 1
25 146 1
25 152 1
26 39 1
26 40 1
26 41 1
26 44 1
26 61 1
26 78 1
26 82 1
26 83 1
26 84 1
26 97 1
26 114 1
26 115 1
26 119 1
26 121 1
26 127 1
26 133 1
26 135 1
26 137 1
26 140 1
26 143 1
26 144 1
26 157 1
27 30 1
27 31 1
27 42 1
27 47 1
27 62 1
27 68 1
27 71 1
27 72 1
27 74 1
27 96 1
27 108 1
27 113 1
27 117 1
27 118 1
27 125 1
27 134 1
28 29 1
28 42 1
28 51 1
28 57 1
28 58 1
28 63 1
28 65 1
28 71 1
28 74 1
28 76 1
28 81 1
28 84 1
28 89 1
28 93 1
28 97 1
28 121 1
28 122 1
28 130 1
28 143 1
28 153 1
28 154 1
28 156 1
29 36 1
29 48 1
29 49 1
29 87 1
29 100 1
29 102 1
29 123 1
29 135 1
29 136 1
29 137 1
29 156 1
30 33 1
30 34 1
30 37 1
30 41 1
30 49 1
30 81 1
30 105 1
30 114 1
30 119 1
30 158 1
31 32 1
31 34 1
31 37 1
31 38 1
31 42 1
31 44 1
31 45 1
31 47 1
31 54 1
31 55 1
31 59 1
31 67 1
31 75 1
31 84 1
31 91 1
31 96 1
31 100 1
31 106 1
31 120 1
31 121 1
31 126 1
31 129 1
31 142 1
31 145 1
31 154 1
31 158 1
32 41 1
32 44 1
32 47 1
32 55 1
32 63 1
32 65 1
32 70 1
32 89 1
32 106 1
32 110 1
32 112 1
32 116 1
32 123 1
32 131 1
32 148 1
32 156 1
33 35 1
33 44 1
33 56 1
33 74 1
33 77 1
33 80 1
33 85 1
33 91 1
33 94 1
33 101 1
33 110 1
33 118 1
33 126 1
33 132 1
33 138 1
33 140 1
33 158 1
34 36 1
34 40 1
34 50 1
34 52 1
34 55 1
34 68 1
34 76 1
34 91 1
34 105 1
34 106 1
34 110 1
34 113 1
34 126 1
34 134 1
34 137 1
34 146 1
34 151 1
35 40 1
35 48 1
35 59 1
35 60 1
35 77 1
35 82 1
35 83 1
35 85 1
35 86 1
35 92 1
35 97 1
35 101 1
35 116 1
35 132 1
35 134 1
35 138 1
35 140 1
35 155 1
36 42 1
36 44 1
36 52 1
36 65 1
36 70 1
36 85 1
36 87 1
36 93 1
36 111 1
36 113 1
36 126 1
36 131 1
36 141 1
36 155 1
36 156 1
37 38 1
37 40 1
37 44 1
37 67 1
37 77 1
37 79 1
37 82 1
37 83 1
37 89 1
37 93 1
37 95 1
37 118 1
37 128 1
37 133 1
37 139 1
37 150 1
38 43 1
38 54 1
38 69 1
38 73 1
38 74 1
38 84 1
38 89 1
38 94 1
38 113 1
38 129 1
38 137 1
38 140 1
38 150 1
38 154 1
39 42 1
39 52 1
39 88 1
39 97 1
39 101 1
39 127 1
39 132 1
39 143 1
39 144 1
40 45 1
40 47 1
40 52 1
40 57 1
40 66 1
40 80 1
40 85 1
40 91 1
40 108 1
40 112 1
40 119 1
40 122 1
40 126 1
40 127 1
40 128 1
40 129 1
40 135 1
40 140 1
40 141 1
40 156 1
41 45 1
41 46 1
41 50 1
41 69 1
41 76 1
41 85 1
41 87 1
41 99 1
41 100 1
41 105 1
41 106 1
41 109 1
41 121 1
41 133 1
41 140 1
41 144 1
41 148 1
41 149 1
42 47 1
42 62 1
42 69 1
42 70 1
42 83 1
42 85 1
42 97 1
42 101 1
42 103 1
42 104 1
42 108 1
42 111 1
42 116 1
42 119 1
42 128 1
42 139 1
42 148 1
42 149 1
42 151 1
42 154 1
43 47 1
43 62 1
43 86 1
43 92 1
43 102 1
43 105 1
43 134 1
43 152 1
43 154 1
44 66 1
44 72 1
44 90 1
44 91 1
44 99 1
44 102 1
44 124 1
44 126 1
44 129 1
44 134 1
44 142 1
45 64 1
45 68 1
45 70 1
45 74 1
45 78 1
45 80 1
45 84 1
45 91 1
45 97 1
45 104 1
45 105 1
45 110 1
45 120 1
45 125 1
45 130 1
45 143 1
45 151 1
46 49 1
46 56 1
46 60 1
46 62 1
46 65 1
46 70 1
46 74 1
46 77 1
46 78 1
46 82 1
46 92 1
46 103 1
46 120 1
46 121 1
46 123 1
46 126 1
46 141 1
46 144 1
46 147 1
46 153 1
47 62 1
47 65 1
47 86 1
47 98 1
47 99 1
47 106 1
47 109 1
47 110 1
47 123 1
47 138 1
47 156 1
47 158 1
48 59 1
48 60 1
48 72 1
48 76 1
48 85 1
48 88 1
48 95 1
48 96 1
48 109 1
48 110 1
48 138 1
48 139 1
48 142 1
48 151 1
48 153 1
49 57 1
49 66 1
49 81 1
49 91 1
49 110 1
49 116 1
49 117 1
49 127 1
49 129 1
49 131 1
49 139 1
49 141 1
49 151 1
50 60 1
50 72 1
50 75 1
50 83 1
50 107 1
50 109 1
50 113 1
50 116 1
50 119 1
50 122 1
50 139 1
50 148 1
50 149 1
50 159 1
51 58 1
51 70 1
51 77 1
51 79 1
51 84 1
51 96 1
51 105 1
51 117 1
51 125 1
51 143 1
51 148 1
51 151 1
52 54 1
52 55 1
52 79 1
52 97 1
52 109 1
52 122 1
52 137 1
52 138 1
52 142 1
52 154 1
53 66 1
53 69 1
53 76 1
53 78 1
53 98 1
53 100 1
53 129 1
53 142 1
53 144 1
53 157 1
54 60 1
54 61 1
54 69 1
54 74 1
54 94 1
54 104 1
54 111 1
54 117 1
54 130 1
54 135 1
54 156 1
54 159 1
55 57 1
55 73 1
55 77 1
55 80 1
55 83 1
55 92 1
55 124 1
55 130 1
55 132 1
55 134 1
56 63 1
56 68 1
56 69 1
56 78 1
56 87 1
56 91 1
56 92 1
56 132 1
56 134 1
56 140 1
56 142 1
56 151 1
57 61 1
57 71 1
57 77 1
57 81 1
57 82 1
57 89 1
57 92 1
57 101 1
57 102 1
57 107 1
57 119 1
57 136 1
57 143 1
58 60 1
58 69 1
58 92 1
58 96 1
58 97 1
58 103 1
58 105 1
58 106 1
58 112 1
58 124 1
58 149 1
59 67 1
59 71 1
59 77 1
59 79 1
59 83 1
59 92 1
59 95 1
59 101 1
59 107 1
59 111 1
59 113 1
59 128 1
59 137 1
60 69 1
60 78 1
60 100 1
60 103 1
60 107 1
60 108 1
60 133 1
60 136 1
60 138 1
60 140 1
60 148 1
60 159 1
61 65 1
61 66 1
61 71 1
61 72 1
61 94 1
61 101 1
61 109 1
61 115 1
61 149 1
61 156 1
62 76 1
62 82 1
62 94 1
62 100 1
62 104 1
62 109 1
62 110 1
62 112 1
62 119 1
62 126 1
62 132 1
62 136 1
62 153 1
63 83 1
63 86 1
63 95 1
63 113 1
63 123 1
63 129 1
63 134 1
63 138 1
63 139 1
63 143 1
63 155 1
64 74 1
64 75 1
64 84 1
64 91 1
64 97 1
64 104 1
64 106 1
64 113 1
64 117 1
64 119 1
64 124 1
64 125 1
64 126 1
64 129 1
64 130 1
64 131 1
64 140 1
64 145 1
64 149 1
65 69 1
65 74 1
65 80 1
65 85 1
65 108 1
65 111 1
65 112 1
65 115 1
65 117 1
65 121 1
65 122 1
65 124 1
65 127 1
65 128 1
65 137 1
65 138 1
65 145 1
66 67 1
66 73 1
66 90 1
66 92 1
66 105 1
66 131 1
66 150 1
67 70 1
67 73 1
67 93 1
67 100 1
67 109 1
67 110 1
67 113 1
67 118 1
67 124 1
67 138 1
67 139 1
67 144 1
68 81 1
68 87 1
68 92 1
68 94 1
68 96 1
68 99 1
68 114 1
68 115 1
68 117 1
68 118 1
68 122 1
68 123 1
68 130 1
68 131 1
68 140 1
69 79 1
69 88 1
69 89 1
69 94 1
69 96 1
69 100 1
69 105 1
69 110 1
69 112 1
69 119 1
69 122 1
69 124 1
69 125 1
69 144 1
69 155 1
69 157 1
70 78 1
70 118 1
70 126 1
71 85 1
71 96 1
71 97 1
71 102 1
71 113 1
71 120 1
71 138 1
71 139 1
71 144 1
71 149 1
71 156 1
71 159 1
72 99 1
72 106 1
72 110 1
72 115 1
72 116 1
72 123 1
72 126 1
72 127 1
72 128 1
72 129 1
72 130 1
72 136 1
72 141 1
72 142 1
72 153 1
72 155 1
72 158 1
73 82 1
73 97 1
73 104 1
73 120 1
73 122 1
73 129 1
73 132 1
73 138 1
73 153 1
73 156 1
73 158 1
74 77 1
74 85 1
74 88 1
74 95 1
74 112 1
74 143 1
74 148 1
75 94 1
75 96 1
75 100 1
75 109 1
75 118 1
75 120 1
75 121 1
75 130 1
75 141 1
75 142 1
75 156 1
75 159 1
76 81 1
76 102 1
76 103 1
76 120 1
76 122 1
76 149 1
76 155 1
77 79 1
77 81 1
77 83 1
77 85 1
77 92 1
77 100 1
77 106 1
77 120 1
77 152 1
77 155 1
78 79 1
78 85 1
78 95 1
78 100 1
78 105 1
78 112 1
78 116 1
78 128 1
78 147 1
78 153 1
78 157 1
79 91 1
79 101 1
79 122 1
80 85 1
80 97 1
80 113 1
80 123 1
80 124 1
80 126 1
80 128 1
80 131 1
80 132 1
80 138 1
80 144 1
80 150 1
80 159 1
81 91 1
81 93 1
81 103 1
81 124 1
81 125 1
81 130 1
81 135 1
81 139 1
81 144 1
81 152 1
82 89 1
82 92 1
82 118 1
82 125 1
82 128 1
82 135 1
82 136 1
82 140 1
82 143 1
83 86 1
83 92 1
83 93 1
83 96 1
83 117 1
83 118 1
83 120 1
83 130 1
83 135 1
83 142 1
83 149 1
83 150 1
83 154 1
84 90 1
84 98 1
84 105 1
84 113 1
84 121 1
84 122 1
84 129 1
84 132 1
84 149 1
84 157 1
84 158 1
85 92 1
85 95 1
85 99 1
85 106 1
85 108 1
85 110 1
85 121 1
86 87 1
86 89 1
86 92 1
86 106 1
86 116 1
86 125 1
86 131 1
86 135 1
86 136 1
86 137 1
87 104 1
87 113 1
87 119 1
87 125 1
87 133 1
87 142 1
87 149 1
88 96 1
88 98 1
88 101 1
88 103 1
88 104 1
88 115 1
88 116 1
88 119 1
88 124 1
88 126 1
88 142 1
88 144 1
88 146 1
88 149 1
88 155 1
89 97 1
89 99 1
89 105 1
89 114 1
89 121 1
89 135 1
89 137 1
89 139 1
89 147 1
89 149 1
89 158 1
90 101 1
90 102 1
90 106 1
90 126 1
90 132 1
90 143 1
90 145 1
90 154 1
90 159 1
91 103 1
91 108 1
91 110 1
91 116 1
91 119 1
91 124 1
91 131 1
91 135 1
91 136 1
91 159 1
92 96 1
92 101 1
92 106 1
92 141 1
92 156 1
93 99 1
93 115 1
93 128 1
93 131 1
93 135 1
93 148 1
93 155 1
94 96 1
94 109 1
94 115 1
94 121 1
94 125 1
94 128 1
94 147 1
94 150 1
94 152 1
94 155 1
95 98 1
95 102 1
95 118 1
95 126 1
95 134 1
95 137 1
95 146 1
95 152 1
95 158 1
96 98 1
96 105 1
96 108 1
96 111 1
96 118 1
96 125 1
96 127 1
96 128 1
96 149 1
96 159 1
97 101 1
97 120 1
97 137 1
97 140 1
97 151 1
97 159 1
98 119 1
98 126 1
98 131 1
98 133 1
98 135 1
98 139 1
99 109 1
99 141 1
99 144 1
100 104 1
100 106 1
100 107 1
100 117 1
100 122 1
100 140 1
100 143 1
100 151 1
101 103 1
101 113 1
101 115 1
101 118 1
101 121 1
101 138 1
101 140 1
101 145 1
101 146 1
102 103 1
102 105 1
102 110 1
102 114 1
102 117 1
102 132 1
102 137 1
102 147 1
103 107 1
103 111 1
103 119 1
103 123 1
103 134 1
104 108 1
104 115 1
104 117 1
104 124 1
104 130 1
104 136 1
104 137 1
104 138 1
104 140 1
104 147 1
104 155 1
105 109 1
105 110 1
105 118 1
105 119 1
105 122 1
105 150 1
105 154 1
105 155 1
106 110 1
106 123 1
106 142 1
106 143 1
106 144 1
106 145 1
106 151 1
107 114 1
107 116 1
107 118 1
107 119 1
107 123 1
107 135 1
107 140 1
107 141 1
107 147 1
107 152 1
108 110 1
108 123 1
108 124 1
108 130 1
108 138 1
108 144 1
108 147 1
108 149 1
108 151 1
108 156 1
108 159 1
109 118 1
109 119 1
109 125 1
109 136 1
110 115 1
110 117 1
110 120 1
110 121 1
110 128 1
110 138 1
110 139 1
110 149 1
110 153 1
111 112 1
111 129 1
111 130 1
111 131 1
111 135 1
111 138 1
111 143 1
111 145 1
111 147 1
112 117 1
112 121 1
112 126 1
112 127 1
112 134 1
112 143 1
112 150 1
112 156 1
113 114 1
113 116 1
113 125 1
113 127 1
113 143 1
114 144 1
114 145 1
114 147 1
114 157 1
115 127 1
115 129 1
115 132 1
115 146 1
115 147 1
115 150 1
115 151 1
115 157 1
116 119 1
116 121 1
116 129 1
116 139 1
116 141 1
117 118 1
117 121 1
117 126 1
117 127 1
117 130 1
117 154 1
118 129 1
118 135 1
118 149 1
118 150 1
118 152 1
119 132 1
119 134 1
119 145 1
119 147 1
119 152 1
119 154 1
120 137 1
120 144 1
121 122 1
121 124 1
121 128 1
121 129 1
121 133 1
121 135 1
121 137 1
121 147 1
121 152 1
121 155 1
122 136 1
122 150 1
122 152 1
122 159 1
123 130 1
123 131 1
123 138 1
123 143 1
123 147 1
124 128 1
124 138 1
124 146 1
125 130 1
125 131 1
125 135 1
125 142 1
125 147 1
125 152 1
126 148 1
126 152 1
126 158 1
127 128 1
127 129 1
127 139 1
127 142 1
127 150 1
127 155 1
127 157 1
128 153 1
128 155 1
128 159 1
129 140 1
129 151 1
129 152 1
130 135 1
130 148 1
130 158 1
131 135 1
131 151 1
132 150 1
134 136 1
134 142 1
134 143 1
134 147 1
134 155 1
135 136 1
135 140 1
135 141 1
136 138 1
136 141 1
136 144 1
136 148 1
136 153 1
137 138 1
137 150 1
137 154 1
137 158 1
138 141 1
138 157 1
139 144 1
139 150 1
139 156 1
140 145 1
140 148 1
141 157 1
142 145 1
142 147 1
142 148 1
142 153 1
142 159 1
144 156 1
144 158 1
146 147 1
146 155 1
147 151 1
147 158 1
148 150 1
148 157 1
148 158 1
149 153 1
149 154 1
149 155 1
150 153 1
155 156 1
155 159 1
1
66 96 75 153 143 152 21 64 110 115 41 48 97 27 155 99
