1231
0 11 1
0 13 1
0 41 1
0 44 1
0 56 1
0 57 1
0 59 1
0 68 1
0 79 1
0 85 1
0 86 1
0 87 1
0 101 1
0 107 1
0 111 1
0 115 1
0 119 1
0 120 1
1 5 1
1 9 1
1 10 1
1 17 1
1 27 1
1 29 1
1 36 1
1 37 1
1 58 1
1 63 1
1 91 1
1 95 1
1 101 1
1 106 1
1 112 1
1 121 1
1 123 1
1 128 1
2 3 1
2 7 1
2 8 1
2 18 1
2 33 1
2 34 1
2 49 1
2 54 1
2 62 1
2 67 1
2 72 1
2 91 1
2 92 1
2 99 1
2 101 1
2 104 1
2 108 1
2 109 1
2 120 1
2 128 1
3 4 1
3 7 1
3 19 1
3 22 1
3 42 1
3 50 1
3 53 1
3 69 1
3 78 1
3 87 1
3 92 1
3 93 1
3 98 1
3 101 1
3 102 1
3 105 1
3 121 1
4 6 1
4 8 1
4 18 1
4 20 1
4 36 1
4 49 1
4 52 1
4 53 1
4 54 1
4 63 1
4 66 1
4 81 1
4 82 1
4 84 1
4 86 1
4 92 1
4 95 1
4 101 1
4 103 1
4 107 1
4 111 1
4 124 1
5 32 1
5 34 1
5 43 1
5 53 1
5 70 1
5 74 1
5 75 1
5 78 1
5 79 1
5 97 1
5 101 1
5 103 1
5 105 1
5 115 1
5 124 1
5 125 1
6 18 1
6 21 1
6 23 1
6 38 1
6 41 1
6 43 1
6 52 1
6 62 1
6 76 1
6 80 1
6 87 1
6 95 1
6 96 1
6 99 1
6 112 1
6 117 1
6 123 1
7 10 1
7 20 1
7 22 1
7 23 1
7 26 1
7 28 1
7 48 1
7 50 1
7 52 1
7 57 1
7 65 1
7 80 1
7 90 1
7 91 1
7 98 1
7 106 1
7 110 1
7 114 1
7 118 1
7 124 1
8 20 1
8 25 1
8 32 1
8 48 1
8 53 1
8 60 1
8 61 1
8 77 1
8 78 1
8 83 1
8 96 1
8 97 1
8 116 1
8 119 1
9 14 1
9 21 1
9 23 1
9 25 1
9 27 1
9 36 1
9 37 1
9 44 1
9 45 1
9 46 1
9 54 1
9 60 1
9 65 1
9 67 1
9 71 1
9 79 1
9 80 1
9 85 1
9 104 1
9 122 1
9 127 1
10 11 1
10 20 1
10 28 1
10 35 1
10 39 1
10 47 1
10 51 1
10 61 1
10 73 1
10 80 1
10 81 1
10 98 1
10 105 1
10 108 1
10 109 1
10 110 1
10 115 1
11 13 1
11 25 1
11 36 1
11 38 1
11 48 1
11 49 1
11 56 1
11 58 1
11 87 1
11 89 1
11 119 1
11 122 1
12 25 1
12 39 1
12 43 1
12 58 1
12 59 1
12 60 1
12 63 1
12 67 1
12 68 1
12 80 1
12 97 1
12 103 1
12 106 1
12 110 1
12 115 1
12 121 1
12 124 1
13 17 1
13 19 1
13 20 1
13 21 1
13 24 1
13 28 1
13 38 1
13 69 1
13 71 1
13 72 1
13 84 1
13 85 1
13 89 1
13 94 1
13 99 1
13 107 1
13 110 1
13 125 1
13 126 1
14 17 1
14 21 1
14 22 1
14 24 1
14 26 1
14 27 1
14 32 1
14 33 1
14 52 1
14 53 1
14 55 1
14 57 1
14 63 1
14 71 1
14 77 1
14 86 1
14 91 1
14 92 1
14 112 1
14 116 1
14 117 1
14 118 1
14 120 1
15 16 1
15 30 1
15 34 1
15 37 1
15 42 1
15 50 1
15 62 1
15 64 1
15 75 1
15 88 1
15 99 1
15 103 1
15 105 1
15 111 1
15 112 1
15 115 1
15 121 1
16 20 1
16 22 1
16 23 1
16 24 1
16 29 1
16 35 1
16 44 1
16 56 1
16 70 1
16 73 1
16 80 1
16 81 1
16 90 1
16 94 1
16 99 1
16 102 1
16 112 1
16 114 1
16 115 1
16 129 1
17 49 1
17 51 1
17 70 1
17 77 1
17 78 1
17 85 1
17 86 1
17 92 1
17 98 1
17 100 1
17 101 1
17 105 1
17 107 1
17 123 1
17 124 1
18 23 1
18 24 1
18 36 1
18 42 1
18 50 1
18 60 1
18 62 1
18 63 1
18 65 1
18 70 1
18 73 1
18 82 1
18 86 1
18 97 1
18 101 1
18 120 1
18 121 1
19 22 1
19 38 1
19 40 1
19 56 1
19 60 1
19 62 1
19 73 1
19 78 1
19 95 1
19 107 1
19 108 1
19 110 1
19 114 1
19 124 1
20 22 1
20 32 1
20 35 1
20 36 1
20 41 1
20 49 1
20 59 1
20 68 1
20 74 1
20 83 1
20 88 1
20 93 1
20 94 1
20 95 1
20 96 1
20 98 1
20 104 1
20 110 1
20 126 1
21 23 1
21 24 1
21 60 1
21 66 1
21 69 1
21 75 1
21 76 1
21 81 1
21 106 1
21 108 1
21 121 1
21 127 1
22 24 1
22 30 1
22 31 1
22 38 1
22 57 1
22 58 1
22 59 1
22 60 1
22 64 1
22 68 1
22 73 1
22 78 1
22 81 1
22 93 1
22 95 1
22 96 1
22 105 1
22 110 1
22 116 1
22 121 1
22 122 1
22 123 1
23 27 1
23 29 1
23 35 1
23 38 1
23 45 1
23 62 1
23 63 1
23 83 1
23 95 1
23 100 1
23 103 1
23 106 1
23 113 1
24 26 1
24 27 1
24 33 1
24 39 1
24 47 1
24 62 1
24 66 1
24 67 1
24 87 1
24 90 1
24 93 1
24 97 1
24 102 1
24 106 1
24 108 1
24 109 1
24 110 1
24 114 1
24 126 1
24 128 1
25 29 1
25 32 1
25 39 1
25 57 1
25 58 1
25 65 1
25 66 1
25 68 1
25 81 1
25 83 1
25 95 1
25 107 1
25 120 1
25 125 1
26 31 1
26 33 1
26 41 1
26 47 1
26 70 1
26 74 1
26 88 1
26 90 1
26 95 1
26 109 1
26 110 1
26 112 1
26 117 1
26 118 1
26 120 1
26 123 1
26 129 1
27 37 1
27 38 1
27 53 1
27 70 1
27 74 1
27 93 1
27 110 1
27 114 1
27 124 1
27 128 1
28 44 1
28 45 1
28 53 1
28 61 1
28 65 1
28 72 1
28 78 1
28 82 1
28 84 1
28 89 1
28 117 1
28 120 1
28 123 1
28 125 1
29 37 1
29 38 1
29 43 1
29 44 1
29 46 1
29 61 1
29 64 1
29 72 1
29 75 1
29 78 1
29 100 1
29 113 1
29 115 1
29 118 1
29 123 1
29 125 1
30 31 1
30 35 1
30 44 1
30 51 1
30 52 1
30 54 1
30 55 1
30 59 1
30 63 1
30 78 1
30 93 1
30 95 1
30 100 1
30 129 1
31 39 1
31 40 1
31 48 1
31 57 1
31 63 1
31 80 1
31 81 1
31 85 1
31 87 1
31 103 1
31 107 1
31 109 1
31 115 1
31 127 1
32 36 1
32 54 1
32 58 1
32 59 1
32 82 1
32 85 1
32 93 1
32 123 1
32 128 1
33 34 1
33 36 1
33 39 1
33 48 1
33 49 1
33 50 1
33 67 1
33 68 1
33 88 1
33 117 1
33 119 1
33 122 1
33 124 1
33 128 1
34 50 1
34 61 1
34 65 1
34 76 1
34 96 1
34 118 1
34 123 1
34 126 1
35 45 1
35 51 1
35 74 1
35 78 1
35 106 1
35 109 1
35 119 1
36 40 1
36 52 1
36 58 1
36 62 1
36 77 1
36 83 1
36 88 1
36 89 1
36 97 1
36 112 1
36 117 1
36 127 1
36 128 1
37 42 1
37 60 1
37 65 1
37 67 1
37 88 1
37 91 1
37 99 1
37 102 1
37 113 1
37 120 1
37 126 1
37 127 1
37 128 1
38 40 1
38 41 1
38 45 1
38 93 1
38 102 1
38 108 1
38 119 1
39 50 1
39 51 1
39 54 1
39 69 1
39 76 1
39 79 1
39 80 1
39 82 1
39 89 1
39 96 1
39 99 1
39 103 1
39 104 1
39 108 1
39 109 1
39 115 1
39 118 1
39 121 1
39 123 1
39 124 1
39 127 1
40 44 1
40 48 1
40 60 1
40 61 1
40 67 1
40 91 1
40 93 1
40 94 1
40 105 1
40 106 1
40 112 1
40 115 1
41 43 1
41 46 1
41 53 1
41 69 1
41 82 1
41 88 1
41 90 1
41 104 1
41 106 1
42 54 1
42 58 1
42 65 1
42 73 1
42 76 1
42 85 1
42 94 1
42 95 1
42 101 1
42 109 1
42 116 1
42 126 1
43 54 1
43 56 1
43 59 1
43 62 1
43 74 1
43 94 1
43 97 1
43 107 1
43 111 1
43 122 1
44 45 1
44 50 1
44 52 1
44 56 1
44 65 1
44 80 1
44 81 1
44 83 1
44 86 1
44 96 1
44 99 1
44 112 1
45 59 1
45 62 1
45 66 1
45 76 1
45 84 1
45 85 1
45 89 1
45 90 1
45 98 1
45 102 1
45 105 1
45 111 1
45 117 1
45 126 1
46 52 1
46 57 1
46 61 1
46 91 1
46 92 1
46 95 1
46 96 1
46 97 1
46 100 1
46 105 1
46 111 1
46 116 1
46 121 1
46 125 1
47 49 1
47 67 1
47 69 1
47 75 1
47 78 1
47 79 1
47 81 1
47 83 1
47 89 1
47 98 1
47 107 1
47 112 1
47 114 1
47 116 1
47 117 1
47 118 1
47 120 1
47 122 1
47 123 1
47 128 1
48 53 1
48 54 1
48 58 1
48 61 1
48 68 1
48 82 1
48 87 1
48 104 1
48 109 1
48 113 1
48 114 1
48 118 1
49 56 1
49 67 1
49 69 1
49 87 1
49 88 1
49 95 1
49 98 1
49 103 1
49 116 1
49 129 1
50 51 1
50 56 1
50 69 1
50 73 1
50 82 1
50 87 1
50 96 1
50 111 1
50 113 1
50 119 1
51 58 1
51 63 1
51 66 1
51 68 1
51 72 1
51 73 1
51 84 1
51 87 1
51 91 1
51 102 1
51 109 1
51 112 1
51 118 1
51 124 1
51 128 1
52 53 1
52 63 1
52 76 1
52 78 1
52 79 1
52 80 1
52 111 1
52 113 1
52 124 1
52 126 1
53 54 1
53 63 1
53 74 1
53 75 1
53 94 1
53 104 1
53 109 1
53 110 1
53 117 1
53 118 1
53 119 1
53 125 1
54 61 1
54 62 1
54 65 1
54 75 1
54 85 1
54 99 1
54 104 1
54 105 1
54 106 1
54 109 1
54 111 1
54 122 1
54 129 1
55 71 1
55 75 1
55 79 1
55 92 1
55 104 1
55 106 1
55 109 1
55 113 1
55 115 1
55 128 1
56 67 1
56 81 1
56 90 1
56 102 1
56 104 1
56 113 1
56 121 1
56 128 1
57 62 1
57 89 1
57 92 1
57 95 1
57 101 1
57 104 1
57 112 1
57 116 1
57 117 1
57 125 1
58 61 1
58 63 1
58 64 1
58 75 1
58 78 1
58 80 1
58 81 1
58 89 1
58 94 1
58 103 1
58 107 1
58 109 1
58 115 1
58 120 1
59 62 1
59 63 1
59 66 1
59 82 1
59 90 1
59 96 1
59 112 1
59 115 1
59 119 1
60 65 1
60 75 1
60 76 1
60 85 1
60 87 1
60 91 1
60 101 1
60 102 1
60 106 1
60 110 1
60 121 1
60 122 1
61 63 1
61 73 1
61 83 1
61 90 1
61 91 1
61 94 1
61 101 1
61 105 1
61 106 1
61 113 1
61 128 1
62 73 1
62 74 1
62 81 1
62 82 1
62 94 1
62 95 1
62 101 1
62 106 1
62 111 1
62 115 1
62 121 1
63 73 1
63 79 1
63 85 1
63 100 1
63 111 1
63 128 1
64 68 1
64 76 1
64 104 1
64 120 1
64 125 1
65 73 1
65 79 1
65 86 1
65 89 1
65 96 1
65 116 1
65 129 1
66 71 1
66 81 1
66 87 1
66 89 1
66 95 1
66 96 1
66 106 1
66 108 1
66 111 1
66 116 1
66 118 1
66 127 1
67 72 1
67 73 1
67 79 1
67 80 1
67 88 1
67 89 1
67 103 1
67 119 1
67 121 1
67 127 1
68 72 1
68 101 1
68 110 1
68 118 1
68 127 1
68 128 1
69 71 1
69 73 1
69 85 1
69 96 1
69 109 1
69 114 1
69 118 1
69 120 1
69 129 1
70 78 1
70 83 1
70 90 1
70 93 1
70 94 1
70 96 1
70 99 1
70 101 1
70 106 1
70 109 1
70 111 1
70 112 1
70 118 1
70 122 1
70 123 1
71 72 1
71 75 1
71 93 1
71 96 1
71 107 1
71 109 1
71 110 1
71 113 1
71 118 1
71 124 1
71 128 1
72 76 1
72 81 1
72 90 1
72 99 1
72 100 1
72 105 1
72 111 1
72 123 1
72 125 1
73 82 1
73 83 1
73 89 1
73 93 1
73 95 1
73 109 1
73 114 1
73 115 1
73 127 1
74 78 1
74 81 1
74 88 1
74 89 1
74 98 1
74 117 1
74 118 1
74 129 1
75 78 1
75 85 1
75 112 1
75 122 1
75 129 1
76 78 1
76 80 1
76 87 1
76 108 1
76 121 1
76 122 1
76 124 1
76 129 1
77 79 1
77 81 1
77 108 1
77 115 1
77 116 1
77 118 1
78 79 1
78 90 1
78 93 1
78 109 1
78 118 1
79 81 1
79 96 1
79 98 1
79 108 1
79 113 1
79 124 1
80 82 1
80 87 1
80 89 1
80 93 1
80 96 1
80 115 1
80 117 1
81 83 1
81 85 1
81 88 1
81 94 1
81 105 1
81 110 1
81 114 1
81 115 1
81 116 1
81 127 1
82 85 1
82 87 1
82 90 1
82 91 1
82 102 1
82 104 1
82 105 1
82 111 1
82 113 1
82 116 1
82 119 1
82 122 1
82 125 1
83 86 1
83 87 1
83 89 1
83 91 1
83 102 1
83 105 1
83 109 1
83 116 1
83 128 1
83 129 1
84 96 1
84 99 1
84 113 1
84 114 1
84 120 1
85 86 1
85 94 1
85 96 1
85 104 1
85 116 1
85 122 1
85 124 1
86 98 1
86 103 1
86 104 1
86 108 1
86 118 1
86 121 1
87 88 1
87 97 1
87 104 1
87 121 1
88 89 1
88 91 1
88 99 1
88 110 1
88 122 1
88 123 1
89 99 1
89 103 1
89 113 1
89 115 1
89 118 1
89 128 1
90 110 1
90 114 1
90 119 1
90 125 1
91 93 1
91 101 1
91 103 1
91 108 1
91 115 1
91 118 1
91 124 1
92 104 1
92 111 1
92 115 1
92 121 1
92 126 1
93 99 1
93 103 1
93 105 1
93 107 1
93 109 1
93 116 1
93 119 1
93 121 1
94 99 1
94 105 1
94 124 1
95 110 1
95 128 1
96 97 1
96 109 1
96 122 1
96 126 1
97 114 1
97 121 1
97 125 1
98 101 1
98 102 1
98 103 1
98 124 1
98 128 1
98 129 1
99 102 1
99 103 1
99 112 1
99 113 1
99 121 1
99 125 1
99 127 1
100 104 1
100 106 1
100 111 1
100 125 1
100 128 1
101 115 1
101 128 1
102 106 1
102 107 1
102 112 1
102 117 1
102 120 1
102 127 1
102 129 1
103 106 1
103 115 1
103 125 1
104 112 1
104 124 1
104 126 1
104 127 1
105 120 1
105 126 1
106 126 1
107 114 1
107 120 1
107 121 1
107 125 1
107 127 1
108 113 1
108 126 1
108 129 1
109 120 1
109 121 1
109 126 1
110 118 1
110 122 1
111 114 1
111 118 1
111 125 1
112 118 1
112 121 1
113 115 1
113 116 1
113 117 1
113 125 1
114 121 1
114 126 1
115 117 1
115 122 1
115 127 1
116 123 1
116 124 1
116 126 1
117 118 1
117 120 1
117 121 1
117 123 1
117 129 1
119 127 1
121 129 1
122 123 1
122 126 1
123 128 1
124 129 1
125 126 1
125 127 1
126 127 1
126 128 1
126 129 1
1
118 21 60 61 2 66 127 26 53 99 58 41 83
