2060
0 8 1
0 22 1
0 26 1
0 29 1
0 33 1
0 39 1
0 50 1
0 56 1
0 71 1
0 81 1
0 90 1
0 92 1
0 97 1
0 99 1
0 105 1
0 106 1
0 114 1
0 116 1
0 123 1
0 133 1
0 136 1
0 139 1
0 160 1
0 165 1
0 166 1
0 180 1
0 184 1
0 185 1
0 187 1
1 14 1
1 16 1
1 21 1
1 41 1
1 44 1
1 58 1
1 89 1
1 90 1
1 92 1
1 127 1
1 146 1
1 159 1
1 182 1
1 186 1
1 196 1
2 9 1
2 13 1
2 39 1
2 40 1
2 44 1
2 45 1
2 47 1
2 57 1
2 61 1
2 65 1
2 72 1
2 86 1
2 88 1
2 102 1
2 105 1
2 114 1
2 116 1
2 122 1
2 126 1
2 127 1
2 134 1
2 141 1
2 152 1
2 155 1
2 156 1
2 157 1
2 160 1
2 176 1
2 183 1
2 184 1
2 186 1
2 190 1
3 22 1
3 31 1
3 34 1
3 44 1
3 48 1
3 62 1
3 72 1
3 83 1
3 85 1
3 95 1
3 125 1
3 128 1
3 154 1
3 161 1
3 169 1
3 180 1
3 185 1
3 187 1
4 7 1
4 11 1
4 22 1
4 33 1
4 62 1
4 65 1
4 68 1
4 71 1
4 75 1
4 92 1
4 101 1
4 106 1
4 110 1
4 162 1
4 165 1
4 168 1
4 183 1
4 194 1
4 197 1
5 8 1
5 9 1
5 15 1
5 43 1
5 44 1
5 77 1
5 78 1
5 82 1
5 86 1
5 88 1
5 131 1
5 172 1
5 177 1
5 179 1
5 191 1
6 9 1
6 58 1
6 62 1
6 72 1
6 103 1
6 133 1
6 134 1
6 139 1
6 146 1
6 147 1
6 153 1
6 158 1
7 24 1
7 27 1
7 36 1
7 40 1
7 51 1
7 56 1
7 58 1
7 71 1
7 76 1
7 90 1
7 102 1
7 108 1
7 114 1
7 120 1
7 142 1
7 143 1
7 148 1
7 154 1
7 161 1
7 177 1
7 181 1
8 21 1
8 26 1
8 34 1
8 64 1
8 69 1
8 70 1
8 72 1
8 74 1
8 76 1
8 77 1
8 86 1
8 96 1
8 98 1
8 107 1
8 109 1
8 119 1
8 131 1
8 153 1
8 158 1
8 161 1
8 169 1
8 178 1
8 188 1
8 192 1
8 193 1
8 199 1
9 41 1
9 44 1
9 47 1
9 57 1
9 61 1
9 73 1
9 75 1
9 93 1
9 101 1
9 118 1
9 119 1
9 126 1
9 130 1
9 144 1
9 146 1
9 148 1
9 152 1
9 155 1
9 158 1
9 161 1
9 171 1
9 181 1
9 185 1
9 186 1
9 191 1
10 21 1
10 32 1
10 48 1
10 69 1
10 79 1
10 86 1
10 91 1
10 115 1
10 125 1
10 162 1
10 164 1
10 166 1
10 175 1
10 186 1
10 199 1
11 25 1
11 35 1
11 38 1
11 57 1
11 84 1
11 89 1
11 96 1
11 99 1
11 114 1
11 115 1
11 127 1
11 129 1
11 132 1
11 137 1
11 140 1
11 146 1
11 150 1
11 151 1
11 161 1
11 162 1
11 183 1
12 22 1
12 27 1
12 28 1
12 37 1
12 38 1
12 50 1
12 75 1
12 82 1
12 92 1
12 104 1
12 113 1
12 138 1
12 147 1
12 153 1
12 190 1
13 16 1
13 21 1
13 22 1
13 24 1
13 32 1
13 37 1
13 40 1
13 41 1
13 46 1
13 62 1
13 71 1
13 77 1
13 102 1
13 116 1
13 117 1
13 119 1
13 131 1
13 141 1
13 143 1
13 145 1
13 154 1
13 187 1
13 192 1
14 28 1
14 30 1
14 38 1
14 40 1
14 43 1
14 54 1
14 55 1
14 65 1
14 67 1
14 69 1
14 85 1
14 86 1
14 101 1
14 106 1
14 107 1
14 117 1
14 121 1
14 131 1
14 135 1
14 150 1
14 159 1
14 169 1
14 175 1
14 186 1
14 192 1
14 199 1
15 42 1
15 47 1
15 49 1
15 65 1
15 86 1
15 87 1
15 96 1
15 123 1
15 125 1
15 127 1
15 140 1
15 146 1
15 149 1
15 161 1
15 167 1
15 178 1
15 179 1
15 191 1
15 196 1
15 198 1
16 30 1
16 33 1
16 39 1
16 44 1
16 49 1
16 57 1
16 92 1
16 103 1
16 106 1
16 117 1
16 137 1
16 146 1
16 151 1
16 153 1
16 159 1
16 167 1
16 194 1
16 195 1
17 19 1
17 21 1
17 25 1
17 29 1
17 43 1
17 45 1
17 52 1
17 61 1
17 62 1
17 64 1
17 82 1
17 89 1
17 92 1
17 106 1
17 121 1
17 151 1
17 152 1
17 161 1
17 162 1
17 171 1
17 172 1
17 185 1
18 19 1
18 26 1
18 39 1
18 43 1
18 48 1
18 50 1
18 54 1
18 81 1
18 90 1
18 118 1
18 119 1
18 135 1
18 151 1
18 181 1
18 186 1
18 190 1
18 197 1
18 199 1
19 27 1
19 28 1
19 45 1
19 47 1
19 56 1
19 69 1
19 86 1
19 93 1
19 110 1
19 114 1
19 143 1
19 145 1
19 149 1
19 155 1
19 164 1
19 187 1
19 190 1
20 23 1
20 27 1
20 33 1
20 41 1
20 46 1
20 47 1
20 70 1
20 84 1
20 99 1
20 113 1
20 116 1
20 128 1
20 136 1
20 148 1
20 152 1
20 169 1
20 173 1
20 186 1
20 188 1
21 34 1
21 40 1
21 64 1
21 77 1
21 103 1
21 108 1
21 110 1
21 142 1
21 149 1
21 153 1
21 162 1
21 189 1
21 192 1
21 194 1
22 29 1
22 30 1
22 41 1
22 56 1
22 60 1
22 87 1
22 90 1
22 112 1
22 143 1
22 148 1
22 161 1
22 174 1
22 176 1
22 181 1
23 28 1
23 41 1
23 50 1
23 86 1
23 99 1
23 119 1
23 137 1
23 139 1
23 142 1
24 29 1
24 30 1
24 36 1
24 39 1
24 44 1
24 59 1
24 66 1
24 77 1
24 85 1
24 86 1
24 89 1
24 90 1
24 93 1
24 96 1
24 103 1
24 108 1
24 115 1
24 118 1
24 122 1
24 145 1
24 165 1
24 167 1
24 169 1
24 183 1
24 188 1
24 196 1
24 197 1
25 35 1
25 39 1
25 46 1
25 47 1
25 48 1
25 55 1
25 70 1
25 77 1
25 79 1
25 81 1
25 86 1
25 87 1
25 102 1
25 105 1
25 124 1
25 139 1
25 156 1
25 159 1
25 166 1
25 170 1
25 187 1
26 32 1
26 41 1
26 50 1
26 79 1
26 82 1
26 84 1
26 89 1
26 90 1
26 102 1
26 106 1
26 107 1
26 118 1
26 122 1
26 143 1
26 148 1
26 166 1
26 170 1
26 178 1
26 180 1
26 183 1
27 40 1
27 47 1
27 70 1
27 82 1
27 101 1
27 110 1
27 111 1
27 113 1
27 120 1
27 128 1
27 131 1
27 132 1
27 138 1
27 141 1
27 174 1
27 181 1
27 187 1
27 191 1
28 34 1
28 41 1
28 43 1
28 46 1
28 53 1
28 59 1
28 61 1
28 68 1
28 81 1
28 84 1
28 102 1
28 134 1
28 137 1
28 138 1
28 149 1
28 158 1
28 160 1
28 170 1
28 178 1
28 185 1
29 32 1
29 40 1
29 45 1
29 52 1
29 55 1
29 59 1
29 75 1
29 83 1
29 95 1
29 103 1
29 106 1
29 111 1
29 114 1
29 125 1
29 134 1
29 148 1
29 166 1
30 35 1
30 37 1
30 42 1
30 46 1
30 53 1
30 56 1
30 59 1
30 92 1
30 109 1
30 111 1
30 127 1
30 143 1
30 151 1
30 158 1
30 166 1
30 192 1
31 38 1
31 39 1
31 50 1
31 64 1
31 65 1
31 66 1
31 67 1
31 68 1
31 70 1
31 95 1
31 108 1
31 109 1
31 112 1
31 114 1
31 144 1
31 156 1
31 164 1
31 176 1
31 191 1
32 42 1
32 49 1
32 72 1
32 77 1
32 96 1
32 98 1
32 133 1
32 161 1
32 166 1
32 175 1
32 177 1
32 179 1
32 190 1
32 193 1
33 58 1
33 66 1
33 83 1
33 92 1
33 107 1
33 114 1
33 115 1
33 120 1
33 126 1
33 131 1
33 136 1
33 142 1
33 149 1
33 152 1
33 158 1
33 159 1
33 160 1
33 161 1
33 174 1
33 187 1
33 190 1
33 194 1
34 39 1
34 40 1
34 41 1
34 62 1
34 64 1
34 65 1
34 92 1
34 102 1
34 103 1
34 106 1
34 156 1
34 159 1
34 165 1
34 170 1
34 173 1
34 198 1
35 41 1
35 53 1
35 84 1
35 90 1
35 96 1
35 103 1
35 113 1
35 127 1
35 133 1
35 151 1
35 155 1
35 169 1
35 174 1
36 42 1
36 59 1
36 82 1
36 94 1
36 117 1
36 124 1
36 132 1
36 144 1
36 149 1
36 150 1
36 160 1
36 161 1
36 164 1
36 167 1
36 171 1
36 172 1
36 194 1
36 195 1
37 40 1
37 53 1
37 62 1
37 86 1
37 150 1
37 157 1
37 175 1
37 184 1
37 189 1
38 52 1
38 54 1
38 59 1
38 61 1
38 66 1
38 81 1
38 102 1
38 103 1
38 109 1
38 111 1
38 115 1
38 116 1
38 126 1
38 130 1
38 140 1
38 145 1
38 152 1
38 170 1
38 182 1
38 198 1
39 42 1
39 44 1
39 55 1
39 64 1
39 74 1
39 76 1
39 90 1
39 91 1
39 99 1
39 119 1
39 122 1
39 174 1
39 176 1
39 198 1
40 50 1
40 64 1
40 75 1
40 77 1
40 79 1
40 87 1
40 102 1
40 104 1
40 107 1
40 124 1
40 127 1
40 133 1
40 149 1
40 152 1
40 161 1
40 179 1
40 199 1
41 52 1
41 57 1
41 68 1
41 73 1
41 102 1
41 120 1
41 128 1
41 131 1
41 141 1
41 142 1
41 146 1
41 154 1
41 157 1
41 167 1
41 168 1
41 171 1
41 176 1
42 50 1
42 53 1
42 55 1
42 56 1
42 70 1
42 77 1
42 89 1
42 92 1
42 95 1
42 98 1
42 103 1
42 115 1
42 125 1
42 153 1
42 160 1
42 170 1
42 171 1
42 181 1
42 193 1
43 46 1
43 47 1
43 51 1
43 52 1
43 70 1
43 73 1
43 80 1
43 88 1
43 99 1
43 109 1
43 136 1
43 151 1
43 170 1
43 182 1
43 185 1
43 187 1
43 190 1
43 199 1
44 53 1
44 59 1
44 62 1
44 72 1
44 121 1
44 122 1
44 132 1
44 144 1
44 145 1
44 150 1
44 161 1
44 162 1
44 172 1
44 179 1
44 183 1
44 186 1
44 188 1
44 191 1
44 192 1
45 46 1
45 53 1
45 56 1
45 64 1
45 71 1
45 81 1
45 96 1
45 105 1
45 115 1
45 137 1
45 141 1
45 145 1
45 154 1
45 179 1
45 180 1
46 58 1
46 70 1
46 77 1
46 84 1
46 109 1
46 112 1
46 142 1
46 161 1
46 163 1
46 180 1
46 193 1
46 197 1
47 52 1
47 60 1
47 69 1
47 70 1
47 77 1
47 81 1
47 83 1
47 84 1
47 105 1
47 110 1
47 114 1
47 122 1
47 126 1
47 128 1
47 129 1
47 132 1
47 133 1
47 137 1
47 138 1
47 156 1
47 171 1
47 174 1
47 177 1
48 52 1
48 72 1
48 78 1
48 103 1
48 117 1
48 126 1
48 130 1
48 132 1
48 144 1
48 154 1
48 156 1
48 157 1
48 171 1
49 65 1
49 95 1
49 101 1
49 108 1
49 111 1
49 117 1
49 130 1
49 135 1
49 160 1
49 174 1
49 189 1
49 195 1
49 197 1
50 63 1
50 66 1
50 87 1
50 89 1
50 98 1
50 103 1
50 130 1
50 136 1
50 138 1
50 156 1
50 161 1
50 167 1
50 175 1
50 196 1
51 60 1
51 65 1
51 66 1
51 67 1
51 68 1
51 69 1
51 74 1
51 76 1
51 85 1
51 93 1
51 112 1
51 118 1
51 141 1
51 176 1
51 191 1
51 193 1
52 54 1
52 57 1
52 59 1
52 63 1
52 66 1
52 94 1
52 100 1
52 101 1
52 115 1
52 119 1
52 122 1
52 125 1
52 135 1
52 141 1
52 164 1
52 166 1
52 191 1
53 56 1
53 60 1
53 78 1
53 83 1
53 103 1
53 125 1
53 126 1
53 130 1
53 131 1
53 142 1
53 147 1
53 148 1
53 150 1
53 152 1
53 156 1
53 171 1
53 181 1
54 71 1
54 73 1
54 83 1
54 105 1
54 117 1
54 119 1
54 120 1
54 150 1
54 166 1
54 174 1
54 181 1
54 191 1
54 196 1
55 62 1
55 68 1
55 72 1
55 77 1
55 91 1
55 96 1
55 102 1
55 112 1
55 137 1
55 155 1
55 162 1
55 183 1
56 78 1
56 95 1
56 110 1
56 118 1
56 132 1
56 152 1
56 163 1
56 178 1
56 180 1
56 181 1
56 185 1
56 186 1
57 84 1
57 93 1
57 104 1
57 125 1
57 129 1
57 131 1
57 150 1
57 158 1
57 171 1
57 174 1
57 176 1
58 77 1
58 82 1
58 87 1
58 110 1
58 116 1
58 119 1
58 122 1
58 124 1
58 127 1
58 153 1
58 164 1
58 167 1
58 171 1
58 172 1
58 175 1
58 183 1
59 61 1
59 64 1
59 65 1
59 91 1
59 94 1
59 100 1
59 106 1
59 113 1
59 116 1
59 125 1
59 129 1
59 133 1
59 150 1
59 160 1
59 161 1
59 172 1
59 173 1
59 179 1
60 87 1
60 91 1
60 111 1
60 117 1
60 119 1
60 122 1
60 137 1
60 174 1
60 187 1
60 194 1
61 70 1
61 71 1
61 72 1
61 82 1
61 95 1
61 103 1
61 104 1
61 105 1
61 123 1
61 155 1
61 183 1
62 79 1
62 81 1
62 82 1
62 103 1
62 111 1
62 118 1
62 138 1
62 144 1
62 146 1
62 148 1
62 162 1
62 168 1
62 176 1
62 183 1
62 197 1
62 199 1
63 69 1
63 86 1
63 89 1
63 93 1
63 99 1
63 104 1
63 111 1
63 114 1
63 115 1
63 120 1
63 130 1
63 134 1
63 145 1
63 146 1
63 149 1
63 159 1
63 166 1
63 177 1
63 178 1
63 182 1
64 68 1
64 72 1
64 86 1
64 91 1
64 94 1
64 98 1
64 100 1
64 129 1
64 135 1
64 138 1
64 182 1
64 185 1
65 70 1
65 88 1
65 92 1
65 95 1
65 99 1
65 106 1
65 125 1
65 127 1
65 129 1
65 145 1
65 157 1
65 172 1
65 175 1
65 179 1
65 194 1
65 198 1
66 79 1
66 98 1
66 109 1
66 112 1
66 114 1
66 132 1
66 160 1
66 161 1
66 173 1
66 186 1
66 193 1
67 75 1
67 79 1
67 82 1
67 85 1
67 91 1
67 94 1
67 98 1
67 102 1
67 105 1
67 107 1
67 111 1
67 141 1
67 147 1
67 148 1
67 157 1
67 159 1
67 170 1
67 175 1
67 199 1
68 71 1
68 94 1
68 105 1
68 138 1
68 139 1
68 149 1
68 158 1
68 173 1
68 178 1
68 189 1
68 197 1
68 199 1
69 88 1
69 95 1
69 98 1
69 117 1
69 126 1
69 129 1
69 152 1
69 160 1
69 178 1
70 71 1
70 91 1
70 111 1
70 124 1
70 128 1
70 129 1
70 142 1
70 143 1
70 146 1
70 156 1
70 159 1
70 162 1
70 181 1
70 199 1
71 79 1
71 112 1
71 131 1
71 132 1
71 147 1
71 148 1
71 164 1
71 168 1
71 171 1
71 175 1
71 176 1
71 182 1
72 75 1
72 79 1
72 80 1
72 84 1
72 88 1
72 90 1
72 91 1
72 117 1
72 128 1
72 129 1
72 144 1
72 145 1
72 149 1
72 159 1
72 164 1
72 168 1
72 181 1
73 77 1
73 79 1
73 90 1
73 93 1
73 94 1
73 100 1
73 111 1
73 117 1
73 121 1
73 124 1
73 129 1
73 131 1
73 147 1
73 166 1
73 169 1
73 175 1
73 181 1
73 191 1
73 195 1
74 77 1
74 81 1
74 90 1
74 93 1
74 95 1
74 96 1
74 97 1
74 98 1
74 124 1
74 146 1
74 187 1
75 81 1
75 82 1
75 100 1
75 102 1
75 121 1
75 129 1
75 137 1
75 142 1
75 148 1
75 168 1
75 173 1
75 179 1
76 88 1
76 92 1
76 94 1
76 102 1
76 110 1
76 115 1
76 122 1
76 143 1
76 150 1
76 151 1
76 159 1
76 192 1
77 79 1
77 87 1
77 94 1
77 95 1
77 99 1
77 103 1
77 112 1
77 113 1
77 141 1
77 151 1
77 157 1
77 166 1
77 175 1
77 180 1
77 190 1
78 85 1
78 89 1
78 95 1
78 109 1
78 116 1
78 121 1
78 128 1
78 137 1
78 138 1
78 139 1
78 144 1
78 156 1
78 163 1
78 166 1
78 173 1
78 183 1
78 187 1
78 188 1
79 105 1
79 116 1
79 125 1
79 130 1
79 138 1
79 161 1
79 173 1
79 182 1
79 183 1
79 186 1
79 188 1
80 94 1
80 101 1
80 115 1
80 120 1
80 139 1
80 141 1
80 144 1
80 158 1
80 188 1
80 189 1
81 82 1
81 83 1
81 84 1
81 103 1
81 114 1
81 119 1
81 123 1
81 149 1
81 152 1
81 155 1
81 161 1
81 172 1
81 191 1
81 198 1
82 83 1
82 95 1
82 102 1
82 103 1
82 104 1
82 105 1
82 116 1
82 119 1
82 120 1
82 134 1
82 159 1
82 162 1
82 178 1
82 179 1
82 183 1
82 190 1
82 194 1
83 85 1
83 91 1
83 97 1
83 108 1
83 113 1
83 120 1
83 131 1
83 135 1
83 164 1
83 165 1
83 166 1
83 187 1
83 189 1
84 97 1
84 103 1
84 118 1
84 130 1
84 146 1
84 167 1
84 169 1
84 172 1
84 181 1
84 184 1
84 195 1
85 93 1
85 114 1
85 117 1
85 127 1
85 130 1
85 141 1
85 142 1
85 148 1
85 149 1
85 169 1
85 172 1
85 174 1
85 176 1
85 178 1
85 189 1
86 89 1
86 95 1
86 105 1
86 112 1
86 113 1
86 115 1
86 129 1
86 134 1
86 144 1
86 162 1
86 175 1
86 180 1
86 195 1
87 123 1
87 162 1
87 163 1
87 172 1
87 175 1
87 177 1
87 192 1
87 193 1
87 197 1
88 102 1
88 143 1
88 165 1
88 168 1
89 90 1
89 92 1
89 97 1
89 100 1
89 110 1
89 114 1
89 119 1
89 122 1
89 124 1
89 154 1
89 163 1
89 174 1
89 191 1
89 198 1
90 96 1
90 106 1
90 119 1
90 135 1
90 153 1
90 163 1
90 170 1
90 178 1
90 194 1
91 93 1
91 96 1
91 123 1
91 136 1
91 147 1
91 148 1
91 166 1
91 169 1
91 175 1
91 184 1
92 99 1
92 107 1
92 109 1
92 115 1
92 134 1
92 143 1
92 157 1
92 160 1
92 168 1
92 170 1
92 174 1
92 184 1
92 191 1
92 199 1
93 98 1
93 103 1
93 109 1
93 135 1
93 152 1
93 154 1
93 177 1
93 194 1
94 112 1
94 123 1
94 127 1
94 129 1
94 138 1
94 189 1
95 106 1
95 107 1
95 109 1
95 130 1
95 135 1
95 155 1
95 165 1
95 184 1
95 188 1
96 106 1
96 115 1
96 118 1
96 139 1
96 149 1
96 176 1
96 183 1
96 195 1
97 152 1
97 156 1
97 166 1
97 167 1
97 197 1
97 199 1
98 109 1
98 112 1
98 113 1
98 115 1
98 116 1
98 126 1
98 130 1
98 144 1
98 147 1
98 185 1
98 193 1
98 194 1
99 111 1
99 115 1
99 117 1
99 119 1
99 121 1
99 130 1
99 131 1
99 142 1
99 143 1
99 144 1
99 147 1
99 152 1
99 154 1
99 159 1
99 197 1
100 108 1
100 117 1
100 148 1
100 152 1
100 153 1
100 167 1
100 168 1
100 169 1
100 171 1
100 175 1
100 190 1
101 105 1
101 121 1
101 123 1
101 129 1
101 150 1
101 154 1
101 159 1
101 168 1
101 172 1
101 182 1
101 189 1
101 196 1
102 107 1
102 114 1
102 130 1
102 132 1
102 134 1
102 143 1
102 147 1
102 185 1
102 199 1
103 117 1
103 123 1
103 132 1
103 140 1
103 142 1
103 149 1
103 151 1
103 154 1
103 172 1
103 176 1
103 178 1
103 181 1
103 185 1
103 186 1
103 196 1
104 115 1
104 117 1
104 130 1
104 148 1
104 175 1
104 176 1
104 193 1
104 195 1
105 111 1
105 129 1
105 134 1
105 153 1
105 155 1
105 162 1
105 171 1
105 174 1
105 178 1
106 108 1
106 110 1
106 118 1
106 131 1
106 132 1
106 133 1
106 137 1
106 143 1
106 148 1
106 149 1
106 162 1
106 183 1
107 115 1
107 141 1
107 142 1
107 151 1
107 174 1
107 192 1
108 127 1
108 155 1
108 164 1
108 189 1
108 194 1
108 197 1
109 121 1
109 136 1
109 140 1
109 155 1
109 189 1
109 194 1
109 195 1
110 115 1
110 116 1
110 128 1
110 132 1
110 148 1
110 150 1
110 156 1
110 159 1
110 164 1
110 171 1
110 196 1
111 112 1
111 115 1
111 123 1
111 147 1
111 164 1
111 165 1
111 167 1
111 168 1
111 195 1
111 197 1
112 115 1
112 118 1
112 122 1
112 126 1
112 135 1
112 139 1
112 140 1
112 142 1
112 157 1
112 186 1
112 194 1
112 195 1
113 118 1
113 119 1
113 129 1
113 134 1
113 141 1
113 145 1
113 146 1
113 177 1
113 198 1
114 125 1
114 126 1
114 128 1
114 139 1
114 151 1
114 154 1
114 155 1
114 170 1
114 181 1
115 119 1
115 136 1
115 144 1
115 155 1
115 171 1
115 178 1
115 180 1
115 194 1
115 197 1
116 126 1
116 134 1
116 141 1
116 142 1
116 154 1
116 179 1
116 184 1
116 192 1
116 193 1
116 198 1
117 126 1
117 127 1
117 134 1
117 139 1
117 149 1
117 155 1
117 171 1
117 181 1
118 128 1
118 129 1
118 140 1
118 157 1
118 162 1
118 163 1
118 167 1
118 172 1
118 176 1
118 186 1
118 187 1
118 190 1
118 199 1
119 125 1
119 126 1
119 128 1
119 195 1
120 126 1
120 132 1
120 134 1
120 141 1
120 144 1
120 145 1
120 158 1
120 164 1
120 168 1
120 190 1
120 196 1
121 124 1
121 135 1
121 148 1
122 145 1
122 152 1
122 157 1
122 161 1
122 165 1
122 166 1
122 199 1
123 132 1
123 145 1
123 150 1
123 181 1
123 183 1
123 194 1
123 199 1
124 126 1
124 146 1
124 150 1
124 151 1
124 159 1
124 161 1
124 162 1
124 173 1
124 174 1
124 188 1
124 191 1
125 157 1
125 161 1
125 199 1
126 128 1
126 130 1
126 135 1
126 193 1
127 135 1
127 147 1
127 163 1
127 198 1
128 138 1
128 147 1
128 164 1
128 172 1
128 175 1
128 177 1
128 186 1
129 136 1
129 140 1
129 163 1
129 164 1
129 173 1
129 192 1
130 135 1
130 145 1
130 156 1
130 161 1
130 163 1
130 176 1
130 183 1
130 184 1
130 199 1
131 139 1
131 144 1
131 155 1
131 164 1
131 176 1
131 197 1
131 199 1
132 141 1
132 147 1
132 171 1
132 188 1
132 196 1
133 138 1
133 148 1
133 149 1
133 150 1
133 165 1
134 144 1
134 150 1
134 160 1
134 166 1
134 172 1
134 190 1
134 195 1
134 199 1
135 139 1
135 148 1
135 152 1
135 156 1
135 161 1
135 167 1
135 177 1
135 180 1
135 197 1
136 138 1
136 147 1
136 154 1
136 164 1
136 165 1
136 172 1
136 174 1
136 177 1
136 192 1
137 141 1
137 188 1
137 193 1
138 140 1
138 144 1
138 151 1
138 153 1
138 158 1
138 182 1
138 190 1
139 141 1
139 144 1
139 146 1
139 151 1
139 154 1
139 163 1
139 167 1
139 168 1
139 172 1
139 178 1
139 184 1
140 144 1
140 163 1
140 179 1
140 181 1
140 189 1
140 190 1
140 192 1
141 143 1
141 147 1
141 154 1
141 160 1
141 170 1
141 181 1
142 165 1
142 178 1
142 182 1
142 185 1
143 146 1
143 148 1
143 154 1
143 162 1
143 174 1
143 177 1
143 190 1
144 149 1
144 153 1
144 170 1
144 195 1
145 156 1
145 170 1
145 171 1
145 177 1
146 153 1
146 154 1
146 155 1
146 163 1
146 174 1
146 182 1
146 184 1
146 192 1
146 193 1
147 150 1
147 154 1
147 170 1
147 177 1
147 180 1
147 194 1
148 166 1
148 173 1
148 184 1
148 193 1
149 152 1
149 158 1
149 163 1
149 180 1
149 186 1
149 187 1
149 188 1
150 153 1
150 160 1
150 168 1
150 187 1
150 195 1
151 152 1
151 156 1
151 165 1
151 169 1
151 188 1
151 192 1
152 168 1
152 171 1
152 188 1
152 190 1
152 194 1
153 163 1
153 179 1
153 181 1
154 170 1
154 190 1
154 193 1
154 197 1
154 198 1
155 156 1
155 174 1
155 189 1
155 197 1
156 162 1
156 178 1
156 187 1
156 191 1
156 197 1
157 158 1
157 165 1
157 189 1
157 198 1
158 161 1
158 162 1
158 198 1
159 163 1
159 170 1
159 181 1
159 188 1
159 189 1
160 164 1
160 166 1
160 176 1
160 185 1
161 174 1
161 175 1
161 186 1
162 178 1
162 189 1
163 180 1
163 183 1
163 192 1
163 198 1
164 170 1
164 185 1
164 190 1
164 192 1
165 167 1
165 175 1
165 177 1
165 191 1
165 198 1
166 174 1
166 180 1
166 196 1
167 173 1
167 176 1
167 183 1
167 190 1
167 195 1
168 172 1
168 183 1
168 185 1
168 190 1
168 196 1
169 186 1
169 198 1
170 171 1
170 176 1
170 186 1
170 190 1
170 198 1
172 187 1
173 181 1
173 185 1
173 191 1
173 192 1
173 197 1
174 175 1
174 196 1
175 195 1
175 196 1
176 183 1
176 188 1
178 181 1
178 184 1
178 195 1
179 183 1
179 184 1
179 186 1
180 184 1
180 195 1
180 196 1
183 185 1
183 187 1
183 192 1
184 190 1
184 192 1
186 191 1
187 192 1
187 197 1
188 192 1
189 194 1
191 197 1
191 198 1
192 199 1
193 198 1
195 196 1
1
177 165 24 40 149 162 77 86 198 154 199 90 78 23 195 101 100 27 32 113
