929
0 6 1
0 8 1
0 9 1
0 10 1
0 11 1
0 21 1
0 30 1
0 31 1
0 33 1
0 37 1
0 41 1
0 43 1
0 78 1
0 79 1
0 90 1
0 94 1
1 2 1
1 24 1
1 25 1
1 26 1
1 32 1
1 41 1
1 53 1
1 66 1
1 71 1
1 76 1
1 78 1
1 81 1
1 84 1
1 99 1
2 3 1
2 8 1
2 12 1
2 13 1
2 14 1
2 47 1
2 48 1
2 63 1
2 67 1
2 76 1
2 82 1
2 96 1
3 5 1
3 11 1
3 14 1
3 15 1
3 18 1
3 30 1
3 37 1
3 38 1
3 56 1
3 57 1
3 58 1
3 61 1
3 65 1
3 66 1
3 71 1
3 76 1
3 78 1
3 90 1
3 91 1
4 9 1
4 15 1
4 23 1
4 32 1
4 43 1
4 59 1
4 61 1
4 63 1
4 79 1
4 88 1
4 89 1
4 94 1
4 95 1
4 96 1
4 99 1
5 9 1
5 11 1
5 15 1
5 18 1
5 28 1
5 33 1
5 40 1
5 47 1
5 48 1
5 55 1
5 58 1
5 59 1
5 65 1
5 73 1
5 75 1
5 76 1
5 81 1
5 82 1
5 84 1
5 86 1
5 89 1
5 90 1
6 12 1
6 16 1
6 19 1
6 20 1
6 30 1
6 32 1
6 39 1
6 47 1
6 52 1
6 72 1
6 73 1
6 76 1
6 78 1
6 84 1
6 87 1
6 89 1
6 92 1
6 93 1
6 94 1
6 95 1
6 99 1
7 13 1
7 17 1
7 20 1
7 26 1
7 29 1
7 30 1
7 31 1
7 34 1
7 38 1
7 39 1
7 41 1
7 42 1
7 43 1
7 44 1
7 49 1
7 50 1
7 55 1
7 71 1
7 73 1
7 75 1
7 84 1
7 89 1
7 90 1
7 92 1
7 98 1
8 20 1
8 25 1
8 35 1
8 38 1
8 56 1
8 63 1
8 67 1
8 72 1
8 73 1
8 78 1
8 90 1
8 93 1
9 23 1
9 26 1
9 29 1
9 31 1
9 42 1
9 45 1
9 46 1
9 51 1
9 54 1
9 60 1
9 64 1
9 80 1
9 96 1
10 13 1
10 14 1
10 15 1
10 18 1
10 22 1
10 30 1
10 32 1
10 36 1
10 43 1
10 46 1
10 58 1
10 67 1
10 71 1
10 77 1
10 93 1
10 95 1
10 97 1
11 13 1
11 25 1
11 37 1
11 38 1
11 43 1
11 44 1
11 48 1
11 51 1
11 55 1
11 61 1
11 66 1
11 67 1
11 68 1
11 74 1
11 75 1
11 81 1
11 83 1
11 88 1
11 90 1
11 91 1
11 92 1
11 93 1
11 94 1
12 13 1
12 16 1
12 21 1
12 29 1
12 31 1
12 45 1
12 48 1
12 49 1
12 56 1
12 57 1
12 59 1
12 66 1
12 81 1
12 82 1
12 83 1
12 84 1
12 94 1
12 96 1
13 14 1
13 19 1
13 20 1
13 22 1
13 25 1
13 27 1
13 31 1
13 32 1
13 43 1
13 45 1
13 67 1
13 83 1
13 89 1
13 92 1
13 97 1
14 17 1
14 18 1
14 20 1
14 22 1
14 29 1
14 32 1
14 38 1
14 47 1
14 54 1
14 66 1
14 80 1
14 82 1
14 86 1
14 90 1
14 99 1
15 16 1
15 22 1
15 28 1
15 52 1
15 64 1
15 66 1
15 78 1
15 81 1
15 91 1
15 93 1
15 98 1
16 29 1
16 36 1
16 40 1
16 45 1
16 49 1
16 50 1
16 53 1
16 54 1
16 57 1
16 58 1
16 59 1
16 71 1
16 72 1
16 85 1
16 90 1
16 92 1
16 94 1
16 96 1
16 98 1
16 99 1
17 19 1
17 21 1
17 22 1
17 24 1
17 42 1
17 46 1
17 58 1
17 59 1
17 63 1
17 67 1
17 71 1
17 84 1
17 85 1
17 91 1
17 92 1
17 99 1
18 19 1
18 27 1
18 29 1
18 32 1
18 34 1
18 43 1
18 49 1
18 50 1
18 56 1
18 57 1
18 58 1
18 61 1
18 62 1
18 69 1
18 79 1
18 82 1
18 90 1
18 92 1
19 25 1
19 30 1
19 36 1
19 43 1
19 56 1
19 59 1
19 62 1
19 66 1
19 67 1
19 69 1
19 70 1
19 71 1
19 74 1
19 82 1
19 83 1
19 84 1
19 86 1
19 95 1
20 40 1
20 46 1
20 50 1
20 56 1
20 76 1
20 85 1
20 87 1
20 95 1
21 44 1
21 52 1
21 59 1
21 66 1
21 68 1
21 70 1
21 71 1
21 84 1
21 88 1
21 96 1
22 32 1
22 36 1
22 39 1
22 40 1
22 49 1
22 54 1
22 55 1
22 69 1
22 71 1
22 72 1
22 80 1
22 83 1
22 99 1
23 27 1
23 31 1
23 43 1
23 44 1
23 47 1
23 52 1
23 53 1
23 58 1
23 59 1
23 62 1
23 66 1
23 77 1
23 81 1
23 84 1
23 85 1
23 88 1
23 96 1
23 98 1
24 27 1
24 28 1
24 30 1
24 34 1
24 36 1
24 45 1
24 67 1
24 70 1
24 76 1
24 87 1
24 90 1
24 95 1
24 98 1
25 27 1
25 29 1
25 33 1
25 41 1
25 48 1
25 51 1
25 54 1
25 59 1
25 64 1
25 66 1
25 68 1
25 76 1
25 81 1
25 99 1
26 32 1
26 42 1
26 44 1
26 50 1
26 51 1
26 64 1
26 69 1
26 71 1
26 78 1
26 81 1
26 94 1
27 31 1
27 32 1
27 33 1
27 39 1
27 47 1
27 48 1
27 50 1
27 52 1
27 57 1
27 70 1
27 72 1
27 75 1
27 82 1
27 85 1
27 89 1
27 90 1
27 91 1
27 93 1
28 29 1
28 32 1
28 38 1
28 39 1
28 46 1
28 49 1
28 52 1
28 74 1
28 77 1
28 98 1
29 34 1
29 38 1
29 54 1
29 61 1
29 69 1
29 72 1
29 76 1
29 81 1
29 88 1
29 89 1
29 94 1
30 32 1
30 41 1
30 45 1
30 46 1
30 54 1
30 58 1
30 70 1
30 71 1
30 74 1
30 75 1
30 78 1
30 89 1
30 90 1
31 35 1
31 37 1
31 40 1
31 43 1
31 51 1
31 60 1
31 62 1
31 71 1
31 80 1
31 81 1
31 82 1
31 85 1
31 90 1
31 92 1
31 97 1
32 40 1
32 59 1
32 61 1
32 62 1
32 69 1
32 74 1
32 76 1
32 86 1
32 88 1
32 89 1
32 91 1
32 94 1
32 96 1
32 97 1
33 42 1
33 46 1
33 53 1
33 54 1
33 55 1
33 56 1
33 62 1
33 66 1
33 69 1
33 71 1
33 76 1
33 82 1
33 88 1
34 36 1
34 51 1
34 54 1
34 59 1
34 64 1
34 66 1
34 67 1
34 76 1
34 82 1
34 87 1
34 90 1
34 96 1
35 44 1
35 49 1
35 59 1
35 68 1
35 73 1
35 74 1
35 85 1
35 90 1
35 91 1
35 92 1
36 38 1
36 40 1
36 43 1
36 50 1
36 67 1
36 69 1
36 76 1
36 82 1
36 89 1
37 42 1
37 45 1
37 46 1
37 53 1
37 54 1
37 64 1
37 69 1
37 83 1
37 88 1
37 90 1
37 99 1
38 43 1
38 44 1
38 50 1
38 57 1
38 61 1
38 62 1
38 63 1
38 67 1
38 69 1
38 83 1
38 86 1
38 94 1
38 95 1
38 96 1
38 97 1
39 45 1
39 52 1
39 74 1
39 85 1
39 91 1
39 97 1
40 47 1
40 52 1
40 55 1
40 56 1
40 70 1
40 75 1
40 79 1
40 83 1
40 84 1
40 85 1
40 89 1
40 98 1
41 56 1
41 57 1
41 71 1
41 72 1
41 73 1
41 76 1
41 83 1
41 84 1
41 85 1
41 88 1
41 92 1
41 94 1
41 96 1
42 46 1
42 51 1
42 68 1
42 83 1
42 84 1
42 86 1
42 90 1
42 94 1
42 95 1
42 99 1
43 44 1
43 45 1
43 49 1
43 51 1
43 53 1
43 56 1
43 76 1
43 79 1
43 80 1
43 81 1
43 85 1
43 87 1
43 90 1
43 97 1
44 45 1
44 60 1
44 66 1
44 81 1
44 90 1
45 47 1
45 55 1
45 58 1
45 63 1
45 66 1
45 80 1
45 96 1
45 98 1
46 48 1
46 50 1
46 52 1
46 53 1
46 55 1
46 61 1
46 66 1
46 67 1
46 72 1
46 89 1
46 92 1
47 50 1
47 51 1
47 60 1
47 62 1
47 64 1
47 67 1
47 68 1
47 86 1
47 88 1
47 89 1
47 91 1
47 96 1
48 55 1
48 59 1
48 61 1
48 63 1
48 65 1
48 66 1
48 67 1
48 71 1
48 81 1
48 90 1
48 92 1
48 96 1
48 97 1
49 53 1
49 61 1
49 76 1
49 81 1
50 56 1
50 57 1
50 64 1
50 65 1
50 68 1
50 70 1
50 79 1
50 83 1
50 85 1
50 87 1
50 91 1
50 94 1
51 64 1
51 70 1
51 74 1
51 78 1
51 83 1
51 85 1
51 96 1
52 55 1
52 56 1
52 64 1
52 70 1
52 71 1
52 72 1
52 87 1
52 88 1
52 90 1
52 92 1
52 93 1
52 99 1
53 69 1
53 70 1
53 84 1
53 85 1
53 96 1
54 56 1
54 59 1
54 62 1
54 63 1
54 68 1
54 69 1
54 71 1
54 73 1
54 81 1
54 83 1
54 95 1
55 60 1
55 63 1
55 67 1
55 71 1
55 75 1
55 76 1
55 80 1
55 88 1
55 91 1
56 57 1
56 62 1
56 76 1
56 90 1
57 60 1
57 69 1
57 70 1
57 84 1
57 90 1
57 92 1
57 99 1
58 62 1
58 64 1
58 68 1
58 70 1
58 72 1
58 73 1
58 87 1
58 93 1
58 96 1
59 60 1
59 61 1
59 67 1
59 68 1
59 72 1
59 75 1
59 84 1
59 90 1
59 92 1
60 66 1
60 71 1
60 79 1
60 85 1
60 87 1
61 65 1
61 71 1
61 74 1
61 75 1
61 77 1
61 78 1
61 84 1
61 86 1
61 88 1
61 89 1
61 94 1
61 95 1
61 97 1
62 69 1
62 71 1
62 73 1
62 79 1
62 82 1
62 86 1
62 88 1
62 94 1
62 95 1
62 96 1
63 66 1
63 69 1
63 71 1
63 73 1
63 80 1
63 92 1
64 65 1
64 84 1
64 92 1
64 94 1
64 96 1
65 67 1
65 73 1
65 77 1
65 79 1
65 81 1
65 83 1
65 97 1
66 68 1
66 71 1
66 75 1
66 83 1
66 87 1
66 99 1
67 70 1
67 71 1
67 72 1
67 73 1
67 75 1
67 76 1
67 77 1
67 92 1
67 97 1
67 98 1
67 99 1
68 76 1
68 84 1
68 88 1
68 98 1
69 83 1
69 90 1
69 94 1
69 95 1
70 71 1
70 77 1
70 87 1
70 88 1
70 89 1
70 90 1
70 91 1
71 73 1
71 88 1
71 91 1
72 75 1
72 76 1
72 93 1
72 95 1
73 76 1
73 78 1
73 87 1
73 88 1
73 89 1
73 95 1
74 79 1
74 83 1
74 86 1
74 90 1
75 77 1
75 78 1
75 81 1
75 83 1
75 85 1
75 87 1
75 97 1
75 98 1
76 84 1
76 89 1
76 92 1
76 96 1
76 98 1
77 80 1
77 82 1
77 92 1
78 80 1
78 86 1
78 98 1
79 86 1
79 90 1
79 92 1
79 93 1
79 95 1
79 96 1
79 98 1
80 82 1
80 94 1
80 97 1
81 89 1
81 90 1
82 86 1
82 88 1
82 91 1
82 92 1
83 87 1
83 91 1
84 86 1
84 92 1
84 95 1
85 89 1
85 91 1
86 88 1
86 99 1
87 94 1
88 98 1
89 90 1
89 93 1
90 91 1
90 93 1
90 96 1
91 92 1
91 93 1
91 94 1
91 95 1
91 97 1
91 99 1
92 94 1
94 96 1
94 99 1
95 97 1
96 97 1
96 98 1
1
97 54 46 37 0 74 6 44 49 87
