1867
0 18 1
0 30 1
0 38 1
0 52 1
0 59 1
0 78 1
0 79 1
0 121 1
0 123 1
0 127 1
0 128 1
0 132 1
0 138 1
0 142 1
0 163 1
0 168 1
1 18 1
1 25 1
1 31 1
1 33 1
1 35 1
1 40 1
1 51 1
1 53 1
1 55 1
1 64 1
1 82 1
1 103 1
1 110 1
1 138 1
1 142 1
1 156 1
1 157 1
1 177 1
1 179 1
2 9 1
2 11 1
2 15 1
2 27 1
2 31 1
2 55 1
2 68 1
2 74 1
2 81 1
2 92 1
2 93 1
2 100 1
2 106 1
2 111 1
2 121 1
2 127 1
2 148 1
2 157 1
2 164 1
2 177 1
3 21 1
3 23 1
3 29 1
3 30 1
3 51 1
3 59 1
3 65 1
3 68 1
3 75 1
3 81 1
3 86 1
3 87 1
3 93 1
3 95 1
3 100 1
3 101 1
3 104 1
3 106 1
3 118 1
3 130 1
3 135 1
3 137 1
3 154 1
3 177 1
4 20 1
4 22 1
4 41 1
4 44 1
4 45 1
4 56 1
4 64 1
4 66 1
4 69 1
4 73 1
4 90 1
4 92 1
4 103 1
4 106 1
4 121 1
4 131 1
4 141 1
4 145 1
4 156 1
4 159 1
5 8 1
5 27 1
5 29 1
5 32 1
5 41 1
5 53 1
5 67 1
5 74 1
5 103 1
5 117 1
5 136 1
5 169 1
5 175 1
6 7 1
6 8 1
6 9 1
6 21 1
6 22 1
6 31 1
6 42 1
6 43 1
6 44 1
6 49 1
6 59 1
6 69 1
6 76 1
6 78 1
6 81 1
6 90 1
6 94 1
6 114 1
6 119 1
6 123 1
6 124 1
6 131 1
6 147 1
6 153 1
6 154 1
6 164 1
6 174 1
6 176 1
7 12 1
7 17 1
7 18 1
7 25 1
7 26 1
7 32 1
7 35 1
7 40 1
7 50 1
7 51 1
7 58 1
7 64 1
7 73 1
7 79 1
7 81 1
7 89 1
7 90 1
7 123 1
7 132 1
7 141 1
7 172 1
8 10 1
8 12 1
8 38 1
8 44 1
8 66 1
8 68 1
8 72 1
8 76 1
8 79 1
8 83 1
8 86 1
8 92 1
8 99 1
8 101 1
8 116 1
8 119 1
8 128 1
8 136 1
8 139 1
8 157 1
8 159 1
8 164 1
8 168 1
9 11 1
9 12 1
9 21 1
9 29 1
9 32 1
9 48 1
9 64 1
9 65 1
9 73 1
9 84 1
9 97 1
9 101 1
9 120 1
9 129 1
9 133 1
9 140 1
9 141 1
9 143 1
9 150 1
9 154 1
9 161 1
10 12 1
10 24 1
10 30 1
10 34 1
10 44 1
10 46 1
10 59 1
10 62 1
10 64 1
10 65 1
10 79 1
10 89 1
10 91 1
10 99 1
10 102 1
10 112 1
10 119 1
10 162 1
10 164 1
10 170 1
10 179 1
11 21 1
11 27 1
11 52 1
11 57 1
11 77 1
11 80 1
11 81 1
11 83 1
11 89 1
11 112 1
11 122 1
11 132 1
11 135 1
11 141 1
11 142 1
11 150 1
11 179 1
12 19 1
12 25 1
12 26 1
12 37 1
12 38 1
12 46 1
12 53 1
12 63 1
12 68 1
12 76 1
12 93 1
12 99 1
12 103 1
12 108 1
12 115 1
12 118 1
12 130 1
12 150 1
12 152 1
12 153 1
12 160 1
12 169 1
12 173 1
12 175 1
13 23 1
13 28 1
13 34 1
13 48 1
13 57 1
13 79 1
13 104 1
13 110 1
13 118 1
13 124 1
13 126 1
13 158 1
13 167 1
14 15 1
14 44 1
14 58 1
14 85 1
14 86 1
14 131 1
14 133 1
14 137 1
14 138 1
14 152 1
14 157 1
14 177 1
15 22 1
15 49 1
15 59 1
15 71 1
15 73 1
15 86 1
15 90 1
15 93 1
15 97 1
15 101 1
15 104 1
15 105 1
15 107 1
15 114 1
15 116 1
15 128 1
15 135 1
15 139 1
15 140 1
15 142 1
15 156 1
15 158 1
15 164 1
15 165 1
15 167 1
15 170 1
16 26 1
16 42 1
16 46 1
16 53 1
16 65 1
16 66 1
16 79 1
16 99 1
16 102 1
16 115 1
16 117 1
16 124 1
16 128 1
16 156 1
16 159 1
16 164 1
16 167 1
16 169 1
17 23 1
17 25 1
17 29 1
17 33 1
17 36 1
17 46 1
17 56 1
17 72 1
17 82 1
17 106 1
17 107 1
17 114 1
17 125 1
17 126 1
17 129 1
17 137 1
17 142 1
17 148 1
17 151 1
17 160 1
18 36 1
18 47 1
18 60 1
18 64 1
18 119 1
18 120 1
18 132 1
18 140 1
18 142 1
18 147 1
18 150 1
18 156 1
18 162 1
18 168 1
19 20 1
19 26 1
19 46 1
19 55 1
19 58 1
19 62 1
19 63 1
19 66 1
19 87 1
19 90 1
19 96 1
19 106 1
19 109 1
19 119 1
19 127 1
19 136 1
19 137 1
19 152 1
19 165 1
20 31 1
20 39 1
20 60 1
20 67 1
20 75 1
20 79 1
20 88 1
20 100 1
20 101 1
20 102 1
20 124 1
20 141 1
20 146 1
20 147 1
20 150 1
20 152 1
21 27 1
21 29 1
21 34 1
21 40 1
21 45 1
21 49 1
21 54 1
21 59 1
21 63 1
21 66 1
21 78 1
21 80 1
21 84 1
21 87 1
21 93 1
21 105 1
21 106 1
21 115 1
21 119 1
21 121 1
21 129 1
21 134 1
21 136 1
21 138 1
21 145 1
21 156 1
21 160 1
21 168 1
21 169 1
21 172 1
21 174 1
22 29 1
22 30 1
22 31 1
22 32 1
22 36 1
22 41 1
22 44 1
22 50 1
22 52 1
22 54 1
22 59 1
22 63 1
22 79 1
22 87 1
22 103 1
22 108 1
22 119 1
22 125 1
22 152 1
22 153 1
22 168 1
22 177 1
23 35 1
23 43 1
23 46 1
23 56 1
23 64 1
23 69 1
23 72 1
23 82 1
23 100 1
23 101 1
23 106 1
23 113 1
23 120 1
23 126 1
23 134 1
23 139 1
23 141 1
23 164 1
23 167 1
23 173 1
24 30 1
24 32 1
24 35 1
24 39 1
24 41 1
24 59 1
24 64 1
24 79 1
24 83 1
24 90 1
24 110 1
24 119 1
24 144 1
24 155 1
24 167 1
24 174 1
25 40 1
25 54 1
25 75 1
25 82 1
25 95 1
25 96 1
25 111 1
25 113 1
25 139 1
25 142 1
25 151 1
25 156 1
25 163 1
25 165 1
25 166 1
25 175 1
26 36 1
26 44 1
26 60 1
26 67 1
26 74 1
26 76 1
26 87 1
26 89 1
26 94 1
26 101 1
26 105 1
26 109 1
26 110 1
26 111 1
26 121 1
26 127 1
26 130 1
26 138 1
26 149 1
26 153 1
26 155 1
26 161 1
26 162 1
26 167 1
26 171 1
27 33 1
27 45 1
27 46 1
27 49 1
27 56 1
27 57 1
27 59 1
27 75 1
27 85 1
27 88 1
27 93 1
27 94 1
27 113 1
27 116 1
27 126 1
27 129 1
27 133 1
27 138 1
27 156 1
27 159 1
27 161 1
27 162 1
27 173 1
27 179 1
28 34 1
28 49 1
28 53 1
28 59 1
28 61 1
28 80 1
28 106 1
28 112 1
28 122 1
28 124 1
28 128 1
28 129 1
28 142 1
28 159 1
28 178 1
29 37 1
29 39 1
29 41 1
29 42 1
29 55 1
29 57 1
29 60 1
29 73 1
29 79 1
29 82 1
29 90 1
29 93 1
29 94 1
29 98 1
29 102 1
29 103 1
29 116 1
29 121 1
29 130 1
29 132 1
29 133 1
29 156 1
29 157 1
30 35 1
30 37 1
30 43 1
30 54 1
30 68 1
30 84 1
30 94 1
30 102 1
30 107 1
30 113 1
30 120 1
30 134 1
30 142 1
30 148 1
30 149 1
30 152 1
30 153 1
30 159 1
30 170 1
30 177 1
31 34 1
31 53 1
31 54 1
31 65 1
31 67 1
31 82 1
31 84 1
31 97 1
31 107 1
31 109 1
31 110 1
31 117 1
31 125 1
31 128 1
31 137 1
31 138 1
31 145 1
31 161 1
31 175 1
32 48 1
32 84 1
32 86 1
32 115 1
32 116 1
32 117 1
32 123 1
32 136 1
32 139 1
32 165 1
32 172 1
33 66 1
33 68 1
33 70 1
33 83 1
33 94 1
33 104 1
33 106 1
33 110 1
33 111 1
33 114 1
33 118 1
33 128 1
33 142 1
33 166 1
33 172 1
33 178 1
34 40 1
34 50 1
34 56 1
34 60 1
34 71 1
34 75 1
34 92 1
34 98 1
34 108 1
34 124 1
34 130 1
34 138 1
34 139 1
34 140 1
34 151 1
34 155 1
34 162 1
34 164 1
34 165 1
35 52 1
35 55 1
35 56 1
35 58 1
35 68 1
35 81 1
35 96 1
35 97 1
35 104 1
35 107 1
35 141 1
35 145 1
35 171 1
36 45 1
36 51 1
36 62 1
36 64 1
36 72 1
36 79 1
36 80 1
36 81 1
36 85 1
36 89 1
36 105 1
36 116 1
36 136 1
36 160 1
37 39 1
37 49 1
37 54 1
37 57 1
37 65 1
37 69 1
37 83 1
37 86 1
37 88 1
37 103 1
37 118 1
37 123 1
37 128 1
37 130 1
37 137 1
37 141 1
37 146 1
37 150 1
37 151 1
37 157 1
37 158 1
37 159 1
37 164 1
37 168 1
37 171 1
37 175 1
38 50 1
38 52 1
38 53 1
38 75 1
38 90 1
38 114 1
38 129 1
38 130 1
38 134 1
38 142 1
38 145 1
38 157 1
38 159 1
38 160 1
38 172 1
38 175 1
39 65 1
39 68 1
39 70 1
39 77 1
39 85 1
39 90 1
39 106 1
39 111 1
39 122 1
39 126 1
39 132 1
39 134 1
39 140 1
39 150 1
39 159 1
39 166 1
39 176 1
40 46 1
40 54 1
40 80 1
40 84 1
40 100 1
40 103 1
40 105 1
40 109 1
40 110 1
40 115 1
40 118 1
40 141 1
40 163 1
40 169 1
41 49 1
41 50 1
41 70 1
41 75 1
41 79 1
41 85 1
41 94 1
41 109 1
41 122 1
41 133 1
41 135 1
41 136 1
41 140 1
41 157 1
41 173 1
42 48 1
42 50 1
42 61 1
42 76 1
42 79 1
42 84 1
42 93 1
42 95 1
42 101 1
42 105 1
42 115 1
42 140 1
42 176 1
43 62 1
43 63 1
43 85 1
43 107 1
43 108 1
43 119 1
43 121 1
43 123 1
43 127 1
43 143 1
43 145 1
43 146 1
43 150 1
43 156 1
43 163 1
44 54 1
44 58 1
44 82 1
44 84 1
44 85 1
44 86 1
44 101 1
44 113 1
44 123 1
44 136 1
44 142 1
44 147 1
44 151 1
44 157 1
44 173 1
45 58 1
45 59 1
45 87 1
45 92 1
45 93 1
45 105 1
45 114 1
45 116 1
45 126 1
45 128 1
45 150 1
45 152 1
45 164 1
46 59 1
46 63 1
46 69 1
46 79 1
46 91 1
46 95 1
46 119 1
46 120 1
46 125 1
46 137 1
46 143 1
46 146 1
46 153 1
46 157 1
46 160 1
47 58 1
47 68 1
47 70 1
47 79 1
47 86 1
47 109 1
47 116 1
47 137 1
47 140 1
47 159 1
47 173 1
47 174 1
47 179 1
48 49 1
48 53 1
48 59 1
48 66 1
48 71 1
48 76 1
48 91 1
48 94 1
48 95 1
48 98 1
48 106 1
48 128 1
48 129 1
48 131 1
48 147 1
48 153 1
48 154 1
48 163 1
48 168 1
48 175 1
49 63 1
49 68 1
49 83 1
49 86 1
49 93 1
49 95 1
49 115 1
49 146 1
49 154 1
49 157 1
50 56 1
50 80 1
50 82 1
50 94 1
50 100 1
50 112 1
50 118 1
50 123 1
50 132 1
50 140 1
50 151 1
50 161 1
50 171 1
51 57 1
51 62 1
51 66 1
51 85 1
51 93 1
51 95 1
51 104 1
51 112 1
51 113 1
51 121 1
51 130 1
51 145 1
51 150 1
51 154 1
51 161 1
51 171 1
52 64 1
52 85 1
52 94 1
52 96 1
52 107 1
52 115 1
52 130 1
52 138 1
52 141 1
52 150 1
52 169 1
53 63 1
53 72 1
53 83 1
53 95 1
53 109 1
53 118 1
53 134 1
53 150 1
53 164 1
53 175 1
53 177 1
53 178 1
53 179 1
54 55 1
54 56 1
54 91 1
54 95 1
54 104 1
54 105 1
54 106 1
54 107 1
54 116 1
54 118 1
54 130 1
54 134 1
54 139 1
54 142 1
54 151 1
54 179 1
55 56 1
55 65 1
55 67 1
55 72 1
55 83 1
55 91 1
55 94 1
55 108 1
55 113 1
55 127 1
55 132 1
55 152 1
55 155 1
56 61 1
56 67 1
56 78 1
56 92 1
56 94 1
56 95 1
56 96 1
56 101 1
56 107 1
56 111 1
56 126 1
56 127 1
56 132 1
56 142 1
56 152 1
56 155 1
56 156 1
56 161 1
56 169 1
56 170 1
56 179 1
57 58 1
57 75 1
57 86 1
57 99 1
57 109 1
57 118 1
57 134 1
57 142 1
57 143 1
57 145 1
57 149 1
57 155 1
57 167 1
57 177 1
57 178 1
57 179 1
58 68 1
58 83 1
58 86 1
58 89 1
58 115 1
58 134 1
58 136 1
58 143 1
58 155 1
59 61 1
59 64 1
59 82 1
59 87 1
59 111 1
59 129 1
59 130 1
59 146 1
59 148 1
59 159 1
59 171 1
60 64 1
60 67 1
60 83 1
60 98 1
60 109 1
60 119 1
60 135 1
60 151 1
60 164 1
60 170 1
61 65 1
61 67 1
61 68 1
61 69 1
61 72 1
61 74 1
61 84 1
61 91 1
61 103 1
61 109 1
61 123 1
61 126 1
61 128 1
61 150 1
61 164 1
61 175 1
62 64 1
62 67 1
62 73 1
62 82 1
62 84 1
62 123 1
62 139 1
62 152 1
62 176 1
63 73 1
63 80 1
63 82 1
63 88 1
63 98 1
63 103 1
63 106 1
63 109 1
63 112 1
63 116 1
63 126 1
63 139 1
63 148 1
63 150 1
63 163 1
63 171 1
63 173 1
63 175 1
63 177 1
64 70 1
64 89 1
64 90 1
64 99 1
64 104 1
64 113 1
64 115 1
64 120 1
64 122 1
64 151 1
64 165 1
64 175 1
65 69 1
65 70 1
65 77 1
65 82 1
65 90 1
65 100 1
65 101 1
65 113 1
65 123 1
65 129 1
65 133 1
65 143 1
65 153 1
65 159 1
65 163 1
65 176 1
65 179 1
66 69 1
66 74 1
66 77 1
66 83 1
66 95 1
66 105 1
66 114 1
66 115 1
66 127 1
66 128 1
66 135 1
66 168 1
66 173 1
67 87 1
67 93 1
67 96 1
67 97 1
67 111 1
67 112 1
67 124 1
67 125 1
67 138 1
67 141 1
67 162 1
67 174 1
68 71 1
68 74 1
68 77 1
68 86 1
68 88 1
68 110 1
68 111 1
68 113 1
68 118 1
68 126 1
68 142 1
68 153 1
68 172 1
68 176 1
69 71 1
69 74 1
69 111 1
69 127 1
69 128 1
69 130 1
69 140 1
69 154 1
69 163 1
69 167 1
70 82 1
70 102 1
70 121 1
70 134 1
70 164 1
71 74 1
71 85 1
71 91 1
71 93 1
71 119 1
71 120 1
71 146 1
71 162 1
72 83 1
72 86 1
72 90 1
72 96 1
72 113 1
72 114 1
72 135 1
72 140 1
72 145 1
72 155 1
72 157 1
73 80 1
73 86 1
73 90 1
73 95 1
73 111 1
73 112 1
73 129 1
73 130 1
73 139 1
73 151 1
73 152 1
73 155 1
73 161 1
74 81 1
74 87 1
74 94 1
74 95 1
74 96 1
74 111 1
74 131 1
74 132 1
74 133 1
74 134 1
74 135 1
74 140 1
74 141 1
74 143 1
74 161 1
74 163 1
74 178 1
75 79 1
75 82 1
75 99 1
75 119 1
75 142 1
75 148 1
75 155 1
75 166 1
75 170 1
75 175 1
76 91 1
76 104 1
76 120 1
76 121 1
76 122 1
76 123 1
76 131 1
76 134 1
76 136 1
76 138 1
76 143 1
76 164 1
76 173 1
77 90 1
77 106 1
77 107 1
77 114 1
77 123 1
77 124 1
77 133 1
77 139 1
77 140 1
77 148 1
77 150 1
77 164 1
77 171 1
78 83 1
78 86 1
78 99 1
78 113 1
78 117 1
78 123 1
78 135 1
78 136 1
78 146 1
78 155 1
78 158 1
78 162 1
78 179 1
79 91 1
79 106 1
79 113 1
79 133 1
79 141 1
79 146 1
79 151 1
79 154 1
79 178 1
80 83 1
80 86 1
80 95 1
80 98 1
80 101 1
80 117 1
80 123 1
80 132 1
80 133 1
80 134 1
80 143 1
80 147 1
80 162 1
80 166 1
80 171 1
80 179 1
81 86 1
81 89 1
81 94 1
81 99 1
81 101 1
81 131 1
81 139 1
81 163 1
82 88 1
82 99 1
82 101 1
82 116 1
82 128 1
82 131 1
82 132 1
82 138 1
82 142 1
82 148 1
82 149 1
82 152 1
82 165 1
82 166 1
82 175 1
83 90 1
83 105 1
83 107 1
83 112 1
83 114 1
83 115 1
83 116 1
83 126 1
83 133 1
83 135 1
83 139 1
83 150 1
83 157 1
83 165 1
83 176 1
83 178 1
84 100 1
84 118 1
84 128 1
84 140 1
84 150 1
84 160 1
84 161 1
84 166 1
84 174 1
85 103 1
85 118 1
85 123 1
85 135 1
85 154 1
85 157 1
85 159 1
85 162 1
85 175 1
86 89 1
86 90 1
86 93 1
86 95 1
86 98 1
86 100 1
86 103 1
86 107 1
86 119 1
86 123 1
86 134 1
86 135 1
86 147 1
86 153 1
86 166 1
87 94 1
87 97 1
87 102 1
87 103 1
87 116 1
87 128 1
87 134 1
87 148 1
87 155 1
87 156 1
87 161 1
87 169 1
87 174 1
88 101 1
88 106 1
88 114 1
88 135 1
88 149 1
88 151 1
88 157 1
88 169 1
88 176 1
89 93 1
89 95 1
89 99 1
89 112 1
89 122 1
89 127 1
89 142 1
89 147 1
89 160 1
89 172 1
89 173 1
89 175 1
90 91 1
90 92 1
90 102 1
90 122 1
90 159 1
90 169 1
90 173 1
90 176 1
91 123 1
91 144 1
91 146 1
92 98 1
92 106 1
92 112 1
92 114 1
92 136 1
92 141 1
92 142 1
92 145 1
92 150 1
92 151 1
92 152 1
92 155 1
92 157 1
92 163 1
92 165 1
92 170 1
92 176 1
93 100 1
93 101 1
93 111 1
93 116 1
93 121 1
93 128 1
93 129 1
93 133 1
93 135 1
93 162 1
93 171 1
93 174 1
94 100 1
94 106 1
94 113 1
94 131 1
94 137 1
94 149 1
94 155 1
94 157 1
94 168 1
94 172 1
94 175 1
95 99 1
95 105 1
95 110 1
95 112 1
95 113 1
95 131 1
95 137 1
95 146 1
95 154 1
95 167 1
96 101 1
96 109 1
96 123 1
96 127 1
96 134 1
96 140 1
96 141 1
96 145 1
96 146 1
96 147 1
96 164 1
96 178 1
97 112 1
97 118 1
97 146 1
97 174 1
97 175 1
97 176 1
97 177 1
98 112 1
98 135 1
98 151 1
98 162 1
98 171 1
98 176 1
99 133 1
99 145 1
99 174 1
99 178 1
100 106 1
100 128 1
100 131 1
100 137 1
100 148 1
100 149 1
100 150 1
100 163 1
100 174 1
100 176 1
101 121 1
101 138 1
101 141 1
101 145 1
101 163 1
101 171 1
101 178 1
102 115 1
102 122 1
102 125 1
102 134 1
102 139 1
102 142 1
102 144 1
102 164 1
102 171 1
103 104 1
103 105 1
103 121 1
103 132 1
103 139 1
103 149 1
103 152 1
103 157 1
103 163 1
103 165 1
103 175 1
104 110 1
104 126 1
104 137 1
104 148 1
104 149 1
104 150 1
104 153 1
104 159 1
104 168 1
104 173 1
104 178 1
105 123 1
105 135 1
105 137 1
105 138 1
105 140 1
105 142 1
105 173 1
106 112 1
106 113 1
106 144 1
106 158 1
106 170 1
106 171 1
106 177 1
106 179 1
107 108 1
107 127 1
107 137 1
107 139 1
107 141 1
107 144 1
107 153 1
107 166 1
107 176 1
108 113 1
108 122 1
108 128 1
108 130 1
108 134 1
108 135 1
108 158 1
108 163 1
108 176 1
109 113 1
109 146 1
109 157 1
109 161 1
109 166 1
110 119 1
110 123 1
110 129 1
110 141 1
110 145 1
110 160 1
110 167 1
111 119 1
111 120 1
111 123 1
111 128 1
111 151 1
112 116 1
112 122 1
112 125 1
112 136 1
112 141 1
112 147 1
112 150 1
113 120 1
113 130 1
113 133 1
113 135 1
113 139 1
113 140 1
113 149 1
114 115 1
114 146 1
114 154 1
115 116 1
115 117 1
115 126 1
115 128 1
115 143 1
115 151 1
115 158 1
115 171 1
115 177 1
116 121 1
116 131 1
116 150 1
116 153 1
116 159 1
116 161 1
116 168 1
116 170 1
116 173 1
116 174 1
117 144 1
117 150 1
117 162 1
117 165 1
117 168 1
117 177 1
118 119 1
118 148 1
118 151 1
118 160 1
118 161 1
118 162 1
118 172 1
118 178 1
119 132 1
119 146 1
119 152 1
119 161 1
119 170 1
120 123 1
120 131 1
120 161 1
121 124 1
121 125 1
121 128 1
121 133 1
121 156 1
121 168 1
121 178 1
122 124 1
122 125 1
122 132 1
122 133 1
122 143 1
122 150 1
122 153 1
122 154 1
122 158 1
122 165 1
122 168 1
123 132 1
123 156 1
123 157 1
123 165 1
123 177 1
124 128 1
124 131 1
124 132 1
124 143 1
124 167 1
124 171 1
124 173 1
125 127 1
125 144 1
125 148 1
125 150 1
125 156 1
125 158 1
125 178 1
126 146 1
126 150 1
126 152 1
126 153 1
126 161 1
127 130 1
127 144 1
127 147 1
127 168 1
128 130 1
128 137 1
128 143 1
128 148 1
128 156 1
128 157 1
128 165 1
128 167 1
128 172 1
129 133 1
129 137 1
129 143 1
129 148 1
129 167 1
129 178 1
130 141 1
130 143 1
130 158 1
130 160 1
130 170 1
131 133 1
131 134 1
131 169 1
132 135 1
132 137 1
132 156 1
132 160 1
132 168 1
132 174 1
133 135 1
133 145 1
133 160 1
133 174 1
134 137 1
134 138 1
134 151 1
134 152 1
134 164 1
134 173 1
134 176 1
135 142 1
135 144 1
135 145 1
135 151 1
135 155 1
135 159 1
135 171 1
135 179 1
136 149 1
136 156 1
136 166 1
136 167 1
136 176 1
136 178 1
137 145 1
137 155 1
137 170 1
137 173 1
137 174 1
138 148 1
138 150 1
138 156 1
138 162 1
138 173 1
138 177 1
139 146 1
139 151 1
139 156 1
139 160 1
139 161 1
139 169 1
139 175 1
140 141 1
140 151 1
140 157 1
141 157 1
141 170 1
142 143 1
142 155 1
142 162 1
142 169 1
143 154 1
143 173 1
144 146 1
144 149 1
144 153 1
144 156 1
144 162 1
144 164 1
144 165 1
144 173 1
144 178 1
145 166 1
146 158 1
146 174 1
146 176 1
147 159 1
147 167 1
147 169 1
147 179 1
148 169 1
148 174 1
148 175 1
149 158 1
149 159 1
149 177 1
150 170 1
151 161 1
151 164 1
152 154 1
152 159 1
152 165 1
152 171 1
152 175 1
154 163 1
154 164 1
154 172 1
154 177 1
154 179 1
155 158 1
155 163 1
155 164 1
155 172 1
155 177 1
156 163 1
156 172 1
156 177 1
156 179 1
157 163 1
157 170 1
157 172 1
158 159 1
158 170 1
158 176 1
159 160 1
159 171 1
159 173 1
159 177 1
159 178 1
160 179 1
161 175 1
161 177 1
162 170 1
162 171 1
163 169 1
163 170 1
163 171 1
165 169 1
165 175 1
165 178 1
168 172 1
168 178 1
169 170 1
169 173 1
170 176 1
171 176 1
172 173 1
172 177 1
173 177 1
1
146 35 165 123 95 23 49 24 113 52 137 142 171 147 158 104 152 134
