504
0 4 1
0 16 1
0 17 1
0 18 1
0 27 1
0 31 1
0 33 1
0 34 1
0 37 1
0 38 1
0 39 1
0 42 1
0 43 1
0 50 1
0 54 1
0 55 1
0 57 1
1 3 1
1 5 1
1 8 1
1 10 1
1 15 1
1 17 1
1 23 1
1 24 1
1 27 1
1 28 1
1 31 1
1 41 1
1 47 1
1 57 1
2 3 1
2 5 1
2 9 1
2 10 1
2 13 1
2 17 1
2 20 1
2 25 1
2 27 1
2 31 1
2 42 1
2 45 1
2 47 1
2 49 1
2 52 1
2 53 1
2 56 1
3 7 1
3 9 1
3 11 1
3 13 1
3 15 1
3 21 1
3 22 1
3 23 1
3 32 1
3 33 1
3 39 1
3 48 1
3 50 1
3 53 1
3 55 1
3 56 1
4 9 1
4 12 1
4 16 1
4 19 1
4 23 1
4 24 1
4 25 1
4 33 1
4 40 1
4 50 1
4 53 1
4 57 1
5 7 1
5 12 1
5 15 1
5 21 1
5 26 1
5 28 1
5 36 1
5 39 1
5 40 1
5 41 1
5 43 1
5 51 1
5 54 1
5 57 1
6 7 1
6 14 1
6 15 1
6 16 1
6 17 1
6 23 1
6 27 1
6 32 1
6 33 1
6 38 1
6 42 1
6 43 1
6 48 1
6 53 1
7 17 1
7 18 1
7 20 1
7 26 1
7 30 1
7 31 1
7 35 1
7 42 1
7 43 1
7 44 1
7 46 1
7 48 1
7 57 1
7 58 1
8 13 1
8 15 1
8 22 1
8 23 1
8 24 1
8 27 1
8 30 1
8 31 1
8 35 1
8 38 1
8 46 1
8 53 1
8 54 1
8 55 1
8 57 1
8 58 1
8 59 1
9 11 1
9 16 1
9 17 1
9 21 1
9 22 1
9 28 1
9 30 1
9 32 1
9 35 1
9 36 1
9 38 1
9 40 1
9 47 1
9 56 1
9 57 1
10 11 1
10 15 1
10 23 1
10 34 1
10 37 1
10 41 1
10 44 1
10 46 1
10 49 1
10 52 1
11 12 1
11 13 1
11 16 1
11 17 1
11 18 1
11 38 1
11 40 1
11 50 1
11 51 1
11 53 1
11 54 1
12 18 1
12 20 1
12 25 1
12 27 1
12 30 1
12 34 1
12 35 1
12 37 1
12 38 1
12 39 1
12 42 1
12 43 1
12 45 1
12 47 1
13 17 1
13 18 1
13 22 1
13 32 1
13 35 1
13 38 1
13 40 1
13 44 1
13 47 1
13 50 1
13 57 1
13 58 1
14 15 1
14 21 1
14 22 1
14 26 1
14 27 1
14 28 1
14 29 1
14 30 1
14 31 1
14 35 1
14 38 1
14 39 1
14 40 1
14 41 1
14 43 1
14 49 1
14 54 1
14 59 1
15 22 1
15 26 1
15 30 1
15 31 1
15 38 1
15 43 1
15 44 1
15 46 1
15 48 1
15 50 1
15 53 1
15 57 1
16 22 1
16 31 1
16 33 1
16 36 1
16 38 1
16 41 1
16 43 1
16 47 1
16 51 1
16 56 1
17 22 1
17 23 1
17 24 1
17 27 1
17 29 1
17 30 1
17 33 1
17 34 1
17 35 1
17 37 1
17 38 1
17 43 1
17 51 1
17 53 1
17 55 1
17 56 1
18 19 1
18 21 1
18 22 1
18 24 1
18 27 1
18 30 1
18 31 1
18 32 1
18 33 1
18 35 1
18 36 1
18 37 1
18 40 1
18 41 1
18 42 1
18 49 1
18 50 1
18 51 1
18 52 1
18 53 1
18 56 1
18 59 1
19 20 1
19 21 1
19 24 1
19 26 1
19 28 1
19 29 1
19 31 1
19 33 1
19 38 1
19 44 1
19 49 1
19 52 1
19 55 1
19 56 1
20 22 1
20 23 1
20 31 1
20 43 1
20 45 1
20 52 1
21 22 1
21 26 1
21 31 1
21 48 1
21 49 1
21 50 1
21 56 1
22 26 1
22 31 1
22 33 1
22 37 1
22 38 1
22 42 1
22 43 1
22 49 1
22 50 1
22 57 1
22 58 1
22 59 1
23 24 1
23 25 1
23 28 1
23 29 1
23 30 1
23 34 1
23 38 1
23 39 1
23 41 1
23 42 1
23 45 1
23 46 1
23 47 1
23 49 1
23 50 1
23 51 1
24 28 1
24 29 1
24 30 1
24 34 1
24 38 1
24 43 1
24 51 1
24 54 1
25 29 1
25 31 1
25 37 1
25 41 1
25 46 1
25 53 1
25 56 1
25 57 1
25 58 1
26 36 1
26 38 1
26 45 1
26 49 1
26 51 1
26 53 1
26 56 1
27 31 1
27 34 1
27 44 1
27 45 1
27 46 1
27 48 1
27 50 1
27 54 1
27 58 1
28 42 1
28 45 1
28 49 1
28 51 1
28 53 1
28 55 1
28 56 1
28 58 1
28 59 1
29 33 1
29 34 1
29 42 1
29 43 1
29 46 1
29 47 1
29 49 1
29 51 1
29 55 1
29 57 1
30 35 1
30 37 1
30 39 1
30 41 1
30 45 1
30 53 1
30 55 1
30 56 1
30 57 1
31 34 1
31 38 1
31 39 1
31 41 1
31 42 1
31 45 1
31 46 1
31 49 1
31 50 1
32 35 1
32 42 1
32 45 1
32 54 1
32 57 1
33 36 1
33 42 1
33 43 1
33 45 1
33 47 1
33 54 1
34 44 1
34 53 1
34 54 1
34 57 1
34 59 1
35 39 1
35 43 1
35 52 1
35 54 1
35 56 1
36 38 1
36 41 1
36 42 1
36 43 1
36 44 1
36 45 1
36 50 1
36 51 1
36 57 1
37 39 1
37 43 1
37 47 1
37 49 1
37 51 1
37 53 1
37 58 1
38 43 1
38 48 1
38 54 1
38 58 1
39 42 1
39 50 1
39 55 1
39 57 1
39 59 1
40 42 1
40 44 1
40 46 1
40 50 1
40 58 1
40 59 1
41 46 1
41 50 1
41 54 1
41 55 1
42 45 1
42 46 1
42 47 1
42 48 1
42 50 1
42 53 1
42 54 1
42 57 1
42 59 1
43 46 1
43 50 1
43 55 1
44 47 1
44 52 1
44 54 1
45 51 1
45 59 1
46 48 1
46 49 1
46 50 1
46 54 1
46 55 1
46 56 1
46 57 1
46 58 1
47 48 1
48 51 1
48 53 1
48 56 1
49 52 1
49 53 1
49 54 1
49 55 1
49 56 1
49 57 1
49 58 1
50 51 1
51 59 1
52 53 1
52 54 1
52 58 1
52 59 1
53 55 1
53 57 1
53 58 1
53 59 1
54 58 1
55 56 1
1
39 41 3 42 6 20
