1992
0 3 1
0 20 1
0 24 1
0 48 1
0 52 1
0 54 1
0 56 1
0 68 1
0 69 1
0 72 1
0 93 1
0 101 1
0 104 1
0 115 1
0 120 1
0 135 1
0 137 1
0 138 1
0 156 1
0 157 1
0 159 1
0 162 1
0 176 1
0 186 1
1 6 1
1 11 1
1 17 1
1 32 1
1 57 1
1 63 1
1 68 1
1 78 1
1 84 1
1 86 1
1 87 1
1 88 1
1 98 1
1 108 1
1 113 1
1 119 1
1 148 1
1 151 1
1 152 1
1 158 1
1 174 1
1 176 1
1 181 1
2 17 1
2 22 1
2 31 1
2 34 1
2 37 1
2 39 1
2 43 1
2 46 1
2 47 1
2 58 1
2 72 1
2 75 1
2 79 1
2 80 1
2 92 1
2 93 1
2 116 1
2 123 1
2 131 1
2 140 1
2 153 1
2 155 1
2 171 1
2 176 1
3 4 1
3 8 1
3 27 1
3 37 1
3 43 1
3 49 1
3 56 1
3 71 1
3 92 1
3 141 1
3 162 1
3 179 1
3 180 1
3 183 1
3 185 1
4 15 1
4 26 1
4 50 1
4 51 1
4 69 1
4 78 1
4 103 1
4 118 1
4 120 1
4 126 1
4 132 1
4 135 1
4 138 1
4 139 1
4 151 1
4 172 1
4 175 1
4 180 1
5 7 1
5 19 1
5 38 1
5 59 1
5 61 1
5 63 1
5 80 1
5 97 1
5 109 1
5 121 1
5 127 1
5 128 1
5 143 1
5 150 1
5 154 1
6 10 1
6 35 1
6 48 1
6 52 1
6 55 1
6 57 1
6 67 1
6 73 1
6 74 1
6 83 1
6 93 1
6 94 1
6 100 1
6 101 1
6 102 1
6 115 1
6 121 1
6 123 1
6 126 1
6 160 1
6 161 1
6 171 1
6 182 1
7 16 1
7 19 1
7 32 1
7 44 1
7 53 1
7 61 1
7 95 1
7 99 1
7 106 1
7 114 1
7 120 1
7 125 1
7 170 1
7 172 1
7 177 1
7 183 1
8 32 1
8 33 1
8 40 1
8 58 1
8 61 1
8 68 1
8 71 1
8 79 1
8 80 1
8 88 1
8 89 1
8 92 1
8 96 1
8 97 1
8 104 1
8 108 1
8 113 1
8 118 1
8 119 1
8 122 1
8 133 1
8 149 1
8 150 1
8 156 1
8 157 1
8 160 1
8 182 1
9 24 1
9 38 1
9 43 1
9 47 1
9 49 1
9 65 1
9 69 1
9 74 1
9 111 1
9 117 1
9 125 1
9 126 1
9 145 1
9 152 1
9 156 1
9 157 1
9 184 1
10 24 1
10 25 1
10 33 1
10 38 1
10 48 1
10 52 1
10 61 1
10 73 1
10 111 1
10 113 1
10 114 1
10 122 1
10 125 1
10 141 1
10 150 1
10 161 1
10 173 1
10 186 1
10 187 1
11 21 1
11 48 1
11 49 1
11 59 1
11 85 1
11 89 1
11 115 1
11 120 1
11 143 1
11 154 1
11 157 1
11 175 1
11 178 1
11 179 1
11 189 1
12 13 1
12 20 1
12 31 1
12 43 1
12 44 1
12 45 1
12 70 1
12 80 1
12 87 1
12 90 1
12 91 1
12 107 1
12 133 1
12 149 1
12 155 1
12 162 1
12 170 1
12 181 1
12 183 1
12 188 1
13 15 1
13 25 1
13 70 1
13 71 1
13 83 1
13 100 1
13 119 1
13 122 1
13 132 1
13 143 1
13 144 1
13 150 1
13 153 1
13 159 1
13 170 1
13 175 1
14 19 1
14 62 1
14 63 1
14 65 1
14 66 1
14 68 1
14 82 1
14 83 1
14 91 1
14 130 1
14 143 1
14 155 1
14 158 1
14 163 1
14 167 1
14 170 1
14 175 1
14 179 1
14 180 1
14 181 1
14 187 1
15 19 1
15 28 1
15 41 1
15 46 1
15 69 1
15 70 1
15 74 1
15 78 1
15 85 1
15 87 1
15 103 1
15 107 1
15 109 1
15 129 1
15 130 1
15 139 1
15 145 1
15 146 1
15 161 1
15 162 1
15 172 1
15 187 1
15 188 1
16 38 1
16 39 1
16 51 1
16 52 1
16 61 1
16 63 1
16 64 1
16 65 1
16 68 1
16 80 1
16 83 1
16 98 1
16 106 1
16 115 1
16 143 1
16 144 1
16 160 1
16 169 1
16 173 1
16 177 1
17 71 1
17 84 1
17 115 1
17 126 1
17 138 1
17 139 1
17 143 1
17 152 1
17 155 1
17 159 1
17 166 1
17 186 1
18 52 1
18 55 1
18 63 1
18 69 1
18 74 1
18 80 1
18 87 1
18 99 1
18 102 1
18 114 1
18 116 1
18 124 1
18 129 1
18 130 1
18 143 1
18 148 1
18 183 1
18 188 1
19 23 1
19 26 1
19 27 1
19 28 1
19 36 1
19 37 1
19 76 1
19 92 1
19 105 1
19 123 1
19 126 1
19 128 1
19 130 1
19 133 1
19 136 1
19 145 1
19 154 1
20 31 1
20 44 1
20 66 1
20 69 1
20 70 1
20 72 1
20 82 1
20 88 1
20 108 1
20 116 1
20 121 1
20 128 1
20 146 1
20 157 1
20 161 1
20 167 1
20 171 1
20 172 1
20 173 1
20 176 1
20 183 1
20 188 1
20 189 1
21 26 1
21 31 1
21 32 1
21 50 1
21 55 1
21 77 1
21 87 1
21 95 1
21 99 1
21 101 1
21 103 1
21 120 1
21 122 1
21 127 1
21 128 1
21 152 1
21 156 1
21 160 1
21 163 1
21 168 1
21 172 1
21 189 1
22 33 1
22 71 1
22 73 1
22 80 1
22 94 1
22 103 1
22 165 1
22 167 1
23 40 1
23 49 1
23 50 1
23 53 1
23 57 1
23 71 1
23 80 1
23 91 1
23 97 1
23 115 1
23 119 1
23 122 1
23 133 1
23 137 1
23 173 1
24 31 1
24 47 1
24 72 1
24 73 1
24 81 1
24 83 1
24 103 1
24 142 1
24 152 1
24 153 1
24 162 1
24 171 1
24 182 1
25 36 1
25 45 1
25 49 1
25 63 1
25 69 1
25 79 1
25 85 1
25 89 1
25 91 1
25 95 1
25 103 1
25 108 1
25 116 1
25 126 1
25 127 1
25 128 1
25 139 1
25 144 1
25 158 1
25 161 1
25 166 1
25 168 1
25 178 1
25 182 1
25 189 1
26 38 1
26 40 1
26 53 1
26 72 1
26 78 1
26 81 1
26 87 1
26 98 1
26 99 1
26 108 1
26 109 1
26 121 1
26 123 1
26 126 1
26 128 1
26 144 1
26 150 1
26 153 1
26 157 1
26 168 1
26 188 1
27 40 1
27 43 1
27 62 1
27 93 1
27 97 1
27 109 1
27 112 1
27 122 1
27 125 1
27 135 1
27 150 1
27 155 1
27 161 1
27 162 1
27 171 1
27 172 1
27 181 1
27 183 1
28 30 1
28 62 1
28 67 1
28 84 1
28 87 1
28 89 1
28 90 1
28 96 1
28 102 1
28 105 1
28 110 1
28 115 1
28 122 1
28 130 1
28 146 1
28 158 1
28 162 1
29 31 1
29 34 1
29 44 1
29 46 1
29 47 1
29 58 1
29 62 1
29 68 1
29 79 1
29 100 1
29 118 1
29 131 1
29 139 1
29 140 1
29 141 1
29 151 1
29 159 1
29 177 1
29 181 1
30 35 1
30 45 1
30 54 1
30 85 1
30 88 1
30 93 1
30 109 1
30 112 1
30 116 1
30 125 1
30 128 1
30 136 1
30 140 1
30 155 1
30 158 1
30 181 1
30 183 1
30 185 1
30 188 1
31 42 1
31 50 1
31 56 1
31 62 1
31 63 1
31 72 1
31 80 1
31 90 1
31 95 1
31 101 1
31 105 1
31 119 1
31 135 1
31 137 1
31 140 1
31 141 1
31 145 1
31 151 1
31 160 1
31 162 1
31 164 1
31 167 1
31 171 1
31 178 1
31 181 1
32 39 1
32 40 1
32 44 1
32 45 1
32 90 1
32 106 1
32 114 1
32 157 1
32 160 1
32 165 1
32 166 1
32 179 1
32 186 1
33 49 1
33 53 1
33 54 1
33 57 1
33 88 1
33 94 1
33 113 1
33 119 1
33 121 1
33 137 1
33 143 1
33 145 1
33 147 1
33 151 1
33 155 1
33 166 1
33 173 1
33 182 1
33 183 1
33 186 1
33 188 1
34 41 1
34 44 1
34 57 1
34 58 1
34 110 1
34 113 1
34 121 1
34 126 1
34 131 1
34 145 1
34 159 1
34 180 1
35 43 1
35 55 1
35 58 1
35 60 1
35 65 1
35 66 1
35 82 1
35 97 1
35 105 1
35 115 1
35 125 1
35 133 1
35 137 1
35 143 1
35 146 1
35 169 1
35 173 1
35 189 1
36 41 1
36 47 1
36 59 1
36 60 1
36 65 1
36 68 1
36 77 1
36 80 1
36 96 1
36 103 1
36 111 1
36 132 1
36 139 1
36 145 1
36 149 1
36 154 1
36 170 1
36 176 1
36 179 1
37 38 1
37 43 1
37 44 1
37 54 1
37 56 1
37 124 1
37 125 1
37 132 1
37 142 1
37 143 1
37 148 1
37 159 1
37 163 1
37 178 1
37 185 1
37 189 1
38 53 1
38 56 1
38 64 1
38 76 1
38 87 1
38 97 1
38 100 1
38 108 1
38 115 1
38 121 1
38 126 1
38 128 1
38 130 1
38 136 1
38 139 1
38 140 1
38 141 1
38 155 1
38 163 1
39 41 1
39 42 1
39 46 1
39 49 1
39 67 1
39 99 1
39 101 1
39 104 1
39 110 1
39 120 1
39 127 1
39 133 1
39 141 1
39 151 1
39 171 1
39 181 1
39 182 1
39 184 1
40 41 1
40 47 1
40 64 1
40 65 1
40 77 1
40 98 1
40 105 1
40 109 1
40 110 1
40 111 1
40 175 1
41 77 1
41 82 1
41 83 1
41 86 1
41 98 1
41 103 1
41 110 1
41 125 1
41 126 1
41 133 1
41 158 1
41 160 1
41 185 1
42 50 1
42 58 1
42 62 1
42 66 1
42 72 1
42 77 1
42 78 1
42 81 1
42 83 1
42 89 1
42 101 1
42 110 1
42 112 1
42 130 1
42 139 1
42 140 1
42 147 1
42 153 1
42 155 1
42 167 1
42 169 1
42 177 1
42 178 1
43 54 1
43 57 1
43 65 1
43 73 1
43 104 1
43 113 1
43 119 1
43 140 1
43 156 1
43 169 1
43 172 1
43 185 1
43 186 1
43 189 1
44 47 1
44 48 1
44 73 1
44 87 1
44 89 1
44 92 1
44 95 1
44 99 1
44 100 1
44 101 1
44 120 1
44 127 1
44 145 1
44 146 1
44 149 1
44 150 1
44 158 1
44 169 1
44 171 1
45 78 1
45 79 1
45 83 1
45 87 1
45 91 1
45 94 1
45 99 1
45 102 1
45 105 1
45 106 1
45 110 1
45 117 1
45 125 1
45 142 1
45 152 1
45 161 1
45 176 1
45 189 1
46 49 1
46 55 1
46 95 1
46 100 1
46 101 1
46 102 1
46 118 1
46 128 1
46 155 1
46 164 1
46 180 1
46 184 1
46 188 1
47 57 1
47 69 1
47 80 1
47 81 1
47 82 1
47 83 1
47 109 1
47 112 1
47 119 1
47 126 1
47 128 1
47 143 1
47 146 1
47 149 1
48 59 1
48 71 1
48 82 1
48 90 1
48 107 1
48 134 1
48 150 1
48 157 1
48 169 1
48 182 1
49 55 1
49 63 1
49 83 1
49 85 1
49 97 1
49 111 1
49 124 1
49 142 1
49 182 1
50 66 1
50 69 1
50 79 1
50 88 1
50 89 1
50 96 1
50 110 1
50 114 1
50 117 1
50 120 1
50 123 1
50 133 1
50 135 1
50 151 1
50 156 1
50 176 1
50 187 1
50 188 1
51 65 1
51 74 1
51 76 1
51 79 1
51 83 1
51 104 1
51 108 1
51 113 1
51 127 1
51 131 1
51 133 1
51 141 1
51 144 1
51 150 1
51 155 1
51 169 1
51 184 1
51 187 1
52 61 1
52 72 1
52 75 1
52 77 1
52 82 1
52 91 1
52 111 1
52 113 1
52 116 1
52 119 1
52 128 1
52 129 1
52 133 1
52 149 1
52 150 1
52 161 1
52 166 1
52 169 1
52 178 1
52 179 1
53 62 1
53 96 1
53 97 1
53 103 1
53 107 1
53 150 1
53 174 1
53 183 1
54 75 1
54 79 1
54 99 1
54 104 1
54 113 1
54 125 1
54 137 1
54 149 1
54 179 1
55 57 1
55 71 1
55 94 1
55 99 1
55 100 1
55 109 1
55 114 1
55 131 1
55 137 1
55 142 1
55 146 1
55 147 1
55 150 1
55 151 1
55 152 1
55 156 1
56 87 1
56 90 1
56 109 1
56 116 1
56 126 1
56 130 1
56 135 1
56 138 1
56 148 1
56 154 1
56 157 1
56 167 1
56 176 1
57 58 1
57 75 1
57 85 1
57 93 1
57 109 1
57 114 1
57 115 1
57 127 1
57 138 1
57 139 1
57 143 1
57 146 1
57 147 1
57 151 1
57 160 1
57 165 1
57 167 1
57 170 1
57 183 1
58 74 1
58 83 1
58 87 1
58 89 1
58 96 1
58 110 1
58 115 1
58 119 1
58 134 1
58 145 1
58 151 1
58 164 1
58 173 1
58 179 1
58 180 1
59 74 1
59 89 1
59 91 1
59 102 1
59 115 1
59 129 1
59 133 1
59 166 1
59 178 1
59 182 1
60 67 1
60 68 1
60 72 1
60 76 1
60 83 1
60 84 1
60 85 1
60 89 1
60 96 1
60 101 1
60 105 1
60 106 1
60 107 1
60 128 1
60 134 1
60 140 1
60 141 1
60 142 1
60 145 1
60 176 1
60 179 1
60 186 1
61 68 1
61 96 1
61 97 1
61 116 1
61 119 1
61 126 1
61 143 1
61 147 1
61 152 1
61 161 1
61 174 1
61 178 1
62 72 1
62 75 1
62 78 1
62 97 1
62 98 1
62 111 1
62 117 1
62 134 1
62 145 1
62 155 1
62 169 1
62 172 1
62 181 1
63 65 1
63 71 1
63 83 1
63 92 1
63 103 1
63 117 1
63 128 1
63 129 1
63 139 1
63 143 1
63 151 1
63 153 1
63 186 1
64 70 1
64 71 1
64 72 1
64 73 1
64 94 1
64 97 1
64 101 1
64 102 1
64 106 1
64 111 1
64 114 1
64 118 1
64 119 1
64 130 1
64 139 1
64 152 1
64 154 1
64 159 1
64 160 1
64 165 1
64 189 1
65 68 1
65 71 1
65 82 1
65 85 1
65 117 1
65 124 1
65 126 1
65 129 1
65 134 1
65 151 1
65 157 1
65 164 1
65 175 1
65 176 1
66 74 1
66 79 1
66 95 1
66 135 1
66 139 1
66 149 1
66 163 1
66 171 1
66 177 1
66 180 1
66 188 1
67 70 1
67 80 1
67 85 1
67 89 1
67 113 1
67 115 1
67 125 1
67 127 1
67 147 1
67 153 1
67 155 1
67 156 1
67 168 1
67 175 1
67 179 1
67 186 1
68 79 1
68 92 1
68 99 1
68 101 1
68 105 1
68 106 1
68 112 1
68 119 1
68 120 1
68 121 1
68 144 1
68 149 1
68 161 1
68 178 1
68 180 1
68 181 1
68 184 1
68 187 1
69 70 1
69 77 1
69 86 1
69 92 1
69 99 1
69 105 1
69 116 1
69 146 1
69 156 1
69 189 1
70 72 1
70 79 1
70 88 1
70 107 1
70 112 1
70 124 1
70 129 1
70 138 1
70 145 1
70 150 1
70 151 1
70 154 1
70 156 1
70 157 1
70 161 1
70 166 1
70 167 1
70 174 1
70 175 1
70 182 1
70 185 1
71 75 1
71 82 1
71 84 1
71 98 1
71 120 1
71 152 1
71 156 1
71 167 1
71 169 1
71 178 1
71 180 1
71 188 1
72 73 1
72 84 1
72 103 1
72 118 1
72 121 1
72 124 1
72 135 1
72 143 1
72 159 1
73 78 1
73 81 1
73 88 1
73 101 1
73 132 1
73 157 1
73 164 1
73 169 1
74 77 1
74 83 1
74 88 1
74 89 1
74 94 1
74 105 1
74 107 1
74 112 1
74 114 1
74 116 1
74 128 1
74 131 1
74 134 1
74 140 1
74 142 1
74 155 1
74 161 1
74 164 1
74 173 1
74 174 1
74 176 1
75 79 1
75 97 1
75 101 1
75 102 1
75 131 1
75 134 1
75 138 1
75 140 1
75 150 1
75 158 1
75 162 1
75 169 1
75 182 1
75 189 1
76 85 1
76 102 1
76 113 1
76 126 1
76 135 1
76 138 1
76 151 1
76 156 1
77 78 1
77 96 1
77 115 1
77 119 1
77 122 1
77 128 1
77 139 1
77 150 1
77 165 1
77 168 1
77 185 1
78 98 1
78 104 1
78 109 1
78 115 1
78 116 1
78 129 1
78 149 1
78 161 1
78 176 1
78 181 1
78 184 1
79 89 1
79 103 1
79 110 1
79 118 1
79 123 1
79 132 1
79 148 1
79 150 1
79 151 1
79 170 1
79 172 1
80 82 1
80 91 1
80 111 1
80 119 1
80 121 1
80 126 1
80 131 1
80 149 1
80 150 1
80 155 1
80 156 1
80 171 1
80 174 1
80 179 1
81 100 1
81 122 1
81 128 1
81 130 1
81 143 1
82 83 1
82 88 1
82 90 1
82 95 1
82 111 1
82 115 1
82 116 1
82 120 1
82 123 1
82 124 1
82 133 1
82 139 1
82 147 1
82 167 1
82 172 1
82 182 1
83 86 1
83 88 1
83 89 1
83 90 1
83 95 1
83 100 1
83 101 1
83 107 1
83 112 1
83 117 1
83 123 1
83 133 1
83 140 1
83 150 1
83 156 1
83 163 1
83 168 1
83 176 1
83 183 1
83 185 1
83 187 1
83 189 1
84 106 1
84 113 1
84 124 1
84 126 1
84 131 1
84 136 1
84 139 1
84 141 1
84 160 1
84 162 1
84 171 1
84 189 1
85 105 1
85 113 1
85 116 1
85 117 1
85 121 1
85 123 1
85 127 1
85 130 1
85 131 1
85 137 1
85 138 1
85 141 1
85 144 1
85 145 1
85 156 1
85 159 1
85 160 1
85 164 1
85 168 1
85 188 1
86 98 1
86 118 1
86 143 1
86 145 1
86 150 1
86 167 1
86 175 1
87 94 1
87 96 1
87 104 1
87 128 1
87 136 1
87 137 1
87 141 1
87 166 1
87 175 1
87 177 1
87 179 1
87 183 1
88 93 1
88 95 1
88 115 1
88 117 1
88 129 1
88 140 1
88 141 1
88 143 1
88 156 1
88 164 1
88 166 1
88 174 1
88 186 1
89 95 1
89 102 1
89 103 1
89 117 1
89 122 1
89 178 1
89 182 1
89 185 1
89 188 1
90 116 1
90 125 1
90 126 1
90 132 1
90 142 1
90 156 1
90 164 1
90 169 1
91 95 1
91 125 1
91 133 1
91 138 1
91 144 1
91 147 1
91 169 1
91 170 1
92 95 1
92 127 1
92 157 1
92 161 1
92 166 1
92 169 1
92 187 1
92 189 1
93 95 1
93 103 1
93 107 1
93 115 1
93 116 1
93 118 1
93 133 1
93 145 1
93 150 1
93 152 1
93 155 1
93 160 1
93 171 1
93 176 1
93 179 1
94 104 1
94 114 1
94 123 1
94 125 1
94 144 1
94 149 1
94 165 1
94 171 1
94 187 1
95 98 1
95 129 1
95 162 1
95 166 1
95 169 1
95 171 1
95 177 1
95 183 1
96 104 1
96 109 1
96 118 1
96 125 1
96 135 1
96 138 1
96 150 1
96 157 1
96 161 1
96 164 1
96 166 1
96 168 1
96 172 1
96 173 1
97 98 1
97 128 1
97 129 1
97 130 1
97 141 1
97 154 1
97 159 1
97 160 1
97 178 1
97 180 1
97 182 1
97 188 1
98 108 1
98 132 1
98 160 1
98 167 1
98 179 1
98 180 1
98 185 1
99 105 1
99 106 1
99 107 1
99 121 1
99 123 1
99 143 1
99 155 1
99 162 1
99 166 1
99 177 1
99 180 1
100 110 1
100 120 1
100 121 1
100 131 1
100 135 1
100 137 1
100 147 1
100 188 1
101 152 1
101 153 1
101 166 1
101 167 1
101 170 1
101 179 1
102 116 1
102 135 1
102 137 1
102 138 1
102 141 1
102 151 1
102 158 1
102 159 1
102 169 1
102 176 1
102 179 1
103 112 1
103 133 1
103 135 1
103 152 1
103 157 1
103 158 1
103 162 1
103 172 1
103 174 1
103 176 1
104 108 1
104 115 1
104 117 1
104 121 1
104 122 1
104 123 1
104 128 1
104 130 1
104 144 1
104 148 1
104 150 1
104 154 1
104 155 1
104 163 1
104 164 1
104 166 1
104 169 1
104 173 1
104 177 1
105 113 1
105 118 1
105 132 1
105 141 1
105 148 1
105 172 1
105 175 1
106 131 1
106 143 1
106 145 1
106 151 1
106 154 1
106 160 1
106 167 1
106 178 1
107 114 1
107 124 1
107 128 1
107 162 1
107 173 1
107 179 1
108 114 1
108 117 1
108 138 1
108 139 1
108 140 1
108 148 1
108 150 1
108 151 1
109 117 1
109 118 1
109 119 1
109 125 1
109 126 1
109 128 1
109 131 1
109 133 1
109 156 1
109 174 1
109 175 1
109 185 1
110 117 1
110 119 1
110 120 1
110 126 1
110 127 1
110 150 1
110 170 1
110 180 1
110 183 1
110 186 1
111 112 1
111 115 1
111 135 1
111 136 1
111 140 1
111 141 1
111 146 1
111 160 1
111 161 1
112 113 1
112 116 1
112 117 1
112 134 1
112 140 1
112 144 1
112 153 1
112 158 1
112 161 1
112 170 1
112 187 1
112 189 1
113 120 1
113 137 1
113 159 1
113 167 1
113 187 1
114 116 1
114 118 1
114 136 1
114 142 1
114 146 1
114 147 1
114 154 1
114 155 1
114 156 1
114 185 1
114 186 1
115 119 1
115 133 1
115 135 1
115 138 1
115 145 1
115 155 1
115 167 1
115 168 1
115 170 1
115 186 1
116 126 1
116 137 1
116 150 1
116 152 1
116 173 1
116 176 1
117 130 1
117 131 1
117 149 1
117 162 1
117 163 1
117 176 1
117 181 1
117 183 1
118 125 1
118 152 1
118 171 1
118 175 1
119 138 1
119 151 1
119 165 1
119 172 1
119 180 1
119 182 1
119 185 1
119 187 1
120 132 1
120 133 1
120 134 1
120 150 1
120 155 1
120 169 1
120 173 1
120 180 1
120 181 1
120 183 1
121 122 1
121 137 1
121 141 1
121 147 1
121 154 1
121 159 1
121 162 1
121 164 1
121 180 1
122 145 1
122 157 1
122 168 1
122 176 1
122 179 1
122 181 1
123 129 1
123 131 1
123 138 1
123 146 1
123 151 1
123 156 1
123 158 1
124 129 1
124 143 1
124 151 1
124 158 1
124 161 1
124 182 1
125 126 1
125 173 1
126 148 1
126 153 1
126 156 1
126 166 1
127 138 1
127 145 1
127 147 1
127 154 1
127 165 1
127 173 1
127 176 1
127 178 1
127 184 1
127 185 1
128 130 1
128 133 1
128 146 1
128 164 1
128 178 1
129 130 1
129 140 1
129 154 1
129 159 1
129 161 1
129 177 1
129 185 1
130 162 1
130 173 1
130 178 1
131 136 1
131 140 1
131 142 1
131 151 1
131 154 1
131 169 1
131 171 1
132 134 1
132 151 1
132 154 1
132 155 1
132 175 1
132 187 1
133 138 1
133 141 1
133 143 1
133 159 1
133 161 1
133 167 1
133 170 1
133 178 1
134 151 1
134 158 1
134 161 1
134 175 1
134 180 1
134 181 1
135 146 1
135 149 1
135 150 1
135 154 1
135 159 1
135 168 1
135 173 1
135 178 1
135 189 1
136 158 1
136 168 1
136 177 1
136 179 1
137 155 1
137 166 1
137 167 1
137 170 1
137 180 1
137 184 1
138 158 1
138 159 1
138 189 1
139 142 1
139 145 1
139 156 1
139 158 1
139 172 1
139 182 1
139 185 1
140 141 1
140 157 1
140 161 1
140 162 1
140 170 1
140 178 1
141 153 1
141 155 1
141 165 1
141 174 1
141 184 1
141 187 1
142 163 1
142 164 1
142 167 1
142 177 1
142 178 1
143 151 1
143 182 1
143 184 1
144 162 1
144 164 1
144 166 1
144 168 1
144 169 1
144 173 1
145 147 1
145 158 1
145 159 1
145 162 1
145 163 1
145 174 1
145 185 1
146 151 1
146 160 1
146 164 1
146 165 1
146 173 1
146 185 1
146 189 1
147 153 1
147 163 1
147 170 1
147 172 1
147 175 1
147 181 1
148 155 1
148 174 1
148 176 1
148 180 1
148 184 1
149 151 1
149 164 1
150 155 1
151 154 1
151 169 1
152 156 1
152 171 1
152 179 1
152 182 1
153 175 1
153 176 1
153 179 1
154 163 1
154 171 1
154 173 1
154 182 1
154 185 1
154 188 1
155 180 1
155 183 1
155 185 1
156 164 1
156 166 1
156 185 1
156 187 1
157 158 1
157 174 1
157 180 1
157 189 1
158 175 1
159 178 1
159 179 1
160 165 1
160 178 1
160 186 1
160 189 1
161 162 1
161 165 1
161 167 1
161 180 1
161 181 1
162 167 1
162 171 1
162 177 1
162 182 1
163 169 1
163 174 1
163 177 1
164 167 1
164 171 1
164 176 1
164 182 1
164 183 1
165 174 1
165 184 1
165 188 1
166 174 1
166 178 1
166 183 1
167 168 1
167 177 1
167 185 1
168 170 1
168 173 1
168 179 1
168 180 1
168 185 1
170 172 1
170 187 1
171 173 1
171 174 1
171 175 1
171 178 1
172 184 1
173 178 1
173 182 1
173 184 1
173 185 1
174 176 1
174 179 1
174 180 1
174 187 1
175 182 1
175 186 1
175 189 1
176 189 1
177 181 1
177 182 1
179 184 1
179 187 1
180 186 1
180 188 1
182 188 1
184 189 1
185 187 1
185 189 1
186 189 1
188 189 1
1
40 170 14 172 61 169 133 18 124 147 55 10 121 175 138 157 45 116 148
