303
0 1 1
0 4 1
0 10 1
0 11 1
0 14 1
0 15 1
0 17 1
0 18 1
0 21 1
0 23 1
0 24 1
0 26 1
0 27 1
0 29 1
0 31 1
0 32 1
0 37 1
0 38 1
1 2 1
1 6 1
1 7 1
1 11 1
1 18 1
1 20 1
1 21 1
1 22 1
1 25 1
1 30 1
1 35 1
1 36 1
1 38 1
2 6 1
2 10 1
2 11 1
2 13 1
2 15 1
2 16 1
2 17 1
2 18 1
2 20 1
2 21 1
2 24 1
2 26 1
2 27 1
2 30 1
2 33 1
2 36 1
2 39 1
3 5 1
3 6 1
3 9 1
3 10 1
3 13 1
3 22 1
3 23 1
3 25 1
3 26 1
3 31 1
3 35 1
3 38 1
3 39 1
4 6 1
4 9 1
4 10 1
4 11 1
4 14 1
4 16 1
4 21 1
4 23 1
4 24 1
4 27 1
4 29 1
4 32 1
4 34 1
4 38 1
4 39 1
5 6 1
5 7 1
5 11 1
5 12 1
5 13 1
5 16 1
5 18 1
5 20 1
5 21 1
5 23 1
5 24 1
5 25 1
5 27 1
5 29 1
5 31 1
5 35 1
5 36 1
5 39 1
6 7 1
6 9 1
6 16 1
6 17 1
6 19 1
6 24 1
6 26 1
6 27 1
6 29 1
6 30 1
6 31 1
6 34 1
6 35 1
6 38 1
6 39 1
7 9 1
7 11 1
7 12 1
7 15 1
7 18 1
7 21 1
7 30 1
7 32 1
7 38 1
7 39 1
8 9 1
8 10 1
8 11 1
8 12 1
8 13 1
8 14 1
8 17 1
8 18 1
8 21 1
8 22 1
8 27 1
8 28 1
8 29 1
8 31 1
8 37 1
8 38 1
9 11 1
9 14 1
9 15 1
9 16 1
9 17 1
9 18 1
9 20 1
9 21 1
9 22 1
9 23 1
9 24 1
9 29 1
9 31 1
9 33 1
9 35 1
9 38 1
10 11 1
10 12 1
10 14 1
10 20 1
10 21 1
10 22 1
10 24 1
10 25 1
10 26 1
10 28 1
10 29 1
10 30 1
10 34 1
10 35 1
10 39 1
11 13 1
11 17 1
11 18 1
11 21 1
11 22 1
11 25 1
11 27 1
11 31 1
11 37 1
11 38 1
12 17 1
12 18 1
12 20 1
12 25 1
12 31 1
12 35 1
13 22 1
13 27 1
13 30 1
13 32 1
13 36 1
14 16 1
14 19 1
14 20 1
14 26 1
14 29 1
14 30 1
14 33 1
14 34 1
14 36 1
15 16 1
15 18 1
15 20 1
15 24 1
15 25 1
15 28 1
15 30 1
15 31 1
15 39 1
16 18 1
16 20 1
16 25 1
16 28 1
16 29 1
16 37 1
17 18 1
17 19 1
17 23 1
17 25 1
17 26 1
17 29 1
17 31 1
17 36 1
17 38 1
17 39 1
18 20 1
18 21 1
18 23 1
18 27 1
18 28 1
18 32 1
18 34 1
18 37 1
19 20 1
19 24 1
19 27 1
19 30 1
19 31 1
19 36 1
19 38 1
20 30 1
20 34 1
20 36 1
20 37 1
20 38 1
21 22 1
21 23 1
21 24 1
21 27 1
21 30 1
21 31 1
21 33 1
21 34 1
22 23 1
22 24 1
22 28 1
22 34 1
22 38 1
22 39 1
23 24 1
23 28 1
23 29 1
23 30 1
23 31 1
24 26 1
24 30 1
24 37 1
24 39 1
25 26 1
25 27 1
25 29 1
25 30 1
25 32 1
25 38 1
26 28 1
26 29 1
26 31 1
26 32 1
26 35 1
27 29 1
27 31 1
27 34 1
27 38 1
28 30 1
28 34 1
28 35 1
28 39 1
29 31 1
29 32 1
29 33 1
29 34 1
30 33 1
30 37 1
31 33 1
31 35 1
31 39 1
32 35 1
32 37 1
32 39 1
33 35 1
33 37 1
33 38 1
33 39 1
34 36 1
34 37 1
34 38 1
35 36 1
1
34 7 30 22
