461
0 4 1
0 5 1
0 9 1
0 10 1
0 23 1
0 24 1
0 25 1
0 27 1
0 36 1
0 39 1
0 46 1
0 47 1
0 52 1
0 58 1
0 59 1
1 4 1
1 7 1
1 9 1
1 20 1
1 27 1
1 29 1
1 33 1
1 35 1
1 44 1
1 45 1
1 47 1
1 48 1
1 51 1
1 55 1
2 8 1
2 10 1
2 14 1
2 15 1
2 16 1
2 23 1
2 24 1
2 27 1
2 34 1
2 35 1
2 42 1
2 43 1
2 54 1
2 55 1
2 56 1
2 59 1
3 11 1
3 12 1
3 14 1
3 15 1
3 17 1
3 31 1
3 36 1
3 47 1
3 49 1
3 50 1
3 51 1
3 55 1
3 56 1
4 15 1
4 18 1
4 20 1
4 25 1
4 30 1
4 44 1
4 47 1
4 48 1
4 50 1
4 57 1
5 13 1
5 14 1
5 16 1
5 34 1
5 44 1
5 45 1
5 49 1
5 50 1
5 52 1
5 53 1
6 7 1
6 14 1
6 20 1
6 21 1
6 22 1
6 23 1
6 29 1
6 33 1
6 41 1
6 49 1
6 50 1
6 51 1
6 59 1
7 14 1
7 33 1
7 38 1
7 41 1
7 45 1
7 50 1
7 58 1
7 59 1
8 12 1
8 17 1
8 23 1
8 25 1
8 28 1
8 29 1
8 30 1
8 31 1
8 51 1
9 11 1
9 15 1
9 21 1
9 23 1
9 24 1
9 26 1
9 29 1
9 32 1
9 38 1
9 42 1
9 43 1
9 44 1
9 45 1
9 47 1
9 48 1
9 56 1
9 57 1
10 12 1
10 13 1
10 15 1
10 17 1
10 22 1
10 24 1
10 28 1
10 29 1
10 30 1
10 37 1
10 40 1
10 41 1
10 44 1
10 47 1
10 48 1
10 53 1
10 58 1
11 14 1
11 17 1
11 23 1
11 26 1
11 29 1
11 34 1
11 38 1
11 40 1
11 41 1
11 48 1
11 52 1
12 18 1
12 20 1
12 21 1
12 22 1
12 24 1
12 25 1
12 27 1
12 28 1
12 29 1
12 31 1
12 32 1
12 33 1
12 38 1
12 41 1
12 44 1
12 46 1
12 55 1
12 56 1
12 59 1
13 18 1
13 19 1
13 21 1
13 25 1
13 26 1
13 27 1
13 29 1
13 33 1
13 35 1
13 39 1
13 43 1
13 44 1
13 45 1
13 48 1
13 49 1
13 51 1
13 56 1
13 59 1
14 15 1
14 17 1
14 24 1
14 26 1
14 36 1
14 40 1
14 46 1
14 48 1
14 51 1
14 52 1
14 56 1
15 16 1
15 17 1
15 22 1
15 29 1
15 31 1
15 32 1
15 39 1
15 40 1
15 42 1
15 44 1
15 46 1
15 48 1
15 50 1
15 54 1
15 59 1
16 17 1
16 18 1
16 23 1
16 26 1
16 28 1
16 40 1
16 41 1
16 43 1
16 45 1
16 48 1
16 49 1
16 50 1
16 56 1
16 57 1
16 58 1
17 19 1
17 20 1
17 23 1
17 24 1
17 29 1
17 30 1
17 32 1
17 37 1
17 40 1
17 48 1
17 54 1
17 56 1
18 22 1
18 27 1
18 30 1
18 32 1
18 36 1
18 38 1
18 42 1
18 47 1
18 49 1
18 50 1
19 25 1
19 26 1
19 30 1
19 33 1
19 37 1
19 41 1
19 45 1
19 46 1
19 54 1
19 56 1
19 57 1
20 21 1
20 22 1
20 24 1
20 25 1
20 26 1
20 28 1
20 30 1
20 32 1
20 37 1
20 41 1
20 43 1
20 44 1
20 45 1
20 46 1
20 56 1
20 57 1
21 29 1
21 40 1
21 42 1
21 43 1
21 47 1
21 49 1
21 50 1
21 57 1
22 30 1
22 31 1
22 32 1
22 33 1
22 35 1
22 37 1
22 39 1
22 50 1
22 52 1
22 58 1
22 59 1
23 27 1
23 28 1
23 32 1
23 40 1
23 41 1
23 46 1
23 47 1
23 48 1
23 59 1
24 27 1
24 30 1
24 32 1
24 35 1
24 36 1
24 40 1
24 43 1
24 48 1
24 50 1
24 51 1
24 56 1
25 29 1
25 30 1
25 39 1
25 44 1
25 46 1
25 52 1
26 37 1
26 38 1
26 39 1
26 45 1
26 50 1
26 57 1
26 58 1
27 31 1
27 33 1
27 39 1
27 40 1
27 45 1
27 47 1
27 49 1
27 53 1
27 59 1
28 32 1
28 35 1
28 43 1
28 47 1
28 48 1
28 50 1
28 56 1
29 34 1
29 38 1
29 39 1
29 48 1
29 49 1
29 52 1
29 56 1
29 57 1
29 58 1
30 33 1
30 35 1
30 41 1
30 48 1
30 50 1
30 54 1
30 59 1
31 34 1
31 35 1
31 36 1
31 38 1
31 39 1
31 47 1
31 55 1
32 34 1
32 38 1
32 39 1
32 40 1
32 48 1
32 53 1
32 54 1
32 55 1
33 37 1
33 38 1
33 44 1
33 46 1
33 49 1
33 57 1
33 58 1
34 35 1
34 40 1
34 41 1
34 48 1
34 49 1
34 53 1
35 42 1
35 43 1
35 53 1
36 39 1
36 44 1
36 56 1
36 57 1
36 58 1
37 40 1
37 42 1
37 45 1
37 49 1
38 39 1
38 45 1
38 46 1
38 47 1
38 50 1
39 40 1
39 42 1
39 45 1
39 48 1
39 55 1
40 42 1
40 44 1
40 47 1
40 48 1
40 49 1
40 52 1
40 53 1
41 44 1
41 45 1
41 51 1
41 55 1
42 45 1
42 48 1
42 51 1
42 53 1
42 57 1
43 44 1
43 48 1
43 49 1
43 56 1
44 45 1
44 47 1
44 48 1
44 52 1
44 56 1
44 58 1
45 47 1
45 49 1
45 50 1
46 51 1
46 54 1
46 56 1
46 59 1
47 54 1
47 58 1
48 51 1
48 58 1
49 50 1
50 52 1
50 55 1
51 53 1
51 55 1
52 55 1
53 56 1
53 59 1
56 57 1
56 58 1
1
13 23 32 33 45 57
