2016
0 1 1
0 7 1
0 10 1
0 20 1
0 24 1
0 25 1
0 29 1
0 43 1
0 50 1
0 51 1
0 54 1
0 56 1
0 73 1
0 75 1
0 76 1
0 85 1
0 130 1
0 141 1
0 158 1
0 160 1
0 167 1
0 193 1
1 3 1
1 15 1
1 25 1
1 26 1
1 33 1
1 38 1
1 43 1
1 52 1
1 54 1
1 55 1
1 57 1
1 58 1
1 72 1
1 84 1
1 96 1
1 98 1
1 107 1
1 120 1
1 123 1
1 124 1
1 128 1
1 136 1
1 152 1
1 161 1
1 180 1
2 19 1
2 22 1
2 25 1
2 28 1
2 29 1
2 33 1
2 38 1
2 46 1
2 50 1
2 54 1
2 64 1
2 66 1
2 74 1
2 100 1
2 111 1
2 112 1
2 124 1
2 133 1
2 142 1
2 166 1
2 174 1
2 177 1
2 178 1
2 184 1
3 7 1
3 19 1
3 47 1
3 48 1
3 60 1
3 76 1
3 92 1
3 116 1
3 130 1
3 142 1
3 156 1
3 174 1
3 179 1
3 184 1
4 9 1
4 22 1
4 24 1
4 31 1
4 34 1
4 39 1
4 40 1
4 41 1
4 61 1
4 64 1
4 65 1
4 75 1
4 80 1
4 88 1
4 92 1
4 106 1
4 142 1
4 144 1
4 166 1
4 179 1
4 192 1
5 22 1
5 24 1
5 26 1
5 33 1
5 42 1
5 52 1
5 59 1
5 64 1
5 67 1
5 89 1
5 110 1
5 113 1
5 156 1
5 158 1
5 164 1
5 165 1
5 184 1
6 9 1
6 19 1
6 20 1
6 31 1
6 35 1
6 40 1
6 43 1
6 48 1
6 49 1
6 62 1
6 82 1
6 84 1
6 144 1
6 151 1
6 152 1
6 158 1
6 160 1
6 161 1
6 193 1
7 10 1
7 14 1
7 19 1
7 37 1
7 58 1
7 69 1
7 86 1
7 98 1
7 100 1
7 114 1
7 136 1
7 162 1
7 165 1
7 176 1
8 23 1
8 44 1
8 92 1
8 94 1
8 108 1
8 128 1
8 149 1
8 153 1
8 161 1
8 174 1
8 176 1
8 183 1
8 184 1
8 190 1
9 11 1
9 25 1
9 27 1
9 32 1
9 36 1
9 38 1
9 41 1
9 42 1
9 49 1
9 65 1
9 67 1
9 68 1
9 72 1
9 87 1
9 88 1
9 104 1
9 108 1
9 116 1
9 141 1
9 142 1
9 144 1
9 153 1
9 163 1
9 166 1
9 169 1
9 185 1
9 187 1
9 193 1
10 50 1
10 59 1
10 79 1
10 104 1
10 109 1
10 114 1
10 115 1
10 120 1
10 132 1
10 134 1
10 164 1
10 197 1
11 15 1
11 25 1
11 32 1
11 33 1
11 35 1
11 62 1
11 69 1
11 72 1
11 77 1
11 92 1
11 96 1
11 109 1
11 136 1
11 141 1
11 144 1
11 148 1
11 157 1
11 166 1
11 167 1
11 171 1
11 174 1
11 192 1
12 21 1
12 23 1
12 25 1
12 37 1
12 52 1
12 56 1
12 71 1
12 90 1
12 93 1
12 95 1
12 103 1
12 108 1
12 109 1
12 148 1
12 175 1
12 179 1
13 17 1
13 20 1
13 25 1
13 27 1
13 29 1
13 34 1
13 40 1
13 52 1
13 60 1
13 76 1
13 82 1
13 92 1
13 105 1
13 118 1
13 120 1
13 122 1
13 126 1
13 129 1
13 134 1
13 135 1
13 138 1
13 151 1
13 155 1
13 158 1
13 159 1
13 164 1
13 179 1
13 185 1
13 189 1
13 190 1
13 193 1
13 195 1
14 35 1
14 48 1
14 49 1
14 75 1
14 82 1
14 86 1
14 106 1
14 120 1
14 124 1
14 127 1
14 132 1
14 138 1
14 141 1
14 146 1
14 151 1
14 152 1
14 155 1
14 164 1
14 169 1
14 190 1
14 194 1
14 197 1
14 198 1
15 21 1
15 24 1
15 43 1
15 52 1
15 71 1
15 84 1
15 90 1
15 109 1
15 122 1
15 123 1
15 135 1
15 143 1
15 147 1
15 165 1
15 177 1
15 199 1
16 28 1
16 32 1
16 40 1
16 53 1
16 69 1
16 78 1
16 82 1
16 84 1
16 85 1
16 93 1
16 102 1
16 106 1
16 107 1
16 118 1
16 129 1
16 139 1
16 143 1
16 150 1
16 167 1
16 172 1
16 174 1
16 176 1
16 178 1
16 181 1
16 182 1
16 195 1
16 197 1
16 199 1
17 25 1
17 49 1
17 67 1
17 69 1
17 72 1
17 73 1
17 83 1
17 89 1
17 93 1
17 112 1
17 115 1
17 121 1
17 130 1
17 132 1
17 134 1
17 144 1
17 145 1
17 158 1
17 163 1
17 171 1
17 182 1
17 187 1
18 31 1
18 41 1
18 42 1
18 44 1
18 48 1
18 67 1
18 75 1
18 84 1
18 85 1
18 88 1
18 100 1
18 101 1
18 105 1
18 117 1
18 122 1
18 129 1
18 154 1
18 161 1
18 182 1
18 184 1
18 195 1
19 25 1
19 43 1
19 62 1
19 73 1
19 79 1
19 82 1
19 98 1
19 126 1
19 128 1
19 131 1
19 134 1
19 139 1
19 144 1
19 161 1
19 180 1
19 183 1
19 193 1
20 36 1
20 38 1
20 62 1
20 83 1
20 103 1
20 118 1
20 124 1
20 128 1
20 145 1
20 148 1
20 150 1
20 157 1
21 31 1
21 46 1
21 50 1
21 57 1
21 81 1
21 95 1
21 105 1
21 108 1
21 109 1
21 115 1
21 116 1
21 127 1
21 135 1
21 148 1
21 150 1
21 182 1
21 185 1
21 195 1
22 44 1
22 46 1
22 50 1
22 81 1
22 88 1
22 89 1
22 91 1
22 97 1
22 113 1
22 127 1
22 141 1
22 144 1
22 164 1
22 171 1
22 178 1
22 182 1
22 199 1
23 31 1
23 35 1
23 37 1
23 53 1
23 54 1
23 71 1
23 93 1
23 110 1
23 112 1
23 114 1
23 115 1
23 118 1
23 147 1
23 161 1
23 163 1
23 175 1
23 184 1
23 186 1
23 192 1
24 51 1
24 52 1
24 68 1
24 70 1
24 105 1
24 110 1
24 116 1
24 119 1
24 120 1
24 126 1
24 128 1
24 131 1
24 135 1
24 183 1
24 194 1
24 197 1
24 198 1
25 44 1
25 47 1
25 61 1
25 70 1
25 81 1
25 85 1
25 87 1
25 88 1
25 105 1
25 108 1
25 109 1
25 118 1
25 126 1
25 132 1
25 144 1
25 152 1
25 163 1
26 28 1
26 48 1
26 59 1
26 61 1
26 62 1
26 70 1
26 99 1
26 108 1
26 130 1
26 145 1
26 151 1
26 155 1
26 166 1
26 168 1
26 185 1
27 40 1
27 41 1
27 42 1
27 50 1
27 68 1
27 86 1
27 96 1
27 108 1
27 136 1
27 187 1
27 195 1
27 198 1
28 46 1
28 48 1
28 53 1
28 71 1
28 101 1
28 113 1
28 124 1
28 131 1
28 132 1
28 137 1
28 138 1
28 143 1
28 151 1
28 186 1
28 188 1
29 57 1
29 63 1
29 75 1
29 83 1
29 95 1
29 96 1
29 106 1
29 117 1
29 119 1
29 120 1
29 124 1
29 133 1
29 145 1
29 146 1
29 155 1
29 164 1
29 182 1
29 190 1
29 199 1
30 36 1
30 45 1
30 50 1
30 79 1
30 81 1
30 82 1
30 93 1
30 137 1
30 151 1
30 161 1
30 178 1
30 179 1
30 184 1
30 196 1
31 48 1
31 49 1
31 51 1
31 67 1
31 68 1
31 71 1
31 74 1
31 76 1
31 94 1
31 95 1
31 97 1
31 99 1
31 107 1
31 111 1
31 113 1
31 133 1
31 140 1
31 151 1
31 154 1
31 157 1
31 163 1
31 170 1
31 172 1
31 189 1
32 35 1
32 107 1
32 134 1
32 142 1
32 186 1
32 191 1
33 58 1
33 67 1
33 69 1
33 85 1
33 91 1
33 97 1
33 108 1
33 116 1
33 135 1
33 139 1
33 141 1
33 155 1
33 166 1
33 180 1
33 185 1
33 191 1
34 35 1
34 37 1
34 50 1
34 57 1
34 61 1
34 63 1
34 64 1
34 97 1
34 117 1
34 125 1
34 131 1
34 140 1
34 149 1
34 155 1
34 170 1
34 172 1
34 173 1
34 179 1
34 180 1
34 186 1
34 187 1
35 37 1
35 44 1
35 53 1
35 58 1
35 76 1
35 102 1
35 116 1
35 119 1
35 122 1
35 139 1
35 172 1
35 176 1
35 191 1
35 193 1
35 195 1
36 38 1
36 46 1
36 56 1
36 77 1
36 81 1
36 86 1
36 94 1
36 145 1
36 148 1
36 151 1
36 160 1
36 162 1
36 177 1
36 194 1
36 197 1
36 199 1
37 59 1
37 65 1
37 69 1
37 74 1
37 92 1
37 116 1
37 124 1
37 125 1
37 147 1
37 148 1
37 151 1
37 161 1
37 169 1
37 174 1
38 50 1
38 55 1
38 65 1
38 71 1
38 75 1
38 89 1
38 103 1
38 107 1
38 121 1
38 123 1
38 137 1
38 144 1
38 146 1
38 154 1
38 158 1
38 172 1
38 186 1
39 69 1
39 71 1
39 101 1
39 106 1
39 111 1
39 112 1
39 127 1
39 129 1
39 134 1
39 152 1
39 178 1
39 183 1
39 187 1
39 194 1
39 198 1
40 97 1
40 98 1
40 100 1
40 103 1
40 107 1
40 109 1
40 114 1
40 116 1
40 136 1
40 146 1
40 165 1
40 179 1
40 194 1
40 198 1
41 47 1
41 62 1
41 74 1
41 81 1
41 98 1
41 106 1
41 107 1
41 112 1
41 140 1
41 170 1
41 178 1
41 183 1
41 194 1
42 46 1
42 57 1
42 59 1
42 71 1
42 93 1
42 116 1
42 130 1
42 131 1
42 132 1
42 136 1
42 146 1
42 160 1
42 167 1
42 188 1
42 192 1
43 45 1
43 46 1
43 75 1
43 81 1
43 94 1
43 111 1
43 123 1
43 124 1
43 125 1
43 126 1
43 131 1
43 142 1
43 151 1
43 175 1
44 47 1
44 61 1
44 70 1
44 71 1
44 76 1
44 77 1
44 82 1
44 86 1
44 89 1
44 99 1
44 103 1
44 116 1
44 138 1
44 145 1
44 146 1
44 178 1
44 196 1
44 197 1
45 50 1
45 55 1
45 75 1
45 81 1
45 82 1
45 92 1
45 93 1
45 108 1
45 139 1
45 141 1
45 146 1
45 172 1
45 173 1
45 181 1
46 48 1
46 76 1
46 79 1
46 82 1
46 92 1
46 99 1
46 103 1
46 117 1
46 125 1
46 143 1
46 149 1
46 180 1
46 185 1
46 191 1
47 57 1
47 100 1
47 115 1
47 118 1
47 120 1
47 131 1
47 139 1
47 158 1
47 183 1
47 184 1
48 65 1
48 76 1
48 77 1
48 112 1
48 114 1
48 121 1
48 124 1
48 136 1
48 138 1
48 146 1
48 147 1
48 148 1
48 153 1
48 162 1
48 174 1
48 180 1
48 186 1
48 188 1
48 195 1
49 73 1
49 85 1
49 93 1
49 95 1
49 121 1
49 124 1
49 127 1
49 140 1
49 144 1
49 150 1
49 161 1
49 166 1
49 173 1
49 188 1
50 56 1
50 60 1
50 66 1
50 71 1
50 85 1
50 98 1
50 111 1
50 143 1
50 159 1
50 164 1
50 175 1
50 185 1
51 56 1
51 57 1
51 60 1
51 61 1
51 66 1
51 93 1
51 95 1
51 98 1
51 109 1
51 110 1
51 117 1
51 135 1
51 141 1
51 149 1
51 157 1
51 160 1
51 163 1
51 169 1
51 183 1
52 57 1
52 68 1
52 87 1
52 95 1
52 99 1
52 106 1
52 107 1
52 113 1
52 122 1
52 123 1
52 133 1
52 141 1
52 142 1
52 150 1
52 162 1
52 165 1
52 173 1
52 180 1
52 181 1
52 193 1
52 198 1
53 59 1
53 65 1
53 77 1
53 104 1
53 110 1
53 111 1
53 114 1
53 123 1
53 124 1
53 144 1
53 150 1
53 174 1
53 186 1
53 194 1
54 86 1
54 90 1
54 96 1
54 102 1
54 115 1
54 129 1
54 145 1
54 165 1
54 168 1
54 190 1
54 192 1
55 61 1
55 62 1
55 73 1
55 85 1
55 88 1
55 89 1
55 99 1
55 107 1
55 126 1
55 152 1
55 156 1
55 163 1
55 167 1
55 175 1
55 184 1
55 191 1
56 60 1
56 65 1
56 68 1
56 95 1
56 108 1
56 116 1
56 125 1
56 151 1
56 157 1
56 163 1
56 168 1
56 174 1
56 175 1
56 177 1
56 189 1
56 192 1
57 80 1
57 88 1
57 114 1
57 146 1
57 154 1
57 158 1
57 169 1
57 170 1
57 172 1
57 174 1
57 177 1
58 59 1
58 73 1
58 115 1
58 125 1
58 129 1
58 140 1
58 147 1
58 164 1
58 166 1
58 176 1
58 178 1
58 179 1
58 190 1
58 195 1
58 197 1
59 73 1
59 102 1
59 109 1
59 124 1
59 128 1
59 139 1
59 140 1
59 159 1
59 160 1
59 163 1
59 183 1
60 71 1
60 74 1
60 76 1
60 105 1
60 110 1
60 124 1
60 137 1
60 145 1
60 166 1
60 177 1
60 181 1
60 187 1
61 64 1
61 73 1
61 74 1
61 96 1
61 103 1
61 113 1
61 122 1
61 137 1
61 157 1
61 158 1
61 163 1
61 164 1
61 185 1
61 191 1
62 72 1
62 112 1
62 121 1
62 129 1
62 133 1
62 134 1
62 138 1
62 145 1
62 153 1
62 157 1
62 159 1
62 164 1
62 188 1
62 190 1
62 192 1
63 64 1
63 65 1
63 87 1
63 132 1
63 142 1
63 143 1
63 147 1
63 156 1
63 158 1
63 169 1
63 193 1
64 70 1
64 78 1
64 97 1
64 103 1
64 112 1
64 116 1
64 121 1
64 122 1
64 123 1
64 127 1
64 146 1
64 155 1
64 174 1
64 184 1
64 190 1
64 197 1
65 73 1
65 81 1
65 105 1
65 106 1
65 114 1
65 118 1
65 126 1
65 132 1
65 154 1
66 68 1
66 77 1
66 89 1
66 95 1
66 98 1
66 107 1
66 115 1
66 127 1
66 139 1
66 149 1
66 152 1
66 154 1
66 169 1
66 184 1
66 190 1
66 193 1
67 87 1
67 100 1
67 111 1
67 114 1
67 128 1
67 132 1
67 149 1
67 159 1
68 75 1
68 97 1
68 98 1
68 111 1
68 115 1
68 117 1
68 124 1
68 144 1
68 150 1
68 155 1
68 174 1
68 193 1
69 80 1
69 103 1
69 104 1
69 110 1
69 116 1
69 118 1
69 119 1
69 124 1
69 125 1
69 130 1
69 132 1
69 141 1
69 145 1
69 156 1
70 71 1
70 77 1
70 84 1
70 87 1
70 91 1
70 106 1
70 114 1
70 115 1
70 119 1
70 151 1
70 154 1
70 178 1
70 180 1
70 186 1
70 191 1
70 196 1
71 86 1
71 90 1
71 102 1
71 104 1
71 120 1
71 131 1
71 134 1
71 140 1
71 146 1
71 154 1
71 155 1
71 159 1
71 161 1
71 165 1
71 186 1
71 192 1
71 193 1
72 77 1
72 79 1
72 82 1
72 84 1
72 87 1
72 107 1
72 111 1
72 112 1
72 143 1
72 145 1
72 159 1
72 168 1
72 184 1
72 195 1
73 76 1
73 88 1
73 133 1
73 138 1
73 145 1
73 158 1
73 166 1
73 183 1
74 83 1
74 86 1
74 106 1
74 111 1
74 117 1
74 118 1
74 123 1
74 167 1
74 175 1
74 176 1
74 188 1
74 190 1
74 198 1
75 92 1
75 109 1
75 118 1
75 125 1
75 134 1
75 135 1
75 140 1
75 153 1
75 189 1
75 193 1
76 77 1
76 88 1
76 92 1
76 98 1
76 103 1
76 108 1
76 115 1
76 136 1
76 138 1
76 139 1
76 140 1
76 158 1
76 160 1
76 165 1
76 177 1
76 195 1
77 78 1
77 87 1
77 107 1
77 108 1
77 110 1
77 115 1
77 120 1
77 130 1
77 151 1
77 153 1
77 158 1
77 189 1
78 81 1
78 87 1
78 90 1
78 100 1
78 106 1
78 113 1
78 133 1
78 142 1
78 184 1
78 190 1
78 196 1
79 98 1
79 114 1
79 122 1
79 124 1
79 125 1
79 130 1
79 141 1
79 143 1
79 157 1
79 182 1
79 184 1
79 193 1
80 84 1
80 91 1
80 130 1
80 131 1
80 134 1
80 148 1
80 149 1
80 155 1
80 160 1
80 162 1
80 168 1
80 172 1
80 175 1
80 179 1
80 180 1
80 196 1
81 84 1
81 88 1
81 95 1
81 96 1
81 147 1
81 171 1
81 189 1
82 87 1
82 94 1
82 119 1
82 120 1
82 121 1
82 126 1
82 135 1
82 140 1
82 144 1
82 148 1
82 151 1
82 154 1
82 167 1
82 168 1
82 192 1
82 197 1
83 95 1
83 96 1
83 101 1
83 107 1
83 110 1
83 121 1
83 149 1
83 150 1
83 157 1
83 161 1
83 170 1
83 179 1
83 183 1
83 184 1
83 191 1
83 194 1
83 198 1
84 92 1
84 96 1
84 101 1
84 107 1
84 136 1
84 162 1
84 171 1
84 179 1
85 112 1
85 118 1
85 121 1
85 123 1
85 124 1
85 128 1
85 130 1
85 142 1
85 152 1
85 153 1
85 155 1
85 158 1
85 171 1
85 173 1
85 177 1
86 94 1
86 115 1
86 122 1
86 125 1
86 149 1
86 163 1
86 170 1
86 171 1
86 185 1
86 194 1
87 91 1
87 105 1
87 110 1
87 111 1
87 112 1
87 114 1
87 117 1
87 129 1
87 136 1
87 145 1
87 148 1
87 153 1
87 183 1
87 184 1
87 185 1
88 89 1
88 92 1
88 95 1
88 105 1
88 108 1
88 110 1
88 126 1
88 131 1
88 139 1
88 142 1
88 145 1
88 165 1
88 180 1
88 183 1
88 199 1
89 95 1
89 99 1
89 102 1
89 114 1
89 123 1
89 133 1
89 140 1
89 154 1
89 161 1
89 191 1
89 196 1
89 197 1
90 94 1
90 121 1
90 125 1
90 132 1
90 164 1
90 184 1
90 188 1
90 189 1
90 191 1
90 199 1
91 105 1
91 107 1
91 110 1
91 142 1
91 158 1
91 169 1
91 184 1
91 192 1
92 107 1
92 122 1
92 131 1
92 148 1
92 155 1
92 157 1
92 161 1
92 169 1
92 173 1
92 179 1
92 192 1
93 102 1
93 117 1
93 129 1
93 155 1
93 156 1
93 161 1
93 164 1
93 166 1
93 169 1
93 183 1
93 185 1
93 194 1
94 100 1
94 124 1
94 142 1
94 156 1
94 157 1
94 161 1
94 170 1
94 186 1
94 187 1
94 195 1
95 102 1
95 107 1
95 109 1
95 119 1
95 165 1
95 173 1
95 177 1
95 182 1
95 184 1
96 104 1
96 135 1
96 136 1
96 144 1
96 148 1
96 149 1
96 154 1
96 160 1
96 181 1
96 190 1
96 192 1
96 194 1
97 99 1
97 100 1
97 101 1
97 119 1
97 140 1
97 166 1
97 170 1
97 172 1
97 177 1
97 178 1
97 186 1
97 199 1
98 103 1
98 115 1
98 124 1
98 125 1
98 133 1
98 138 1
98 143 1
98 144 1
98 149 1
98 160 1
98 165 1
98 183 1
98 197 1
99 111 1
99 113 1
99 115 1
99 117 1
99 126 1
99 134 1
99 139 1
99 153 1
99 187 1
99 193 1
100 114 1
100 119 1
100 120 1
100 128 1
100 146 1
100 154 1
100 170 1
100 187 1
100 196 1
101 118 1
101 122 1
101 145 1
101 152 1
101 160 1
101 164 1
101 186 1
101 187 1
101 192 1
102 104 1
102 114 1
102 121 1
102 130 1
102 138 1
102 149 1
102 150 1
102 180 1
102 198 1
103 107 1
103 127 1
103 136 1
103 147 1
103 157 1
103 166 1
103 169 1
103 192 1
103 198 1
104 105 1
104 106 1
104 109 1
104 111 1
104 117 1
104 162 1
104 174 1
104 180 1
104 182 1
104 185 1
104 197 1
105 111 1
105 113 1
105 123 1
105 132 1
105 144 1
105 153 1
105 156 1
105 159 1
105 166 1
105 174 1
105 194 1
105 199 1
106 110 1
106 117 1
106 140 1
106 144 1
106 155 1
106 169 1
106 177 1
106 181 1
107 117 1
107 128 1
107 135 1
107 140 1
107 143 1
107 163 1
107 173 1
107 184 1
107 192 1
107 193 1
108 132 1
108 137 1
108 138 1
108 139 1
108 148 1
108 151 1
109 116 1
109 124 1
109 126 1
109 139 1
109 159 1
109 176 1
109 177 1
109 178 1
109 179 1
109 195 1
109 198 1
110 112 1
110 116 1
110 127 1
110 145 1
110 146 1
110 150 1
110 152 1
110 158 1
110 160 1
110 163 1
110 171 1
110 175 1
110 183 1
111 112 1
111 124 1
111 143 1
111 154 1
111 160 1
111 172 1
111 177 1
111 184 1
112 113 1
112 115 1
112 117 1
112 137 1
112 145 1
112 160 1
112 170 1
112 176 1
112 186 1
112 189 1
112 190 1
112 192 1
112 194 1
113 115 1
113 118 1
113 130 1
113 154 1
113 167 1
113 178 1
113 180 1
113 187 1
113 198 1
114 123 1
114 145 1
114 146 1
114 148 1
114 162 1
114 166 1
114 168 1
114 170 1
114 174 1
114 178 1
115 131 1
115 144 1
115 155 1
115 162 1
115 167 1
115 168 1
115 182 1
116 120 1
116 130 1
116 133 1
116 147 1
116 198 1
117 132 1
117 134 1
117 147 1
117 164 1
118 127 1
118 136 1
118 140 1
118 141 1
118 146 1
118 171 1
118 193 1
119 133 1
119 144 1
119 155 1
119 160 1
119 164 1
119 182 1
119 186 1
119 196 1
120 124 1
120 156 1
120 168 1
120 169 1
120 179 1
120 183 1
120 193 1
121 124 1
121 140 1
121 142 1
121 144 1
121 149 1
121 152 1
121 156 1
121 167 1
121 170 1
121 180 1
121 190 1
121 194 1
122 133 1
122 138 1
122 142 1
122 143 1
122 147 1
122 182 1
122 185 1
123 131 1
123 132 1
123 141 1
123 148 1
123 156 1
123 161 1
123 162 1
123 176 1
123 181 1
123 188 1
124 125 1
124 132 1
124 141 1
124 144 1
124 156 1
124 176 1
124 197 1
125 127 1
125 132 1
125 139 1
125 144 1
125 162 1
125 168 1
125 182 1
125 195 1
125 196 1
126 145 1
126 156 1
126 169 1
126 172 1
126 198 1
127 133 1
127 137 1
127 148 1
127 149 1
127 155 1
127 172 1
127 179 1
127 190 1
128 142 1
128 149 1
128 157 1
128 169 1
128 194 1
129 132 1
129 133 1
129 136 1
129 138 1
129 148 1
129 153 1
129 164 1
129 168 1
130 164 1
130 175 1
130 180 1
130 199 1
131 133 1
131 165 1
131 169 1
131 170 1
131 176 1
131 180 1
131 197 1
132 144 1
132 160 1
132 165 1
132 167 1
132 179 1
133 138 1
133 143 1
133 157 1
133 172 1
133 175 1
133 178 1
133 181 1
133 183 1
133 187 1
133 189 1
134 140 1
134 141 1
134 144 1
134 152 1
134 169 1
134 170 1
134 173 1
134 192 1
135 144 1
135 155 1
136 149 1
136 154 1
136 156 1
136 163 1
136 168 1
136 184 1
137 139 1
137 143 1
137 146 1
137 161 1
137 174 1
138 140 1
138 144 1
138 171 1
138 172 1
138 184 1
138 191 1
139 142 1
139 148 1
139 153 1
139 154 1
139 156 1
139 184 1
140 147 1
140 158 1
140 170 1
140 173 1
140 198 1
141 151 1
141 153 1
141 154 1
141 167 1
141 168 1
141 178 1
141 187 1
142 180 1
142 181 1
142 192 1
142 198 1
143 150 1
143 158 1
143 159 1
143 163 1
143 183 1
143 185 1
143 198 1
144 150 1
144 153 1
144 188 1
144 194 1
144 197 1
145 146 1
145 153 1
145 165 1
145 174 1
145 185 1
145 194 1
145 197 1
146 151 1
146 156 1
146 177 1
146 189 1
146 196 1
147 153 1
147 160 1
147 171 1
147 172 1
147 178 1
147 187 1
147 188 1
147 194 1
148 151 1
148 164 1
148 173 1
148 174 1
148 191 1
148 194 1
149 165 1
149 169 1
149 181 1
149 187 1
149 194 1
150 159 1
150 166 1
150 167 1
150 194 1
151 176 1
151 189 1
151 197 1
152 154 1
152 157 1
152 160 1
152 163 1
152 173 1
152 185 1
152 188 1
153 178 1
153 181 1
153 198 1
154 156 1
154 160 1
154 181 1
154 182 1
154 183 1
154 197 1
155 165 1
155 168 1
155 171 1
155 174 1
155 177 1
155 184 1
155 186 1
155 193 1
155 194 1
156 160 1
156 162 1
156 163 1
156 197 1
157 161 1
157 162 1
157 168 1
157 176 1
157 191 1
158 187 1
158 193 1
158 194 1
158 196 1
159 173 1
159 175 1
160 162 1
160 165 1
160 166 1
160 168 1
160 173 1
160 196 1
160 197 1
161 167 1
161 169 1
161 180 1
161 182 1
161 184 1
161 190 1
162 170 1
162 177 1
162 184 1
162 190 1
162 196 1
163 179 1
163 182 1
163 184 1
163 193 1
163 195 1
163 197 1
164 178 1
164 199 1
165 173 1
165 174 1
166 181 1
166 195 1
167 184 1
167 191 1
168 180 1
169 191 1
170 176 1
170 180 1
170 185 1
170 195 1
171 175 1
171 185 1
172 179 1
172 181 1
172 184 1
172 185 1
172 186 1
173 185 1
173 190 1
173 193 1
173 195 1
174 194 1
174 195 1
175 196 1
176 178 1
176 183 1
176 188 1
177 178 1
177 185 1
177 189 1
177 195 1
178 193 1
179 182 1
179 185 1
179 187 1
179 197 1
179 199 1
180 189 1
180 191 1
181 197 1
182 185 1
182 197 1
183 191 1
183 196 1
184 193 1
184 197 1
185 190 1
185 191 1
185 194 1
186 189 1
188 193 1
189 191 1
189 193 1
190 192 1
191 194 1
192 196 1
1
182 20 79 36 27 120 187 14 128 41 190 73 61 52 143 135 117 2 158 84
