820
0 3 1
0 4 1
0 9 1
0 17 1
0 19 1
0 23 1
0 26 1
0 28 1
0 32 1
0 33 1
0 35 1
0 37 1
0 41 1
0 43 1
0 45 1
0 47 1
0 50 1
0 53 1
0 64 1
0 66 1
0 67 1
0 71 1
0 87 1
1 2 1
1 7 1
1 8 1
1 9 1
1 12 1
1 13 1
1 15 1
1 16 1
1 21 1
1 23 1
1 36 1
1 44 1
1 47 1
1 58 1
1 63 1
1 72 1
1 76 1
1 78 1
1 83 1
1 85 1
2 9 1
2 10 1
2 12 1
2 14 1
2 18 1
2 24 1
2 25 1
2 26 1
2 35 1
2 36 1
2 47 1
2 48 1
2 52 1
2 65 1
2 66 1
2 68 1
2 71 1
2 79 1
2 83 1
2 88 1
2 89 1
3 4 1
3 13 1
3 16 1
3 25 1
3 27 1
3 32 1
3 43 1
3 52 1
3 55 1
3 60 1
3 62 1
3 69 1
3 74 1
3 77 1
3 82 1
3 83 1
3 87 1
3 88 1
4 7 1
4 10 1
4 15 1
4 22 1
4 26 1
4 27 1
4 31 1
4 45 1
4 46 1
4 52 1
4 56 1
4 69 1
4 71 1
4 72 1
4 73 1
4 76 1
4 77 1
4 82 1
4 83 1
5 7 1
5 9 1
5 14 1
5 17 1
5 21 1
5 25 1
5 33 1
5 37 1
5 38 1
5 39 1
5 43 1
5 49 1
5 51 1
5 56 1
5 57 1
5 58 1
5 65 1
5 66 1
5 74 1
5 79 1
5 84 1
6 10 1
6 11 1
6 12 1
6 31 1
6 32 1
6 33 1
6 36 1
6 37 1
6 42 1
6 52 1
6 53 1
6 56 1
6 58 1
6 59 1
6 67 1
6 76 1
6 82 1
6 83 1
6 84 1
7 13 1
7 15 1
7 19 1
7 27 1
7 33 1
7 37 1
7 38 1
7 42 1
7 48 1
7 50 1
7 55 1
7 56 1
7 63 1
7 66 1
7 68 1
7 69 1
7 71 1
7 77 1
7 87 1
7 89 1
8 30 1
8 33 1
8 35 1
8 37 1
8 50 1
8 53 1
8 55 1
8 64 1
8 84 1
9 15 1
9 22 1
9 25 1
9 37 1
9 39 1
9 42 1
9 43 1
9 46 1
9 59 1
9 60 1
9 67 1
9 82 1
10 16 1
10 18 1
10 24 1
10 25 1
10 28 1
10 35 1
10 38 1
10 39 1
10 45 1
10 46 1
10 53 1
10 63 1
10 64 1
10 74 1
10 75 1
10 76 1
10 79 1
10 84 1
10 87 1
11 13 1
11 20 1
11 22 1
11 36 1
11 47 1
11 48 1
11 54 1
11 58 1
11 61 1
11 64 1
11 66 1
11 68 1
11 75 1
11 79 1
11 86 1
11 88 1
12 14 1
12 16 1
12 20 1
12 27 1
12 34 1
12 35 1
12 37 1
12 40 1
12 47 1
12 49 1
12 50 1
12 55 1
12 56 1
12 57 1
12 59 1
12 60 1
12 61 1
12 63 1
12 65 1
12 66 1
12 71 1
12 73 1
12 75 1
12 80 1
12 83 1
12 84 1
13 29 1
13 37 1
13 39 1
13 46 1
13 48 1
13 52 1
13 53 1
13 55 1
13 57 1
13 65 1
13 67 1
13 71 1
13 77 1
13 81 1
14 17 1
14 21 1
14 26 1
14 27 1
14 28 1
14 30 1
14 32 1
14 39 1
14 45 1
14 48 1
14 49 1
14 50 1
14 51 1
14 52 1
14 60 1
14 66 1
14 67 1
14 69 1
14 75 1
14 77 1
14 79 1
14 80 1
14 84 1
14 85 1
14 86 1
15 19 1
15 25 1
15 26 1
15 30 1
15 32 1
15 42 1
15 43 1
15 45 1
15 47 1
15 51 1
15 60 1
15 80 1
15 81 1
15 88 1
16 19 1
16 20 1
16 22 1
16 30 1
16 33 1
16 35 1
16 40 1
16 43 1
16 46 1
16 53 1
16 61 1
16 67 1
16 68 1
16 80 1
16 83 1
16 84 1
17 30 1
17 32 1
17 40 1
17 52 1
17 68 1
17 69 1
17 75 1
17 76 1
17 81 1
17 86 1
17 89 1
18 23 1
18 27 1
18 32 1
18 35 1
18 38 1
18 42 1
18 44 1
18 45 1
18 52 1
18 54 1
18 56 1
18 76 1
18 86 1
18 87 1
19 22 1
19 26 1
19 33 1
19 41 1
19 42 1
19 45 1
19 52 1
19 55 1
19 57 1
19 61 1
19 65 1
19 79 1
19 87 1
20 24 1
20 29 1
20 30 1
20 32 1
20 41 1
20 45 1
20 46 1
20 54 1
20 71 1
20 78 1
20 85 1
20 86 1
21 29 1
21 35 1
21 36 1
21 37 1
21 39 1
21 43 1
21 55 1
21 59 1
21 61 1
21 68 1
21 72 1
21 74 1
21 78 1
21 84 1
21 85 1
22 32 1
22 34 1
22 37 1
22 38 1
22 41 1
22 42 1
22 43 1
22 44 1
22 49 1
22 51 1
22 58 1
22 77 1
22 79 1
22 80 1
22 87 1
22 88 1
22 89 1
23 24 1
23 34 1
23 35 1
23 38 1
23 43 1
23 44 1
23 45 1
23 46 1
23 64 1
23 65 1
23 82 1
23 83 1
23 87 1
24 29 1
24 32 1
24 43 1
24 46 1
24 50 1
24 57 1
24 66 1
24 76 1
24 81 1
24 88 1
25 26 1
25 29 1
25 34 1
25 35 1
25 37 1
25 39 1
25 40 1
25 43 1
25 54 1
25 55 1
25 57 1
25 66 1
25 68 1
25 73 1
25 87 1
25 88 1
26 34 1
26 38 1
26 42 1
26 47 1
26 59 1
26 61 1
26 67 1
26 69 1
26 70 1
26 77 1
27 28 1
27 29 1
27 30 1
27 36 1
27 38 1
27 39 1
27 43 1
27 44 1
27 46 1
27 47 1
27 51 1
27 55 1
27 57 1
27 67 1
27 74 1
27 75 1
27 80 1
27 84 1
28 36 1
28 42 1
28 43 1
28 46 1
28 53 1
28 58 1
28 59 1
28 67 1
28 71 1
28 72 1
28 77 1
28 79 1
29 32 1
29 42 1
29 43 1
29 47 1
29 48 1
29 50 1
29 65 1
29 66 1
29 72 1
29 79 1
29 80 1
30 35 1
30 45 1
30 47 1
30 48 1
30 55 1
30 63 1
30 66 1
30 73 1
30 74 1
30 79 1
30 82 1
30 83 1
30 84 1
31 37 1
31 38 1
31 44 1
31 46 1
31 51 1
31 52 1
31 53 1
31 59 1
31 68 1
31 69 1
31 71 1
31 75 1
31 80 1
31 86 1
32 34 1
32 46 1
32 47 1
32 52 1
32 57 1
32 58 1
32 68 1
32 69 1
32 80 1
32 82 1
32 89 1
33 35 1
33 52 1
33 54 1
33 55 1
33 63 1
33 70 1
33 71 1
33 79 1
33 81 1
33 86 1
34 38 1
34 39 1
34 46 1
34 48 1
34 64 1
34 66 1
34 68 1
34 70 1
34 79 1
34 84 1
35 44 1
35 45 1
35 46 1
35 48 1
35 50 1
35 53 1
35 54 1
35 59 1
35 61 1
35 68 1
35 70 1
35 78 1
35 85 1
36 38 1
36 49 1
36 53 1
36 64 1
36 66 1
36 70 1
36 72 1
36 76 1
37 41 1
37 44 1
37 58 1
37 62 1
37 80 1
37 83 1
37 85 1
38 41 1
38 45 1
38 47 1
38 49 1
38 67 1
38 82 1
38 84 1
38 85 1
39 41 1
39 53 1
39 57 1
39 60 1
39 76 1
39 79 1
39 82 1
39 84 1
39 88 1
40 41 1
40 44 1
40 57 1
40 64 1
40 67 1
40 68 1
40 71 1
40 78 1
40 79 1
40 80 1
40 83 1
40 84 1
40 86 1
41 51 1
41 54 1
41 59 1
41 64 1
41 66 1
41 70 1
41 79 1
41 84 1
42 46 1
42 48 1
42 50 1
42 55 1
42 58 1
42 62 1
42 65 1
42 73 1
42 84 1
42 85 1
42 87 1
43 48 1
43 71 1
43 84 1
43 89 1
44 51 1
44 52 1
44 62 1
44 70 1
44 78 1
45 47 1
45 49 1
45 54 1
45 57 1
45 58 1
45 61 1
45 69 1
45 75 1
45 76 1
45 78 1
46 52 1
46 63 1
46 64 1
46 66 1
46 67 1
46 70 1
46 72 1
46 79 1
46 80 1
46 83 1
46 88 1
47 56 1
47 57 1
47 60 1
47 64 1
47 68 1
47 77 1
47 78 1
47 82 1
47 88 1
48 55 1
48 62 1
48 67 1
48 73 1
48 76 1
48 81 1
48 83 1
49 50 1
49 52 1
49 54 1
49 58 1
49 64 1
49 66 1
49 67 1
49 68 1
49 69 1
49 71 1
49 73 1
49 77 1
50 55 1
50 57 1
50 63 1
50 70 1
50 72 1
50 77 1
50 78 1
50 87 1
50 88 1
51 58 1
51 59 1
51 65 1
51 68 1
51 73 1
51 75 1
51 77 1
51 84 1
51 85 1
52 53 1
52 65 1
52 70 1
52 78 1
52 82 1
53 56 1
53 65 1
53 69 1
53 73 1
53 79 1
53 82 1
53 84 1
53 87 1
54 57 1
54 58 1
54 59 1
54 70 1
54 72 1
54 74 1
54 75 1
54 78 1
54 79 1
54 81 1
54 89 1
55 59 1
55 69 1
55 77 1
55 84 1
56 64 1
56 65 1
56 78 1
56 86 1
56 89 1
57 58 1
57 59 1
57 71 1
57 84 1
57 89 1
58 59 1
58 62 1
58 68 1
58 70 1
58 79 1
58 86 1
59 67 1
59 68 1
59 69 1
59 73 1
59 86 1
59 88 1
59 89 1
60 64 1
60 69 1
60 79 1
60 82 1
61 72 1
61 78 1
61 81 1
61 82 1
61 85 1
61 87 1
62 70 1
62 78 1
62 83 1
62 85 1
63 65 1
63 67 1
63 69 1
63 70 1
63 79 1
63 80 1
63 81 1
63 85 1
64 71 1
65 68 1
65 74 1
65 78 1
65 79 1
65 85 1
65 87 1
66 69 1
66 77 1
66 83 1
66 84 1
66 88 1
67 73 1
67 75 1
67 80 1
67 85 1
68 78 1
68 80 1
68 89 1
69 70 1
69 75 1
69 76 1
70 72 1
70 81 1
70 84 1
70 87 1
71 72 1
71 83 1
72 75 1
72 77 1
72 80 1
73 75 1
73 79 1
73 87 1
73 88 1
73 89 1
74 88 1
75 84 1
75 89 1
76 78 1
77 79 1
77 88 1
78 83 1
78 84 1
78 88 1
79 86 1
81 82 1
81 85 1
82 86 1
82 89 1
83 87 1
88 89 1
1
26 9 72 3 67 20 87 58 88
