1840
0 14 1
0 19 1
0 30 1
0 34 1
0 44 1
0 47 1
0 51 1
0 66 1
0 74 1
0 77 1
0 90 1
0 94 1
0 116 1
0 117 1
0 120 1
0 133 1
0 141 1
0 153 1
0 156 1
0 172 1
0 175 1
1 5 1
1 15 1
1 22 1
1 38 1
1 75 1
1 76 1
1 100 1
1 103 1
1 118 1
1 122 1
1 128 1
1 130 1
1 136 1
1 157 1
1 165 1
1 177 1
1 178 1
1 179 1
2 3 1
2 7 1
2 15 1
2 28 1
2 30 1
2 39 1
2 67 1
2 70 1
2 83 1
2 92 1
2 102 1
2 108 1
2 120 1
2 123 1
2 140 1
2 157 1
2 163 1
2 165 1
2 168 1
2 170 1
2 179 1
3 16 1
3 28 1
3 47 1
3 58 1
3 73 1
3 78 1
3 79 1
3 90 1
3 99 1
3 111 1
3 113 1
3 115 1
3 135 1
3 139 1
3 151 1
3 161 1
3 162 1
3 164 1
3 166 1
3 175 1
4 10 1
4 24 1
4 38 1
4 39 1
4 59 1
4 60 1
4 69 1
4 73 1
4 76 1
4 82 1
4 98 1
4 101 1
4 139 1
4 141 1
4 144 1
4 155 1
4 163 1
4 164 1
4 167 1
4 172 1
4 178 1
5 42 1
5 44 1
5 71 1
5 89 1
5 106 1
5 122 1
5 137 1
5 141 1
5 143 1
5 147 1
5 150 1
5 153 1
5 161 1
5 167 1
6 25 1
6 28 1
6 36 1
6 45 1
6 53 1
6 61 1
6 72 1
6 76 1
6 80 1
6 90 1
6 99 1
6 117 1
6 120 1
6 127 1
6 136 1
6 151 1
6 158 1
6 162 1
6 164 1
6 168 1
6 173 1
7 17 1
7 20 1
7 21 1
7 22 1
7 25 1
7 39 1
7 48 1
7 54 1
7 55 1
7 58 1
7 60 1
7 68 1
7 72 1
7 74 1
7 78 1
7 81 1
7 96 1
7 113 1
7 123 1
7 133 1
7 145 1
7 150 1
7 155 1
7 157 1
7 158 1
7 160 1
7 162 1
7 174 1
8 18 1
8 21 1
8 26 1
8 39 1
8 44 1
8 64 1
8 67 1
8 77 1
8 101 1
8 104 1
8 105 1
8 107 1
8 108 1
8 113 1
8 135 1
8 136 1
8 143 1
8 152 1
8 178 1
9 21 1
9 23 1
9 27 1
9 28 1
9 33 1
9 34 1
9 60 1
9 62 1
9 77 1
9 99 1
9 112 1
9 115 1
9 152 1
9 161 1
10 13 1
10 18 1
10 34 1
10 63 1
10 67 1
10 69 1
10 78 1
10 121 1
10 123 1
10 138 1
10 160 1
10 172 1
10 177 1
11 26 1
11 35 1
11 44 1
11 52 1
11 55 1
11 71 1
11 95 1
11 99 1
11 110 1
11 116 1
11 118 1
11 121 1
11 135 1
11 139 1
11 141 1
11 152 1
11 154 1
11 156 1
11 159 1
11 160 1
11 166 1
11 170 1
11 178 1
12 17 1
12 64 1
12 67 1
12 69 1
12 73 1
12 75 1
12 81 1
12 82 1
12 87 1
12 105 1
12 111 1
12 118 1
12 135 1
12 141 1
12 146 1
12 151 1
12 154 1
12 157 1
12 159 1
12 160 1
12 165 1
12 170 1
13 21 1
13 31 1
13 34 1
13 42 1
13 48 1
13 54 1
13 59 1
13 62 1
13 65 1
13 67 1
13 69 1
13 71 1
13 73 1
13 78 1
13 81 1
13 83 1
13 108 1
13 132 1
13 136 1
13 156 1
13 167 1
13 174 1
14 24 1
14 25 1
14 38 1
14 45 1
14 53 1
14 54 1
14 88 1
14 98 1
14 101 1
14 106 1
14 111 1
14 118 1
14 120 1
14 126 1
14 144 1
14 146 1
14 149 1
14 150 1
14 152 1
14 158 1
14 162 1
14 166 1
14 172 1
15 19 1
15 20 1
15 27 1
15 30 1
15 32 1
15 39 1
15 43 1
15 49 1
15 58 1
15 61 1
15 68 1
15 72 1
15 77 1
15 81 1
15 84 1
15 87 1
15 92 1
15 93 1
15 94 1
15 98 1
15 101 1
15 104 1
15 110 1
15 126 1
15 138 1
15 153 1
15 154 1
16 58 1
16 70 1
16 88 1
16 97 1
16 126 1
16 134 1
16 135 1
16 138 1
16 149 1
16 152 1
16 154 1
16 160 1
16 167 1
16 171 1
16 173 1
16 177 1
17 19 1
17 41 1
17 46 1
17 55 1
17 71 1
17 72 1
17 82 1
17 85 1
17 95 1
17 100 1
17 131 1
17 139 1
17 155 1
17 157 1
17 163 1
18 33 1
18 47 1
18 48 1
18 64 1
18 78 1
18 84 1
18 86 1
18 99 1
18 133 1
18 139 1
18 149 1
18 176 1
19 23 1
19 26 1
19 37 1
19 43 1
19 48 1
19 51 1
19 55 1
19 60 1
19 72 1
19 74 1
19 75 1
19 88 1
19 102 1
19 140 1
19 143 1
19 149 1
19 151 1
20 23 1
20 34 1
20 51 1
20 56 1
20 70 1
20 75 1
20 80 1
20 81 1
20 84 1
20 89 1
20 95 1
20 121 1
20 126 1
20 145 1
20 169 1
20 172 1
20 179 1
21 27 1
21 33 1
21 37 1
21 55 1
21 59 1
21 69 1
21 80 1
21 85 1
21 114 1
21 118 1
21 120 1
21 163 1
21 165 1
21 166 1
21 167 1
21 171 1
21 175 1
21 176 1
21 177 1
22 45 1
22 54 1
22 60 1
22 70 1
22 76 1
22 81 1
22 84 1
22 86 1
22 101 1
22 118 1
22 121 1
22 122 1
22 134 1
22 141 1
22 152 1
22 155 1
22 160 1
22 170 1
23 24 1
23 25 1
23 36 1
23 39 1
23 55 1
23 60 1
23 66 1
23 78 1
23 87 1
23 89 1
23 102 1
23 114 1
23 136 1
23 153 1
24 30 1
24 40 1
24 45 1
24 51 1
24 86 1
24 93 1
24 110 1
24 117 1
24 123 1
24 134 1
24 156 1
24 161 1
24 174 1
25 34 1
25 63 1
25 68 1
25 75 1
25 85 1
25 89 1
25 95 1
25 100 1
25 104 1
25 106 1
25 118 1
25 135 1
25 144 1
25 148 1
25 157 1
25 161 1
25 167 1
25 176 1
26 32 1
26 39 1
26 44 1
26 46 1
26 49 1
26 52 1
26 53 1
26 54 1
26 55 1
26 59 1
26 69 1
26 80 1
26 87 1
26 98 1
26 102 1
26 103 1
26 105 1
26 118 1
26 126 1
26 130 1
26 142 1
26 161 1
26 171 1
26 178 1
27 35 1
27 36 1
27 43 1
27 52 1
27 66 1
27 70 1
27 80 1
27 92 1
27 100 1
27 101 1
27 119 1
27 120 1
27 127 1
27 128 1
27 131 1
27 136 1
27 170 1
27 177 1
28 29 1
28 31 1
28 36 1
28 42 1
28 52 1
28 58 1
28 60 1
28 83 1
28 91 1
28 116 1
28 136 1
28 141 1
28 146 1
28 152 1
28 157 1
28 177 1
29 42 1
29 57 1
29 60 1
29 72 1
29 74 1
29 75 1
29 95 1
29 104 1
29 105 1
29 110 1
29 116 1
29 133 1
29 150 1
29 167 1
29 173 1
30 43 1
30 67 1
30 93 1
30 97 1
30 100 1
30 113 1
30 114 1
30 125 1
30 134 1
30 138 1
30 150 1
30 152 1
30 171 1
30 173 1
30 175 1
31 39 1
31 49 1
31 72 1
31 75 1
31 91 1
31 96 1
31 124 1
31 131 1
31 136 1
31 140 1
31 160 1
31 162 1
31 166 1
32 35 1
32 57 1
32 65 1
32 71 1
32 78 1
32 80 1
32 82 1
32 86 1
32 105 1
32 109 1
32 128 1
32 132 1
32 147 1
32 148 1
32 152 1
32 166 1
33 38 1
33 51 1
33 59 1
33 79 1
33 89 1
33 97 1
33 107 1
33 115 1
33 125 1
33 130 1
33 135 1
33 146 1
33 153 1
33 155 1
33 160 1
34 38 1
34 48 1
34 55 1
34 84 1
34 87 1
34 88 1
34 95 1
34 99 1
34 107 1
34 120 1
34 142 1
34 149 1
34 152 1
34 159 1
34 160 1
34 177 1
35 44 1
35 54 1
35 56 1
35 74 1
35 82 1
35 96 1
35 101 1
35 104 1
35 121 1
35 128 1
35 145 1
35 149 1
35 154 1
35 164 1
35 175 1
36 39 1
36 43 1
36 53 1
36 55 1
36 61 1
36 63 1
36 78 1
36 86 1
36 91 1
36 97 1
36 100 1
36 108 1
36 136 1
36 141 1
36 144 1
36 150 1
36 151 1
37 40 1
37 47 1
37 49 1
37 58 1
37 61 1
37 64 1
37 75 1
37 78 1
37 84 1
37 90 1
37 93 1
37 96 1
37 128 1
37 129 1
37 140 1
37 149 1
37 176 1
37 177 1
37 178 1
38 47 1
38 60 1
38 63 1
38 74 1
38 78 1
38 80 1
38 84 1
38 87 1
38 109 1
38 132 1
38 133 1
38 144 1
38 163 1
38 167 1
38 168 1
39 45 1
39 46 1
39 48 1
39 49 1
39 50 1
39 53 1
39 81 1
39 82 1
39 97 1
39 101 1
39 114 1
39 125 1
39 128 1
39 142 1
39 151 1
39 160 1
39 166 1
39 170 1
39 171 1
39 175 1
39 176 1
39 178 1
40 47 1
40 51 1
40 54 1
40 57 1
40 58 1
40 62 1
40 65 1
40 68 1
40 69 1
40 99 1
40 100 1
40 112 1
40 114 1
40 159 1
40 175 1
40 176 1
41 42 1
41 49 1
41 54 1
41 63 1
41 64 1
41 73 1
41 80 1
41 85 1
41 94 1
41 98 1
41 107 1
41 113 1
41 115 1
41 119 1
41 141 1
41 143 1
41 146 1
41 152 1
41 166 1
41 174 1
42 57 1
42 62 1
42 67 1
42 71 1
42 78 1
42 113 1
42 117 1
42 119 1
42 126 1
42 132 1
42 140 1
42 155 1
42 162 1
42 169 1
42 175 1
43 46 1
43 61 1
43 65 1
43 67 1
43 68 1
43 73 1
43 74 1
43 81 1
43 85 1
43 87 1
43 92 1
43 93 1
43 94 1
43 101 1
43 105 1
43 106 1
43 118 1
43 129 1
43 149 1
43 154 1
43 158 1
43 172 1
43 173 1
43 175 1
43 178 1
44 50 1
44 56 1
44 62 1
44 64 1
44 65 1
44 66 1
44 68 1
44 71 1
44 118 1
44 120 1
44 127 1
44 135 1
44 137 1
44 139 1
44 145 1
44 147 1
44 149 1
44 152 1
44 164 1
45 72 1
45 81 1
45 114 1
45 118 1
45 126 1
45 164 1
45 168 1
45 169 1
45 175 1
46 60 1
46 70 1
46 80 1
46 91 1
46 100 1
46 102 1
46 114 1
46 126 1
46 134 1
46 135 1
46 137 1
46 140 1
46 155 1
46 161 1
46 164 1
47 51 1
47 71 1
47 73 1
47 103 1
47 109 1
47 110 1
47 119 1
47 122 1
47 129 1
47 137 1
47 142 1
47 143 1
47 170 1
47 174 1
47 175 1
48 52 1
48 53 1
48 57 1
48 62 1
48 66 1
48 73 1
48 81 1
48 84 1
48 102 1
48 142 1
48 148 1
48 162 1
48 166 1
48 170 1
48 177 1
49 50 1
49 51 1
49 53 1
49 55 1
49 62 1
49 63 1
49 87 1
49 114 1
49 117 1
49 119 1
49 125 1
49 126 1
49 167 1
49 172 1
50 70 1
50 75 1
50 91 1
50 98 1
50 106 1
50 124 1
50 128 1
50 136 1
50 138 1
50 140 1
50 145 1
50 152 1
50 157 1
50 170 1
50 171 1
51 52 1
51 56 1
51 59 1
51 65 1
51 73 1
51 76 1
51 80 1
51 89 1
51 102 1
51 121 1
51 123 1
51 141 1
51 148 1
51 149 1
51 153 1
51 164 1
51 169 1
51 173 1
51 174 1
51 178 1
51 179 1
52 56 1
52 59 1
52 63 1
52 68 1
52 71 1
52 74 1
52 79 1
52 82 1
52 86 1
52 94 1
52 113 1
52 116 1
52 120 1
52 135 1
52 151 1
52 162 1
52 168 1
52 169 1
52 177 1
53 58 1
53 59 1
53 68 1
53 76 1
53 77 1
53 92 1
53 120 1
53 123 1
53 131 1
53 134 1
53 140 1
53 157 1
53 172 1
53 175 1
53 177 1
54 73 1
54 82 1
54 88 1
54 91 1
54 95 1
54 108 1
54 114 1
54 134 1
54 148 1
54 151 1
54 156 1
54 165 1
54 169 1
55 57 1
55 66 1
55 74 1
55 81 1
55 84 1
55 96 1
55 110 1
55 124 1
55 130 1
55 152 1
55 153 1
55 154 1
55 155 1
55 156 1
55 163 1
55 172 1
55 175 1
56 71 1
56 77 1
56 80 1
56 89 1
56 127 1
56 136 1
56 148 1
56 154 1
56 157 1
56 171 1
56 178 1
57 59 1
57 61 1
57 63 1
57 71 1
57 80 1
57 87 1
57 99 1
57 100 1
57 106 1
57 120 1
57 129 1
57 139 1
57 144 1
57 149 1
57 164 1
57 171 1
58 62 1
58 66 1
58 69 1
58 71 1
58 83 1
58 85 1
58 119 1
58 146 1
58 154 1
58 165 1
58 166 1
58 167 1
58 174 1
59 65 1
59 85 1
59 88 1
59 91 1
59 104 1
59 106 1
59 111 1
59 120 1
59 131 1
59 147 1
59 155 1
59 157 1
59 169 1
60 61 1
60 71 1
60 72 1
60 76 1
60 85 1
60 89 1
60 91 1
60 93 1
60 94 1
60 104 1
60 114 1
60 126 1
60 151 1
60 161 1
60 169 1
60 175 1
61 76 1
61 86 1
61 89 1
61 94 1
61 101 1
61 103 1
61 111 1
61 125 1
61 126 1
61 139 1
62 89 1
62 90 1
62 104 1
62 111 1
62 114 1
62 122 1
62 128 1
62 145 1
62 147 1
62 151 1
62 153 1
62 161 1
63 64 1
63 69 1
63 107 1
63 114 1
63 146 1
63 162 1
63 171 1
63 174 1
63 175 1
64 68 1
64 74 1
64 87 1
64 90 1
64 101 1
64 129 1
64 134 1
64 135 1
64 139 1
64 140 1
64 149 1
64 160 1
64 166 1
64 177 1
65 72 1
65 81 1
65 89 1
65 105 1
65 113 1
65 115 1
65 134 1
65 135 1
65 138 1
65 147 1
65 152 1
65 154 1
65 163 1
65 171 1
65 173 1
65 174 1
65 176 1
66 74 1
66 77 1
66 105 1
66 115 1
66 118 1
66 122 1
66 130 1
66 131 1
66 140 1
66 141 1
66 150 1
66 157 1
66 175 1
67 68 1
67 78 1
67 88 1
67 114 1
67 143 1
67 149 1
67 150 1
67 152 1
67 156 1
67 160 1
67 176 1
68 69 1
68 93 1
68 99 1
68 112 1
68 119 1
68 135 1
68 136 1
68 140 1
68 150 1
68 155 1
68 168 1
69 71 1
69 74 1
69 81 1
69 82 1
69 83 1
69 84 1
69 91 1
69 96 1
69 108 1
69 109 1
69 112 1
69 113 1
69 119 1
69 123 1
69 131 1
69 142 1
69 147 1
69 155 1
69 169 1
69 172 1
69 174 1
69 175 1
70 86 1
70 93 1
70 98 1
70 102 1
70 126 1
70 139 1
70 141 1
70 168 1
70 171 1
71 76 1
71 77 1
71 96 1
71 99 1
71 105 1
71 119 1
71 129 1
71 131 1
71 134 1
71 137 1
71 140 1
71 157 1
71 161 1
71 167 1
71 173 1
71 179 1
72 73 1
72 74 1
72 84 1
72 88 1
72 91 1
72 99 1
72 115 1
72 123 1
72 124 1
72 127 1
72 140 1
72 144 1
72 150 1
72 151 1
72 163 1
72 166 1
73 88 1
73 97 1
73 105 1
73 117 1
73 124 1
73 131 1
73 134 1
73 143 1
73 144 1
73 151 1
73 165 1
73 177 1
74 75 1
74 84 1
74 100 1
74 102 1
74 103 1
74 108 1
74 111 1
74 116 1
74 124 1
74 134 1
74 141 1
74 142 1
74 155 1
75 79 1
75 89 1
75 103 1
75 107 1
75 116 1
75 135 1
75 144 1
75 151 1
75 159 1
75 163 1
75 165 1
75 168 1
75 171 1
75 179 1
76 104 1
76 109 1
76 115 1
76 118 1
76 128 1
76 129 1
76 136 1
76 137 1
76 176 1
77 81 1
77 83 1
77 88 1
77 92 1
77 103 1
77 108 1
77 109 1
77 114 1
77 124 1
77 125 1
77 127 1
77 136 1
77 142 1
77 154 1
77 161 1
77 164 1
77 169 1
78 94 1
78 98 1
78 103 1
78 109 1
78 112 1
78 113 1
78 128 1
78 142 1
78 146 1
78 152 1
78 159 1
78 167 1
79 85 1
79 90 1
79 91 1
79 100 1
79 104 1
79 108 1
79 121 1
79 124 1
79 125 1
79 127 1
79 156 1
79 163 1
79 164 1
80 85 1
80 100 1
80 116 1
80 137 1
80 150 1
80 163 1
80 166 1
80 167 1
80 171 1
81 90 1
81 96 1
81 102 1
81 104 1
81 120 1
81 133 1
81 135 1
81 151 1
81 155 1
82 91 1
82 95 1
82 100 1
82 103 1
82 104 1
82 118 1
82 138 1
82 141 1
82 147 1
82 160 1
82 162 1
82 166 1
82 174 1
82 178 1
83 88 1
83 108 1
83 110 1
83 116 1
83 146 1
83 148 1
83 158 1
83 175 1
83 177 1
84 85 1
84 87 1
84 91 1
84 97 1
84 104 1
84 110 1
84 114 1
84 126 1
84 129 1
84 132 1
84 171 1
84 177 1
84 179 1
85 94 1
85 102 1
85 170 1
85 171 1
85 174 1
85 178 1
86 100 1
86 111 1
86 123 1
86 131 1
86 132 1
86 161 1
86 168 1
86 171 1
86 177 1
87 90 1
87 101 1
87 107 1
87 110 1
87 114 1
87 115 1
87 125 1
87 126 1
87 129 1
87 133 1
87 139 1
87 140 1
87 176 1
88 100 1
88 109 1
88 125 1
88 130 1
88 143 1
88 148 1
88 151 1
88 170 1
89 90 1
89 96 1
89 115 1
89 121 1
89 126 1
89 127 1
89 131 1
89 134 1
89 152 1
89 153 1
89 158 1
89 167 1
89 168 1
89 170 1
90 104 1
90 117 1
90 126 1
90 139 1
90 149 1
90 158 1
90 165 1
91 118 1
91 126 1
91 137 1
91 140 1
91 152 1
91 154 1
91 171 1
92 112 1
92 115 1
92 135 1
92 158 1
92 160 1
92 172 1
92 173 1
93 106 1
93 109 1
93 117 1
93 121 1
93 136 1
93 137 1
93 140 1
93 146 1
93 166 1
93 170 1
93 178 1
94 99 1
94 102 1
94 103 1
94 127 1
94 132 1
94 134 1
94 137 1
94 142 1
94 144 1
94 148 1
94 152 1
94 157 1
94 158 1
94 167 1
94 171 1
94 173 1
94 176 1
95 102 1
95 110 1
95 118 1
95 125 1
95 143 1
95 152 1
95 156 1
95 157 1
95 162 1
95 163 1
95 169 1
95 171 1
96 105 1
96 114 1
96 117 1
96 139 1
96 146 1
96 154 1
96 167 1
96 170 1
96 177 1
96 179 1
97 102 1
97 145 1
97 147 1
97 148 1
97 155 1
97 166 1
97 167 1
97 175 1
97 177 1
98 101 1
98 105 1
98 107 1
98 113 1
98 136 1
98 152 1
98 165 1
99 101 1
99 111 1
99 114 1
99 119 1
99 122 1
99 127 1
99 162 1
99 171 1
99 172 1
100 109 1
100 146 1
100 156 1
100 163 1
100 172 1
100 178 1
101 102 1
101 120 1
101 122 1
101 164 1
101 167 1
101 177 1
102 104 1
102 108 1
102 120 1
102 137 1
102 152 1
102 172 1
102 174 1
102 175 1
103 106 1
103 107 1
103 113 1
103 122 1
103 123 1
103 130 1
103 134 1
103 137 1
103 148 1
103 170 1
104 112 1
104 120 1
104 129 1
104 168 1
104 171 1
104 172 1
105 109 1
105 122 1
105 139 1
105 141 1
105 164 1
105 174 1
105 178 1
106 119 1
106 124 1
106 126 1
106 132 1
106 139 1
106 142 1
106 158 1
106 172 1
106 174 1
106 175 1
106 178 1
107 112 1
107 117 1
107 122 1
107 123 1
107 127 1
107 163 1
107 172 1
107 178 1
108 114 1
108 118 1
108 124 1
108 141 1
108 153 1
108 169 1
109 131 1
109 136 1
109 145 1
109 159 1
109 164 1
110 117 1
110 119 1
110 139 1
110 143 1
110 168 1
111 112 1
111 120 1
111 121 1
111 126 1
111 143 1
111 149 1
111 152 1
111 165 1
111 175 1
112 134 1
112 135 1
112 138 1
112 144 1
112 166 1
112 170 1
112 176 1
113 121 1
113 131 1
113 150 1
113 152 1
113 154 1
113 177 1
114 116 1
114 130 1
114 154 1
114 159 1
114 179 1
115 126 1
115 136 1
115 138 1
115 139 1
115 140 1
115 149 1
115 156 1
115 158 1
115 164 1
115 178 1
116 141 1
116 142 1
116 146 1
116 157 1
116 169 1
117 122 1
117 133 1
117 146 1
117 153 1
117 167 1
117 177 1
117 178 1
118 121 1
118 133 1
118 146 1
118 158 1
118 163 1
118 166 1
118 175 1
118 179 1
119 148 1
119 151 1
119 154 1
119 157 1
119 177 1
120 131 1
120 140 1
120 146 1
120 149 1
120 154 1
120 156 1
121 125 1
121 139 1
121 152 1
121 157 1
121 159 1
121 161 1
121 166 1
121 170 1
121 176 1
121 179 1
122 132 1
122 136 1
122 152 1
122 158 1
122 159 1
122 160 1
122 167 1
122 171 1
123 137 1
123 139 1
123 159 1
123 172 1
123 175 1
124 134 1
124 135 1
124 148 1
124 154 1
124 159 1
124 169 1
124 170 1
124 173 1
124 174 1
125 129 1
125 142 1
125 145 1
125 147 1
125 167 1
125 168 1
125 174 1
125 177 1
125 178 1
126 130 1
126 133 1
126 139 1
126 154 1
126 160 1
126 165 1
127 137 1
127 139 1
127 146 1
127 147 1
127 155 1
127 176 1
128 138 1
128 147 1
128 149 1
128 159 1
129 143 1
129 162 1
129 164 1
129 176 1
129 177 1
130 132 1
130 137 1
130 153 1
130 159 1
130 167 1
130 170 1
131 174 1
132 137 1
132 148 1
132 152 1
132 157 1
132 162 1
132 163 1
132 166 1
132 170 1
133 135 1
133 141 1
133 142 1
133 145 1
133 146 1
133 166 1
134 157 1
134 159 1
135 143 1
135 152 1
135 164 1
135 165 1
135 172 1
135 176 1
135 177 1
136 146 1
136 149 1
136 153 1
136 156 1
136 158 1
136 162 1
136 175 1
136 176 1
137 155 1
137 163 1
137 164 1
138 143 1
138 153 1
138 156 1
138 167 1
138 169 1
138 175 1
139 143 1
139 167 1
140 143 1
140 151 1
140 160 1
140 166 1
140 173 1
140 175 1
140 179 1
141 147 1
141 149 1
141 159 1
141 162 1
142 151 1
142 152 1
142 160 1
143 161 1
143 166 1
144 158 1
144 162 1
144 171 1
144 178 1
145 156 1
145 159 1
146 156 1
146 174 1
146 175 1
147 153 1
147 157 1
147 170 1
147 171 1
148 158 1
148 173 1
149 176 1
150 168 1
152 154 1
152 164 1
152 167 1
152 172 1
152 176 1
153 156 1
153 159 1
154 169 1
154 176 1
155 166 1
155 168 1
155 178 1
156 170 1
156 179 1
157 160 1
157 164 1
157 172 1
157 174 1
158 179 1
159 162 1
159 169 1
159 170 1
159 172 1
159 176 1
160 173 1
161 162 1
161 163 1
161 164 1
161 169 1
161 174 1
162 175 1
164 166 1
164 172 1
165 176 1
165 177 1
166 172 1
166 177 1
167 171 1
168 171 1
168 178 1
169 179 1
171 175 1
172 174 1
172 178 1
174 177 1
178 179 1
1
16 173 118 53 21 17 119 42 176 169 143 164 27 99 31 107 170 161
