275
0 3 1
0 5 1
0 8 1
0 13 1
0 14 1
0 16 1
0 18 1
0 21 1
0 23 1
0 32 1
0 33 1
0 35 1
0 37 1
0 38 1
0 39 1
1 3 1
1 5 1
1 6 1
1 8 1
1 11 1
1 18 1
1 23 1
1 27 1
1 32 1
1 34 1
1 35 1
1 37 1
2 4 1
2 7 1
2 8 1
2 10 1
2 11 1
2 14 1
2 15 1
2 16 1
2 18 1
2 21 1
2 27 1
2 29 1
2 34 1
3 4 1
3 8 1
3 11 1
3 14 1
3 16 1
3 17 1
3 18 1
3 20 1
3 26 1
3 29 1
3 32 1
3 35 1
4 11 1
4 12 1
4 13 1
4 15 1
4 17 1
4 18 1
4 27 1
4 31 1
4 34 1
4 35 1
4 36 1
4 37 1
4 38 1
5 9 1
5 10 1
5 15 1
5 17 1
5 18 1
5 29 1
5 30 1
5 34 1
5 37 1
6 11 1
6 14 1
6 16 1
6 17 1
6 18 1
6 24 1
6 26 1
6 28 1
6 29 1
6 32 1
6 33 1
6 37 1
6 38 1
6 39 1
7 8 1
7 9 1
7 10 1
7 13 1
7 14 1
7 18 1
7 23 1
7 24 1
7 27 1
7 29 1
7 30 1
7 34 1
7 35 1
7 36 1
7 37 1
7 38 1
8 11 1
8 12 1
8 14 1
8 15 1
8 17 1
8 19 1
8 20 1
8 23 1
8 25 1
8 26 1
8 32 1
8 33 1
8 34 1
8 36 1
8 38 1
9 11 1
9 13 1
9 15 1
9 16 1
9 17 1
9 18 1
9 20 1
9 27 1
9 29 1
9 31 1
9 33 1
9 35 1
9 36 1
10 11 1
10 12 1
10 17 1
10 19 1
10 20 1
10 23 1
10 24 1
10 25 1
10 26 1
10 29 1
10 35 1
10 36 1
11 13 1
11 15 1
11 16 1
11 17 1
11 19 1
11 21 1
11 25 1
11 27 1
11 30 1
11 34 1
11 35 1
11 37 1
12 13 1
12 16 1
12 17 1
12 18 1
12 22 1
12 24 1
12 25 1
12 26 1
12 33 1
13 15 1
13 21 1
13 24 1
13 26 1
13 27 1
13 38 1
14 19 1
14 21 1
14 24 1
14 27 1
14 31 1
14 34 1
14 36 1
14 37 1
15 22 1
15 34 1
16 20 1
16 21 1
16 23 1
16 25 1
16 27 1
16 28 1
16 29 1
16 31 1
16 34 1
16 35 1
16 37 1
17 18 1
17 25 1
17 28 1
17 30 1
17 36 1
17 38 1
18 20 1
18 24 1
18 27 1
18 28 1
18 30 1
18 34 1
18 37 1
18 38 1
19 20 1
19 28 1
19 36 1
19 39 1
20 22 1
20 23 1
20 25 1
20 28 1
20 29 1
20 32 1
20 34 1
20 35 1
21 28 1
21 34 1
21 37 1
22 24 1
22 25 1
22 27 1
22 28 1
22 30 1
22 32 1
22 37 1
23 28 1
23 35 1
23 36 1
24 25 1
24 30 1
24 31 1
24 34 1
24 36 1
24 37 1
24 38 1
25 28 1
25 29 1
25 31 1
25 32 1
25 39 1
26 29 1
26 30 1
26 31 1
26 35 1
26 36 1
27 29 1
27 30 1
27 34 1
27 35 1
28 36 1
28 38 1
28 39 1
29 30 1
29 34 1
29 36 1
29 38 1
29 39 1
30 34 1
30 37 1
30 39 1
31 38 1
32 37 1
32 38 1
33 35 1
33 39 1
34 35 1
34 36 1
35 36 1
35 37 1
35 39 1
36 39 1
37 39 1
1
31 37 20 15
