591
0 3 1
0 6 1
0 10 1
0 13 1
0 19 1
0 20 1
0 21 1
0 25 1
0 29 1
0 30 1
0 43 1
0 45 1
0 51 1
0 62 1
0 67 1
0 69 1
1 10 1
1 14 1
1 16 1
1 27 1
1 28 1
1 29 1
1 30 1
1 31 1
1 37 1
1 38 1
1 40 1
1 49 1
1 59 1
1 69 1
2 3 1
2 8 1
2 13 1
2 14 1
2 15 1
2 21 1
2 25 1
2 27 1
2 29 1
2 30 1
2 43 1
2 45 1
2 50 1
2 52 1
2 56 1
2 61 1
2 62 1
2 68 1
3 8 1
3 12 1
3 14 1
3 17 1
3 20 1
3 21 1
3 28 1
3 34 1
3 37 1
3 41 1
3 42 1
3 47 1
3 53 1
3 54 1
3 56 1
4 9 1
4 14 1
4 16 1
4 28 1
4 36 1
4 38 1
4 40 1
4 50 1
4 52 1
4 53 1
4 54 1
4 59 1
4 63 1
4 66 1
4 67 1
4 68 1
5 7 1
5 8 1
5 10 1
5 15 1
5 16 1
5 21 1
5 24 1
5 28 1
5 31 1
5 32 1
5 34 1
5 35 1
5 39 1
5 45 1
5 55 1
5 56 1
5 67 1
6 13 1
6 15 1
6 21 1
6 22 1
6 26 1
6 34 1
6 37 1
6 42 1
6 43 1
6 46 1
6 48 1
6 51 1
6 53 1
6 57 1
6 61 1
6 67 1
7 9 1
7 19 1
7 27 1
7 29 1
7 31 1
7 36 1
7 37 1
7 38 1
7 41 1
7 44 1
7 49 1
7 52 1
7 53 1
7 55 1
7 59 1
7 64 1
7 69 1
8 11 1
8 14 1
8 18 1
8 21 1
8 23 1
8 26 1
8 28 1
8 45 1
8 48 1
8 50 1
8 54 1
8 59 1
8 62 1
8 63 1
8 65 1
9 10 1
9 11 1
9 16 1
9 17 1
9 19 1
9 24 1
9 32 1
9 35 1
9 40 1
9 45 1
9 47 1
9 48 1
9 58 1
9 64 1
9 65 1
9 68 1
10 11 1
10 12 1
10 25 1
10 33 1
10 38 1
10 39 1
10 45 1
10 47 1
10 67 1
10 68 1
11 15 1
11 24 1
11 35 1
11 36 1
11 41 1
11 45 1
11 48 1
11 50 1
11 54 1
11 56 1
11 59 1
11 60 1
11 64 1
12 16 1
12 28 1
12 32 1
12 33 1
12 45 1
12 51 1
12 52 1
12 57 1
12 64 1
13 15 1
13 19 1
13 25 1
13 26 1
13 27 1
13 28 1
13 29 1
13 40 1
13 42 1
13 44 1
13 49 1
13 57 1
13 59 1
13 67 1
14 21 1
14 25 1
14 28 1
14 31 1
14 34 1
14 36 1
14 41 1
14 46 1
14 47 1
14 50 1
14 56 1
14 60 1
15 16 1
15 30 1
15 32 1
15 34 1
15 37 1
15 38 1
15 44 1
15 45 1
15 51 1
15 56 1
15 58 1
15 64 1
15 65 1
15 66 1
15 68 1
16 23 1
16 26 1
16 29 1
16 32 1
16 38 1
16 39 1
16 41 1
16 45 1
16 46 1
16 49 1
16 51 1
16 57 1
16 60 1
16 62 1
17 18 1
17 20 1
17 22 1
17 27 1
17 32 1
17 35 1
17 40 1
17 42 1
17 44 1
17 54 1
17 60 1
17 62 1
17 68 1
18 19 1
18 20 1
18 21 1
18 22 1
18 24 1
18 25 1
18 26 1
18 31 1
18 36 1
18 38 1
18 39 1
18 45 1
18 47 1
18 49 1
18 52 1
18 57 1
18 59 1
18 63 1
18 65 1
18 66 1
19 26 1
19 27 1
19 33 1
19 35 1
19 36 1
19 38 1
19 47 1
19 50 1
19 51 1
19 55 1
19 57 1
19 60 1
20 21 1
20 23 1
20 25 1
20 28 1
20 32 1
20 44 1
20 46 1
20 53 1
20 61 1
20 62 1
20 65 1
20 66 1
21 22 1
21 28 1
21 39 1
21 42 1
21 49 1
21 62 1
21 66 1
21 68 1
21 69 1
22 25 1
22 27 1
22 34 1
22 43 1
22 59 1
22 62 1
22 66 1
23 27 1
23 31 1
23 33 1
23 37 1
23 39 1
23 41 1
23 45 1
23 49 1
23 54 1
23 58 1
23 60 1
23 61 1
23 62 1
23 65 1
23 66 1
23 69 1
24 25 1
24 29 1
24 33 1
24 35 1
24 42 1
24 47 1
24 52 1
24 58 1
24 62 1
24 66 1
24 68 1
25 30 1
25 31 1
25 36 1
25 38 1
25 58 1
25 59 1
25 63 1
25 65 1
26 28 1
26 29 1
26 34 1
26 35 1
26 39 1
26 49 1
26 56 1
26 57 1
26 60 1
26 63 1
26 65 1
26 69 1
27 28 1
27 30 1
27 32 1
27 39 1
27 44 1
27 45 1
27 51 1
27 52 1
27 53 1
27 54 1
27 61 1
27 64 1
27 65 1
28 29 1
28 33 1
28 40 1
28 41 1
28 45 1
28 51 1
28 52 1
28 60 1
28 63 1
29 32 1
29 36 1
29 39 1
29 42 1
29 51 1
29 55 1
29 64 1
29 65 1
29 68 1
29 69 1
30 31 1
30 38 1
30 39 1
30 52 1
30 54 1
30 61 1
30 65 1
31 34 1
31 41 1
31 47 1
31 48 1
31 61 1
31 62 1
32 37 1
32 38 1
32 46 1
32 47 1
32 49 1
32 56 1
32 63 1
33 34 1
33 37 1
33 38 1
33 40 1
33 47 1
33 56 1
33 59 1
33 60 1
33 62 1
33 63 1
34 50 1
34 51 1
34 61 1
34 62 1
34 64 1
35 37 1
35 39 1
35 40 1
35 50 1
35 51 1
35 53 1
35 58 1
35 61 1
35 62 1
35 66 1
36 54 1
36 58 1
36 59 1
36 63 1
37 39 1
37 41 1
37 46 1
37 48 1
37 60 1
37 65 1
37 66 1
38 39 1
38 40 1
38 45 1
38 46 1
38 47 1
38 50 1
38 52 1
38 54 1
38 56 1
38 57 1
38 59 1
38 60 1
38 69 1
39 44 1
39 46 1
39 51 1
39 52 1
39 55 1
39 64 1
39 67 1
40 42 1
40 44 1
40 45 1
40 49 1
40 51 1
40 56 1
40 57 1
40 59 1
40 60 1
40 63 1
40 64 1
40 68 1
40 69 1
41 42 1
41 43 1
41 44 1
41 45 1
41 65 1
42 43 1
42 44 1
42 45 1
42 54 1
42 57 1
42 58 1
42 60 1
42 67 1
43 45 1
43 46 1
43 54 1
43 57 1
44 49 1
44 50 1
44 51 1
44 54 1
44 59 1
44 63 1
44 65 1
44 66 1
44 69 1
45 52 1
45 54 1
45 57 1
45 60 1
45 61 1
45 65 1
45 69 1
46 49 1
46 50 1
46 53 1
46 62 1
46 64 1
46 65 1
46 67 1
46 69 1
47 53 1
47 57 1
47 58 1
47 62 1
47 66 1
48 49 1
48 53 1
48 66 1
49 52 1
49 59 1
49 62 1
49 63 1
49 66 1
50 51 1
50 52 1
50 53 1
50 55 1
50 66 1
51 52 1
51 53 1
51 60 1
51 66 1
52 55 1
52 57 1
52 58 1
52 60 1
52 68 1
52 69 1
53 56 1
53 61 1
53 62 1
53 65 1
53 67 1
54 59 1
54 61 1
54 63 1
54 66 1
54 68 1
55 57 1
56 61 1
56 64 1
56 67 1
56 69 1
57 58 1
57 59 1
57 61 1
57 65 1
57 69 1
58 59 1
58 61 1
58 62 1
58 66 1
59 63 1
61 63 1
62 66 1
62 69 1
63 67 1
64 68 1
64 69 1
65 66 1
66 68 1
67 69 1
1
15 47 59 13 57 51 54
