1795
0 3 1
0 21 1
0 31 1
0 36 1
0 43 1
0 56 1
0 57 1
0 64 1
0 73 1
0 78 1
0 80 1
0 89 1
0 104 1
0 108 1
0 130 1
0 138 1
0 144 1
0 150 1
0 151 1
0 165 1
1 11 1
1 23 1
1 42 1
1 68 1
1 77 1
1 78 1
1 79 1
1 80 1
1 84 1
1 106 1
1 118 1
1 133 1
1 134 1
1 142 1
1 156 1
1 159 1
1 161 1
2 9 1
2 11 1
2 12 1
2 21 1
2 28 1
2 31 1
2 42 1
2 44 1
2 47 1
2 55 1
2 59 1
2 61 1
2 63 1
2 80 1
2 95 1
2 96 1
2 109 1
2 111 1
2 136 1
2 140 1
2 143 1
2 160 1
2 164 1
3 12 1
3 28 1
3 33 1
3 45 1
3 58 1
3 61 1
3 64 1
3 67 1
3 70 1
3 78 1
3 80 1
3 93 1
3 113 1
3 117 1
3 120 1
3 122 1
3 123 1
3 126 1
3 133 1
3 139 1
3 157 1
3 160 1
4 9 1
4 24 1
4 34 1
4 38 1
4 73 1
4 83 1
4 114 1
4 125 1
4 133 1
4 139 1
4 143 1
4 145 1
5 6 1
5 10 1
5 18 1
5 22 1
5 25 1
5 31 1
5 49 1
5 50 1
5 56 1
5 62 1
5 63 1
5 66 1
5 84 1
5 94 1
5 98 1
5 101 1
5 107 1
5 115 1
5 116 1
5 133 1
5 158 1
5 161 1
6 12 1
6 14 1
6 22 1
6 36 1
6 39 1
6 50 1
6 52 1
6 65 1
6 74 1
6 77 1
6 85 1
6 90 1
6 104 1
6 114 1
6 119 1
6 131 1
6 132 1
6 141 1
6 145 1
6 160 1
6 169 1
7 8 1
7 9 1
7 14 1
7 20 1
7 31 1
7 36 1
7 40 1
7 41 1
7 54 1
7 71 1
7 85 1
7 89 1
7 102 1
7 124 1
7 137 1
7 138 1
7 142 1
7 143 1
7 154 1
7 155 1
7 160 1
7 161 1
7 162 1
7 164 1
8 15 1
8 33 1
8 38 1
8 40 1
8 49 1
8 58 1
8 62 1
8 64 1
8 81 1
8 83 1
8 93 1
8 102 1
8 103 1
8 109 1
8 121 1
8 127 1
8 137 1
8 141 1
8 150 1
8 159 1
8 160 1
8 163 1
9 12 1
9 21 1
9 33 1
9 37 1
9 47 1
9 53 1
9 58 1
9 63 1
9 64 1
9 69 1
9 75 1
9 77 1
9 81 1
9 89 1
9 90 1
9 92 1
9 94 1
9 95 1
9 105 1
9 110 1
9 112 1
9 113 1
9 116 1
9 120 1
9 123 1
9 136 1
9 147 1
9 154 1
9 167 1
10 12 1
10 15 1
10 16 1
10 18 1
10 29 1
10 42 1
10 46 1
10 48 1
10 49 1
10 95 1
10 114 1
10 115 1
10 116 1
10 121 1
10 130 1
10 135 1
10 139 1
10 157 1
11 13 1
11 18 1
11 26 1
11 32 1
11 60 1
11 77 1
11 82 1
11 85 1
11 88 1
11 105 1
11 124 1
11 131 1
11 152 1
11 159 1
11 160 1
11 166 1
11 167 1
12 13 1
12 21 1
12 68 1
12 69 1
12 74 1
12 76 1
12 80 1
12 81 1
12 88 1
12 108 1
12 109 1
12 121 1
12 130 1
12 132 1
12 135 1
12 140 1
12 169 1
13 16 1
13 19 1
13 27 1
13 28 1
13 35 1
13 51 1
13 74 1
13 84 1
13 87 1
13 92 1
13 93 1
13 96 1
13 100 1
13 102 1
13 107 1
13 123 1
13 140 1
13 142 1
13 150 1
14 26 1
14 34 1
14 55 1
14 64 1
14 71 1
14 76 1
14 77 1
14 79 1
14 89 1
14 115 1
14 133 1
14 138 1
14 148 1
14 154 1
14 157 1
15 36 1
15 47 1
15 58 1
15 60 1
15 63 1
15 66 1
15 69 1
15 73 1
15 76 1
15 105 1
15 107 1
15 108 1
15 111 1
15 112 1
15 113 1
15 115 1
15 119 1
15 142 1
15 145 1
15 153 1
15 158 1
15 164 1
15 165 1
16 19 1
16 24 1
16 31 1
16 37 1
16 40 1
16 42 1
16 55 1
16 64 1
16 68 1
16 70 1
16 82 1
16 92 1
16 105 1
16 109 1
16 110 1
16 126 1
16 129 1
16 134 1
16 146 1
16 148 1
16 163 1
16 165 1
16 167 1
17 28 1
17 35 1
17 49 1
17 65 1
17 67 1
17 80 1
17 84 1
17 109 1
17 117 1
17 119 1
17 121 1
17 123 1
17 125 1
17 129 1
17 133 1
17 134 1
17 135 1
17 162 1
18 26 1
18 42 1
18 47 1
18 57 1
18 60 1
18 62 1
18 86 1
18 94 1
18 112 1
18 116 1
18 121 1
18 131 1
18 143 1
18 150 1
18 157 1
18 158 1
18 165 1
19 28 1
19 42 1
19 47 1
19 66 1
19 68 1
19 69 1
19 81 1
19 95 1
19 101 1
19 119 1
19 124 1
19 132 1
19 135 1
19 146 1
19 148 1
19 157 1
19 161 1
19 166 1
20 33 1
20 41 1
20 44 1
20 56 1
20 83 1
20 85 1
20 97 1
20 106 1
20 121 1
20 125 1
20 144 1
20 155 1
20 156 1
20 163 1
21 24 1
21 34 1
21 36 1
21 41 1
21 53 1
21 72 1
21 97 1
21 112 1
21 113 1
21 120 1
21 125 1
21 127 1
21 131 1
21 145 1
21 160 1
22 51 1
22 54 1
22 60 1
22 63 1
22 77 1
22 80 1
22 86 1
22 117 1
22 125 1
22 132 1
22 133 1
22 139 1
22 141 1
23 28 1
23 30 1
23 40 1
23 42 1
23 66 1
23 71 1
23 75 1
23 77 1
23 80 1
23 82 1
23 97 1
23 99 1
23 111 1
23 113 1
23 120 1
23 124 1
23 133 1
23 134 1
23 140 1
23 153 1
23 162 1
23 165 1
23 168 1
24 25 1
24 40 1
24 60 1
24 63 1
24 68 1
24 82 1
24 96 1
24 98 1
24 138 1
24 141 1
24 145 1
24 150 1
24 155 1
24 160 1
24 162 1
24 163 1
24 165 1
24 167 1
25 27 1
25 37 1
25 44 1
25 47 1
25 50 1
25 52 1
25 57 1
25 58 1
25 62 1
25 65 1
25 70 1
25 84 1
25 87 1
25 103 1
25 105 1
25 109 1
25 127 1
25 135 1
25 143 1
25 158 1
25 160 1
26 35 1
26 48 1
26 51 1
26 62 1
26 63 1
26 67 1
26 69 1
26 100 1
26 101 1
26 103 1
26 106 1
26 112 1
26 113 1
26 116 1
26 126 1
26 133 1
26 137 1
26 140 1
26 152 1
26 164 1
27 34 1
27 36 1
27 55 1
27 61 1
27 64 1
27 79 1
27 82 1
27 89 1
27 100 1
27 103 1
27 104 1
27 119 1
27 121 1
27 134 1
27 137 1
27 138 1
27 144 1
27 146 1
27 158 1
27 159 1
28 33 1
28 50 1
28 63 1
28 66 1
28 85 1
28 89 1
28 94 1
28 113 1
28 128 1
28 138 1
28 153 1
29 40 1
29 69 1
29 75 1
29 76 1
29 80 1
29 87 1
29 110 1
29 126 1
29 127 1
29 130 1
29 133 1
29 136 1
29 140 1
29 145 1
29 167 1
29 169 1
30 37 1
30 39 1
30 41 1
30 42 1
30 46 1
30 47 1
30 49 1
30 72 1
30 83 1
30 84 1
30 91 1
30 96 1
30 99 1
30 105 1
30 111 1
30 113 1
30 131 1
30 135 1
30 136 1
30 137 1
30 142 1
30 158 1
30 161 1
31 32 1
31 37 1
31 51 1
31 64 1
31 67 1
31 70 1
31 72 1
31 75 1
31 77 1
31 81 1
31 97 1
31 98 1
31 105 1
31 107 1
31 109 1
31 113 1
31 118 1
31 134 1
31 142 1
31 150 1
31 151 1
31 152 1
31 168 1
32 33 1
32 39 1
32 45 1
32 52 1
32 58 1
32 59 1
32 68 1
32 76 1
32 92 1
32 105 1
32 135 1
32 139 1
32 144 1
32 154 1
32 169 1
33 39 1
33 48 1
33 54 1
33 83 1
33 85 1
33 87 1
33 92 1
33 96 1
33 99 1
33 101 1
33 120 1
33 134 1
33 140 1
33 146 1
33 159 1
34 41 1
34 48 1
34 77 1
34 99 1
34 105 1
34 107 1
34 121 1
34 122 1
34 123 1
34 134 1
34 142 1
34 150 1
34 152 1
34 155 1
35 50 1
35 51 1
35 65 1
35 69 1
35 94 1
35 100 1
35 103 1
35 105 1
35 109 1
35 121 1
35 129 1
35 143 1
35 154 1
35 156 1
35 164 1
35 168 1
36 47 1
36 60 1
36 73 1
36 74 1
36 78 1
36 79 1
36 88 1
36 91 1
36 97 1
36 102 1
36 103 1
36 105 1
36 114 1
36 122 1
36 128 1
36 134 1
36 146 1
36 150 1
36 157 1
36 162 1
36 168 1
37 43 1
37 45 1
37 50 1
37 52 1
37 59 1
37 62 1
37 67 1
37 74 1
37 83 1
37 85 1
37 107 1
37 117 1
37 119 1
37 133 1
37 146 1
37 153 1
38 51 1
38 68 1
38 87 1
38 108 1
38 110 1
38 121 1
38 124 1
38 130 1
38 148 1
38 169 1
39 44 1
39 56 1
39 69 1
39 74 1
39 75 1
39 76 1
39 77 1
39 81 1
39 91 1
39 92 1
39 99 1
39 100 1
39 101 1
39 114 1
39 115 1
39 129 1
39 140 1
39 142 1
39 145 1
39 153 1
40 41 1
40 42 1
40 51 1
40 58 1
40 61 1
40 63 1
40 64 1
40 65 1
40 67 1
40 79 1
40 96 1
40 102 1
40 104 1
40 125 1
40 138 1
40 143 1
40 150 1
40 154 1
40 157 1
40 158 1
41 42 1
41 51 1
41 52 1
41 54 1
41 56 1
41 57 1
41 103 1
41 116 1
41 121 1
41 122 1
41 123 1
41 126 1
41 130 1
41 139 1
41 143 1
41 169 1
42 48 1
42 50 1
42 55 1
42 70 1
42 77 1
42 98 1
42 106 1
42 113 1
42 114 1
42 116 1
42 117 1
42 118 1
42 129 1
42 137 1
43 49 1
43 61 1
43 65 1
43 79 1
43 86 1
43 107 1
43 112 1
43 123 1
43 129 1
43 133 1
43 134 1
43 143 1
43 147 1
43 162 1
44 56 1
44 58 1
44 63 1
44 75 1
44 79 1
44 85 1
44 86 1
44 88 1
44 100 1
44 108 1
44 120 1
44 125 1
44 158 1
44 162 1
45 55 1
45 56 1
45 58 1
45 75 1
45 76 1
45 82 1
45 84 1
45 96 1
45 98 1
45 99 1
45 103 1
45 104 1
45 110 1
45 114 1
45 129 1
45 140 1
45 151 1
45 152 1
45 159 1
46 50 1
46 58 1
46 62 1
46 70 1
46 89 1
46 95 1
46 128 1
46 153 1
46 155 1
47 51 1
47 64 1
47 75 1
47 91 1
47 94 1
47 102 1
47 114 1
47 148 1
47 160 1
48 49 1
48 66 1
48 85 1
48 86 1
48 87 1
48 111 1
48 116 1
48 119 1
48 122 1
48 134 1
48 151 1
48 155 1
48 166 1
48 169 1
49 53 1
49 54 1
49 55 1
49 78 1
49 113 1
49 114 1
49 118 1
49 126 1
49 150 1
49 155 1
49 156 1
49 165 1
49 166 1
50 58 1
50 61 1
50 62 1
50 73 1
50 75 1
50 92 1
50 98 1
50 106 1
50 107 1
50 110 1
50 112 1
50 126 1
50 132 1
50 138 1
50 140 1
50 143 1
50 144 1
50 156 1
50 158 1
51 55 1
51 57 1
51 58 1
51 77 1
51 85 1
51 87 1
51 92 1
51 102 1
51 104 1
51 106 1
51 113 1
51 117 1
51 135 1
51 145 1
51 163 1
52 58 1
52 71 1
52 74 1
52 80 1
52 84 1
52 85 1
52 95 1
52 97 1
52 103 1
52 104 1
52 108 1
52 113 1
52 124 1
52 131 1
52 134 1
52 142 1
52 152 1
52 157 1
52 167 1
52 169 1
53 64 1
53 70 1
53 74 1
53 88 1
53 90 1
53 92 1
53 104 1
53 113 1
53 125 1
53 140 1
53 144 1
53 159 1
53 169 1
54 59 1
54 60 1
54 61 1
54 70 1
54 72 1
54 79 1
54 83 1
54 99 1
54 102 1
54 108 1
54 109 1
54 111 1
54 117 1
54 119 1
54 123 1
54 139 1
54 156 1
55 70 1
55 90 1
55 110 1
55 119 1
55 120 1
55 121 1
55 142 1
55 152 1
55 155 1
55 157 1
55 161 1
56 64 1
56 71 1
56 74 1
56 80 1
56 82 1
56 84 1
56 89 1
56 98 1
56 143 1
56 145 1
56 155 1
57 60 1
57 70 1
57 80 1
57 90 1
57 105 1
57 116 1
57 119 1
57 121 1
57 123 1
57 133 1
57 135 1
57 145 1
57 147 1
57 169 1
58 63 1
58 64 1
58 66 1
58 71 1
58 84 1
58 96 1
58 110 1
58 113 1
58 115 1
58 125 1
58 131 1
58 136 1
58 140 1
58 162 1
58 165 1
59 65 1
59 73 1
59 89 1
59 96 1
59 102 1
59 103 1
59 106 1
59 108 1
59 109 1
59 129 1
59 138 1
59 139 1
59 141 1
59 146 1
59 149 1
59 156 1
59 160 1
59 163 1
59 166 1
59 169 1
60 64 1
60 66 1
60 71 1
60 84 1
60 92 1
60 93 1
60 112 1
60 115 1
60 121 1
60 127 1
60 132 1
60 149 1
60 153 1
60 156 1
60 157 1
60 167 1
61 66 1
61 80 1
61 85 1
61 91 1
61 96 1
61 103 1
61 106 1
61 112 1
61 128 1
61 155 1
61 156 1
61 161 1
61 163 1
61 168 1
62 68 1
62 69 1
62 81 1
62 88 1
62 91 1
62 102 1
62 104 1
62 105 1
62 109 1
62 113 1
62 145 1
62 146 1
62 151 1
62 153 1
62 156 1
62 166 1
62 169 1
63 73 1
63 74 1
63 75 1
63 82 1
63 84 1
63 99 1
63 107 1
63 120 1
63 126 1
63 142 1
63 150 1
63 160 1
63 163 1
63 169 1
64 65 1
64 77 1
64 84 1
64 121 1
64 140 1
64 142 1
64 143 1
64 149 1
64 151 1
64 166 1
65 66 1
65 85 1
65 86 1
65 88 1
65 90 1
65 91 1
65 93 1
65 102 1
65 122 1
65 123 1
65 130 1
65 140 1
65 142 1
65 144 1
65 146 1
65 153 1
65 159 1
65 162 1
65 164 1
66 77 1
66 81 1
66 128 1
66 141 1
66 145 1
66 148 1
66 151 1
66 153 1
66 168 1
66 169 1
67 70 1
67 73 1
67 85 1
67 86 1
67 89 1
67 90 1
67 92 1
67 97 1
67 109 1
67 114 1
67 117 1
67 118 1
67 143 1
67 147 1
67 165 1
68 85 1
68 87 1
68 95 1
68 108 1
68 109 1
68 112 1
68 126 1
68 135 1
68 141 1
68 150 1
68 161 1
68 167 1
69 80 1
69 83 1
69 84 1
69 86 1
69 144 1
69 148 1
69 158 1
70 83 1
70 91 1
70 92 1
70 98 1
70 100 1
70 107 1
70 109 1
70 116 1
70 143 1
70 145 1
70 149 1
70 150 1
70 160 1
71 77 1
71 84 1
71 88 1
71 97 1
71 123 1
71 131 1
71 134 1
71 136 1
71 144 1
71 148 1
71 152 1
71 154 1
71 168 1
71 169 1
72 73 1
72 90 1
72 97 1
72 103 1
72 130 1
72 137 1
72 138 1
72 151 1
73 75 1
73 82 1
73 83 1
73 94 1
73 111 1
73 116 1
73 127 1
73 140 1
73 141 1
73 163 1
73 164 1
74 87 1
74 91 1
74 93 1
74 117 1
74 120 1
74 121 1
74 127 1
74 128 1
74 129 1
74 141 1
74 147 1
74 156 1
74 158 1
74 163 1
75 80 1
75 102 1
75 111 1
75 113 1
75 118 1
75 120 1
75 128 1
75 137 1
75 141 1
75 143 1
75 146 1
75 149 1
75 162 1
76 93 1
76 99 1
76 107 1
76 115 1
76 125 1
76 133 1
76 140 1
76 167 1
77 84 1
77 85 1
77 88 1
77 89 1
77 90 1
77 100 1
77 102 1
77 115 1
77 117 1
77 122 1
77 142 1
77 156 1
77 163 1
78 79 1
78 83 1
78 97 1
78 101 1
78 104 1
78 106 1
78 107 1
78 123 1
78 135 1
78 144 1
78 150 1
78 151 1
78 152 1
78 154 1
78 157 1
78 159 1
79 87 1
79 89 1
79 90 1
79 92 1
79 100 1
79 104 1
79 116 1
79 122 1
79 164 1
80 84 1
80 85 1
80 89 1
80 90 1
80 98 1
80 109 1
80 111 1
80 112 1
80 117 1
80 118 1
80 121 1
80 123 1
80 124 1
80 128 1
80 132 1
80 143 1
80 144 1
80 145 1
80 147 1
80 165 1
81 90 1
81 104 1
81 133 1
81 134 1
81 135 1
81 138 1
81 141 1
81 151 1
81 160 1
81 161 1
81 163 1
81 164 1
82 87 1
82 99 1
82 122 1
82 133 1
82 161 1
83 98 1
83 102 1
83 110 1
83 113 1
83 116 1
83 118 1
83 124 1
83 125 1
83 140 1
83 143 1
83 145 1
84 107 1
84 121 1
84 124 1
84 128 1
84 130 1
84 137 1
84 145 1
84 146 1
85 105 1
85 107 1
85 109 1
85 111 1
85 112 1
85 129 1
85 135 1
85 136 1
85 148 1
85 149 1
85 153 1
85 154 1
86 88 1
86 90 1
86 101 1
86 118 1
86 120 1
86 126 1
86 127 1
86 129 1
86 156 1
86 160 1
86 163 1
87 106 1
87 109 1
87 118 1
87 122 1
87 126 1
87 142 1
87 144 1
87 145 1
87 167 1
88 90 1
88 91 1
88 98 1
88 107 1
88 108 1
88 114 1
88 118 1
88 127 1
88 137 1
88 149 1
88 158 1
88 168 1
89 91 1
89 104 1
89 118 1
89 120 1
89 148 1
89 150 1
89 158 1
89 166 1
90 92 1
90 96 1
90 102 1
90 106 1
90 107 1
90 122 1
90 124 1
90 130 1
90 135 1
90 137 1
90 138 1
90 145 1
90 146 1
90 149 1
90 153 1
90 166 1
91 121 1
91 133 1
91 140 1
91 147 1
91 151 1
91 155 1
91 165 1
92 96 1
92 101 1
92 122 1
92 125 1
92 148 1
92 163 1
92 166 1
92 169 1
93 95 1
93 96 1
93 101 1
93 109 1
93 125 1
93 159 1
93 162 1
94 102 1
94 115 1
94 154 1
95 100 1
95 124 1
95 125 1
95 146 1
95 149 1
95 150 1
95 165 1
95 168 1
96 110 1
96 128 1
96 130 1
96 136 1
96 139 1
96 143 1
96 168 1
97 102 1
97 106 1
97 115 1
97 135 1
97 142 1
97 164 1
98 101 1
98 116 1
98 151 1
98 154 1
99 100 1
99 104 1
99 109 1
99 111 1
99 115 1
99 117 1
99 118 1
99 138 1
99 140 1
99 158 1
99 164 1
100 102 1
100 107 1
100 116 1
100 138 1
100 162 1
101 107 1
101 112 1
101 115 1
101 117 1
101 150 1
101 163 1
101 164 1
102 109 1
102 110 1
102 134 1
102 141 1
102 143 1
102 145 1
102 148 1
102 150 1
102 152 1
102 153 1
102 164 1
102 166 1
103 110 1
103 120 1
103 145 1
103 151 1
103 156 1
103 163 1
103 165 1
104 107 1
104 112 1
104 118 1
104 125 1
104 134 1
104 142 1
104 144 1
104 149 1
104 153 1
104 158 1
104 159 1
104 167 1
105 107 1
105 121 1
105 125 1
105 134 1
105 138 1
105 150 1
105 156 1
105 157 1
105 168 1
106 115 1
106 125 1
106 161 1
106 168 1
107 109 1
107 113 1
107 115 1
107 117 1
107 124 1
107 137 1
107 144 1
107 146 1
107 151 1
108 111 1
108 115 1
108 124 1
108 127 1
108 146 1
109 116 1
109 119 1
109 126 1
109 128 1
109 134 1
109 135 1
109 136 1
109 137 1
109 142 1
109 158 1
109 165 1
109 166 1
109 168 1
110 126 1
110 127 1
110 133 1
110 139 1
110 154 1
110 160 1
110 163 1
111 112 1
111 116 1
111 124 1
111 128 1
111 133 1
111 160 1
111 161 1
111 167 1
112 119 1
112 129 1
112 131 1
112 145 1
112 148 1
112 156 1
112 161 1
112 164 1
113 117 1
113 125 1
113 127 1
113 139 1
113 140 1
114 117 1
114 118 1
114 122 1
114 136 1
114 145 1
114 151 1
114 159 1
114 160 1
114 161 1
114 167 1
114 168 1
114 169 1
115 119 1
115 121 1
115 124 1
115 133 1
115 134 1
115 135 1
115 147 1
115 156 1
115 158 1
115 162 1
115 164 1
116 129 1
116 135 1
116 142 1
116 143 1
117 125 1
117 126 1
117 130 1
117 132 1
117 133 1
117 144 1
117 145 1
117 152 1
117 154 1
117 155 1
117 158 1
117 159 1
117 160 1
118 124 1
118 125 1
118 130 1
118 134 1
118 137 1
118 138 1
118 142 1
118 145 1
118 150 1
118 152 1
118 155 1
118 157 1
118 163 1
118 164 1
119 152 1
119 160 1
119 163 1
119 167 1
120 139 1
120 160 1
120 164 1
120 165 1
120 166 1
121 132 1
121 135 1
121 160 1
122 127 1
122 133 1
122 135 1
122 138 1
122 140 1
122 142 1
122 148 1
122 149 1
122 159 1
123 140 1
123 167 1
124 130 1
124 133 1
125 127 1
125 128 1
125 139 1
125 140 1
125 159 1
125 167 1
126 146 1
126 159 1
126 160 1
126 161 1
126 169 1
127 128 1
127 132 1
127 158 1
127 164 1
127 166 1
128 136 1
128 139 1
128 140 1
128 141 1
128 149 1
128 151 1
128 152 1
128 153 1
128 155 1
128 156 1
129 132 1
129 134 1
129 149 1
129 157 1
129 160 1
130 135 1
130 151 1
130 156 1
130 160 1
131 138 1
131 139 1
131 149 1
131 157 1
131 166 1
132 136 1
132 137 1
132 138 1
132 140 1
132 149 1
132 157 1
132 159 1
133 161 1
134 137 1
134 156 1
134 158 1
134 162 1
134 169 1
135 136 1
135 142 1
135 160 1
135 162 1
136 139 1
136 161 1
136 162 1
137 146 1
137 150 1
138 160 1
138 167 1
139 157 1
139 166 1
140 143 1
140 145 1
140 152 1
140 153 1
140 161 1
140 167 1
141 142 1
141 143 1
141 145 1
141 148 1
141 158 1
141 162 1
141 163 1
143 148 1
143 152 1
143 154 1
143 165 1
144 156 1
144 160 1
145 157 1
146 152 1
146 160 1
146 162 1
146 164 1
146 169 1
147 159 1
147 163 1
147 167 1
148 161 1
148 164 1
149 152 1
150 154 1
150 163 1
151 154 1
152 163 1
152 168 1
153 154 1
153 155 1
153 158 1
153 163 1
153 164 1
154 155 1
154 157 1
154 159 1
154 161 1
155 163 1
155 168 1
156 165 1
156 166 1
156 168 1
157 159 1
157 163 1
158 159 1
159 169 1
160 166 1
160 168 1
161 166 1
161 167 1
161 169 1
162 165 1
162 168 1
163 167 1
164 168 1
1
134 43 66 32 21 9 20 142 163 166 126 125 73 70 132 151 78
