666
0 1 1
0 2 1
0 12 1
0 14 1
0 18 1
0 25 1
0 36 1
0 39 1
0 54 1
0 58 1
0 59 1
0 65 1
0 66 1
0 69 1
0 73 1
1 4 1
1 5 1
1 15 1
1 19 1
1 22 1
1 23 1
1 27 1
1 28 1
1 38 1
1 44 1
1 54 1
1 68 1
1 72 1
1 78 1
2 4 1
2 5 1
2 7 1
2 12 1
2 14 1
2 15 1
2 16 1
2 28 1
2 30 1
2 34 1
2 35 1
2 37 1
2 39 1
2 44 1
2 51 1
2 52 1
2 61 1
2 62 1
2 63 1
2 65 1
2 67 1
2 69 1
3 10 1
3 17 1
3 18 1
3 20 1
3 23 1
3 26 1
3 28 1
3 29 1
3 35 1
3 39 1
3 40 1
3 41 1
3 47 1
3 49 1
3 50 1
3 54 1
3 61 1
3 64 1
3 75 1
3 77 1
4 8 1
4 9 1
4 13 1
4 19 1
4 34 1
4 43 1
4 50 1
4 54 1
4 56 1
4 58 1
4 60 1
4 61 1
4 65 1
4 66 1
4 67 1
4 79 1
5 24 1
5 26 1
5 27 1
5 28 1
5 33 1
5 50 1
5 51 1
5 53 1
5 55 1
5 56 1
5 57 1
5 60 1
5 67 1
5 68 1
5 73 1
5 74 1
6 16 1
6 19 1
6 23 1
6 25 1
6 27 1
6 30 1
6 34 1
6 37 1
6 47 1
6 49 1
6 52 1
6 56 1
6 59 1
6 64 1
6 68 1
6 69 1
6 71 1
7 8 1
7 12 1
7 16 1
7 19 1
7 26 1
7 27 1
7 41 1
7 43 1
7 49 1
7 55 1
7 74 1
7 76 1
8 9 1
8 16 1
8 17 1
8 18 1
8 20 1
8 22 1
8 23 1
8 28 1
8 33 1
8 34 1
8 44 1
8 61 1
9 12 1
9 14 1
9 16 1
9 18 1
9 19 1
9 26 1
9 27 1
9 29 1
9 30 1
9 32 1
9 35 1
9 40 1
9 44 1
9 45 1
9 48 1
9 56 1
9 57 1
9 58 1
9 61 1
9 64 1
9 65 1
9 67 1
9 70 1
9 77 1
10 13 1
10 14 1
10 16 1
10 20 1
10 35 1
10 43 1
10 47 1
10 50 1
10 51 1
10 58 1
10 62 1
10 65 1
10 66 1
10 68 1
10 77 1
10 78 1
10 79 1
11 15 1
11 20 1
11 21 1
11 28 1
11 30 1
11 33 1
11 34 1
11 37 1
11 38 1
11 49 1
11 50 1
11 51 1
11 58 1
11 61 1
11 69 1
11 76 1
12 16 1
12 20 1
12 21 1
12 27 1
12 39 1
12 42 1
12 44 1
12 57 1
12 61 1
12 67 1
12 77 1
13 20 1
13 23 1
13 29 1
13 31 1
13 32 1
13 36 1
13 39 1
13 42 1
13 43 1
13 49 1
13 52 1
13 53 1
13 60 1
13 67 1
13 68 1
13 74 1
13 75 1
13 79 1
14 23 1
14 25 1
14 34 1
14 39 1
14 40 1
14 46 1
14 47 1
14 48 1
14 56 1
14 68 1
15 36 1
15 38 1
15 41 1
15 51 1
15 65 1
15 70 1
15 77 1
16 18 1
16 23 1
16 37 1
16 39 1
16 40 1
16 42 1
16 50 1
16 51 1
16 55 1
16 56 1
16 57 1
16 62 1
16 63 1
16 69 1
16 74 1
16 76 1
16 77 1
17 18 1
17 30 1
17 34 1
17 37 1
17 42 1
17 43 1
17 49 1
17 51 1
17 62 1
17 63 1
17 69 1
17 71 1
17 75 1
18 21 1
18 24 1
18 26 1
18 32 1
18 47 1
18 48 1
18 49 1
18 58 1
18 59 1
18 63 1
18 65 1
18 73 1
18 79 1
19 21 1
19 22 1
19 30 1
19 32 1
19 42 1
19 43 1
19 47 1
19 65 1
19 71 1
19 75 1
19 77 1
20 23 1
20 24 1
20 29 1
20 34 1
20 38 1
20 39 1
20 52 1
20 54 1
20 55 1
20 62 1
20 63 1
20 70 1
20 72 1
21 22 1
21 23 1
21 26 1
21 27 1
21 29 1
21 31 1
21 42 1
21 56 1
21 59 1
21 62 1
21 67 1
21 69 1
21 79 1
22 25 1
22 26 1
22 28 1
22 34 1
22 35 1
22 38 1
22 46 1
22 50 1
22 52 1
22 53 1
22 66 1
22 72 1
23 26 1
23 27 1
23 34 1
23 36 1
23 47 1
23 48 1
23 55 1
23 60 1
23 73 1
24 28 1
24 31 1
24 33 1
24 35 1
24 45 1
24 46 1
24 48 1
24 52 1
24 65 1
24 67 1
24 71 1
24 72 1
24 79 1
25 29 1
25 30 1
25 33 1
25 45 1
25 66 1
25 70 1
25 73 1
25 76 1
25 79 1
26 39 1
26 45 1
26 48 1
26 54 1
26 56 1
26 59 1
26 61 1
26 68 1
26 75 1
27 29 1
27 31 1
27 33 1
27 34 1
27 37 1
27 44 1
27 51 1
27 53 1
27 57 1
27 64 1
27 68 1
27 74 1
27 76 1
28 30 1
28 37 1
28 43 1
28 47 1
28 49 1
28 53 1
28 57 1
28 58 1
28 63 1
28 67 1
28 71 1
28 74 1
28 76 1
28 78 1
29 32 1
29 34 1
29 37 1
29 39 1
29 41 1
29 43 1
29 45 1
29 59 1
29 60 1
29 67 1
29 70 1
29 76 1
30 38 1
30 42 1
30 48 1
30 51 1
30 54 1
30 59 1
30 61 1
30 65 1
31 32 1
31 33 1
31 45 1
31 48 1
31 49 1
31 58 1
31 61 1
31 64 1
31 67 1
31 69 1
31 75 1
31 79 1
32 33 1
32 48 1
32 54 1
32 61 1
32 69 1
32 71 1
32 75 1
33 38 1
33 40 1
33 43 1
33 49 1
33 57 1
33 65 1
33 71 1
33 73 1
33 74 1
33 75 1
34 35 1
34 41 1
34 49 1
34 56 1
34 58 1
34 65 1
34 69 1
34 71 1
35 41 1
35 43 1
35 45 1
35 48 1
35 50 1
35 51 1
35 59 1
35 70 1
35 72 1
35 73 1
36 39 1
36 43 1
36 45 1
36 46 1
36 47 1
36 54 1
36 62 1
36 64 1
36 68 1
36 73 1
36 78 1
36 79 1
37 48 1
37 57 1
37 62 1
37 73 1
37 76 1
37 79 1
38 46 1
38 52 1
38 55 1
38 65 1
38 67 1
38 69 1
38 75 1
39 45 1
39 46 1
39 52 1
39 53 1
39 56 1
39 60 1
39 66 1
39 68 1
39 70 1
39 73 1
39 75 1
39 76 1
39 78 1
39 79 1
40 42 1
40 43 1
40 52 1
40 55 1
40 66 1
40 69 1
40 75 1
41 44 1
41 47 1
41 50 1
41 52 1
41 58 1
41 65 1
41 71 1
41 74 1
42 45 1
42 51 1
42 55 1
42 63 1
42 66 1
42 73 1
42 77 1
42 78 1
43 50 1
43 52 1
43 61 1
43 67 1
43 69 1
44 47 1
44 54 1
44 68 1
44 73 1
44 74 1
45 47 1
45 53 1
45 58 1
45 59 1
45 60 1
45 66 1
45 76 1
45 78 1
46 47 1
46 49 1
46 52 1
46 56 1
46 59 1
46 68 1
46 69 1
46 72 1
47 48 1
47 51 1
47 60 1
47 63 1
47 67 1
47 70 1
48 49 1
48 51 1
48 60 1
48 63 1
48 71 1
48 73 1
48 79 1
49 50 1
49 55 1
49 60 1
49 62 1
49 63 1
49 68 1
49 71 1
49 76 1
50 52 1
50 75 1
51 64 1
51 67 1
51 77 1
52 64 1
52 65 1
52 66 1
52 67 1
52 68 1
52 74 1
53 54 1
53 55 1
53 57 1
53 63 1
53 71 1
53 75 1
53 77 1
53 78 1
54 60 1
54 61 1
54 70 1
54 72 1
54 78 1
55 59 1
55 62 1
55 64 1
56 67 1
56 72 1
56 76 1
57 58 1
57 61 1
57 63 1
57 64 1
57 67 1
57 71 1
57 79 1
58 63 1
58 64 1
58 73 1
58 74 1
58 75 1
59 67 1
59 74 1
59 76 1
59 77 1
59 78 1
60 61 1
60 64 1
60 65 1
60 68 1
61 66 1
61 72 1
61 75 1
61 79 1
62 63 1
62 69 1
62 72 1
62 78 1
63 65 1
63 70 1
64 74 1
64 76 1
65 71 1
65 79 1
66 71 1
67 68 1
67 72 1
68 73 1
68 75 1
68 77 1
69 74 1
69 78 1
70 72 1
70 74 1
70 76 1
70 79 1
72 75 1
72 76 1
74 76 1
75 76 1
75 77 1
76 79 1
77 79 1
1
28 31 76 10 77 58 12 59
