196
0 4 1
0 5 1
0 7 1
0 10 1
0 11 1
0 13 1
0 14 1
0 15 1
0 16 1
0 17 1
0 19 1
0 21 1
0 23 1
0 26 1
0 29 1
1 5 1
1 7 1
1 8 1
1 9 1
1 14 1
1 15 1
1 17 1
1 18 1
1 24 1
1 26 1
1 27 1
2 3 1
2 4 1
2 5 1
2 6 1
2 7 1
2 8 1
2 11 1
2 13 1
2 14 1
2 22 1
2 23 1
2 25 1
2 27 1
2 28 1
3 5 1
3 6 1
3 9 1
3 10 1
3 11 1
3 12 1
3 15 1
3 16 1
3 19 1
3 20 1
3 22 1
3 23 1
3 25 1
3 26 1
3 27 1
3 28 1
4 6 1
4 7 1
4 12 1
4 13 1
4 14 1
4 15 1
4 16 1
4 17 1
4 19 1
4 21 1
4 22 1
4 28 1
5 13 1
5 20 1
5 24 1
5 25 1
5 28 1
5 29 1
6 7 1
6 8 1
6 13 1
6 14 1
6 15 1
6 16 1
6 17 1
6 20 1
6 21 1
6 22 1
6 23 1
6 25 1
6 27 1
7 8 1
7 9 1
7 12 1
7 13 1
7 14 1
7 17 1
7 26 1
7 27 1
8 9 1
8 11 1
8 12 1
8 14 1
8 17 1
8 20 1
8 21 1
8 22 1
8 23 1
8 25 1
8 26 1
8 27 1
8 28 1
8 29 1
9 10 1
9 15 1
9 16 1
9 18 1
9 20 1
9 22 1
9 23 1
9 24 1
9 26 1
9 27 1
9 29 1
10 11 1
10 15 1
10 18 1
10 19 1
10 24 1
10 27 1
11 14 1
11 20 1
11 25 1
11 26 1
11 27 1
11 29 1
12 15 1
12 16 1
12 20 1
12 22 1
12 26 1
13 14 1
13 17 1
13 19 1
13 21 1
13 25 1
13 26 1
13 29 1
14 15 1
14 16 1
14 18 1
14 19 1
14 20 1
14 21 1
14 22 1
14 24 1
14 25 1
14 27 1
15 18 1
15 19 1
15 23 1
15 24 1
15 27 1
16 19 1
16 21 1
16 26 1
16 27 1
17 18 1
17 26 1
17 27 1
17 28 1
17 29 1
18 19 1
18 20 1
18 26 1
18 27 1
18 28 1
18 29 1
19 24 1
20 22 1
20 24 1
20 25 1
20 27 1
20 28 1
20 29 1
21 23 1
21 25 1
21 27 1
21 28 1
22 23 1
22 24 1
22 25 1
22 27 1
22 28 1
23 27 1
23 28 1
25 26 1
25 27 1
25 29 1
28 29 1
1
20 24 16
