1747
0 9 1
0 11 1
0 12 1
0 16 1
0 19 1
0 28 1
0 73 1
0 78 1
0 81 1
0 97 1
0 110 1
0 112 1
0 118 1
0 125 1
0 130 1
0 131 1
0 132 1
0 141 1
1 8 1
1 21 1
1 22 1
1 29 1
1 38 1
1 40 1
1 58 1
1 69 1
1 77 1
1 84 1
1 85 1
1 87 1
1 95 1
1 97 1
1 100 1
1 104 1
1 108 1
1 114 1
1 126 1
1 156 1
1 159 1
1 160 1
2 4 1
2 5 1
2 15 1
2 31 1
2 36 1
2 37 1
2 40 1
2 44 1
2 45 1
2 50 1
2 60 1
2 64 1
2 71 1
2 97 1
2 104 1
2 106 1
2 110 1
2 112 1
2 118 1
2 126 1
2 131 1
2 140 1
2 147 1
2 148 1
2 161 1
2 163 1
3 6 1
3 16 1
3 22 1
3 27 1
3 33 1
3 34 1
3 35 1
3 40 1
3 42 1
3 44 1
3 55 1
3 81 1
3 109 1
3 118 1
3 126 1
3 130 1
3 141 1
3 159 1
3 169 1
4 19 1
4 49 1
4 64 1
4 75 1
4 80 1
4 85 1
4 89 1
4 109 1
4 131 1
4 136 1
4 138 1
4 142 1
4 153 1
5 12 1
5 25 1
5 30 1
5 31 1
5 33 1
5 37 1
5 40 1
5 41 1
5 42 1
5 48 1
5 53 1
5 60 1
5 62 1
5 120 1
5 123 1
5 124 1
5 129 1
5 137 1
5 139 1
5 146 1
5 159 1
6 7 1
6 13 1
6 20 1
6 24 1
6 25 1
6 36 1
6 39 1
6 40 1
6 41 1
6 44 1
6 45 1
6 57 1
6 58 1
6 59 1
6 64 1
6 72 1
6 77 1
6 93 1
6 98 1
6 105 1
6 117 1
6 118 1
6 123 1
6 160 1
7 12 1
7 13 1
7 21 1
7 22 1
7 25 1
7 26 1
7 70 1
7 72 1
7 81 1
7 85 1
7 89 1
7 100 1
7 104 1
7 110 1
7 115 1
7 145 1
7 151 1
7 152 1
7 165 1
7 169 1
8 12 1
8 18 1
8 21 1
8 23 1
8 31 1
8 35 1
8 48 1
8 54 1
8 87 1
8 131 1
8 142 1
8 153 1
8 158 1
8 160 1
8 169 1
9 22 1
9 37 1
9 83 1
9 106 1
9 113 1
9 115 1
9 118 1
9 127 1
9 135 1
9 152 1
9 155 1
9 157 1
9 158 1
10 16 1
10 29 1
10 32 1
10 39 1
10 61 1
10 67 1
10 80 1
10 81 1
10 84 1
10 93 1
10 104 1
10 120 1
10 121 1
10 122 1
10 123 1
10 137 1
10 168 1
11 19 1
11 21 1
11 24 1
11 34 1
11 41 1
11 43 1
11 50 1
11 51 1
11 66 1
11 70 1
11 85 1
11 94 1
11 100 1
11 103 1
11 120 1
11 137 1
11 139 1
11 153 1
11 155 1
11 156 1
11 157 1
11 162 1
11 163 1
12 27 1
12 32 1
12 39 1
12 51 1
12 61 1
12 70 1
12 71 1
12 78 1
12 89 1
12 99 1
12 105 1
12 111 1
12 113 1
12 114 1
12 115 1
12 135 1
12 136 1
12 142 1
12 148 1
12 149 1
12 152 1
12 157 1
12 159 1
12 163 1
12 166 1
13 37 1
13 41 1
13 50 1
13 54 1
13 66 1
13 67 1
13 70 1
13 74 1
13 75 1
13 86 1
13 87 1
13 96 1
13 100 1
13 110 1
13 112 1
13 114 1
13 116 1
13 119 1
13 120 1
13 121 1
13 144 1
13 155 1
14 16 1
14 25 1
14 56 1
14 67 1
14 68 1
14 81 1
14 85 1
14 95 1
14 96 1
14 97 1
14 103 1
14 113 1
14 145 1
14 158 1
14 168 1
15 23 1
15 30 1
15 33 1
15 39 1
15 40 1
15 46 1
15 63 1
15 81 1
15 85 1
15 93 1
15 104 1
15 105 1
15 109 1
15 110 1
15 111 1
15 121 1
15 127 1
15 137 1
15 149 1
15 153 1
15 157 1
16 34 1
16 36 1
16 38 1
16 55 1
16 67 1
16 70 1
16 85 1
16 86 1
16 103 1
16 114 1
16 129 1
16 143 1
16 168 1
16 169 1
17 22 1
17 27 1
17 30 1
17 37 1
17 55 1
17 59 1
17 70 1
17 74 1
17 77 1
17 87 1
17 93 1
17 110 1
17 126 1
17 128 1
17 146 1
17 157 1
18 21 1
18 22 1
18 62 1
18 77 1
18 79 1
18 83 1
18 85 1
18 89 1
18 104 1
18 110 1
18 114 1
18 117 1
18 121 1
18 142 1
18 151 1
18 158 1
19 26 1
19 32 1
19 39 1
19 44 1
19 51 1
19 68 1
19 79 1
19 101 1
19 102 1
19 110 1
19 133 1
19 135 1
19 137 1
19 145 1
19 146 1
19 154 1
19 160 1
19 162 1
20 23 1
20 47 1
20 52 1
20 63 1
20 66 1
20 75 1
20 95 1
20 104 1
20 114 1
20 118 1
20 126 1
20 143 1
20 145 1
20 159 1
20 163 1
21 26 1
21 27 1
21 40 1
21 52 1
21 65 1
21 71 1
21 72 1
21 84 1
21 94 1
21 97 1
21 99 1
21 100 1
21 104 1
21 137 1
21 138 1
21 145 1
21 150 1
21 159 1
21 162 1
22 23 1
22 27 1
22 30 1
22 34 1
22 38 1
22 51 1
22 59 1
22 72 1
22 78 1
22 84 1
22 86 1
22 92 1
22 94 1
22 95 1
22 107 1
22 109 1
22 117 1
22 118 1
22 122 1
22 128 1
22 130 1
22 138 1
22 144 1
22 152 1
22 157 1
23 37 1
23 53 1
23 58 1
23 62 1
23 63 1
23 84 1
23 99 1
23 101 1
23 108 1
23 110 1
23 122 1
23 125 1
23 126 1
23 133 1
23 135 1
23 141 1
23 143 1
23 147 1
23 148 1
23 159 1
24 34 1
24 36 1
24 39 1
24 40 1
24 44 1
24 64 1
24 66 1
24 67 1
24 76 1
24 79 1
24 81 1
24 84 1
24 86 1
24 87 1
24 90 1
24 92 1
24 104 1
24 107 1
24 109 1
24 112 1
24 120 1
24 122 1
24 124 1
24 125 1
24 129 1
24 130 1
24 146 1
24 157 1
24 158 1
24 164 1
24 167 1
25 29 1
25 31 1
25 34 1
25 37 1
25 48 1
25 51 1
25 54 1
25 57 1
25 70 1
25 75 1
25 99 1
25 111 1
25 125 1
25 141 1
25 149 1
25 152 1
25 156 1
25 158 1
25 159 1
25 162 1
25 163 1
25 165 1
26 28 1
26 32 1
26 36 1
26 58 1
26 72 1
26 80 1
26 89 1
26 94 1
26 98 1
26 120 1
26 140 1
26 155 1
26 157 1
26 161 1
27 28 1
27 33 1
27 34 1
27 35 1
27 41 1
27 51 1
27 60 1
27 65 1
27 77 1
27 84 1
27 99 1
27 101 1
27 106 1
27 115 1
27 120 1
27 127 1
27 150 1
27 159 1
27 167 1
28 30 1
28 40 1
28 46 1
28 48 1
28 57 1
28 63 1
28 65 1
28 72 1
28 77 1
28 78 1
28 83 1
28 85 1
28 96 1
28 105 1
28 120 1
28 124 1
28 145 1
28 158 1
28 169 1
29 43 1
29 44 1
29 50 1
29 52 1
29 54 1
29 59 1
29 67 1
29 82 1
29 87 1
29 100 1
29 109 1
29 113 1
29 119 1
29 126 1
29 136 1
29 139 1
29 145 1
29 155 1
29 157 1
29 160 1
29 165 1
29 169 1
30 31 1
30 32 1
30 35 1
30 42 1
30 49 1
30 51 1
30 72 1
30 83 1
30 101 1
30 105 1
30 110 1
30 120 1
30 126 1
30 132 1
30 133 1
30 137 1
30 138 1
30 148 1
30 151 1
30 158 1
30 161 1
31 32 1
31 36 1
31 43 1
31 47 1
31 55 1
31 83 1
31 103 1
31 113 1
31 121 1
31 152 1
31 162 1
32 38 1
32 43 1
32 50 1
32 64 1
32 76 1
32 78 1
32 106 1
32 123 1
32 139 1
32 141 1
33 34 1
33 40 1
33 51 1
33 57 1
33 58 1
33 61 1
33 80 1
33 82 1
33 87 1
33 103 1
33 117 1
33 136 1
33 141 1
33 159 1
33 163 1
34 38 1
34 44 1
34 51 1
34 57 1
34 59 1
34 66 1
34 80 1
34 103 1
34 114 1
34 121 1
34 127 1
34 137 1
34 140 1
34 148 1
34 151 1
34 159 1
34 161 1
34 162 1
35 37 1
35 54 1
35 56 1
35 58 1
35 103 1
35 108 1
35 115 1
35 116 1
35 120 1
35 126 1
35 128 1
35 145 1
35 147 1
35 151 1
35 158 1
35 159 1
35 162 1
35 163 1
36 45 1
36 47 1
36 58 1
36 60 1
36 68 1
36 70 1
36 71 1
36 74 1
36 86 1
36 89 1
36 93 1
36 104 1
36 115 1
36 117 1
36 130 1
36 136 1
36 139 1
36 143 1
37 55 1
37 58 1
37 79 1
37 82 1
37 100 1
37 101 1
37 108 1
37 113 1
37 135 1
37 138 1
37 139 1
37 147 1
37 156 1
37 160 1
37 162 1
37 166 1
37 167 1
38 42 1
38 51 1
38 52 1
38 55 1
38 56 1
38 62 1
38 67 1
38 70 1
38 72 1
38 83 1
38 91 1
38 102 1
38 135 1
38 140 1
38 147 1
38 163 1
39 47 1
39 51 1
39 58 1
39 66 1
39 82 1
39 83 1
39 84 1
39 91 1
39 97 1
39 106 1
39 111 1
39 116 1
39 136 1
39 138 1
39 143 1
39 144 1
39 148 1
39 152 1
40 42 1
40 47 1
40 49 1
40 55 1
40 59 1
40 73 1
40 76 1
40 82 1
40 84 1
40 94 1
40 102 1
40 104 1
40 107 1
40 110 1
40 120 1
40 122 1
40 128 1
40 129 1
40 130 1
40 132 1
40 135 1
40 151 1
40 155 1
40 158 1
41 49 1
41 51 1
41 58 1
41 71 1
41 79 1
41 89 1
41 105 1
41 108 1
41 113 1
41 117 1
41 133 1
41 135 1
41 138 1
41 139 1
41 141 1
41 144 1
41 149 1
41 159 1
41 168 1
42 53 1
42 73 1
42 78 1
42 82 1
42 83 1
42 86 1
42 103 1
42 113 1
42 124 1
42 125 1
42 133 1
42 136 1
42 138 1
42 148 1
42 157 1
42 159 1
43 46 1
43 65 1
43 74 1
43 75 1
43 83 1
43 89 1
43 95 1
43 106 1
43 128 1
43 142 1
43 147 1
43 160 1
43 162 1
44 47 1
44 52 1
44 59 1
44 85 1
44 93 1
44 113 1
44 115 1
44 128 1
44 133 1
44 137 1
44 139 1
44 146 1
44 152 1
44 166 1
45 54 1
45 61 1
45 64 1
45 79 1
45 80 1
45 92 1
45 115 1
45 119 1
45 148 1
45 149 1
45 150 1
45 152 1
45 161 1
45 162 1
45 167 1
46 50 1
46 52 1
46 57 1
46 70 1
46 80 1
46 82 1
46 98 1
46 101 1
46 123 1
46 127 1
46 133 1
46 134 1
46 136 1
46 146 1
46 147 1
46 155 1
46 156 1
46 165 1
47 54 1
47 93 1
47 117 1
47 131 1
47 135 1
47 139 1
47 140 1
47 142 1
47 145 1
47 153 1
47 161 1
47 162 1
47 164 1
48 57 1
48 65 1
48 71 1
48 89 1
48 92 1
48 101 1
48 105 1
48 121 1
48 126 1
48 129 1
48 139 1
48 149 1
49 50 1
49 67 1
49 69 1
49 70 1
49 94 1
49 97 1
49 99 1
49 105 1
49 109 1
49 113 1
49 140 1
49 143 1
49 149 1
49 159 1
49 162 1
49 163 1
49 167 1
49 168 1
50 59 1
50 62 1
50 63 1
50 71 1
50 97 1
50 108 1
50 122 1
50 145 1
50 150 1
51 57 1
51 75 1
51 77 1
51 120 1
51 129 1
51 146 1
52 55 1
52 65 1
52 72 1
52 83 1
52 107 1
52 127 1
52 133 1
52 166 1
53 55 1
53 70 1
53 73 1
53 83 1
53 87 1
53 92 1
53 103 1
53 108 1
53 128 1
53 134 1
53 138 1
53 142 1
53 151 1
53 161 1
54 62 1
54 63 1
54 71 1
54 100 1
54 113 1
54 117 1
54 120 1
54 122 1
54 134 1
54 153 1
54 169 1
55 58 1
55 63 1
55 69 1
55 77 1
55 79 1
55 87 1
55 99 1
55 106 1
55 110 1
55 111 1
55 119 1
55 146 1
55 153 1
55 163 1
56 64 1
56 68 1
56 85 1
56 98 1
56 104 1
56 109 1
56 139 1
56 141 1
56 149 1
56 153 1
56 166 1
56 169 1
57 59 1
57 68 1
57 78 1
57 79 1
57 80 1
57 94 1
57 96 1
57 121 1
57 131 1
57 134 1
57 151 1
57 157 1
57 167 1
58 61 1
58 71 1
58 73 1
58 76 1
58 80 1
58 91 1
58 100 1
58 101 1
58 107 1
58 111 1
58 136 1
58 144 1
58 145 1
58 158 1
58 159 1
58 160 1
58 162 1
59 61 1
59 69 1
59 78 1
59 90 1
59 92 1
59 97 1
59 111 1
59 120 1
59 127 1
59 135 1
59 145 1
59 164 1
59 168 1
60 62 1
60 68 1
60 80 1
60 88 1
60 90 1
60 100 1
60 105 1
60 120 1
60 123 1
60 127 1
60 131 1
60 137 1
60 140 1
60 147 1
60 151 1
60 154 1
60 157 1
60 163 1
60 167 1
60 168 1
61 63 1
61 66 1
61 77 1
61 91 1
61 92 1
61 94 1
61 98 1
61 106 1
61 115 1
61 117 1
61 129 1
61 134 1
61 137 1
61 149 1
61 158 1
61 161 1
61 164 1
62 64 1
62 84 1
62 89 1
62 94 1
62 110 1
62 113 1
62 116 1
62 125 1
62 129 1
62 138 1
62 144 1
62 146 1
62 147 1
62 153 1
62 154 1
62 166 1
63 70 1
63 74 1
63 77 1
63 79 1
63 84 1
63 86 1
63 99 1
63 118 1
63 121 1
63 126 1
63 141 1
63 169 1
64 68 1
64 69 1
64 72 1
64 74 1
64 86 1
64 92 1
64 99 1
64 118 1
64 119 1
64 135 1
64 153 1
64 162 1
64 166 1
65 69 1
65 90 1
65 93 1
65 106 1
65 108 1
65 112 1
65 121 1
65 122 1
65 131 1
65 151 1
65 167 1
66 70 1
66 77 1
66 78 1
66 84 1
66 89 1
66 99 1
66 129 1
66 135 1
66 145 1
66 151 1
66 153 1
66 159 1
66 167 1
67 69 1
67 73 1
67 76 1
67 92 1
67 100 1
67 115 1
67 121 1
67 136 1
67 140 1
67 150 1
67 152 1
67 157 1
67 162 1
68 74 1
68 75 1
68 83 1
68 90 1
68 91 1
68 92 1
68 94 1
68 100 1
68 127 1
68 159 1
68 160 1
69 75 1
69 88 1
69 101 1
69 107 1
69 109 1
69 117 1
69 138 1
69 162 1
69 163 1
70 73 1
70 77 1
70 88 1
70 125 1
70 127 1
70 129 1
70 151 1
70 163 1
70 167 1
71 72 1
71 77 1
71 88 1
71 96 1
71 99 1
71 102 1
71 108 1
71 111 1
71 113 1
71 116 1
71 137 1
72 91 1
72 92 1
72 120 1
72 127 1
72 136 1
72 140 1
72 149 1
73 74 1
73 81 1
73 82 1
73 85 1
73 90 1
73 95 1
73 112 1
73 117 1
73 139 1
73 143 1
73 145 1
73 150 1
73 157 1
74 84 1
74 101 1
74 107 1
74 113 1
74 130 1
74 133 1
74 145 1
74 146 1
74 148 1
75 77 1
75 79 1
75 94 1
75 103 1
75 110 1
75 118 1
75 127 1
75 132 1
75 134 1
75 143 1
75 151 1
75 164 1
75 169 1
76 78 1
76 101 1
76 108 1
76 114 1
76 116 1
76 118 1
76 121 1
76 122 1
76 137 1
76 139 1
76 140 1
76 156 1
76 158 1
76 163 1
77 83 1
77 84 1
77 86 1
77 88 1
77 91 1
77 95 1
77 117 1
77 136 1
77 138 1
77 141 1
77 150 1
77 160 1
77 161 1
77 163 1
78 80 1
78 113 1
78 121 1
78 136 1
78 157 1
78 162 1
78 166 1
79 81 1
79 95 1
79 99 1
79 101 1
79 110 1
79 112 1
79 114 1
79 118 1
79 127 1
79 139 1
79 140 1
79 147 1
79 165 1
80 102 1
80 123 1
80 151 1
80 153 1
80 154 1
80 157 1
80 160 1
80 166 1
81 88 1
81 90 1
81 91 1
81 92 1
81 114 1
81 122 1
81 129 1
81 135 1
81 154 1
81 161 1
82 84 1
82 107 1
82 109 1
82 118 1
82 120 1
82 130 1
82 131 1
82 133 1
82 138 1
82 139 1
82 142 1
82 150 1
82 155 1
82 157 1
82 161 1
82 165 1
83 87 1
83 99 1
83 101 1
83 113 1
83 122 1
83 136 1
83 139 1
83 141 1
83 166 1
84 102 1
84 122 1
84 131 1
84 135 1
84 148 1
84 151 1
84 154 1
84 156 1
84 165 1
85 89 1
85 90 1
85 95 1
85 106 1
85 115 1
85 119 1
85 147 1
85 151 1
85 161 1
85 165 1
86 99 1
86 111 1
86 123 1
86 126 1
86 137 1
86 144 1
86 157 1
86 165 1
87 90 1
87 92 1
87 103 1
87 106 1
87 107 1
87 108 1
87 118 1
87 120 1
87 154 1
87 164 1
87 168 1
87 169 1
88 93 1
88 95 1
88 116 1
88 121 1
88 130 1
88 138 1
88 157 1
89 91 1
89 95 1
89 136 1
89 138 1
89 139 1
89 140 1
89 146 1
89 147 1
90 92 1
90 94 1
90 106 1
90 114 1
90 126 1
90 154 1
90 156 1
90 160 1
90 166 1
91 94 1
91 100 1
91 104 1
91 105 1
91 107 1
91 111 1
91 115 1
91 121 1
91 124 1
91 134 1
91 137 1
91 141 1
91 162 1
91 165 1
91 166 1
92 96 1
92 103 1
92 107 1
92 115 1
92 127 1
92 132 1
92 137 1
92 139 1
92 160 1
92 165 1
92 166 1
92 169 1
93 95 1
93 99 1
93 103 1
93 111 1
93 125 1
93 130 1
93 131 1
93 149 1
93 157 1
93 162 1
93 163 1
94 96 1
94 109 1
94 128 1
94 129 1
94 133 1
94 136 1
94 157 1
95 102 1
95 111 1
95 145 1
95 147 1
95 148 1
95 158 1
96 101 1
96 105 1
96 108 1
96 110 1
96 120 1
96 122 1
96 127 1
96 136 1
96 159 1
97 118 1
97 131 1
97 134 1
97 145 1
97 148 1
97 164 1
97 165 1
97 169 1
98 106 1
98 121 1
98 136 1
98 143 1
98 159 1
98 161 1
99 101 1
99 112 1
99 119 1
99 120 1
99 128 1
99 136 1
99 144 1
99 169 1
100 118 1
100 121 1
100 138 1
100 149 1
100 161 1
100 169 1
101 125 1
101 135 1
101 151 1
101 154 1
101 158 1
101 168 1
102 105 1
102 107 1
102 122 1
102 139 1
102 141 1
102 166 1
103 113 1
103 114 1
103 123 1
103 124 1
103 131 1
103 138 1
103 150 1
103 151 1
104 109 1
104 110 1
104 114 1
104 115 1
104 116 1
104 120 1
104 121 1
104 125 1
104 131 1
104 151 1
104 165 1
105 115 1
105 128 1
105 129 1
105 148 1
105 151 1
105 155 1
105 158 1
105 168 1
106 112 1
106 152 1
106 157 1
106 164 1
107 115 1
107 122 1
107 130 1
107 156 1
107 160 1
107 168 1
108 113 1
108 115 1
108 117 1
108 121 1
108 136 1
108 137 1
108 141 1
108 149 1
108 154 1
108 158 1
108 161 1
109 116 1
109 123 1
109 133 1
109 134 1
109 137 1
109 139 1
109 141 1
109 149 1
109 151 1
109 157 1
109 166 1
109 169 1
110 118 1
110 124 1
110 146 1
110 147 1
110 150 1
110 158 1
111 122 1
111 145 1
111 154 1
111 157 1
111 159 1
112 121 1
112 135 1
112 154 1
112 158 1
112 159 1
112 161 1
113 114 1
113 141 1
113 147 1
113 154 1
113 158 1
113 162 1
113 163 1
113 167 1
114 116 1
114 118 1
114 141 1
114 143 1
114 150 1
115 120 1
115 126 1
115 128 1
115 131 1
115 132 1
115 137 1
115 139 1
115 140 1
115 158 1
115 160 1
115 161 1
115 168 1
116 120 1
116 139 1
116 146 1
116 153 1
116 154 1
116 169 1
117 129 1
117 135 1
117 151 1
118 121 1
118 124 1
118 126 1
118 129 1
118 135 1
118 141 1
118 165 1
118 168 1
119 129 1
119 135 1
119 136 1
119 143 1
119 154 1
119 160 1
119 161 1
120 132 1
120 133 1
121 124 1
121 134 1
121 158 1
121 160 1
121 163 1
121 166 1
122 126 1
122 150 1
122 153 1
123 124 1
123 142 1
123 148 1
123 155 1
123 161 1
124 132 1
124 133 1
124 141 1
124 146 1
124 151 1
124 153 1
124 159 1
124 161 1
124 166 1
124 168 1
125 133 1
125 135 1
125 139 1
125 140 1
125 153 1
125 166 1
125 167 1
126 133 1
126 140 1
126 144 1
126 150 1
126 163 1
127 129 1
127 137 1
127 139 1
127 156 1
127 167 1
128 146 1
128 162 1
128 165 1
128 168 1
129 142 1
129 145 1
129 163 1
129 164 1
129 165 1
129 167 1
130 135 1
130 140 1
130 142 1
130 143 1
130 149 1
130 159 1
130 165 1
131 132 1
131 135 1
131 151 1
131 160 1
132 135 1
132 152 1
132 157 1
132 167 1
132 169 1
133 160 1
133 168 1
134 156 1
134 157 1
134 164 1
135 140 1
135 163 1
136 140 1
136 142 1
136 148 1
136 151 1
136 161 1
136 165 1
136 169 1
137 152 1
137 162 1
137 163 1
137 169 1
138 142 1
138 145 1
138 156 1
139 143 1
139 146 1
140 157 1
140 164 1
141 148 1
141 152 1
141 154 1
141 159 1
141 165 1
141 168 1
142 147 1
142 165 1
142 167 1
143 156 1
144 153 1
144 155 1
144 157 1
144 160 1
145 150 1
145 152 1
146 151 1
146 152 1
146 158 1
146 160 1
147 151 1
147 159 1
148 151 1
148 167 1
149 155 1
149 163 1
150 157 1
150 160 1
151 153 1
151 155 1
151 157 1
151 169 1
152 169 1
153 164 1
154 166 1
155 158 1
155 164 1
155 165 1
156 162 1
156 168 1
157 162 1
157 168 1
158 159 1
158 166 1
159 160 1
159 161 1
159 162 1
160 166 1
161 165 1
164 167 1
167 169 1
1
165 76 61 63 47 19 155 121 77 149 27 105 95 41 66 162 55
