2031
0 15 1
0 17 1
0 20 1
0 26 1
0 55 1
0 93 1
0 95 1
0 100 1
0 136 1
0 157 1
0 160 1
0 161 1
0 171 1
0 175 1
1 5 1
1 30 1
1 31 1
1 39 1
1 47 1
1 61 1
1 62 1
1 63 1
1 68 1
1 72 1
1 76 1
1 78 1
1 92 1
1 98 1
1 101 1
1 105 1
1 109 1
1 120 1
1 132 1
1 143 1
1 152 1
1 156 1
1 164 1
1 165 1
1 184 1
2 15 1
2 17 1
2 19 1
2 21 1
2 22 1
2 38 1
2 40 1
2 41 1
2 45 1
2 69 1
2 72 1
2 73 1
2 76 1
2 109 1
2 111 1
2 125 1
2 129 1
2 130 1
2 147 1
2 162 1
2 171 1
2 184 1
3 5 1
3 10 1
3 11 1
3 16 1
3 24 1
3 27 1
3 36 1
3 39 1
3 42 1
3 54 1
3 59 1
3 63 1
3 73 1
3 79 1
3 87 1
3 111 1
3 120 1
3 124 1
3 130 1
3 135 1
3 136 1
3 139 1
3 146 1
3 154 1
3 156 1
3 157 1
3 161 1
3 163 1
3 186 1
4 18 1
4 23 1
4 33 1
4 42 1
4 52 1
4 56 1
4 60 1
4 69 1
4 70 1
4 87 1
4 90 1
4 98 1
4 101 1
4 106 1
4 109 1
4 110 1
4 111 1
4 118 1
4 129 1
4 130 1
4 132 1
4 136 1
4 152 1
4 157 1
4 169 1
4 172 1
4 185 1
5 11 1
5 24 1
5 36 1
5 44 1
5 46 1
5 53 1
5 57 1
5 58 1
5 60 1
5 72 1
5 73 1
5 78 1
5 86 1
5 91 1
5 122 1
5 140 1
5 141 1
5 142 1
5 157 1
5 161 1
5 168 1
5 172 1
5 180 1
5 185 1
6 7 1
6 13 1
6 34 1
6 51 1
6 64 1
6 78 1
6 79 1
6 97 1
6 101 1
6 103 1
6 123 1
6 127 1
6 137 1
6 145 1
6 147 1
6 150 1
6 151 1
6 165 1
6 187 1
7 31 1
7 35 1
7 51 1
7 55 1
7 56 1
7 63 1
7 85 1
7 86 1
7 87 1
7 108 1
7 128 1
7 129 1
7 130 1
7 133 1
7 141 1
7 152 1
8 13 1
8 14 1
8 23 1
8 25 1
8 31 1
8 63 1
8 75 1
8 98 1
8 106 1
8 119 1
8 122 1
8 160 1
8 163 1
8 178 1
9 11 1
9 20 1
9 22 1
9 24 1
9 31 1
9 35 1
9 45 1
9 61 1
9 68 1
9 77 1
9 78 1
9 82 1
9 83 1
9 103 1
9 105 1
9 135 1
9 165 1
9 166 1
9 173 1
9 180 1
9 189 1
10 28 1
10 31 1
10 38 1
10 41 1
10 57 1
10 61 1
10 71 1
10 76 1
10 82 1
10 84 1
10 89 1
10 109 1
10 125 1
10 126 1
10 137 1
10 158 1
10 180 1
10 181 1
10 188 1
11 20 1
11 32 1
11 33 1
11 37 1
11 42 1
11 52 1
11 58 1
11 60 1
11 71 1
11 75 1
11 77 1
11 110 1
11 112 1
11 129 1
11 136 1
11 138 1
11 147 1
11 151 1
11 153 1
11 160 1
11 163 1
11 165 1
11 172 1
11 183 1
11 184 1
11 189 1
12 13 1
12 15 1
12 22 1
12 35 1
12 46 1
12 50 1
12 60 1
12 64 1
12 76 1
12 86 1
12 96 1
12 109 1
12 134 1
12 144 1
12 145 1
13 26 1
13 27 1
13 30 1
13 49 1
13 55 1
13 64 1
13 66 1
13 73 1
13 81 1
13 91 1
13 96 1
13 106 1
13 113 1
13 117 1
13 123 1
13 135 1
13 139 1
13 141 1
13 144 1
13 151 1
13 162 1
13 173 1
13 177 1
14 24 1
14 41 1
14 60 1
14 68 1
14 71 1
14 75 1
14 86 1
14 87 1
14 88 1
14 91 1
14 102 1
14 109 1
14 118 1
14 119 1
14 120 1
14 128 1
14 129 1
14 130 1
14 132 1
14 143 1
14 156 1
14 160 1
14 171 1
14 174 1
14 175 1
15 21 1
15 64 1
15 73 1
15 82 1
15 83 1
15 87 1
15 99 1
15 115 1
15 118 1
15 128 1
15 140 1
15 146 1
15 155 1
15 165 1
15 171 1
15 175 1
15 185 1
16 18 1
16 20 1
16 24 1
16 28 1
16 58 1
16 104 1
16 120 1
16 121 1
16 134 1
16 153 1
16 155 1
16 184 1
17 24 1
17 27 1
17 36 1
17 58 1
17 76 1
17 83 1
17 93 1
17 96 1
17 98 1
17 102 1
17 108 1
17 114 1
17 122 1
17 125 1
17 126 1
17 154 1
17 155 1
17 158 1
17 169 1
17 176 1
17 177 1
17 179 1
17 183 1
18 22 1
18 27 1
18 32 1
18 76 1
18 83 1
18 84 1
18 92 1
18 101 1
18 109 1
18 110 1
18 115 1
18 116 1
18 122 1
18 129 1
18 146 1
18 154 1
18 162 1
18 175 1
18 180 1
18 182 1
19 30 1
19 37 1
19 46 1
19 49 1
19 50 1
19 60 1
19 63 1
19 65 1
19 66 1
19 81 1
19 89 1
19 97 1
19 123 1
19 127 1
19 142 1
19 148 1
19 156 1
19 167 1
19 173 1
19 176 1
19 185 1
20 23 1
20 30 1
20 32 1
20 35 1
20 39 1
20 41 1
20 44 1
20 47 1
20 55 1
20 62 1
20 68 1
20 69 1
20 76 1
20 77 1
20 87 1
20 89 1
20 91 1
20 92 1
20 125 1
20 137 1
20 147 1
20 155 1
20 164 1
20 183 1
20 184 1
20 188 1
20 189 1
21 27 1
21 41 1
21 47 1
21 117 1
21 123 1
21 137 1
21 154 1
21 160 1
21 162 1
21 181 1
22 23 1
22 24 1
22 25 1
22 34 1
22 38 1
22 41 1
22 46 1
22 47 1
22 64 1
22 109 1
22 135 1
22 143 1
22 146 1
22 160 1
22 164 1
22 176 1
23 24 1
23 30 1
23 37 1
23 45 1
23 50 1
23 53 1
23 64 1
23 68 1
23 81 1
23 105 1
23 106 1
23 120 1
23 145 1
23 155 1
23 178 1
23 179 1
24 32 1
24 37 1
24 43 1
24 47 1
24 65 1
24 72 1
24 74 1
24 75 1
24 90 1
24 106 1
24 143 1
24 144 1
24 147 1
24 148 1
24 173 1
24 174 1
24 188 1
25 41 1
25 42 1
25 45 1
25 65 1
25 73 1
25 79 1
25 80 1
25 99 1
25 102 1
25 120 1
25 127 1
25 133 1
25 134 1
25 162 1
25 170 1
26 29 1
26 46 1
26 54 1
26 61 1
26 85 1
26 89 1
26 111 1
26 115 1
26 119 1
26 122 1
26 127 1
26 128 1
26 138 1
26 145 1
26 150 1
26 155 1
26 171 1
26 173 1
26 177 1
27 30 1
27 33 1
27 42 1
27 51 1
27 54 1
27 80 1
27 88 1
27 112 1
27 116 1
27 121 1
27 125 1
27 128 1
27 155 1
27 166 1
27 180 1
27 183 1
28 40 1
28 44 1
28 47 1
28 67 1
28 78 1
28 82 1
28 96 1
28 114 1
28 123 1
28 143 1
28 144 1
28 154 1
28 155 1
28 178 1
29 32 1
29 40 1
29 50 1
29 59 1
29 67 1
29 75 1
29 82 1
29 83 1
29 85 1
29 93 1
29 97 1
29 100 1
29 121 1
29 123 1
29 127 1
29 131 1
29 132 1
29 138 1
29 142 1
29 155 1
29 158 1
30 31 1
30 41 1
30 63 1
30 64 1
30 76 1
30 86 1
30 95 1
30 100 1
30 103 1
30 134 1
30 148 1
30 153 1
30 161 1
30 189 1
31 37 1
31 49 1
31 71 1
31 89 1
31 125 1
31 127 1
31 128 1
31 133 1
31 156 1
31 164 1
31 174 1
31 175 1
31 178 1
31 183 1
31 184 1
31 189 1
32 39 1
32 46 1
32 47 1
32 50 1
32 53 1
32 80 1
32 96 1
32 109 1
32 110 1
32 126 1
32 131 1
32 132 1
32 133 1
32 142 1
32 143 1
32 164 1
32 170 1
32 188 1
33 44 1
33 49 1
33 56 1
33 77 1
33 92 1
33 119 1
33 121 1
33 124 1
33 134 1
33 135 1
33 136 1
33 139 1
33 158 1
33 167 1
33 178 1
33 182 1
33 184 1
33 187 1
34 37 1
34 42 1
34 57 1
34 66 1
34 79 1
34 87 1
34 89 1
34 92 1
34 98 1
34 110 1
34 117 1
34 121 1
34 123 1
34 130 1
34 137 1
34 140 1
34 143 1
34 163 1
34 169 1
34 171 1
34 181 1
34 183 1
35 55 1
35 71 1
35 74 1
35 88 1
35 95 1
35 139 1
35 157 1
35 163 1
35 168 1
35 187 1
36 47 1
36 50 1
36 55 1
36 57 1
36 63 1
36 69 1
36 70 1
36 85 1
36 94 1
36 96 1
36 108 1
36 117 1
36 137 1
36 151 1
36 159 1
36 170 1
36 172 1
36 179 1
37 44 1
37 51 1
37 52 1
37 55 1
37 57 1
37 59 1
37 69 1
37 79 1
37 81 1
37 102 1
37 118 1
37 125 1
37 128 1
37 139 1
37 148 1
37 149 1
37 152 1
37 156 1
37 172 1
37 174 1
38 81 1
38 87 1
38 104 1
38 139 1
38 145 1
38 154 1
38 160 1
38 164 1
38 169 1
39 43 1
39 44 1
39 47 1
39 58 1
39 66 1
39 68 1
39 71 1
39 73 1
39 81 1
39 84 1
39 85 1
39 90 1
39 94 1
39 109 1
39 118 1
39 139 1
39 142 1
39 162 1
39 177 1
40 44 1
40 56 1
40 66 1
40 69 1
40 73 1
40 75 1
40 84 1
40 99 1
40 111 1
40 137 1
40 144 1
40 167 1
40 176 1
40 181 1
41 44 1
41 47 1
41 52 1
41 54 1
41 58 1
41 93 1
41 115 1
41 117 1
41 120 1
41 124 1
41 134 1
41 138 1
41 141 1
41 153 1
41 166 1
41 180 1
42 44 1
42 49 1
42 51 1
42 55 1
42 59 1
42 60 1
42 65 1
42 75 1
42 86 1
42 88 1
42 92 1
42 143 1
42 166 1
42 170 1
42 173 1
42 187 1
43 46 1
43 48 1
43 56 1
43 61 1
43 69 1
43 70 1
43 73 1
43 82 1
43 98 1
43 101 1
43 102 1
43 104 1
43 116 1
43 139 1
43 140 1
43 145 1
43 148 1
43 149 1
43 152 1
43 172 1
43 183 1
43 185 1
43 188 1
43 189 1
44 47 1
44 48 1
44 66 1
44 75 1
44 82 1
44 84 1
44 87 1
44 89 1
44 99 1
44 105 1
44 107 1
44 108 1
44 112 1
44 117 1
44 119 1
44 131 1
44 135 1
44 137 1
44 143 1
44 152 1
44 153 1
44 163 1
44 173 1
44 177 1
44 181 1
44 184 1
44 186 1
45 55 1
45 69 1
45 75 1
45 83 1
45 94 1
45 99 1
45 105 1
45 108 1
45 114 1
45 122 1
45 131 1
45 134 1
45 141 1
45 150 1
45 160 1
45 164 1
45 168 1
45 170 1
45 176 1
45 182 1
45 183 1
45 189 1
46 72 1
46 77 1
46 82 1
46 91 1
46 95 1
46 99 1
46 102 1
46 116 1
46 119 1
46 124 1
46 141 1
46 154 1
46 157 1
46 160 1
46 161 1
46 185 1
46 188 1
47 48 1
47 55 1
47 56 1
47 60 1
47 68 1
47 76 1
47 88 1
47 96 1
47 101 1
47 109 1
47 113 1
47 119 1
47 128 1
47 131 1
47 142 1
47 144 1
47 150 1
47 151 1
47 156 1
47 158 1
47 170 1
47 179 1
48 50 1
48 68 1
48 71 1
48 78 1
48 80 1
48 86 1
48 91 1
48 96 1
48 115 1
48 129 1
48 132 1
48 141 1
48 145 1
48 170 1
48 175 1
48 182 1
48 188 1
49 59 1
49 76 1
49 87 1
49 89 1
49 102 1
49 105 1
49 124 1
49 125 1
49 131 1
49 140 1
49 148 1
49 160 1
49 171 1
49 172 1
49 173 1
49 184 1
50 56 1
50 64 1
50 73 1
50 88 1
50 92 1
50 97 1
50 98 1
50 100 1
50 121 1
50 137 1
50 141 1
50 147 1
50 155 1
50 157 1
50 159 1
50 162 1
50 173 1
50 175 1
50 176 1
50 181 1
50 183 1
50 189 1
51 60 1
51 73 1
51 78 1
51 81 1
51 96 1
51 98 1
51 99 1
51 102 1
51 116 1
51 125 1
51 127 1
51 129 1
51 149 1
51 161 1
51 162 1
51 167 1
52 57 1
52 72 1
52 75 1
52 79 1
52 83 1
52 84 1
52 87 1
52 91 1
52 96 1
52 97 1
52 128 1
52 137 1
52 139 1
52 168 1
53 67 1
53 77 1
53 83 1
53 87 1
53 96 1
53 104 1
53 115 1
53 120 1
53 133 1
53 142 1
53 164 1
53 169 1
53 178 1
53 181 1
54 55 1
54 56 1
54 87 1
54 114 1
54 128 1
54 136 1
54 149 1
54 176 1
54 177 1
54 183 1
55 56 1
55 71 1
55 73 1
55 116 1
55 134 1
55 137 1
55 140 1
55 144 1
55 167 1
55 168 1
55 184 1
56 65 1
56 67 1
56 75 1
56 79 1
56 94 1
56 108 1
56 109 1
56 122 1
56 127 1
56 135 1
56 147 1
56 163 1
56 172 1
56 180 1
56 187 1
57 81 1
57 101 1
57 117 1
57 119 1
57 123 1
57 125 1
57 132 1
57 146 1
57 151 1
57 166 1
57 167 1
57 172 1
57 173 1
58 72 1
58 73 1
58 76 1
58 77 1
58 78 1
58 82 1
58 91 1
58 99 1
58 107 1
58 108 1
58 115 1
58 128 1
58 148 1
58 150 1
58 157 1
58 159 1
58 169 1
58 182 1
58 185 1
59 60 1
59 63 1
59 75 1
59 77 1
59 83 1
59 86 1
59 88 1
59 96 1
59 106 1
59 112 1
59 127 1
59 138 1
59 163 1
59 166 1
59 169 1
59 188 1
60 67 1
60 72 1
60 79 1
60 80 1
60 91 1
60 113 1
60 115 1
60 117 1
60 138 1
60 139 1
60 147 1
60 154 1
60 156 1
60 166 1
60 174 1
60 180 1
60 182 1
60 187 1
61 63 1
61 66 1
61 73 1
61 79 1
61 84 1
61 91 1
61 93 1
61 108 1
61 111 1
61 112 1
61 116 1
61 135 1
61 139 1
61 142 1
61 172 1
61 187 1
62 64 1
62 71 1
62 74 1
62 80 1
62 85 1
62 93 1
62 100 1
62 125 1
62 131 1
62 138 1
62 141 1
62 149 1
62 154 1
62 155 1
62 163 1
62 164 1
62 166 1
62 182 1
63 64 1
63 66 1
63 70 1
63 71 1
63 94 1
63 102 1
63 104 1
63 110 1
63 117 1
63 141 1
63 151 1
63 166 1
63 169 1
63 175 1
64 69 1
64 76 1
64 83 1
64 85 1
64 92 1
64 108 1
64 109 1
64 118 1
64 122 1
64 133 1
64 135 1
64 137 1
64 138 1
64 152 1
64 170 1
64 178 1
65 66 1
65 69 1
65 87 1
65 94 1
65 108 1
65 110 1
65 112 1
65 121 1
65 124 1
65 150 1
65 167 1
65 171 1
65 185 1
65 186 1
66 76 1
66 83 1
66 97 1
66 124 1
66 132 1
66 147 1
66 156 1
66 169 1
66 179 1
66 188 1
67 81 1
67 84 1
67 94 1
67 96 1
67 108 1
67 115 1
67 120 1
67 125 1
67 126 1
67 158 1
67 163 1
67 172 1
68 70 1
68 73 1
68 75 1
68 98 1
68 107 1
68 110 1
68 134 1
68 149 1
68 157 1
68 169 1
68 173 1
68 186 1
69 75 1
69 99 1
69 100 1
69 112 1
69 114 1
69 124 1
69 126 1
69 135 1
69 137 1
69 154 1
69 188 1
70 76 1
70 122 1
70 136 1
70 155 1
70 158 1
70 161 1
70 172 1
70 178 1
71 77 1
71 86 1
71 88 1
71 90 1
71 91 1
71 100 1
71 108 1
71 113 1
71 119 1
71 128 1
71 133 1
71 135 1
71 138 1
71 141 1
71 157 1
71 171 1
71 183 1
71 188 1
72 74 1
72 75 1
72 78 1
72 92 1
72 97 1
72 105 1
72 106 1
72 107 1
72 110 1
72 111 1
72 116 1
72 128 1
72 135 1
72 178 1
72 187 1
73 74 1
73 90 1
73 102 1
73 103 1
73 106 1
73 118 1
73 150 1
73 160 1
73 162 1
74 75 1
74 76 1
74 78 1
74 99 1
74 111 1
74 113 1
74 117 1
74 120 1
74 125 1
74 135 1
74 164 1
74 177 1
74 182 1
74 187 1
75 87 1
75 96 1
75 104 1
75 112 1
75 115 1
75 118 1
75 121 1
75 127 1
75 133 1
75 143 1
75 185 1
76 83 1
76 87 1
76 90 1
76 104 1
76 107 1
76 111 1
76 123 1
76 145 1
76 148 1
76 163 1
76 167 1
76 177 1
76 181 1
76 189 1
77 100 1
77 101 1
77 117 1
77 146 1
77 178 1
78 111 1
78 122 1
78 123 1
78 140 1
78 141 1
78 146 1
78 154 1
78 165 1
78 182 1
78 188 1
79 104 1
79 107 1
79 110 1
79 119 1
79 120 1
79 131 1
79 138 1
79 140 1
79 155 1
79 158 1
79 160 1
79 162 1
79 170 1
79 175 1
79 181 1
79 189 1
80 87 1
80 96 1
80 100 1
80 102 1
80 104 1
80 108 1
80 147 1
80 158 1
81 86 1
81 107 1
81 120 1
81 121 1
81 122 1
81 128 1
81 141 1
81 144 1
81 152 1
81 153 1
81 157 1
82 84 1
82 117 1
82 133 1
82 135 1
82 140 1
82 165 1
82 167 1
82 171 1
82 174 1
82 181 1
83 116 1
83 121 1
83 125 1
83 131 1
83 140 1
83 145 1
83 147 1
83 151 1
83 153 1
83 173 1
84 96 1
84 116 1
84 122 1
84 138 1
84 152 1
84 159 1
84 168 1
85 103 1
85 112 1
85 126 1
85 134 1
85 151 1
85 161 1
85 164 1
85 179 1
85 184 1
86 92 1
86 94 1
86 95 1
86 99 1
86 101 1
86 104 1
86 111 1
86 115 1
86 127 1
86 137 1
86 141 1
86 145 1
86 169 1
86 176 1
86 187 1
86 188 1
87 114 1
87 125 1
87 145 1
87 154 1
87 168 1
87 187 1
87 188 1
88 93 1
88 103 1
88 105 1
88 110 1
88 125 1
88 128 1
88 129 1
88 136 1
88 138 1
88 166 1
88 181 1
89 92 1
89 110 1
89 116 1
89 117 1
89 131 1
89 132 1
89 173 1
90 107 1
90 114 1
90 121 1
90 125 1
90 132 1
90 155 1
90 160 1
90 165 1
90 173 1
91 97 1
91 102 1
91 106 1
91 111 1
91 119 1
91 128 1
91 141 1
91 165 1
91 169 1
91 172 1
91 182 1
92 96 1
92 128 1
92 141 1
92 153 1
92 154 1
92 157 1
92 159 1
92 164 1
92 167 1
92 168 1
93 104 1
93 107 1
93 110 1
93 114 1
93 128 1
93 133 1
93 136 1
93 137 1
93 138 1
93 143 1
93 148 1
93 152 1
93 157 1
93 168 1
93 185 1
93 186 1
94 100 1
94 102 1
94 119 1
94 129 1
94 139 1
94 152 1
94 159 1
94 163 1
94 165 1
94 177 1
94 181 1
95 115 1
95 126 1
95 135 1
95 147 1
95 152 1
95 173 1
95 174 1
95 182 1
96 125 1
96 128 1
96 168 1
96 178 1
96 182 1
97 98 1
97 108 1
97 111 1
97 119 1
97 138 1
97 145 1
97 154 1
97 159 1
97 162 1
97 170 1
97 186 1
98 108 1
98 111 1
98 115 1
98 120 1
98 121 1
98 126 1
98 135 1
98 146 1
98 161 1
98 164 1
98 173 1
98 174 1
98 179 1
98 181 1
98 186 1
98 187 1
99 109 1
99 112 1
99 128 1
99 136 1
99 160 1
99 162 1
99 164 1
99 168 1
99 171 1
99 175 1
99 178 1
99 189 1
100 115 1
100 119 1
100 125 1
100 137 1
100 141 1
100 144 1
100 148 1
100 153 1
100 178 1
100 180 1
101 102 1
101 108 1
101 110 1
101 144 1
101 167 1
101 174 1
101 189 1
102 110 1
102 111 1
102 125 1
102 137 1
102 141 1
102 153 1
102 173 1
103 111 1
103 122 1
103 147 1
103 151 1
103 180 1
103 182 1
104 132 1
104 133 1
104 140 1
104 143 1
104 147 1
104 153 1
104 154 1
104 155 1
104 160 1
104 162 1
104 172 1
104 177 1
105 106 1
105 112 1
105 117 1
105 124 1
105 130 1
105 136 1
105 139 1
105 158 1
105 161 1
105 162 1
105 167 1
105 177 1
105 187 1
106 115 1
106 119 1
106 122 1
106 125 1
106 131 1
106 142 1
106 145 1
106 158 1
106 161 1
106 179 1
106 188 1
107 109 1
107 116 1
107 124 1
107 126 1
107 144 1
107 156 1
107 158 1
107 159 1
107 178 1
108 123 1
108 131 1
108 133 1
108 135 1
108 148 1
108 150 1
108 154 1
108 158 1
108 176 1
108 181 1
108 189 1
109 110 1
109 121 1
109 135 1
109 142 1
109 152 1
109 157 1
109 167 1
109 170 1
109 179 1
110 138 1
110 143 1
110 145 1
110 146 1
110 182 1
110 188 1
111 121 1
111 122 1
111 128 1
111 149 1
111 154 1
111 180 1
112 137 1
112 148 1
112 161 1
112 164 1
112 171 1
112 174 1
112 185 1
112 188 1
113 115 1
113 123 1
113 130 1
113 141 1
113 157 1
113 161 1
113 162 1
113 172 1
114 120 1
114 143 1
114 175 1
114 181 1
115 117 1
115 131 1
115 135 1
115 150 1
115 152 1
115 161 1
115 170 1
115 175 1
115 177 1
115 180 1
115 188 1
116 117 1
116 121 1
116 126 1
116 151 1
116 154 1
116 163 1
116 167 1
116 170 1
116 184 1
116 185 1
117 121 1
117 122 1
117 132 1
117 137 1
117 143 1
117 155 1
117 170 1
117 189 1
118 127 1
118 143 1
118 146 1
118 151 1
118 159 1
118 164 1
118 176 1
119 120 1
119 132 1
119 144 1
119 146 1
119 153 1
119 154 1
119 158 1
119 167 1
119 176 1
119 184 1
119 186 1
119 189 1
120 127 1
120 128 1
120 129 1
120 135 1
120 136 1
120 138 1
120 153 1
120 164 1
120 186 1
121 136 1
121 144 1
121 149 1
121 159 1
121 162 1
121 167 1
121 168 1
121 186 1
122 127 1
122 129 1
122 130 1
122 135 1
122 137 1
122 140 1
122 151 1
123 131 1
123 142 1
123 144 1
123 155 1
123 161 1
123 165 1
124 138 1
124 139 1
124 147 1
124 173 1
124 180 1
125 134 1
125 147 1
125 151 1
125 161 1
125 170 1
125 187 1
126 133 1
126 150 1
126 155 1
126 162 1
126 175 1
126 185 1
127 142 1
127 166 1
127 168 1
127 177 1
127 188 1
127 189 1
128 140 1
128 147 1
128 149 1
128 164 1
128 172 1
128 177 1
128 185 1
129 133 1
129 138 1
129 139 1
129 149 1
129 159 1
129 160 1
129 189 1
130 142 1
130 146 1
130 148 1
130 153 1
130 188 1
131 133 1
131 137 1
131 141 1
131 143 1
131 147 1
131 152 1
131 157 1
131 164 1
131 166 1
131 172 1
131 177 1
131 189 1
132 141 1
132 144 1
132 151 1
132 155 1
132 168 1
133 136 1
133 147 1
133 151 1
133 156 1
133 161 1
133 169 1
133 174 1
133 178 1
134 135 1
134 141 1
134 161 1
134 162 1
134 166 1
134 167 1
134 173 1
134 175 1
134 185 1
135 140 1
135 146 1
135 147 1
135 150 1
135 152 1
135 166 1
135 174 1
135 177 1
136 138 1
136 139 1
136 140 1
136 151 1
136 156 1
136 164 1
136 174 1
136 181 1
136 185 1
137 140 1
137 157 1
137 165 1
137 167 1
137 180 1
138 140 1
138 141 1
138 171 1
139 146 1
139 155 1
139 156 1
139 171 1
139 186 1
140 145 1
140 150 1
140 171 1
140 186 1
141 145 1
141 163 1
141 165 1
141 173 1
141 182 1
141 185 1
141 189 1
142 146 1
142 161 1
142 162 1
142 164 1
142 175 1
142 186 1
143 146 1
143 149 1
143 156 1
143 164 1
143 165 1
143 179 1
143 184 1
143 188 1
143 189 1
144 146 1
144 147 1
144 150 1
144 155 1
144 164 1
145 147 1
145 148 1
145 174 1
145 177 1
146 149 1
146 150 1
146 152 1
146 156 1
146 159 1
146 162 1
146 167 1
147 148 1
147 169 1
147 177 1
147 178 1
147 182 1
147 184 1
147 187 1
147 188 1
148 183 1
148 188 1
149 151 1
149 154 1
149 156 1
149 160 1
149 170 1
149 171 1
149 178 1
149 179 1
150 159 1
150 171 1
150 186 1
150 189 1
151 155 1
151 157 1
151 158 1
151 161 1
151 162 1
151 181 1
152 156 1
152 161 1
152 162 1
152 172 1
152 178 1
152 179 1
152 188 1
153 165 1
153 178 1
153 179 1
153 185 1
154 162 1
154 167 1
154 178 1
154 181 1
155 163 1
155 165 1
155 166 1
155 167 1
155 170 1
155 184 1
156 162 1
156 174 1
156 177 1
156 178 1
156 186 1
157 159 1
157 174 1
158 165 1
158 176 1
158 186 1
158 188 1
159 165 1
159 173 1
159 177 1
159 179 1
159 183 1
159 184 1
160 163 1
160 165 1
160 167 1
160 178 1
160 185 1
160 188 1
161 184 1
161 189 1
162 163 1
162 165 1
162 173 1
163 177 1
163 179 1
163 186 1
165 174 1
165 186 1
165 189 1
166 167 1
166 172 1
166 177 1
166 182 1
167 171 1
167 174 1
167 182 1
167 187 1
168 180 1
168 181 1
168 185 1
169 174 1
170 172 1
170 174 1
171 176 1
171 182 1
171 186 1
172 183 1
172 186 1
172 187 1
173 182 1
173 187 1
174 178 1
175 177 1
175 180 1
176 180 1
176 182 1
176 188 1
177 182 1
177 185 1
178 183 1
178 189 1
179 181 1
179 184 1
179 188 1
180 184 1
180 185 1
180 186 1
181 185 1
185 187 1
188 189 1
1
94 157 64 7 49 120 29 25 139 93 117 153 106 178 151 63 8 87 166
