1864
0 7 1
0 15 1
0 20 1
0 21 1
0 28 1
0 42 1
0 55 1
0 58 1
0 61 1
0 68 1
0 72 1
0 78 1
0 82 1
0 88 1
0 105 1
0 119 1
0 132 1
0 134 1
0 153 1
0 154 1
0 165 1
1 3 1
1 5 1
1 24 1
1 37 1
1 45 1
1 57 1
1 77 1
1 89 1
1 97 1
1 107 1
1 131 1
1 148 1
1 150 1
1 164 1
2 3 1
2 41 1
2 49 1
2 51 1
2 58 1
2 61 1
2 64 1
2 65 1
2 76 1
2 89 1
2 109 1
2 134 1
2 139 1
2 145 1
2 146 1
2 156 1
2 165 1
3 5 1
3 18 1
3 34 1
3 38 1
3 62 1
3 63 1
3 74 1
3 77 1
3 86 1
3 93 1
3 98 1
3 101 1
3 106 1
3 107 1
3 109 1
3 112 1
3 121 1
3 127 1
3 130 1
3 131 1
3 140 1
3 157 1
3 171 1
3 174 1
4 13 1
4 25 1
4 56 1
4 57 1
4 59 1
4 77 1
4 90 1
4 95 1
4 98 1
4 136 1
4 145 1
4 146 1
4 151 1
4 158 1
5 21 1
5 25 1
5 38 1
5 47 1
5 51 1
5 77 1
5 87 1
5 117 1
5 118 1
5 142 1
5 153 1
5 157 1
5 165 1
5 167 1
5 177 1
5 179 1
6 31 1
6 46 1
6 48 1
6 49 1
6 61 1
6 63 1
6 68 1
6 76 1
6 96 1
6 101 1
6 109 1
6 126 1
6 150 1
6 161 1
6 162 1
6 164 1
6 177 1
6 178 1
7 9 1
7 17 1
7 27 1
7 36 1
7 43 1
7 46 1
7 61 1
7 66 1
7 67 1
7 79 1
7 83 1
7 90 1
7 98 1
7 105 1
7 112 1
7 124 1
7 126 1
7 128 1
7 143 1
7 153 1
7 155 1
7 157 1
7 158 1
7 159 1
7 163 1
7 168 1
7 169 1
7 172 1
7 179 1
8 13 1
8 27 1
8 41 1
8 52 1
8 57 1
8 61 1
8 71 1
8 83 1
8 91 1
8 113 1
8 128 1
8 145 1
8 155 1
8 157 1
8 159 1
8 167 1
8 176 1
9 11 1
9 18 1
9 27 1
9 39 1
9 45 1
9 55 1
9 57 1
9 58 1
9 65 1
9 68 1
9 73 1
9 81 1
9 86 1
9 87 1
9 103 1
9 123 1
9 125 1
9 137 1
10 12 1
10 13 1
10 27 1
10 33 1
10 38 1
10 48 1
10 55 1
10 56 1
10 59 1
10 77 1
10 78 1
10 83 1
10 85 1
10 86 1
10 87 1
10 136 1
10 138 1
10 139 1
10 147 1
10 148 1
10 168 1
10 174 1
11 13 1
11 23 1
11 25 1
11 38 1
11 39 1
11 40 1
11 47 1
11 53 1
11 60 1
11 65 1
11 74 1
11 90 1
11 111 1
11 122 1
11 131 1
11 157 1
11 169 1
11 179 1
12 23 1
12 26 1
12 49 1
12 68 1
12 69 1
12 75 1
12 88 1
12 97 1
12 102 1
12 104 1
12 119 1
12 120 1
12 122 1
12 131 1
12 145 1
12 168 1
12 169 1
13 20 1
13 27 1
13 28 1
13 29 1
13 59 1
13 66 1
13 74 1
13 77 1
13 101 1
13 106 1
13 116 1
13 124 1
13 127 1
13 133 1
13 148 1
13 154 1
13 156 1
13 159 1
13 164 1
14 18 1
14 25 1
14 32 1
14 40 1
14 47 1
14 50 1
14 57 1
14 67 1
14 86 1
14 95 1
14 109 1
14 117 1
14 122 1
14 125 1
14 133 1
14 144 1
14 145 1
14 147 1
14 156 1
14 163 1
14 171 1
14 175 1
15 33 1
15 45 1
15 50 1
15 51 1
15 56 1
15 58 1
15 67 1
15 95 1
15 119 1
15 134 1
15 141 1
15 151 1
15 156 1
15 160 1
15 172 1
16 28 1
16 32 1
16 35 1
16 65 1
16 77 1
16 84 1
16 94 1
16 112 1
16 128 1
16 137 1
16 139 1
16 143 1
16 158 1
16 178 1
17 18 1
17 43 1
17 49 1
17 64 1
17 78 1
17 84 1
17 92 1
17 112 1
17 114 1
17 137 1
17 146 1
17 153 1
17 156 1
17 161 1
17 164 1
17 167 1
17 169 1
17 171 1
18 34 1
18 46 1
18 52 1
18 63 1
18 64 1
18 84 1
18 89 1
18 97 1
18 121 1
18 127 1
18 133 1
18 158 1
18 163 1
18 166 1
19 22 1
19 31 1
19 35 1
19 42 1
19 51 1
19 68 1
19 75 1
19 77 1
19 88 1
19 99 1
19 100 1
19 119 1
19 120 1
19 121 1
19 126 1
19 127 1
19 136 1
19 151 1
19 163 1
19 165 1
20 25 1
20 33 1
20 38 1
20 47 1
20 86 1
20 87 1
20 88 1
20 99 1
20 129 1
20 139 1
20 140 1
20 142 1
20 151 1
20 153 1
20 161 1
20 166 1
20 173 1
20 175 1
20 176 1
20 179 1
21 30 1
21 37 1
21 44 1
21 68 1
21 76 1
21 92 1
21 104 1
21 112 1
21 127 1
21 129 1
21 133 1
21 137 1
21 160 1
21 168 1
21 174 1
21 177 1
21 179 1
22 67 1
22 76 1
22 92 1
22 100 1
22 106 1
22 117 1
22 118 1
22 119 1
22 129 1
22 147 1
22 149 1
22 153 1
22 168 1
22 173 1
23 25 1
23 28 1
23 30 1
23 34 1
23 37 1
23 54 1
23 71 1
23 74 1
23 78 1
23 88 1
23 93 1
23 110 1
23 120 1
23 124 1
23 129 1
23 144 1
23 148 1
23 154 1
24 26 1
24 30 1
24 46 1
24 47 1
24 57 1
24 58 1
24 63 1
24 81 1
24 98 1
24 101 1
24 108 1
24 128 1
24 129 1
24 133 1
24 145 1
24 146 1
24 154 1
24 156 1
24 157 1
24 159 1
24 165 1
24 167 1
24 170 1
24 178 1
25 34 1
25 43 1
25 73 1
25 79 1
25 100 1
25 111 1
25 140 1
25 142 1
25 143 1
25 149 1
25 156 1
25 173 1
26 27 1
26 42 1
26 66 1
26 73 1
26 81 1
26 118 1
26 121 1
26 122 1
26 125 1
26 128 1
26 147 1
26 152 1
26 157 1
26 165 1
27 52 1
27 62 1
27 70 1
27 71 1
27 75 1
27 80 1
27 103 1
27 109 1
27 124 1
27 125 1
27 126 1
27 144 1
27 148 1
27 155 1
27 163 1
28 30 1
28 33 1
28 45 1
28 48 1
28 49 1
28 56 1
28 57 1
28 61 1
28 63 1
28 67 1
28 78 1
28 82 1
28 83 1
28 85 1
28 105 1
28 108 1
28 121 1
28 146 1
28 168 1
29 37 1
29 38 1
29 49 1
29 60 1
29 72 1
29 75 1
29 89 1
29 92 1
29 107 1
29 113 1
29 120 1
29 125 1
29 131 1
29 140 1
29 155 1
29 159 1
29 175 1
30 39 1
30 62 1
30 73 1
30 88 1
30 91 1
30 97 1
30 106 1
30 123 1
30 146 1
30 148 1
30 153 1
30 158 1
30 164 1
30 170 1
30 175 1
30 177 1
31 33 1
31 48 1
31 60 1
31 65 1
31 71 1
31 73 1
31 74 1
31 76 1
31 83 1
31 102 1
31 150 1
31 160 1
31 162 1
31 166 1
31 169 1
31 175 1
32 36 1
32 52 1
32 83 1
32 89 1
32 109 1
32 134 1
32 148 1
32 151 1
32 161 1
32 166 1
32 169 1
32 178 1
32 179 1
33 39 1
33 40 1
33 50 1
33 69 1
33 83 1
33 93 1
33 110 1
33 118 1
33 122 1
33 155 1
33 160 1
33 165 1
33 175 1
34 38 1
34 44 1
34 45 1
34 47 1
34 51 1
34 56 1
34 67 1
34 87 1
34 89 1
34 95 1
34 102 1
34 105 1
34 111 1
34 120 1
34 121 1
34 129 1
34 136 1
34 150 1
34 165 1
34 168 1
34 173 1
35 41 1
35 65 1
35 75 1
35 81 1
35 84 1
35 89 1
35 110 1
35 128 1
35 140 1
35 146 1
35 149 1
35 156 1
35 158 1
35 162 1
35 165 1
35 169 1
35 173 1
35 178 1
36 49 1
36 50 1
36 53 1
36 61 1
36 71 1
36 72 1
36 77 1
36 102 1
36 105 1
36 109 1
36 114 1
36 141 1
36 151 1
36 154 1
36 157 1
36 161 1
36 165 1
36 175 1
36 178 1
36 179 1
37 57 1
37 58 1
37 64 1
37 80 1
37 83 1
37 85 1
37 88 1
37 89 1
37 100 1
37 101 1
37 103 1
37 123 1
37 132 1
37 140 1
37 148 1
37 155 1
37 165 1
37 170 1
37 175 1
37 177 1
38 42 1
38 55 1
38 68 1
38 69 1
38 80 1
38 92 1
38 104 1
38 116 1
38 119 1
38 122 1
38 135 1
38 136 1
38 138 1
38 141 1
38 163 1
38 173 1
38 179 1
39 43 1
39 48 1
39 53 1
39 56 1
39 59 1
39 61 1
39 65 1
39 82 1
39 83 1
39 87 1
39 96 1
39 118 1
39 119 1
39 144 1
39 147 1
39 179 1
40 42 1
40 45 1
40 52 1
40 53 1
40 63 1
40 70 1
40 73 1
40 74 1
40 126 1
40 127 1
40 135 1
40 138 1
40 142 1
40 147 1
40 157 1
40 159 1
40 163 1
40 165 1
40 166 1
40 177 1
41 47 1
41 54 1
41 68 1
41 89 1
41 92 1
41 94 1
41 111 1
41 134 1
41 139 1
41 157 1
41 168 1
41 173 1
42 59 1
42 62 1
42 92 1
42 133 1
42 138 1
42 153 1
42 154 1
42 169 1
43 59 1
43 62 1
43 65 1
43 66 1
43 76 1
43 78 1
43 80 1
43 85 1
43 91 1
43 94 1
43 110 1
43 118 1
43 123 1
43 140 1
43 147 1
43 151 1
43 153 1
43 154 1
43 164 1
43 165 1
43 173 1
44 46 1
44 60 1
44 76 1
44 77 1
44 84 1
44 87 1
44 89 1
44 118 1
44 130 1
44 139 1
44 142 1
44 155 1
44 156 1
44 170 1
44 177 1
45 63 1
45 65 1
45 70 1
45 84 1
45 92 1
45 99 1
45 108 1
45 116 1
45 122 1
45 131 1
45 134 1
45 141 1
45 143 1
45 144 1
45 155 1
45 171 1
45 172 1
46 52 1
46 56 1
46 60 1
46 78 1
46 79 1
46 84 1
46 88 1
46 99 1
46 101 1
46 117 1
46 123 1
46 145 1
46 149 1
46 163 1
46 164 1
47 49 1
47 62 1
47 64 1
47 79 1
47 83 1
47 86 1
47 90 1
47 113 1
47 120 1
47 127 1
47 140 1
47 141 1
47 155 1
47 160 1
47 172 1
48 49 1
48 57 1
48 58 1
48 62 1
48 63 1
48 78 1
48 84 1
48 85 1
48 91 1
48 96 1
48 98 1
48 102 1
48 104 1
48 109 1
48 127 1
48 128 1
48 142 1
48 166 1
48 171 1
49 50 1
49 121 1
49 126 1
49 135 1
49 142 1
49 164 1
49 167 1
49 168 1
49 171 1
49 173 1
50 52 1
50 53 1
50 74 1
50 84 1
50 90 1
50 92 1
50 101 1
50 109 1
50 114 1
50 122 1
50 126 1
50 140 1
50 165 1
50 170 1
50 172 1
50 177 1
51 65 1
51 67 1
51 74 1
51 87 1
51 94 1
51 111 1
51 112 1
51 124 1
51 126 1
51 148 1
51 155 1
51 157 1
51 178 1
52 57 1
52 60 1
52 61 1
52 72 1
52 108 1
52 109 1
52 139 1
52 141 1
52 157 1
52 162 1
52 167 1
52 170 1
52 172 1
52 174 1
52 177 1
53 58 1
53 61 1
53 67 1
53 72 1
53 108 1
53 120 1
54 55 1
54 58 1
54 59 1
54 68 1
54 70 1
54 80 1
54 81 1
54 88 1
54 96 1
54 117 1
54 118 1
54 119 1
54 123 1
54 128 1
54 145 1
54 157 1
54 158 1
54 179 1
55 57 1
55 59 1
55 61 1
55 84 1
55 91 1
55 100 1
55 117 1
55 130 1
55 131 1
55 146 1
55 150 1
55 159 1
55 179 1
56 71 1
56 81 1
56 86 1
56 87 1
56 91 1
56 93 1
56 94 1
56 98 1
56 109 1
56 126 1
56 131 1
56 132 1
56 135 1
56 139 1
56 163 1
56 164 1
56 168 1
56 175 1
57 60 1
57 61 1
57 62 1
57 75 1
57 110 1
57 112 1
57 113 1
57 117 1
57 122 1
57 152 1
57 167 1
57 170 1
58 62 1
58 68 1
58 74 1
58 111 1
58 119 1
58 134 1
58 135 1
58 147 1
58 148 1
58 155 1
58 168 1
58 173 1
59 69 1
59 71 1
59 77 1
59 80 1
59 87 1
59 90 1
59 96 1
59 98 1
59 104 1
59 108 1
59 109 1
59 116 1
59 139 1
59 146 1
59 160 1
59 179 1
60 64 1
60 74 1
60 79 1
60 83 1
60 94 1
60 95 1
60 96 1
60 103 1
60 106 1
60 118 1
60 120 1
60 121 1
60 128 1
60 144 1
60 155 1
61 63 1
61 69 1
61 77 1
61 107 1
61 120 1
61 123 1
61 125 1
61 126 1
61 130 1
61 144 1
61 145 1
61 156 1
61 172 1
61 179 1
62 66 1
62 82 1
62 87 1
62 89 1
62 92 1
62 110 1
62 120 1
62 124 1
62 141 1
62 144 1
62 153 1
62 160 1
63 67 1
63 80 1
63 88 1
63 106 1
63 109 1
63 113 1
63 120 1
63 122 1
63 129 1
63 130 1
63 137 1
63 139 1
63 157 1
63 176 1
64 70 1
64 77 1
64 91 1
64 102 1
64 103 1
64 122 1
64 134 1
64 135 1
64 139 1
64 145 1
64 150 1
64 152 1
64 174 1
65 73 1
65 74 1
65 75 1
65 84 1
65 86 1
65 88 1
65 104 1
65 109 1
65 110 1
65 161 1
65 166 1
65 174 1
66 69 1
66 90 1
66 103 1
66 104 1
66 111 1
66 112 1
66 113 1
66 127 1
66 140 1
66 144 1
66 145 1
66 147 1
66 150 1
66 160 1
66 169 1
66 177 1
66 178 1
67 75 1
67 81 1
67 82 1
67 85 1
67 88 1
67 98 1
67 112 1
67 113 1
67 122 1
67 147 1
67 149 1
68 83 1
68 84 1
68 87 1
68 88 1
68 102 1
68 143 1
68 144 1
68 146 1
68 155 1
68 160 1
69 78 1
69 87 1
69 92 1
69 105 1
69 115 1
69 131 1
69 138 1
69 139 1
69 148 1
69 178 1
70 79 1
70 89 1
70 95 1
70 96 1
70 99 1
70 102 1
70 107 1
70 109 1
70 112 1
70 116 1
70 127 1
70 128 1
70 130 1
70 147 1
70 149 1
70 159 1
70 164 1
70 172 1
71 72 1
71 95 1
71 106 1
71 123 1
71 140 1
71 143 1
71 148 1
71 151 1
71 157 1
71 158 1
71 167 1
71 168 1
71 173 1
72 89 1
72 90 1
72 92 1
72 95 1
72 117 1
72 138 1
72 144 1
72 164 1
72 166 1
72 178 1
73 79 1
73 93 1
73 106 1
73 121 1
73 123 1
73 133 1
73 137 1
73 138 1
73 145 1
73 150 1
73 152 1
73 153 1
73 160 1
74 83 1
74 96 1
74 99 1
74 104 1
74 105 1
74 108 1
74 126 1
74 130 1
74 137 1
74 146 1
74 156 1
75 80 1
75 82 1
75 83 1
75 94 1
75 103 1
75 105 1
75 114 1
75 115 1
75 131 1
75 132 1
75 135 1
75 148 1
75 163 1
75 166 1
75 172 1
76 83 1
76 90 1
76 92 1
76 103 1
76 111 1
76 112 1
76 113 1
76 128 1
76 141 1
76 158 1
76 159 1
76 164 1
76 165 1
76 175 1
77 78 1
77 101 1
77 106 1
77 117 1
77 128 1
77 134 1
77 144 1
77 148 1
77 155 1
77 160 1
77 166 1
77 167 1
78 100 1
78 109 1
78 111 1
78 113 1
78 116 1
78 118 1
78 126 1
78 133 1
78 145 1
78 154 1
78 156 1
78 157 1
78 160 1
78 164 1
78 170 1
79 82 1
79 116 1
79 124 1
79 135 1
79 142 1
79 145 1
79 163 1
79 168 1
79 174 1
80 103 1
80 109 1
80 121 1
80 166 1
81 89 1
81 102 1
81 105 1
81 109 1
81 113 1
81 129 1
81 137 1
81 145 1
81 168 1
81 171 1
82 83 1
82 87 1
82 91 1
82 93 1
82 97 1
82 99 1
82 106 1
82 107 1
82 118 1
82 120 1
82 137 1
82 141 1
82 159 1
82 160 1
82 166 1
83 88 1
83 100 1
83 101 1
83 113 1
83 119 1
83 121 1
83 126 1
83 128 1
83 156 1
83 168 1
83 178 1
84 106 1
84 110 1
84 111 1
84 115 1
84 119 1
84 142 1
84 145 1
84 153 1
84 161 1
85 97 1
85 106 1
85 111 1
85 118 1
85 140 1
85 170 1
86 106 1
86 113 1
86 118 1
86 120 1
86 121 1
86 130 1
86 131 1
86 148 1
86 155 1
86 156 1
86 159 1
86 165 1
87 96 1
87 100 1
87 125 1
87 151 1
87 160 1
87 161 1
87 172 1
88 90 1
88 93 1
88 94 1
88 96 1
88 117 1
88 119 1
88 122 1
88 128 1
88 130 1
88 139 1
88 152 1
88 167 1
89 91 1
89 133 1
89 137 1
89 142 1
89 158 1
89 161 1
89 166 1
89 168 1
89 173 1
90 107 1
90 109 1
90 115 1
90 119 1
90 133 1
90 141 1
90 143 1
90 155 1
90 161 1
90 167 1
90 169 1
90 174 1
90 177 1
91 95 1
91 131 1
91 139 1
91 150 1
91 170 1
92 95 1
92 103 1
92 109 1
92 111 1
92 129 1
92 130 1
92 133 1
92 137 1
92 144 1
92 146 1
92 158 1
92 160 1
92 163 1
92 173 1
92 174 1
93 103 1
93 107 1
93 108 1
93 120 1
93 126 1
93 144 1
93 152 1
93 159 1
93 162 1
93 165 1
93 178 1
94 96 1
94 99 1
94 108 1
94 115 1
94 152 1
94 157 1
94 166 1
94 173 1
94 176 1
95 100 1
95 126 1
95 143 1
95 144 1
95 158 1
95 161 1
95 163 1
95 167 1
95 171 1
95 172 1
96 107 1
96 108 1
96 117 1
96 119 1
96 121 1
96 122 1
96 123 1
96 134 1
96 140 1
96 151 1
96 163 1
96 166 1
96 167 1
96 173 1
97 101 1
97 105 1
97 111 1
97 120 1
97 126 1
97 132 1
97 133 1
97 160 1
97 165 1
98 121 1
98 139 1
98 146 1
98 150 1
98 155 1
98 164 1
98 173 1
99 122 1
99 133 1
99 136 1
99 138 1
99 139 1
99 144 1
99 146 1
99 164 1
99 167 1
99 168 1
99 177 1
100 101 1
100 104 1
100 123 1
100 142 1
100 145 1
100 146 1
100 148 1
100 151 1
100 152 1
100 160 1
100 162 1
100 173 1
101 107 1
101 108 1
101 117 1
101 122 1
101 124 1
101 133 1
101 154 1
102 114 1
102 126 1
102 132 1
102 141 1
102 142 1
102 144 1
102 146 1
102 162 1
102 163 1
102 175 1
103 104 1
103 115 1
103 133 1
103 138 1
103 146 1
103 149 1
103 164 1
103 173 1
103 177 1
103 178 1
104 118 1
104 129 1
104 131 1
104 137 1
104 138 1
104 148 1
104 170 1
104 173 1
104 175 1
105 111 1
105 125 1
105 132 1
105 135 1
105 139 1
105 150 1
105 159 1
105 164 1
105 167 1
106 139 1
106 141 1
106 145 1
106 150 1
106 157 1
106 168 1
106 179 1
107 120 1
107 128 1
107 129 1
107 130 1
107 133 1
107 137 1
107 139 1
107 147 1
107 150 1
107 161 1
107 165 1
107 173 1
108 122 1
108 124 1
108 125 1
108 133 1
108 137 1
108 140 1
108 149 1
108 157 1
108 173 1
108 178 1
109 123 1
109 127 1
109 146 1
109 157 1
109 162 1
109 173 1
110 141 1
110 155 1
110 159 1
110 161 1
110 164 1
110 178 1
111 114 1
111 122 1
111 126 1
111 129 1
111 131 1
111 134 1
111 141 1
111 146 1
111 165 1
111 176 1
112 123 1
112 126 1
113 115 1
113 122 1
113 124 1
113 130 1
113 135 1
113 145 1
113 159 1
113 161 1
113 164 1
113 165 1
113 171 1
113 173 1
114 115 1
114 126 1
114 131 1
114 139 1
114 149 1
114 151 1
114 157 1
114 161 1
114 169 1
114 170 1
114 174 1
114 176 1
114 177 1
115 116 1
115 117 1
115 118 1
115 119 1
115 124 1
115 134 1
115 136 1
115 138 1
115 140 1
115 143 1
115 145 1
115 153 1
115 164 1
115 167 1
115 171 1
115 178 1
116 128 1
116 133 1
116 142 1
116 157 1
116 162 1
116 164 1
116 167 1
116 176 1
117 124 1
117 132 1
117 140 1
117 143 1
117 176 1
118 135 1
118 144 1
118 159 1
118 162 1
118 164 1
118 171 1
118 174 1
118 176 1
119 126 1
119 141 1
119 145 1
119 155 1
119 165 1
119 174 1
120 122 1
120 125 1
120 133 1
120 136 1
120 145 1
120 146 1
120 163 1
120 165 1
120 170 1
120 175 1
120 178 1
121 123 1
121 127 1
121 129 1
121 131 1
121 168 1
122 126 1
122 128 1
122 137 1
122 176 1
123 131 1
123 143 1
123 148 1
123 150 1
123 176 1
124 130 1
124 139 1
124 141 1
124 142 1
124 146 1
124 153 1
124 157 1
124 172 1
125 129 1
125 130 1
125 138 1
125 139 1
125 141 1
125 148 1
125 151 1
125 153 1
125 162 1
126 160 1
126 173 1
126 174 1
127 131 1
127 142 1
127 174 1
127 175 1
127 179 1
128 130 1
128 133 1
128 136 1
128 137 1
128 140 1
128 141 1
128 151 1
128 158 1
128 163 1
129 133 1
129 152 1
129 159 1
129 166 1
130 137 1
130 139 1
130 141 1
130 142 1
130 160 1
130 161 1
130 162 1
130 169 1
130 174 1
130 176 1
131 132 1
131 157 1
131 159 1
131 163 1
131 167 1
131 168 1
131 171 1
131 179 1
132 150 1
132 166 1
132 172 1
132 176 1
133 134 1
133 141 1
133 149 1
133 172 1
134 142 1
134 179 1
135 159 1
135 177 1
136 138 1
136 142 1
136 147 1
136 151 1
136 162 1
136 163 1
136 176 1
136 178 1
137 159 1
137 163 1
137 164 1
137 168 1
137 172 1
137 174 1
137 177 1
138 145 1
138 149 1
138 155 1
138 165 1
138 170 1
139 154 1
139 156 1
139 178 1
140 152 1
140 155 1
140 159 1
141 150 1
141 151 1
141 160 1
141 164 1
141 167 1
141 173 1
141 178 1
141 179 1
142 152 1
142 170 1
142 179 1
143 147 1
143 152 1
143 168 1
143 172 1
143 179 1
144 148 1
144 149 1
144 151 1
144 167 1
144 171 1
144 172 1
145 146 1
145 163 1
145 166 1
145 168 1
145 169 1
145 170 1
145 171 1
145 177 1
146 168 1
146 170 1
147 162 1
147 171 1
148 157 1
148 159 1
148 162 1
148 164 1
148 173 1
148 174 1
149 151 1
149 154 1
149 155 1
149 167 1
149 170 1
149 172 1
149 179 1
150 158 1
150 175 1
151 152 1
151 155 1
151 158 1
151 168 1
151 172 1
151 177 1
152 162 1
152 166 1
152 174 1
152 179 1
153 163 1
153 171 1
153 173 1
153 176 1
153 178 1
153 179 1
154 160 1
154 178 1
155 166 1
155 168 1
155 170 1
155 172 1
155 177 1
156 160 1
156 168 1
156 173 1
156 176 1
157 163 1
157 165 1
158 161 1
158 166 1
158 171 1
158 172 1
158 178 1
159 167 1
159 173 1
159 177 1
159 179 1
160 169 1
161 169 1
161 172 1
162 172 1
162 176 1
163 168 1
164 172 1
164 175 1
164 178 1
165 167 1
165 169 1
165 170 1
165 171 1
166 172 1
167 171 1
167 174 1
167 179 1
168 178 1
168 179 1
169 170 1
170 177 1
170 178 1
171 176 1
173 178 1
174 175 1
1
69 88 173 43 171 169 41 71 151 159 23 86 54 135 132 167 35 1
