1113
0 1 1
0 7 1
0 15 1
0 18 1
0 21 1
0 29 1
0 47 1
0 48 1
0 50 1
0 57 1
0 65 1
0 70 1
0 98 1
0 102 1
0 103 1
0 108 1
1 5 1
1 7 1
1 9 1
1 11 1
1 14 1
1 21 1
1 25 1
1 26 1
1 27 1
1 32 1
1 43 1
1 47 1
1 49 1
1 66 1
1 75 1
1 78 1
1 81 1
1 82 1
1 87 1
1 90 1
1 93 1
1 100 1
1 110 1
1 119 1
2 9 1
2 10 1
2 14 1
2 20 1
2 21 1
2 36 1
2 50 1
2 62 1
2 76 1
2 83 1
2 87 1
2 100 1
2 114 1
3 4 1
3 16 1
3 21 1
3 24 1
3 27 1
3 35 1
3 37 1
3 43 1
3 44 1
3 45 1
3 46 1
3 48 1
3 53 1
3 61 1
3 73 1
3 81 1
3 82 1
3 86 1
3 95 1
3 106 1
3 110 1
3 115 1
3 118 1
4 8 1
4 9 1
4 12 1
4 25 1
4 28 1
4 31 1
4 34 1
4 41 1
4 43 1
4 51 1
4 56 1
4 58 1
4 81 1
4 83 1
4 87 1
4 93 1
4 95 1
4 96 1
4 109 1
4 115 1
5 8 1
5 12 1
5 21 1
5 23 1
5 37 1
5 45 1
5 56 1
5 60 1
5 62 1
5 66 1
5 70 1
5 77 1
5 84 1
5 87 1
5 90 1
5 107 1
5 108 1
5 113 1
5 116 1
6 7 1
6 19 1
6 30 1
6 33 1
6 48 1
6 49 1
6 50 1
6 52 1
6 56 1
6 60 1
6 66 1
6 71 1
6 72 1
6 74 1
6 79 1
6 103 1
6 104 1
6 114 1
6 116 1
6 118 1
7 13 1
7 17 1
7 37 1
7 38 1
7 64 1
7 69 1
7 72 1
7 80 1
7 83 1
8 11 1
8 16 1
8 18 1
8 35 1
8 39 1
8 53 1
8 63 1
8 68 1
8 72 1
8 76 1
8 77 1
8 78 1
8 92 1
8 97 1
8 101 1
8 103 1
8 104 1
9 13 1
9 19 1
9 21 1
9 24 1
9 28 1
9 29 1
9 40 1
9 47 1
9 59 1
9 61 1
9 66 1
9 73 1
9 86 1
9 96 1
9 105 1
9 118 1
9 119 1
10 12 1
10 13 1
10 14 1
10 16 1
10 28 1
10 42 1
10 47 1
10 59 1
10 60 1
10 63 1
10 67 1
10 72 1
10 77 1
10 80 1
10 82 1
10 83 1
10 87 1
10 90 1
10 93 1
10 104 1
10 105 1
10 111 1
10 114 1
11 19 1
11 25 1
11 31 1
11 33 1
11 34 1
11 38 1
11 41 1
11 43 1
11 44 1
11 49 1
11 55 1
11 57 1
11 60 1
11 65 1
11 66 1
11 67 1
11 72 1
11 83 1
11 86 1
11 91 1
11 97 1
11 101 1
11 102 1
11 108 1
11 118 1
11 119 1
12 17 1
12 21 1
12 25 1
12 27 1
12 28 1
12 35 1
12 36 1
12 39 1
12 45 1
12 49 1
12 58 1
12 59 1
12 68 1
12 73 1
12 76 1
12 83 1
12 84 1
12 85 1
12 90 1
12 91 1
12 93 1
12 99 1
12 100 1
12 115 1
12 117 1
13 14 1
13 17 1
13 29 1
13 38 1
13 39 1
13 44 1
13 61 1
13 63 1
13 66 1
13 69 1
13 70 1
13 74 1
13 79 1
13 87 1
13 95 1
13 97 1
13 101 1
13 112 1
13 119 1
14 21 1
14 34 1
14 35 1
14 39 1
14 44 1
14 49 1
14 53 1
14 54 1
14 62 1
14 64 1
14 68 1
14 71 1
14 79 1
14 84 1
14 86 1
14 87 1
14 88 1
14 95 1
14 100 1
14 107 1
14 110 1
14 114 1
14 115 1
14 119 1
15 24 1
15 30 1
15 32 1
15 35 1
15 39 1
15 57 1
15 60 1
15 63 1
15 67 1
15 78 1
15 80 1
15 87 1
15 99 1
15 103 1
15 114 1
16 18 1
16 22 1
16 24 1
16 29 1
16 38 1
16 53 1
16 72 1
16 89 1
16 94 1
16 96 1
16 114 1
17 24 1
17 26 1
17 28 1
17 36 1
17 42 1
17 50 1
17 58 1
17 62 1
17 68 1
17 74 1
17 75 1
17 76 1
17 85 1
17 93 1
17 94 1
17 95 1
17 100 1
17 102 1
17 117 1
18 22 1
18 37 1
18 38 1
18 61 1
18 63 1
18 71 1
18 73 1
18 81 1
18 88 1
18 97 1
18 102 1
18 110 1
18 117 1
19 20 1
19 23 1
19 24 1
19 28 1
19 29 1
19 33 1
19 37 1
19 39 1
19 44 1
19 46 1
19 47 1
19 53 1
19 56 1
19 65 1
19 71 1
19 84 1
19 89 1
19 92 1
19 119 1
20 22 1
20 23 1
20 26 1
20 35 1
20 41 1
20 44 1
20 45 1
20 46 1
20 60 1
20 63 1
20 68 1
20 74 1
20 87 1
20 93 1
20 95 1
20 101 1
20 102 1
20 104 1
20 110 1
20 111 1
20 114 1
21 28 1
21 39 1
21 43 1
21 71 1
21 74 1
21 80 1
21 86 1
21 93 1
21 94 1
21 95 1
21 101 1
21 103 1
21 105 1
21 109 1
21 110 1
21 111 1
22 29 1
22 46 1
22 47 1
22 48 1
22 53 1
22 60 1
22 64 1
22 67 1
22 81 1
22 91 1
22 105 1
22 106 1
22 115 1
23 24 1
23 51 1
23 52 1
23 56 1
23 59 1
23 75 1
23 81 1
23 85 1
23 86 1
23 105 1
23 106 1
23 109 1
23 111 1
23 114 1
24 27 1
24 33 1
24 44 1
24 46 1
24 51 1
24 62 1
24 66 1
24 75 1
24 76 1
24 108 1
24 119 1
25 29 1
25 33 1
25 40 1
25 42 1
25 45 1
25 47 1
25 54 1
25 65 1
25 79 1
25 93 1
25 99 1
25 105 1
25 107 1
25 112 1
25 115 1
26 57 1
26 81 1
26 93 1
26 96 1
26 97 1
26 107 1
26 109 1
26 112 1
26 116 1
27 35 1
27 41 1
27 46 1
27 54 1
27 60 1
27 74 1
27 86 1
27 93 1
27 101 1
27 111 1
27 114 1
28 31 1
28 49 1
28 57 1
28 60 1
28 63 1
28 67 1
28 70 1
28 96 1
28 102 1
28 105 1
28 116 1
29 32 1
29 37 1
29 45 1
29 47 1
29 54 1
29 57 1
29 58 1
29 59 1
29 79 1
29 81 1
29 83 1
29 98 1
29 101 1
30 36 1
30 43 1
30 55 1
30 62 1
30 68 1
30 69 1
30 72 1
30 77 1
30 80 1
30 81 1
30 85 1
30 90 1
30 102 1
30 103 1
30 105 1
30 107 1
30 113 1
30 115 1
31 32 1
31 39 1
31 53 1
31 55 1
31 63 1
31 79 1
31 84 1
31 87 1
31 90 1
31 95 1
31 103 1
31 105 1
31 107 1
31 114 1
32 33 1
32 50 1
32 51 1
32 54 1
32 63 1
32 69 1
32 70 1
32 74 1
32 84 1
32 88 1
32 89 1
32 93 1
32 96 1
32 100 1
32 104 1
32 110 1
32 113 1
32 118 1
33 37 1
33 38 1
33 41 1
33 53 1
33 71 1
33 73 1
33 78 1
33 80 1
33 81 1
33 88 1
33 103 1
33 105 1
33 107 1
33 110 1
33 113 1
33 116 1
33 118 1
33 119 1
34 35 1
34 36 1
34 44 1
34 45 1
34 60 1
34 61 1
34 70 1
34 91 1
34 94 1
34 98 1
34 119 1
35 43 1
35 53 1
35 70 1
35 72 1
35 75 1
35 77 1
35 78 1
35 114 1
35 115 1
35 118 1
36 60 1
36 72 1
36 75 1
36 99 1
36 104 1
36 110 1
37 39 1
37 42 1
37 51 1
37 64 1
37 66 1
37 67 1
37 75 1
37 86 1
37 93 1
37 98 1
37 112 1
37 117 1
37 118 1
37 119 1
38 42 1
38 46 1
38 53 1
38 55 1
38 56 1
38 59 1
38 66 1
38 68 1
38 78 1
38 85 1
38 86 1
38 90 1
38 105 1
38 108 1
39 49 1
39 52 1
39 54 1
39 70 1
39 71 1
39 76 1
39 88 1
39 92 1
40 46 1
40 51 1
40 54 1
40 55 1
40 62 1
40 65 1
40 70 1
40 74 1
40 78 1
40 79 1
40 87 1
40 99 1
40 104 1
40 109 1
40 111 1
41 43 1
41 53 1
41 70 1
41 76 1
41 80 1
41 88 1
41 90 1
41 91 1
41 92 1
41 112 1
41 118 1
42 43 1
42 49 1
42 59 1
42 64 1
42 71 1
42 79 1
42 91 1
42 95 1
42 105 1
42 111 1
42 114 1
42 115 1
43 51 1
43 67 1
43 72 1
43 73 1
43 83 1
43 87 1
43 89 1
43 90 1
43 96 1
44 45 1
44 52 1
44 53 1
44 64 1
44 65 1
44 91 1
44 107 1
44 109 1
44 111 1
45 49 1
45 56 1
45 58 1
45 64 1
45 69 1
45 75 1
45 79 1
45 85 1
45 95 1
46 49 1
46 50 1
46 54 1
46 56 1
46 57 1
46 61 1
46 71 1
46 96 1
46 98 1
46 100 1
46 102 1
46 107 1
46 115 1
46 117 1
47 57 1
47 60 1
47 66 1
47 67 1
47 79 1
47 90 1
47 97 1
47 106 1
47 110 1
47 116 1
48 52 1
48 54 1
48 64 1
48 65 1
48 71 1
48 76 1
48 79 1
48 91 1
48 101 1
48 109 1
48 119 1
49 51 1
49 59 1
49 63 1
49 77 1
49 86 1
49 97 1
49 103 1
49 104 1
50 51 1
50 69 1
50 72 1
50 102 1
50 104 1
50 119 1
51 52 1
51 53 1
51 55 1
51 61 1
51 63 1
51 76 1
51 80 1
51 86 1
51 94 1
51 95 1
51 98 1
51 99 1
51 105 1
51 111 1
51 112 1
52 55 1
52 92 1
52 95 1
52 97 1
52 107 1
52 108 1
52 109 1
52 111 1
52 112 1
52 113 1
52 114 1
53 54 1
53 60 1
53 74 1
53 78 1
53 83 1
53 85 1
53 87 1
53 91 1
53 96 1
53 97 1
53 101 1
53 104 1
53 106 1
53 116 1
54 65 1
54 70 1
54 74 1
54 76 1
54 77 1
54 82 1
54 84 1
54 85 1
54 86 1
54 91 1
54 92 1
54 96 1
54 108 1
54 110 1
54 112 1
54 118 1
54 119 1
55 57 1
55 58 1
55 68 1
55 69 1
55 76 1
55 91 1
55 92 1
55 94 1
55 99 1
55 100 1
55 108 1
55 111 1
55 116 1
56 57 1
56 59 1
56 67 1
56 72 1
56 81 1
56 92 1
56 95 1
56 98 1
56 111 1
56 113 1
56 117 1
57 66 1
57 72 1
57 74 1
57 77 1
57 86 1
57 89 1
57 90 1
57 95 1
58 64 1
58 90 1
58 98 1
58 101 1
58 108 1
58 118 1
59 60 1
59 64 1
59 68 1
59 70 1
59 78 1
59 82 1
59 98 1
59 101 1
59 106 1
59 108 1
59 113 1
60 63 1
60 91 1
60 106 1
60 110 1
60 115 1
60 117 1
61 65 1
61 73 1
61 75 1
61 76 1
61 85 1
61 91 1
61 95 1
61 103 1
61 112 1
61 118 1
62 63 1
62 66 1
62 75 1
62 76 1
62 78 1
62 81 1
62 85 1
62 90 1
62 108 1
62 109 1
62 119 1
63 65 1
63 70 1
63 72 1
63 74 1
63 88 1
63 95 1
63 103 1
63 109 1
63 110 1
63 111 1
64 65 1
64 76 1
64 79 1
64 84 1
64 87 1
64 93 1
64 94 1
64 105 1
64 112 1
64 115 1
65 70 1
65 73 1
65 75 1
65 84 1
65 90 1
65 94 1
65 99 1
65 114 1
65 117 1
65 119 1
66 90 1
66 96 1
66 105 1
66 113 1
67 89 1
67 106 1
67 113 1
68 75 1
68 89 1
68 90 1
68 101 1
68 103 1
68 109 1
68 111 1
68 116 1
69 71 1
69 80 1
69 83 1
69 110 1
69 118 1
70 72 1
70 77 1
70 85 1
70 96 1
70 100 1
70 103 1
70 113 1
71 74 1
71 87 1
71 89 1
71 94 1
71 95 1
71 99 1
71 106 1
71 110 1
71 114 1
71 117 1
72 78 1
72 82 1
72 83 1
72 95 1
72 96 1
72 100 1
72 104 1
72 110 1
72 115 1
73 79 1
73 85 1
73 90 1
73 92 1
73 110 1
73 111 1
73 119 1
74 82 1
74 88 1
74 89 1
74 92 1
74 94 1
74 100 1
75 78 1
75 79 1
75 88 1
75 89 1
75 105 1
75 108 1
75 112 1
75 118 1
76 80 1
76 85 1
76 90 1
76 94 1
76 103 1
76 105 1
76 110 1
76 112 1
77 79 1
77 82 1
77 87 1
77 90 1
77 93 1
77 97 1
77 112 1
78 100 1
78 108 1
78 111 1
78 117 1
79 90 1
79 97 1
79 105 1
79 107 1
79 110 1
79 115 1
80 87 1
80 90 1
80 99 1
80 105 1
80 107 1
80 110 1
80 119 1
81 92 1
81 101 1
81 102 1
82 89 1
82 92 1
82 97 1
82 114 1
83 84 1
83 88 1
83 97 1
83 101 1
83 105 1
83 113 1
84 88 1
84 92 1
84 107 1
84 110 1
84 113 1
84 119 1
85 87 1
85 97 1
85 102 1
85 108 1
86 92 1
86 118 1
87 88 1
87 105 1
87 112 1
87 115 1
87 116 1
88 107 1
88 113 1
88 115 1
88 117 1
88 119 1
89 93 1
89 108 1
89 110 1
90 91 1
90 94 1
90 97 1
90 104 1
90 108 1
90 109 1
90 113 1
90 117 1
91 94 1
91 99 1
91 106 1
91 111 1
91 115 1
92 94 1
92 95 1
92 96 1
92 99 1
92 102 1
92 104 1
92 109 1
92 111 1
92 115 1
93 108 1
93 115 1
94 95 1
94 99 1
95 97 1
95 98 1
95 100 1
95 106 1
95 117 1
96 109 1
96 112 1
97 100 1
97 102 1
97 114 1
98 102 1
99 109 1
99 115 1
99 116 1
99 119 1
100 102 1
100 109 1
101 109 1
101 118 1
102 105 1
102 111 1
103 112 1
103 117 1
105 109 1
107 109 1
107 110 1
107 113 1
107 114 1
108 113 1
108 119 1
109 111 1
110 119 1
112 118 1
113 116 1
115 117 1
116 118 1
1
23 50 20 118 82 77 95 12 21 81 61 103
