1129
0 7 1
0 8 1
0 25 1
0 27 1
0 29 1
0 35 1
0 37 1
0 55 1
0 59 1
0 62 1
0 67 1
0 72 1
0 73 1
0 79 1
0 80 1
0 81 1
0 89 1
0 96 1
0 98 1
0 105 1
0 113 1
0 117 1
1 2 1
1 5 1
1 11 1
1 15 1
1 17 1
1 21 1
1 27 1
1 40 1
1 43 1
1 45 1
1 46 1
1 53 1
1 55 1
1 59 1
1 60 1
1 62 1
1 74 1
1 78 1
1 81 1
1 83 1
1 86 1
1 87 1
1 91 1
1 95 1
1 107 1
1 110 1
1 112 1
1 116 1
1 117 1
2 5 1
2 9 1
2 13 1
2 15 1
2 19 1
2 20 1
2 30 1
2 31 1
2 35 1
2 44 1
2 54 1
2 55 1
2 57 1
2 58 1
2 60 1
2 61 1
2 65 1
2 70 1
2 72 1
2 85 1
2 88 1
2 99 1
2 105 1
2 108 1
2 109 1
2 118 1
3 6 1
3 11 1
3 19 1
3 24 1
3 28 1
3 33 1
3 34 1
3 38 1
3 41 1
3 44 1
3 45 1
3 56 1
3 57 1
3 73 1
3 82 1
3 84 1
3 86 1
3 95 1
3 116 1
3 117 1
3 118 1
4 7 1
4 17 1
4 21 1
4 22 1
4 23 1
4 24 1
4 30 1
4 44 1
4 49 1
4 51 1
4 57 1
4 67 1
4 74 1
4 85 1
4 91 1
4 95 1
4 96 1
4 102 1
4 106 1
4 108 1
4 113 1
4 116 1
5 10 1
5 17 1
5 27 1
5 34 1
5 40 1
5 43 1
5 47 1
5 54 1
5 62 1
5 68 1
5 69 1
5 71 1
5 72 1
5 77 1
5 79 1
5 80 1
5 82 1
5 88 1
5 103 1
6 9 1
6 12 1
6 16 1
6 32 1
6 39 1
6 43 1
6 46 1
6 49 1
6 53 1
6 59 1
6 60 1
6 70 1
6 79 1
6 80 1
6 83 1
6 92 1
6 93 1
6 94 1
6 103 1
6 109 1
6 110 1
7 12 1
7 32 1
7 43 1
7 47 1
7 48 1
7 52 1
7 64 1
7 65 1
7 67 1
7 69 1
7 78 1
7 89 1
7 95 1
7 98 1
7 101 1
7 104 1
7 105 1
7 113 1
7 114 1
7 119 1
8 12 1
8 15 1
8 33 1
8 37 1
8 45 1
8 50 1
8 64 1
8 67 1
8 68 1
8 69 1
8 74 1
8 75 1
8 111 1
8 113 1
8 118 1
9 10 1
9 13 1
9 24 1
9 30 1
9 38 1
9 52 1
9 81 1
9 92 1
9 102 1
9 111 1
10 19 1
10 35 1
10 37 1
10 38 1
10 40 1
10 44 1
10 64 1
10 70 1
10 75 1
10 85 1
10 94 1
10 99 1
10 112 1
10 116 1
10 118 1
11 15 1
11 23 1
11 27 1
11 29 1
11 46 1
11 47 1
11 48 1
11 50 1
11 90 1
11 102 1
11 103 1
11 104 1
11 113 1
12 18 1
12 19 1
12 21 1
12 22 1
12 24 1
12 31 1
12 32 1
12 34 1
12 36 1
12 38 1
12 42 1
12 51 1
12 55 1
12 69 1
12 75 1
12 84 1
12 89 1
12 90 1
12 92 1
12 94 1
12 103 1
12 110 1
12 111 1
13 33 1
13 37 1
13 41 1
13 54 1
13 55 1
13 57 1
13 58 1
13 59 1
13 61 1
13 62 1
13 70 1
13 73 1
13 80 1
13 81 1
13 85 1
13 99 1
13 101 1
13 107 1
13 119 1
14 20 1
14 23 1
14 33 1
14 48 1
14 49 1
14 58 1
14 62 1
14 66 1
14 68 1
14 81 1
14 101 1
14 102 1
14 103 1
14 107 1
14 118 1
14 119 1
15 18 1
15 22 1
15 26 1
15 27 1
15 34 1
15 36 1
15 39 1
15 50 1
15 51 1
15 53 1
15 67 1
15 68 1
15 70 1
15 73 1
15 78 1
15 89 1
15 93 1
15 97 1
15 107 1
15 108 1
15 109 1
16 25 1
16 39 1
16 45 1
16 53 1
16 55 1
16 58 1
16 67 1
16 73 1
16 75 1
16 78 1
16 88 1
16 92 1
16 93 1
16 96 1
16 107 1
16 112 1
16 113 1
16 114 1
17 27 1
17 43 1
17 44 1
17 46 1
17 48 1
17 50 1
17 54 1
17 57 1
17 59 1
17 86 1
17 88 1
17 89 1
17 92 1
17 94 1
17 97 1
17 99 1
17 100 1
17 113 1
17 118 1
17 119 1
18 19 1
18 28 1
18 42 1
18 57 1
18 58 1
18 59 1
18 64 1
18 65 1
18 70 1
18 78 1
18 85 1
18 92 1
18 96 1
19 21 1
19 48 1
19 61 1
19 77 1
19 82 1
19 99 1
19 103 1
19 104 1
19 112 1
19 113 1
20 28 1
20 34 1
20 37 1
20 40 1
20 45 1
20 55 1
20 59 1
20 64 1
20 67 1
20 70 1
20 86 1
20 87 1
20 97 1
20 100 1
20 107 1
20 117 1
21 26 1
21 27 1
21 37 1
21 50 1
21 64 1
21 78 1
21 90 1
21 93 1
21 118 1
22 30 1
22 31 1
22 32 1
22 38 1
22 40 1
22 48 1
22 52 1
22 58 1
22 60 1
22 75 1
22 77 1
22 80 1
22 88 1
22 90 1
22 91 1
22 95 1
22 99 1
22 103 1
22 106 1
22 116 1
22 117 1
22 119 1
23 25 1
23 34 1
23 38 1
23 39 1
23 46 1
23 51 1
23 53 1
23 54 1
23 71 1
23 83 1
23 86 1
23 89 1
23 98 1
23 106 1
23 109 1
24 39 1
24 51 1
24 53 1
24 65 1
24 75 1
24 76 1
24 77 1
24 83 1
24 93 1
24 95 1
24 101 1
24 112 1
25 35 1
25 37 1
25 45 1
25 58 1
25 61 1
25 63 1
25 77 1
25 91 1
25 99 1
25 109 1
25 112 1
26 28 1
26 33 1
26 43 1
26 44 1
26 50 1
26 54 1
26 55 1
26 59 1
26 60 1
26 62 1
26 63 1
26 67 1
26 71 1
26 80 1
26 85 1
26 87 1
26 94 1
26 97 1
26 100 1
26 117 1
27 39 1
27 44 1
27 46 1
27 50 1
27 52 1
27 72 1
27 75 1
27 76 1
27 89 1
27 94 1
27 106 1
27 109 1
27 110 1
27 111 1
27 119 1
28 34 1
28 37 1
28 44 1
28 52 1
28 74 1
28 79 1
28 84 1
28 97 1
28 99 1
28 108 1
28 112 1
28 117 1
29 34 1
29 51 1
29 56 1
29 61 1
29 68 1
29 75 1
29 112 1
29 117 1
30 69 1
30 72 1
30 76 1
30 83 1
30 87 1
30 91 1
30 93 1
30 95 1
30 102 1
30 111 1
30 118 1
31 33 1
31 46 1
31 49 1
31 54 1
31 57 1
31 64 1
31 67 1
31 84 1
31 88 1
31 111 1
31 116 1
32 38 1
32 46 1
32 71 1
32 72 1
32 76 1
32 77 1
32 85 1
32 86 1
32 100 1
32 106 1
33 37 1
33 45 1
33 48 1
33 50 1
33 53 1
33 55 1
33 59 1
33 63 1
33 87 1
33 90 1
33 92 1
33 93 1
33 97 1
33 108 1
34 44 1
34 61 1
34 75 1
34 87 1
34 94 1
34 95 1
34 96 1
34 98 1
34 101 1
35 41 1
35 42 1
35 43 1
35 47 1
35 58 1
35 64 1
35 66 1
35 86 1
35 118 1
36 38 1
36 42 1
36 49 1
36 53 1
36 57 1
36 58 1
36 61 1
36 70 1
36 79 1
36 81 1
36 83 1
36 92 1
36 104 1
36 106 1
36 107 1
37 61 1
37 66 1
37 72 1
37 73 1
37 76 1
37 80 1
37 88 1
37 90 1
37 94 1
37 95 1
37 97 1
37 98 1
37 105 1
37 117 1
38 42 1
38 44 1
38 45 1
38 51 1
38 56 1
38 80 1
38 86 1
38 87 1
38 103 1
38 113 1
38 115 1
38 117 1
39 43 1
39 46 1
39 51 1
39 59 1
39 62 1
39 64 1
39 68 1
39 78 1
39 80 1
39 89 1
39 90 1
39 92 1
39 109 1
39 112 1
39 113 1
39 117 1
40 54 1
40 60 1
40 64 1
40 66 1
40 69 1
40 77 1
40 84 1
40 86 1
40 106 1
40 109 1
40 111 1
40 116 1
41 53 1
41 57 1
41 58 1
41 64 1
41 65 1
41 68 1
41 77 1
41 78 1
41 85 1
41 87 1
41 92 1
41 95 1
41 111 1
42 47 1
42 60 1
42 61 1
42 64 1
42 65 1
42 67 1
42 72 1
42 77 1
42 78 1
42 84 1
42 101 1
42 103 1
42 105 1
42 109 1
42 110 1
42 119 1
43 45 1
43 46 1
43 51 1
43 61 1
43 73 1
43 76 1
43 77 1
43 83 1
43 85 1
43 88 1
43 90 1
43 91 1
43 92 1
43 95 1
43 99 1
43 100 1
43 104 1
43 105 1
44 46 1
44 50 1
44 54 1
44 56 1
44 60 1
44 65 1
44 66 1
44 77 1
44 80 1
44 91 1
44 95 1
44 102 1
44 103 1
44 106 1
44 115 1
45 49 1
45 52 1
45 65 1
45 71 1
45 75 1
45 81 1
45 85 1
45 93 1
45 108 1
45 114 1
45 116 1
45 117 1
46 47 1
46 68 1
46 70 1
46 74 1
46 83 1
46 85 1
46 90 1
46 101 1
46 108 1
46 111 1
46 115 1
46 117 1
46 119 1
47 57 1
47 60 1
47 85 1
47 86 1
47 96 1
47 103 1
47 106 1
47 118 1
48 51 1
48 53 1
48 54 1
48 63 1
48 65 1
48 66 1
48 85 1
48 89 1
48 94 1
48 99 1
48 108 1
48 117 1
49 53 1
49 58 1
49 60 1
49 72 1
49 74 1
49 82 1
49 83 1
49 89 1
49 92 1
49 94 1
49 99 1
50 68 1
50 108 1
50 115 1
51 52 1
51 66 1
51 70 1
51 83 1
51 86 1
51 97 1
51 102 1
51 110 1
51 113 1
51 115 1
52 54 1
52 58 1
52 63 1
52 75 1
52 93 1
52 100 1
52 110 1
53 57 1
53 59 1
53 72 1
53 84 1
53 91 1
53 93 1
53 103 1
53 105 1
53 116 1
53 118 1
54 72 1
54 81 1
54 85 1
54 91 1
54 93 1
54 94 1
54 96 1
54 99 1
54 101 1
54 102 1
54 108 1
54 119 1
55 76 1
55 79 1
55 83 1
55 84 1
55 85 1
55 88 1
55 91 1
55 95 1
55 96 1
55 99 1
55 108 1
55 109 1
55 111 1
55 112 1
55 115 1
55 118 1
56 59 1
56 77 1
56 79 1
56 83 1
56 99 1
56 105 1
56 110 1
56 116 1
56 117 1
57 58 1
57 60 1
57 62 1
57 85 1
57 92 1
57 93 1
57 114 1
58 72 1
58 77 1
58 80 1
58 81 1
58 97 1
58 104 1
58 106 1
58 113 1
58 116 1
58 117 1
59 63 1
59 74 1
59 76 1
59 82 1
59 85 1
59 90 1
59 99 1
59 109 1
59 118 1
60 61 1
60 78 1
60 79 1
60 81 1
60 94 1
60 96 1
60 99 1
60 102 1
60 112 1
60 116 1
60 119 1
61 67 1
61 72 1
61 82 1
61 84 1
61 85 1
61 99 1
61 108 1
61 115 1
61 116 1
62 65 1
62 66 1
62 67 1
62 68 1
62 72 1
62 81 1
62 87 1
62 91 1
62 92 1
62 94 1
62 109 1
62 111 1
62 112 1
62 114 1
62 117 1
63 66 1
63 69 1
63 85 1
63 87 1
63 94 1
63 101 1
63 106 1
63 109 1
63 110 1
64 65 1
64 69 1
64 71 1
64 74 1
64 76 1
64 79 1
64 85 1
64 86 1
64 109 1
65 73 1
65 77 1
65 92 1
65 95 1
65 103 1
65 107 1
65 108 1
65 116 1
65 119 1
66 88 1
66 90 1
66 97 1
66 103 1
66 112 1
67 71 1
67 77 1
67 81 1
67 84 1
67 85 1
67 92 1
67 96 1
67 99 1
67 111 1
67 118 1
68 72 1
68 73 1
68 79 1
68 80 1
68 83 1
68 90 1
68 96 1
68 105 1
69 72 1
69 79 1
69 97 1
69 99 1
69 101 1
69 106 1
69 116 1
70 76 1
70 85 1
70 95 1
70 98 1
70 101 1
71 72 1
71 73 1
71 75 1
71 79 1
71 82 1
71 94 1
71 95 1
71 102 1
71 119 1
72 79 1
72 99 1
72 106 1
72 110 1
72 111 1
73 85 1
73 86 1
73 87 1
73 102 1
73 103 1
73 108 1
73 109 1
74 75 1
74 78 1
74 79 1
74 85 1
74 109 1
74 110 1
75 76 1
75 77 1
75 79 1
75 80 1
75 93 1
75 95 1
75 103 1
75 106 1
75 108 1
76 77 1
76 82 1
76 89 1
76 91 1
76 94 1
76 111 1
76 112 1
77 89 1
77 90 1
77 91 1
77 95 1
77 96 1
77 99 1
77 107 1
77 119 1
78 79 1
78 92 1
78 98 1
79 81 1
79 88 1
79 99 1
79 103 1
79 106 1
79 111 1
79 118 1
79 119 1
80 81 1
80 93 1
80 98 1
80 111 1
81 93 1
81 112 1
81 119 1
82 99 1
82 101 1
82 114 1
83 88 1
83 90 1
83 96 1
84 88 1
84 91 1
84 94 1
84 95 1
85 89 1
85 93 1
85 99 1
85 106 1
85 113 1
86 91 1
86 97 1
86 100 1
86 102 1
86 119 1
87 88 1
87 91 1
87 98 1
87 104 1
87 118 1
88 91 1
88 95 1
88 98 1
88 116 1
89 94 1
89 95 1
89 100 1
90 101 1
90 102 1
90 106 1
91 97 1
91 115 1
92 94 1
92 116 1
93 97 1
93 102 1
93 104 1
93 109 1
93 113 1
93 116 1
93 117 1
93 118 1
94 96 1
94 98 1
94 101 1
94 110 1
94 112 1
94 115 1
94 117 1
95 97 1
95 105 1
95 106 1
95 112 1
96 113 1
96 118 1
97 99 1
98 99 1
98 100 1
98 107 1
98 108 1
98 109 1
98 112 1
98 117 1
99 100 1
100 104 1
100 106 1
100 112 1
100 116 1
100 118 1
101 103 1
101 107 1
101 109 1
101 118 1
102 112 1
102 113 1
102 115 1
103 109 1
103 112 1
103 114 1
103 118 1
104 107 1
105 108 1
105 111 1
105 114 1
106 109 1
106 111 1
106 114 1
106 115 1
107 109 1
108 113 1
108 117 1
108 118 1
109 110 1
109 111 1
110 111 1
110 114 1
110 117 1
111 112 1
114 119 1
116 119 1
117 119 1
1
92 73 75 0 112 77 111 63 41 7 13 109
