2009
0 2 1
0 7 1
0 12 1
0 16 1
0 36 1
0 40 1
0 42 1
0 45 1
0 56 1
0 64 1
0 69 1
0 78 1
0 86 1
0 135 1
0 139 1
0 148 1
0 150 1
0 152 1
0 177 1
0 184 1
1 11 1
1 14 1
1 17 1
1 19 1
1 20 1
1 22 1
1 27 1
1 33 1
1 39 1
1 46 1
1 64 1
1 65 1
1 75 1
1 101 1
1 115 1
1 117 1
1 135 1
1 143 1
1 168 1
1 172 1
2 6 1
2 38 1
2 41 1
2 52 1
2 57 1
2 62 1
2 72 1
2 73 1
2 79 1
2 93 1
2 128 1
2 132 1
2 133 1
2 134 1
2 147 1
2 163 1
2 168 1
2 181 1
2 183 1
3 4 1
3 44 1
3 56 1
3 79 1
3 87 1
3 90 1
3 99 1
3 113 1
3 133 1
3 134 1
3 138 1
3 142 1
3 145 1
3 150 1
3 157 1
3 161 1
3 165 1
3 169 1
3 172 1
3 179 1
4 27 1
4 28 1
4 32 1
4 39 1
4 41 1
4 53 1
4 54 1
4 68 1
4 80 1
4 86 1
4 89 1
4 102 1
4 107 1
4 147 1
4 148 1
4 159 1
4 161 1
4 168 1
4 181 1
5 8 1
5 14 1
5 17 1
5 30 1
5 44 1
5 48 1
5 50 1
5 60 1
5 79 1
5 84 1
5 105 1
5 117 1
5 121 1
5 129 1
5 131 1
5 133 1
5 136 1
5 138 1
5 145 1
5 148 1
5 157 1
5 170 1
5 174 1
6 7 1
6 12 1
6 32 1
6 33 1
6 40 1
6 47 1
6 56 1
6 63 1
6 65 1
6 69 1
6 96 1
6 99 1
6 100 1
6 102 1
6 116 1
6 122 1
6 123 1
6 130 1
6 131 1
6 132 1
6 139 1
6 142 1
6 149 1
6 164 1
6 171 1
6 178 1
6 182 1
7 17 1
7 21 1
7 22 1
7 36 1
7 38 1
7 48 1
7 72 1
7 73 1
7 90 1
7 95 1
7 99 1
7 105 1
7 125 1
7 134 1
7 136 1
7 163 1
7 173 1
7 174 1
8 21 1
8 22 1
8 29 1
8 38 1
8 42 1
8 45 1
8 51 1
8 64 1
8 67 1
8 69 1
8 87 1
8 89 1
8 94 1
8 99 1
8 106 1
8 107 1
8 109 1
8 115 1
8 118 1
8 120 1
8 133 1
8 137 1
8 143 1
8 148 1
8 151 1
8 165 1
8 169 1
8 176 1
8 177 1
9 11 1
9 12 1
9 13 1
9 18 1
9 21 1
9 29 1
9 42 1
9 59 1
9 64 1
9 94 1
9 122 1
9 124 1
9 126 1
9 129 1
9 139 1
9 142 1
9 165 1
9 167 1
10 26 1
10 34 1
10 41 1
10 45 1
10 54 1
10 73 1
10 86 1
10 98 1
10 102 1
10 109 1
10 112 1
10 132 1
10 140 1
10 143 1
10 152 1
10 159 1
10 163 1
10 175 1
10 180 1
10 188 1
11 13 1
11 30 1
11 38 1
11 39 1
11 45 1
11 56 1
11 62 1
11 75 1
11 90 1
11 91 1
11 98 1
11 111 1
11 117 1
11 129 1
11 140 1
11 155 1
11 161 1
11 167 1
11 184 1
11 187 1
12 14 1
12 36 1
12 47 1
12 57 1
12 62 1
12 64 1
12 68 1
12 75 1
12 76 1
12 98 1
12 101 1
12 139 1
12 147 1
12 154 1
12 160 1
12 165 1
12 170 1
12 174 1
12 183 1
12 188 1
13 16 1
13 18 1
13 24 1
13 33 1
13 40 1
13 45 1
13 47 1
13 54 1
13 62 1
13 84 1
13 85 1
13 91 1
13 108 1
13 114 1
13 127 1
13 163 1
13 172 1
13 173 1
14 20 1
14 24 1
14 37 1
14 46 1
14 49 1
14 55 1
14 56 1
14 60 1
14 66 1
14 72 1
14 87 1
14 106 1
14 107 1
14 111 1
14 128 1
14 136 1
14 146 1
14 160 1
14 174 1
14 188 1
15 26 1
15 29 1
15 30 1
15 41 1
15 45 1
15 79 1
15 88 1
15 95 1
15 97 1
15 108 1
15 110 1
15 114 1
15 124 1
15 140 1
15 157 1
15 158 1
15 164 1
15 169 1
15 173 1
15 180 1
15 182 1
15 183 1
15 187 1
16 17 1
16 19 1
16 23 1
16 33 1
16 37 1
16 51 1
16 54 1
16 58 1
16 69 1
16 79 1
16 80 1
16 87 1
16 91 1
16 99 1
16 132 1
16 141 1
16 176 1
16 181 1
16 185 1
17 33 1
17 38 1
17 42 1
17 47 1
17 59 1
17 71 1
17 74 1
17 77 1
17 95 1
17 97 1
17 105 1
17 107 1
17 108 1
17 115 1
17 123 1
17 140 1
17 149 1
17 151 1
17 156 1
17 170 1
17 175 1
17 177 1
17 180 1
18 31 1
18 41 1
18 54 1
18 62 1
18 67 1
18 81 1
18 88 1
18 96 1
18 138 1
18 140 1
18 148 1
18 155 1
18 166 1
18 175 1
18 186 1
18 189 1
19 21 1
19 24 1
19 36 1
19 55 1
19 67 1
19 82 1
19 102 1
19 106 1
19 115 1
19 126 1
19 132 1
19 134 1
19 136 1
19 154 1
19 155 1
19 160 1
19 168 1
19 170 1
19 173 1
19 178 1
19 186 1
20 41 1
20 44 1
20 45 1
20 46 1
20 74 1
20 79 1
20 94 1
20 117 1
20 125 1
20 133 1
20 149 1
20 180 1
20 184 1
20 185 1
21 23 1
21 29 1
21 33 1
21 40 1
21 42 1
21 44 1
21 55 1
21 57 1
21 59 1
21 70 1
21 77 1
21 88 1
21 95 1
21 107 1
21 116 1
21 127 1
21 135 1
21 144 1
21 150 1
21 153 1
21 166 1
21 186 1
22 30 1
22 37 1
22 50 1
22 68 1
22 69 1
22 84 1
22 85 1
22 90 1
22 92 1
22 93 1
22 105 1
22 106 1
22 121 1
22 129 1
22 147 1
22 148 1
22 149 1
22 156 1
22 160 1
22 169 1
22 170 1
22 174 1
23 24 1
23 49 1
23 56 1
23 58 1
23 62 1
23 63 1
23 67 1
23 84 1
23 94 1
23 103 1
23 120 1
23 124 1
23 127 1
23 143 1
23 162 1
23 170 1
23 175 1
23 189 1
24 26 1
24 36 1
24 62 1
24 83 1
24 90 1
24 101 1
24 114 1
24 119 1
24 126 1
24 141 1
24 148 1
24 151 1
24 154 1
24 166 1
24 185 1
24 186 1
25 27 1
25 44 1
25 52 1
25 62 1
25 63 1
25 71 1
25 75 1
25 80 1
25 105 1
25 112 1
25 117 1
25 122 1
25 155 1
25 165 1
25 167 1
25 168 1
25 179 1
25 181 1
26 28 1
26 45 1
26 46 1
26 70 1
26 81 1
26 88 1
26 106 1
26 115 1
26 117 1
26 124 1
26 137 1
26 142 1
26 171 1
26 173 1
26 182 1
26 183 1
26 185 1
27 37 1
27 47 1
27 53 1
27 56 1
27 71 1
27 74 1
27 78 1
27 90 1
27 105 1
27 110 1
27 131 1
27 132 1
27 142 1
27 144 1
27 145 1
27 146 1
27 165 1
27 176 1
27 180 1
27 183 1
27 187 1
27 188 1
28 36 1
28 53 1
28 59 1
28 64 1
28 67 1
28 76 1
28 79 1
28 97 1
28 106 1
28 110 1
28 111 1
28 112 1
28 116 1
28 121 1
28 144 1
28 145 1
28 148 1
28 149 1
28 151 1
28 163 1
28 165 1
28 175 1
28 179 1
28 183 1
28 184 1
29 32 1
29 33 1
29 34 1
29 45 1
29 58 1
29 70 1
29 90 1
29 91 1
29 93 1
29 95 1
29 110 1
29 112 1
29 119 1
29 122 1
29 131 1
29 149 1
29 151 1
29 154 1
29 162 1
29 164 1
29 169 1
29 185 1
30 34 1
30 43 1
30 59 1
30 60 1
30 61 1
30 66 1
30 67 1
30 79 1
30 87 1
30 102 1
30 106 1
30 132 1
30 135 1
30 146 1
30 150 1
30 152 1
30 167 1
30 170 1
30 172 1
30 182 1
30 187 1
30 189 1
31 35 1
31 40 1
31 41 1
31 52 1
31 53 1
31 68 1
31 70 1
31 95 1
31 96 1
31 97 1
31 105 1
31 106 1
31 108 1
31 126 1
31 146 1
31 154 1
31 162 1
31 176 1
31 184 1
32 35 1
32 40 1
32 53 1
32 58 1
32 62 1
32 83 1
32 86 1
32 95 1
32 97 1
32 106 1
32 149 1
32 150 1
32 152 1
32 155 1
32 162 1
32 164 1
32 169 1
33 53 1
33 62 1
33 64 1
33 76 1
33 77 1
33 83 1
33 94 1
33 101 1
33 107 1
33 116 1
33 134 1
33 139 1
33 174 1
33 182 1
33 188 1
34 37 1
34 44 1
34 60 1
34 81 1
34 118 1
34 134 1
34 162 1
34 169 1
34 171 1
34 181 1
34 182 1
34 187 1
35 44 1
35 60 1
35 63 1
35 73 1
35 78 1
35 82 1
35 97 1
35 120 1
35 122 1
35 131 1
35 136 1
35 149 1
35 150 1
35 152 1
35 161 1
35 165 1
35 169 1
35 173 1
35 185 1
36 70 1
36 76 1
36 80 1
36 95 1
36 107 1
36 117 1
36 121 1
36 130 1
36 137 1
36 149 1
36 151 1
36 159 1
36 170 1
36 171 1
36 174 1
36 175 1
36 184 1
37 40 1
37 55 1
37 64 1
37 88 1
37 91 1
37 92 1
37 95 1
37 101 1
37 107 1
37 112 1
37 121 1
37 122 1
37 133 1
37 148 1
37 150 1
37 153 1
37 154 1
37 159 1
37 168 1
37 170 1
37 171 1
37 172 1
37 184 1
38 48 1
38 59 1
38 64 1
38 69 1
38 72 1
38 77 1
38 83 1
38 86 1
38 90 1
38 107 1
38 123 1
38 129 1
38 134 1
38 146 1
39 42 1
39 62 1
39 64 1
39 68 1
39 72 1
39 87 1
39 96 1
39 103 1
39 115 1
39 118 1
39 130 1
39 134 1
39 135 1
39 154 1
39 170 1
39 176 1
39 188 1
40 41 1
40 42 1
40 86 1
40 116 1
40 117 1
40 122 1
40 124 1
40 134 1
40 136 1
40 139 1
40 140 1
40 148 1
40 172 1
40 187 1
41 50 1
41 72 1
41 76 1
41 85 1
41 86 1
41 87 1
41 93 1
41 102 1
41 110 1
41 121 1
41 125 1
41 129 1
41 139 1
41 157 1
41 159 1
41 161 1
41 163 1
41 166 1
41 185 1
42 43 1
42 63 1
42 110 1
42 120 1
42 137 1
42 139 1
42 148 1
42 168 1
42 173 1
42 174 1
43 49 1
43 61 1
43 63 1
43 88 1
43 96 1
43 106 1
43 113 1
43 114 1
43 115 1
43 122 1
43 124 1
43 149 1
43 159 1
43 163 1
43 166 1
43 172 1
43 177 1
43 179 1
43 186 1
44 110 1
44 114 1
44 126 1
44 127 1
44 148 1
44 151 1
44 154 1
44 169 1
44 179 1
44 181 1
45 47 1
45 67 1
45 73 1
45 86 1
45 114 1
45 117 1
45 128 1
45 133 1
45 146 1
45 147 1
45 148 1
45 157 1
45 171 1
45 172 1
45 177 1
45 181 1
45 186 1
46 67 1
46 68 1
46 81 1
46 83 1
46 91 1
46 93 1
46 111 1
46 114 1
46 127 1
46 132 1
46 139 1
46 146 1
46 186 1
47 53 1
47 67 1
47 73 1
47 94 1
47 143 1
47 144 1
47 145 1
47 155 1
47 161 1
47 172 1
47 173 1
47 174 1
47 179 1
47 180 1
47 183 1
47 188 1
48 53 1
48 62 1
48 65 1
48 68 1
48 80 1
48 85 1
48 87 1
48 117 1
48 137 1
48 141 1
48 153 1
48 163 1
48 173 1
48 179 1
48 184 1
49 68 1
49 123 1
49 125 1
49 129 1
49 135 1
49 139 1
49 143 1
49 149 1
49 162 1
49 169 1
49 171 1
49 173 1
49 176 1
49 180 1
50 64 1
50 65 1
50 82 1
50 83 1
50 103 1
50 114 1
50 123 1
50 125 1
50 129 1
50 133 1
50 134 1
50 141 1
50 156 1
50 160 1
50 163 1
50 168 1
50 172 1
50 186 1
51 52 1
51 55 1
51 84 1
51 85 1
51 92 1
51 106 1
51 107 1
51 115 1
51 141 1
51 150 1
51 154 1
51 165 1
51 175 1
51 177 1
51 179 1
51 182 1
51 187 1
52 63 1
52 77 1
52 92 1
52 101 1
52 106 1
52 120 1
52 130 1
52 144 1
52 149 1
52 154 1
52 158 1
52 167 1
52 168 1
52 170 1
52 181 1
52 183 1
53 59 1
53 83 1
53 92 1
53 97 1
53 125 1
53 132 1
53 136 1
53 140 1
53 148 1
53 157 1
53 167 1
53 171 1
53 175 1
53 182 1
54 56 1
54 57 1
54 58 1
54 62 1
54 66 1
54 77 1
54 83 1
54 125 1
54 127 1
54 128 1
54 132 1
54 135 1
54 137 1
54 141 1
54 153 1
54 161 1
54 163 1
54 170 1
54 177 1
54 178 1
54 183 1
55 70 1
55 84 1
55 97 1
55 101 1
55 108 1
55 116 1
55 141 1
55 142 1
55 158 1
55 161 1
55 166 1
55 169 1
55 178 1
55 181 1
56 70 1
56 79 1
56 80 1
56 83 1
56 107 1
56 118 1
56 124 1
56 135 1
56 137 1
56 141 1
56 144 1
56 155 1
56 170 1
56 171 1
56 175 1
56 183 1
57 61 1
57 64 1
57 75 1
57 76 1
57 79 1
57 84 1
57 97 1
57 103 1
57 105 1
57 121 1
57 127 1
57 137 1
57 138 1
57 143 1
57 149 1
57 154 1
57 157 1
57 159 1
57 167 1
57 171 1
57 178 1
57 186 1
58 59 1
58 61 1
58 63 1
58 64 1
58 70 1
58 71 1
58 72 1
58 73 1
58 81 1
58 102 1
58 109 1
58 117 1
58 120 1
58 122 1
58 128 1
58 137 1
58 143 1
58 177 1
58 178 1
58 180 1
58 185 1
59 62 1
59 66 1
59 77 1
59 92 1
59 93 1
59 94 1
59 120 1
59 138 1
59 140 1
59 152 1
59 158 1
59 180 1
59 182 1
59 186 1
60 62 1
60 86 1
60 92 1
60 109 1
60 118 1
60 142 1
60 143 1
60 149 1
60 150 1
60 172 1
61 73 1
61 78 1
61 86 1
61 90 1
61 93 1
61 109 1
61 110 1
61 112 1
61 148 1
61 154 1
61 160 1
61 162 1
61 163 1
61 168 1
61 175 1
61 176 1
61 179 1
61 187 1
61 188 1
62 68 1
62 69 1
62 71 1
62 73 1
62 84 1
62 99 1
62 103 1
62 107 1
62 122 1
62 125 1
62 134 1
62 156 1
62 158 1
62 162 1
62 167 1
62 175 1
62 176 1
62 184 1
62 185 1
63 73 1
63 85 1
63 96 1
63 105 1
63 122 1
63 134 1
63 148 1
63 154 1
63 161 1
63 163 1
63 173 1
63 181 1
63 184 1
63 189 1
64 70 1
64 74 1
64 95 1
64 99 1
64 100 1
64 105 1
64 113 1
64 117 1
64 150 1
64 166 1
64 187 1
65 72 1
65 80 1
65 95 1
65 100 1
65 102 1
65 104 1
65 108 1
65 120 1
65 126 1
65 128 1
65 130 1
65 140 1
65 168 1
65 170 1
65 181 1
66 96 1
66 98 1
66 100 1
66 105 1
66 110 1
66 125 1
66 139 1
66 147 1
66 164 1
66 167 1
66 173 1
66 177 1
67 68 1
67 70 1
67 81 1
67 101 1
67 104 1
67 113 1
67 115 1
67 128 1
67 132 1
67 135 1
67 145 1
67 153 1
67 154 1
67 157 1
67 159 1
67 169 1
67 173 1
67 178 1
68 69 1
68 72 1
68 74 1
68 92 1
68 93 1
68 102 1
68 107 1
68 110 1
68 111 1
68 112 1
68 121 1
68 161 1
68 166 1
68 173 1
68 181 1
68 188 1
69 77 1
69 78 1
69 84 1
69 86 1
69 91 1
69 106 1
69 140 1
69 141 1
69 146 1
69 149 1
69 151 1
69 156 1
69 163 1
69 170 1
69 177 1
69 179 1
69 185 1
70 76 1
70 85 1
70 92 1
70 94 1
70 101 1
70 105 1
70 122 1
70 123 1
70 135 1
70 145 1
70 163 1
70 168 1
70 169 1
70 170 1
70 172 1
70 178 1
70 188 1
71 78 1
71 89 1
71 104 1
71 105 1
71 108 1
71 110 1
71 116 1
71 118 1
71 130 1
71 131 1
71 142 1
71 151 1
71 156 1
71 162 1
71 169 1
71 172 1
72 73 1
72 86 1
72 96 1
72 120 1
72 122 1
72 132 1
72 146 1
72 151 1
72 156 1
72 157 1
72 162 1
72 170 1
72 188 1
73 103 1
73 104 1
73 108 1
73 112 1
73 113 1
73 117 1
73 122 1
73 127 1
73 133 1
73 143 1
73 150 1
73 171 1
73 183 1
74 78 1
74 79 1
74 95 1
74 117 1
74 123 1
74 127 1
74 132 1
74 133 1
74 143 1
74 161 1
74 173 1
74 180 1
75 76 1
75 77 1
75 79 1
75 87 1
75 110 1
75 112 1
75 133 1
75 153 1
75 160 1
75 163 1
75 167 1
75 174 1
75 177 1
76 78 1
76 95 1
76 108 1
76 110 1
76 117 1
76 131 1
76 132 1
76 135 1
76 170 1
76 173 1
77 81 1
77 89 1
77 98 1
77 105 1
77 125 1
77 135 1
77 162 1
77 165 1
78 79 1
78 86 1
78 97 1
78 98 1
78 104 1
78 105 1
78 115 1
78 124 1
78 127 1
78 128 1
78 130 1
78 131 1
78 132 1
78 147 1
78 157 1
78 173 1
78 188 1
79 80 1
79 96 1
79 117 1
79 121 1
79 128 1
79 157 1
79 182 1
80 99 1
80 100 1
80 124 1
80 133 1
80 134 1
80 144 1
80 152 1
80 156 1
80 160 1
80 162 1
80 179 1
81 82 1
81 93 1
81 115 1
81 124 1
81 139 1
81 141 1
81 152 1
81 159 1
81 176 1
82 83 1
82 89 1
82 93 1
82 96 1
82 100 1
82 101 1
82 122 1
82 124 1
82 129 1
82 131 1
82 160 1
82 162 1
82 181 1
83 92 1
83 118 1
83 125 1
83 126 1
83 138 1
83 150 1
83 159 1
84 107 1
84 111 1
84 113 1
84 122 1
84 125 1
84 147 1
84 173 1
85 87 1
85 110 1
85 111 1
85 114 1
85 133 1
85 134 1
85 137 1
85 154 1
85 162 1
85 163 1
85 166 1
85 171 1
86 88 1
86 89 1
86 91 1
86 94 1
86 112 1
86 117 1
86 120 1
86 130 1
86 135 1
86 168 1
86 173 1
86 180 1
86 188 1
87 103 1
87 123 1
87 126 1
87 127 1
87 137 1
87 152 1
87 170 1
87 171 1
87 180 1
87 188 1
88 112 1
88 125 1
88 131 1
88 146 1
88 163 1
88 173 1
88 187 1
89 97 1
89 103 1
89 109 1
89 118 1
89 128 1
89 130 1
89 135 1
89 136 1
89 139 1
89 160 1
89 168 1
89 178 1
89 179 1
90 93 1
90 95 1
90 100 1
90 101 1
90 117 1
90 123 1
90 127 1
90 132 1
90 152 1
90 160 1
90 167 1
90 169 1
90 175 1
90 181 1
90 185 1
91 96 1
91 99 1
91 106 1
91 108 1
91 111 1
91 129 1
91 172 1
91 174 1
91 177 1
91 188 1
92 101 1
92 106 1
92 107 1
92 108 1
92 116 1
92 129 1
92 130 1
92 138 1
92 143 1
92 170 1
92 179 1
93 94 1
93 95 1
93 97 1
93 109 1
93 110 1
93 112 1
93 126 1
93 134 1
93 145 1
93 165 1
93 175 1
93 182 1
93 188 1
94 133 1
94 140 1
94 154 1
94 182 1
95 96 1
95 102 1
95 104 1
95 111 1
95 121 1
95 127 1
95 133 1
95 142 1
95 145 1
95 157 1
95 162 1
95 178 1
95 183 1
95 185 1
96 110 1
96 123 1
96 124 1
96 127 1
96 139 1
96 158 1
96 166 1
96 167 1
96 173 1
96 183 1
96 187 1
97 113 1
97 127 1
97 146 1
97 171 1
97 180 1
97 187 1
98 99 1
98 108 1
98 123 1
98 128 1
98 136 1
98 139 1
98 151 1
98 156 1
98 176 1
98 182 1
99 103 1
99 104 1
99 110 1
99 115 1
99 140 1
99 153 1
99 159 1
99 162 1
99 164 1
99 165 1
99 168 1
99 173 1
99 177 1
99 178 1
99 189 1
100 113 1
100 115 1
100 124 1
100 129 1
100 139 1
100 145 1
100 146 1
100 158 1
100 164 1
100 172 1
100 179 1
100 183 1
101 104 1
101 116 1
101 117 1
101 153 1
101 158 1
101 166 1
101 185 1
102 110 1
102 112 1
102 126 1
102 136 1
102 180 1
102 185 1
103 114 1
103 134 1
103 140 1
103 152 1
103 155 1
103 179 1
103 185 1
104 117 1
104 131 1
104 135 1
104 142 1
104 146 1
104 157 1
105 113 1
105 125 1
105 126 1
105 137 1
105 140 1
105 141 1
105 148 1
105 155 1
105 158 1
105 161 1
105 164 1
105 182 1
105 184 1
105 187 1
105 189 1
106 108 1
106 111 1
106 112 1
106 114 1
106 115 1
106 119 1
106 121 1
106 138 1
106 161 1
106 175 1
106 178 1
106 187 1
107 111 1
107 117 1
107 119 1
107 120 1
107 125 1
107 134 1
107 139 1
107 142 1
107 157 1
107 161 1
107 175 1
107 179 1
107 181 1
107 182 1
108 111 1
108 115 1
108 127 1
108 129 1
108 133 1
108 134 1
108 140 1
108 141 1
108 156 1
108 165 1
108 180 1
109 116 1
109 126 1
109 130 1
109 133 1
109 139 1
109 155 1
109 165 1
109 170 1
109 185 1
110 111 1
110 125 1
110 126 1
110 137 1
110 138 1
110 144 1
110 162 1
110 169 1
110 172 1
110 178 1
110 186 1
110 187 1
111 119 1
111 155 1
111 162 1
111 168 1
111 175 1
111 178 1
111 180 1
111 185 1
111 186 1
111 189 1
112 120 1
112 125 1
112 133 1
112 135 1
112 152 1
112 153 1
112 159 1
112 168 1
112 169 1
112 182 1
113 116 1
113 130 1
113 136 1
113 152 1
113 175 1
113 176 1
113 184 1
113 186 1
114 129 1
114 151 1
114 184 1
115 123 1
115 134 1
115 138 1
115 147 1
115 153 1
115 179 1
116 123 1
116 124 1
116 131 1
116 132 1
116 135 1
116 148 1
116 149 1
116 154 1
116 170 1
116 172 1
116 175 1
117 134 1
117 149 1
117 162 1
117 167 1
117 168 1
117 178 1
118 128 1
118 130 1
118 133 1
118 134 1
118 144 1
118 149 1
118 150 1
118 170 1
118 171 1
118 173 1
118 180 1
118 183 1
118 189 1
119 126 1
119 134 1
119 140 1
119 141 1
119 149 1
119 164 1
119 168 1
119 174 1
119 178 1
120 122 1
120 132 1
120 138 1
120 151 1
120 169 1
120 170 1
120 187 1
121 130 1
121 132 1
121 144 1
121 154 1
121 155 1
121 163 1
121 169 1
121 171 1
121 175 1
121 179 1
121 183 1
122 127 1
122 134 1
122 148 1
122 150 1
122 154 1
122 177 1
122 185 1
123 147 1
123 160 1
123 168 1
123 169 1
124 130 1
124 156 1
124 169 1
124 179 1
125 146 1
125 148 1
125 151 1
125 161 1
125 165 1
125 168 1
126 130 1
126 133 1
126 135 1
126 152 1
126 166 1
126 179 1
126 186 1
127 129 1
127 141 1
127 143 1
127 148 1
127 150 1
127 152 1
127 158 1
127 160 1
128 131 1
128 141 1
128 147 1
128 152 1
128 160 1
128 170 1
128 179 1
128 185 1
129 132 1
129 145 1
129 160 1
129 161 1
129 178 1
129 182 1
129 183 1
129 187 1
130 145 1
130 166 1
130 167 1
130 186 1
131 138 1
131 155 1
131 161 1
131 163 1
131 172 1
132 137 1
132 154 1
132 163 1
132 172 1
132 177 1
132 181 1
132 184 1
133 146 1
133 157 1
133 174 1
133 180 1
133 184 1
133 189 1
134 142 1
134 149 1
134 151 1
134 158 1
134 161 1
134 163 1
134 178 1
135 140 1
135 143 1
136 153 1
136 167 1
136 170 1
136 180 1
137 141 1
137 148 1
137 150 1
137 155 1
137 161 1
137 179 1
138 141 1
138 145 1
138 149 1
138 154 1
138 158 1
138 165 1
139 151 1
140 155 1
140 184 1
141 169 1
141 174 1
141 187 1
141 189 1
142 157 1
142 165 1
142 173 1
142 189 1
143 144 1
143 165 1
143 181 1
144 180 1
144 185 1
145 157 1
145 180 1
145 185 1
146 165 1
146 185 1
147 152 1
147 185 1
147 186 1
147 187 1
148 150 1
148 165 1
148 166 1
148 169 1
148 172 1
148 173 1
148 187 1
149 155 1
149 161 1
149 165 1
149 176 1
149 187 1
149 188 1
150 174 1
150 176 1
150 180 1
150 181 1
151 167 1
151 172 1
151 173 1
151 177 1
151 178 1
151 188 1
152 161 1
152 167 1
152 178 1
153 182 1
154 163 1
154 169 1
154 172 1
154 177 1
154 189 1
155 164 1
155 165 1
155 169 1
155 188 1
156 177 1
156 179 1
157 171 1
158 162 1
158 167 1
158 175 1
158 182 1
158 188 1
159 163 1
159 184 1
160 182 1
160 187 1
161 165 1
161 166 1
161 185 1
162 165 1
162 179 1
163 173 1
163 183 1
163 185 1
164 172 1
164 188 1
165 169 1
166 168 1
166 169 1
166 177 1
166 188 1
167 171 1
167 177 1
167 187 1
168 177 1
168 178 1
169 182 1
170 172 1
170 179 1
170 184 1
171 172 1
171 175 1
171 181 1
171 187 1
172 173 1
172 183 1
172 184 1
175 181 1
176 180 1
176 189 1
177 183 1
179 181 1
180 187 1
183 184 1
185 186 1
186 188 1
1
65 59 106 37 50 155 3 97 117 127 77 78 132 167 85 171 123 150 102
