1122
0 3 1
0 15 1
0 17 1
0 18 1
0 19 1
0 24 1
0 26 1
0 27 1
0 31 1
0 34 1
0 35 1
0 37 1
0 39 1
0 40 1
0 60 1
0 61 1
0 71 1
0 72 1
0 95 1
0 100 1
0 109 1
0 114 1
0 115 1
1 4 1
1 10 1
1 11 1
1 16 1
1 36 1
1 51 1
1 54 1
1 62 1
1 64 1
1 97 1
1 106 1
1 109 1
1 113 1
1 116 1
2 4 1
2 5 1
2 6 1
2 11 1
2 15 1
2 30 1
2 32 1
2 36 1
2 41 1
2 42 1
2 46 1
2 54 1
2 58 1
2 67 1
2 76 1
2 78 1
2 83 1
2 87 1
2 96 1
2 100 1
2 104 1
2 107 1
2 114 1
2 117 1
2 119 1
3 10 1
3 16 1
3 29 1
3 32 1
3 41 1
3 48 1
3 59 1
3 68 1
3 69 1
3 72 1
3 73 1
3 77 1
3 79 1
3 98 1
3 100 1
4 11 1
4 22 1
4 32 1
4 35 1
4 51 1
4 58 1
4 63 1
4 64 1
4 74 1
4 82 1
4 95 1
4 103 1
4 109 1
4 110 1
4 111 1
5 9 1
5 13 1
5 36 1
5 39 1
5 42 1
5 47 1
5 49 1
5 51 1
5 52 1
5 63 1
5 78 1
5 100 1
5 109 1
5 118 1
6 16 1
6 22 1
6 31 1
6 32 1
6 35 1
6 39 1
6 51 1
6 55 1
6 57 1
6 76 1
6 83 1
6 86 1
6 88 1
6 94 1
6 99 1
6 115 1
7 21 1
7 22 1
7 39 1
7 43 1
7 46 1
7 48 1
7 59 1
7 64 1
7 65 1
7 66 1
7 72 1
7 81 1
7 88 1
7 96 1
7 99 1
7 102 1
7 105 1
8 12 1
8 18 1
8 21 1
8 24 1
8 27 1
8 38 1
8 49 1
8 55 1
8 77 1
8 87 1
8 99 1
8 113 1
9 10 1
9 15 1
9 22 1
9 31 1
9 33 1
9 39 1
9 40 1
9 52 1
9 54 1
9 58 1
9 77 1
9 92 1
9 111 1
9 113 1
10 12 1
10 17 1
10 21 1
10 27 1
10 39 1
10 75 1
10 83 1
10 85 1
10 87 1
10 92 1
10 95 1
10 115 1
10 119 1
11 18 1
11 30 1
11 33 1
11 39 1
11 40 1
11 55 1
11 57 1
11 69 1
11 79 1
11 92 1
11 103 1
12 19 1
12 21 1
12 30 1
12 38 1
12 47 1
12 67 1
12 70 1
12 89 1
12 91 1
12 109 1
13 22 1
13 25 1
13 32 1
13 33 1
13 46 1
13 48 1
13 49 1
13 50 1
13 51 1
13 52 1
13 61 1
13 74 1
13 90 1
13 99 1
13 100 1
13 105 1
14 25 1
14 31 1
14 36 1
14 38 1
14 43 1
14 50 1
14 58 1
14 60 1
14 65 1
14 68 1
14 70 1
14 82 1
14 92 1
14 93 1
14 94 1
14 115 1
15 17 1
15 24 1
15 28 1
15 30 1
15 39 1
15 41 1
15 42 1
15 45 1
15 46 1
15 59 1
15 71 1
15 96 1
15 99 1
15 106 1
15 108 1
15 113 1
15 116 1
15 117 1
15 118 1
16 25 1
16 39 1
16 42 1
16 47 1
16 65 1
16 66 1
16 81 1
16 82 1
16 84 1
16 93 1
16 95 1
16 106 1
16 117 1
16 118 1
17 27 1
17 39 1
17 45 1
17 47 1
17 56 1
17 61 1
17 83 1
17 84 1
17 94 1
17 101 1
17 108 1
18 29 1
18 31 1
18 36 1
18 38 1
18 48 1
18 55 1
18 56 1
18 59 1
18 74 1
18 78 1
18 85 1
18 96 1
18 107 1
18 114 1
18 118 1
18 119 1
19 22 1
19 26 1
19 48 1
19 54 1
19 69 1
19 76 1
19 79 1
19 81 1
19 87 1
19 92 1
19 93 1
19 94 1
19 101 1
19 110 1
20 31 1
20 33 1
20 36 1
20 52 1
20 62 1
20 68 1
20 71 1
20 76 1
20 79 1
20 81 1
20 82 1
20 88 1
20 89 1
20 93 1
20 100 1
20 105 1
20 111 1
20 119 1
21 30 1
21 40 1
21 55 1
21 56 1
21 75 1
21 98 1
21 103 1
21 106 1
21 107 1
21 117 1
22 25 1
22 26 1
22 28 1
22 34 1
22 51 1
22 58 1
22 66 1
22 67 1
22 72 1
22 76 1
22 80 1
22 85 1
22 88 1
22 91 1
22 99 1
22 111 1
22 112 1
23 28 1
23 37 1
23 42 1
23 51 1
23 55 1
23 57 1
23 78 1
23 86 1
23 87 1
23 91 1
23 93 1
23 102 1
23 106 1
23 111 1
23 117 1
23 119 1
24 27 1
24 42 1
24 45 1
24 46 1
24 48 1
24 53 1
24 55 1
24 63 1
24 64 1
24 68 1
24 94 1
24 97 1
24 98 1
24 105 1
24 108 1
24 110 1
24 112 1
24 116 1
25 35 1
25 44 1
25 49 1
25 50 1
25 53 1
25 73 1
25 81 1
25 88 1
25 89 1
25 91 1
25 92 1
25 93 1
25 94 1
25 96 1
25 97 1
25 104 1
25 105 1
25 110 1
25 113 1
26 28 1
26 30 1
26 33 1
26 34 1
26 39 1
26 40 1
26 44 1
26 48 1
26 49 1
26 52 1
26 53 1
26 54 1
26 70 1
26 81 1
26 86 1
26 89 1
26 103 1
26 105 1
26 119 1
27 39 1
27 42 1
27 43 1
27 49 1
27 52 1
27 56 1
27 60 1
27 63 1
27 64 1
27 76 1
27 77 1
27 82 1
27 90 1
27 92 1
27 98 1
27 108 1
27 117 1
28 38 1
28 40 1
28 47 1
28 50 1
28 53 1
28 54 1
28 60 1
28 65 1
28 68 1
28 82 1
28 99 1
28 111 1
29 34 1
29 35 1
29 42 1
29 55 1
29 64 1
29 74 1
29 75 1
29 84 1
29 91 1
29 92 1
29 93 1
29 97 1
29 106 1
29 113 1
29 117 1
30 35 1
30 43 1
30 46 1
30 48 1
30 57 1
30 59 1
30 62 1
30 65 1
30 73 1
30 75 1
30 78 1
30 91 1
30 101 1
30 103 1
30 106 1
31 35 1
31 53 1
31 55 1
31 57 1
31 62 1
31 65 1
31 66 1
31 70 1
31 72 1
31 82 1
31 83 1
31 107 1
31 110 1
31 112 1
31 113 1
32 33 1
32 34 1
32 39 1
32 43 1
32 44 1
32 45 1
32 46 1
32 50 1
32 51 1
32 53 1
32 58 1
32 61 1
32 62 1
32 81 1
32 84 1
32 89 1
32 90 1
32 93 1
32 105 1
32 111 1
33 35 1
33 43 1
33 46 1
33 50 1
33 56 1
33 62 1
33 67 1
33 88 1
33 91 1
33 96 1
33 110 1
33 115 1
34 39 1
34 41 1
34 42 1
34 43 1
34 46 1
34 52 1
34 63 1
34 72 1
34 78 1
34 84 1
34 86 1
34 92 1
34 100 1
34 102 1
34 105 1
34 113 1
34 115 1
35 40 1
35 42 1
35 43 1
35 44 1
35 51 1
35 52 1
35 61 1
35 65 1
35 70 1
35 76 1
35 78 1
35 82 1
35 95 1
35 99 1
35 102 1
35 112 1
35 119 1
36 66 1
36 77 1
36 79 1
36 83 1
36 87 1
36 98 1
36 106 1
36 114 1
37 38 1
37 42 1
37 43 1
37 61 1
37 62 1
37 66 1
37 75 1
37 79 1
37 80 1
37 83 1
37 86 1
37 87 1
37 90 1
37 92 1
37 103 1
37 107 1
37 116 1
38 39 1
38 42 1
38 43 1
38 54 1
38 57 1
38 59 1
38 64 1
38 68 1
38 70 1
38 72 1
38 90 1
38 93 1
38 96 1
38 97 1
38 98 1
38 109 1
38 111 1
39 43 1
39 44 1
39 60 1
39 71 1
39 73 1
39 110 1
39 115 1
39 117 1
40 44 1
40 48 1
40 53 1
40 72 1
40 83 1
40 88 1
40 107 1
40 110 1
40 117 1
41 53 1
41 60 1
41 63 1
41 64 1
41 66 1
41 71 1
41 85 1
41 99 1
41 102 1
41 107 1
41 108 1
41 109 1
41 113 1
41 118 1
42 43 1
42 60 1
42 71 1
42 77 1
42 81 1
42 87 1
42 88 1
42 93 1
42 102 1
42 106 1
42 111 1
42 118 1
43 51 1
43 53 1
43 56 1
43 59 1
43 82 1
43 85 1
43 95 1
43 99 1
43 107 1
43 111 1
44 56 1
44 58 1
44 61 1
44 65 1
44 68 1
44 70 1
44 86 1
44 97 1
44 98 1
44 100 1
44 104 1
44 118 1
44 119 1
45 58 1
45 61 1
45 63 1
45 64 1
45 71 1
45 83 1
45 95 1
45 103 1
45 104 1
45 117 1
46 54 1
46 55 1
46 56 1
46 64 1
46 75 1
46 91 1
46 94 1
46 102 1
46 103 1
46 104 1
47 48 1
47 60 1
47 63 1
47 69 1
47 73 1
47 82 1
47 86 1
47 91 1
47 92 1
47 94 1
47 95 1
47 101 1
47 106 1
47 109 1
47 119 1
48 73 1
48 77 1
48 79 1
48 80 1
48 81 1
48 83 1
48 90 1
48 107 1
48 111 1
48 119 1
49 56 1
49 72 1
49 75 1
49 78 1
49 82 1
49 83 1
49 96 1
49 109 1
49 115 1
50 54 1
50 58 1
50 61 1
50 62 1
50 67 1
50 100 1
50 102 1
50 104 1
50 109 1
50 112 1
50 119 1
51 52 1
51 55 1
51 67 1
51 115 1
51 119 1
52 65 1
52 72 1
52 73 1
52 74 1
52 76 1
52 84 1
52 87 1
52 89 1
52 91 1
52 97 1
52 103 1
52 105 1
52 106 1
52 108 1
53 60 1
53 82 1
53 83 1
53 88 1
53 89 1
53 101 1
53 103 1
53 109 1
54 57 1
54 60 1
54 63 1
54 65 1
54 69 1
54 72 1
54 74 1
54 75 1
54 79 1
54 81 1
54 93 1
54 94 1
54 96 1
54 98 1
54 109 1
54 112 1
55 57 1
55 58 1
55 88 1
55 96 1
55 100 1
55 104 1
55 111 1
56 57 1
56 58 1
56 59 1
56 88 1
56 94 1
56 99 1
56 111 1
56 114 1
56 116 1
57 59 1
57 69 1
57 73 1
57 75 1
57 76 1
57 78 1
57 82 1
57 94 1
57 100 1
57 102 1
58 68 1
58 76 1
58 77 1
58 105 1
58 107 1
58 115 1
58 118 1
58 119 1
59 61 1
59 63 1
59 69 1
59 71 1
59 78 1
59 82 1
59 106 1
59 114 1
59 117 1
60 61 1
60 78 1
60 83 1
60 85 1
60 93 1
60 105 1
61 78 1
61 81 1
61 88 1
61 97 1
61 100 1
61 104 1
62 85 1
62 93 1
62 95 1
62 101 1
62 114 1
62 119 1
63 85 1
63 88 1
63 96 1
63 103 1
63 113 1
64 74 1
64 75 1
64 82 1
64 89 1
64 91 1
64 92 1
64 95 1
64 99 1
64 101 1
64 105 1
64 116 1
65 68 1
65 74 1
65 77 1
65 78 1
65 82 1
65 86 1
65 87 1
65 89 1
65 97 1
65 99 1
65 102 1
65 106 1
65 107 1
66 69 1
66 74 1
66 77 1
66 81 1
66 95 1
66 105 1
66 106 1
66 114 1
67 68 1
67 77 1
67 78 1
67 84 1
67 97 1
67 100 1
67 105 1
67 107 1
67 108 1
67 117 1
68 70 1
68 84 1
68 85 1
68 90 1
68 96 1
68 113 1
68 119 1
69 73 1
69 74 1
69 78 1
69 82 1
69 85 1
69 88 1
69 89 1
69 95 1
69 97 1
69 100 1
69 106 1
69 109 1
70 77 1
70 82 1
70 89 1
70 90 1
70 98 1
70 101 1
70 102 1
70 107 1
70 110 1
70 116 1
71 87 1
71 88 1
71 91 1
71 97 1
71 117 1
72 76 1
72 78 1
72 79 1
72 89 1
72 91 1
72 97 1
72 99 1
72 101 1
72 102 1
72 108 1
72 116 1
73 82 1
73 85 1
73 87 1
73 94 1
73 101 1
73 104 1
73 105 1
73 106 1
73 118 1
74 80 1
74 83 1
74 87 1
74 88 1
74 89 1
74 94 1
74 98 1
74 108 1
75 76 1
75 78 1
75 81 1
75 88 1
76 77 1
76 86 1
76 94 1
76 95 1
76 103 1
76 110 1
77 88 1
77 98 1
77 100 1
77 102 1
77 116 1
78 82 1
78 100 1
78 104 1
78 108 1
78 110 1
79 80 1
79 83 1
79 94 1
79 107 1
79 110 1
79 111 1
79 114 1
79 117 1
80 83 1
80 84 1
80 86 1
80 96 1
80 99 1
80 107 1
80 108 1
80 117 1
80 119 1
81 90 1
81 99 1
82 105 1
82 108 1
82 116 1
83 85 1
83 86 1
83 90 1
83 92 1
83 96 1
83 101 1
83 108 1
83 109 1
83 110 1
83 114 1
83 116 1
84 87 1
84 90 1
84 99 1
84 104 1
84 106 1
84 110 1
84 112 1
84 117 1
85 95 1
85 99 1
85 108 1
85 119 1
86 88 1
86 89 1
86 94 1
86 96 1
86 100 1
86 102 1
86 104 1
86 106 1
86 111 1
86 113 1
86 116 1
87 96 1
87 99 1
87 100 1
87 105 1
87 109 1
87 115 1
88 93 1
88 98 1
88 99 1
88 100 1
88 104 1
88 108 1
88 112 1
88 118 1
88 119 1
89 90 1
89 93 1
89 94 1
89 98 1
89 100 1
89 112 1
89 119 1
90 104 1
90 106 1
90 109 1
90 113 1
91 97 1
91 99 1
91 100 1
91 107 1
91 108 1
91 114 1
92 97 1
92 114 1
93 103 1
93 108 1
93 112 1
94 101 1
95 106 1
95 111 1
95 115 1
95 117 1
96 99 1
96 102 1
96 111 1
96 112 1
96 115 1
96 116 1
96 117 1
97 98 1
97 99 1
97 101 1
97 115 1
97 117 1
98 101 1
99 103 1
99 107 1
99 113 1
99 118 1
99 119 1
100 107 1
100 111 1
100 115 1
101 111 1
102 103 1
102 105 1
102 107 1
102 110 1
102 115 1
103 104 1
103 107 1
103 113 1
103 116 1
104 105 1
104 107 1
104 114 1
105 106 1
105 113 1
105 116 1
105 119 1
107 110 1
107 115 1
107 119 1
108 112 1
108 113 1
108 117 1
108 118 1
109 110 1
109 112 1
109 115 1
110 111 1
110 113 1
111 116 1
111 117 1
114 117 1
115 116 1
115 118 1
117 118 1
1
1 48 14 12 15 103 81 65 50 23 18 4
