938
0 1 1
0 5 1
0 15 1
0 20 1
0 30 1
0 36 1
0 52 1
0 53 1
0 54 1
0 62 1
0 66 1
0 70 1
0 71 1
0 75 1
0 80 1
0 91 1
0 94 1
0 96 1
1 3 1
1 8 1
1 9 1
1 10 1
1 25 1
1 27 1
1 31 1
1 32 1
1 37 1
1 39 1
1 45 1
1 51 1
1 60 1
1 61 1
1 64 1
1 69 1
1 71 1
1 76 1
1 77 1
1 79 1
1 83 1
1 97 1
2 17 1
2 19 1
2 30 1
2 31 1
2 39 1
2 54 1
2 57 1
2 59 1
2 67 1
2 84 1
2 92 1
3 19 1
3 30 1
3 31 1
3 34 1
3 35 1
3 38 1
3 46 1
3 54 1
3 64 1
3 70 1
3 77 1
3 86 1
3 93 1
3 98 1
4 6 1
4 8 1
4 18 1
4 19 1
4 21 1
4 23 1
4 25 1
4 27 1
4 38 1
4 39 1
4 51 1
4 58 1
4 63 1
4 78 1
4 79 1
4 80 1
4 84 1
4 87 1
4 88 1
4 91 1
4 93 1
5 8 1
5 17 1
5 22 1
5 26 1
5 27 1
5 47 1
5 51 1
5 61 1
5 73 1
5 76 1
5 85 1
5 98 1
6 7 1
6 11 1
6 15 1
6 21 1
6 28 1
6 32 1
6 33 1
6 40 1
6 48 1
6 51 1
6 57 1
6 58 1
6 59 1
6 65 1
6 66 1
6 74 1
6 78 1
6 87 1
6 89 1
6 92 1
6 95 1
6 96 1
7 12 1
7 16 1
7 28 1
7 36 1
7 39 1
7 46 1
7 63 1
7 66 1
7 71 1
7 87 1
7 92 1
7 98 1
8 17 1
8 37 1
8 40 1
8 41 1
8 47 1
8 48 1
8 50 1
8 51 1
8 52 1
8 53 1
8 68 1
8 70 1
8 72 1
8 83 1
8 97 1
8 98 1
8 99 1
9 22 1
9 26 1
9 33 1
9 40 1
9 45 1
9 48 1
9 50 1
9 51 1
9 52 1
9 55 1
9 64 1
9 67 1
9 68 1
9 73 1
9 76 1
9 85 1
9 86 1
9 87 1
9 89 1
9 94 1
9 97 1
10 13 1
10 18 1
10 21 1
10 28 1
10 30 1
10 33 1
10 34 1
10 35 1
10 37 1
10 39 1
10 43 1
10 44 1
10 53 1
10 57 1
10 58 1
10 64 1
10 68 1
10 70 1
10 79 1
10 90 1
10 91 1
10 93 1
11 21 1
11 22 1
11 23 1
11 28 1
11 35 1
11 37 1
11 39 1
11 44 1
11 55 1
11 60 1
11 61 1
11 62 1
11 70 1
11 80 1
11 81 1
11 86 1
11 90 1
12 21 1
12 24 1
12 25 1
12 28 1
12 54 1
12 60 1
12 64 1
12 77 1
12 78 1
12 84 1
12 87 1
12 93 1
12 95 1
12 97 1
12 99 1
13 15 1
13 16 1
13 38 1
13 45 1
13 51 1
13 52 1
13 53 1
13 56 1
13 57 1
13 65 1
13 66 1
13 69 1
13 71 1
13 75 1
13 95 1
13 97 1
13 99 1
14 23 1
14 32 1
14 41 1
14 43 1
14 46 1
14 56 1
14 87 1
14 88 1
14 90 1
14 93 1
14 95 1
15 24 1
15 28 1
15 31 1
15 39 1
15 45 1
15 46 1
15 47 1
15 48 1
15 51 1
15 56 1
15 68 1
15 69 1
15 79 1
15 84 1
15 90 1
15 93 1
16 17 1
16 30 1
16 32 1
16 33 1
16 37 1
16 48 1
16 49 1
16 53 1
16 55 1
16 63 1
16 72 1
16 77 1
16 87 1
16 88 1
16 98 1
17 25 1
17 29 1
17 31 1
17 36 1
17 48 1
17 52 1
17 54 1
17 61 1
17 66 1
17 70 1
17 72 1
17 77 1
17 82 1
17 85 1
17 86 1
17 91 1
17 97 1
18 22 1
18 29 1
18 31 1
18 42 1
18 45 1
18 48 1
18 53 1
18 54 1
18 57 1
18 58 1
18 63 1
18 65 1
18 67 1
18 71 1
18 73 1
18 74 1
18 83 1
18 85 1
18 93 1
18 95 1
18 99 1
19 21 1
19 23 1
19 31 1
19 32 1
19 47 1
19 51 1
19 53 1
19 57 1
19 58 1
19 59 1
19 62 1
19 67 1
19 68 1
19 81 1
19 95 1
19 98 1
20 26 1
20 31 1
20 40 1
20 51 1
20 57 1
20 62 1
20 64 1
20 70 1
20 82 1
20 89 1
20 95 1
20 96 1
21 29 1
21 41 1
21 43 1
21 49 1
21 51 1
21 54 1
21 57 1
21 62 1
21 88 1
21 96 1
22 24 1
22 25 1
22 32 1
22 41 1
22 42 1
22 61 1
22 68 1
22 77 1
22 82 1
22 89 1
22 91 1
22 95 1
22 97 1
23 26 1
23 41 1
23 42 1
23 45 1
23 51 1
23 55 1
23 57 1
23 67 1
23 72 1
23 87 1
23 89 1
24 36 1
24 37 1
24 38 1
24 42 1
24 53 1
24 55 1
24 69 1
24 82 1
24 86 1
25 29 1
25 31 1
25 33 1
25 52 1
25 65 1
25 68 1
25 80 1
25 83 1
25 84 1
25 96 1
25 98 1
26 28 1
26 36 1
26 38 1
26 41 1
26 43 1
26 44 1
26 50 1
26 51 1
26 64 1
26 68 1
26 71 1
26 73 1
26 80 1
26 91 1
27 30 1
27 31 1
27 33 1
27 48 1
27 50 1
27 51 1
27 57 1
27 58 1
27 59 1
27 61 1
27 65 1
27 69 1
27 74 1
27 75 1
27 83 1
27 84 1
27 85 1
27 89 1
27 91 1
27 97 1
27 98 1
28 32 1
28 33 1
28 34 1
28 38 1
28 43 1
28 47 1
28 49 1
28 50 1
28 52 1
28 58 1
28 69 1
28 74 1
28 77 1
28 82 1
28 85 1
28 86 1
28 91 1
28 93 1
28 96 1
29 31 1
29 36 1
29 45 1
29 46 1
29 48 1
29 51 1
29 54 1
29 60 1
29 64 1
29 74 1
29 75 1
29 76 1
29 78 1
29 83 1
29 84 1
29 86 1
29 96 1
30 32 1
30 34 1
30 37 1
30 38 1
30 40 1
30 42 1
30 43 1
30 52 1
30 53 1
30 54 1
30 58 1
30 66 1
30 72 1
30 92 1
30 97 1
30 99 1
31 39 1
31 43 1
31 52 1
31 63 1
31 68 1
31 73 1
31 79 1
31 82 1
31 91 1
32 42 1
32 43 1
32 45 1
32 54 1
32 57 1
32 59 1
32 62 1
32 68 1
32 71 1
32 73 1
32 79 1
32 80 1
32 97 1
33 34 1
33 37 1
33 38 1
33 39 1
33 49 1
33 55 1
33 62 1
33 70 1
33 73 1
33 74 1
33 82 1
33 85 1
33 88 1
33 89 1
33 94 1
33 97 1
34 37 1
34 39 1
34 42 1
34 46 1
34 57 1
34 62 1
34 73 1
34 78 1
34 92 1
35 43 1
35 44 1
35 47 1
35 48 1
35 53 1
35 61 1
35 68 1
35 77 1
35 83 1
35 95 1
35 97 1
36 37 1
36 39 1
36 40 1
36 48 1
36 50 1
36 54 1
36 57 1
36 60 1
36 61 1
36 62 1
36 64 1
36 68 1
36 80 1
36 85 1
36 87 1
36 91 1
36 92 1
37 38 1
37 39 1
37 46 1
37 55 1
37 68 1
37 72 1
37 81 1
37 95 1
37 96 1
37 97 1
38 40 1
38 41 1
38 43 1
38 44 1
38 52 1
38 58 1
38 60 1
38 63 1
38 69 1
38 72 1
38 73 1
38 76 1
38 78 1
38 85 1
38 86 1
38 90 1
38 95 1
38 96 1
38 98 1
39 49 1
39 58 1
39 71 1
39 75 1
39 76 1
39 80 1
39 81 1
39 95 1
39 99 1
40 43 1
40 48 1
40 49 1
40 54 1
40 59 1
40 75 1
40 77 1
40 78 1
40 84 1
40 86 1
40 92 1
41 44 1
41 47 1
41 51 1
41 53 1
41 63 1
41 68 1
41 73 1
41 76 1
41 77 1
41 79 1
41 92 1
41 93 1
41 94 1
42 44 1
42 46 1
42 47 1
42 49 1
42 64 1
42 66 1
42 68 1
42 72 1
42 81 1
42 85 1
42 88 1
42 89 1
42 90 1
43 45 1
43 49 1
43 52 1
43 53 1
43 54 1
43 55 1
43 59 1
43 62 1
43 63 1
43 71 1
43 75 1
43 79 1
43 83 1
43 86 1
43 90 1
43 97 1
44 64 1
44 65 1
44 66 1
44 69 1
44 71 1
44 77 1
44 79 1
44 81 1
45 48 1
45 49 1
45 52 1
45 55 1
45 68 1
45 70 1
45 84 1
45 85 1
45 94 1
46 50 1
46 61 1
46 62 1
46 64 1
46 65 1
46 66 1
46 68 1
46 69 1
46 71 1
46 74 1
46 75 1
46 81 1
46 82 1
46 99 1
47 53 1
47 55 1
47 62 1
47 67 1
47 70 1
47 72 1
47 89 1
47 91 1
47 99 1
48 49 1
48 51 1
48 53 1
48 56 1
48 58 1
48 60 1
48 61 1
48 62 1
48 71 1
48 72 1
48 73 1
48 80 1
48 88 1
48 94 1
48 95 1
48 96 1
48 97 1
49 53 1
49 54 1
49 64 1
49 77 1
49 80 1
49 83 1
49 89 1
49 90 1
49 91 1
49 92 1
49 96 1
49 99 1
50 53 1
50 56 1
50 58 1
50 60 1
50 61 1
50 79 1
50 81 1
50 84 1
50 86 1
51 53 1
51 55 1
51 58 1
51 60 1
51 63 1
51 70 1
51 71 1
51 78 1
51 82 1
51 94 1
51 96 1
51 99 1
52 61 1
52 66 1
52 72 1
52 73 1
52 77 1
52 78 1
52 79 1
52 84 1
52 88 1
52 97 1
52 99 1
53 67 1
53 71 1
53 81 1
53 84 1
53 93 1
53 95 1
53 97 1
54 73 1
54 94 1
55 57 1
55 62 1
55 63 1
55 66 1
55 71 1
55 78 1
55 81 1
55 82 1
55 83 1
55 84 1
55 96 1
56 57 1
56 64 1
56 89 1
57 59 1
57 64 1
57 84 1
58 73 1
58 77 1
58 81 1
58 83 1
58 86 1
58 87 1
58 92 1
59 63 1
59 66 1
59 68 1
59 72 1
59 75 1
59 76 1
59 83 1
59 85 1
59 87 1
59 94 1
59 96 1
60 63 1
60 67 1
60 73 1
60 79 1
60 82 1
60 87 1
61 63 1
61 65 1
61 70 1
61 76 1
61 85 1
61 89 1
61 90 1
61 92 1
61 95 1
62 67 1
62 74 1
62 76 1
62 90 1
62 96 1
62 97 1
63 65 1
63 70 1
63 81 1
63 87 1
63 93 1
63 94 1
64 69 1
64 77 1
64 78 1
64 86 1
64 89 1
64 98 1
65 66 1
65 68 1
65 79 1
65 80 1
65 91 1
65 96 1
66 70 1
66 80 1
66 85 1
66 90 1
66 92 1
66 98 1
66 99 1
67 68 1
67 70 1
67 72 1
67 83 1
67 89 1
67 92 1
67 95 1
68 78 1
68 82 1
68 84 1
68 89 1
69 78 1
69 80 1
69 82 1
69 87 1
69 89 1
69 94 1
70 89 1
70 92 1
71 73 1
71 78 1
71 79 1
71 80 1
71 83 1
71 84 1
72 75 1
72 92 1
72 96 1
73 74 1
73 79 1
73 84 1
73 90 1
73 95 1
74 91 1
74 92 1
74 95 1
75 85 1
75 86 1
75 87 1
75 93 1
75 96 1
76 83 1
76 88 1
76 91 1
76 94 1
76 96 1
76 99 1
77 80 1
77 82 1
77 83 1
77 86 1
78 82 1
78 88 1
78 89 1
79 96 1
80 93 1
80 94 1
80 96 1
81 82 1
81 95 1
81 97 1
81 99 1
82 86 1
82 91 1
82 95 1
83 85 1
83 86 1
83 89 1
83 94 1
83 96 1
85 94 1
85 96 1
85 97 1
85 99 1
86 93 1
87 90 1
87 91 1
87 97 1
87 99 1
88 98 1
88 99 1
89 92 1
89 95 1
91 95 1
92 94 1
92 99 1
93 97 1
95 97 1
95 98 1
96 99 1
97 98 1
1
67 51 21 83 39 94 84 97 27 68
