2019
0 6 1
0 12 1
0 39 1
0 46 1
0 60 1
0 71 1
0 88 1
0 95 1
0 103 1
0 105 1
0 109 1
0 120 1
0 123 1
0 140 1
0 141 1
0 150 1
0 167 1
0 168 1
0 185 1
1 6 1
1 8 1
1 10 1
1 19 1
1 33 1
1 61 1
1 66 1
1 85 1
1 89 1
1 93 1
1 103 1
1 115 1
1 125 1
1 136 1
1 140 1
1 147 1
1 166 1
1 174 1
1 179 1
2 8 1
2 20 1
2 32 1
2 41 1
2 44 1
2 46 1
2 53 1
2 54 1
2 61 1
2 66 1
2 67 1
2 68 1
2 91 1
2 102 1
2 123 1
2 125 1
2 129 1
2 130 1
2 136 1
2 142 1
2 156 1
2 172 1
2 179 1
2 189 1
3 13 1
3 17 1
3 25 1
3 42 1
3 48 1
3 57 1
3 71 1
3 78 1
3 91 1
3 105 1
3 109 1
3 122 1
3 125 1
3 129 1
3 133 1
3 141 1
3 143 1
3 160 1
3 162 1
3 166 1
3 180 1
4 15 1
4 21 1
4 33 1
4 37 1
4 55 1
4 70 1
4 80 1
4 86 1
4 100 1
4 106 1
4 117 1
4 123 1
4 133 1
4 134 1
4 142 1
4 150 1
4 154 1
4 161 1
4 165 1
4 169 1
4 171 1
4 187 1
5 10 1
5 13 1
5 42 1
5 74 1
5 78 1
5 108 1
5 111 1
5 120 1
5 129 1
5 134 1
5 141 1
5 147 1
5 151 1
5 154 1
5 155 1
5 161 1
5 163 1
5 168 1
5 169 1
5 178 1
5 179 1
5 180 1
5 181 1
5 186 1
6 19 1
6 22 1
6 31 1
6 35 1
6 43 1
6 48 1
6 61 1
6 63 1
6 70 1
6 74 1
6 91 1
6 111 1
6 115 1
6 116 1
6 124 1
6 131 1
6 133 1
6 139 1
6 143 1
6 163 1
6 165 1
6 186 1
7 24 1
7 42 1
7 54 1
7 61 1
7 87 1
7 89 1
7 92 1
7 96 1
7 104 1
7 123 1
7 125 1
7 128 1
7 140 1
7 146 1
7 148 1
7 163 1
7 180 1
8 24 1
8 37 1
8 41 1
8 42 1
8 50 1
8 51 1
8 52 1
8 67 1
8 69 1
8 72 1
8 75 1
8 78 1
8 82 1
8 90 1
8 94 1
8 104 1
8 110 1
8 118 1
8 119 1
8 123 1
8 139 1
8 145 1
8 171 1
8 177 1
9 11 1
9 14 1
9 23 1
9 27 1
9 44 1
9 48 1
9 69 1
9 75 1
9 80 1
9 96 1
9 109 1
9 115 1
9 120 1
9 127 1
9 154 1
9 160 1
9 164 1
9 174 1
9 183 1
10 19 1
10 21 1
10 25 1
10 46 1
10 77 1
10 81 1
10 92 1
10 105 1
10 109 1
10 112 1
10 114 1
10 119 1
10 135 1
10 139 1
10 159 1
10 165 1
10 182 1
11 18 1
11 24 1
11 34 1
11 36 1
11 47 1
11 57 1
11 60 1
11 62 1
11 64 1
11 66 1
11 123 1
11 135 1
11 145 1
11 146 1
11 151 1
11 176 1
11 183 1
11 185 1
12 40 1
12 53 1
12 62 1
12 77 1
12 83 1
12 84 1
12 129 1
12 138 1
12 154 1
12 173 1
12 188 1
13 39 1
13 49 1
13 51 1
13 52 1
13 56 1
13 86 1
13 93 1
13 96 1
13 98 1
13 102 1
13 105 1
13 110 1
13 115 1
13 122 1
13 140 1
13 141 1
13 149 1
13 154 1
13 157 1
13 164 1
13 174 1
13 176 1
13 185 1
13 188 1
14 17 1
14 23 1
14 31 1
14 40 1
14 44 1
14 49 1
14 55 1
14 61 1
14 64 1
14 114 1
14 122 1
14 125 1
14 128 1
14 143 1
14 144 1
14 169 1
14 185 1
14 187 1
15 17 1
15 30 1
15 51 1
15 57 1
15 60 1
15 64 1
15 65 1
15 67 1
15 77 1
15 78 1
15 82 1
15 90 1
15 92 1
15 93 1
15 101 1
15 105 1
15 108 1
15 116 1
15 117 1
15 119 1
15 126 1
15 128 1
15 130 1
15 137 1
15 139 1
15 149 1
15 151 1
15 154 1
15 167 1
15 171 1
15 178 1
15 189 1
16 30 1
16 37 1
16 52 1
16 54 1
16 56 1
16 82 1
16 108 1
16 120 1
16 133 1
16 134 1
16 138 1
16 141 1
16 157 1
16 161 1
16 162 1
16 172 1
16 181 1
17 24 1
17 35 1
17 36 1
17 47 1
17 55 1
17 60 1
17 78 1
17 81 1
17 89 1
17 90 1
17 91 1
17 118 1
17 131 1
17 139 1
17 140 1
17 141 1
17 148 1
17 149 1
17 151 1
17 168 1
17 189 1
18 26 1
18 30 1
18 35 1
18 43 1
18 55 1
18 61 1
18 78 1
18 110 1
18 123 1
18 129 1
18 134 1
18 148 1
18 155 1
18 156 1
18 158 1
18 160 1
18 161 1
18 168 1
18 176 1
19 22 1
19 23 1
19 38 1
19 42 1
19 56 1
19 57 1
19 71 1
19 79 1
19 87 1
19 88 1
19 91 1
19 99 1
19 103 1
19 105 1
19 109 1
19 114 1
19 118 1
19 128 1
19 137 1
19 142 1
19 153 1
19 154 1
19 155 1
19 174 1
19 185 1
20 32 1
20 36 1
20 40 1
20 47 1
20 57 1
20 62 1
20 94 1
20 98 1
20 109 1
20 117 1
20 123 1
20 137 1
20 165 1
20 173 1
20 176 1
21 31 1
21 42 1
21 43 1
21 70 1
21 76 1
21 79 1
21 116 1
21 117 1
21 129 1
21 133 1
21 136 1
21 141 1
21 146 1
21 159 1
21 163 1
21 178 1
21 185 1
22 32 1
22 39 1
22 54 1
22 57 1
22 68 1
22 72 1
22 82 1
22 85 1
22 87 1
22 105 1
22 107 1
22 147 1
22 157 1
22 165 1
22 167 1
22 169 1
22 172 1
22 178 1
22 187 1
23 41 1
23 44 1
23 45 1
23 50 1
23 56 1
23 63 1
23 68 1
23 79 1
23 84 1
23 85 1
23 92 1
23 94 1
23 102 1
23 112 1
23 114 1
23 120 1
23 137 1
23 142 1
23 144 1
23 151 1
23 153 1
23 154 1
23 165 1
23 169 1
23 172 1
23 189 1
24 33 1
24 41 1
24 46 1
24 53 1
24 64 1
24 72 1
24 74 1
24 84 1
24 104 1
24 105 1
24 109 1
24 111 1
24 119 1
24 125 1
24 129 1
24 143 1
24 144 1
24 156 1
24 157 1
24 170 1
25 32 1
25 34 1
25 42 1
25 58 1
25 69 1
25 70 1
25 72 1
25 77 1
25 78 1
25 99 1
25 102 1
25 109 1
25 147 1
25 164 1
25 169 1
25 171 1
25 178 1
25 180 1
25 183 1
26 27 1
26 28 1
26 34 1
26 40 1
26 63 1
26 70 1
26 75 1
26 87 1
26 95 1
26 96 1
26 110 1
26 115 1
26 118 1
26 140 1
26 145 1
26 153 1
26 167 1
26 168 1
26 174 1
26 175 1
26 179 1
26 186 1
27 29 1
27 36 1
27 38 1
27 42 1
27 52 1
27 53 1
27 54 1
27 65 1
27 70 1
27 71 1
27 72 1
27 82 1
27 94 1
27 97 1
27 126 1
27 142 1
27 152 1
27 153 1
27 159 1
27 169 1
27 174 1
27 187 1
28 45 1
28 69 1
28 71 1
28 74 1
28 78 1
28 94 1
28 100 1
28 110 1
28 112 1
28 124 1
28 137 1
28 142 1
28 152 1
28 155 1
28 160 1
28 162 1
29 30 1
29 42 1
29 64 1
29 67 1
29 103 1
29 132 1
29 133 1
29 158 1
29 159 1
29 162 1
29 172 1
29 179 1
30 35 1
30 41 1
30 57 1
30 62 1
30 67 1
30 80 1
30 82 1
30 90 1
30 106 1
30 123 1
30 124 1
30 128 1
30 138 1
30 151 1
30 168 1
30 177 1
30 179 1
30 187 1
31 32 1
31 44 1
31 55 1
31 57 1
31 69 1
31 71 1
31 122 1
31 136 1
31 150 1
31 156 1
31 178 1
31 181 1
32 64 1
32 71 1
32 76 1
32 78 1
32 91 1
32 109 1
32 114 1
32 123 1
32 137 1
32 158 1
32 183 1
32 187 1
33 34 1
33 35 1
33 40 1
33 58 1
33 71 1
33 82 1
33 101 1
33 111 1
33 125 1
33 126 1
33 172 1
33 177 1
34 69 1
34 84 1
34 98 1
34 112 1
34 114 1
34 118 1
34 123 1
34 127 1
34 131 1
34 144 1
34 168 1
34 179 1
35 39 1
35 62 1
35 75 1
35 76 1
35 79 1
35 81 1
35 89 1
35 90 1
35 93 1
35 106 1
35 107 1
35 112 1
35 116 1
35 136 1
35 142 1
35 149 1
35 155 1
35 179 1
35 180 1
35 181 1
36 38 1
36 39 1
36 41 1
36 50 1
36 51 1
36 72 1
36 84 1
36 90 1
36 97 1
36 104 1
36 119 1
36 120 1
36 121 1
36 126 1
36 127 1
36 134 1
36 145 1
36 150 1
36 153 1
36 157 1
36 160 1
36 177 1
36 181 1
37 86 1
37 90 1
37 97 1
37 103 1
37 108 1
37 110 1
37 115 1
37 123 1
37 136 1
37 148 1
37 150 1
37 154 1
37 161 1
37 166 1
37 173 1
37 174 1
37 175 1
37 178 1
38 53 1
38 56 1
38 69 1
38 74 1
38 80 1
38 86 1
38 88 1
38 93 1
38 95 1
38 105 1
38 122 1
38 136 1
38 142 1
38 155 1
38 158 1
38 163 1
38 166 1
38 167 1
38 181 1
38 185 1
38 189 1
39 42 1
39 51 1
39 71 1
39 76 1
39 81 1
39 83 1
39 113 1
39 118 1
39 132 1
39 135 1
39 136 1
39 141 1
39 152 1
39 170 1
39 171 1
40 41 1
40 44 1
40 46 1
40 47 1
40 52 1
40 62 1
40 70 1
40 86 1
40 87 1
40 88 1
40 90 1
40 96 1
40 97 1
40 106 1
40 109 1
40 130 1
40 140 1
40 182 1
40 186 1
41 47 1
41 48 1
41 54 1
41 56 1
41 60 1
41 61 1
41 63 1
41 65 1
41 79 1
41 80 1
41 81 1
41 86 1
41 94 1
41 107 1
41 111 1
41 116 1
41 130 1
41 148 1
41 151 1
41 181 1
41 184 1
42 63 1
42 65 1
42 115 1
42 118 1
42 124 1
42 149 1
42 154 1
42 157 1
42 174 1
42 182 1
42 184 1
43 55 1
43 76 1
43 78 1
43 90 1
43 95 1
43 98 1
43 99 1
43 123 1
43 129 1
43 141 1
43 145 1
43 150 1
43 151 1
43 158 1
43 160 1
43 161 1
43 168 1
43 173 1
43 181 1
43 189 1
44 48 1
44 52 1
44 53 1
44 63 1
44 71 1
44 76 1
44 78 1
44 89 1
44 93 1
44 95 1
44 113 1
44 114 1
44 116 1
44 130 1
44 138 1
44 158 1
44 160 1
44 165 1
44 184 1
45 61 1
45 62 1
45 81 1
45 97 1
45 104 1
45 116 1
45 123 1
45 128 1
45 132 1
45 144 1
45 170 1
45 175 1
45 181 1
46 47 1
46 61 1
46 82 1
46 89 1
46 99 1
46 107 1
46 118 1
46 125 1
46 126 1
46 140 1
46 142 1
46 144 1
46 147 1
46 167 1
46 168 1
46 177 1
46 183 1
47 49 1
47 63 1
47 69 1
47 79 1
47 90 1
47 92 1
47 117 1
47 119 1
47 126 1
47 137 1
47 166 1
47 169 1
47 175 1
48 49 1
48 57 1
48 58 1
48 60 1
48 70 1
48 86 1
48 92 1
48 97 1
48 116 1
48 127 1
48 128 1
48 131 1
48 132 1
48 133 1
48 143 1
48 156 1
48 185 1
49 97 1
49 104 1
49 107 1
49 108 1
49 113 1
49 117 1
49 120 1
49 124 1
49 125 1
49 127 1
49 138 1
49 143 1
49 158 1
49 159 1
49 168 1
49 172 1
50 51 1
50 53 1
50 70 1
50 79 1
50 97 1
50 106 1
50 114 1
50 116 1
50 126 1
50 134 1
50 142 1
50 162 1
50 164 1
50 168 1
50 171 1
50 184 1
51 58 1
51 68 1
51 85 1
51 95 1
51 113 1
51 123 1
51 135 1
51 139 1
51 154 1
51 161 1
51 175 1
51 177 1
51 180 1
52 79 1
52 84 1
52 85 1
52 87 1
52 90 1
52 94 1
52 107 1
52 111 1
52 112 1
52 115 1
52 137 1
52 150 1
52 167 1
52 179 1
52 185 1
53 64 1
53 80 1
53 91 1
53 96 1
53 97 1
53 101 1
53 109 1
53 110 1
53 130 1
53 134 1
53 135 1
53 146 1
53 147 1
53 163 1
53 180 1
53 189 1
54 57 1
54 63 1
54 64 1
54 67 1
54 69 1
54 81 1
54 88 1
54 89 1
54 90 1
54 92 1
54 93 1
54 105 1
54 125 1
54 126 1
54 137 1
54 147 1
54 148 1
54 157 1
54 161 1
55 61 1
55 70 1
55 75 1
55 92 1
55 94 1
55 97 1
55 98 1
55 99 1
55 116 1
55 130 1
55 131 1
55 146 1
55 147 1
55 151 1
55 154 1
55 157 1
55 177 1
55 180 1
55 185 1
56 61 1
56 70 1
56 78 1
56 79 1
56 91 1
56 98 1
56 103 1
56 119 1
56 134 1
56 136 1
56 178 1
57 74 1
57 80 1
57 82 1
57 83 1
57 102 1
57 103 1
57 121 1
57 128 1
57 152 1
57 157 1
57 167 1
57 168 1
57 179 1
57 182 1
58 68 1
58 72 1
58 74 1
58 100 1
58 120 1
58 131 1
58 144 1
58 148 1
58 161 1
58 168 1
59 61 1
59 63 1
59 65 1
59 69 1
59 74 1
59 79 1
59 88 1
59 96 1
59 111 1
59 117 1
59 129 1
59 130 1
59 163 1
59 164 1
59 178 1
60 63 1
60 81 1
60 88 1
60 95 1
60 100 1
60 104 1
60 121 1
60 131 1
60 132 1
60 141 1
60 144 1
60 147 1
60 155 1
60 157 1
60 169 1
60 170 1
60 180 1
60 184 1
60 186 1
61 69 1
61 87 1
61 90 1
61 99 1
61 108 1
61 109 1
61 121 1
61 138 1
61 149 1
61 156 1
61 176 1
61 185 1
61 189 1
62 74 1
62 86 1
62 101 1
62 103 1
62 129 1
62 136 1
62 144 1
62 158 1
62 159 1
62 184 1
63 64 1
63 70 1
63 88 1
63 100 1
63 105 1
63 108 1
63 116 1
63 119 1
63 138 1
63 141 1
63 143 1
63 167 1
63 170 1
63 173 1
63 184 1
63 185 1
64 65 1
64 75 1
64 82 1
64 83 1
64 93 1
64 115 1
64 120 1
64 133 1
64 160 1
64 176 1
65 74 1
65 76 1
65 80 1
65 92 1
65 104 1
65 127 1
65 131 1
65 135 1
65 148 1
65 149 1
65 151 1
65 152 1
65 155 1
65 160 1
65 165 1
65 172 1
65 183 1
65 186 1
66 71 1
66 79 1
66 81 1
66 82 1
66 105 1
66 119 1
66 131 1
66 133 1
66 135 1
66 138 1
66 140 1
66 150 1
66 176 1
67 83 1
67 111 1
67 116 1
67 117 1
67 119 1
67 125 1
67 127 1
67 134 1
67 138 1
67 143 1
67 152 1
67 168 1
67 169 1
67 174 1
67 182 1
67 186 1
68 69 1
68 79 1
68 93 1
68 97 1
68 99 1
68 127 1
68 136 1
68 140 1
68 145 1
68 150 1
68 161 1
68 172 1
68 177 1
68 182 1
68 186 1
69 84 1
69 85 1
69 87 1
69 91 1
69 92 1
69 95 1
69 98 1
69 101 1
69 103 1
69 111 1
69 112 1
69 127 1
69 134 1
69 135 1
69 141 1
69 144 1
69 154 1
69 167 1
69 171 1
69 178 1
69 181 1
70 82 1
70 85 1
70 91 1
70 96 1
70 104 1
70 113 1
70 123 1
70 139 1
70 152 1
70 173 1
70 182 1
70 183 1
70 186 1
71 72 1
71 75 1
71 80 1
71 95 1
71 110 1
71 112 1
71 119 1
71 143 1
71 153 1
71 160 1
71 162 1
71 170 1
71 173 1
71 181 1
71 185 1
71 189 1
72 84 1
72 92 1
72 99 1
72 109 1
72 120 1
72 125 1
72 142 1
72 149 1
72 159 1
72 178 1
73 81 1
73 82 1
73 84 1
73 88 1
73 95 1
73 96 1
73 102 1
73 107 1
73 112 1
73 116 1
73 120 1
73 123 1
73 139 1
73 153 1
73 156 1
73 159 1
73 174 1
73 187 1
73 189 1
74 76 1
74 85 1
74 103 1
74 106 1
74 114 1
74 121 1
74 146 1
74 148 1
74 152 1
74 159 1
74 172 1
74 176 1
75 80 1
75 89 1
75 97 1
75 99 1
75 105 1
75 108 1
75 110 1
75 118 1
75 120 1
75 137 1
75 142 1
75 160 1
75 166 1
75 169 1
75 170 1
75 178 1
76 86 1
76 94 1
76 106 1
76 126 1
76 136 1
76 139 1
76 145 1
76 154 1
76 177 1
77 89 1
77 138 1
77 146 1
77 155 1
77 181 1
78 80 1
78 83 1
78 86 1
78 87 1
78 95 1
78 108 1
78 116 1
78 121 1
78 128 1
78 143 1
78 146 1
78 160 1
78 184 1
78 188 1
79 127 1
79 128 1
79 139 1
79 140 1
79 151 1
79 167 1
79 169 1
79 176 1
79 189 1
80 105 1
80 114 1
80 120 1
80 124 1
80 133 1
80 135 1
80 137 1
80 171 1
80 176 1
81 82 1
81 85 1
81 97 1
81 107 1
81 108 1
81 109 1
81 112 1
81 113 1
81 117 1
81 133 1
81 137 1
81 144 1
81 158 1
81 170 1
81 173 1
81 178 1
81 185 1
81 188 1
82 86 1
82 101 1
82 104 1
82 110 1
82 138 1
82 167 1
82 188 1
83 94 1
83 97 1
83 98 1
83 99 1
83 112 1
83 122 1
83 125 1
83 153 1
83 157 1
83 160 1
83 165 1
83 189 1
84 97 1
84 113 1
84 128 1
84 145 1
84 148 1
84 152 1
84 163 1
84 176 1
84 188 1
85 104 1
85 110 1
85 130 1
85 145 1
85 151 1
85 153 1
85 178 1
85 187 1
86 149 1
86 151 1
86 166 1
86 172 1
86 188 1
87 98 1
87 120 1
87 129 1
87 140 1
87 144 1
87 146 1
87 154 1
87 171 1
87 176 1
87 178 1
87 185 1
87 189 1
88 106 1
88 110 1
88 125 1
88 127 1
88 134 1
88 137 1
88 139 1
88 152 1
88 167 1
88 168 1
89 95 1
89 130 1
89 134 1
89 141 1
89 145 1
89 153 1
89 165 1
89 181 1
89 184 1
90 107 1
90 115 1
90 116 1
90 130 1
90 138 1
90 157 1
90 163 1
90 167 1
90 173 1
90 174 1
90 175 1
90 178 1
90 181 1
91 93 1
91 163 1
91 168 1
91 169 1
92 128 1
92 129 1
92 130 1
92 171 1
92 172 1
92 175 1
92 181 1
92 187 1
93 102 1
93 122 1
93 124 1
93 131 1
93 133 1
93 135 1
93 139 1
93 148 1
93 174 1
93 176 1
93 178 1
93 181 1
94 97 1
94 101 1
94 115 1
94 117 1
94 125 1
94 131 1
94 132 1
94 133 1
94 137 1
94 157 1
95 106 1
95 134 1
95 135 1
95 136 1
95 146 1
95 153 1
95 179 1
96 108 1
96 112 1
96 113 1
96 124 1
96 129 1
96 139 1
96 149 1
96 160 1
96 162 1
96 186 1
97 110 1
97 120 1
97 129 1
97 131 1
97 138 1
97 145 1
97 148 1
97 149 1
97 157 1
97 160 1
97 162 1
97 172 1
97 178 1
97 186 1
98 99 1
98 109 1
98 117 1
98 124 1
98 126 1
98 144 1
98 147 1
98 176 1
98 177 1
98 182 1
99 101 1
99 107 1
99 114 1
99 120 1
99 126 1
99 140 1
99 142 1
99 147 1
99 152 1
99 159 1
99 161 1
99 183 1
100 103 1
100 121 1
100 128 1
100 144 1
100 163 1
100 168 1
100 171 1
100 181 1
100 183 1
100 189 1
101 102 1
101 113 1
101 116 1
101 119 1
101 122 1
101 127 1
101 134 1
101 141 1
101 146 1
101 149 1
101 169 1
101 172 1
102 103 1
102 171 1
102 173 1
102 182 1
103 109 1
103 115 1
103 150 1
103 158 1
103 162 1
103 164 1
103 185 1
104 115 1
104 116 1
104 133 1
104 151 1
104 153 1
104 154 1
104 157 1
104 161 1
105 109 1
105 126 1
105 130 1
105 139 1
105 140 1
105 168 1
105 171 1
105 186 1
106 112 1
106 129 1
106 142 1
106 143 1
106 151 1
106 169 1
106 172 1
106 174 1
106 180 1
107 118 1
107 122 1
107 147 1
107 166 1
107 183 1
107 186 1
108 118 1
108 121 1
108 123 1
108 140 1
108 143 1
108 165 1
108 171 1
108 173 1
108 181 1
108 182 1
108 183 1
108 188 1
109 118 1
109 131 1
109 142 1
109 153 1
109 155 1
109 161 1
109 166 1
109 168 1
110 111 1
110 124 1
110 126 1
110 130 1
110 137 1
110 152 1
110 155 1
110 159 1
110 160 1
110 162 1
110 163 1
110 171 1
110 176 1
110 182 1
111 114 1
111 124 1
111 129 1
111 137 1
111 140 1
111 147 1
111 154 1
111 155 1
111 182 1
111 183 1
111 188 1
112 119 1
112 123 1
112 136 1
112 172 1
112 180 1
112 181 1
112 183 1
112 188 1
112 189 1
113 121 1
113 140 1
113 147 1
113 153 1
113 161 1
113 170 1
113 171 1
113 180 1
113 187 1
113 188 1
114 120 1
114 121 1
114 139 1
114 145 1
114 146 1
114 147 1
114 169 1
114 184 1
115 143 1
115 171 1
115 175 1
115 177 1
115 178 1
116 130 1
116 136 1
116 140 1
116 153 1
116 160 1
116 172 1
116 175 1
116 178 1
116 180 1
117 121 1
117 122 1
117 129 1
117 136 1
117 160 1
117 179 1
117 184 1
118 120 1
118 135 1
118 139 1
118 144 1
118 158 1
118 160 1
118 164 1
118 176 1
118 184 1
119 128 1
119 131 1
119 149 1
119 150 1
119 157 1
119 158 1
119 175 1
119 177 1
120 126 1
120 136 1
120 137 1
120 158 1
120 174 1
120 182 1
121 123 1
121 131 1
121 135 1
121 143 1
121 149 1
121 158 1
121 175 1
121 177 1
121 181 1
121 187 1
122 143 1
122 148 1
122 152 1
122 170 1
122 173 1
122 176 1
122 177 1
122 181 1
123 130 1
123 139 1
123 142 1
123 146 1
123 156 1
123 162 1
123 164 1
124 128 1
124 129 1
124 142 1
124 143 1
124 148 1
124 156 1
124 157 1
124 165 1
124 167 1
124 169 1
124 175 1
125 131 1
125 139 1
125 152 1
125 169 1
125 171 1
125 173 1
125 175 1
125 187 1
126 142 1
126 146 1
126 155 1
126 156 1
126 157 1
126 188 1
127 129 1
127 135 1
127 136 1
127 146 1
127 162 1
127 163 1
127 184 1
127 185 1
127 188 1
128 136 1
128 160 1
128 166 1
129 137 1
129 142 1
129 165 1
129 166 1
129 171 1
129 188 1
130 138 1
130 148 1
130 151 1
130 167 1
130 170 1
130 189 1
131 134 1
131 139 1
131 144 1
131 147 1
131 148 1
131 157 1
131 161 1
131 169 1
132 139 1
132 142 1
132 143 1
132 156 1
132 175 1
132 177 1
133 138 1
133 147 1
133 176 1
133 179 1
134 142 1
134 148 1
134 154 1
134 173 1
134 177 1
134 178 1
134 186 1
135 140 1
135 143 1
135 153 1
135 158 1
135 159 1
135 163 1
135 170 1
135 171 1
136 143 1
136 145 1
136 151 1
136 154 1
136 168 1
136 174 1
136 180 1
136 182 1
136 184 1
136 188 1
137 139 1
137 152 1
137 163 1
137 177 1
137 182 1
138 139 1
138 155 1
138 156 1
138 158 1
138 161 1
138 176 1
139 146 1
139 155 1
139 164 1
139 175 1
139 189 1
140 171 1
140 173 1
140 175 1
140 189 1
141 150 1
141 152 1
141 161 1
141 168 1
141 169 1
141 179 1
141 181 1
141 182 1
141 189 1
142 147 1
142 151 1
142 158 1
142 159 1
142 161 1
142 171 1
142 186 1
143 151 1
143 152 1
143 160 1
143 177 1
143 180 1
143 181 1
143 186 1
143 188 1
143 189 1
144 148 1
144 159 1
144 164 1
144 165 1
144 167 1
144 169 1
144 182 1
144 186 1
144 188 1
145 160 1
145 161 1
145 162 1
146 158 1
146 167 1
146 177 1
146 178 1
146 180 1
146 185 1
147 156 1
147 159 1
147 164 1
147 184 1
147 185 1
147 186 1
149 158 1
149 177 1
149 183 1
150 159 1
151 161 1
151 162 1
151 163 1
151 173 1
151 175 1
152 159 1
152 160 1
152 161 1
152 163 1
152 166 1
152 168 1
152 173 1
152 180 1
152 184 1
153 161 1
153 168 1
153 175 1
153 177 1
153 187 1
154 157 1
154 163 1
154 170 1
154 182 1
155 168 1
155 175 1
155 176 1
155 177 1
156 177 1
156 182 1
157 160 1
157 177 1
157 182 1
157 185 1
158 169 1
158 175 1
158 176 1
158 180 1
159 174 1
159 175 1
159 179 1
160 165 1
160 186 1
161 170 1
161 175 1
161 177 1
162 169 1
162 170 1
163 165 1
163 167 1
163 185 1
164 185 1
164 188 1
164 189 1
165 168 1
165 171 1
165 172 1
165 184 1
166 169 1
166 181 1
166 184 1
167 169 1
167 171 1
167 178 1
167 180 1
167 184 1
168 170 1
168 172 1
168 176 1
168 181 1
168 186 1
168 188 1
169 189 1
170 178 1
170 183 1
171 189 1
173 184 1
173 185 1
173 186 1
174 178 1
175 181 1
175 182 1
176 179 1
177 180 1
177 185 1
177 186 1
177 187 1
178 182 1
179 182 1
179 184 1
181 183 1
181 186 1
181 187 1
181 188 1
182 185 1
183 189 1
184 187 1
185 186 1
186 189 1
1
172 31 39 10 186 119 160 29 114 1 88 177 188 28 87 75 122 179 129
