779
0 13 1
0 15 1
0 19 1
0 22 1
0 28 1
0 30 1
0 35 1
0 36 1
0 38 1
0 44 1
0 53 1
0 61 1
0 64 1
0 66 1
0 69 1
0 70 1
0 75 1
0 83 1
1 7 1
1 13 1
1 16 1
1 23 1
1 30 1
1 35 1
1 36 1
1 44 1
1 53 1
1 55 1
1 57 1
1 58 1
1 59 1
1 62 1
1 68 1
1 70 1
1 71 1
1 72 1
1 77 1
1 79 1
1 81 1
1 85 1
2 3 1
2 4 1
2 5 1
2 8 1
2 12 1
2 17 1
2 18 1
2 32 1
2 48 1
2 49 1
2 52 1
2 53 1
2 54 1
2 59 1
2 69 1
2 83 1
3 4 1
3 13 1
3 21 1
3 22 1
3 24 1
3 25 1
3 37 1
3 48 1
3 49 1
3 55 1
3 56 1
3 61 1
3 66 1
3 67 1
3 69 1
3 72 1
3 79 1
3 83 1
3 88 1
4 9 1
4 18 1
4 22 1
4 34 1
4 45 1
4 61 1
4 62 1
4 66 1
4 67 1
4 80 1
4 84 1
5 10 1
5 14 1
5 16 1
5 42 1
5 61 1
5 64 1
5 76 1
5 81 1
5 82 1
6 14 1
6 23 1
6 42 1
6 57 1
6 60 1
6 64 1
6 65 1
6 66 1
6 67 1
6 68 1
6 70 1
6 74 1
6 78 1
6 83 1
7 14 1
7 15 1
7 19 1
7 23 1
7 24 1
7 30 1
7 35 1
7 38 1
7 39 1
7 44 1
7 58 1
7 64 1
7 66 1
7 67 1
7 77 1
7 80 1
7 84 1
7 87 1
8 9 1
8 12 1
8 17 1
8 19 1
8 23 1
8 26 1
8 30 1
8 39 1
8 41 1
8 50 1
8 61 1
8 69 1
8 76 1
8 82 1
9 14 1
9 16 1
9 23 1
9 30 1
9 31 1
9 32 1
9 37 1
9 43 1
9 52 1
9 54 1
9 55 1
9 59 1
9 63 1
9 65 1
9 68 1
9 73 1
9 76 1
9 88 1
10 17 1
10 20 1
10 36 1
10 38 1
10 39 1
10 44 1
10 49 1
10 51 1
10 52 1
10 57 1
10 63 1
10 64 1
10 67 1
10 68 1
10 69 1
10 76 1
10 77 1
10 86 1
10 87 1
11 30 1
11 32 1
11 68 1
11 71 1
11 75 1
11 82 1
11 87 1
12 13 1
12 14 1
12 24 1
12 25 1
12 26 1
12 30 1
12 40 1
12 42 1
12 54 1
12 56 1
12 57 1
12 59 1
12 60 1
12 61 1
12 64 1
12 71 1
12 75 1
13 14 1
13 19 1
13 22 1
13 29 1
13 31 1
13 37 1
13 41 1
13 43 1
13 47 1
13 60 1
13 68 1
13 70 1
13 72 1
14 20 1
14 25 1
14 30 1
14 31 1
14 42 1
14 44 1
14 45 1
14 58 1
14 60 1
14 61 1
14 63 1
14 64 1
14 65 1
14 67 1
14 72 1
14 75 1
14 80 1
14 82 1
14 83 1
14 84 1
14 86 1
14 89 1
15 17 1
15 24 1
15 25 1
15 32 1
15 34 1
15 36 1
15 39 1
15 50 1
15 52 1
15 59 1
15 63 1
15 68 1
15 77 1
15 79 1
15 87 1
15 88 1
16 29 1
16 30 1
16 36 1
16 37 1
16 39 1
16 40 1
16 47 1
16 48 1
16 55 1
16 57 1
16 58 1
16 66 1
16 74 1
16 80 1
16 82 1
16 85 1
17 45 1
17 49 1
17 50 1
17 51 1
17 55 1
17 61 1
17 67 1
17 70 1
17 71 1
17 82 1
17 84 1
18 19 1
18 24 1
18 32 1
18 39 1
18 44 1
18 56 1
18 57 1
18 58 1
18 59 1
18 65 1
18 72 1
18 77 1
18 81 1
18 86 1
19 23 1
19 33 1
19 34 1
19 43 1
19 46 1
19 50 1
19 61 1
19 63 1
19 66 1
19 67 1
19 68 1
19 74 1
19 75 1
19 77 1
19 80 1
19 82 1
19 86 1
19 87 1
20 24 1
20 29 1
20 31 1
20 35 1
20 43 1
20 56 1
20 58 1
20 59 1
20 62 1
20 65 1
20 74 1
20 79 1
20 83 1
20 88 1
21 37 1
21 40 1
21 43 1
21 50 1
21 51 1
21 53 1
21 56 1
21 58 1
21 61 1
21 63 1
21 64 1
21 67 1
21 87 1
22 25 1
22 26 1
22 30 1
22 32 1
22 35 1
22 40 1
22 44 1
22 51 1
22 57 1
22 61 1
22 63 1
22 76 1
22 80 1
23 29 1
23 32 1
23 35 1
23 43 1
23 58 1
23 61 1
23 67 1
23 75 1
23 77 1
23 79 1
23 80 1
23 84 1
23 88 1
24 28 1
24 33 1
24 38 1
24 41 1
24 48 1
24 53 1
24 60 1
24 61 1
24 79 1
24 81 1
24 82 1
25 35 1
25 41 1
25 44 1
25 49 1
25 55 1
25 60 1
25 71 1
25 74 1
25 75 1
25 79 1
25 80 1
26 29 1
26 38 1
26 43 1
26 46 1
26 57 1
26 59 1
26 62 1
26 73 1
26 76 1
26 86 1
27 28 1
27 29 1
27 30 1
27 31 1
27 35 1
27 46 1
27 47 1
27 48 1
27 50 1
27 54 1
27 65 1
27 70 1
27 74 1
27 79 1
27 83 1
27 85 1
28 38 1
28 39 1
28 46 1
28 48 1
28 49 1
28 51 1
28 52 1
28 61 1
28 62 1
28 74 1
28 75 1
28 79 1
28 81 1
28 82 1
28 83 1
28 85 1
28 87 1
28 89 1
29 31 1
29 41 1
29 49 1
29 53 1
29 54 1
29 68 1
29 80 1
29 87 1
30 35 1
30 36 1
30 41 1
30 42 1
30 44 1
30 51 1
30 52 1
30 59 1
30 65 1
30 69 1
30 73 1
30 74 1
30 79 1
31 34 1
31 37 1
31 39 1
31 57 1
31 60 1
31 64 1
31 67 1
31 68 1
31 71 1
31 73 1
31 74 1
31 76 1
31 77 1
31 78 1
31 87 1
32 33 1
32 34 1
32 36 1
32 40 1
32 42 1
32 43 1
32 46 1
32 48 1
32 51 1
32 58 1
32 59 1
32 63 1
32 68 1
32 73 1
32 76 1
32 85 1
32 86 1
32 87 1
33 40 1
33 45 1
33 50 1
33 60 1
33 65 1
33 80 1
33 84 1
33 87 1
34 35 1
34 39 1
34 40 1
34 60 1
34 66 1
34 74 1
34 82 1
34 85 1
34 86 1
34 87 1
35 36 1
35 41 1
35 53 1
35 56 1
35 58 1
35 63 1
35 67 1
35 75 1
35 79 1
35 80 1
35 88 1
36 37 1
36 40 1
36 46 1
36 49 1
36 55 1
36 57 1
36 72 1
36 80 1
36 86 1
36 87 1
36 89 1
37 49 1
37 51 1
37 62 1
37 71 1
37 89 1
38 41 1
38 54 1
38 61 1
38 70 1
38 81 1
38 83 1
38 84 1
38 85 1
39 40 1
39 54 1
39 64 1
39 71 1
39 73 1
39 76 1
39 77 1
39 79 1
39 82 1
39 83 1
39 85 1
39 87 1
39 88 1
40 44 1
40 54 1
40 62 1
40 69 1
40 71 1
40 77 1
40 81 1
40 84 1
41 49 1
41 60 1
41 63 1
41 68 1
41 79 1
41 83 1
42 43 1
42 44 1
42 46 1
42 50 1
42 72 1
42 74 1
42 75 1
42 77 1
42 78 1
42 86 1
42 87 1
43 44 1
43 45 1
43 47 1
43 50 1
43 53 1
43 56 1
43 59 1
43 60 1
43 69 1
43 75 1
43 79 1
43 82 1
43 88 1
44 51 1
44 52 1
44 70 1
44 76 1
44 80 1
44 82 1
44 89 1
45 50 1
45 52 1
45 59 1
45 62 1
45 74 1
45 78 1
45 81 1
46 49 1
46 52 1
46 56 1
46 65 1
46 70 1
46 71 1
46 73 1
46 78 1
46 80 1
46 84 1
46 86 1
46 89 1
47 48 1
47 50 1
47 53 1
47 58 1
47 61 1
47 66 1
47 70 1
47 72 1
47 74 1
47 81 1
47 85 1
47 87 1
47 88 1
48 62 1
48 64 1
48 66 1
48 75 1
48 76 1
48 83 1
49 62 1
49 68 1
49 69 1
49 73 1
49 76 1
49 78 1
49 81 1
49 89 1
50 56 1
50 62 1
50 74 1
50 83 1
50 84 1
51 59 1
51 70 1
51 71 1
51 75 1
51 79 1
51 88 1
52 54 1
52 57 1
52 58 1
53 56 1
53 57 1
53 75 1
53 83 1
53 85 1
54 56 1
54 58 1
54 62 1
54 72 1
54 76 1
54 81 1
54 86 1
54 87 1
55 58 1
55 69 1
55 73 1
55 75 1
55 82 1
55 84 1
55 89 1
56 61 1
56 68 1
56 73 1
56 76 1
57 64 1
57 65 1
57 67 1
57 71 1
57 75 1
57 76 1
57 83 1
58 60 1
58 65 1
58 68 1
58 73 1
58 85 1
59 60 1
59 61 1
59 64 1
59 65 1
59 68 1
59 73 1
59 74 1
59 75 1
59 76 1
59 78 1
59 80 1
59 88 1
60 64 1
60 67 1
60 72 1
60 80 1
60 87 1
61 62 1
61 63 1
61 66 1
61 80 1
62 65 1
62 74 1
62 82 1
62 83 1
62 85 1
62 87 1
64 65 1
64 67 1
64 68 1
64 70 1
64 71 1
64 72 1
64 83 1
65 66 1
65 67 1
65 74 1
65 82 1
65 86 1
66 70 1
66 71 1
66 74 1
66 77 1
66 78 1
66 80 1
67 69 1
67 82 1
67 83 1
67 89 1
68 85 1
69 80 1
69 82 1
69 89 1
70 75 1
70 82 1
70 88 1
70 89 1
71 73 1
71 78 1
72 83 1
72 84 1
72 85 1
73 77 1
73 78 1
74 83 1
75 82 1
75 86 1
76 81 1
76 88 1
78 82 1
78 87 1
79 84 1
80 82 1
80 83 1
80 86 1
81 86 1
81 87 1
81 88 1
82 84 1
82 88 1
83 84 1
83 85 1
83 89 1
84 85 1
85 89 1
86 88 1
87 89 1
1
10 65 81 42 55 36 13 15 21
