616
0 2 1
0 12 1
0 19 1
0 32 1
0 33 1
0 34 1
0 47 1
0 49 1
0 51 1
0 58 1
0 61 1
0 64 1
0 66 1
0 67 1
0 69 1
1 3 1
1 7 1
1 22 1
1 24 1
1 36 1
1 37 1
1 42 1
1 43 1
1 48 1
1 50 1
1 51 1
1 52 1
1 53 1
1 58 1
1 66 1
2 4 1
2 5 1
2 6 1
2 7 1
2 16 1
2 20 1
2 22 1
2 25 1
2 34 1
2 35 1
2 43 1
2 47 1
2 54 1
2 60 1
2 65 1
3 12 1
3 14 1
3 16 1
3 17 1
3 22 1
3 23 1
3 24 1
3 25 1
3 34 1
3 37 1
3 38 1
3 40 1
3 44 1
3 48 1
3 49 1
3 60 1
3 63 1
3 67 1
3 68 1
4 5 1
4 6 1
4 10 1
4 16 1
4 19 1
4 21 1
4 27 1
4 29 1
4 31 1
4 34 1
4 43 1
4 48 1
4 51 1
4 56 1
4 59 1
4 61 1
4 67 1
5 19 1
5 26 1
5 28 1
5 30 1
5 31 1
5 34 1
5 40 1
5 41 1
5 44 1
5 51 1
5 52 1
5 53 1
5 58 1
5 63 1
5 69 1
6 20 1
6 21 1
6 28 1
6 32 1
6 36 1
6 45 1
6 54 1
6 58 1
6 64 1
6 65 1
6 66 1
6 67 1
6 69 1
7 14 1
7 19 1
7 21 1
7 23 1
7 24 1
7 26 1
7 39 1
7 40 1
7 49 1
7 50 1
7 54 1
7 58 1
7 63 1
7 64 1
7 65 1
8 20 1
8 24 1
8 26 1
8 36 1
8 37 1
8 47 1
8 56 1
8 60 1
8 61 1
8 64 1
8 65 1
8 66 1
9 12 1
9 14 1
9 17 1
9 18 1
9 20 1
9 29 1
9 37 1
9 38 1
9 39 1
9 40 1
9 42 1
9 44 1
9 51 1
9 56 1
9 59 1
9 66 1
9 68 1
9 69 1
10 11 1
10 12 1
10 14 1
10 18 1
10 32 1
10 35 1
10 39 1
10 49 1
10 50 1
10 57 1
10 59 1
10 61 1
10 65 1
10 68 1
11 20 1
11 24 1
11 25 1
11 28 1
11 32 1
11 37 1
11 40 1
11 42 1
11 50 1
11 55 1
11 68 1
12 15 1
12 22 1
12 24 1
12 25 1
12 34 1
12 43 1
12 52 1
12 61 1
12 62 1
12 66 1
12 68 1
13 17 1
13 18 1
13 19 1
13 20 1
13 21 1
13 25 1
13 34 1
13 39 1
13 41 1
13 43 1
13 45 1
13 48 1
13 61 1
13 62 1
13 66 1
13 68 1
14 18 1
14 21 1
14 33 1
14 37 1
14 38 1
14 39 1
14 42 1
14 43 1
14 47 1
14 50 1
14 52 1
14 59 1
14 63 1
14 64 1
15 17 1
15 21 1
15 23 1
15 24 1
15 28 1
15 29 1
15 34 1
15 43 1
15 45 1
15 46 1
15 51 1
15 53 1
15 54 1
15 56 1
15 62 1
15 65 1
15 67 1
16 17 1
16 22 1
16 25 1
16 28 1
16 30 1
16 33 1
16 34 1
16 38 1
16 41 1
16 44 1
16 47 1
16 49 1
16 56 1
16 67 1
17 29 1
17 35 1
17 38 1
17 39 1
17 45 1
17 47 1
17 50 1
17 52 1
17 62 1
18 19 1
18 21 1
18 22 1
18 24 1
18 30 1
18 32 1
18 36 1
18 39 1
18 41 1
18 43 1
18 44 1
18 49 1
18 56 1
18 66 1
19 23 1
19 26 1
19 28 1
19 29 1
19 30 1
19 35 1
19 38 1
19 40 1
19 45 1
19 46 1
19 47 1
19 51 1
19 57 1
19 59 1
19 61 1
19 67 1
20 25 1
20 27 1
20 31 1
20 35 1
20 38 1
20 41 1
20 48 1
20 56 1
20 62 1
20 67 1
20 69 1
21 29 1
21 30 1
21 32 1
21 37 1
21 38 1
21 49 1
21 50 1
21 52 1
21 61 1
22 26 1
22 27 1
22 29 1
22 43 1
22 46 1
22 47 1
22 51 1
22 55 1
22 60 1
22 64 1
22 66 1
22 68 1
23 26 1
23 35 1
23 40 1
23 41 1
23 45 1
23 49 1
23 53 1
23 54 1
23 55 1
23 58 1
23 65 1
24 26 1
24 30 1
24 35 1
24 41 1
24 43 1
24 57 1
24 60 1
24 62 1
24 68 1
25 27 1
25 29 1
25 40 1
25 41 1
25 48 1
25 50 1
25 52 1
25 55 1
25 58 1
25 61 1
25 64 1
25 66 1
25 69 1
26 27 1
26 29 1
26 31 1
26 37 1
26 41 1
26 43 1
26 45 1
26 49 1
26 51 1
26 52 1
26 57 1
26 59 1
26 66 1
26 67 1
27 34 1
27 36 1
27 42 1
27 43 1
27 44 1
27 54 1
27 57 1
27 62 1
27 63 1
27 64 1
27 65 1
27 66 1
27 69 1
28 32 1
28 33 1
28 40 1
28 42 1
28 44 1
28 47 1
28 50 1
28 60 1
28 61 1
28 67 1
29 33 1
29 37 1
29 41 1
29 43 1
29 48 1
29 64 1
29 66 1
29 68 1
30 34 1
30 42 1
30 44 1
30 45 1
30 46 1
30 47 1
30 48 1
30 53 1
30 55 1
30 58 1
30 65 1
31 37 1
31 38 1
31 39 1
31 44 1
31 53 1
31 54 1
31 55 1
31 59 1
31 60 1
31 61 1
31 62 1
31 64 1
31 67 1
31 68 1
31 69 1
32 38 1
32 44 1
32 52 1
32 59 1
32 60 1
32 65 1
32 66 1
32 67 1
32 68 1
33 41 1
33 46 1
33 50 1
33 54 1
33 55 1
33 56 1
33 58 1
33 68 1
34 35 1
34 36 1
34 37 1
34 46 1
34 47 1
34 48 1
34 52 1
34 57 1
34 68 1
35 42 1
35 43 1
35 44 1
35 47 1
35 48 1
35 51 1
35 54 1
35 57 1
35 64 1
35 69 1
36 38 1
36 44 1
36 51 1
36 54 1
36 62 1
36 66 1
36 68 1
37 40 1
37 44 1
37 49 1
37 52 1
37 56 1
37 62 1
38 41 1
38 42 1
38 44 1
38 47 1
38 51 1
38 62 1
38 66 1
38 69 1
39 48 1
39 54 1
39 55 1
39 56 1
39 67 1
39 69 1
40 45 1
40 47 1
40 51 1
40 52 1
40 60 1
40 65 1
41 42 1
41 45 1
41 46 1
41 47 1
41 51 1
41 52 1
41 53 1
41 57 1
41 59 1
41 65 1
41 66 1
41 68 1
41 69 1
42 44 1
42 45 1
42 48 1
42 52 1
42 60 1
42 63 1
42 65 1
43 45 1
43 46 1
43 47 1
43 50 1
43 51 1
43 53 1
43 54 1
43 61 1
43 64 1
43 66 1
44 48 1
44 54 1
44 56 1
44 57 1
44 59 1
44 60 1
44 62 1
44 66 1
44 67 1
44 68 1
44 69 1
45 47 1
45 48 1
45 50 1
45 52 1
45 57 1
45 66 1
45 67 1
45 68 1
46 47 1
46 48 1
46 57 1
46 63 1
46 65 1
47 48 1
47 50 1
47 53 1
47 60 1
48 52 1
48 54 1
48 55 1
48 58 1
48 69 1
49 51 1
49 53 1
49 54 1
49 55 1
49 69 1
50 53 1
50 56 1
50 57 1
50 58 1
50 60 1
50 62 1
50 63 1
51 55 1
51 56 1
51 60 1
51 61 1
51 63 1
52 53 1
52 54 1
52 55 1
52 57 1
52 61 1
53 56 1
53 58 1
53 59 1
53 69 1
54 60 1
54 61 1
54 62 1
54 63 1
54 67 1
55 56 1
55 62 1
55 64 1
55 67 1
56 57 1
56 62 1
56 63 1
56 65 1
56 68 1
57 62 1
57 67 1
58 67 1
59 60 1
59 63 1
59 65 1
60 69 1
61 63 1
61 67 1
62 63 1
62 64 1
62 66 1
62 68 1
63 69 1
64 66 1
64 67 1
65 67 1
66 69 1
1
23 26 3 42 36 4 6
