1218
0 3 1
0 4 1
0 11 1
0 19 1
0 20 1
0 24 1
0 37 1
0 38 1
0 47 1
0 59 1
0 66 1
0 71 1
0 74 1
0 76 1
0 77 1
0 79 1
0 86 1
0 90 1
0 102 1
0 103 1
0 105 1
0 124 1
1 28 1
1 30 1
1 43 1
1 57 1
1 60 1
1 63 1
1 64 1
1 67 1
1 68 1
1 70 1
1 76 1
1 80 1
1 82 1
1 92 1
1 96 1
1 102 1
1 108 1
1 111 1
1 112 1
1 113 1
2 6 1
2 10 1
2 15 1
2 21 1
2 22 1
2 37 1
2 44 1
2 54 1
2 59 1
2 71 1
2 87 1
2 88 1
2 91 1
2 94 1
2 112 1
2 121 1
2 124 1
2 125 1
3 18 1
3 20 1
3 21 1
3 31 1
3 35 1
3 43 1
3 44 1
3 52 1
3 56 1
3 63 1
3 65 1
3 66 1
3 86 1
3 89 1
3 97 1
3 101 1
3 108 1
3 114 1
3 122 1
4 9 1
4 13 1
4 14 1
4 15 1
4 30 1
4 33 1
4 40 1
4 41 1
4 46 1
4 50 1
4 59 1
4 60 1
4 61 1
4 62 1
4 72 1
4 86 1
4 97 1
4 122 1
4 124 1
5 12 1
5 14 1
5 31 1
5 34 1
5 41 1
5 51 1
5 59 1
5 64 1
5 65 1
5 75 1
5 86 1
5 89 1
5 99 1
5 101 1
5 102 1
5 108 1
5 113 1
5 123 1
5 124 1
5 125 1
6 8 1
6 12 1
6 29 1
6 31 1
6 51 1
6 60 1
6 71 1
6 74 1
6 86 1
6 87 1
6 98 1
6 105 1
6 107 1
7 9 1
7 12 1
7 15 1
7 32 1
7 57 1
7 58 1
7 60 1
7 88 1
7 94 1
7 95 1
7 96 1
7 98 1
7 100 1
7 103 1
7 106 1
7 118 1
7 119 1
7 124 1
7 125 1
7 128 1
8 14 1
8 22 1
8 24 1
8 25 1
8 30 1
8 32 1
8 51 1
8 52 1
8 55 1
8 60 1
8 69 1
8 70 1
8 88 1
8 90 1
8 94 1
8 96 1
8 98 1
8 103 1
8 124 1
8 127 1
8 129 1
9 10 1
9 30 1
9 34 1
9 36 1
9 47 1
9 54 1
9 57 1
9 60 1
9 66 1
9 70 1
9 74 1
9 95 1
9 96 1
9 106 1
9 107 1
9 113 1
9 121 1
10 26 1
10 35 1
10 36 1
10 55 1
10 58 1
10 66 1
10 67 1
10 73 1
10 77 1
10 82 1
10 84 1
10 90 1
10 98 1
10 117 1
10 125 1
11 12 1
11 14 1
11 23 1
11 32 1
11 36 1
11 45 1
11 49 1
11 51 1
11 54 1
11 57 1
11 62 1
11 68 1
11 79 1
11 82 1
11 88 1
11 97 1
11 98 1
11 101 1
11 104 1
11 110 1
11 125 1
12 18 1
12 20 1
12 22 1
12 23 1
12 28 1
12 37 1
12 40 1
12 54 1
12 55 1
12 57 1
12 63 1
12 67 1
12 78 1
12 80 1
12 91 1
12 92 1
12 94 1
12 96 1
12 99 1
12 106 1
12 122 1
13 17 1
13 21 1
13 25 1
13 29 1
13 39 1
13 45 1
13 49 1
13 55 1
13 57 1
13 58 1
13 67 1
13 70 1
13 80 1
13 83 1
13 94 1
13 102 1
13 111 1
13 118 1
13 126 1
14 18 1
14 19 1
14 21 1
14 30 1
14 31 1
14 33 1
14 43 1
14 51 1
14 63 1
14 85 1
14 96 1
14 104 1
14 106 1
14 107 1
14 112 1
14 115 1
14 120 1
14 121 1
14 124 1
14 125 1
15 21 1
15 30 1
15 33 1
15 41 1
15 42 1
15 56 1
15 58 1
15 74 1
15 77 1
15 89 1
15 90 1
15 94 1
15 104 1
16 17 1
16 18 1
16 23 1
16 27 1
16 33 1
16 39 1
16 51 1
16 56 1
16 67 1
16 72 1
16 73 1
16 74 1
16 81 1
16 84 1
16 89 1
16 92 1
16 112 1
16 128 1
17 25 1
17 43 1
17 49 1
17 51 1
17 56 1
17 57 1
17 58 1
17 61 1
17 62 1
17 77 1
17 84 1
17 86 1
17 88 1
17 98 1
17 100 1
17 107 1
17 108 1
18 21 1
18 24 1
18 34 1
18 38 1
18 47 1
18 53 1
18 65 1
18 67 1
18 79 1
18 86 1
18 95 1
18 96 1
18 121 1
18 122 1
18 127 1
19 31 1
19 35 1
19 39 1
19 43 1
19 53 1
19 54 1
19 56 1
19 61 1
19 65 1
19 68 1
19 77 1
19 85 1
19 87 1
19 92 1
19 97 1
19 102 1
19 105 1
19 114 1
20 25 1
20 32 1
20 33 1
20 36 1
20 40 1
20 64 1
20 71 1
20 80 1
20 87 1
20 94 1
20 100 1
20 103 1
20 109 1
20 120 1
20 124 1
21 23 1
21 31 1
21 32 1
21 36 1
21 38 1
21 54 1
21 66 1
21 67 1
21 71 1
21 72 1
21 79 1
21 126 1
22 28 1
22 38 1
22 57 1
22 76 1
22 79 1
22 80 1
22 104 1
22 116 1
22 125 1
22 127 1
23 25 1
23 26 1
23 53 1
23 54 1
23 55 1
23 59 1
23 64 1
23 75 1
23 91 1
23 107 1
24 28 1
24 32 1
24 41 1
24 51 1
24 69 1
24 72 1
24 77 1
24 82 1
24 87 1
24 93 1
24 100 1
24 106 1
24 107 1
24 120 1
24 123 1
25 42 1
25 44 1
25 45 1
25 48 1
25 60 1
25 63 1
25 95 1
25 100 1
25 107 1
25 120 1
25 121 1
25 124 1
25 128 1
26 31 1
26 51 1
26 52 1
26 72 1
26 73 1
26 75 1
26 77 1
26 100 1
26 108 1
26 120 1
26 123 1
26 124 1
26 126 1
27 67 1
27 70 1
27 74 1
27 76 1
27 79 1
27 86 1
27 88 1
27 94 1
27 98 1
27 123 1
27 126 1
28 34 1
28 39 1
28 42 1
28 45 1
28 54 1
28 58 1
28 61 1
28 67 1
28 68 1
28 70 1
28 74 1
28 95 1
28 109 1
28 110 1
29 30 1
29 47 1
29 55 1
29 59 1
29 61 1
29 66 1
29 71 1
29 76 1
29 77 1
29 85 1
29 109 1
29 118 1
30 36 1
30 40 1
30 52 1
30 56 1
30 57 1
30 62 1
30 63 1
30 68 1
30 74 1
30 77 1
30 78 1
30 80 1
30 88 1
30 94 1
30 105 1
30 107 1
30 117 1
30 124 1
31 36 1
31 39 1
31 42 1
31 44 1
31 64 1
31 77 1
31 85 1
31 106 1
31 109 1
31 110 1
31 115 1
31 120 1
31 122 1
32 48 1
32 50 1
32 59 1
32 66 1
32 69 1
32 72 1
32 76 1
32 78 1
32 83 1
32 100 1
32 101 1
32 108 1
32 112 1
32 115 1
32 118 1
32 121 1
32 126 1
33 38 1
33 44 1
33 51 1
33 52 1
33 55 1
33 58 1
33 60 1
33 68 1
33 72 1
33 73 1
33 79 1
33 80 1
33 94 1
33 101 1
33 110 1
33 111 1
34 47 1
34 49 1
34 52 1
34 67 1
34 71 1
34 90 1
35 41 1
35 50 1
35 54 1
35 56 1
35 63 1
35 85 1
35 90 1
35 99 1
35 101 1
35 102 1
35 111 1
35 122 1
36 40 1
36 43 1
36 47 1
36 52 1
36 54 1
36 56 1
36 65 1
36 67 1
36 71 1
36 86 1
36 88 1
36 119 1
36 120 1
36 121 1
36 122 1
36 123 1
37 40 1
37 58 1
37 70 1
37 75 1
37 88 1
37 116 1
37 122 1
37 123 1
38 45 1
38 53 1
38 55 1
38 59 1
38 71 1
38 75 1
38 79 1
38 84 1
38 90 1
38 99 1
38 105 1
38 112 1
38 120 1
39 46 1
39 51 1
39 52 1
39 53 1
39 57 1
39 60 1
39 66 1
39 75 1
39 76 1
39 78 1
39 82 1
39 107 1
39 108 1
39 109 1
39 110 1
39 114 1
39 116 1
39 117 1
39 118 1
39 122 1
39 125 1
39 129 1
40 42 1
40 44 1
40 47 1
40 49 1
40 51 1
40 56 1
40 71 1
40 74 1
40 84 1
40 92 1
40 113 1
40 115 1
40 120 1
41 55 1
41 56 1
41 61 1
41 65 1
41 71 1
41 74 1
41 75 1
41 85 1
41 88 1
41 95 1
41 102 1
42 49 1
42 60 1
42 86 1
42 89 1
42 91 1
42 92 1
42 113 1
43 46 1
43 50 1
43 54 1
43 58 1
43 61 1
43 69 1
43 71 1
43 84 1
43 89 1
43 94 1
43 105 1
43 106 1
43 111 1
43 113 1
43 116 1
43 129 1
44 56 1
44 59 1
44 62 1
44 64 1
44 66 1
44 67 1
44 72 1
44 82 1
44 90 1
44 102 1
44 105 1
44 119 1
44 120 1
44 125 1
45 48 1
45 54 1
45 58 1
45 63 1
45 78 1
45 87 1
45 93 1
45 94 1
45 98 1
45 99 1
45 103 1
45 104 1
45 113 1
45 117 1
45 121 1
46 49 1
46 62 1
46 81 1
46 82 1
46 84 1
46 87 1
46 97 1
46 107 1
46 110 1
46 117 1
46 120 1
46 121 1
46 129 1
47 58 1
47 60 1
47 62 1
47 68 1
47 79 1
47 81 1
47 82 1
47 87 1
47 90 1
47 99 1
47 111 1
47 112 1
47 120 1
47 122 1
48 57 1
48 58 1
48 67 1
48 69 1
48 98 1
48 102 1
48 107 1
48 111 1
48 115 1
48 119 1
48 120 1
48 121 1
48 126 1
49 55 1
49 56 1
49 60 1
49 67 1
49 74 1
49 82 1
49 94 1
49 103 1
49 124 1
50 69 1
50 71 1
50 88 1
50 92 1
50 114 1
50 120 1
50 128 1
51 55 1
51 56 1
51 62 1
51 65 1
51 70 1
51 74 1
51 76 1
51 77 1
51 78 1
51 83 1
51 84 1
51 99 1
51 107 1
51 111 1
51 117 1
51 128 1
52 54 1
52 58 1
52 61 1
52 76 1
52 80 1
52 83 1
52 97 1
52 106 1
52 109 1
52 117 1
52 119 1
52 125 1
52 128 1
53 57 1
53 58 1
53 99 1
53 103 1
53 104 1
53 106 1
53 107 1
53 108 1
53 112 1
54 66 1
54 72 1
54 75 1
54 77 1
54 82 1
54 83 1
54 94 1
54 96 1
54 100 1
54 112 1
54 116 1
54 117 1
54 126 1
55 62 1
55 67 1
55 70 1
55 72 1
55 75 1
55 80 1
55 81 1
55 82 1
55 105 1
55 106 1
55 111 1
55 127 1
56 64 1
56 71 1
56 90 1
56 94 1
56 101 1
56 104 1
56 107 1
56 114 1
56 116 1
56 118 1
56 124 1
57 58 1
57 59 1
57 71 1
57 93 1
57 103 1
57 105 1
57 108 1
57 109 1
57 121 1
58 77 1
58 83 1
58 98 1
58 101 1
58 103 1
58 106 1
58 110 1
58 117 1
58 119 1
58 123 1
59 78 1
59 81 1
59 83 1
59 85 1
59 90 1
59 102 1
59 112 1
60 65 1
60 66 1
60 67 1
60 69 1
60 93 1
60 95 1
60 111 1
60 114 1
60 123 1
60 129 1
61 62 1
61 63 1
61 64 1
61 67 1
61 68 1
61 72 1
61 75 1
61 76 1
61 84 1
61 113 1
61 116 1
62 68 1
62 70 1
62 81 1
62 82 1
62 88 1
62 97 1
62 100 1
62 102 1
62 103 1
62 110 1
62 119 1
62 122 1
62 129 1
63 74 1
63 80 1
63 81 1
63 83 1
63 105 1
63 122 1
64 72 1
64 73 1
64 77 1
64 85 1
64 99 1
64 108 1
64 112 1
64 120 1
64 126 1
65 67 1
65 76 1
65 91 1
65 124 1
65 125 1
66 68 1
66 69 1
66 75 1
66 77 1
66 89 1
66 93 1
66 95 1
66 102 1
66 106 1
66 109 1
66 113 1
66 117 1
67 71 1
67 84 1
67 85 1
67 93 1
67 95 1
67 109 1
67 112 1
67 121 1
67 125 1
68 69 1
68 79 1
68 94 1
68 117 1
68 124 1
68 125 1
68 127 1
69 72 1
69 74 1
69 80 1
69 95 1
69 106 1
70 72 1
70 75 1
70 82 1
70 88 1
70 89 1
70 93 1
70 94 1
70 97 1
70 100 1
70 112 1
70 122 1
71 73 1
71 79 1
71 83 1
71 88 1
71 91 1
71 93 1
71 94 1
71 95 1
71 97 1
71 100 1
71 107 1
71 109 1
71 116 1
71 117 1
71 122 1
72 80 1
72 84 1
72 85 1
72 88 1
72 104 1
72 106 1
72 110 1
72 112 1
72 114 1
72 120 1
72 128 1
72 129 1
73 75 1
73 78 1
73 97 1
73 104 1
73 111 1
73 113 1
73 119 1
73 124 1
74 88 1
74 90 1
74 91 1
74 99 1
74 108 1
74 112 1
74 116 1
74 120 1
74 127 1
75 76 1
75 81 1
75 83 1
75 89 1
75 101 1
75 106 1
75 113 1
75 124 1
75 127 1
76 77 1
76 90 1
76 92 1
76 94 1
76 95 1
76 104 1
76 105 1
76 115 1
76 117 1
76 121 1
76 127 1
76 129 1
77 90 1
77 96 1
77 98 1
77 99 1
77 100 1
77 107 1
77 111 1
77 114 1
77 120 1
77 124 1
78 92 1
78 94 1
78 95 1
78 116 1
78 123 1
78 125 1
78 127 1
79 82 1
79 84 1
79 85 1
79 90 1
79 91 1
79 93 1
79 107 1
79 111 1
79 112 1
79 120 1
80 82 1
80 91 1
80 98 1
80 108 1
80 112 1
80 113 1
80 115 1
80 126 1
81 84 1
81 85 1
81 93 1
81 96 1
81 98 1
81 99 1
81 100 1
81 106 1
81 110 1
81 114 1
81 116 1
81 122 1
82 93 1
82 97 1
82 103 1
82 113 1
82 123 1
82 128 1
83 93 1
83 96 1
83 100 1
83 105 1
83 106 1
83 115 1
84 88 1
84 111 1
84 115 1
84 116 1
85 91 1
85 100 1
85 108 1
85 116 1
85 119 1
85 120 1
85 128 1
86 94 1
86 101 1
86 103 1
86 108 1
86 113 1
86 116 1
87 89 1
87 91 1
87 96 1
87 99 1
87 104 1
87 106 1
87 113 1
87 123 1
88 92 1
88 95 1
88 100 1
88 113 1
88 119 1
88 123 1
89 112 1
89 122 1
90 91 1
90 94 1
90 102 1
90 108 1
90 126 1
90 129 1
91 105 1
91 119 1
92 98 1
92 102 1
92 109 1
92 115 1
92 121 1
92 126 1
93 107 1
93 110 1
93 113 1
93 123 1
93 128 1
93 129 1
94 121 1
94 128 1
95 98 1
95 103 1
95 111 1
96 115 1
96 118 1
96 122 1
96 128 1
97 110 1
97 111 1
97 112 1
97 121 1
97 122 1
98 108 1
98 112 1
98 127 1
99 102 1
99 105 1
99 107 1
99 113 1
99 118 1
99 122 1
100 116 1
100 128 1
101 115 1
101 117 1
101 118 1
101 125 1
102 105 1
102 114 1
102 126 1
102 127 1
103 108 1
103 109 1
103 121 1
104 109 1
104 114 1
104 123 1
105 112 1
105 119 1
105 126 1
106 127 1
106 129 1
107 115 1
108 112 1
108 122 1
108 125 1
108 128 1
108 129 1
109 118 1
109 127 1
109 128 1
110 123 1
110 129 1
111 112 1
111 117 1
111 128 1
112 118 1
112 121 1
112 124 1
112 126 1
113 122 1
113 124 1
114 115 1
114 119 1
114 125 1
115 118 1
117 119 1
118 120 1
118 128 1
121 122 1
122 127 1
123 128 1
123 129 1
124 125 1
124 129 1
125 127 1
127 128 1
1
58 102 8 2 25 72 56 101 11 16 77 46 54
