1945
0 3 1
0 9 1
0 10 1
0 19 1
0 20 1
0 30 1
0 31 1
0 33 1
0 35 1
0 52 1
0 59 1
0 62 1
0 64 1
0 71 1
0 74 1
0 77 1
0 78 1
0 81 1
0 83 1
0 86 1
0 90 1
0 98 1
0 99 1
0 101 1
0 109 1
0 110 1
0 116 1
0 139 1
0 142 1
0 143 1
0 150 1
0 152 1
0 161 1
0 162 1
0 164 1
0 168 1
0 172 1
0 174 1
1 2 1
1 8 1
1 9 1
1 13 1
1 25 1
1 38 1
1 39 1
1 58 1
1 63 1
1 64 1
1 78 1
1 79 1
1 82 1
1 106 1
1 115 1
1 123 1
1 130 1
1 135 1
1 138 1
1 141 1
1 169 1
2 3 1
2 7 1
2 20 1
2 34 1
2 36 1
2 40 1
2 42 1
2 49 1
2 53 1
2 54 1
2 58 1
2 59 1
2 62 1
2 63 1
2 64 1
2 74 1
2 76 1
2 91 1
2 110 1
2 113 1
2 124 1
2 129 1
2 139 1
2 172 1
3 11 1
3 26 1
3 28 1
3 29 1
3 46 1
3 55 1
3 61 1
3 69 1
3 70 1
3 74 1
3 80 1
3 107 1
3 110 1
3 122 1
3 123 1
3 124 1
3 128 1
3 133 1
3 134 1
3 136 1
3 142 1
3 156 1
3 172 1
4 12 1
4 13 1
4 38 1
4 50 1
4 64 1
4 71 1
4 86 1
4 92 1
4 113 1
4 118 1
4 120 1
4 127 1
4 135 1
4 138 1
4 141 1
4 150 1
4 151 1
4 158 1
4 162 1
4 164 1
4 174 1
4 176 1
5 10 1
5 18 1
5 21 1
5 22 1
5 25 1
5 44 1
5 50 1
5 62 1
5 73 1
5 78 1
5 121 1
5 129 1
5 132 1
5 134 1
5 155 1
5 174 1
5 175 1
6 10 1
6 12 1
6 13 1
6 15 1
6 30 1
6 37 1
6 42 1
6 48 1
6 63 1
6 65 1
6 75 1
6 88 1
6 92 1
6 100 1
6 103 1
6 132 1
6 133 1
6 146 1
7 13 1
7 20 1
7 23 1
7 24 1
7 28 1
7 39 1
7 53 1
7 61 1
7 86 1
7 93 1
7 99 1
7 109 1
7 124 1
7 133 1
7 139 1
7 145 1
7 147 1
7 158 1
7 162 1
7 175 1
8 17 1
8 23 1
8 33 1
8 38 1
8 45 1
8 75 1
8 81 1
8 102 1
8 109 1
8 125 1
8 134 1
8 141 1
8 161 1
8 177 1
9 11 1
9 16 1
9 35 1
9 54 1
9 59 1
9 63 1
9 68 1
9 70 1
9 79 1
9 84 1
9 93 1
9 94 1
9 106 1
9 108 1
9 109 1
9 113 1
9 117 1
9 118 1
9 122 1
9 127 1
9 138 1
9 139 1
9 149 1
9 152 1
9 168 1
9 170 1
9 171 1
9 179 1
10 22 1
10 23 1
10 24 1
10 32 1
10 48 1
10 95 1
10 110 1
10 112 1
10 123 1
10 126 1
10 129 1
10 143 1
10 159 1
10 162 1
10 171 1
11 54 1
11 55 1
11 64 1
11 72 1
11 87 1
11 89 1
11 103 1
11 115 1
11 122 1
11 155 1
11 156 1
11 163 1
11 173 1
11 177 1
12 22 1
12 30 1
12 34 1
12 42 1
12 43 1
12 46 1
12 49 1
12 57 1
12 64 1
12 80 1
12 81 1
12 83 1
12 100 1
12 115 1
12 120 1
12 123 1
12 130 1
12 142 1
12 145 1
12 147 1
12 152 1
12 153 1
12 159 1
12 163 1
13 16 1
13 17 1
13 21 1
13 41 1
13 46 1
13 66 1
13 69 1
13 71 1
13 76 1
13 79 1
13 88 1
13 93 1
13 99 1
13 103 1
13 119 1
13 131 1
13 140 1
13 156 1
13 161 1
13 164 1
13 169 1
13 170 1
13 172 1
14 15 1
14 36 1
14 41 1
14 50 1
14 51 1
14 54 1
14 65 1
14 74 1
14 75 1
14 92 1
14 112 1
14 115 1
14 122 1
14 128 1
14 140 1
14 143 1
14 144 1
14 154 1
14 159 1
14 172 1
14 179 1
15 18 1
15 23 1
15 34 1
15 42 1
15 47 1
15 53 1
15 54 1
15 74 1
15 82 1
15 95 1
15 96 1
15 97 1
15 114 1
15 154 1
15 174 1
15 176 1
15 178 1
16 18 1
16 21 1
16 24 1
16 25 1
16 28 1
16 52 1
16 60 1
16 65 1
16 74 1
16 75 1
16 84 1
16 98 1
16 99 1
16 101 1
16 109 1
16 114 1
16 123 1
16 137 1
16 143 1
16 146 1
16 147 1
16 150 1
16 172 1
17 28 1
17 63 1
17 67 1
17 75 1
17 78 1
17 100 1
17 110 1
17 116 1
17 117 1
17 137 1
17 138 1
17 144 1
17 158 1
17 159 1
17 161 1
17 170 1
18 28 1
18 40 1
18 44 1
18 45 1
18 53 1
18 55 1
18 57 1
18 83 1
18 93 1
18 129 1
18 149 1
18 152 1
18 155 1
18 161 1
18 165 1
19 61 1
19 65 1
19 91 1
19 103 1
19 113 1
19 118 1
19 133 1
19 136 1
19 152 1
19 154 1
19 159 1
19 163 1
19 179 1
20 33 1
20 34 1
20 41 1
20 42 1
20 46 1
20 59 1
20 61 1
20 73 1
20 80 1
20 88 1
20 89 1
20 95 1
20 108 1
20 121 1
20 128 1
20 137 1
20 148 1
20 150 1
20 151 1
20 156 1
20 159 1
20 166 1
20 169 1
20 177 1
21 35 1
21 50 1
21 56 1
21 64 1
21 65 1
21 73 1
21 76 1
21 101 1
21 134 1
21 136 1
21 147 1
21 152 1
21 161 1
21 164 1
22 39 1
22 50 1
22 61 1
22 65 1
22 67 1
22 75 1
22 78 1
22 83 1
22 85 1
22 92 1
22 103 1
22 118 1
22 131 1
22 134 1
22 135 1
22 138 1
22 148 1
22 149 1
22 151 1
22 157 1
22 163 1
22 168 1
23 24 1
23 25 1
23 35 1
23 45 1
23 50 1
23 54 1
23 63 1
23 69 1
23 70 1
23 120 1
23 157 1
23 159 1
23 171 1
24 31 1
24 52 1
24 75 1
24 78 1
24 88 1
24 94 1
24 104 1
24 131 1
24 140 1
24 152 1
24 155 1
24 168 1
24 171 1
25 27 1
25 29 1
25 40 1
25 51 1
25 60 1
25 66 1
25 84 1
25 86 1
25 89 1
25 92 1
25 94 1
25 97 1
25 104 1
25 111 1
25 119 1
25 131 1
25 132 1
25 136 1
25 137 1
25 154 1
25 169 1
25 172 1
25 173 1
25 174 1
25 175 1
26 29 1
26 33 1
26 39 1
26 48 1
26 51 1
26 54 1
26 55 1
26 68 1
26 70 1
26 94 1
26 96 1
26 97 1
26 107 1
26 108 1
26 122 1
26 124 1
26 146 1
26 147 1
26 153 1
26 169 1
26 170 1
26 172 1
26 175 1
26 176 1
27 29 1
27 32 1
27 43 1
27 44 1
27 54 1
27 65 1
27 66 1
27 71 1
27 84 1
27 86 1
27 92 1
27 94 1
27 99 1
27 102 1
27 108 1
27 119 1
27 127 1
27 132 1
27 135 1
27 151 1
27 155 1
27 157 1
27 176 1
28 32 1
28 42 1
28 54 1
28 62 1
28 66 1
28 73 1
28 75 1
28 76 1
28 77 1
28 78 1
28 83 1
28 136 1
28 139 1
28 147 1
28 154 1
28 162 1
28 166 1
28 171 1
28 177 1
29 34 1
29 46 1
29 51 1
29 59 1
29 70 1
29 79 1
29 88 1
29 103 1
29 121 1
29 128 1
29 132 1
29 135 1
29 149 1
29 175 1
30 35 1
30 45 1
30 49 1
30 51 1
30 57 1
30 60 1
30 65 1
30 66 1
30 81 1
30 85 1
30 86 1
30 95 1
30 99 1
30 112 1
30 113 1
30 130 1
30 132 1
30 133 1
30 140 1
30 141 1
30 155 1
30 162 1
31 40 1
31 41 1
31 61 1
31 63 1
31 77 1
31 90 1
31 92 1
31 121 1
31 122 1
31 123 1
31 133 1
31 139 1
31 161 1
32 39 1
32 40 1
32 51 1
32 58 1
32 81 1
32 93 1
32 95 1
32 99 1
32 110 1
32 112 1
32 120 1
32 123 1
32 128 1
32 132 1
32 136 1
32 139 1
32 142 1
32 148 1
32 166 1
32 169 1
32 173 1
33 41 1
33 44 1
33 58 1
33 59 1
33 74 1
33 78 1
33 92 1
33 93 1
33 101 1
33 108 1
33 109 1
33 113 1
33 132 1
33 143 1
33 155 1
33 161 1
33 167 1
34 50 1
34 53 1
34 82 1
34 99 1
34 105 1
34 121 1
34 138 1
34 143 1
34 146 1
34 151 1
34 152 1
34 163 1
34 166 1
34 168 1
34 169 1
34 174 1
35 55 1
35 59 1
35 64 1
35 76 1
35 84 1
35 91 1
35 98 1
35 113 1
35 120 1
35 125 1
35 130 1
35 152 1
35 157 1
35 170 1
36 41 1
36 43 1
36 45 1
36 46 1
36 53 1
36 55 1
36 56 1
36 79 1
36 83 1
36 94 1
36 98 1
36 100 1
36 104 1
36 144 1
36 153 1
36 167 1
36 173 1
36 177 1
37 71 1
37 81 1
37 88 1
37 89 1
37 98 1
37 101 1
37 103 1
37 104 1
37 109 1
37 116 1
37 129 1
37 136 1
37 167 1
37 169 1
38 40 1
38 46 1
38 53 1
38 67 1
38 82 1
38 83 1
38 98 1
38 104 1
38 135 1
38 137 1
38 140 1
38 143 1
38 154 1
38 158 1
38 161 1
39 51 1
39 57 1
39 64 1
39 65 1
39 69 1
39 71 1
39 72 1
39 77 1
39 78 1
39 83 1
39 97 1
39 108 1
39 122 1
39 155 1
39 156 1
39 162 1
39 171 1
39 175 1
40 66 1
40 82 1
40 83 1
40 113 1
40 159 1
40 173 1
41 54 1
41 55 1
41 64 1
41 66 1
41 86 1
41 99 1
41 108 1
41 120 1
41 122 1
41 126 1
41 133 1
41 134 1
41 145 1
41 148 1
41 163 1
41 171 1
41 173 1
41 177 1
42 50 1
42 51 1
42 63 1
42 64 1
42 65 1
42 72 1
42 77 1
42 83 1
42 93 1
42 98 1
42 103 1
42 109 1
42 116 1
42 121 1
42 141 1
42 146 1
42 165 1
42 166 1
42 178 1
43 45 1
43 64 1
43 66 1
43 84 1
43 95 1
43 111 1
43 114 1
43 116 1
43 166 1
43 172 1
44 54 1
44 58 1
44 70 1
44 74 1
44 75 1
44 76 1
44 82 1
44 87 1
44 94 1
44 105 1
44 106 1
44 124 1
44 134 1
44 140 1
44 141 1
44 143 1
44 144 1
44 150 1
44 171 1
44 173 1
44 178 1
45 48 1
45 54 1
45 56 1
45 58 1
45 59 1
45 60 1
45 62 1
45 70 1
45 72 1
45 78 1
45 94 1
45 96 1
45 98 1
45 103 1
45 123 1
45 128 1
45 157 1
45 162 1
45 172 1
46 48 1
46 62 1
46 72 1
46 73 1
46 90 1
46 111 1
46 177 1
46 178 1
47 51 1
47 57 1
47 65 1
47 66 1
47 69 1
47 77 1
47 88 1
47 92 1
47 99 1
47 110 1
47 112 1
47 115 1
47 129 1
47 149 1
47 155 1
47 159 1
47 164 1
47 167 1
47 169 1
47 172 1
48 71 1
48 81 1
48 97 1
48 107 1
48 124 1
48 136 1
48 161 1
48 166 1
48 172 1
49 61 1
49 66 1
49 69 1
49 75 1
49 77 1
49 94 1
49 97 1
49 102 1
49 106 1
49 108 1
49 111 1
49 113 1
49 117 1
49 119 1
49 125 1
49 128 1
49 130 1
49 138 1
49 144 1
49 150 1
49 162 1
49 179 1
50 52 1
50 74 1
50 84 1
50 99 1
50 106 1
50 115 1
50 118 1
50 133 1
50 138 1
50 141 1
50 151 1
50 153 1
50 154 1
50 158 1
50 160 1
50 162 1
50 178 1
51 70 1
51 72 1
51 75 1
51 76 1
51 78 1
51 82 1
51 88 1
51 95 1
51 96 1
51 103 1
51 126 1
51 132 1
51 133 1
51 138 1
51 142 1
51 154 1
51 160 1
51 162 1
51 173 1
51 176 1
51 178 1
52 69 1
52 70 1
52 78 1
52 87 1
52 90 1
52 98 1
52 103 1
52 109 1
52 119 1
52 120 1
52 122 1
52 137 1
52 153 1
52 159 1
53 61 1
53 91 1
53 113 1
53 120 1
53 139 1
53 147 1
53 148 1
53 151 1
53 152 1
53 174 1
53 176 1
54 67 1
54 69 1
54 96 1
54 102 1
54 118 1
54 128 1
54 131 1
54 156 1
54 157 1
54 169 1
54 173 1
54 174 1
55 69 1
55 71 1
55 78 1
55 81 1
55 82 1
55 104 1
55 106 1
55 107 1
55 109 1
55 121 1
55 125 1
55 126 1
55 128 1
55 134 1
55 152 1
55 171 1
55 176 1
56 63 1
56 64 1
56 72 1
56 86 1
56 103 1
56 108 1
56 109 1
56 119 1
56 124 1
56 132 1
56 133 1
56 136 1
56 147 1
56 159 1
56 167 1
56 168 1
56 169 1
56 171 1
56 175 1
57 76 1
57 79 1
57 89 1
57 93 1
57 98 1
57 123 1
57 130 1
57 137 1
57 144 1
57 166 1
57 170 1
57 172 1
57 179 1
58 61 1
58 63 1
58 64 1
58 71 1
58 90 1
58 91 1
58 102 1
58 112 1
58 149 1
58 178 1
59 60 1
59 61 1
59 67 1
59 71 1
59 75 1
59 79 1
59 83 1
59 89 1
59 94 1
59 106 1
59 107 1
59 137 1
59 138 1
59 142 1
59 147 1
59 153 1
59 172 1
59 178 1
60 96 1
60 107 1
60 109 1
60 119 1
60 120 1
60 121 1
60 131 1
60 132 1
60 138 1
60 141 1
60 169 1
60 172 1
61 63 1
61 94 1
61 99 1
61 116 1
61 137 1
61 157 1
61 159 1
61 164 1
61 170 1
62 67 1
62 97 1
62 98 1
62 109 1
62 112 1
62 121 1
62 125 1
62 128 1
62 133 1
62 138 1
62 143 1
62 150 1
62 158 1
62 166 1
62 175 1
63 71 1
63 74 1
63 75 1
63 81 1
63 89 1
63 90 1
63 101 1
63 122 1
63 128 1
63 130 1
63 137 1
63 150 1
63 152 1
63 162 1
63 165 1
63 172 1
63 177 1
64 79 1
64 80 1
64 87 1
64 90 1
64 100 1
64 112 1
64 113 1
64 115 1
64 118 1
64 134 1
64 137 1
64 146 1
64 154 1
64 157 1
64 172 1
64 174 1
65 83 1
65 89 1
65 95 1
65 96 1
65 106 1
65 124 1
65 136 1
65 138 1
65 139 1
65 146 1
65 148 1
65 166 1
66 72 1
66 79 1
66 87 1
66 105 1
66 114 1
66 120 1
66 134 1
66 139 1
66 153 1
66 177 1
66 179 1
67 69 1
67 73 1
67 77 1
67 98 1
67 100 1
67 110 1
67 111 1
67 122 1
67 125 1
67 128 1
67 129 1
67 134 1
67 139 1
67 140 1
67 143 1
67 154 1
67 161 1
67 167 1
68 77 1
68 78 1
68 89 1
68 95 1
68 98 1
68 99 1
68 103 1
68 104 1
68 110 1
68 113 1
68 126 1
68 128 1
68 154 1
68 169 1
69 74 1
69 78 1
69 79 1
69 81 1
69 91 1
69 94 1
69 95 1
69 101 1
69 103 1
69 115 1
69 119 1
69 121 1
69 134 1
69 143 1
69 152 1
69 157 1
69 171 1
69 173 1
70 74 1
70 84 1
70 112 1
70 114 1
70 122 1
70 129 1
70 144 1
70 151 1
70 161 1
70 164 1
70 171 1
71 77 1
71 81 1
71 89 1
71 101 1
71 117 1
71 124 1
71 126 1
71 130 1
71 131 1
71 133 1
71 135 1
71 143 1
71 148 1
71 149 1
71 156 1
71 162 1
71 164 1
71 170 1
71 175 1
72 76 1
72 77 1
72 78 1
72 80 1
72 86 1
72 95 1
72 115 1
72 137 1
72 158 1
72 161 1
72 171 1
72 177 1
73 99 1
73 107 1
73 109 1
73 119 1
73 148 1
73 155 1
73 162 1
73 175 1
73 179 1
74 92 1
74 100 1
74 102 1
74 113 1
74 114 1
74 118 1
74 119 1
74 121 1
74 126 1
74 129 1
74 130 1
74 131 1
74 133 1
74 137 1
74 146 1
74 165 1
74 170 1
74 176 1
75 92 1
75 102 1
75 106 1
75 118 1
75 124 1
75 129 1
75 146 1
75 154 1
75 158 1
75 161 1
75 164 1
75 179 1
76 97 1
76 110 1
76 118 1
76 119 1
76 126 1
76 127 1
76 136 1
76 137 1
76 144 1
76 145 1
76 151 1
76 158 1
76 161 1
76 169 1
76 177 1
77 86 1
77 109 1
77 114 1
77 116 1
77 130 1
77 135 1
77 152 1
77 160 1
77 168 1
77 170 1
78 80 1
78 85 1
78 88 1
78 93 1
78 96 1
78 98 1
78 108 1
78 113 1
78 118 1
78 119 1
78 127 1
78 131 1
78 137 1
78 139 1
78 148 1
79 84 1
79 85 1
79 93 1
79 95 1
79 97 1
79 109 1
79 125 1
79 136 1
79 142 1
79 145 1
79 146 1
79 148 1
79 153 1
79 157 1
79 175 1
79 178 1
80 89 1
80 96 1
80 102 1
80 104 1
80 112 1
80 131 1
80 134 1
80 146 1
80 154 1
80 169 1
80 173 1
81 85 1
81 99 1
81 102 1
81 103 1
81 105 1
81 112 1
81 117 1
81 119 1
81 127 1
81 135 1
81 141 1
81 160 1
81 178 1
82 89 1
82 93 1
82 95 1
82 107 1
82 108 1
82 128 1
82 132 1
82 142 1
82 151 1
83 95 1
83 96 1
83 106 1
83 113 1
83 125 1
83 150 1
83 166 1
83 174 1
84 86 1
84 105 1
84 114 1
84 116 1
84 130 1
84 132 1
84 151 1
84 154 1
84 161 1
84 165 1
84 175 1
85 89 1
85 96 1
85 98 1
85 101 1
85 115 1
85 120 1
85 123 1
85 146 1
85 155 1
85 164 1
85 173 1
86 89 1
86 90 1
86 94 1
86 104 1
86 111 1
86 117 1
86 118 1
86 120 1
86 139 1
86 140 1
86 144 1
86 149 1
86 153 1
86 161 1
86 170 1
87 92 1
87 94 1
87 97 1
87 108 1
87 118 1
87 133 1
87 137 1
87 149 1
87 163 1
87 166 1
87 170 1
87 172 1
87 174 1
88 90 1
88 101 1
88 103 1
88 109 1
88 110 1
88 112 1
88 116 1
88 125 1
88 135 1
88 140 1
88 147 1
88 154 1
88 156 1
88 168 1
88 173 1
88 179 1
89 99 1
89 104 1
89 105 1
89 125 1
89 136 1
89 138 1
89 141 1
89 142 1
89 146 1
89 147 1
89 157 1
89 161 1
89 162 1
89 163 1
89 170 1
89 171 1
90 95 1
90 98 1
90 102 1
90 117 1
90 134 1
90 136 1
90 140 1
90 146 1
90 154 1
90 172 1
90 178 1
91 101 1
91 110 1
91 115 1
91 129 1
91 133 1
91 138 1
91 140 1
91 152 1
91 153 1
91 154 1
91 156 1
91 158 1
91 160 1
91 163 1
92 93 1
92 117 1
92 118 1
92 119 1
92 120 1
92 125 1
92 130 1
92 134 1
92 144 1
92 162 1
92 165 1
92 167 1
92 172 1
92 177 1
93 96 1
93 116 1
93 130 1
93 139 1
93 140 1
94 107 1
94 114 1
94 116 1
94 123 1
94 125 1
94 132 1
94 137 1
94 155 1
94 166 1
95 108 1
95 116 1
95 119 1
95 127 1
95 143 1
95 147 1
95 150 1
95 162 1
95 170 1
96 101 1
96 117 1
96 124 1
96 136 1
96 137 1
96 140 1
96 142 1
96 149 1
96 171 1
96 174 1
96 177 1
96 178 1
97 98 1
97 104 1
97 105 1
97 109 1
97 125 1
97 126 1
97 144 1
97 147 1
97 150 1
97 152 1
97 155 1
97 159 1
97 170 1
98 100 1
98 102 1
98 118 1
98 124 1
98 130 1
98 135 1
98 136 1
98 147 1
98 151 1
98 160 1
99 102 1
99 110 1
99 111 1
99 114 1
99 125 1
99 132 1
99 138 1
99 145 1
99 146 1
99 168 1
100 140 1
100 141 1
100 143 1
100 156 1
100 161 1
100 170 1
101 110 1
101 118 1
101 120 1
101 124 1
101 148 1
101 154 1
101 172 1
101 178 1
102 107 1
102 112 1
102 126 1
102 141 1
102 145 1
102 159 1
102 161 1
102 167 1
103 114 1
103 122 1
103 128 1
103 130 1
103 135 1
103 143 1
103 175 1
104 107 1
104 117 1
104 128 1
104 135 1
104 146 1
104 161 1
104 162 1
104 173 1
104 174 1
105 117 1
105 120 1
105 126 1
105 127 1
105 130 1
105 136 1
105 142 1
105 143 1
105 152 1
105 161 1
105 162 1
106 108 1
106 121 1
106 127 1
106 129 1
106 140 1
106 157 1
106 159 1
106 160 1
106 162 1
106 174 1
107 109 1
107 112 1
107 114 1
107 120 1
107 135 1
107 162 1
107 169 1
108 128 1
108 141 1
108 149 1
108 153 1
108 175 1
108 177 1
109 115 1
109 116 1
109 121 1
109 129 1
109 148 1
109 164 1
109 171 1
109 175 1
110 111 1
110 123 1
110 125 1
110 131 1
110 137 1
110 150 1
110 160 1
111 116 1
111 135 1
111 138 1
111 140 1
111 143 1
111 148 1
111 160 1
111 163 1
111 176 1
112 114 1
112 116 1
112 149 1
112 158 1
113 115 1
113 118 1
113 121 1
113 127 1
113 142 1
113 145 1
113 146 1
113 150 1
113 151 1
113 160 1
113 161 1
113 167 1
114 125 1
114 127 1
114 129 1
114 156 1
114 164 1
114 177 1
115 117 1
115 120 1
115 134 1
115 149 1
115 150 1
115 155 1
115 167 1
115 177 1
116 117 1
116 127 1
116 130 1
116 133 1
116 157 1
116 158 1
116 166 1
117 136 1
117 144 1
117 161 1
118 144 1
118 152 1
118 157 1
118 165 1
119 127 1
119 138 1
119 143 1
119 147 1
119 161 1
119 164 1
119 171 1
119 173 1
120 123 1
120 133 1
120 141 1
120 168 1
120 173 1
120 178 1
121 124 1
121 127 1
121 133 1
121 134 1
121 140 1
121 148 1
121 156 1
121 172 1
121 174 1
122 123 1
122 130 1
122 132 1
122 134 1
122 136 1
122 144 1
122 158 1
122 163 1
123 128 1
123 131 1
123 135 1
123 141 1
123 155 1
123 160 1
123 161 1
123 167 1
123 179 1
124 137 1
124 143 1
124 145 1
124 173 1
124 176 1
125 127 1
125 160 1
126 129 1
126 132 1
126 139 1
126 143 1
126 160 1
126 162 1
126 176 1
127 130 1
127 135 1
127 146 1
127 151 1
127 156 1
127 158 1
128 130 1
128 144 1
128 150 1
128 154 1
128 156 1
128 169 1
128 174 1
128 175 1
128 177 1
129 139 1
129 144 1
129 146 1
129 153 1
129 156 1
130 137 1
130 154 1
131 135 1
131 145 1
131 157 1
131 175 1
132 140 1
132 141 1
132 144 1
132 154 1
132 156 1
132 158 1
132 167 1
132 175 1
133 140 1
133 145 1
133 156 1
133 171 1
134 137 1
134 138 1
134 150 1
134 151 1
134 153 1
134 168 1
134 174 1
135 145 1
135 146 1
135 164 1
135 168 1
136 139 1
136 146 1
136 152 1
136 156 1
136 160 1
136 175 1
136 176 1
137 139 1
137 173 1
138 140 1
138 144 1
138 146 1
138 147 1
138 148 1
138 153 1
138 156 1
138 157 1
138 160 1
138 165 1
138 167 1
138 173 1
139 150 1
139 155 1
139 156 1
139 168 1
139 171 1
139 174 1
139 175 1
139 179 1
140 153 1
140 154 1
140 175 1
140 179 1
141 162 1
141 167 1
141 169 1
142 149 1
142 152 1
143 152 1
143 160 1
143 175 1
143 179 1
144 147 1
144 165 1
144 167 1
144 171 1
144 177 1
145 152 1
145 171 1
145 179 1
146 163 1
146 172 1
146 174 1
147 159 1
148 159 1
148 163 1
148 168 1
148 175 1
149 152 1
149 154 1
149 157 1
149 160 1
149 162 1
150 155 1
150 160 1
150 162 1
150 174 1
151 155 1
151 175 1
152 158 1
152 164 1
152 166 1
152 172 1
153 160 1
153 166 1
153 169 1
154 159 1
154 161 1
154 168 1
155 157 1
155 172 1
155 175 1
155 177 1
156 159 1
156 161 1
156 162 1
156 166 1
156 170 1
157 161 1
157 166 1
157 168 1
157 172 1
157 173 1
157 177 1
158 176 1
158 177 1
158 178 1
159 160 1
159 176 1
160 163 1
160 168 1
160 172 1
161 172 1
163 166 1
163 167 1
164 165 1
164 166 1
164 171 1
164 172 1
164 179 1
165 179 1
167 168 1
167 173 1
167 175 1
167 177 1
168 171 1
168 172 1
168 176 1
169 172 1
171 178 1
172 178 1
172 179 1
175 178 1
178 179 1
1
168 53 46 82 177 179 66 178 128 125 7 124 170 103 112 88 141 75
