1491
0 3 1
0 14 1
0 22 1
0 25 1
0 31 1
0 46 1
0 60 1
0 61 1
0 65 1
0 67 1
0 84 1
0 98 1
0 106 1
0 117 1
0 131 1
0 137 1
0 142 1
1 12 1
1 19 1
1 23 1
1 24 1
1 34 1
1 43 1
1 45 1
1 53 1
1 67 1
1 70 1
1 79 1
1 82 1
1 90 1
1 91 1
1 92 1
1 96 1
1 102 1
1 103 1
1 104 1
1 107 1
1 116 1
1 126 1
1 127 1
1 136 1
1 142 1
2 21 1
2 22 1
2 28 1
2 35 1
2 37 1
2 38 1
2 40 1
2 47 1
2 48 1
2 62 1
2 78 1
2 82 1
2 90 1
2 96 1
2 103 1
2 105 1
2 123 1
2 128 1
2 136 1
3 9 1
3 15 1
3 16 1
3 27 1
3 40 1
3 55 1
3 58 1
3 59 1
3 64 1
3 70 1
3 71 1
3 85 1
3 86 1
3 93 1
3 103 1
3 119 1
3 121 1
3 122 1
3 126 1
3 133 1
3 138 1
3 143 1
3 146 1
4 5 1
4 34 1
4 39 1
4 47 1
4 56 1
4 64 1
4 73 1
4 80 1
4 83 1
4 93 1
4 111 1
4 126 1
4 128 1
4 140 1
4 142 1
4 143 1
4 144 1
4 145 1
4 147 1
5 6 1
5 10 1
5 22 1
5 32 1
5 35 1
5 38 1
5 39 1
5 41 1
5 42 1
5 52 1
5 54 1
5 64 1
5 73 1
5 75 1
5 76 1
5 81 1
5 82 1
5 83 1
5 85 1
5 91 1
5 94 1
5 95 1
5 100 1
5 102 1
5 111 1
5 115 1
5 117 1
5 128 1
5 142 1
5 145 1
6 10 1
6 16 1
6 52 1
6 56 1
6 65 1
6 68 1
6 73 1
6 77 1
6 97 1
6 103 1
6 115 1
6 117 1
6 120 1
6 141 1
7 10 1
7 22 1
7 23 1
7 25 1
7 31 1
7 39 1
7 57 1
7 58 1
7 92 1
7 104 1
7 122 1
7 127 1
7 128 1
7 136 1
7 147 1
8 17 1
8 19 1
8 29 1
8 38 1
8 45 1
8 46 1
8 47 1
8 61 1
8 72 1
8 75 1
8 83 1
8 92 1
8 101 1
8 108 1
8 110 1
8 120 1
8 124 1
8 142 1
9 12 1
9 14 1
9 31 1
9 35 1
9 37 1
9 39 1
9 43 1
9 55 1
9 59 1
9 62 1
9 79 1
9 80 1
9 82 1
9 94 1
9 124 1
9 131 1
9 135 1
9 136 1
9 140 1
9 142 1
9 148 1
10 14 1
10 28 1
10 33 1
10 50 1
10 55 1
10 56 1
10 59 1
10 69 1
10 76 1
10 77 1
10 82 1
10 84 1
10 88 1
10 106 1
10 122 1
10 132 1
10 133 1
10 139 1
10 148 1
11 16 1
11 44 1
11 64 1
11 68 1
11 71 1
11 76 1
11 88 1
11 100 1
11 115 1
11 119 1
11 138 1
11 142 1
11 144 1
11 147 1
11 148 1
12 13 1
12 36 1
12 55 1
12 65 1
12 66 1
12 75 1
12 90 1
12 93 1
12 95 1
12 96 1
12 98 1
12 99 1
12 105 1
12 128 1
12 137 1
12 139 1
12 140 1
13 19 1
13 26 1
13 33 1
13 60 1
13 68 1
13 71 1
13 74 1
13 82 1
13 89 1
13 94 1
13 102 1
13 121 1
13 122 1
13 127 1
13 131 1
13 135 1
13 137 1
13 138 1
13 144 1
13 145 1
14 25 1
14 26 1
14 35 1
14 37 1
14 44 1
14 66 1
14 81 1
14 89 1
14 104 1
14 114 1
14 126 1
14 129 1
14 138 1
15 24 1
15 28 1
15 29 1
15 35 1
15 36 1
15 50 1
15 51 1
15 54 1
15 55 1
15 57 1
15 70 1
15 72 1
15 73 1
15 74 1
15 79 1
15 83 1
15 89 1
15 92 1
15 100 1
15 114 1
15 129 1
15 132 1
15 143 1
16 23 1
16 26 1
16 35 1
16 36 1
16 42 1
16 55 1
16 74 1
16 106 1
16 120 1
16 122 1
16 128 1
16 133 1
16 141 1
16 142 1
16 145 1
16 147 1
17 18 1
17 24 1
17 29 1
17 35 1
17 40 1
17 55 1
17 58 1
17 65 1
17 77 1
17 81 1
17 90 1
17 98 1
17 110 1
17 113 1
17 116 1
17 123 1
17 129 1
18 19 1
18 32 1
18 58 1
18 69 1
18 75 1
18 84 1
18 92 1
18 106 1
18 108 1
18 123 1
18 124 1
18 140 1
18 142 1
18 143 1
18 146 1
19 37 1
19 39 1
19 76 1
19 95 1
19 97 1
19 114 1
19 121 1
19 122 1
19 125 1
19 126 1
19 130 1
20 25 1
20 33 1
20 40 1
20 42 1
20 43 1
20 73 1
20 79 1
20 80 1
20 87 1
20 90 1
20 94 1
20 96 1
20 98 1
20 100 1
20 103 1
20 114 1
20 124 1
20 131 1
20 134 1
20 136 1
20 137 1
20 145 1
21 22 1
21 26 1
21 38 1
21 55 1
21 60 1
21 63 1
21 73 1
21 77 1
21 87 1
21 88 1
21 93 1
21 104 1
21 111 1
21 113 1
21 119 1
21 130 1
21 133 1
21 144 1
21 147 1
21 149 1
22 36 1
22 37 1
22 42 1
22 47 1
22 48 1
22 55 1
22 64 1
22 69 1
22 71 1
22 78 1
22 80 1
22 86 1
22 93 1
22 107 1
22 121 1
22 125 1
22 144 1
23 33 1
23 35 1
23 40 1
23 61 1
23 78 1
23 85 1
23 97 1
23 104 1
23 119 1
23 121 1
23 129 1
23 131 1
23 144 1
24 34 1
24 39 1
24 51 1
24 53 1
24 59 1
24 61 1
24 81 1
24 82 1
24 99 1
24 111 1
24 129 1
24 130 1
24 135 1
24 145 1
25 31 1
25 41 1
25 42 1
25 53 1
25 57 1
25 103 1
25 113 1
25 115 1
25 116 1
25 119 1
25 121 1
25 124 1
25 133 1
25 134 1
25 136 1
25 149 1
26 43 1
26 61 1
26 66 1
26 85 1
26 88 1
26 99 1
26 113 1
26 120 1
26 121 1
26 138 1
26 143 1
26 146 1
26 147 1
27 43 1
27 45 1
27 60 1
27 62 1
27 68 1
27 70 1
27 73 1
27 77 1
27 80 1
27 90 1
27 98 1
27 112 1
27 113 1
27 115 1
27 118 1
27 125 1
27 127 1
27 142 1
27 145 1
28 45 1
28 57 1
28 62 1
28 67 1
28 69 1
28 80 1
28 85 1
28 96 1
28 100 1
28 114 1
28 116 1
28 117 1
28 121 1
28 126 1
28 143 1
28 148 1
29 40 1
29 53 1
29 65 1
29 70 1
29 72 1
29 73 1
29 93 1
29 103 1
29 104 1
29 105 1
29 108 1
29 122 1
29 123 1
29 127 1
29 128 1
29 135 1
29 142 1
29 148 1
29 149 1
30 33 1
30 38 1
30 47 1
30 52 1
30 55 1
30 56 1
30 58 1
30 66 1
30 67 1
30 85 1
30 112 1
30 132 1
30 138 1
30 141 1
30 148 1
31 33 1
31 34 1
31 37 1
31 47 1
31 51 1
31 65 1
31 73 1
31 80 1
31 91 1
31 96 1
31 107 1
31 117 1
31 127 1
31 140 1
32 37 1
32 42 1
32 45 1
32 64 1
32 68 1
32 78 1
32 86 1
32 90 1
32 97 1
32 101 1
32 102 1
32 108 1
32 111 1
32 112 1
32 118 1
32 121 1
32 123 1
32 124 1
32 127 1
32 129 1
32 136 1
32 144 1
33 37 1
33 45 1
33 49 1
33 51 1
33 59 1
33 65 1
33 70 1
33 71 1
33 72 1
33 76 1
33 79 1
33 86 1
33 88 1
33 93 1
33 102 1
33 111 1
33 114 1
33 115 1
33 137 1
33 138 1
33 147 1
33 149 1
34 36 1
34 42 1
34 50 1
34 52 1
34 61 1
34 62 1
34 64 1
34 66 1
34 68 1
34 74 1
34 77 1
34 78 1
34 82 1
34 83 1
34 86 1
34 99 1
34 109 1
34 110 1
34 114 1
34 128 1
34 135 1
34 138 1
34 148 1
34 149 1
35 38 1
35 43 1
35 44 1
35 65 1
35 67 1
35 69 1
35 72 1
35 75 1
35 90 1
35 95 1
35 100 1
35 113 1
35 118 1
35 122 1
35 123 1
35 126 1
35 135 1
35 136 1
35 141 1
36 53 1
36 81 1
36 87 1
36 97 1
36 108 1
36 116 1
36 123 1
36 126 1
36 134 1
36 137 1
36 141 1
36 147 1
37 39 1
37 44 1
37 58 1
37 67 1
37 68 1
37 88 1
37 93 1
37 101 1
37 109 1
37 138 1
37 146 1
37 149 1
38 41 1
38 49 1
38 62 1
38 68 1
38 100 1
38 107 1
38 108 1
38 116 1
38 122 1
38 130 1
38 146 1
39 51 1
39 57 1
39 79 1
39 82 1
39 84 1
39 86 1
39 94 1
39 97 1
39 99 1
39 104 1
39 113 1
39 118 1
39 120 1
39 123 1
39 135 1
39 146 1
40 47 1
40 49 1
40 62 1
40 65 1
40 66 1
40 82 1
40 87 1
40 96 1
40 105 1
40 121 1
40 125 1
40 141 1
40 142 1
40 144 1
41 79 1
41 97 1
41 99 1
41 110 1
41 113 1
41 123 1
41 127 1
41 132 1
41 135 1
41 137 1
41 144 1
42 45 1
42 47 1
42 74 1
42 76 1
42 111 1
42 113 1
42 123 1
42 126 1
42 136 1
42 142 1
42 144 1
43 46 1
43 50 1
43 57 1
43 59 1
43 84 1
43 85 1
43 90 1
43 94 1
43 97 1
43 109 1
43 110 1
43 116 1
43 138 1
43 143 1
43 147 1
43 148 1
44 46 1
44 57 1
44 70 1
44 78 1
44 99 1
44 105 1
44 128 1
44 132 1
44 134 1
44 140 1
44 145 1
44 148 1
45 46 1
45 59 1
45 87 1
45 93 1
45 97 1
45 102 1
45 110 1
45 113 1
45 120 1
45 129 1
45 134 1
45 142 1
46 51 1
46 53 1
46 58 1
46 60 1
46 66 1
46 67 1
46 74 1
46 75 1
46 86 1
46 92 1
46 94 1
46 100 1
46 109 1
46 112 1
46 113 1
46 136 1
46 137 1
47 52 1
47 67 1
47 68 1
47 75 1
47 86 1
47 93 1
47 107 1
47 115 1
47 118 1
47 121 1
47 124 1
47 125 1
47 132 1
47 133 1
47 134 1
47 139 1
48 97 1
48 98 1
48 99 1
48 101 1
48 110 1
48 111 1
48 112 1
48 113 1
48 117 1
48 118 1
48 127 1
48 143 1
49 52 1
49 56 1
49 80 1
49 87 1
49 99 1
49 104 1
49 110 1
49 112 1
49 115 1
49 119 1
49 134 1
49 135 1
50 60 1
50 68 1
50 74 1
50 92 1
50 93 1
50 101 1
50 115 1
50 117 1
50 119 1
50 120 1
50 128 1
51 63 1
51 70 1
51 79 1
51 87 1
51 89 1
51 95 1
51 96 1
51 111 1
51 114 1
51 117 1
51 123 1
51 126 1
51 140 1
51 142 1
51 149 1
52 59 1
52 69 1
52 73 1
52 83 1
52 89 1
52 103 1
52 108 1
52 112 1
52 115 1
52 130 1
52 132 1
52 146 1
53 62 1
53 72 1
53 85 1
53 96 1
53 100 1
53 104 1
53 114 1
53 119 1
53 129 1
53 140 1
53 146 1
53 147 1
53 149 1
54 58 1
54 89 1
54 90 1
54 106 1
54 111 1
54 140 1
55 57 1
55 73 1
55 83 1
55 96 1
55 97 1
55 101 1
55 104 1
55 108 1
55 110 1
55 125 1
55 133 1
56 57 1
56 58 1
56 78 1
56 83 1
56 85 1
56 91 1
56 99 1
56 101 1
56 116 1
56 120 1
56 129 1
56 137 1
56 147 1
57 73 1
57 74 1
57 89 1
57 92 1
57 100 1
57 108 1
57 133 1
57 138 1
58 61 1
58 69 1
58 74 1
58 75 1
58 76 1
58 79 1
58 89 1
58 94 1
58 96 1
58 105 1
58 114 1
58 123 1
58 128 1
58 133 1
58 147 1
59 66 1
59 74 1
59 77 1
59 109 1
59 112 1
59 115 1
59 117 1
59 124 1
59 126 1
59 147 1
60 81 1
60 88 1
60 94 1
60 100 1
60 126 1
60 128 1
60 136 1
61 62 1
61 63 1
61 83 1
61 104 1
61 111 1
61 127 1
61 142 1
61 144 1
62 63 1
62 68 1
62 74 1
62 85 1
62 91 1
62 102 1
62 105 1
62 110 1
62 120 1
62 123 1
62 126 1
62 128 1
62 134 1
62 136 1
63 67 1
63 69 1
63 97 1
63 101 1
63 138 1
63 139 1
63 149 1
64 65 1
64 71 1
64 93 1
64 95 1
64 100 1
64 111 1
64 114 1
64 117 1
64 122 1
64 123 1
64 125 1
64 127 1
64 128 1
64 134 1
64 135 1
65 69 1
65 70 1
65 71 1
65 89 1
65 96 1
65 97 1
65 108 1
65 110 1
65 111 1
65 146 1
66 99 1
66 107 1
66 108 1
66 123 1
66 127 1
66 133 1
66 140 1
67 75 1
67 85 1
67 86 1
67 89 1
67 96 1
67 97 1
67 104 1
67 123 1
67 145 1
67 146 1
67 147 1
68 71 1
68 77 1
68 94 1
68 108 1
68 110 1
68 117 1
68 132 1
68 147 1
69 72 1
69 77 1
69 120 1
69 133 1
69 135 1
69 140 1
70 72 1
70 77 1
70 87 1
70 94 1
70 122 1
70 129 1
70 137 1
71 90 1
71 96 1
71 98 1
71 103 1
71 107 1
71 117 1
71 121 1
71 125 1
71 147 1
72 76 1
72 79 1
72 82 1
72 105 1
72 106 1
72 118 1
72 119 1
72 144 1
72 148 1
73 74 1
73 78 1
73 82 1
73 92 1
73 105 1
73 110 1
73 120 1
73 134 1
73 141 1
73 145 1
74 77 1
74 80 1
74 84 1
74 94 1
74 95 1
74 119 1
74 128 1
75 79 1
75 83 1
75 87 1
75 93 1
75 94 1
75 97 1
75 107 1
75 114 1
75 116 1
75 131 1
75 133 1
76 84 1
76 90 1
76 91 1
76 128 1
76 133 1
76 137 1
77 81 1
77 85 1
77 97 1
77 100 1
77 102 1
77 112 1
77 122 1
77 127 1
77 129 1
77 143 1
78 81 1
78 87 1
78 93 1
78 102 1
78 110 1
78 117 1
78 127 1
78 134 1
78 136 1
78 146 1
78 148 1
79 95 1
79 101 1
79 115 1
79 116 1
79 121 1
79 122 1
79 124 1
79 129 1
79 135 1
79 136 1
79 137 1
79 146 1
80 90 1
80 94 1
80 98 1
80 102 1
80 112 1
80 114 1
80 123 1
80 129 1
80 138 1
80 142 1
80 146 1
80 148 1
81 98 1
81 105 1
81 112 1
81 118 1
81 121 1
81 122 1
81 131 1
81 135 1
81 138 1
81 142 1
81 147 1
82 88 1
82 91 1
82 99 1
82 101 1
82 102 1
82 105 1
82 111 1
82 115 1
82 120 1
82 121 1
82 132 1
82 135 1
82 146 1
82 149 1
83 91 1
83 97 1
83 105 1
83 112 1
83 114 1
83 115 1
83 132 1
83 146 1
83 147 1
84 90 1
84 93 1
84 110 1
84 118 1
84 119 1
84 121 1
84 131 1
84 138 1
84 140 1
84 148 1
84 149 1
85 94 1
85 108 1
85 110 1
85 117 1
85 131 1
85 132 1
85 135 1
85 137 1
86 87 1
86 89 1
86 94 1
86 106 1
86 107 1
86 111 1
86 122 1
87 88 1
87 100 1
87 104 1
88 94 1
88 112 1
88 114 1
88 129 1
88 133 1
89 94 1
89 96 1
89 97 1
89 98 1
89 99 1
89 108 1
89 115 1
89 127 1
89 138 1
89 140 1
89 142 1
90 100 1
90 101 1
90 106 1
90 108 1
90 109 1
90 113 1
90 124 1
90 133 1
90 146 1
91 96 1
91 98 1
91 99 1
91 100 1
91 113 1
91 118 1
91 127 1
91 130 1
91 136 1
91 141 1
92 102 1
92 103 1
92 107 1
92 111 1
92 114 1
92 119 1
92 120 1
92 125 1
92 128 1
92 130 1
92 131 1
92 146 1
92 148 1
93 96 1
93 110 1
93 112 1
93 126 1
93 130 1
94 96 1
94 105 1
94 114 1
94 115 1
94 118 1
94 121 1
94 124 1
94 136 1
94 138 1
94 145 1
95 99 1
95 114 1
95 117 1
95 121 1
95 124 1
95 128 1
95 133 1
95 144 1
96 104 1
96 105 1
96 127 1
96 137 1
96 144 1
97 99 1
97 107 1
97 112 1
97 120 1
97 128 1
97 134 1
97 142 1
98 101 1
98 102 1
98 104 1
98 112 1
98 144 1
99 109 1
99 114 1
99 118 1
99 139 1
99 145 1
100 104 1
100 110 1
100 114 1
100 117 1
100 118 1
100 134 1
100 136 1
100 137 1
100 140 1
100 145 1
101 105 1
101 106 1
101 118 1
101 131 1
101 136 1
101 145 1
102 118 1
102 121 1
102 134 1
102 140 1
102 144 1
102 145 1
103 114 1
103 116 1
103 136 1
103 143 1
103 146 1
104 115 1
104 117 1
104 121 1
104 123 1
104 146 1
105 108 1
105 124 1
105 131 1
105 132 1
106 114 1
106 121 1
106 122 1
106 124 1
106 126 1
106 135 1
106 141 1
106 145 1
107 108 1
107 113 1
107 129 1
107 137 1
107 144 1
108 118 1
108 119 1
108 142 1
109 111 1
109 125 1
109 127 1
109 136 1
109 141 1
109 145 1
109 148 1
109 149 1
110 112 1
110 119 1
110 130 1
111 113 1
111 115 1
111 127 1
111 130 1
111 131 1
111 137 1
111 142 1
112 113 1
112 122 1
112 125 1
112 127 1
112 129 1
112 132 1
112 137 1
112 141 1
112 148 1
113 128 1
113 131 1
113 133 1
113 135 1
113 149 1
114 121 1
114 124 1
114 128 1
114 129 1
114 137 1
114 140 1
114 147 1
115 119 1
115 124 1
115 129 1
115 133 1
115 146 1
115 149 1
116 119 1
116 124 1
116 134 1
116 137 1
116 140 1
116 146 1
117 134 1
117 139 1
117 141 1
117 149 1
118 121 1
118 127 1
118 129 1
118 141 1
118 149 1
119 123 1
119 137 1
119 140 1
119 149 1
120 122 1
120 132 1
120 133 1
120 137 1
120 141 1
120 142 1
121 126 1
121 127 1
121 133 1
121 136 1
121 142 1
121 144 1
122 137 1
122 140 1
122 148 1
123 127 1
123 128 1
123 134 1
123 136 1
123 138 1
123 139 1
123 142 1
124 134 1
124 141 1
125 126 1
125 131 1
125 136 1
126 130 1
126 135 1
126 148 1
127 134 1
127 141 1
127 142 1
128 131 1
128 132 1
128 136 1
128 142 1
128 144 1
128 147 1
129 137 1
129 143 1
129 147 1
129 149 1
130 132 1
130 140 1
130 146 1
131 143 1
131 145 1
131 146 1
131 147 1
132 135 1
132 149 1
133 146 1
134 137 1
135 139 1
135 144 1
136 139 1
136 146 1
136 149 1
137 148 1
138 140 1
139 140 1
139 141 1
139 142 1
139 143 1
140 144 1
141 148 1
142 147 1
143 149 1
145 146 1
147 148 1
147 149 1
1
76 48 36 109 44 0 135 125 92 75 53 124 63 29 134
