284
0 5 1
0 9 1
0 10 1
0 11 1
0 12 1
0 14 1
0 16 1
0 19 1
0 23 1
0 24 1
0 27 1
0 28 1
0 29 1
0 36 1
0 39 1
1 3 1
1 6 1
1 7 1
1 8 1
1 17 1
1 20 1
1 26 1
1 28 1
1 36 1
1 37 1
2 3 1
2 5 1
2 6 1
2 7 1
2 8 1
2 9 1
2 16 1
2 18 1
2 20 1
2 21 1
2 24 1
2 28 1
2 30 1
2 31 1
2 33 1
2 36 1
2 38 1
3 6 1
3 7 1
3 8 1
3 13 1
3 17 1
3 18 1
3 19 1
3 20 1
3 26 1
3 31 1
3 36 1
3 38 1
3 39 1
4 5 1
4 6 1
4 8 1
4 11 1
4 14 1
4 15 1
4 16 1
4 18 1
4 21 1
4 25 1
4 30 1
4 31 1
4 37 1
5 7 1
5 8 1
5 9 1
5 11 1
5 17 1
5 18 1
5 19 1
5 20 1
5 21 1
5 26 1
5 28 1
5 32 1
5 33 1
6 7 1
6 11 1
6 14 1
6 15 1
6 17 1
6 18 1
6 19 1
6 21 1
6 30 1
7 9 1
7 11 1
7 21 1
7 24 1
7 29 1
7 31 1
7 33 1
8 9 1
8 13 1
8 14 1
8 19 1
8 21 1
8 22 1
8 25 1
8 28 1
8 29 1
8 32 1
8 33 1
8 34 1
8 35 1
8 36 1
8 38 1
9 11 1
9 14 1
9 17 1
9 25 1
9 34 1
9 36 1
9 38 1
9 39 1
10 14 1
10 17 1
10 18 1
10 24 1
10 25 1
10 26 1
10 29 1
10 31 1
10 38 1
11 16 1
11 17 1
11 21 1
11 26 1
11 34 1
11 37 1
11 38 1
12 13 1
12 14 1
12 15 1
12 16 1
12 18 1
12 21 1
12 23 1
12 27 1
12 29 1
12 35 1
12 37 1
12 39 1
13 16 1
13 21 1
13 23 1
13 24 1
13 27 1
13 36 1
13 37 1
14 16 1
14 19 1
14 23 1
14 24 1
14 26 1
14 27 1
14 32 1
14 33 1
14 34 1
15 16 1
15 17 1
15 25 1
15 27 1
15 28 1
15 29 1
15 33 1
15 35 1
16 18 1
16 23 1
16 27 1
16 34 1
16 35 1
16 36 1
16 38 1
16 39 1
17 19 1
17 21 1
17 22 1
17 23 1
17 26 1
17 27 1
17 30 1
17 31 1
17 36 1
17 39 1
18 19 1
18 20 1
18 23 1
18 25 1
18 32 1
18 36 1
18 37 1
19 20 1
19 22 1
19 24 1
19 25 1
19 26 1
19 27 1
19 29 1
19 31 1
19 32 1
19 34 1
19 35 1
19 37 1
19 39 1
20 21 1
20 24 1
20 27 1
20 28 1
20 30 1
20 36 1
20 38 1
21 27 1
21 29 1
21 33 1
21 34 1
21 35 1
21 37 1
21 38 1
22 23 1
22 24 1
22 26 1
22 27 1
22 28 1
22 31 1
22 32 1
22 33 1
22 34 1
22 38 1
22 39 1
23 26 1
23 27 1
23 28 1
23 33 1
23 37 1
24 25 1
24 28 1
24 32 1
24 33 1
24 34 1
24 36 1
24 38 1
25 30 1
25 35 1
25 36 1
25 38 1
26 27 1
26 31 1
26 39 1
27 28 1
27 32 1
27 33 1
27 38 1
28 29 1
28 31 1
28 34 1
28 35 1
28 37 1
28 39 1
29 31 1
29 39 1
30 37 1
31 34 1
31 36 1
31 37 1
31 39 1
32 33 1
32 35 1
33 35 1
33 38 1
33 39 1
34 35 1
34 39 1
35 36 1
35 38 1
35 39 1
36 37 1
37 38 1
38 39 1
1
37 33 17 28
