705
0 8 1
0 9 1
0 13 1
0 22 1
0 25 1
0 29 1
0 38 1
0 42 1
0 44 1
0 54 1
0 69 1
0 73 1
0 74 1
0 75 1
0 78 1
1 5 1
1 9 1
1 17 1
1 19 1
1 22 1
1 28 1
1 31 1
1 32 1
1 33 1
1 38 1
1 42 1
1 49 1
1 51 1
1 52 1
1 63 1
1 64 1
1 65 1
1 66 1
1 68 1
1 70 1
1 72 1
1 73 1
1 76 1
1 77 1
2 3 1
2 11 1
2 20 1
2 21 1
2 24 1
2 26 1
2 28 1
2 32 1
2 37 1
2 41 1
2 53 1
2 61 1
2 64 1
2 66 1
2 67 1
2 73 1
3 8 1
3 10 1
3 11 1
3 12 1
3 15 1
3 18 1
3 20 1
3 22 1
3 26 1
3 30 1
3 31 1
3 36 1
3 40 1
3 49 1
3 52 1
3 53 1
3 57 1
3 63 1
3 66 1
3 72 1
4 8 1
4 18 1
4 19 1
4 20 1
4 21 1
4 22 1
4 30 1
4 32 1
4 47 1
4 49 1
4 67 1
4 71 1
4 74 1
4 79 1
5 6 1
5 7 1
5 8 1
5 12 1
5 13 1
5 19 1
5 24 1
5 26 1
5 28 1
5 34 1
5 42 1
5 55 1
5 58 1
5 69 1
5 71 1
5 74 1
5 77 1
6 9 1
6 16 1
6 18 1
6 27 1
6 31 1
6 35 1
6 37 1
6 40 1
6 51 1
6 66 1
6 71 1
7 8 1
7 12 1
7 28 1
7 33 1
7 40 1
7 48 1
7 49 1
7 51 1
7 56 1
7 57 1
7 61 1
7 62 1
7 63 1
7 65 1
7 67 1
7 76 1
7 79 1
8 15 1
8 20 1
8 35 1
8 40 1
8 43 1
8 44 1
8 54 1
8 56 1
8 60 1
8 65 1
8 68 1
8 69 1
8 75 1
8 77 1
8 79 1
9 15 1
9 16 1
9 19 1
9 20 1
9 24 1
9 26 1
9 32 1
9 36 1
9 39 1
9 42 1
9 47 1
9 49 1
9 50 1
9 51 1
9 52 1
9 63 1
9 64 1
9 68 1
9 69 1
9 71 1
9 73 1
9 76 1
10 12 1
10 20 1
10 21 1
10 23 1
10 28 1
10 30 1
10 31 1
10 32 1
10 38 1
10 47 1
10 55 1
10 59 1
10 73 1
10 74 1
11 15 1
11 23 1
11 25 1
11 30 1
11 32 1
11 33 1
11 43 1
11 49 1
11 50 1
11 60 1
11 62 1
11 63 1
11 74 1
12 14 1
12 18 1
12 24 1
12 28 1
12 34 1
12 35 1
12 40 1
12 42 1
12 44 1
12 47 1
12 51 1
12 58 1
12 63 1
12 64 1
12 73 1
13 16 1
13 20 1
13 23 1
13 34 1
13 35 1
13 44 1
13 45 1
13 48 1
13 49 1
13 53 1
13 54 1
13 57 1
13 60 1
13 61 1
13 69 1
13 73 1
13 78 1
14 15 1
14 17 1
14 20 1
14 22 1
14 29 1
14 32 1
14 39 1
14 41 1
14 50 1
14 53 1
14 62 1
14 63 1
14 65 1
14 66 1
14 67 1
15 16 1
15 20 1
15 22 1
15 23 1
15 26 1
15 28 1
15 30 1
15 32 1
15 34 1
15 41 1
15 49 1
15 51 1
15 56 1
15 59 1
15 64 1
15 70 1
15 72 1
15 79 1
16 18 1
16 19 1
16 20 1
16 21 1
16 22 1
16 23 1
16 24 1
16 28 1
16 31 1
16 40 1
16 47 1
16 52 1
16 57 1
16 59 1
16 65 1
16 75 1
16 76 1
16 79 1
17 34 1
17 35 1
17 41 1
17 43 1
17 44 1
17 46 1
17 47 1
17 50 1
17 53 1
17 54 1
17 55 1
17 56 1
17 57 1
17 59 1
17 65 1
17 66 1
17 74 1
17 77 1
18 28 1
18 32 1
18 38 1
18 46 1
18 48 1
18 56 1
18 62 1
18 65 1
18 67 1
18 73 1
18 76 1
18 78 1
19 21 1
19 23 1
19 36 1
19 41 1
19 42 1
19 45 1
19 46 1
19 51 1
19 56 1
19 59 1
19 63 1
19 66 1
19 72 1
19 74 1
20 22 1
20 40 1
20 51 1
20 53 1
20 57 1
20 61 1
20 64 1
20 71 1
20 72 1
20 77 1
20 79 1
21 29 1
21 30 1
21 31 1
21 35 1
21 36 1
21 41 1
21 42 1
21 46 1
21 49 1
21 51 1
21 53 1
21 56 1
21 57 1
21 60 1
21 61 1
21 64 1
21 65 1
22 26 1
22 28 1
22 30 1
22 33 1
22 46 1
22 55 1
22 62 1
22 64 1
22 66 1
22 75 1
22 77 1
23 25 1
23 26 1
23 28 1
23 33 1
23 38 1
23 56 1
23 57 1
23 59 1
23 68 1
24 28 1
24 29 1
24 35 1
24 42 1
24 58 1
24 61 1
24 67 1
24 69 1
24 70 1
24 71 1
24 77 1
25 27 1
25 37 1
25 38 1
25 45 1
25 48 1
25 56 1
25 62 1
25 64 1
25 67 1
25 74 1
25 76 1
25 77 1
26 28 1
26 29 1
26 30 1
26 33 1
26 38 1
26 45 1
26 52 1
26 59 1
26 62 1
26 63 1
26 64 1
26 65 1
26 66 1
26 67 1
26 71 1
26 72 1
27 31 1
27 33 1
27 34 1
27 35 1
27 39 1
27 46 1
27 48 1
27 55 1
27 57 1
27 64 1
27 70 1
27 71 1
27 72 1
28 30 1
28 35 1
28 42 1
28 50 1
28 53 1
28 55 1
28 67 1
28 70 1
28 73 1
28 74 1
28 78 1
28 79 1
29 31 1
29 35 1
29 41 1
29 46 1
29 47 1
29 48 1
29 56 1
29 59 1
29 61 1
29 66 1
29 68 1
29 69 1
29 78 1
30 31 1
30 34 1
30 35 1
30 38 1
30 42 1
30 50 1
30 51 1
30 53 1
30 54 1
30 57 1
30 65 1
30 68 1
30 72 1
30 73 1
31 36 1
31 43 1
31 48 1
31 53 1
31 63 1
31 69 1
31 70 1
32 37 1
32 66 1
32 69 1
32 74 1
32 76 1
33 39 1
33 40 1
33 45 1
33 47 1
33 48 1
33 54 1
33 70 1
33 79 1
34 35 1
34 42 1
34 63 1
34 68 1
34 70 1
34 75 1
35 36 1
35 37 1
35 52 1
35 53 1
35 54 1
35 57 1
35 64 1
35 69 1
35 73 1
36 37 1
36 41 1
36 45 1
36 47 1
36 49 1
36 61 1
36 69 1
36 70 1
36 74 1
36 77 1
36 79 1
37 44 1
37 46 1
37 47 1
37 51 1
37 55 1
37 59 1
37 65 1
37 67 1
37 70 1
37 75 1
38 40 1
38 47 1
38 50 1
38 65 1
38 72 1
39 43 1
39 54 1
39 59 1
39 60 1
39 62 1
39 65 1
39 71 1
39 73 1
39 74 1
39 76 1
40 49 1
40 51 1
40 53 1
40 60 1
40 61 1
41 45 1
41 53 1
41 55 1
41 67 1
41 71 1
41 75 1
41 76 1
42 46 1
42 48 1
42 51 1
42 55 1
42 61 1
42 65 1
42 68 1
42 69 1
42 70 1
42 71 1
42 72 1
42 78 1
43 51 1
43 55 1
43 57 1
43 59 1
43 64 1
43 65 1
43 68 1
43 69 1
43 71 1
43 77 1
43 79 1
44 45 1
44 46 1
44 47 1
44 54 1
44 58 1
44 62 1
44 69 1
44 76 1
45 58 1
45 61 1
45 64 1
45 65 1
45 67 1
45 75 1
46 51 1
46 58 1
46 69 1
46 70 1
46 78 1
47 52 1
47 55 1
47 57 1
47 59 1
47 60 1
47 61 1
47 63 1
47 64 1
47 71 1
47 73 1
48 58 1
48 61 1
48 62 1
48 73 1
48 77 1
49 54 1
49 55 1
49 58 1
49 65 1
49 76 1
49 77 1
50 51 1
50 53 1
50 54 1
50 63 1
50 65 1
50 69 1
50 73 1
50 75 1
51 59 1
51 60 1
51 68 1
51 72 1
51 77 1
52 53 1
52 63 1
52 65 1
52 67 1
52 75 1
53 54 1
53 55 1
53 62 1
53 74 1
54 55 1
54 56 1
54 65 1
54 72 1
54 75 1
54 79 1
55 59 1
55 63 1
55 68 1
55 71 1
55 77 1
56 60 1
56 65 1
56 66 1
56 76 1
57 58 1
57 65 1
57 69 1
57 71 1
57 76 1
58 61 1
58 62 1
58 66 1
58 67 1
58 69 1
58 73 1
59 61 1
59 63 1
59 73 1
59 75 1
60 70 1
60 72 1
60 75 1
60 79 1
61 68 1
61 71 1
62 64 1
62 65 1
62 77 1
62 78 1
63 67 1
63 71 1
63 72 1
64 67 1
64 69 1
64 72 1
64 73 1
64 79 1
65 70 1
65 72 1
65 74 1
65 76 1
66 70 1
66 71 1
66 73 1
66 74 1
66 78 1
66 79 1
67 74 1
68 73 1
68 79 1
69 75 1
69 76 1
69 79 1
70 71 1
70 79 1
71 78 1
71 79 1
72 73 1
72 75 1
72 76 1
73 77 1
76 78 1
1
45 2 59 22 41 17 54 64
