829
0 4 1
0 5 1
0 22 1
0 35 1
0 50 1
0 60 1
0 62 1
0 63 1
0 68 1
0 69 1
0 71 1
0 72 1
0 73 1
1 6 1
1 10 1
1 14 1
1 15 1
1 17 1
1 18 1
1 23 1
1 26 1
1 27 1
1 29 1
1 30 1
1 35 1
1 41 1
1 42 1
1 48 1
1 51 1
1 52 1
1 54 1
1 60 1
1 67 1
1 68 1
1 74 1
1 78 1
1 81 1
2 3 1
2 10 1
2 11 1
2 20 1
2 23 1
2 28 1
2 33 1
2 39 1
2 43 1
2 46 1
2 48 1
2 53 1
2 61 1
2 63 1
2 64 1
2 69 1
2 71 1
2 75 1
2 82 1
2 88 1
3 18 1
3 24 1
3 26 1
3 29 1
3 31 1
3 32 1
3 33 1
3 47 1
3 50 1
3 52 1
3 55 1
3 56 1
3 58 1
3 59 1
3 60 1
3 63 1
3 71 1
3 82 1
4 5 1
4 6 1
4 7 1
4 20 1
4 25 1
4 27 1
4 28 1
4 29 1
4 42 1
4 45 1
4 53 1
4 55 1
4 56 1
4 66 1
4 68 1
4 74 1
4 80 1
4 82 1
4 88 1
5 9 1
5 14 1
5 16 1
5 19 1
5 20 1
5 21 1
5 26 1
5 28 1
5 29 1
5 30 1
5 31 1
5 37 1
5 38 1
5 49 1
5 50 1
5 52 1
5 55 1
5 75 1
5 79 1
5 80 1
5 81 1
5 86 1
5 87 1
6 13 1
6 16 1
6 20 1
6 25 1
6 27 1
6 30 1
6 33 1
6 42 1
6 45 1
6 46 1
6 47 1
6 53 1
6 55 1
6 56 1
6 59 1
6 66 1
6 77 1
6 78 1
6 83 1
6 85 1
7 13 1
7 15 1
7 18 1
7 21 1
7 22 1
7 23 1
7 34 1
7 37 1
7 45 1
7 54 1
7 64 1
7 74 1
7 76 1
7 83 1
8 12 1
8 15 1
8 32 1
8 36 1
8 47 1
8 56 1
8 63 1
8 66 1
8 71 1
8 75 1
8 78 1
8 85 1
9 10 1
9 11 1
9 14 1
9 17 1
9 20 1
9 22 1
9 26 1
9 28 1
9 53 1
9 60 1
9 65 1
9 66 1
9 67 1
9 69 1
9 74 1
9 89 1
10 11 1
10 12 1
10 17 1
10 24 1
10 29 1
10 32 1
10 44 1
10 60 1
10 69 1
10 74 1
10 75 1
10 81 1
10 85 1
11 12 1
11 15 1
11 18 1
11 24 1
11 26 1
11 30 1
11 39 1
11 40 1
11 49 1
11 50 1
11 60 1
11 62 1
11 65 1
11 67 1
11 71 1
11 77 1
12 14 1
12 15 1
12 29 1
12 38 1
12 41 1
12 50 1
12 51 1
12 52 1
12 57 1
12 58 1
12 62 1
12 63 1
12 69 1
12 70 1
12 82 1
12 83 1
12 88 1
13 17 1
13 18 1
13 21 1
13 28 1
13 34 1
13 40 1
13 43 1
13 50 1
13 62 1
13 64 1
13 86 1
13 89 1
14 25 1
14 27 1
14 29 1
14 30 1
14 31 1
14 33 1
14 36 1
14 37 1
14 41 1
14 42 1
14 52 1
14 54 1
14 58 1
14 62 1
14 69 1
14 70 1
14 71 1
14 72 1
14 78 1
14 85 1
14 88 1
15 18 1
15 37 1
15 39 1
15 41 1
15 44 1
15 48 1
15 58 1
15 61 1
15 65 1
15 72 1
15 73 1
15 74 1
15 77 1
15 85 1
15 87 1
16 21 1
16 25 1
16 27 1
16 32 1
16 33 1
16 41 1
16 42 1
16 59 1
16 62 1
16 63 1
16 66 1
16 67 1
16 85 1
17 21 1
17 32 1
17 34 1
17 42 1
17 46 1
17 51 1
17 55 1
17 66 1
17 68 1
17 70 1
17 72 1
17 73 1
17 74 1
17 84 1
17 85 1
18 21 1
18 23 1
18 26 1
18 28 1
18 36 1
18 38 1
18 41 1
18 48 1
18 49 1
18 52 1
18 66 1
18 72 1
18 76 1
18 78 1
18 82 1
18 86 1
18 89 1
19 22 1
19 23 1
19 25 1
19 27 1
19 28 1
19 33 1
19 47 1
19 51 1
19 52 1
19 53 1
19 58 1
19 63 1
19 72 1
19 76 1
19 83 1
20 23 1
20 26 1
20 28 1
20 31 1
20 37 1
20 40 1
20 42 1
20 43 1
20 55 1
20 57 1
20 64 1
20 71 1
20 74 1
20 75 1
20 76 1
20 79 1
20 80 1
20 84 1
21 31 1
21 41 1
21 54 1
21 59 1
21 62 1
21 66 1
21 67 1
21 72 1
21 76 1
21 77 1
21 78 1
21 81 1
21 89 1
22 46 1
22 50 1
22 51 1
22 56 1
22 57 1
22 68 1
22 69 1
22 84 1
23 24 1
23 25 1
23 28 1
23 31 1
23 36 1
23 37 1
23 48 1
23 50 1
23 54 1
23 56 1
23 57 1
23 58 1
23 60 1
23 63 1
23 65 1
23 69 1
23 76 1
23 89 1
24 27 1
24 28 1
24 30 1
24 32 1
24 33 1
24 39 1
24 41 1
24 46 1
24 50 1
24 56 1
24 57 1
24 60 1
24 63 1
24 65 1
24 67 1
24 69 1
24 71 1
24 83 1
24 85 1
24 87 1
24 88 1
25 27 1
25 33 1
25 34 1
25 36 1
25 39 1
25 41 1
25 51 1
25 55 1
25 59 1
25 61 1
25 67 1
25 68 1
25 71 1
25 72 1
25 74 1
25 81 1
25 84 1
25 87 1
26 30 1
26 34 1
26 35 1
26 50 1
26 52 1
26 66 1
26 70 1
26 77 1
26 84 1
26 87 1
26 88 1
27 28 1
27 42 1
27 59 1
27 65 1
27 70 1
27 72 1
27 75 1
27 81 1
27 85 1
27 86 1
27 88 1
28 29 1
28 33 1
28 34 1
28 35 1
28 36 1
28 38 1
28 39 1
28 40 1
28 46 1
28 50 1
28 59 1
28 66 1
28 67 1
28 72 1
28 73 1
28 77 1
28 81 1
28 84 1
28 85 1
29 33 1
29 43 1
29 57 1
29 61 1
29 65 1
29 71 1
29 75 1
29 87 1
29 89 1
30 33 1
30 43 1
30 49 1
30 52 1
30 56 1
30 57 1
30 58 1
30 63 1
30 65 1
30 68 1
30 80 1
31 32 1
31 44 1
31 47 1
31 53 1
31 55 1
31 59 1
31 61 1
31 71 1
31 75 1
31 76 1
31 77 1
31 83 1
32 34 1
32 38 1
32 47 1
32 56 1
32 58 1
32 72 1
32 79 1
32 89 1
33 35 1
33 42 1
33 43 1
33 44 1
33 48 1
33 66 1
33 80 1
33 83 1
33 89 1
34 38 1
34 42 1
34 46 1
34 48 1
34 56 1
34 60 1
34 78 1
34 84 1
34 88 1
34 89 1
35 38 1
35 39 1
35 41 1
35 43 1
35 61 1
35 64 1
35 65 1
35 69 1
35 73 1
35 75 1
36 51 1
36 61 1
36 64 1
36 68 1
36 76 1
36 77 1
37 38 1
37 39 1
37 44 1
37 53 1
37 58 1
37 60 1
37 62 1
37 80 1
37 81 1
37 86 1
37 88 1
38 39 1
38 43 1
38 48 1
38 70 1
38 77 1
38 80 1
39 44 1
39 56 1
39 58 1
39 63 1
39 66 1
39 71 1
39 82 1
40 60 1
40 61 1
40 62 1
40 63 1
40 66 1
40 75 1
40 80 1
41 43 1
41 47 1
41 49 1
41 57 1
41 64 1
41 69 1
41 72 1
41 78 1
41 80 1
41 83 1
41 84 1
41 87 1
41 88 1
42 47 1
42 60 1
42 62 1
42 63 1
42 66 1
42 71 1
42 72 1
42 75 1
42 79 1
43 68 1
43 73 1
43 74 1
43 85 1
44 53 1
44 54 1
44 62 1
44 64 1
44 68 1
44 69 1
44 76 1
44 82 1
45 46 1
45 49 1
45 59 1
45 62 1
45 65 1
45 67 1
45 69 1
45 72 1
45 73 1
45 78 1
45 79 1
45 80 1
46 47 1
46 49 1
46 53 1
46 54 1
46 55 1
46 66 1
46 70 1
46 73 1
46 74 1
46 82 1
46 89 1
47 58 1
47 61 1
47 65 1
47 66 1
47 67 1
47 68 1
47 69 1
47 74 1
47 79 1
47 80 1
47 88 1
47 89 1
48 51 1
48 54 1
48 57 1
48 58 1
48 68 1
48 76 1
48 88 1
49 51 1
49 52 1
49 56 1
49 68 1
49 69 1
49 71 1
49 75 1
49 78 1
49 79 1
49 80 1
50 51 1
50 62 1
50 65 1
50 66 1
50 68 1
50 75 1
50 78 1
50 86 1
51 56 1
51 60 1
51 70 1
51 80 1
51 86 1
51 88 1
52 56 1
52 61 1
52 65 1
52 67 1
52 68 1
52 69 1
52 72 1
52 73 1
52 74 1
52 83 1
52 84 1
53 62 1
53 69 1
53 70 1
53 72 1
53 78 1
53 80 1
53 85 1
54 56 1
54 58 1
54 69 1
54 82 1
54 86 1
54 89 1
55 61 1
55 63 1
55 66 1
55 69 1
55 74 1
55 81 1
55 89 1
56 58 1
56 61 1
56 67 1
56 69 1
56 74 1
56 75 1
56 76 1
57 58 1
57 61 1
57 74 1
57 80 1
58 61 1
58 63 1
58 64 1
58 66 1
58 67 1
58 72 1
58 78 1
58 85 1
58 86 1
59 64 1
59 67 1
59 69 1
59 72 1
59 78 1
59 83 1
60 63 1
60 66 1
60 67 1
60 68 1
60 73 1
60 84 1
60 86 1
61 71 1
61 73 1
61 75 1
62 72 1
62 74 1
62 79 1
62 81 1
63 65 1
63 67 1
63 68 1
63 70 1
63 71 1
63 76 1
63 80 1
64 79 1
64 80 1
64 81 1
64 86 1
64 88 1
64 89 1
65 66 1
65 69 1
65 72 1
65 73 1
65 76 1
65 86 1
65 87 1
66 75 1
66 76 1
66 79 1
66 88 1
66 89 1
67 81 1
67 83 1
68 75 1
68 78 1
68 80 1
68 82 1
68 83 1
68 84 1
68 87 1
69 72 1
69 74 1
69 75 1
69 87 1
70 72 1
70 74 1
70 75 1
70 77 1
70 81 1
70 85 1
70 88 1
71 74 1
71 75 1
71 76 1
71 77 1
71 80 1
71 83 1
71 87 1
71 88 1
71 89 1
72 73 1
72 76 1
72 77 1
72 78 1
73 75 1
73 76 1
73 81 1
73 84 1
73 87 1
74 78 1
75 76 1
75 83 1
75 84 1
75 86 1
75 89 1
76 79 1
76 88 1
77 85 1
78 87 1
79 86 1
79 87 1
80 87 1
80 88 1
81 88 1
82 85 1
82 89 1
83 88 1
86 89 1
1
32 72 17 63 69 58 11 28 54
