1880
0 11 1
0 13 1
0 53 1
0 64 1
0 83 1
0 88 1
0 101 1
0 120 1
0 126 1
0 139 1
0 145 1
0 157 1
0 164 1
0 176 1
1 23 1
1 45 1
1 51 1
1 52 1
1 56 1
1 66 1
1 78 1
1 85 1
1 90 1
1 99 1
1 102 1
1 126 1
1 137 1
1 140 1
1 146 1
1 149 1
1 154 1
1 170 1
1 177 1
2 10 1
2 13 1
2 20 1
2 28 1
2 39 1
2 44 1
2 49 1
2 50 1
2 64 1
2 72 1
2 89 1
2 100 1
2 118 1
2 123 1
2 139 1
2 141 1
2 145 1
2 149 1
2 151 1
2 169 1
2 175 1
3 6 1
3 25 1
3 33 1
3 34 1
3 48 1
3 52 1
3 63 1
3 64 1
3 66 1
3 77 1
3 80 1
3 82 1
3 83 1
3 96 1
3 102 1
3 113 1
3 122 1
3 123 1
3 126 1
3 143 1
3 146 1
3 159 1
4 13 1
4 16 1
4 41 1
4 45 1
4 49 1
4 58 1
4 72 1
4 73 1
4 80 1
4 82 1
4 102 1
4 104 1
4 109 1
4 124 1
4 125 1
4 132 1
4 134 1
4 140 1
4 152 1
4 158 1
4 162 1
4 164 1
4 171 1
4 173 1
4 174 1
5 7 1
5 10 1
5 17 1
5 31 1
5 33 1
5 67 1
5 74 1
5 81 1
5 82 1
5 83 1
5 85 1
5 88 1
5 100 1
5 101 1
5 111 1
5 125 1
5 135 1
5 141 1
5 142 1
5 150 1
5 153 1
5 158 1
6 16 1
6 22 1
6 85 1
6 103 1
6 106 1
6 112 1
6 119 1
6 124 1
6 130 1
6 131 1
6 140 1
6 154 1
6 155 1
6 156 1
6 157 1
6 171 1
7 9 1
7 16 1
7 17 1
7 44 1
7 50 1
7 63 1
7 103 1
7 119 1
7 153 1
7 156 1
7 167 1
7 170 1
8 18 1
8 20 1
8 22 1
8 30 1
8 33 1
8 34 1
8 42 1
8 70 1
8 72 1
8 84 1
8 89 1
8 95 1
8 103 1
8 115 1
8 119 1
8 124 1
8 126 1
8 134 1
8 135 1
8 139 1
8 149 1
8 165 1
8 166 1
8 168 1
8 170 1
8 179 1
9 15 1
9 21 1
9 62 1
9 67 1
9 70 1
9 86 1
9 93 1
9 94 1
9 102 1
9 109 1
9 117 1
9 129 1
9 130 1
9 153 1
9 157 1
9 159 1
9 161 1
9 163 1
9 170 1
9 179 1
10 12 1
10 17 1
10 30 1
10 38 1
10 50 1
10 59 1
10 92 1
10 105 1
10 106 1
10 108 1
10 130 1
10 131 1
10 134 1
10 147 1
10 160 1
10 174 1
10 177 1
10 179 1
11 31 1
11 46 1
11 54 1
11 55 1
11 56 1
11 64 1
11 66 1
11 70 1
11 95 1
11 101 1
11 119 1
11 121 1
11 122 1
11 128 1
11 133 1
11 144 1
11 160 1
11 169 1
11 173 1
12 13 1
12 25 1
12 40 1
12 41 1
12 73 1
12 81 1
12 89 1
12 90 1
12 94 1
12 96 1
12 98 1
12 107 1
12 117 1
12 119 1
12 128 1
12 132 1
12 136 1
12 137 1
12 142 1
12 146 1
12 166 1
12 172 1
12 179 1
13 15 1
13 20 1
13 25 1
13 26 1
13 37 1
13 46 1
13 52 1
13 59 1
13 62 1
13 71 1
13 77 1
13 80 1
13 84 1
13 94 1
13 96 1
13 112 1
13 121 1
13 122 1
13 124 1
13 134 1
13 142 1
13 144 1
13 149 1
13 159 1
13 161 1
14 20 1
14 33 1
14 36 1
14 44 1
14 51 1
14 58 1
14 61 1
14 82 1
14 86 1
14 96 1
14 110 1
14 117 1
14 120 1
14 127 1
14 130 1
14 132 1
14 138 1
14 146 1
14 150 1
14 154 1
14 164 1
14 169 1
14 170 1
14 173 1
15 22 1
15 26 1
15 31 1
15 45 1
15 65 1
15 94 1
15 96 1
15 99 1
15 105 1
15 117 1
15 118 1
15 128 1
15 133 1
15 136 1
15 149 1
15 172 1
15 177 1
16 18 1
16 21 1
16 49 1
16 54 1
16 64 1
16 65 1
16 67 1
16 72 1
16 76 1
16 82 1
16 87 1
16 111 1
16 119 1
16 130 1
16 136 1
16 145 1
16 151 1
16 171 1
17 29 1
17 32 1
17 34 1
17 47 1
17 58 1
17 61 1
17 67 1
17 80 1
17 86 1
17 89 1
17 90 1
17 110 1
17 115 1
17 116 1
17 143 1
17 154 1
17 155 1
17 162 1
17 178 1
18 19 1
18 32 1
18 47 1
18 56 1
18 65 1
18 75 1
18 105 1
18 106 1
18 108 1
18 111 1
18 114 1
18 115 1
18 123 1
18 127 1
18 155 1
18 164 1
18 165 1
18 167 1
18 174 1
18 179 1
19 20 1
19 24 1
19 37 1
19 55 1
19 73 1
19 82 1
19 85 1
19 92 1
19 97 1
19 107 1
19 126 1
19 130 1
19 141 1
19 149 1
19 151 1
19 158 1
19 165 1
19 176 1
20 28 1
20 52 1
20 54 1
20 56 1
20 62 1
20 67 1
20 68 1
20 72 1
20 95 1
20 97 1
20 102 1
20 106 1
20 108 1
20 111 1
20 119 1
20 122 1
20 123 1
20 128 1
20 133 1
20 136 1
20 149 1
20 152 1
20 174 1
20 178 1
21 32 1
21 36 1
21 50 1
21 52 1
21 63 1
21 68 1
21 70 1
21 76 1
21 80 1
21 88 1
21 95 1
21 100 1
21 104 1
21 105 1
21 110 1
21 116 1
21 121 1
21 130 1
21 146 1
21 148 1
21 157 1
21 162 1
21 163 1
21 168 1
22 26 1
22 31 1
22 34 1
22 35 1
22 44 1
22 51 1
22 65 1
22 68 1
22 75 1
22 88 1
22 95 1
22 100 1
22 103 1
22 104 1
22 105 1
22 112 1
22 115 1
22 143 1
22 155 1
22 167 1
23 32 1
23 33 1
23 37 1
23 46 1
23 63 1
23 71 1
23 79 1
23 82 1
23 85 1
23 90 1
23 94 1
23 95 1
23 98 1
23 102 1
23 110 1
23 147 1
23 148 1
23 150 1
23 155 1
23 165 1
24 54 1
24 58 1
24 79 1
24 86 1
24 97 1
24 99 1
24 108 1
24 113 1
24 114 1
24 117 1
24 123 1
24 133 1
24 134 1
24 140 1
24 156 1
24 159 1
24 175 1
25 31 1
25 35 1
25 42 1
25 51 1
25 55 1
25 57 1
25 63 1
25 64 1
25 69 1
25 90 1
25 99 1
25 101 1
25 102 1
25 106 1
25 112 1
25 114 1
25 117 1
25 126 1
25 133 1
25 152 1
25 163 1
25 164 1
25 165 1
25 176 1
25 178 1
26 27 1
26 31 1
26 35 1
26 40 1
26 60 1
26 107 1
26 114 1
26 126 1
26 129 1
26 145 1
26 161 1
26 163 1
26 172 1
27 30 1
27 63 1
27 70 1
27 72 1
27 123 1
27 124 1
27 140 1
27 149 1
28 29 1
28 31 1
28 32 1
28 39 1
28 48 1
28 58 1
28 64 1
28 80 1
28 82 1
28 102 1
28 118 1
28 120 1
28 136 1
28 137 1
28 139 1
28 143 1
28 148 1
28 149 1
28 150 1
28 174 1
29 30 1
29 39 1
29 48 1
29 53 1
29 54 1
29 58 1
29 64 1
29 72 1
29 100 1
29 108 1
29 116 1
29 131 1
29 134 1
29 142 1
29 153 1
29 157 1
29 162 1
30 34 1
30 47 1
30 52 1
30 59 1
30 63 1
30 81 1
30 103 1
30 124 1
30 129 1
30 131 1
30 139 1
30 148 1
30 157 1
30 159 1
30 161 1
30 175 1
31 35 1
31 37 1
31 67 1
31 70 1
31 76 1
31 84 1
31 112 1
31 120 1
31 126 1
31 130 1
31 144 1
31 153 1
32 42 1
32 49 1
32 74 1
32 80 1
32 118 1
32 126 1
32 130 1
32 151 1
32 156 1
32 161 1
32 165 1
32 172 1
32 175 1
32 176 1
32 179 1
33 34 1
33 37 1
33 40 1
33 43 1
33 52 1
33 56 1
33 76 1
33 79 1
33 88 1
33 109 1
33 110 1
33 126 1
33 132 1
33 153 1
33 161 1
33 167 1
33 176 1
33 178 1
34 50 1
34 59 1
34 73 1
34 77 1
34 78 1
34 107 1
34 116 1
34 135 1
34 160 1
34 178 1
35 38 1
35 45 1
35 61 1
35 73 1
35 75 1
35 79 1
35 81 1
35 88 1
35 89 1
35 103 1
35 117 1
35 128 1
35 130 1
35 133 1
35 135 1
35 140 1
35 141 1
35 149 1
35 159 1
35 175 1
36 37 1
36 41 1
36 44 1
36 60 1
36 76 1
36 78 1
36 79 1
36 83 1
36 88 1
36 97 1
36 98 1
36 99 1
36 100 1
36 103 1
36 112 1
36 115 1
36 127 1
36 139 1
36 152 1
36 154 1
36 162 1
36 163 1
36 164 1
36 166 1
36 171 1
36 177 1
37 44 1
37 56 1
37 60 1
37 61 1
37 65 1
37 66 1
37 76 1
37 82 1
37 101 1
37 103 1
37 116 1
37 119 1
37 120 1
37 136 1
37 145 1
37 154 1
37 158 1
37 159 1
37 160 1
37 163 1
37 171 1
38 39 1
38 41 1
38 42 1
38 48 1
38 49 1
38 52 1
38 64 1
38 69 1
38 76 1
38 80 1
38 90 1
38 92 1
38 93 1
38 130 1
38 141 1
38 142 1
38 147 1
38 148 1
38 158 1
39 47 1
39 52 1
39 57 1
39 64 1
39 70 1
39 73 1
39 74 1
39 81 1
39 90 1
39 97 1
39 106 1
39 107 1
39 110 1
39 114 1
39 129 1
39 132 1
39 137 1
39 138 1
39 139 1
39 153 1
39 159 1
39 172 1
39 176 1
40 51 1
40 53 1
40 67 1
40 97 1
40 99 1
40 100 1
40 106 1
40 107 1
40 126 1
40 139 1
40 163 1
41 47 1
41 48 1
41 54 1
41 56 1
41 57 1
41 89 1
41 95 1
41 102 1
41 130 1
41 134 1
41 147 1
41 149 1
41 160 1
41 168 1
41 170 1
41 172 1
41 173 1
41 177 1
41 179 1
42 43 1
42 57 1
42 59 1
42 60 1
42 64 1
42 99 1
42 102 1
42 103 1
42 104 1
42 105 1
42 139 1
42 146 1
42 168 1
42 177 1
43 46 1
43 48 1
43 55 1
43 85 1
43 86 1
43 92 1
43 98 1
43 99 1
43 131 1
43 137 1
43 145 1
43 149 1
43 155 1
43 162 1
43 177 1
44 50 1
44 60 1
44 66 1
44 69 1
44 72 1
44 74 1
44 93 1
44 108 1
44 123 1
44 124 1
44 136 1
44 140 1
44 143 1
44 151 1
44 153 1
44 167 1
44 169 1
44 177 1
45 50 1
45 57 1
45 61 1
45 70 1
45 79 1
45 109 1
45 114 1
45 126 1
45 128 1
45 154 1
45 159 1
45 172 1
46 57 1
46 60 1
46 68 1
46 81 1
46 85 1
46 94 1
46 109 1
46 119 1
46 125 1
46 128 1
46 130 1
46 162 1
46 169 1
46 174 1
47 65 1
47 67 1
47 72 1
47 77 1
47 80 1
47 97 1
47 99 1
47 115 1
47 118 1
47 126 1
47 141 1
47 142 1
47 150 1
47 170 1
47 172 1
47 174 1
48 52 1
48 57 1
48 58 1
48 64 1
48 85 1
48 103 1
48 113 1
48 115 1
48 131 1
48 132 1
48 143 1
48 149 1
48 156 1
48 164 1
48 168 1
48 173 1
49 53 1
49 73 1
49 95 1
49 105 1
49 108 1
49 113 1
49 118 1
49 119 1
49 123 1
49 127 1
49 143 1
49 145 1
49 150 1
49 151 1
49 161 1
49 166 1
49 174 1
49 176 1
49 177 1
49 179 1
50 52 1
50 69 1
50 71 1
50 89 1
50 95 1
50 123 1
50 124 1
50 125 1
50 133 1
50 146 1
50 156 1
50 164 1
50 167 1
50 168 1
50 170 1
50 176 1
51 74 1
51 81 1
51 88 1
51 93 1
51 100 1
51 110 1
51 119 1
51 123 1
51 129 1
51 139 1
51 140 1
51 142 1
51 154 1
51 161 1
51 170 1
51 176 1
52 69 1
52 104 1
52 108 1
52 109 1
52 114 1
52 121 1
52 122 1
52 134 1
52 138 1
52 150 1
52 161 1
53 57 1
53 73 1
53 75 1
53 86 1
53 93 1
53 95 1
53 102 1
53 111 1
53 134 1
53 137 1
53 141 1
53 143 1
53 156 1
53 159 1
53 167 1
53 170 1
54 61 1
54 62 1
54 79 1
54 80 1
54 89 1
54 91 1
54 102 1
54 104 1
54 112 1
54 122 1
54 123 1
54 127 1
54 134 1
54 139 1
54 151 1
54 164 1
54 176 1
55 65 1
55 76 1
55 83 1
55 84 1
55 85 1
55 90 1
55 93 1
55 97 1
55 98 1
55 117 1
55 127 1
55 159 1
55 161 1
55 162 1
55 163 1
55 169 1
56 64 1
56 66 1
56 74 1
56 78 1
56 80 1
56 101 1
56 110 1
56 117 1
56 125 1
56 131 1
56 148 1
56 149 1
56 150 1
56 158 1
56 159 1
56 163 1
56 164 1
56 167 1
56 175 1
57 64 1
57 66 1
57 75 1
57 82 1
57 89 1
57 91 1
57 114 1
57 127 1
57 131 1
57 137 1
57 138 1
57 141 1
57 171 1
58 65 1
58 66 1
58 73 1
58 79 1
58 80 1
58 83 1
58 84 1
58 100 1
58 108 1
58 114 1
58 117 1
58 123 1
58 127 1
58 130 1
58 138 1
58 148 1
58 165 1
58 170 1
58 171 1
58 174 1
59 61 1
59 67 1
59 68 1
59 87 1
59 88 1
59 97 1
59 103 1
59 110 1
59 117 1
59 123 1
59 156 1
60 71 1
60 81 1
60 82 1
60 105 1
60 115 1
60 118 1
60 140 1
60 149 1
60 151 1
60 153 1
60 164 1
60 165 1
61 78 1
61 82 1
61 86 1
61 90 1
61 111 1
61 127 1
61 151 1
61 154 1
61 166 1
61 167 1
61 171 1
62 64 1
62 70 1
62 78 1
62 93 1
62 101 1
62 110 1
62 118 1
62 123 1
62 124 1
62 131 1
62 155 1
62 161 1
62 176 1
63 84 1
63 99 1
63 103 1
63 107 1
63 115 1
63 132 1
63 141 1
63 142 1
63 154 1
63 157 1
63 159 1
63 164 1
63 168 1
63 178 1
64 70 1
64 78 1
64 83 1
64 98 1
64 107 1
64 108 1
64 113 1
64 114 1
64 132 1
64 165 1
64 166 1
64 172 1
64 175 1
65 78 1
65 88 1
65 111 1
65 135 1
65 136 1
65 144 1
65 147 1
65 154 1
66 70 1
66 74 1
66 75 1
66 80 1
66 100 1
66 124 1
66 129 1
66 153 1
66 159 1
66 163 1
66 171 1
66 172 1
67 69 1
67 75 1
67 77 1
67 88 1
67 100 1
67 120 1
67 124 1
67 128 1
67 130 1
67 132 1
67 136 1
67 148 1
67 163 1
68 70 1
68 72 1
68 80 1
68 86 1
68 90 1
68 94 1
68 95 1
68 101 1
68 106 1
68 117 1
68 148 1
68 161 1
68 162 1
68 165 1
69 77 1
69 82 1
69 85 1
69 92 1
69 96 1
69 103 1
69 111 1
69 133 1
69 138 1
69 142 1
69 151 1
69 157 1
69 177 1
69 179 1
70 74 1
70 80 1
70 102 1
70 104 1
70 107 1
70 116 1
70 121 1
70 132 1
70 149 1
70 151 1
70 170 1
70 175 1
70 179 1
71 73 1
71 78 1
71 90 1
71 101 1
71 110 1
71 115 1
71 118 1
71 119 1
71 128 1
71 130 1
71 162 1
71 170 1
71 173 1
71 179 1
72 81 1
72 88 1
72 98 1
72 104 1
72 105 1
72 108 1
72 120 1
72 126 1
72 154 1
72 158 1
72 172 1
73 75 1
73 80 1
73 86 1
73 113 1
73 114 1
73 118 1
73 136 1
73 144 1
73 173 1
73 177 1
74 80 1
74 91 1
74 109 1
74 110 1
74 116 1
74 117 1
74 134 1
74 145 1
74 169 1
74 172 1
74 174 1
74 179 1
75 86 1
75 89 1
75 103 1
75 107 1
75 124 1
75 142 1
75 159 1
75 163 1
75 172 1
75 173 1
75 175 1
75 178 1
76 89 1
76 102 1
76 104 1
76 110 1
76 112 1
76 127 1
76 135 1
76 139 1
76 141 1
76 177 1
77 80 1
77 86 1
77 93 1
77 105 1
77 112 1
77 114 1
77 117 1
77 118 1
77 128 1
77 131 1
77 138 1
77 177 1
78 89 1
78 90 1
78 116 1
78 126 1
78 130 1
78 143 1
78 149 1
78 166 1
78 167 1
78 171 1
78 176 1
79 82 1
79 91 1
79 97 1
79 102 1
79 127 1
79 141 1
79 142 1
79 144 1
79 170 1
79 178 1
80 82 1
80 85 1
80 88 1
80 89 1
80 109 1
80 145 1
80 156 1
80 160 1
81 102 1
81 109 1
81 113 1
81 120 1
81 121 1
81 127 1
81 129 1
81 133 1
81 137 1
81 159 1
81 166 1
81 173 1
81 178 1
82 85 1
82 87 1
82 90 1
82 100 1
82 112 1
82 116 1
82 151 1
83 84 1
83 87 1
83 91 1
83 102 1
83 108 1
83 109 1
83 114 1
83 122 1
83 136 1
83 145 1
83 148 1
83 171 1
83 175 1
83 179 1
84 96 1
84 99 1
84 120 1
84 122 1
84 129 1
84 132 1
84 139 1
84 140 1
84 141 1
84 144 1
84 150 1
84 157 1
84 173 1
84 175 1
84 177 1
84 178 1
85 94 1
85 95 1
85 102 1
85 103 1
85 106 1
85 109 1
85 113 1
85 121 1
85 132 1
85 136 1
85 143 1
85 155 1
85 171 1
86 91 1
86 101 1
86 105 1
86 115 1
86 119 1
86 121 1
86 123 1
86 141 1
86 165 1
86 177 1
86 178 1
87 96 1
87 97 1
87 104 1
87 118 1
87 121 1
87 125 1
87 137 1
87 138 1
87 142 1
87 143 1
87 148 1
87 161 1
87 177 1
87 179 1
88 94 1
88 120 1
88 129 1
88 131 1
88 136 1
88 153 1
89 101 1
89 102 1
89 106 1
89 123 1
89 126 1
89 128 1
89 174 1
89 176 1
90 91 1
90 101 1
90 104 1
90 112 1
90 120 1
90 125 1
90 139 1
90 154 1
90 165 1
91 104 1
91 114 1
91 120 1
91 122 1
91 137 1
91 145 1
91 149 1
91 154 1
91 166 1
91 179 1
92 94 1
92 118 1
92 123 1
92 129 1
92 133 1
92 138 1
92 146 1
92 147 1
92 152 1
92 161 1
92 164 1
92 177 1
93 97 1
93 104 1
93 105 1
93 112 1
93 129 1
93 140 1
93 143 1
93 149 1
93 151 1
93 161 1
93 163 1
93 170 1
94 109 1
94 116 1
94 125 1
94 126 1
94 162 1
94 171 1
94 179 1
95 102 1
95 104 1
95 105 1
95 113 1
95 122 1
95 127 1
95 128 1
95 129 1
95 135 1
95 162 1
95 178 1
96 97 1
96 101 1
96 107 1
96 116 1
96 117 1
96 118 1
96 123 1
96 133 1
96 137 1
96 144 1
96 154 1
96 155 1
96 160 1
96 164 1
96 169 1
96 171 1
96 178 1
97 101 1
97 110 1
97 115 1
97 122 1
97 125 1
97 128 1
97 134 1
97 137 1
97 146 1
97 151 1
97 154 1
97 166 1
97 170 1
97 171 1
98 109 1
98 110 1
98 115 1
98 133 1
98 143 1
98 148 1
98 159 1
99 101 1
99 110 1
99 117 1
99 124 1
99 129 1
99 133 1
99 145 1
99 154 1
99 170 1
100 118 1
100 144 1
100 145 1
100 154 1
100 156 1
100 159 1
100 168 1
100 173 1
100 174 1
100 175 1
101 105 1
101 112 1
101 113 1
101 126 1
101 155 1
101 160 1
101 167 1
102 117 1
102 118 1
102 123 1
102 127 1
102 133 1
102 149 1
102 150 1
102 158 1
102 159 1
103 124 1
103 134 1
103 146 1
103 155 1
103 158 1
103 171 1
103 175 1
104 107 1
104 113 1
104 121 1
104 127 1
104 132 1
104 150 1
104 160 1
104 173 1
105 107 1
105 110 1
105 115 1
105 130 1
105 132 1
105 133 1
105 143 1
105 144 1
105 145 1
105 148 1
105 151 1
105 153 1
105 155 1
105 159 1
105 160 1
105 162 1
106 127 1
106 131 1
106 139 1
106 166 1
106 170 1
107 108 1
107 120 1
107 128 1
107 131 1
107 135 1
107 144 1
107 147 1
107 153 1
107 154 1
107 177 1
108 138 1
108 150 1
108 151 1
108 178 1
109 112 1
109 116 1
109 119 1
109 150 1
109 155 1
109 169 1
109 170 1
110 127 1
110 129 1
110 130 1
110 144 1
110 160 1
110 166 1
110 171 1
111 116 1
111 125 1
111 134 1
111 145 1
111 152 1
111 154 1
111 170 1
111 172 1
111 174 1
112 114 1
112 122 1
112 123 1
112 145 1
112 154 1
112 178 1
112 179 1
113 116 1
113 131 1
113 137 1
113 163 1
113 166 1
113 179 1
114 129 1
114 153 1
114 158 1
114 160 1
114 162 1
114 167 1
114 169 1
114 174 1
115 120 1
115 133 1
115 150 1
115 152 1
115 159 1
115 168 1
115 178 1
116 119 1
116 121 1
116 123 1
116 128 1
116 132 1
116 138 1
116 144 1
116 145 1
116 148 1
116 160 1
116 164 1
117 119 1
117 126 1
117 150 1
117 169 1
117 176 1
118 138 1
118 158 1
118 174 1
119 124 1
119 136 1
119 137 1
119 154 1
119 161 1
119 164 1
119 177 1
120 138 1
120 143 1
120 147 1
120 161 1
120 164 1
120 170 1
120 175 1
120 179 1
121 131 1
121 149 1
121 154 1
121 163 1
122 124 1
122 126 1
122 129 1
122 138 1
122 144 1
122 163 1
122 164 1
122 166 1
123 124 1
123 128 1
123 130 1
123 132 1
123 151 1
123 152 1
123 168 1
123 169 1
124 128 1
124 135 1
124 137 1
124 138 1
124 143 1
124 170 1
125 135 1
125 139 1
125 142 1
125 173 1
126 127 1
126 138 1
126 144 1
126 151 1
126 167 1
126 178 1
127 132 1
127 138 1
127 143 1
127 148 1
127 156 1
127 159 1
127 164 1
127 177 1
128 151 1
128 155 1
128 166 1
128 167 1
129 130 1
129 151 1
129 154 1
129 158 1
129 171 1
129 174 1
129 179 1
130 132 1
130 141 1
130 166 1
130 170 1
130 173 1
131 134 1
131 142 1
131 164 1
131 177 1
132 143 1
132 146 1
132 148 1
132 149 1
132 153 1
132 154 1
132 155 1
132 169 1
132 173 1
132 179 1
133 145 1
133 148 1
133 153 1
133 155 1
133 160 1
133 164 1
133 166 1
133 167 1
134 138 1
134 141 1
134 153 1
134 170 1
134 175 1
134 177 1
135 143 1
135 160 1
135 165 1
135 168 1
136 140 1
136 141 1
136 142 1
136 147 1
136 158 1
136 161 1
136 176 1
136 179 1
137 152 1
137 172 1
137 175 1
138 139 1
138 140 1
138 145 1
138 147 1
138 151 1
138 160 1
138 168 1
139 145 1
139 160 1
139 165 1
140 166 1
140 178 1
141 147 1
141 151 1
141 155 1
141 158 1
141 168 1
141 174 1
142 148 1
142 150 1
142 151 1
142 156 1
142 158 1
142 160 1
143 176 1
144 148 1
144 152 1
145 147 1
145 164 1
145 169 1
146 149 1
146 157 1
146 164 1
146 176 1
147 156 1
147 170 1
147 171 1
148 166 1
148 167 1
148 179 1
149 150 1
149 151 1
149 164 1
150 157 1
150 159 1
150 160 1
150 172 1
151 153 1
151 157 1
152 155 1
152 156 1
152 157 1
152 171 1
154 176 1
155 164 1
155 179 1
157 168 1
158 163 1
159 179 1
160 164 1
160 172 1
160 176 1
161 176 1
162 166 1
162 169 1
162 175 1
163 170 1
163 177 1
163 178 1
164 172 1
164 176 1
166 167 1
166 168 1
166 174 1
167 172 1
168 175 1
169 177 1
170 173 1
170 178 1
171 178 1
174 175 1
175 178 1
175 179 1
1
163 86 1 6 173 46 60 82 103 47 30 149 117 58 146 75 159 169
