1957
0 24 1
0 32 1
0 38 1
0 50 1
0 52 1
0 81 1
0 82 1
0 87 1
0 91 1
0 98 1
0 99 1
0 100 1
0 106 1
0 112 1
0 115 1
0 118 1
0 120 1
0 124 1
0 133 1
0 144 1
0 156 1
0 157 1
0 170 1
0 181 1
1 17 1
1 21 1
1 22 1
1 26 1
1 27 1
1 32 1
1 36 1
1 45 1
1 47 1
1 58 1
1 61 1
1 72 1
1 78 1
1 89 1
1 119 1
1 144 1
1 182 1
2 7 1
2 12 1
2 26 1
2 34 1
2 53 1
2 58 1
2 59 1
2 68 1
2 90 1
2 104 1
2 123 1
2 129 1
2 137 1
2 140 1
2 155 1
2 160 1
2 167 1
2 178 1
2 185 1
3 4 1
3 5 1
3 6 1
3 8 1
3 15 1
3 21 1
3 22 1
3 49 1
3 68 1
3 71 1
3 82 1
3 85 1
3 107 1
3 127 1
3 131 1
3 132 1
3 139 1
3 142 1
3 177 1
4 8 1
4 11 1
4 20 1
4 25 1
4 26 1
4 27 1
4 52 1
4 59 1
4 76 1
4 77 1
4 82 1
4 93 1
4 95 1
4 113 1
4 117 1
4 124 1
4 130 1
4 138 1
4 148 1
4 162 1
4 169 1
4 170 1
4 179 1
4 180 1
4 181 1
4 187 1
5 7 1
5 15 1
5 16 1
5 24 1
5 29 1
5 35 1
5 49 1
5 55 1
5 56 1
5 71 1
5 73 1
5 86 1
5 91 1
5 92 1
5 94 1
5 106 1
5 112 1
5 116 1
5 130 1
5 133 1
5 148 1
5 150 1
5 153 1
5 176 1
6 15 1
6 23 1
6 29 1
6 40 1
6 42 1
6 43 1
6 48 1
6 53 1
6 55 1
6 63 1
6 65 1
6 73 1
6 74 1
6 81 1
6 91 1
6 118 1
6 122 1
6 130 1
6 141 1
6 151 1
6 178 1
7 21 1
7 22 1
7 25 1
7 37 1
7 38 1
7 45 1
7 47 1
7 49 1
7 58 1
7 104 1
7 106 1
7 110 1
7 111 1
7 119 1
7 125 1
7 139 1
7 143 1
7 150 1
7 152 1
7 174 1
7 183 1
7 188 1
8 23 1
8 29 1
8 30 1
8 37 1
8 43 1
8 50 1
8 52 1
8 58 1
8 72 1
8 73 1
8 90 1
8 101 1
8 104 1
8 105 1
8 106 1
8 134 1
8 140 1
8 146 1
8 150 1
8 160 1
8 164 1
8 166 1
8 179 1
8 184 1
9 27 1
9 40 1
9 59 1
9 93 1
9 101 1
9 129 1
9 132 1
9 138 1
9 171 1
10 25 1
10 26 1
10 33 1
10 35 1
10 56 1
10 59 1
10 62 1
10 65 1
10 72 1
10 74 1
10 81 1
10 111 1
10 126 1
10 136 1
10 142 1
10 161 1
10 171 1
10 175 1
11 13 1
11 21 1
11 47 1
11 50 1
11 58 1
11 67 1
11 71 1
11 78 1
11 95 1
11 97 1
11 100 1
11 106 1
11 109 1
11 125 1
11 127 1
11 130 1
11 143 1
11 175 1
11 180 1
11 188 1
12 20 1
12 26 1
12 48 1
12 51 1
12 53 1
12 64 1
12 73 1
12 94 1
12 114 1
12 128 1
12 130 1
12 131 1
12 135 1
12 138 1
12 143 1
12 178 1
13 16 1
13 18 1
13 55 1
13 70 1
13 73 1
13 94 1
13 106 1
13 109 1
13 115 1
13 127 1
13 135 1
13 142 1
13 144 1
13 146 1
13 149 1
13 157 1
13 163 1
13 165 1
13 173 1
13 181 1
13 185 1
14 22 1
14 25 1
14 40 1
14 59 1
14 62 1
14 65 1
14 77 1
14 83 1
14 87 1
14 92 1
14 110 1
14 127 1
14 128 1
14 140 1
14 145 1
14 148 1
14 160 1
14 165 1
14 172 1
15 16 1
15 19 1
15 33 1
15 42 1
15 76 1
15 78 1
15 88 1
15 90 1
15 93 1
15 99 1
15 105 1
15 108 1
15 112 1
15 115 1
15 116 1
15 129 1
15 131 1
15 163 1
15 164 1
15 166 1
15 172 1
16 18 1
16 28 1
16 31 1
16 37 1
16 50 1
16 53 1
16 55 1
16 59 1
16 61 1
16 105 1
16 112 1
16 124 1
16 126 1
16 138 1
16 145 1
16 147 1
16 153 1
16 165 1
16 175 1
16 180 1
16 181 1
16 189 1
17 24 1
17 31 1
17 33 1
17 41 1
17 60 1
17 69 1
17 90 1
17 94 1
17 129 1
17 134 1
17 136 1
17 137 1
17 142 1
17 150 1
17 158 1
17 165 1
17 170 1
17 183 1
17 184 1
17 189 1
18 28 1
18 29 1
18 65 1
18 74 1
18 75 1
18 80 1
18 91 1
18 92 1
18 93 1
18 118 1
18 124 1
18 131 1
18 155 1
18 160 1
18 164 1
18 173 1
18 178 1
18 181 1
18 184 1
18 185 1
18 189 1
19 23 1
19 38 1
19 43 1
19 63 1
19 69 1
19 73 1
19 75 1
19 117 1
19 119 1
19 136 1
19 137 1
19 159 1
19 165 1
19 170 1
19 173 1
20 26 1
20 33 1
20 40 1
20 50 1
20 51 1
20 66 1
20 91 1
20 99 1
20 107 1
20 108 1
20 114 1
20 128 1
20 137 1
20 150 1
20 151 1
20 153 1
20 154 1
20 164 1
20 166 1
20 167 1
20 172 1
20 184 1
20 185 1
20 188 1
21 26 1
21 38 1
21 45 1
21 47 1
21 55 1
21 57 1
21 60 1
21 66 1
21 67 1
21 80 1
21 97 1
21 101 1
21 111 1
21 118 1
21 120 1
21 123 1
21 140 1
21 161 1
21 162 1
21 172 1
21 179 1
21 180 1
22 29 1
22 34 1
22 54 1
22 56 1
22 63 1
22 97 1
22 98 1
22 105 1
22 116 1
22 121 1
22 138 1
22 151 1
22 168 1
22 173 1
23 29 1
23 39 1
23 41 1
23 48 1
23 69 1
23 73 1
23 77 1
23 91 1
23 107 1
23 111 1
23 115 1
23 141 1
23 143 1
23 152 1
23 153 1
23 164 1
23 173 1
24 48 1
24 52 1
24 53 1
24 65 1
24 67 1
24 88 1
24 111 1
24 117 1
24 127 1
24 132 1
24 138 1
24 142 1
24 147 1
24 152 1
24 162 1
24 165 1
24 168 1
24 170 1
24 179 1
24 187 1
25 27 1
25 39 1
25 42 1
25 59 1
25 75 1
25 97 1
25 117 1
25 140 1
25 148 1
25 154 1
25 160 1
25 171 1
25 185 1
25 189 1
26 47 1
26 48 1
26 62 1
26 63 1
26 70 1
26 80 1
26 100 1
26 102 1
26 111 1
26 124 1
26 130 1
26 133 1
26 134 1
26 146 1
26 153 1
26 154 1
26 158 1
26 161 1
26 167 1
27 69 1
27 78 1
27 93 1
27 96 1
27 178 1
27 179 1
27 185 1
28 31 1
28 37 1
28 45 1
28 46 1
28 60 1
28 81 1
28 103 1
28 105 1
28 106 1
28 144 1
28 149 1
28 154 1
28 157 1
28 166 1
28 167 1
29 35 1
29 40 1
29 41 1
29 44 1
29 55 1
29 59 1
29 72 1
29 73 1
29 76 1
29 77 1
29 82 1
29 108 1
29 128 1
29 137 1
29 138 1
29 151 1
29 155 1
29 168 1
29 176 1
30 33 1
30 35 1
30 51 1
30 56 1
30 58 1
30 91 1
30 112 1
30 120 1
30 125 1
30 128 1
30 153 1
30 159 1
30 177 1
30 183 1
31 38 1
31 56 1
31 57 1
31 80 1
31 82 1
31 85 1
31 97 1
31 104 1
31 113 1
31 116 1
31 118 1
31 121 1
31 125 1
31 133 1
31 142 1
31 143 1
31 144 1
31 177 1
31 185 1
32 35 1
32 39 1
32 41 1
32 48 1
32 51 1
32 63 1
32 86 1
32 113 1
32 120 1
32 137 1
32 145 1
32 147 1
32 156 1
32 157 1
32 173 1
32 178 1
32 180 1
32 186 1
33 39 1
33 51 1
33 62 1
33 65 1
33 98 1
33 99 1
33 109 1
33 115 1
33 116 1
33 117 1
33 125 1
33 126 1
33 136 1
33 153 1
33 158 1
33 159 1
33 160 1
33 162 1
33 173 1
34 41 1
34 46 1
34 48 1
34 60 1
34 67 1
34 86 1
34 100 1
34 102 1
34 106 1
34 111 1
34 125 1
34 133 1
34 140 1
34 144 1
34 161 1
34 174 1
34 180 1
35 39 1
35 41 1
35 58 1
35 70 1
35 72 1
35 76 1
35 83 1
35 85 1
35 89 1
35 105 1
35 106 1
35 110 1
35 120 1
35 129 1
35 130 1
35 138 1
35 154 1
35 155 1
35 161 1
35 163 1
35 170 1
35 177 1
35 179 1
36 38 1
36 39 1
36 45 1
36 56 1
36 65 1
36 72 1
36 83 1
36 87 1
36 88 1
36 131 1
36 132 1
36 144 1
36 145 1
36 152 1
36 154 1
36 157 1
36 180 1
36 188 1
37 40 1
37 55 1
37 89 1
37 91 1
37 92 1
37 97 1
37 115 1
37 122 1
37 127 1
37 135 1
37 141 1
37 152 1
37 169 1
37 170 1
37 183 1
38 53 1
38 55 1
38 60 1
38 74 1
38 75 1
38 82 1
38 102 1
38 115 1
38 124 1
38 130 1
38 151 1
38 181 1
38 183 1
38 189 1
39 40 1
39 44 1
39 58 1
39 62 1
39 65 1
39 73 1
39 88 1
39 99 1
39 110 1
39 112 1
39 129 1
39 135 1
39 143 1
39 145 1
39 146 1
39 150 1
39 167 1
39 180 1
40 41 1
40 44 1
40 45 1
40 58 1
40 62 1
40 71 1
40 110 1
40 113 1
40 115 1
40 127 1
40 141 1
40 142 1
40 163 1
40 167 1
40 171 1
40 187 1
40 188 1
41 51 1
41 67 1
41 68 1
41 74 1
41 80 1
41 84 1
41 87 1
41 107 1
41 113 1
41 140 1
41 151 1
41 157 1
41 164 1
42 49 1
42 54 1
42 56 1
42 63 1
42 81 1
42 119 1
42 134 1
42 139 1
42 146 1
42 170 1
42 172 1
42 178 1
42 186 1
42 189 1
43 44 1
43 54 1
43 57 1
43 62 1
43 72 1
43 73 1
43 79 1
43 90 1
43 91 1
43 96 1
43 97 1
43 104 1
43 116 1
43 118 1
43 120 1
43 136 1
43 156 1
43 164 1
43 165 1
43 174 1
44 51 1
44 53 1
44 56 1
44 74 1
44 76 1
44 97 1
44 107 1
44 117 1
44 120 1
44 121 1
44 134 1
44 137 1
44 147 1
44 149 1
44 158 1
44 162 1
44 169 1
44 177 1
44 178 1
45 50 1
45 89 1
45 93 1
45 104 1
45 124 1
45 137 1
45 150 1
45 168 1
45 176 1
45 182 1
46 52 1
46 55 1
46 73 1
46 79 1
46 94 1
46 110 1
46 118 1
46 120 1
46 137 1
46 140 1
46 167 1
46 178 1
46 181 1
46 185 1
47 49 1
47 55 1
47 65 1
47 85 1
47 86 1
47 87 1
47 90 1
47 93 1
47 113 1
47 125 1
47 131 1
47 135 1
47 140 1
47 150 1
47 155 1
47 158 1
47 160 1
47 162 1
47 166 1
48 55 1
48 63 1
48 78 1
48 82 1
48 93 1
48 109 1
48 110 1
48 138 1
48 159 1
48 179 1
48 185 1
48 186 1
49 55 1
49 63 1
49 71 1
49 88 1
49 89 1
49 109 1
49 115 1
49 117 1
49 119 1
49 120 1
49 132 1
49 156 1
49 157 1
49 164 1
49 189 1
50 51 1
50 70 1
50 101 1
50 124 1
50 125 1
50 140 1
50 145 1
50 146 1
50 148 1
50 149 1
50 152 1
50 157 1
50 158 1
50 161 1
50 171 1
51 69 1
51 77 1
51 94 1
51 99 1
51 102 1
51 103 1
51 118 1
51 134 1
51 144 1
51 154 1
51 166 1
51 169 1
51 177 1
51 178 1
51 182 1
52 78 1
52 92 1
52 104 1
52 108 1
52 110 1
52 140 1
52 143 1
52 152 1
52 161 1
52 169 1
52 173 1
52 177 1
52 186 1
52 187 1
52 189 1
53 74 1
53 81 1
53 103 1
53 134 1
53 135 1
53 145 1
53 177 1
53 180 1
53 182 1
53 183 1
54 62 1
54 63 1
54 94 1
54 97 1
54 109 1
54 112 1
54 118 1
54 125 1
54 126 1
54 135 1
54 137 1
54 148 1
54 157 1
54 160 1
54 167 1
54 168 1
54 188 1
55 62 1
55 71 1
55 87 1
55 115 1
55 120 1
55 121 1
55 130 1
55 132 1
55 138 1
55 140 1
55 143 1
55 157 1
55 167 1
55 172 1
55 182 1
55 184 1
56 64 1
56 66 1
56 73 1
56 79 1
56 82 1
56 98 1
56 115 1
56 122 1
56 124 1
56 129 1
56 130 1
56 151 1
56 153 1
56 160 1
56 163 1
56 165 1
56 171 1
56 180 1
57 66 1
57 71 1
57 80 1
57 83 1
57 85 1
57 89 1
57 95 1
57 133 1
57 136 1
57 156 1
57 168 1
57 173 1
58 65 1
58 78 1
58 81 1
58 87 1
58 89 1
58 97 1
58 100 1
58 106 1
58 115 1
58 128 1
58 132 1
58 134 1
58 138 1
58 179 1
58 182 1
59 61 1
59 62 1
59 68 1
59 73 1
59 80 1
59 91 1
59 103 1
59 108 1
59 121 1
59 127 1
59 139 1
59 151 1
59 152 1
59 154 1
59 155 1
59 156 1
59 168 1
59 183 1
59 188 1
60 87 1
60 109 1
60 121 1
60 146 1
60 147 1
60 149 1
60 155 1
60 168 1
60 181 1
61 66 1
61 70 1
61 80 1
61 85 1
61 122 1
61 124 1
61 128 1
61 132 1
61 135 1
61 138 1
61 144 1
61 177 1
61 181 1
61 189 1
62 63 1
62 67 1
62 71 1
62 98 1
62 105 1
62 112 1
62 119 1
62 120 1
62 121 1
62 137 1
62 142 1
62 151 1
62 166 1
62 169 1
62 175 1
62 180 1
62 186 1
62 187 1
63 80 1
63 84 1
63 88 1
63 95 1
63 96 1
63 126 1
63 127 1
63 147 1
63 148 1
63 152 1
63 159 1
63 160 1
63 166 1
64 69 1
64 76 1
64 92 1
64 96 1
64 106 1
64 114 1
64 115 1
64 124 1
64 125 1
64 126 1
64 139 1
64 142 1
64 153 1
64 159 1
64 173 1
64 176 1
64 179 1
64 185 1
65 77 1
65 102 1
65 106 1
65 149 1
65 152 1
65 169 1
65 189 1
66 70 1
66 90 1
66 119 1
66 121 1
66 122 1
66 127 1
66 129 1
66 132 1
66 136 1
66 149 1
66 157 1
66 170 1
67 78 1
67 87 1
67 102 1
67 109 1
67 112 1
67 131 1
67 145 1
67 148 1
67 164 1
67 166 1
67 170 1
67 176 1
67 178 1
68 71 1
68 75 1
68 89 1
68 96 1
68 101 1
68 103 1
68 110 1
68 115 1
68 119 1
68 129 1
68 141 1
68 143 1
68 150 1
68 163 1
68 174 1
68 186 1
69 114 1
69 125 1
69 126 1
69 128 1
69 133 1
69 140 1
69 147 1
69 150 1
69 152 1
69 153 1
69 168 1
69 169 1
69 182 1
70 92 1
70 110 1
70 113 1
70 116 1
70 119 1
70 125 1
70 129 1
70 132 1
70 142 1
70 188 1
71 78 1
71 95 1
71 114 1
71 115 1
71 130 1
71 131 1
71 161 1
71 162 1
71 164 1
71 167 1
71 182 1
72 80 1
72 82 1
72 93 1
72 98 1
72 101 1
72 115 1
72 117 1
72 126 1
72 130 1
72 131 1
72 133 1
72 139 1
72 161 1
73 75 1
73 82 1
73 83 1
73 92 1
73 93 1
73 94 1
73 109 1
73 120 1
73 122 1
73 127 1
73 131 1
73 133 1
73 150 1
73 160 1
73 164 1
73 169 1
73 177 1
73 183 1
73 188 1
74 77 1
74 87 1
74 114 1
74 120 1
74 122 1
74 133 1
74 134 1
74 164 1
74 165 1
74 169 1
74 170 1
75 82 1
75 94 1
75 96 1
75 104 1
75 109 1
75 122 1
75 135 1
75 154 1
75 172 1
76 87 1
76 92 1
76 97 1
76 105 1
76 113 1
76 119 1
76 129 1
76 130 1
76 132 1
76 137 1
76 139 1
76 144 1
76 145 1
76 149 1
76 151 1
76 158 1
76 167 1
76 176 1
76 178 1
76 184 1
77 82 1
77 90 1
77 96 1
77 119 1
77 120 1
77 121 1
77 128 1
77 148 1
77 149 1
77 152 1
77 163 1
77 189 1
78 93 1
78 97 1
78 109 1
78 110 1
78 112 1
78 115 1
78 120 1
78 129 1
78 130 1
78 133 1
78 147 1
78 159 1
78 176 1
79 89 1
79 91 1
79 92 1
79 100 1
79 117 1
79 121 1
79 122 1
79 125 1
79 127 1
79 142 1
79 147 1
79 157 1
79 160 1
79 166 1
79 184 1
80 81 1
80 88 1
80 89 1
80 96 1
80 99 1
80 101 1
80 138 1
80 141 1
80 144 1
80 156 1
80 177 1
80 187 1
81 84 1
81 94 1
81 97 1
81 121 1
81 126 1
81 128 1
81 132 1
81 136 1
81 139 1
81 143 1
81 153 1
81 155 1
81 168 1
81 178 1
81 179 1
81 187 1
82 88 1
82 92 1
82 103 1
82 105 1
82 130 1
82 136 1
82 139 1
82 148 1
82 149 1
82 151 1
82 152 1
82 154 1
82 157 1
82 160 1
82 174 1
82 176 1
83 84 1
83 89 1
83 92 1
83 96 1
83 116 1
83 125 1
83 133 1
83 137 1
83 138 1
83 147 1
83 160 1
83 164 1
83 166 1
83 167 1
83 175 1
84 102 1
84 125 1
84 127 1
84 135 1
84 153 1
84 172 1
84 174 1
85 96 1
85 118 1
85 139 1
85 151 1
85 162 1
85 166 1
85 188 1
86 87 1
86 92 1
86 93 1
86 102 1
86 140 1
86 148 1
86 161 1
86 164 1
86 177 1
86 180 1
86 182 1
86 187 1
86 189 1
87 92 1
87 102 1
87 126 1
87 127 1
87 157 1
87 174 1
87 178 1
87 182 1
88 89 1
88 95 1
88 99 1
88 102 1
88 104 1
88 106 1
88 109 1
88 112 1
88 119 1
88 127 1
88 128 1
88 138 1
88 140 1
88 142 1
88 146 1
88 149 1
88 176 1
89 116 1
89 131 1
89 152 1
89 154 1
89 163 1
89 165 1
90 91 1
90 102 1
90 107 1
90 110 1
90 123 1
90 124 1
90 128 1
90 142 1
90 148 1
90 161 1
90 162 1
90 175 1
90 180 1
91 101 1
91 113 1
91 119 1
91 123 1
91 127 1
91 153 1
91 161 1
91 183 1
91 184 1
91 185 1
92 93 1
92 100 1
92 105 1
92 117 1
92 124 1
92 128 1
92 131 1
92 132 1
92 139 1
92 141 1
92 156 1
92 169 1
92 173 1
93 101 1
93 107 1
93 133 1
93 138 1
93 142 1
93 148 1
93 152 1
93 153 1
93 189 1
94 100 1
94 106 1
94 160 1
94 171 1
94 174 1
94 178 1
94 186 1
94 187 1
95 107 1
95 124 1
95 134 1
95 136 1
95 138 1
95 145 1
95 151 1
95 157 1
95 160 1
95 167 1
95 168 1
95 174 1
95 180 1
96 99 1
96 106 1
96 118 1
96 134 1
96 152 1
96 159 1
96 175 1
96 184 1
97 107 1
97 112 1
97 114 1
97 136 1
97 148 1
97 154 1
97 158 1
97 172 1
97 175 1
97 179 1
97 185 1
97 189 1
98 131 1
98 136 1
98 152 1
98 158 1
98 165 1
98 168 1
98 173 1
98 176 1
98 181 1
98 183 1
98 185 1
99 103 1
99 118 1
99 119 1
99 121 1
99 167 1
99 170 1
99 185 1
99 188 1
99 189 1
100 101 1
100 106 1
100 110 1
100 111 1
100 140 1
100 145 1
100 157 1
100 185 1
101 113 1
101 119 1
101 128 1
101 151 1
101 163 1
102 108 1
102 122 1
102 126 1
102 138 1
102 154 1
102 160 1
102 181 1
103 119 1
103 122 1
103 134 1
103 137 1
103 149 1
103 165 1
103 177 1
103 179 1
103 180 1
104 113 1
104 114 1
104 120 1
104 124 1
104 125 1
104 147 1
104 160 1
104 169 1
104 170 1
104 176 1
105 125 1
105 134 1
105 136 1
105 140 1
105 158 1
105 170 1
105 171 1
105 180 1
106 131 1
106 132 1
106 138 1
106 148 1
106 154 1
106 168 1
106 171 1
106 185 1
106 186 1
106 187 1
107 108 1
107 110 1
107 112 1
107 120 1
107 132 1
107 149 1
107 157 1
107 180 1
107 182 1
107 185 1
107 189 1
108 120 1
108 124 1
108 125 1
108 157 1
108 163 1
108 170 1
109 111 1
109 113 1
109 119 1
109 129 1
109 136 1
109 138 1
109 149 1
109 151 1
109 156 1
109 158 1
109 166 1
109 174 1
110 114 1
110 142 1
110 143 1
110 148 1
110 155 1
110 163 1
110 169 1
110 184 1
111 113 1
111 122 1
111 130 1
111 152 1
111 162 1
111 163 1
111 169 1
111 174 1
111 181 1
111 182 1
112 124 1
112 138 1
112 185 1
113 165 1
113 169 1
113 187 1
113 188 1
114 124 1
114 125 1
114 132 1
114 158 1
114 174 1
114 175 1
114 177 1
115 134 1
115 136 1
115 142 1
115 143 1
115 146 1
115 161 1
115 170 1
115 182 1
115 186 1
116 118 1
116 136 1
116 138 1
116 150 1
116 180 1
116 184 1
117 162 1
117 163 1
117 176 1
118 121 1
118 133 1
118 142 1
118 143 1
118 156 1
118 172 1
118 180 1
118 183 1
119 146 1
119 156 1
119 162 1
119 179 1
119 180 1
120 129 1
120 161 1
120 170 1
120 174 1
120 176 1
121 124 1
121 131 1
121 135 1
121 136 1
121 146 1
121 159 1
121 160 1
121 164 1
121 169 1
121 171 1
121 186 1
121 188 1
122 132 1
122 137 1
122 143 1
122 160 1
122 168 1
122 172 1
122 182 1
122 183 1
123 142 1
123 155 1
123 165 1
123 175 1
124 128 1
124 143 1
124 147 1
124 153 1
124 160 1
124 164 1
124 175 1
124 179 1
125 129 1
125 130 1
125 134 1
125 140 1
125 153 1
125 169 1
125 171 1
126 136 1
126 140 1
126 147 1
126 151 1
126 158 1
126 159 1
126 160 1
126 161 1
126 176 1
126 178 1
126 183 1
126 185 1
127 132 1
127 145 1
127 156 1
127 157 1
127 160 1
127 166 1
127 168 1
127 171 1
128 134 1
128 139 1
128 149 1
128 173 1
129 131 1
129 139 1
129 140 1
129 145 1
129 148 1
129 150 1
129 152 1
129 156 1
129 175 1
129 178 1
130 131 1
130 133 1
130 150 1
130 151 1
131 134 1
131 141 1
131 178 1
131 187 1
131 188 1
132 134 1
132 145 1
132 153 1
132 155 1
132 165 1
132 170 1
132 175 1
132 178 1
132 181 1
132 184 1
133 143 1
133 149 1
133 154 1
133 166 1
133 172 1
133 187 1
133 188 1
134 151 1
134 165 1
134 183 1
134 186 1
135 141 1
135 156 1
135 158 1
135 185 1
136 138 1
136 148 1
136 161 1
136 162 1
136 164 1
136 173 1
136 176 1
136 177 1
136 180 1
137 143 1
137 150 1
137 152 1
137 158 1
137 160 1
137 161 1
137 164 1
137 178 1
137 180 1
138 141 1
138 150 1
138 165 1
138 167 1
138 170 1
138 171 1
138 175 1
138 180 1
138 187 1
138 188 1
139 143 1
139 178 1
139 187 1
140 155 1
140 182 1
141 142 1
141 150 1
141 153 1
141 154 1
141 161 1
141 165 1
141 179 1
142 146 1
142 150 1
142 156 1
142 162 1
142 174 1
143 147 1
143 157 1
143 158 1
143 160 1
143 163 1
143 179 1
143 188 1
144 171 1
145 150 1
145 167 1
145 168 1
145 172 1
146 147 1
146 174 1
146 182 1
146 188 1
148 150 1
148 157 1
148 174 1
148 189 1
149 158 1
149 163 1
149 166 1
149 172 1
149 176 1
149 181 1
149 184 1
150 162 1
150 163 1
150 171 1
150 173 1
150 176 1
150 186 1
150 189 1
151 160 1
151 161 1
151 175 1
151 180 1
152 156 1
152 169 1
152 176 1
152 182 1
152 185 1
153 154 1
153 157 1
153 175 1
153 187 1
154 155 1
155 159 1
155 178 1
155 188 1
156 162 1
156 175 1
156 178 1
157 159 1
157 165 1
157 169 1
157 184 1
158 160 1
158 169 1
158 178 1
158 180 1
158 183 1
158 185 1
159 171 1
159 184 1
160 166 1
160 168 1
160 176 1
161 172 1
161 189 1
162 169 1
162 176 1
163 178 1
163 189 1
164 187 1
165 171 1
166 170 1
166 173 1
166 175 1
167 174 1
167 175 1
167 176 1
167 188 1
168 169 1
168 180 1
168 182 1
168 184 1
169 172 1
169 177 1
169 178 1
169 180 1
169 183 1
170 176 1
170 177 1
170 179 1
171 172 1
171 177 1
172 175 1
172 177 1
173 176 1
173 178 1
173 185 1
173 187 1
174 186 1
176 184 1
176 185 1
178 180 1
179 186 1
179 188 1
182 184 1
182 189 1
187 189 1
1
118 139 34 143 183 98 137 54 74 63 41 89 29 60 100 38 11 52 141
