1445
0 2 1
0 5 1
0 9 1
0 14 1
0 17 1
0 26 1
0 37 1
0 48 1
0 53 1
0 58 1
0 65 1
0 79 1
0 83 1
0 84 1
0 87 1
0 88 1
0 108 1
0 111 1
0 112 1
0 121 1
0 122 1
0 126 1
1 9 1
1 24 1
1 25 1
1 26 1
1 37 1
1 44 1
1 59 1
1 70 1
1 81 1
1 83 1
1 87 1
1 93 1
1 96 1
1 97 1
1 105 1
1 131 1
1 134 1
1 142 1
2 3 1
2 12 1
2 24 1
2 28 1
2 30 1
2 34 1
2 39 1
2 63 1
2 69 1
2 75 1
2 76 1
2 78 1
2 80 1
2 92 1
2 99 1
2 101 1
2 102 1
2 103 1
2 122 1
2 130 1
2 136 1
2 147 1
3 4 1
3 20 1
3 32 1
3 40 1
3 45 1
3 52 1
3 53 1
3 64 1
3 65 1
3 66 1
3 71 1
3 85 1
3 91 1
3 101 1
3 105 1
3 114 1
3 116 1
3 124 1
3 125 1
3 132 1
3 138 1
4 8 1
4 10 1
4 11 1
4 19 1
4 22 1
4 39 1
4 41 1
4 60 1
4 71 1
4 83 1
4 89 1
4 94 1
4 118 1
4 124 1
4 126 1
5 8 1
5 16 1
5 26 1
5 27 1
5 37 1
5 41 1
5 66 1
5 95 1
5 96 1
5 97 1
5 106 1
5 117 1
5 125 1
5 130 1
5 131 1
5 135 1
5 146 1
6 15 1
6 21 1
6 35 1
6 36 1
6 37 1
6 39 1
6 42 1
6 46 1
6 47 1
6 51 1
6 63 1
6 74 1
6 80 1
6 82 1
6 106 1
6 112 1
6 113 1
6 114 1
6 129 1
6 135 1
6 138 1
6 144 1
6 145 1
7 16 1
7 18 1
7 28 1
7 31 1
7 36 1
7 39 1
7 61 1
7 63 1
7 69 1
7 72 1
7 84 1
7 91 1
7 93 1
7 114 1
7 116 1
7 119 1
7 139 1
7 140 1
7 145 1
8 12 1
8 15 1
8 17 1
8 21 1
8 32 1
8 33 1
8 35 1
8 43 1
8 46 1
8 62 1
8 65 1
8 70 1
8 71 1
8 76 1
8 77 1
8 98 1
8 112 1
8 113 1
8 115 1
8 120 1
8 138 1
8 141 1
8 144 1
9 16 1
9 30 1
9 37 1
9 38 1
9 45 1
9 49 1
9 53 1
9 57 1
9 63 1
9 67 1
9 80 1
9 99 1
9 116 1
9 118 1
9 121 1
9 135 1
9 143 1
10 13 1
10 20 1
10 65 1
10 78 1
10 81 1
10 85 1
10 87 1
10 96 1
10 99 1
10 114 1
10 117 1
10 129 1
10 132 1
10 138 1
10 142 1
11 22 1
11 26 1
11 27 1
11 31 1
11 74 1
11 77 1
11 81 1
11 85 1
11 94 1
11 98 1
11 106 1
11 114 1
11 115 1
11 118 1
11 132 1
11 136 1
12 15 1
12 19 1
12 24 1
12 34 1
12 38 1
12 51 1
12 77 1
12 91 1
12 93 1
12 94 1
12 99 1
12 113 1
12 114 1
12 118 1
12 134 1
12 139 1
13 17 1
13 44 1
13 49 1
13 52 1
13 54 1
13 59 1
13 65 1
13 71 1
13 73 1
13 75 1
13 76 1
13 84 1
13 92 1
13 109 1
13 123 1
13 125 1
13 139 1
13 144 1
13 146 1
14 15 1
14 21 1
14 23 1
14 35 1
14 47 1
14 69 1
14 82 1
14 96 1
14 97 1
14 98 1
14 100 1
14 101 1
14 129 1
14 132 1
15 21 1
15 36 1
15 37 1
15 63 1
15 67 1
15 72 1
15 74 1
15 78 1
15 81 1
15 84 1
15 101 1
15 103 1
15 111 1
15 116 1
15 119 1
15 122 1
15 123 1
15 132 1
15 140 1
15 146 1
15 147 1
16 18 1
16 36 1
16 37 1
16 66 1
16 71 1
16 74 1
16 75 1
16 81 1
16 85 1
16 102 1
16 117 1
16 122 1
16 133 1
16 141 1
16 142 1
16 146 1
17 18 1
17 23 1
17 25 1
17 33 1
17 35 1
17 48 1
17 54 1
17 57 1
17 62 1
17 68 1
17 92 1
17 94 1
17 97 1
17 99 1
17 111 1
17 123 1
17 130 1
17 140 1
17 149 1
18 20 1
18 32 1
18 53 1
18 73 1
18 75 1
18 80 1
18 81 1
18 100 1
18 102 1
18 109 1
18 111 1
18 113 1
18 122 1
18 127 1
18 141 1
18 143 1
18 144 1
19 26 1
19 29 1
19 34 1
19 37 1
19 44 1
19 53 1
19 54 1
19 71 1
19 76 1
19 80 1
19 84 1
19 90 1
19 105 1
19 112 1
19 114 1
19 139 1
19 142 1
19 143 1
20 25 1
20 27 1
20 49 1
20 58 1
20 63 1
20 66 1
20 71 1
20 74 1
20 96 1
20 98 1
20 100 1
20 108 1
20 111 1
20 122 1
20 127 1
21 28 1
21 46 1
21 50 1
21 69 1
21 73 1
21 75 1
21 77 1
21 78 1
21 80 1
21 82 1
21 130 1
21 131 1
21 135 1
21 139 1
21 146 1
22 25 1
22 42 1
22 44 1
22 52 1
22 53 1
22 55 1
22 56 1
22 63 1
22 74 1
22 88 1
22 108 1
22 112 1
22 113 1
22 140 1
23 35 1
23 40 1
23 46 1
23 51 1
23 55 1
23 56 1
23 64 1
23 77 1
23 83 1
23 85 1
23 88 1
23 110 1
23 111 1
23 116 1
23 118 1
23 124 1
23 125 1
23 134 1
23 138 1
23 142 1
24 29 1
24 49 1
24 51 1
24 55 1
24 56 1
24 65 1
24 66 1
24 77 1
24 92 1
24 124 1
24 135 1
24 138 1
24 144 1
25 31 1
25 35 1
25 39 1
25 40 1
25 42 1
25 44 1
25 50 1
25 54 1
25 56 1
25 60 1
25 73 1
25 88 1
25 89 1
25 91 1
25 94 1
25 105 1
25 109 1
25 112 1
25 116 1
25 123 1
25 136 1
26 27 1
26 38 1
26 40 1
26 73 1
26 81 1
26 82 1
26 86 1
26 103 1
26 108 1
26 109 1
26 116 1
26 122 1
26 125 1
26 126 1
26 127 1
26 133 1
26 144 1
27 34 1
27 38 1
27 79 1
27 85 1
27 87 1
27 88 1
27 99 1
27 102 1
27 119 1
27 123 1
27 133 1
27 139 1
28 30 1
28 41 1
28 49 1
28 57 1
28 65 1
28 70 1
28 74 1
28 82 1
28 85 1
28 88 1
28 104 1
28 110 1
28 113 1
28 114 1
28 116 1
28 118 1
28 137 1
28 140 1
28 145 1
28 146 1
28 147 1
29 33 1
29 46 1
29 54 1
29 58 1
29 63 1
29 66 1
29 70 1
29 87 1
29 88 1
29 90 1
29 97 1
29 99 1
29 103 1
29 111 1
29 116 1
29 125 1
29 128 1
29 134 1
29 146 1
29 148 1
30 37 1
30 46 1
30 52 1
30 59 1
30 74 1
30 76 1
30 89 1
30 108 1
30 111 1
30 115 1
30 127 1
30 134 1
30 135 1
30 143 1
30 149 1
31 33 1
31 36 1
31 51 1
31 55 1
31 58 1
31 63 1
31 78 1
31 83 1
31 86 1
31 89 1
31 91 1
31 93 1
31 94 1
31 118 1
31 149 1
32 38 1
32 53 1
32 57 1
32 85 1
32 114 1
32 115 1
32 121 1
32 124 1
32 133 1
32 138 1
32 146 1
33 39 1
33 48 1
33 49 1
33 52 1
33 53 1
33 73 1
33 76 1
33 78 1
33 101 1
33 105 1
33 108 1
33 110 1
33 133 1
33 140 1
33 146 1
33 147 1
34 36 1
34 55 1
34 60 1
34 63 1
34 75 1
34 77 1
34 78 1
34 81 1
34 82 1
34 97 1
34 99 1
34 105 1
34 111 1
34 120 1
34 149 1
35 45 1
35 54 1
35 66 1
35 71 1
35 75 1
35 82 1
35 83 1
35 87 1
35 100 1
35 107 1
35 108 1
35 123 1
35 128 1
35 139 1
35 143 1
35 146 1
35 148 1
36 38 1
36 48 1
36 51 1
36 57 1
36 60 1
36 64 1
36 73 1
36 77 1
36 84 1
36 87 1
36 88 1
36 91 1
36 105 1
36 123 1
36 129 1
36 130 1
36 133 1
36 134 1
36 138 1
36 145 1
37 41 1
37 43 1
37 45 1
37 52 1
37 56 1
37 62 1
37 65 1
37 68 1
37 73 1
37 79 1
37 84 1
37 85 1
37 86 1
37 88 1
37 103 1
37 110 1
37 113 1
37 120 1
37 126 1
37 131 1
37 134 1
37 138 1
37 140 1
38 43 1
38 59 1
38 63 1
38 65 1
38 67 1
38 77 1
38 103 1
38 104 1
38 113 1
38 114 1
38 115 1
38 118 1
38 126 1
38 127 1
38 134 1
39 44 1
39 64 1
39 74 1
39 78 1
39 80 1
39 91 1
39 102 1
39 111 1
39 120 1
39 123 1
40 58 1
40 67 1
40 72 1
40 73 1
40 81 1
40 95 1
40 109 1
40 114 1
40 132 1
40 140 1
40 148 1
41 61 1
41 68 1
41 73 1
41 93 1
41 103 1
41 110 1
41 113 1
41 121 1
41 122 1
41 123 1
41 125 1
41 128 1
41 137 1
41 139 1
42 71 1
42 77 1
42 99 1
42 103 1
42 117 1
42 120 1
42 126 1
42 135 1
43 52 1
43 54 1
43 79 1
43 104 1
43 115 1
43 116 1
43 124 1
43 135 1
43 143 1
44 54 1
44 57 1
44 64 1
44 65 1
44 74 1
44 75 1
44 78 1
44 91 1
44 99 1
44 111 1
44 112 1
44 114 1
44 117 1
44 138 1
45 62 1
45 68 1
45 93 1
45 101 1
45 110 1
45 113 1
45 125 1
45 127 1
45 130 1
45 132 1
45 133 1
45 134 1
45 141 1
46 79 1
46 81 1
46 111 1
46 128 1
46 141 1
46 144 1
46 146 1
47 59 1
47 64 1
47 68 1
47 74 1
47 78 1
47 84 1
47 96 1
47 106 1
47 108 1
47 109 1
47 111 1
47 114 1
47 120 1
47 128 1
47 140 1
47 143 1
47 144 1
47 149 1
48 49 1
48 54 1
48 69 1
48 75 1
48 80 1
48 97 1
48 112 1
48 113 1
48 115 1
48 148 1
49 57 1
49 66 1
49 67 1
49 91 1
49 97 1
49 99 1
49 100 1
49 105 1
49 106 1
49 112 1
49 115 1
49 119 1
49 129 1
49 141 1
49 146 1
50 51 1
50 57 1
50 81 1
50 107 1
50 109 1
50 110 1
50 111 1
50 113 1
50 123 1
50 133 1
50 137 1
50 146 1
50 148 1
51 54 1
51 64 1
51 85 1
51 86 1
51 88 1
51 90 1
51 92 1
51 93 1
51 103 1
51 113 1
51 118 1
51 123 1
51 141 1
51 148 1
52 65 1
52 71 1
52 86 1
52 93 1
52 111 1
52 113 1
53 56 1
53 66 1
53 74 1
53 75 1
53 76 1
53 85 1
53 102 1
53 115 1
53 117 1
53 122 1
53 140 1
53 145 1
54 67 1
54 71 1
54 75 1
54 77 1
54 84 1
54 87 1
54 90 1
54 91 1
54 131 1
54 138 1
54 142 1
55 59 1
55 66 1
55 78 1
55 81 1
55 83 1
55 88 1
55 96 1
55 97 1
55 106 1
55 107 1
55 109 1
55 111 1
55 120 1
55 133 1
55 135 1
55 137 1
55 141 1
56 57 1
56 63 1
56 70 1
56 71 1
56 72 1
56 74 1
56 92 1
56 98 1
56 112 1
56 113 1
56 134 1
56 139 1
56 144 1
57 59 1
57 64 1
57 71 1
57 91 1
57 92 1
57 101 1
57 116 1
57 128 1
57 143 1
58 67 1
58 83 1
58 86 1
58 87 1
58 88 1
58 93 1
58 98 1
58 118 1
58 121 1
58 122 1
58 124 1
58 132 1
58 144 1
58 147 1
59 93 1
59 115 1
59 120 1
59 125 1
59 134 1
59 141 1
60 64 1
60 65 1
60 70 1
60 89 1
60 96 1
60 105 1
60 139 1
60 143 1
61 62 1
61 64 1
61 69 1
61 73 1
61 81 1
61 90 1
61 106 1
61 111 1
61 114 1
61 118 1
61 119 1
61 123 1
61 137 1
62 72 1
62 74 1
62 79 1
62 97 1
62 98 1
62 104 1
62 105 1
62 106 1
62 108 1
62 109 1
62 112 1
62 134 1
62 142 1
62 143 1
63 71 1
63 86 1
63 90 1
63 93 1
63 113 1
63 115 1
63 117 1
63 134 1
63 136 1
63 142 1
63 144 1
63 148 1
64 79 1
64 82 1
64 98 1
64 103 1
64 110 1
64 113 1
64 119 1
64 136 1
64 138 1
64 145 1
65 67 1
65 68 1
65 71 1
65 80 1
65 81 1
65 86 1
65 88 1
65 108 1
65 115 1
65 118 1
65 122 1
65 125 1
65 126 1
65 128 1
65 129 1
65 132 1
65 139 1
65 148 1
66 71 1
66 75 1
66 84 1
66 96 1
66 100 1
66 114 1
66 120 1
66 134 1
66 135 1
66 136 1
67 71 1
67 75 1
67 82 1
67 83 1
67 93 1
67 94 1
67 95 1
67 106 1
67 110 1
67 112 1
67 115 1
67 127 1
67 135 1
67 141 1
67 149 1
68 70 1
68 74 1
68 79 1
68 80 1
68 83 1
68 90 1
68 98 1
68 101 1
68 109 1
68 129 1
68 134 1
68 138 1
68 140 1
68 146 1
69 72 1
69 82 1
69 89 1
69 93 1
69 106 1
69 111 1
69 115 1
69 117 1
69 136 1
69 139 1
69 143 1
70 77 1
70 78 1
70 79 1
70 85 1
70 94 1
70 97 1
70 106 1
70 110 1
70 126 1
70 128 1
70 138 1
71 75 1
71 80 1
71 83 1
71 86 1
71 105 1
71 111 1
71 119 1
71 122 1
71 139 1
71 144 1
72 76 1
72 82 1
72 86 1
72 88 1
72 89 1
72 103 1
72 106 1
72 118 1
72 119 1
72 135 1
72 136 1
72 140 1
73 80 1
73 91 1
73 98 1
73 100 1
73 102 1
73 111 1
73 130 1
73 138 1
74 75 1
74 77 1
74 89 1
74 98 1
74 114 1
74 116 1
74 123 1
74 136 1
74 139 1
74 142 1
74 146 1
75 80 1
75 97 1
75 101 1
75 104 1
75 119 1
75 121 1
75 125 1
75 129 1
75 135 1
76 81 1
76 91 1
76 97 1
76 124 1
76 127 1
76 137 1
76 138 1
76 147 1
76 149 1
77 86 1
77 96 1
77 119 1
77 127 1
77 133 1
78 79 1
78 88 1
78 95 1
78 103 1
78 108 1
78 120 1
78 125 1
78 126 1
79 83 1
79 86 1
79 93 1
79 95 1
79 98 1
79 103 1
79 106 1
79 115 1
79 116 1
79 120 1
79 126 1
79 132 1
79 144 1
79 146 1
80 97 1
80 100 1
80 103 1
80 131 1
80 132 1
80 140 1
80 143 1
81 84 1
81 90 1
81 98 1
81 125 1
81 144 1
81 147 1
82 99 1
82 110 1
82 116 1
82 126 1
82 127 1
82 131 1
82 139 1
82 148 1
83 91 1
83 94 1
83 97 1
83 102 1
83 124 1
84 89 1
84 92 1
84 94 1
84 97 1
84 105 1
84 109 1
84 114 1
84 115 1
84 122 1
84 123 1
84 135 1
84 144 1
85 103 1
85 106 1
85 108 1
85 136 1
85 149 1
86 109 1
86 117 1
86 122 1
86 131 1
86 132 1
86 144 1
86 146 1
87 98 1
87 99 1
87 116 1
87 118 1
87 121 1
87 131 1
87 137 1
87 141 1
88 89 1
88 134 1
88 135 1
88 137 1
88 141 1
89 100 1
89 110 1
89 135 1
89 136 1
89 141 1
89 149 1
90 99 1
90 101 1
90 107 1
90 114 1
90 118 1
90 123 1
90 124 1
90 139 1
91 92 1
91 93 1
91 95 1
91 97 1
91 98 1
91 116 1
91 123 1
91 133 1
91 137 1
91 138 1
91 141 1
92 93 1
92 95 1
92 101 1
92 114 1
92 119 1
92 130 1
92 132 1
92 140 1
93 94 1
93 101 1
93 120 1
93 132 1
93 137 1
93 142 1
94 101 1
94 110 1
94 129 1
95 99 1
95 103 1
95 104 1
95 121 1
95 128 1
95 130 1
95 141 1
95 149 1
96 102 1
96 109 1
96 114 1
96 119 1
96 126 1
96 144 1
96 149 1
97 99 1
97 101 1
97 103 1
97 106 1
97 110 1
97 112 1
97 120 1
97 139 1
97 143 1
98 102 1
98 111 1
98 118 1
98 130 1
98 137 1
98 142 1
99 104 1
99 116 1
99 120 1
99 135 1
99 136 1
100 101 1
100 110 1
100 113 1
100 115 1
100 116 1
100 119 1
100 122 1
100 134 1
100 136 1
101 149 1
102 114 1
102 116 1
102 118 1
102 124 1
102 138 1
103 107 1
103 108 1
103 112 1
103 116 1
103 126 1
103 133 1
103 136 1
103 142 1
104 107 1
104 112 1
104 114 1
104 115 1
104 132 1
105 135 1
106 118 1
106 119 1
106 126 1
106 137 1
107 116 1
107 121 1
107 122 1
107 124 1
107 138 1
107 146 1
108 110 1
108 114 1
108 124 1
108 126 1
108 128 1
108 134 1
108 138 1
108 143 1
109 114 1
109 137 1
110 125 1
110 136 1
110 138 1
110 143 1
111 113 1
111 114 1
111 125 1
111 132 1
111 140 1
111 147 1
112 115 1
112 127 1
112 137 1
112 139 1
113 114 1
113 116 1
113 121 1
113 123 1
113 125 1
113 130 1
113 133 1
113 136 1
113 148 1
114 117 1
114 125 1
114 140 1
114 145 1
114 146 1
114 147 1
115 117 1
115 127 1
115 135 1
115 138 1
115 140 1
115 143 1
116 131 1
116 148 1
117 118 1
117 121 1
117 126 1
117 134 1
118 127 1
118 130 1
118 141 1
119 149 1
120 126 1
120 129 1
120 133 1
120 141 1
121 149 1
122 127 1
122 133 1
122 144 1
123 124 1
123 129 1
124 130 1
124 133 1
124 136 1
125 138 1
126 130 1
126 141 1
126 144 1
127 130 1
127 139 1
127 146 1
127 147 1
128 129 1
128 132 1
128 143 1
128 149 1
129 130 1
129 132 1
129 133 1
129 136 1
129 139 1
129 149 1
130 132 1
130 149 1
131 141 1
131 145 1
131 149 1
132 136 1
132 144 1
132 149 1
133 138 1
134 135 1
134 138 1
134 149 1
135 139 1
135 140 1
136 138 1
137 138 1
137 149 1
138 144 1
138 149 1
139 140 1
139 143 1
140 145 1
140 148 1
140 149 1
142 145 1
142 149 1
143 148 1
143 149 1
144 147 1
145 148 1
146 147 1
1
99 137 41 123 83 10 147 9 47 126 48 17 106 29 125
