1576
0 6 1
0 14 1
0 22 1
0 30 1
0 42 1
0 44 1
0 51 1
0 54 1
0 56 1
0 60 1
0 65 1
0 67 1
0 81 1
0 91 1
0 109 1
0 112 1
0 113 1
0 124 1
0 125 1
0 135 1
0 137 1
0 143 1
0 150 1
1 3 1
1 8 1
1 9 1
1 26 1
1 27 1
1 32 1
1 45 1
1 47 1
1 58 1
1 68 1
1 73 1
1 78 1
1 87 1
1 88 1
1 93 1
1 106 1
1 114 1
1 121 1
1 128 1
1 146 1
1 148 1
1 152 1
2 8 1
2 21 1
2 29 1
2 30 1
2 34 1
2 36 1
2 42 1
2 47 1
2 65 1
2 70 1
2 97 1
2 98 1
2 117 1
2 128 1
2 139 1
2 142 1
2 149 1
2 150 1
2 157 1
3 15 1
3 18 1
3 19 1
3 20 1
3 30 1
3 32 1
3 46 1
3 59 1
3 62 1
3 77 1
3 83 1
3 95 1
3 110 1
3 116 1
3 127 1
3 134 1
3 142 1
3 145 1
3 155 1
4 16 1
4 26 1
4 32 1
4 59 1
4 73 1
4 83 1
4 93 1
4 94 1
4 97 1
4 106 1
4 113 1
4 120 1
4 122 1
4 136 1
4 159 1
5 6 1
5 8 1
5 9 1
5 18 1
5 21 1
5 29 1
5 33 1
5 38 1
5 48 1
5 56 1
5 66 1
5 76 1
5 91 1
5 94 1
5 106 1
5 111 1
5 118 1
5 124 1
5 134 1
5 135 1
5 141 1
5 153 1
5 154 1
6 8 1
6 9 1
6 10 1
6 11 1
6 40 1
6 42 1
6 43 1
6 44 1
6 51 1
6 52 1
6 61 1
6 85 1
6 88 1
6 99 1
6 100 1
6 120 1
6 123 1
7 13 1
7 19 1
7 25 1
7 28 1
7 29 1
7 53 1
7 62 1
7 63 1
7 74 1
7 82 1
7 91 1
7 93 1
7 96 1
7 100 1
7 107 1
7 117 1
7 136 1
7 138 1
7 143 1
7 153 1
7 156 1
7 158 1
8 56 1
8 63 1
8 68 1
8 74 1
8 76 1
8 78 1
8 94 1
8 99 1
8 114 1
8 119 1
8 144 1
8 149 1
8 152 1
8 154 1
9 13 1
9 23 1
9 26 1
9 32 1
9 41 1
9 45 1
9 52 1
9 57 1
9 59 1
9 65 1
9 69 1
9 74 1
9 82 1
9 83 1
9 102 1
9 117 1
9 125 1
9 143 1
9 149 1
9 155 1
9 158 1
10 17 1
10 26 1
10 42 1
10 60 1
10 68 1
10 73 1
10 74 1
10 76 1
10 83 1
10 88 1
10 111 1
10 121 1
10 122 1
10 129 1
10 138 1
10 142 1
10 155 1
11 16 1
11 17 1
11 19 1
11 23 1
11 24 1
11 37 1
11 45 1
11 59 1
11 66 1
11 70 1
11 73 1
11 77 1
11 78 1
11 84 1
11 97 1
11 118 1
11 120 1
11 141 1
11 145 1
11 151 1
11 152 1
12 38 1
12 44 1
12 52 1
12 77 1
12 78 1
12 83 1
12 92 1
12 94 1
12 100 1
12 104 1
12 107 1
12 109 1
12 119 1
12 140 1
12 145 1
12 151 1
12 153 1
12 155 1
13 19 1
13 33 1
13 41 1
13 42 1
13 46 1
13 54 1
13 92 1
13 101 1
13 125 1
14 26 1
14 31 1
14 32 1
14 58 1
14 59 1
14 101 1
14 104 1
14 107 1
14 108 1
14 115 1
14 116 1
14 122 1
14 145 1
14 153 1
14 154 1
15 23 1
15 25 1
15 28 1
15 35 1
15 50 1
15 66 1
15 83 1
15 84 1
15 86 1
15 115 1
15 118 1
15 128 1
15 139 1
15 150 1
15 151 1
15 153 1
15 154 1
16 17 1
16 21 1
16 34 1
16 35 1
16 39 1
16 41 1
16 46 1
16 47 1
16 50 1
16 65 1
16 66 1
16 89 1
16 95 1
16 98 1
16 100 1
16 108 1
16 114 1
16 118 1
16 133 1
16 135 1
16 146 1
16 148 1
16 152 1
16 154 1
17 24 1
17 32 1
17 46 1
17 60 1
17 63 1
17 71 1
17 77 1
17 80 1
17 86 1
17 88 1
17 96 1
17 101 1
17 109 1
17 111 1
17 132 1
17 133 1
17 137 1
17 145 1
17 151 1
17 152 1
17 154 1
17 157 1
18 19 1
18 24 1
18 34 1
18 37 1
18 39 1
18 45 1
18 46 1
18 50 1
18 58 1
18 59 1
18 67 1
18 71 1
18 73 1
18 75 1
18 77 1
18 81 1
18 83 1
18 97 1
18 108 1
18 113 1
18 118 1
18 136 1
18 137 1
18 139 1
18 147 1
18 158 1
19 25 1
19 26 1
19 48 1
19 52 1
19 53 1
19 68 1
19 71 1
19 75 1
19 77 1
19 78 1
19 84 1
19 101 1
19 108 1
19 123 1
19 124 1
19 127 1
19 159 1
20 44 1
20 64 1
20 76 1
20 85 1
20 93 1
20 96 1
20 97 1
20 107 1
20 126 1
20 141 1
20 143 1
20 145 1
21 32 1
21 37 1
21 44 1
21 54 1
21 64 1
21 74 1
21 75 1
21 114 1
21 128 1
21 138 1
21 142 1
21 156 1
21 158 1
22 28 1
22 40 1
22 68 1
22 74 1
22 76 1
22 84 1
22 88 1
22 96 1
22 98 1
22 110 1
22 115 1
22 122 1
22 138 1
22 147 1
22 158 1
23 28 1
23 40 1
23 59 1
23 60 1
23 70 1
23 84 1
23 87 1
23 89 1
23 100 1
23 122 1
23 136 1
23 150 1
23 153 1
24 26 1
24 35 1
24 52 1
24 53 1
24 66 1
24 67 1
24 70 1
24 71 1
24 86 1
24 105 1
24 112 1
24 117 1
24 121 1
24 122 1
24 124 1
24 146 1
24 148 1
25 37 1
25 51 1
25 53 1
25 61 1
25 75 1
25 86 1
25 89 1
25 93 1
25 107 1
25 143 1
25 148 1
26 31 1
26 35 1
26 49 1
26 61 1
26 63 1
26 66 1
26 76 1
26 79 1
26 91 1
26 99 1
26 102 1
26 113 1
26 116 1
26 121 1
26 123 1
27 28 1
27 41 1
27 48 1
27 56 1
27 57 1
27 60 1
27 65 1
27 93 1
27 96 1
27 99 1
27 103 1
27 107 1
27 115 1
27 126 1
27 131 1
27 133 1
27 139 1
27 143 1
27 147 1
28 37 1
28 38 1
28 43 1
28 51 1
28 52 1
28 58 1
28 61 1
28 79 1
28 84 1
28 91 1
28 94 1
28 106 1
28 125 1
28 126 1
28 129 1
28 130 1
28 134 1
28 140 1
28 143 1
28 147 1
29 31 1
29 40 1
29 50 1
29 53 1
29 57 1
29 64 1
29 81 1
29 84 1
29 88 1
29 93 1
29 102 1
29 114 1
29 120 1
29 127 1
29 130 1
29 134 1
29 137 1
29 139 1
29 152 1
29 155 1
29 159 1
30 32 1
30 40 1
30 41 1
30 48 1
30 58 1
30 64 1
30 93 1
30 97 1
30 102 1
30 106 1
30 107 1
30 115 1
30 128 1
30 132 1
30 141 1
31 39 1
31 45 1
31 48 1
31 75 1
31 79 1
31 82 1
31 99 1
31 129 1
31 136 1
31 142 1
31 153 1
31 159 1
32 34 1
32 41 1
32 43 1
32 48 1
32 59 1
32 64 1
32 68 1
32 79 1
32 81 1
32 91 1
32 96 1
32 100 1
32 112 1
32 147 1
33 42 1
33 46 1
33 53 1
33 55 1
33 62 1
33 85 1
33 88 1
33 103 1
33 105 1
33 108 1
33 112 1
33 113 1
33 117 1
33 126 1
33 134 1
33 135 1
33 145 1
33 148 1
33 157 1
34 36 1
34 40 1
34 51 1
34 58 1
34 86 1
34 105 1
34 110 1
34 119 1
34 121 1
34 152 1
34 154 1
35 47 1
35 53 1
35 58 1
35 60 1
35 70 1
35 74 1
35 80 1
35 86 1
35 104 1
35 111 1
35 114 1
35 116 1
35 117 1
35 119 1
35 120 1
35 124 1
35 132 1
35 141 1
35 151 1
35 159 1
36 49 1
36 65 1
36 69 1
36 71 1
36 93 1
36 97 1
36 98 1
36 110 1
36 112 1
36 113 1
36 118 1
36 129 1
36 140 1
36 150 1
37 56 1
37 57 1
37 92 1
37 115 1
37 119 1
37 122 1
37 125 1
37 127 1
37 128 1
37 140 1
37 141 1
37 144 1
37 151 1
37 154 1
37 155 1
38 61 1
38 64 1
38 75 1
38 76 1
38 83 1
38 85 1
38 88 1
38 97 1
38 111 1
38 115 1
38 119 1
38 137 1
38 142 1
39 40 1
39 41 1
39 42 1
39 62 1
39 75 1
39 76 1
39 107 1
39 114 1
39 115 1
39 122 1
39 126 1
39 127 1
39 141 1
39 142 1
39 153 1
40 46 1
40 53 1
40 55 1
40 60 1
40 64 1
40 93 1
40 101 1
40 107 1
40 109 1
40 112 1
40 114 1
40 121 1
40 128 1
40 132 1
40 136 1
40 144 1
40 150 1
41 43 1
41 46 1
41 50 1
41 60 1
41 69 1
41 71 1
41 73 1
41 74 1
41 83 1
41 88 1
41 119 1
41 127 1
41 134 1
41 137 1
41 144 1
41 156 1
42 43 1
42 47 1
42 53 1
42 60 1
42 73 1
42 85 1
42 104 1
42 109 1
42 113 1
42 118 1
42 132 1
42 134 1
42 143 1
42 149 1
42 150 1
42 151 1
42 158 1
43 51 1
43 61 1
43 63 1
43 74 1
43 78 1
43 80 1
43 87 1
43 89 1
43 90 1
43 91 1
43 97 1
43 102 1
43 114 1
43 128 1
43 133 1
43 135 1
43 136 1
43 137 1
43 152 1
43 154 1
44 45 1
44 59 1
44 66 1
44 68 1
44 80 1
44 83 1
44 97 1
44 104 1
44 113 1
44 122 1
44 136 1
44 152 1
45 61 1
45 63 1
45 88 1
45 89 1
45 94 1
45 95 1
45 117 1
45 123 1
45 134 1
45 137 1
45 140 1
45 142 1
45 145 1
45 148 1
46 49 1
46 51 1
46 55 1
46 61 1
46 88 1
46 100 1
46 102 1
46 116 1
47 48 1
47 49 1
47 63 1
47 65 1
47 75 1
47 76 1
47 82 1
47 89 1
47 91 1
47 94 1
47 103 1
47 110 1
47 122 1
47 123 1
47 124 1
47 145 1
47 146 1
47 148 1
47 149 1
47 152 1
47 153 1
48 49 1
48 50 1
48 63 1
48 72 1
48 83 1
48 87 1
48 112 1
48 113 1
48 126 1
48 143 1
48 146 1
48 147 1
48 159 1
49 50 1
49 66 1
49 67 1
49 83 1
49 85 1
49 97 1
49 101 1
49 105 1
49 106 1
49 109 1
49 110 1
49 111 1
49 117 1
49 129 1
49 137 1
49 141 1
49 149 1
49 153 1
50 52 1
50 53 1
50 60 1
50 87 1
50 88 1
50 113 1
50 115 1
50 125 1
50 127 1
50 146 1
50 147 1
50 150 1
50 153 1
50 155 1
50 159 1
51 54 1
51 55 1
51 58 1
51 61 1
51 93 1
51 95 1
51 98 1
51 99 1
51 110 1
51 136 1
51 141 1
51 144 1
51 146 1
51 159 1
52 54 1
52 57 1
52 79 1
52 84 1
52 92 1
52 99 1
52 101 1
52 104 1
52 115 1
52 130 1
52 139 1
52 153 1
53 63 1
53 66 1
53 72 1
53 82 1
53 83 1
53 85 1
53 88 1
53 92 1
53 97 1
53 121 1
53 124 1
53 130 1
53 134 1
53 148 1
53 156 1
54 72 1
54 80 1
54 82 1
54 86 1
54 99 1
54 102 1
54 103 1
54 106 1
54 118 1
54 144 1
54 147 1
54 153 1
54 159 1
55 74 1
55 103 1
55 108 1
55 110 1
55 113 1
55 121 1
55 123 1
55 138 1
55 146 1
55 148 1
55 151 1
56 65 1
56 67 1
56 68 1
56 76 1
56 87 1
56 90 1
56 93 1
56 120 1
56 126 1
56 128 1
56 132 1
56 159 1
57 65 1
57 66 1
57 69 1
57 94 1
57 99 1
57 101 1
57 108 1
57 114 1
57 119 1
57 120 1
57 126 1
57 142 1
57 151 1
58 59 1
58 61 1
58 82 1
58 95 1
58 100 1
58 116 1
58 122 1
58 124 1
58 134 1
58 142 1
58 147 1
58 150 1
58 153 1
58 159 1
59 74 1
59 86 1
59 99 1
59 105 1
59 107 1
59 111 1
59 119 1
59 131 1
59 139 1
59 150 1
59 159 1
60 72 1
60 73 1
60 74 1
60 95 1
60 106 1
60 107 1
60 115 1
60 129 1
60 144 1
60 157 1
61 69 1
61 85 1
61 101 1
61 104 1
61 124 1
61 140 1
61 150 1
62 72 1
62 77 1
62 89 1
62 112 1
62 113 1
62 119 1
62 120 1
62 130 1
62 136 1
62 140 1
62 142 1
62 150 1
62 156 1
62 157 1
62 158 1
63 64 1
63 66 1
63 70 1
63 72 1
63 80 1
63 82 1
63 83 1
63 90 1
63 104 1
63 124 1
63 125 1
63 133 1
63 152 1
63 154 1
63 158 1
64 70 1
64 77 1
64 82 1
64 83 1
64 90 1
64 91 1
64 104 1
64 107 1
64 111 1
64 112 1
64 123 1
64 124 1
64 129 1
64 132 1
64 136 1
64 143 1
64 152 1
64 158 1
65 66 1
65 85 1
65 90 1
65 110 1
65 113 1
65 119 1
65 130 1
65 157 1
65 159 1
66 77 1
66 82 1
66 83 1
66 90 1
66 96 1
66 98 1
66 108 1
66 122 1
66 129 1
66 135 1
66 148 1
67 68 1
67 90 1
67 104 1
67 106 1
67 112 1
67 118 1
67 129 1
67 137 1
67 150 1
68 72 1
68 76 1
68 77 1
68 81 1
68 86 1
68 93 1
68 100 1
68 101 1
68 102 1
68 123 1
68 142 1
68 143 1
68 151 1
68 159 1
69 72 1
69 92 1
69 93 1
69 97 1
69 105 1
69 106 1
69 109 1
69 120 1
69 122 1
69 123 1
69 130 1
69 155 1
70 98 1
70 100 1
70 101 1
70 110 1
70 122 1
70 123 1
70 156 1
71 81 1
71 94 1
71 119 1
71 122 1
71 136 1
71 141 1
71 152 1
72 75 1
72 85 1
72 89 1
72 92 1
72 94 1
72 118 1
72 119 1
72 121 1
72 132 1
72 138 1
72 140 1
72 150 1
72 156 1
73 74 1
73 78 1
73 88 1
73 101 1
73 102 1
73 122 1
73 125 1
73 143 1
73 147 1
73 148 1
73 152 1
73 155 1
74 77 1
74 98 1
74 114 1
74 118 1
74 148 1
75 80 1
75 82 1
75 95 1
75 99 1
75 101 1
75 102 1
75 112 1
75 116 1
75 117 1
75 120 1
75 121 1
75 132 1
75 146 1
75 149 1
75 153 1
75 154 1
76 105 1
76 141 1
76 152 1
76 156 1
76 158 1
77 80 1
77 85 1
77 102 1
77 103 1
77 129 1
77 133 1
77 140 1
77 148 1
77 151 1
77 154 1
77 156 1
78 87 1
78 92 1
78 109 1
78 110 1
78 137 1
78 142 1
78 153 1
79 80 1
79 89 1
79 94 1
79 96 1
79 109 1
79 114 1
79 121 1
79 122 1
79 124 1
79 126 1
79 128 1
79 138 1
79 147 1
79 152 1
79 154 1
79 156 1
80 89 1
80 93 1
80 116 1
80 138 1
81 83 1
81 87 1
81 94 1
81 114 1
81 118 1
81 119 1
81 121 1
81 128 1
81 135 1
81 142 1
81 151 1
81 154 1
82 91 1
82 93 1
82 103 1
82 127 1
82 129 1
82 130 1
82 144 1
82 148 1
82 150 1
82 159 1
83 87 1
83 101 1
83 107 1
83 129 1
83 131 1
83 144 1
84 93 1
84 97 1
84 112 1
84 122 1
84 123 1
84 136 1
84 137 1
84 141 1
84 147 1
84 155 1
84 158 1
85 100 1
85 104 1
85 105 1
85 106 1
85 115 1
85 117 1
85 128 1
85 136 1
85 156 1
85 158 1
86 97 1
86 98 1
86 113 1
86 114 1
86 124 1
86 137 1
86 153 1
86 155 1
86 158 1
86 159 1
87 95 1
87 99 1
87 102 1
87 103 1
87 108 1
87 109 1
87 132 1
87 150 1
87 156 1
88 90 1
88 94 1
88 95 1
88 100 1
88 105 1
88 110 1
88 116 1
88 133 1
88 136 1
88 138 1
88 140 1
88 141 1
88 147 1
88 154 1
88 155 1
89 100 1
89 101 1
89 114 1
89 116 1
89 121 1
89 125 1
89 130 1
89 131 1
89 153 1
90 91 1
90 100 1
90 118 1
90 132 1
90 152 1
90 156 1
91 95 1
91 96 1
91 103 1
91 114 1
91 117 1
91 138 1
91 154 1
92 105 1
92 112 1
92 147 1
92 152 1
92 153 1
92 154 1
93 109 1
93 112 1
93 121 1
93 125 1
93 134 1
93 138 1
93 139 1
93 141 1
93 142 1
93 155 1
94 95 1
94 102 1
94 122 1
94 147 1
95 96 1
95 98 1
95 105 1
95 116 1
95 131 1
95 133 1
95 144 1
95 151 1
95 158 1
96 97 1
96 122 1
96 125 1
96 132 1
96 137 1
96 139 1
96 142 1
96 148 1
96 149 1
96 151 1
97 106 1
97 108 1
97 133 1
97 148 1
98 102 1
98 103 1
98 117 1
98 138 1
98 142 1
99 112 1
99 114 1
99 125 1
99 129 1
99 134 1
99 147 1
99 149 1
99 155 1
100 105 1
100 108 1
100 127 1
100 128 1
100 140 1
100 141 1
100 143 1
100 144 1
101 119 1
101 120 1
101 121 1
101 123 1
101 124 1
101 125 1
101 131 1
101 155 1
102 107 1
102 117 1
102 125 1
102 136 1
102 142 1
102 154 1
102 159 1
103 110 1
103 113 1
103 142 1
103 147 1
104 118 1
104 131 1
104 140 1
104 150 1
105 111 1
105 123 1
105 125 1
105 128 1
105 129 1
105 136 1
105 154 1
105 157 1
106 109 1
106 114 1
106 121 1
106 139 1
106 140 1
106 141 1
107 111 1
107 123 1
107 146 1
107 152 1
108 118 1
108 128 1
108 133 1
108 138 1
108 151 1
108 155 1
108 156 1
109 113 1
109 129 1
109 140 1
109 143 1
109 148 1
109 149 1
110 118 1
110 119 1
110 120 1
110 133 1
110 134 1
110 152 1
110 158 1
111 113 1
111 120 1
111 127 1
111 130 1
111 137 1
111 141 1
111 143 1
111 145 1
111 150 1
111 157 1
112 117 1
112 124 1
112 126 1
112 136 1
112 143 1
113 115 1
113 116 1
113 120 1
113 129 1
113 149 1
113 157 1
114 118 1
114 122 1
114 123 1
114 132 1
114 144 1
114 150 1
114 155 1
114 158 1
115 118 1
115 120 1
115 123 1
115 125 1
115 126 1
115 153 1
116 118 1
116 121 1
116 122 1
116 126 1
116 135 1
116 142 1
116 156 1
116 157 1
117 122 1
117 127 1
117 140 1
117 157 1
118 121 1
118 130 1
118 134 1
119 132 1
119 137 1
119 146 1
119 150 1
120 123 1
120 129 1
120 144 1
120 149 1
120 158 1
121 130 1
121 131 1
121 140 1
121 143 1
121 145 1
121 152 1
121 153 1
122 124 1
122 130 1
122 136 1
122 141 1
123 132 1
123 145 1
123 150 1
123 156 1
124 135 1
124 143 1
125 132 1
125 156 1
125 158 1
126 128 1
126 136 1
126 139 1
126 148 1
126 155 1
126 159 1
127 129 1
127 132 1
127 134 1
127 135 1
127 142 1
128 143 1
128 146 1
128 148 1
128 149 1
128 150 1
129 130 1
129 142 1
129 143 1
129 144 1
129 145 1
129 155 1
129 156 1
129 158 1
130 132 1
130 145 1
130 151 1
130 152 1
130 153 1
131 134 1
131 148 1
131 151 1
132 133 1
132 147 1
132 148 1
133 134 1
133 141 1
133 148 1
133 150 1
133 154 1
133 156 1
134 145 1
135 140 1
135 153 1
136 137 1
137 147 1
137 149 1
137 157 1
137 159 1
138 139 1
138 142 1
138 157 1
138 159 1
139 141 1
139 143 1
139 148 1
139 153 1
140 141 1
140 143 1
142 150 1
142 158 1
143 147 1
145 147 1
145 156 1
145 157 1
147 149 1
147 156 1
148 153 1
149 156 1
150 156 1
152 154 1
152 157 1
153 155 1
1
64 97 3 87 23 155 76 25 12 63 136 96 46 83 100 148
