2019
0 27 1
0 29 1
0 52 1
0 61 1
0 67 1
0 79 1
0 83 1
0 104 1
0 110 1
0 112 1
0 115 1
0 119 1
0 122 1
0 124 1
0 134 1
0 139 1
0 140 1
0 144 1
0 149 1
0 152 1
0 159 1
0 185 1
0 188 1
1 15 1
1 25 1
1 31 1
1 38 1
1 44 1
1 47 1
1 62 1
1 68 1
1 69 1
1 82 1
1 89 1
1 92 1
1 104 1
1 109 1
1 121 1
1 125 1
1 126 1
1 128 1
1 134 1
1 137 1
1 143 1
1 145 1
1 151 1
1 164 1
1 179 1
1 181 1
1 185 1
1 187 1
2 16 1
2 42 1
2 45 1
2 60 1
2 65 1
2 66 1
2 68 1
2 73 1
2 82 1
2 89 1
2 108 1
2 118 1
2 136 1
2 138 1
2 145 1
2 157 1
2 172 1
2 178 1
2 181 1
3 5 1
3 8 1
3 15 1
3 28 1
3 31 1
3 35 1
3 36 1
3 41 1
3 45 1
3 47 1
3 67 1
3 69 1
3 74 1
3 89 1
3 115 1
3 128 1
3 130 1
3 138 1
3 143 1
3 151 1
3 164 1
3 184 1
4 11 1
4 33 1
4 38 1
4 41 1
4 47 1
4 52 1
4 55 1
4 57 1
4 58 1
4 66 1
4 73 1
4 74 1
4 75 1
4 100 1
4 106 1
4 107 1
4 123 1
4 126 1
4 127 1
4 140 1
4 149 1
4 154 1
4 158 1
4 164 1
4 172 1
4 181 1
5 25 1
5 47 1
5 52 1
5 57 1
5 74 1
5 80 1
5 97 1
5 99 1
5 131 1
5 132 1
5 133 1
5 137 1
5 140 1
5 154 1
5 155 1
5 161 1
5 169 1
5 176 1
5 180 1
6 7 1
6 13 1
6 32 1
6 33 1
6 47 1
6 50 1
6 54 1
6 96 1
6 105 1
6 116 1
6 120 1
6 129 1
6 131 1
6 134 1
6 138 1
6 140 1
6 141 1
6 144 1
6 145 1
6 148 1
6 150 1
6 165 1
6 174 1
6 184 1
6 189 1
7 11 1
7 17 1
7 24 1
7 33 1
7 39 1
7 56 1
7 63 1
7 78 1
7 83 1
7 85 1
7 116 1
7 125 1
7 136 1
7 138 1
7 142 1
7 152 1
7 165 1
7 166 1
7 169 1
7 173 1
7 180 1
7 189 1
8 17 1
8 22 1
8 53 1
8 63 1
8 64 1
8 73 1
8 78 1
8 88 1
8 93 1
8 117 1
8 121 1
8 135 1
8 137 1
8 171 1
8 176 1
8 177 1
8 178 1
8 184 1
8 189 1
9 10 1
9 15 1
9 18 1
9 22 1
9 23 1
9 31 1
9 35 1
9 42 1
9 51 1
9 61 1
9 67 1
9 92 1
9 103 1
9 109 1
9 116 1
9 119 1
9 122 1
9 147 1
9 149 1
9 151 1
9 152 1
9 154 1
9 160 1
9 170 1
9 173 1
9 184 1
10 33 1
10 35 1
10 65 1
10 66 1
10 111 1
10 112 1
10 125 1
10 143 1
10 184 1
11 18 1
11 20 1
11 22 1
11 46 1
11 56 1
11 65 1
11 66 1
11 73 1
11 85 1
11 107 1
11 114 1
11 120 1
11 121 1
11 124 1
11 125 1
11 128 1
11 148 1
11 158 1
11 161 1
11 171 1
11 174 1
11 176 1
11 177 1
12 21 1
12 31 1
12 35 1
12 48 1
12 52 1
12 58 1
12 100 1
12 117 1
12 151 1
12 157 1
12 167 1
12 178 1
12 179 1
12 180 1
12 181 1
12 182 1
13 18 1
13 35 1
13 44 1
13 49 1
13 56 1
13 73 1
13 77 1
13 81 1
13 92 1
13 95 1
13 109 1
13 124 1
13 134 1
13 137 1
13 152 1
13 169 1
13 171 1
14 33 1
14 36 1
14 53 1
14 55 1
14 67 1
14 69 1
14 73 1
14 76 1
14 81 1
14 85 1
14 106 1
14 112 1
14 114 1
14 115 1
14 116 1
14 127 1
14 128 1
14 135 1
14 137 1
14 139 1
14 149 1
14 151 1
14 152 1
14 158 1
14 165 1
14 181 1
14 187 1
15 29 1
15 62 1
15 68 1
15 71 1
15 73 1
15 85 1
15 90 1
15 92 1
15 95 1
15 100 1
15 128 1
15 136 1
15 137 1
15 138 1
15 152 1
15 175 1
15 185 1
16 17 1
16 19 1
16 23 1
16 30 1
16 68 1
16 89 1
16 91 1
16 99 1
16 109 1
16 113 1
16 122 1
16 153 1
16 158 1
16 169 1
16 183 1
16 188 1
17 25 1
17 27 1
17 38 1
17 39 1
17 41 1
17 51 1
17 74 1
17 76 1
17 86 1
17 99 1
17 111 1
17 114 1
17 128 1
17 145 1
17 166 1
17 170 1
17 172 1
17 185 1
18 47 1
18 54 1
18 65 1
18 66 1
18 73 1
18 82 1
18 96 1
18 102 1
18 116 1
18 119 1
18 121 1
18 122 1
18 129 1
18 130 1
18 131 1
18 140 1
18 150 1
18 166 1
18 172 1
18 184 1
18 188 1
19 32 1
19 34 1
19 62 1
19 64 1
19 70 1
19 85 1
19 99 1
19 105 1
19 134 1
19 139 1
19 148 1
19 153 1
19 175 1
20 24 1
20 26 1
20 32 1
20 41 1
20 48 1
20 59 1
20 67 1
20 75 1
20 87 1
20 105 1
20 115 1
20 122 1
20 123 1
20 126 1
20 130 1
20 150 1
20 186 1
21 28 1
21 29 1
21 81 1
21 97 1
21 99 1
21 102 1
21 108 1
21 115 1
21 131 1
21 134 1
21 137 1
21 147 1
21 151 1
21 152 1
21 158 1
21 159 1
21 163 1
21 166 1
21 188 1
22 23 1
22 24 1
22 29 1
22 35 1
22 47 1
22 52 1
22 55 1
22 63 1
22 81 1
22 89 1
22 102 1
22 103 1
22 107 1
22 109 1
22 112 1
22 113 1
22 119 1
22 131 1
22 132 1
22 136 1
22 141 1
22 152 1
22 161 1
22 162 1
22 167 1
22 170 1
22 180 1
22 186 1
22 188 1
23 28 1
23 34 1
23 39 1
23 47 1
23 55 1
23 84 1
23 93 1
23 95 1
23 100 1
23 102 1
23 110 1
23 128 1
23 129 1
23 154 1
23 155 1
23 169 1
23 173 1
23 181 1
23 183 1
23 185 1
23 186 1
24 28 1
24 29 1
24 49 1
24 52 1
24 57 1
24 76 1
24 82 1
24 88 1
24 96 1
24 107 1
24 112 1
24 156 1
24 160 1
24 168 1
24 175 1
24 178 1
24 183 1
24 185 1
25 38 1
25 41 1
25 49 1
25 53 1
25 71 1
25 72 1
25 76 1
25 84 1
25 89 1
25 104 1
25 106 1
25 110 1
25 125 1
25 133 1
25 144 1
25 147 1
25 148 1
25 156 1
25 169 1
25 179 1
26 29 1
26 34 1
26 35 1
26 113 1
26 134 1
26 150 1
26 154 1
26 161 1
26 168 1
26 174 1
26 182 1
26 187 1
27 32 1
27 33 1
27 41 1
27 50 1
27 69 1
27 81 1
27 104 1
27 109 1
27 122 1
27 128 1
27 151 1
27 154 1
27 158 1
27 159 1
27 175 1
27 176 1
27 178 1
27 180 1
27 188 1
28 34 1
28 35 1
28 53 1
28 55 1
28 62 1
28 70 1
28 72 1
28 74 1
28 99 1
28 114 1
28 127 1
28 141 1
28 146 1
28 151 1
28 160 1
28 165 1
28 166 1
28 167 1
28 172 1
28 182 1
28 186 1
28 189 1
29 45 1
29 81 1
29 107 1
29 109 1
29 113 1
29 114 1
29 149 1
29 153 1
29 155 1
29 173 1
29 189 1
30 46 1
30 57 1
30 60 1
30 64 1
30 69 1
30 73 1
30 76 1
30 80 1
30 91 1
30 109 1
30 123 1
30 131 1
30 145 1
30 154 1
30 161 1
30 176 1
30 180 1
30 181 1
30 187 1
31 33 1
31 43 1
31 70 1
31 78 1
31 81 1
31 83 1
31 96 1
31 104 1
31 105 1
31 106 1
31 107 1
31 114 1
31 121 1
31 123 1
31 150 1
31 151 1
31 177 1
31 181 1
32 34 1
32 36 1
32 41 1
32 44 1
32 58 1
32 59 1
32 66 1
32 67 1
32 91 1
32 97 1
32 99 1
32 110 1
32 133 1
32 135 1
32 165 1
32 170 1
32 172 1
32 180 1
32 185 1
33 38 1
33 46 1
33 51 1
33 58 1
33 61 1
33 62 1
33 63 1
33 67 1
33 71 1
33 75 1
33 76 1
33 82 1
33 86 1
33 110 1
33 135 1
33 143 1
33 148 1
33 162 1
33 166 1
33 171 1
34 36 1
34 40 1
34 63 1
34 67 1
34 70 1
34 83 1
34 85 1
34 87 1
34 103 1
34 112 1
34 127 1
34 129 1
34 130 1
34 137 1
34 145 1
34 147 1
34 152 1
34 167 1
34 171 1
34 174 1
34 179 1
34 180 1
35 41 1
35 60 1
35 62 1
35 64 1
35 76 1
35 99 1
35 100 1
35 104 1
35 109 1
35 130 1
35 135 1
35 137 1
35 138 1
35 140 1
35 142 1
35 144 1
35 145 1
35 149 1
35 157 1
35 166 1
36 40 1
36 52 1
36 54 1
36 60 1
36 63 1
36 78 1
36 87 1
36 101 1
36 119 1
36 122 1
36 148 1
36 150 1
36 153 1
36 172 1
36 176 1
37 40 1
37 44 1
37 47 1
37 65 1
37 71 1
37 73 1
37 85 1
37 87 1
37 109 1
37 113 1
37 141 1
37 156 1
38 52 1
38 58 1
38 77 1
38 86 1
38 94 1
38 100 1
38 131 1
38 132 1
38 173 1
39 67 1
39 91 1
39 107 1
39 112 1
39 113 1
39 127 1
39 167 1
39 169 1
39 172 1
39 184 1
39 186 1
39 189 1
40 61 1
40 81 1
40 90 1
40 96 1
40 105 1
40 112 1
40 118 1
40 121 1
40 150 1
40 160 1
40 162 1
40 165 1
40 171 1
40 177 1
40 181 1
41 45 1
41 69 1
41 79 1
41 86 1
41 102 1
41 114 1
41 119 1
41 156 1
41 169 1
41 174 1
41 175 1
41 182 1
42 44 1
42 46 1
42 58 1
42 59 1
42 62 1
42 72 1
42 82 1
42 91 1
42 93 1
42 95 1
42 96 1
42 104 1
42 117 1
42 131 1
42 137 1
42 138 1
42 148 1
42 152 1
42 159 1
42 162 1
42 165 1
42 172 1
42 178 1
42 181 1
43 66 1
43 82 1
43 84 1
43 85 1
43 99 1
43 102 1
43 112 1
43 123 1
43 125 1
43 135 1
43 169 1
43 184 1
44 51 1
44 52 1
44 61 1
44 100 1
44 103 1
44 110 1
44 117 1
44 127 1
44 128 1
44 134 1
44 154 1
44 164 1
44 165 1
44 173 1
45 49 1
45 52 1
45 70 1
45 80 1
45 81 1
45 82 1
45 92 1
45 93 1
45 97 1
45 105 1
45 116 1
45 119 1
45 140 1
45 143 1
45 147 1
45 149 1
45 160 1
45 168 1
45 187 1
46 50 1
46 69 1
46 75 1
46 77 1
46 79 1
46 103 1
46 113 1
46 115 1
46 122 1
46 132 1
46 135 1
46 138 1
46 143 1
46 157 1
46 162 1
46 168 1
46 172 1
46 185 1
46 187 1
47 50 1
47 69 1
47 70 1
47 71 1
47 84 1
47 86 1
47 87 1
47 93 1
47 94 1
47 99 1
47 109 1
47 111 1
47 117 1
47 127 1
47 134 1
47 135 1
47 156 1
47 166 1
47 180 1
47 189 1
48 61 1
48 65 1
48 73 1
48 88 1
48 113 1
48 117 1
48 121 1
48 125 1
48 130 1
48 133 1
48 145 1
48 149 1
48 165 1
48 172 1
49 52 1
49 60 1
49 93 1
49 95 1
49 96 1
49 110 1
49 118 1
49 151 1
49 156 1
49 157 1
49 174 1
49 187 1
50 59 1
50 75 1
50 80 1
50 90 1
50 95 1
50 102 1
50 109 1
50 118 1
50 126 1
50 134 1
50 141 1
50 150 1
50 154 1
50 165 1
50 171 1
50 177 1
50 179 1
50 180 1
50 187 1
50 188 1
51 57 1
51 76 1
51 81 1
51 84 1
51 87 1
51 91 1
51 94 1
51 103 1
51 105 1
51 115 1
51 128 1
51 134 1
51 164 1
51 172 1
51 175 1
51 177 1
51 180 1
51 189 1
52 78 1
52 79 1
52 85 1
52 93 1
52 100 1
52 107 1
52 108 1
52 111 1
52 144 1
52 177 1
53 65 1
53 73 1
53 81 1
53 84 1
53 92 1
53 110 1
53 121 1
53 124 1
53 138 1
53 144 1
53 150 1
53 169 1
53 175 1
53 187 1
54 75 1
54 95 1
54 98 1
54 121 1
54 132 1
54 160 1
54 164 1
54 189 1
55 69 1
55 74 1
55 92 1
55 96 1
55 103 1
55 109 1
55 116 1
55 128 1
55 129 1
55 130 1
55 135 1
55 144 1
55 151 1
55 156 1
55 166 1
55 178 1
55 183 1
56 65 1
56 81 1
56 82 1
56 88 1
56 108 1
56 112 1
56 118 1
56 124 1
56 132 1
56 133 1
56 153 1
56 154 1
56 163 1
56 167 1
56 174 1
56 188 1
56 189 1
57 58 1
57 64 1
57 65 1
57 68 1
57 96 1
57 111 1
57 121 1
57 124 1
57 128 1
57 151 1
57 158 1
57 164 1
57 167 1
57 178 1
57 185 1
58 61 1
58 86 1
58 91 1
58 97 1
58 100 1
58 102 1
58 109 1
58 119 1
58 120 1
58 124 1
58 128 1
58 138 1
58 143 1
58 147 1
58 163 1
58 167 1
58 185 1
59 62 1
59 67 1
59 72 1
59 81 1
59 91 1
59 93 1
59 98 1
59 101 1
59 104 1
59 105 1
59 107 1
59 115 1
59 116 1
59 121 1
59 131 1
59 139 1
59 140 1
59 143 1
59 144 1
59 159 1
59 165 1
59 178 1
59 187 1
60 82 1
60 92 1
60 98 1
60 115 1
60 121 1
60 150 1
60 160 1
60 165 1
60 167 1
60 175 1
60 181 1
60 187 1
60 189 1
61 75 1
61 88 1
61 100 1
61 106 1
61 112 1
61 126 1
61 139 1
61 140 1
61 143 1
61 148 1
61 158 1
61 183 1
61 186 1
61 189 1
62 64 1
62 68 1
62 71 1
62 73 1
62 76 1
62 80 1
62 93 1
62 95 1
62 100 1
62 107 1
62 111 1
62 115 1
62 145 1
62 162 1
62 163 1
63 80 1
63 85 1
63 100 1
63 101 1
63 110 1
63 112 1
63 141 1
63 156 1
63 171 1
63 188 1
64 77 1
64 81 1
64 91 1
64 112 1
64 128 1
64 130 1
64 140 1
64 141 1
64 142 1
64 149 1
64 150 1
64 161 1
64 179 1
64 181 1
65 68 1
65 69 1
65 95 1
65 112 1
65 118 1
65 122 1
65 131 1
65 144 1
65 157 1
65 162 1
65 171 1
65 181 1
65 183 1
66 80 1
66 90 1
66 92 1
66 94 1
66 103 1
66 116 1
66 123 1
66 131 1
66 159 1
66 162 1
66 163 1
66 166 1
66 180 1
66 185 1
66 186 1
67 70 1
67 88 1
67 93 1
67 107 1
67 112 1
67 133 1
67 139 1
67 142 1
67 143 1
67 144 1
67 156 1
68 69 1
68 83 1
68 85 1
68 95 1
68 105 1
68 140 1
68 143 1
68 153 1
68 154 1
68 155 1
68 159 1
68 165 1
68 172 1
68 175 1
68 180 1
69 75 1
69 81 1
69 85 1
69 93 1
69 102 1
69 115 1
69 120 1
69 129 1
69 157 1
69 181 1
70 77 1
70 82 1
70 85 1
70 98 1
70 100 1
70 113 1
70 115 1
70 118 1
70 120 1
70 134 1
70 152 1
70 162 1
70 164 1
70 168 1
70 171 1
70 183 1
71 86 1
71 113 1
71 114 1
71 119 1
71 132 1
71 149 1
71 170 1
71 172 1
71 182 1
71 183 1
71 186 1
72 74 1
72 77 1
72 89 1
72 95 1
72 96 1
72 97 1
72 99 1
72 123 1
72 124 1
72 126 1
72 143 1
72 158 1
72 176 1
72 185 1
73 85 1
73 95 1
73 112 1
73 113 1
73 124 1
73 128 1
73 146 1
73 166 1
73 171 1
73 173 1
73 181 1
73 182 1
74 91 1
74 100 1
74 105 1
74 109 1
74 112 1
74 120 1
74 123 1
74 124 1
74 129 1
74 131 1
74 143 1
74 149 1
74 162 1
74 165 1
74 181 1
74 187 1
75 76 1
75 78 1
75 90 1
75 97 1
75 99 1
75 130 1
75 131 1
75 135 1
75 146 1
75 164 1
75 179 1
75 181 1
75 186 1
76 82 1
76 85 1
76 88 1
76 92 1
76 101 1
76 130 1
76 157 1
76 170 1
76 180 1
76 182 1
76 185 1
76 187 1
76 189 1
77 81 1
77 87 1
77 99 1
77 101 1
77 117 1
77 131 1
77 157 1
77 163 1
77 167 1
77 181 1
77 183 1
77 185 1
77 186 1
78 87 1
78 93 1
78 98 1
78 99 1
78 127 1
78 130 1
78 134 1
78 142 1
78 150 1
78 152 1
78 160 1
78 164 1
79 84 1
79 95 1
79 112 1
79 129 1
79 131 1
79 151 1
79 156 1
79 161 1
79 168 1
79 180 1
79 185 1
80 84 1
80 100 1
80 115 1
80 117 1
80 123 1
80 126 1
80 137 1
80 157 1
80 166 1
80 182 1
80 183 1
80 186 1
81 84 1
81 91 1
81 93 1
81 94 1
81 108 1
81 127 1
81 130 1
81 135 1
81 139 1
81 141 1
81 149 1
81 158 1
81 169 1
81 174 1
81 175 1
81 179 1
81 180 1
81 188 1
82 83 1
82 95 1
82 97 1
82 113 1
82 118 1
82 119 1
82 125 1
82 133 1
82 143 1
82 145 1
82 149 1
82 155 1
82 156 1
82 157 1
82 171 1
82 174 1
82 179 1
82 181 1
82 186 1
83 96 1
83 101 1
83 104 1
83 109 1
83 113 1
83 115 1
83 129 1
83 131 1
83 141 1
83 158 1
83 160 1
83 161 1
83 165 1
83 166 1
83 183 1
83 186 1
83 189 1
84 91 1
84 95 1
84 101 1
84 109 1
84 118 1
84 122 1
84 127 1
84 135 1
84 164 1
84 176 1
85 101 1
85 121 1
85 125 1
85 130 1
85 135 1
85 158 1
85 166 1
85 170 1
85 175 1
85 179 1
85 183 1
86 94 1
86 100 1
86 104 1
86 110 1
86 111 1
86 118 1
86 146 1
86 147 1
86 189 1
87 93 1
87 102 1
87 110 1
87 148 1
87 158 1
87 159 1
87 169 1
88 92 1
88 97 1
88 102 1
88 105 1
88 117 1
88 124 1
88 126 1
88 129 1
88 132 1
88 135 1
88 146 1
88 151 1
88 169 1
89 93 1
89 96 1
89 98 1
89 105 1
89 107 1
89 120 1
89 122 1
89 127 1
89 128 1
89 131 1
89 140 1
89 147 1
89 160 1
89 166 1
89 171 1
90 99 1
90 100 1
90 117 1
90 136 1
90 139 1
90 155 1
90 174 1
90 176 1
90 188 1
91 104 1
91 107 1
91 109 1
91 118 1
91 150 1
91 153 1
91 176 1
91 187 1
92 104 1
92 147 1
92 154 1
92 159 1
92 174 1
92 179 1
92 181 1
92 185 1
93 95 1
93 99 1
93 106 1
93 118 1
93 120 1
93 133 1
93 155 1
93 160 1
93 183 1
93 185 1
93 189 1
94 97 1
94 119 1
94 125 1
94 126 1
94 135 1
94 136 1
94 142 1
94 153 1
94 168 1
94 169 1
94 173 1
94 189 1
95 112 1
95 122 1
95 127 1
95 129 1
95 131 1
95 142 1
95 146 1
95 147 1
95 165 1
95 183 1
96 97 1
96 101 1
96 119 1
96 129 1
96 140 1
96 169 1
96 178 1
96 183 1
97 109 1
97 114 1
97 118 1
97 122 1
97 123 1
97 124 1
97 147 1
97 156 1
98 105 1
98 115 1
98 116 1
98 117 1
98 124 1
98 125 1
98 138 1
98 152 1
98 181 1
99 103 1
99 104 1
99 105 1
99 113 1
99 131 1
99 135 1
99 148 1
99 163 1
100 101 1
100 105 1
100 148 1
100 155 1
100 158 1
100 167 1
100 173 1
100 178 1
100 185 1
100 189 1
101 111 1
101 115 1
101 122 1
101 123 1
101 132 1
101 144 1
101 147 1
101 157 1
101 160 1
102 112 1
102 123 1
102 127 1
102 141 1
102 152 1
102 157 1
102 166 1
102 173 1
102 184 1
102 188 1
103 125 1
103 136 1
103 146 1
103 147 1
103 170 1
103 178 1
103 179 1
103 182 1
103 188 1
104 106 1
104 121 1
104 143 1
104 147 1
104 161 1
104 175 1
104 183 1
104 187 1
105 110 1
105 113 1
105 121 1
105 139 1
105 144 1
105 147 1
105 148 1
105 150 1
105 153 1
105 158 1
105 159 1
105 178 1
105 179 1
105 186 1
106 115 1
106 117 1
106 118 1
106 126 1
106 152 1
106 162 1
106 169 1
106 185 1
107 121 1
107 131 1
107 136 1
107 149 1
107 152 1
107 159 1
107 163 1
107 168 1
107 172 1
107 176 1
107 182 1
108 139 1
108 147 1
108 169 1
108 173 1
108 174 1
108 189 1
109 128 1
109 131 1
109 145 1
109 173 1
109 174 1
109 176 1
109 177 1
110 111 1
110 122 1
110 130 1
110 144 1
110 161 1
110 174 1
110 180 1
110 187 1
111 113 1
111 116 1
111 118 1
111 121 1
111 124 1
111 128 1
111 144 1
111 147 1
111 155 1
111 158 1
111 159 1
111 167 1
111 170 1
111 180 1
112 122 1
112 123 1
112 125 1
112 129 1
112 131 1
112 133 1
112 134 1
112 136 1
112 143 1
112 150 1
112 164 1
112 165 1
112 173 1
113 123 1
113 130 1
113 135 1
113 143 1
113 151 1
113 152 1
113 156 1
113 167 1
113 179 1
113 184 1
114 131 1
114 142 1
114 164 1
114 166 1
114 170 1
114 171 1
114 174 1
114 177 1
114 178 1
114 185 1
114 189 1
115 124 1
115 129 1
115 149 1
115 158 1
115 160 1
115 161 1
115 182 1
115 183 1
115 184 1
116 118 1
116 146 1
116 150 1
116 155 1
116 156 1
116 161 1
116 164 1
116 173 1
116 175 1
116 177 1
117 123 1
117 163 1
117 165 1
118 124 1
118 125 1
118 141 1
118 148 1
118 169 1
118 175 1
119 135 1
119 142 1
119 176 1
119 180 1
120 122 1
120 139 1
120 140 1
120 151 1
120 167 1
120 179 1
120 186 1
120 187 1
120 188 1
121 124 1
121 125 1
121 131 1
121 140 1
121 141 1
121 169 1
121 174 1
121 178 1
121 180 1
121 182 1
121 183 1
122 133 1
122 152 1
122 155 1
122 163 1
122 165 1
122 166 1
122 175 1
122 180 1
122 184 1
122 185 1
122 188 1
123 138 1
123 156 1
123 162 1
123 171 1
123 180 1
123 182 1
123 185 1
123 189 1
124 129 1
124 150 1
124 153 1
124 174 1
125 126 1
125 152 1
125 159 1
125 173 1
125 181 1
126 138 1
126 144 1
126 150 1
126 159 1
126 161 1
126 166 1
126 175 1
126 176 1
126 179 1
127 138 1
127 139 1
127 145 1
127 147 1
127 157 1
127 159 1
127 170 1
128 143 1
128 151 1
128 154 1
128 158 1
128 189 1
129 130 1
129 149 1
129 167 1
129 171 1
129 186 1
130 145 1
130 151 1
130 155 1
130 158 1
130 172 1
130 176 1
131 132 1
131 133 1
131 134 1
131 144 1
131 145 1
131 173 1
131 186 1
131 187 1
131 189 1
132 158 1
132 162 1
132 184 1
132 185 1
132 187 1
133 145 1
133 156 1
133 173 1
133 182 1
134 145 1
134 152 1
134 157 1
134 171 1
134 176 1
134 181 1
135 143 1
135 146 1
135 166 1
135 172 1
135 174 1
135 177 1
135 185 1
136 137 1
136 147 1
136 157 1
136 164 1
136 169 1
136 174 1
136 176 1
136 179 1
137 140 1
137 145 1
137 162 1
137 187 1
137 189 1
138 163 1
138 164 1
138 178 1
139 154 1
139 159 1
139 183 1
140 149 1
140 153 1
140 166 1
140 172 1
140 188 1
140 189 1
141 147 1
141 148 1
141 163 1
141 175 1
141 183 1
141 184 1
141 185 1
141 188 1
142 145 1
142 149 1
142 152 1
142 155 1
142 171 1
142 172 1
142 175 1
142 179 1
142 181 1
143 145 1
143 150 1
143 156 1
143 165 1
143 167 1
143 176 1
143 187 1
143 189 1
144 150 1
144 153 1
144 154 1
144 162 1
144 167 1
144 168 1
144 175 1
144 178 1
144 179 1
144 181 1
145 159 1
145 166 1
145 176 1
145 180 1
145 188 1
146 148 1
146 167 1
146 168 1
146 181 1
146 182 1
146 187 1
147 151 1
147 155 1
147 169 1
147 174 1
148 178 1
148 179 1
149 150 1
149 157 1
149 163 1
149 166 1
149 168 1
149 173 1
150 172 1
150 176 1
150 185 1
151 157 1
151 165 1
151 169 1
151 181 1
151 184 1
153 171 1
153 176 1
153 180 1
153 189 1
154 163 1
154 169 1
154 180 1
154 184 1
154 186 1
155 162 1
155 163 1
156 165 1
156 171 1
156 178 1
156 184 1
157 165 1
157 182 1
158 161 1
158 181 1
158 182 1
158 184 1
158 186 1
159 167 1
159 173 1
159 181 1
159 185 1
159 186 1
160 162 1
160 180 1
161 171 1
161 180 1
161 182 1
161 185 1
161 188 1
162 165 1
162 166 1
162 167 1
162 177 1
162 178 1
162 180 1
162 184 1
163 166 1
163 181 1
164 178 1
164 183 1
164 185 1
165 170 1
165 172 1
165 178 1
165 189 1
166 185 1
167 171 1
167 189 1
168 171 1
168 177 1
168 178 1
169 177 1
169 180 1
169 183 1
170 172 1
170 185 1
171 182 1
172 175 1
174 178 1
176 180 1
178 187 1
179 181 1
180 186 1
181 186 1
181 187 1
181 188 1
182 188 1
183 188 1
184 189 1
1
152 47 43 138 60 9 148 42 17 65 171 34 163 114 5 69 49 108 67
