933
0 4 1
0 8 1
0 9 1
0 18 1
0 28 1
0 30 1
0 36 1
0 37 1
0 42 1
0 43 1
0 53 1
0 67 1
0 70 1
0 72 1
0 74 1
0 77 1
0 83 1
0 84 1
0 91 1
1 2 1
1 6 1
1 14 1
1 18 1
1 23 1
1 41 1
1 46 1
1 52 1
1 60 1
1 66 1
1 72 1
1 74 1
1 89 1
1 90 1
1 94 1
2 22 1
2 23 1
2 28 1
2 43 1
2 45 1
2 46 1
2 47 1
2 59 1
2 64 1
2 66 1
2 70 1
2 76 1
2 84 1
2 88 1
2 95 1
2 96 1
3 9 1
3 12 1
3 13 1
3 19 1
3 24 1
3 34 1
3 37 1
3 44 1
3 45 1
3 48 1
3 50 1
3 52 1
3 59 1
3 68 1
3 74 1
3 78 1
3 84 1
3 89 1
3 92 1
3 94 1
3 98 1
4 5 1
4 10 1
4 13 1
4 14 1
4 17 1
4 20 1
4 23 1
4 24 1
4 26 1
4 31 1
4 34 1
4 44 1
4 50 1
4 58 1
4 66 1
4 71 1
4 75 1
4 86 1
4 87 1
4 92 1
4 96 1
5 9 1
5 17 1
5 23 1
5 32 1
5 36 1
5 42 1
5 49 1
5 58 1
5 61 1
5 64 1
5 73 1
5 78 1
5 81 1
5 82 1
5 91 1
5 92 1
5 98 1
6 7 1
6 8 1
6 10 1
6 17 1
6 18 1
6 20 1
6 23 1
6 37 1
6 41 1
6 43 1
6 47 1
6 48 1
6 89 1
6 90 1
6 92 1
7 8 1
7 10 1
7 17 1
7 28 1
7 31 1
7 33 1
7 38 1
7 43 1
7 63 1
7 66 1
7 69 1
7 81 1
7 90 1
7 92 1
7 93 1
7 94 1
7 95 1
8 18 1
8 20 1
8 56 1
8 60 1
8 65 1
8 66 1
8 75 1
8 77 1
8 80 1
8 83 1
8 85 1
8 94 1
8 95 1
9 14 1
9 15 1
9 17 1
9 19 1
9 21 1
9 24 1
9 26 1
9 36 1
9 38 1
9 44 1
9 53 1
9 54 1
9 55 1
9 56 1
9 60 1
9 67 1
9 69 1
9 82 1
9 84 1
9 86 1
9 92 1
9 93 1
10 15 1
10 22 1
10 26 1
10 28 1
10 36 1
10 39 1
10 45 1
10 49 1
10 55 1
10 57 1
10 59 1
10 68 1
10 75 1
10 82 1
10 88 1
10 92 1
11 14 1
11 15 1
11 21 1
11 28 1
11 31 1
11 39 1
11 40 1
11 43 1
11 44 1
11 70 1
11 73 1
11 80 1
11 85 1
11 95 1
11 96 1
12 14 1
12 20 1
12 22 1
12 23 1
12 24 1
12 29 1
12 38 1
12 42 1
12 63 1
12 67 1
12 73 1
12 90 1
12 91 1
12 94 1
13 22 1
13 36 1
13 44 1
13 55 1
13 58 1
13 76 1
13 83 1
13 86 1
13 90 1
13 97 1
13 98 1
14 20 1
14 22 1
14 26 1
14 27 1
14 28 1
14 33 1
14 35 1
14 36 1
14 39 1
14 42 1
14 53 1
14 62 1
14 66 1
14 69 1
14 78 1
14 82 1
14 85 1
14 89 1
14 91 1
14 92 1
14 94 1
14 97 1
14 98 1
15 17 1
15 31 1
15 39 1
15 50 1
15 52 1
15 61 1
15 65 1
15 75 1
15 79 1
15 91 1
15 97 1
16 18 1
16 23 1
16 32 1
16 52 1
16 58 1
16 59 1
16 62 1
16 63 1
16 64 1
16 70 1
16 72 1
16 77 1
16 80 1
16 81 1
16 92 1
17 27 1
17 47 1
17 56 1
17 58 1
17 60 1
17 89 1
17 98 1
18 21 1
18 23 1
18 32 1
18 39 1
18 40 1
18 55 1
18 58 1
18 63 1
18 69 1
18 70 1
18 71 1
18 82 1
18 96 1
18 98 1
19 21 1
19 24 1
19 25 1
19 28 1
19 43 1
19 49 1
19 53 1
19 63 1
19 71 1
19 73 1
19 79 1
19 81 1
19 82 1
19 86 1
19 88 1
19 96 1
19 97 1
19 98 1
19 99 1
20 24 1
20 25 1
20 35 1
20 36 1
20 48 1
20 54 1
20 55 1
20 61 1
20 62 1
20 64 1
20 70 1
20 71 1
20 79 1
20 80 1
20 86 1
20 93 1
20 96 1
20 98 1
21 26 1
21 30 1
21 35 1
21 36 1
21 42 1
21 49 1
21 50 1
21 56 1
21 63 1
21 70 1
21 81 1
21 82 1
21 84 1
21 85 1
21 93 1
22 39 1
22 41 1
22 48 1
22 51 1
22 53 1
22 55 1
22 57 1
22 60 1
22 77 1
22 81 1
22 87 1
22 91 1
22 93 1
22 95 1
23 28 1
23 41 1
23 43 1
23 56 1
23 57 1
23 60 1
23 64 1
23 67 1
23 71 1
23 73 1
23 74 1
23 80 1
23 82 1
23 94 1
23 98 1
24 27 1
24 28 1
24 29 1
24 43 1
24 45 1
24 47 1
24 51 1
24 56 1
24 73 1
24 78 1
24 87 1
24 96 1
24 97 1
25 29 1
25 31 1
25 36 1
25 43 1
25 44 1
25 49 1
25 51 1
25 65 1
25 66 1
25 73 1
25 80 1
25 83 1
25 98 1
26 27 1
26 50 1
26 56 1
26 59 1
26 62 1
26 68 1
26 71 1
26 79 1
26 84 1
26 86 1
26 88 1
26 94 1
26 99 1
27 33 1
27 40 1
27 46 1
27 61 1
27 65 1
27 72 1
27 79 1
27 85 1
27 88 1
27 99 1
28 30 1
28 32 1
28 35 1
28 46 1
28 48 1
28 50 1
28 58 1
28 61 1
28 64 1
28 67 1
28 74 1
28 75 1
28 78 1
28 80 1
28 82 1
28 88 1
28 89 1
28 93 1
28 95 1
28 97 1
29 31 1
29 32 1
29 35 1
29 43 1
29 47 1
29 51 1
29 53 1
29 54 1
29 60 1
29 70 1
29 77 1
29 86 1
29 94 1
30 32 1
30 36 1
30 39 1
30 52 1
30 55 1
30 58 1
30 67 1
30 68 1
30 70 1
30 74 1
30 99 1
31 34 1
31 50 1
31 53 1
31 55 1
31 63 1
31 74 1
31 88 1
31 91 1
31 93 1
31 96 1
32 34 1
32 35 1
32 45 1
32 55 1
32 57 1
32 59 1
32 63 1
32 68 1
32 72 1
32 75 1
32 85 1
32 90 1
32 93 1
32 94 1
33 35 1
33 52 1
33 55 1
33 58 1
33 60 1
33 69 1
33 72 1
33 74 1
33 84 1
33 85 1
33 99 1
34 41 1
34 47 1
34 50 1
34 51 1
34 52 1
34 61 1
34 63 1
34 75 1
34 77 1
34 81 1
34 82 1
34 87 1
34 92 1
34 95 1
35 51 1
35 53 1
35 65 1
35 85 1
35 87 1
35 97 1
36 40 1
36 49 1
36 56 1
36 63 1
36 70 1
36 72 1
36 74 1
36 86 1
36 91 1
36 99 1
37 41 1
37 46 1
37 52 1
37 53 1
37 58 1
37 63 1
37 64 1
37 66 1
37 68 1
37 69 1
37 71 1
37 73 1
37 74 1
37 81 1
37 84 1
37 90 1
38 44 1
38 62 1
38 64 1
38 68 1
38 73 1
38 74 1
38 75 1
38 79 1
38 80 1
38 85 1
38 90 1
38 94 1
39 44 1
39 47 1
39 49 1
39 54 1
39 62 1
39 64 1
39 73 1
39 74 1
39 76 1
39 80 1
39 83 1
39 85 1
39 86 1
39 90 1
39 96 1
39 97 1
40 41 1
40 46 1
40 47 1
40 55 1
40 58 1
40 59 1
40 73 1
40 75 1
40 81 1
40 83 1
40 84 1
40 90 1
40 92 1
40 96 1
41 43 1
41 48 1
41 51 1
41 52 1
41 60 1
41 63 1
41 67 1
41 73 1
41 82 1
41 94 1
41 98 1
42 50 1
42 56 1
42 60 1
42 61 1
42 63 1
42 64 1
42 66 1
42 75 1
42 76 1
42 79 1
42 91 1
42 94 1
43 57 1
43 58 1
43 69 1
43 80 1
43 82 1
43 93 1
44 48 1
44 49 1
44 52 1
44 54 1
44 55 1
44 64 1
44 65 1
44 67 1
44 68 1
44 69 1
44 72 1
44 79 1
44 83 1
44 85 1
44 92 1
44 93 1
44 95 1
45 50 1
45 51 1
45 55 1
45 57 1
45 62 1
45 71 1
45 73 1
45 75 1
45 78 1
45 90 1
45 95 1
46 62 1
46 70 1
46 73 1
46 79 1
46 81 1
46 85 1
46 92 1
46 94 1
47 49 1
47 50 1
47 57 1
47 62 1
47 64 1
47 85 1
47 87 1
47 90 1
48 49 1
48 59 1
48 66 1
48 67 1
48 68 1
48 74 1
48 78 1
48 82 1
48 83 1
48 96 1
49 54 1
49 70 1
49 72 1
49 79 1
49 86 1
49 88 1
49 92 1
49 96 1
49 98 1
50 52 1
50 59 1
50 61 1
50 63 1
50 77 1
50 84 1
50 94 1
51 62 1
51 75 1
51 80 1
51 83 1
51 91 1
52 54 1
52 66 1
52 69 1
52 71 1
52 76 1
52 96 1
52 97 1
52 99 1
53 56 1
53 59 1
53 61 1
53 62 1
53 64 1
53 69 1
53 82 1
53 93 1
54 60 1
54 77 1
54 79 1
54 80 1
54 90 1
55 56 1
55 57 1
55 68 1
55 70 1
55 86 1
55 89 1
55 91 1
55 93 1
56 57 1
56 58 1
56 59 1
56 72 1
56 74 1
56 76 1
56 83 1
56 87 1
56 93 1
57 68 1
57 70 1
57 81 1
57 86 1
57 96 1
57 97 1
58 59 1
58 62 1
58 63 1
58 68 1
58 69 1
58 73 1
58 80 1
58 87 1
58 93 1
58 99 1
59 63 1
59 67 1
59 69 1
59 75 1
59 82 1
59 90 1
59 91 1
59 92 1
59 93 1
59 96 1
60 62 1
60 69 1
60 72 1
60 76 1
60 77 1
60 80 1
60 82 1
60 89 1
60 91 1
61 63 1
61 65 1
61 72 1
61 75 1
61 76 1
61 78 1
61 81 1
61 82 1
61 92 1
61 96 1
61 98 1
62 90 1
62 97 1
63 69 1
63 70 1
63 72 1
63 75 1
63 76 1
63 78 1
63 79 1
63 80 1
63 85 1
63 90 1
63 93 1
63 97 1
63 99 1
64 75 1
64 78 1
64 79 1
64 86 1
64 88 1
64 89 1
64 90 1
65 69 1
65 71 1
65 74 1
65 77 1
65 89 1
65 98 1
66 67 1
66 72 1
66 86 1
66 88 1
66 93 1
67 81 1
67 82 1
67 84 1
67 89 1
67 91 1
67 98 1
68 70 1
68 72 1
68 85 1
68 86 1
68 92 1
68 97 1
69 79 1
69 87 1
69 91 1
69 94 1
69 98 1
70 79 1
70 87 1
70 95 1
71 79 1
71 84 1
71 90 1
71 91 1
71 94 1
71 96 1
72 73 1
72 76 1
72 77 1
72 78 1
72 83 1
72 90 1
72 92 1
72 93 1
72 94 1
72 96 1
72 99 1
73 79 1
73 80 1
73 84 1
73 93 1
73 95 1
74 78 1
74 81 1
74 83 1
74 87 1
74 90 1
74 91 1
75 78 1
75 89 1
75 94 1
75 97 1
76 79 1
76 86 1
76 89 1
76 98 1
77 78 1
77 80 1
77 81 1
77 85 1
77 87 1
77 89 1
77 91 1
78 79 1
78 83 1
78 88 1
78 96 1
78 99 1
79 82 1
79 96 1
80 86 1
80 88 1
80 90 1
80 93 1
80 95 1
80 97 1
80 99 1
81 82 1
81 84 1
81 85 1
82 88 1
82 92 1
82 94 1
82 98 1
82 99 1
83 84 1
83 88 1
83 97 1
84 87 1
84 92 1
84 96 1
85 88 1
85 89 1
85 93 1
86 87 1
86 89 1
86 91 1
86 96 1
87 88 1
87 89 1
87 96 1
87 99 1
89 90 1
89 97 1
90 93 1
90 94 1
90 99 1
91 93 1
92 94 1
92 99 1
95 96 1
95 97 1
95 98 1
1
87 15 32 66 46 50 30 0 45 19
