998
0 33 1
0 36 1
0 44 1
0 65 1
0 67 1
0 77 1
0 79 1
0 81 1
0 83 1
0 87 1
0 92 1
0 96 1
0 99 1
0 101 1
0 103 1
0 108 1
1 2 1
1 4 1
1 8 1
1 38 1
1 51 1
1 58 1
1 78 1
1 86 1
1 92 1
2 11 1
2 12 1
2 22 1
2 32 1
2 36 1
2 48 1
2 53 1
2 57 1
2 68 1
2 69 1
2 75 1
2 81 1
2 83 1
2 85 1
2 89 1
2 91 1
2 97 1
2 107 1
3 18 1
3 20 1
3 22 1
3 23 1
3 37 1
3 39 1
3 42 1
3 49 1
3 50 1
3 59 1
3 63 1
3 88 1
3 89 1
3 95 1
3 98 1
3 100 1
3 102 1
3 108 1
4 8 1
4 13 1
4 35 1
4 42 1
4 56 1
4 60 1
4 61 1
4 71 1
4 74 1
4 81 1
4 89 1
4 96 1
4 97 1
4 103 1
4 107 1
5 8 1
5 15 1
5 23 1
5 26 1
5 32 1
5 37 1
5 42 1
5 43 1
5 58 1
5 61 1
5 86 1
5 93 1
5 105 1
6 9 1
6 11 1
6 14 1
6 17 1
6 52 1
6 60 1
6 77 1
6 88 1
6 89 1
6 100 1
6 104 1
6 106 1
7 9 1
7 17 1
7 18 1
7 30 1
7 39 1
7 47 1
7 48 1
7 49 1
7 50 1
7 54 1
7 59 1
7 61 1
7 69 1
7 73 1
7 79 1
7 87 1
7 90 1
7 100 1
7 101 1
7 104 1
7 109 1
8 12 1
8 22 1
8 29 1
8 32 1
8 35 1
8 46 1
8 53 1
8 58 1
8 65 1
8 66 1
8 67 1
8 75 1
8 84 1
8 97 1
8 102 1
9 26 1
9 33 1
9 34 1
9 52 1
9 53 1
9 55 1
9 56 1
9 58 1
9 63 1
9 84 1
9 91 1
9 96 1
9 99 1
9 101 1
9 104 1
10 16 1
10 19 1
10 36 1
10 46 1
10 57 1
10 64 1
10 72 1
10 74 1
10 79 1
10 84 1
10 98 1
10 105 1
10 107 1
11 17 1
11 19 1
11 25 1
11 43 1
11 46 1
11 48 1
11 53 1
11 55 1
11 57 1
11 64 1
11 83 1
11 105 1
12 15 1
12 17 1
12 19 1
12 23 1
12 36 1
12 41 1
12 46 1
12 47 1
12 52 1
12 54 1
12 62 1
12 72 1
12 74 1
12 79 1
12 80 1
12 84 1
12 85 1
12 89 1
12 92 1
12 94 1
13 21 1
13 26 1
13 27 1
13 39 1
13 40 1
13 45 1
13 46 1
13 48 1
13 58 1
13 59 1
13 62 1
13 79 1
13 82 1
13 94 1
13 106 1
14 17 1
14 20 1
14 22 1
14 34 1
14 53 1
14 61 1
14 64 1
14 66 1
14 67 1
14 69 1
14 73 1
14 83 1
14 89 1
14 90 1
14 91 1
14 95 1
14 96 1
14 99 1
14 108 1
15 16 1
15 20 1
15 32 1
15 50 1
15 59 1
15 82 1
15 99 1
15 104 1
15 108 1
16 17 1
16 20 1
16 24 1
16 35 1
16 40 1
16 44 1
16 49 1
16 63 1
16 75 1
16 77 1
16 95 1
16 109 1
17 27 1
17 48 1
17 51 1
17 61 1
17 67 1
17 70 1
17 78 1
17 80 1
17 81 1
17 94 1
17 104 1
17 105 1
18 20 1
18 21 1
18 57 1
18 64 1
18 68 1
18 76 1
18 80 1
18 82 1
18 86 1
18 88 1
18 90 1
18 93 1
18 94 1
18 97 1
18 99 1
19 24 1
19 28 1
19 31 1
19 37 1
19 43 1
19 46 1
19 50 1
19 53 1
19 57 1
19 59 1
19 62 1
19 66 1
19 72 1
19 80 1
19 95 1
19 97 1
19 102 1
19 105 1
20 28 1
20 37 1
20 38 1
20 43 1
20 44 1
20 49 1
20 53 1
20 55 1
20 57 1
20 61 1
20 75 1
20 76 1
20 77 1
20 84 1
20 85 1
20 93 1
20 96 1
20 97 1
20 101 1
20 106 1
21 22 1
21 31 1
21 37 1
21 50 1
21 53 1
21 55 1
21 67 1
21 68 1
21 70 1
21 72 1
21 81 1
21 83 1
21 87 1
21 91 1
21 94 1
21 98 1
22 31 1
22 34 1
22 37 1
22 38 1
22 50 1
22 52 1
22 55 1
22 68 1
22 76 1
22 78 1
22 83 1
22 85 1
22 90 1
22 92 1
22 94 1
22 99 1
22 102 1
23 30 1
23 32 1
23 38 1
23 44 1
23 46 1
23 49 1
23 61 1
23 64 1
23 66 1
23 71 1
23 83 1
23 86 1
23 94 1
23 107 1
23 108 1
24 29 1
24 35 1
24 36 1
24 37 1
24 47 1
24 48 1
24 54 1
24 57 1
24 61 1
24 68 1
24 71 1
24 72 1
24 73 1
24 75 1
24 80 1
24 81 1
24 88 1
24 89 1
24 90 1
24 92 1
24 107 1
25 29 1
25 43 1
25 50 1
25 53 1
25 54 1
25 67 1
25 72 1
25 90 1
25 93 1
25 94 1
25 104 1
25 105 1
26 28 1
26 34 1
26 38 1
26 49 1
26 62 1
26 63 1
26 64 1
26 87 1
26 90 1
26 94 1
26 105 1
26 107 1
26 109 1
27 32 1
27 34 1
27 36 1
27 39 1
27 40 1
27 52 1
27 54 1
27 61 1
27 63 1
27 67 1
27 74 1
27 76 1
27 88 1
27 99 1
27 100 1
27 107 1
28 41 1
28 45 1
28 46 1
28 49 1
28 53 1
28 55 1
28 57 1
28 59 1
28 63 1
28 64 1
28 65 1
28 67 1
28 70 1
28 75 1
28 86 1
28 96 1
28 99 1
29 33 1
29 34 1
29 35 1
29 50 1
29 53 1
29 59 1
29 61 1
29 80 1
29 84 1
29 88 1
29 89 1
29 98 1
29 102 1
29 108 1
30 32 1
30 33 1
30 43 1
30 45 1
30 47 1
30 51 1
30 54 1
30 57 1
30 72 1
30 74 1
30 79 1
30 80 1
30 87 1
30 88 1
30 92 1
30 93 1
30 98 1
30 108 1
31 46 1
31 54 1
31 56 1
31 59 1
31 60 1
31 63 1
31 69 1
31 74 1
31 80 1
31 98 1
32 43 1
32 57 1
32 68 1
32 81 1
32 82 1
32 86 1
32 95 1
32 99 1
33 58 1
33 66 1
33 67 1
33 68 1
33 71 1
33 74 1
33 94 1
33 97 1
33 105 1
34 43 1
34 50 1
34 55 1
34 67 1
34 69 1
34 73 1
34 83 1
34 95 1
34 99 1
34 101 1
34 102 1
34 105 1
34 107 1
35 37 1
35 44 1
35 47 1
35 50 1
35 60 1
35 63 1
35 69 1
35 73 1
35 74 1
35 76 1
35 90 1
35 92 1
35 103 1
36 37 1
36 38 1
36 44 1
36 51 1
36 54 1
36 58 1
36 74 1
36 76 1
36 79 1
36 83 1
36 84 1
36 86 1
36 92 1
36 93 1
36 95 1
36 106 1
37 44 1
37 47 1
37 51 1
37 59 1
37 71 1
37 78 1
37 88 1
37 95 1
37 101 1
38 41 1
38 47 1
38 48 1
38 53 1
38 56 1
38 63 1
38 69 1
38 77 1
38 83 1
38 95 1
38 96 1
38 99 1
38 101 1
38 106 1
38 107 1
39 40 1
39 41 1
39 43 1
39 45 1
39 46 1
39 47 1
39 49 1
39 60 1
39 74 1
39 92 1
39 97 1
39 98 1
39 105 1
39 108 1
40 44 1
40 45 1
40 46 1
40 49 1
40 52 1
40 67 1
40 82 1
40 85 1
40 96 1
40 97 1
40 105 1
40 109 1
41 43 1
41 46 1
41 53 1
41 54 1
41 58 1
41 61 1
41 66 1
41 67 1
41 68 1
41 75 1
41 80 1
41 91 1
41 97 1
41 100 1
41 106 1
41 107 1
42 43 1
42 48 1
42 52 1
42 58 1
42 72 1
42 75 1
42 76 1
42 81 1
42 84 1
43 45 1
43 46 1
43 48 1
43 52 1
43 55 1
43 56 1
43 57 1
43 59 1
43 73 1
43 78 1
43 82 1
43 93 1
43 95 1
43 97 1
43 101 1
44 45 1
44 47 1
44 52 1
44 64 1
44 69 1
44 70 1
44 72 1
44 86 1
44 87 1
44 88 1
44 93 1
44 97 1
44 102 1
45 47 1
45 62 1
45 63 1
45 68 1
45 69 1
45 77 1
45 84 1
45 92 1
45 106 1
45 107 1
46 65 1
46 70 1
46 78 1
46 79 1
46 83 1
46 89 1
46 91 1
46 94 1
46 95 1
46 100 1
46 102 1
46 103 1
47 54 1
47 58 1
47 59 1
47 64 1
47 71 1
47 72 1
47 82 1
47 90 1
47 99 1
48 51 1
48 57 1
48 66 1
48 72 1
48 73 1
48 77 1
48 92 1
48 96 1
49 52 1
49 56 1
49 63 1
49 66 1
49 72 1
49 78 1
49 87 1
49 92 1
50 59 1
50 60 1
50 63 1
50 75 1
50 90 1
50 102 1
50 107 1
51 52 1
51 56 1
51 63 1
51 65 1
51 68 1
51 73 1
51 81 1
51 87 1
51 89 1
51 101 1
51 105 1
51 109 1
52 54 1
52 57 1
52 59 1
52 61 1
52 62 1
52 64 1
52 70 1
52 77 1
52 89 1
52 93 1
52 94 1
52 107 1
53 67 1
53 77 1
53 79 1
53 86 1
53 94 1
53 100 1
53 103 1
53 107 1
53 108 1
54 64 1
54 65 1
54 70 1
54 77 1
54 78 1
54 80 1
54 81 1
54 83 1
54 89 1
54 91 1
54 103 1
55 60 1
55 76 1
55 82 1
55 84 1
55 89 1
55 92 1
55 102 1
56 58 1
56 62 1
56 77 1
56 82 1
56 84 1
56 89 1
56 91 1
56 96 1
56 102 1
56 104 1
56 106 1
57 59 1
57 62 1
57 65 1
57 66 1
57 67 1
57 71 1
57 78 1
57 84 1
57 86 1
57 89 1
57 106 1
58 64 1
58 76 1
58 77 1
58 78 1
58 80 1
58 82 1
58 88 1
58 92 1
58 100 1
58 107 1
59 64 1
59 70 1
59 80 1
59 84 1
59 91 1
59 93 1
59 100 1
59 102 1
59 105 1
59 107 1
59 108 1
60 63 1
60 71 1
60 94 1
60 103 1
61 71 1
61 73 1
61 76 1
61 78 1
61 85 1
61 88 1
61 89 1
61 103 1
61 106 1
62 68 1
62 73 1
62 81 1
62 85 1
62 87 1
62 94 1
63 66 1
63 80 1
63 83 1
63 97 1
63 99 1
63 100 1
63 101 1
63 105 1
63 106 1
64 65 1
64 72 1
64 80 1
64 87 1
64 92 1
64 93 1
65 74 1
65 83 1
65 96 1
65 98 1
65 108 1
66 68 1
66 71 1
66 72 1
66 81 1
66 82 1
66 86 1
66 98 1
66 101 1
67 69 1
67 76 1
67 82 1
67 86 1
67 100 1
67 101 1
67 103 1
67 106 1
68 75 1
68 76 1
68 85 1
68 96 1
68 103 1
68 104 1
68 105 1
68 106 1
68 107 1
69 83 1
69 86 1
69 89 1
69 93 1
69 102 1
69 109 1
70 77 1
70 88 1
70 90 1
70 94 1
70 100 1
71 73 1
71 81 1
71 93 1
71 94 1
71 96 1
71 108 1
72 96 1
72 108 1
73 79 1
73 81 1
73 85 1
73 88 1
73 101 1
74 75 1
74 78 1
74 79 1
74 80 1
74 81 1
74 83 1
74 92 1
74 94 1
75 76 1
75 82 1
75 84 1
75 89 1
75 99 1
75 105 1
76 91 1
76 92 1
76 95 1
76 102 1
77 81 1
77 85 1
77 95 1
77 97 1
77 107 1
78 80 1
78 82 1
78 88 1
78 90 1
78 94 1
78 98 1
79 82 1
79 83 1
79 84 1
79 87 1
79 92 1
79 96 1
79 106 1
79 108 1
80 85 1
80 87 1
80 89 1
80 93 1
80 98 1
80 101 1
80 106 1
81 83 1
81 91 1
81 95 1
81 97 1
81 101 1
81 105 1
82 101 1
82 103 1
82 106 1
83 100 1
83 106 1
84 94 1
84 106 1
84 109 1
85 89 1
85 102 1
85 108 1
86 87 1
86 88 1
86 92 1
86 107 1
87 89 1
87 103 1
87 105 1
88 99 1
88 101 1
88 103 1
88 105 1
88 107 1
88 108 1
89 94 1
89 101 1
89 105 1
89 108 1
89 109 1
90 97 1
90 102 1
90 103 1
90 104 1
90 105 1
90 107 1
91 95 1
92 94 1
92 96 1
93 99 1
93 100 1
93 102 1
93 104 1
93 108 1
94 100 1
94 102 1
95 99 1
96 98 1
97 101 1
97 103 1
97 108 1
98 102 1
98 105 1
99 100 1
99 102 1
99 109 1
100 101 1
100 105 1
102 108 1
102 109 1
103 107 1
104 105 1
104 106 1
105 106 1
107 109 1
1
29 36 79 55 82 23 12 35 59 102 7
