1983
0 21 1
0 22 1
0 39 1
0 40 1
0 62 1
0 65 1
0 83 1
0 148 1
0 155 1
0 162 1
0 165 1
1 14 1
1 42 1
1 63 1
1 77 1
1 88 1
1 111 1
1 119 1
1 122 1
1 136 1
1 167 1
1 179 1
1 181 1
1 188 1
2 3 1
2 12 1
2 22 1
2 25 1
2 43 1
2 51 1
2 52 1
2 55 1
2 56 1
2 60 1
2 69 1
2 88 1
2 89 1
2 102 1
2 106 1
2 110 1
2 122 1
2 133 1
2 134 1
2 137 1
2 146 1
2 153 1
2 172 1
3 10 1
3 13 1
3 22 1
3 47 1
3 48 1
3 61 1
3 63 1
3 72 1
3 80 1
3 83 1
3 84 1
3 88 1
3 94 1
3 108 1
3 110 1
3 118 1
3 125 1
3 137 1
3 143 1
3 163 1
3 166 1
3 167 1
3 172 1
3 175 1
4 28 1
4 31 1
4 35 1
4 39 1
4 44 1
4 59 1
4 66 1
4 71 1
4 79 1
4 87 1
4 91 1
4 96 1
4 116 1
4 122 1
4 126 1
4 127 1
4 130 1
4 138 1
4 158 1
4 163 1
4 167 1
4 169 1
5 7 1
5 8 1
5 15 1
5 18 1
5 30 1
5 48 1
5 56 1
5 73 1
5 83 1
5 89 1
5 96 1
5 102 1
5 107 1
5 114 1
5 117 1
5 134 1
5 138 1
5 140 1
5 149 1
5 164 1
5 168 1
5 177 1
6 7 1
6 11 1
6 32 1
6 33 1
6 40 1
6 63 1
6 64 1
6 65 1
6 70 1
6 79 1
6 85 1
6 104 1
6 116 1
6 143 1
6 147 1
6 167 1
6 189 1
7 15 1
7 27 1
7 31 1
7 34 1
7 48 1
7 83 1
7 87 1
7 89 1
7 93 1
7 136 1
7 150 1
7 153 1
7 162 1
7 168 1
8 10 1
8 16 1
8 21 1
8 35 1
8 47 1
8 64 1
8 101 1
8 107 1
8 125 1
8 133 1
8 141 1
8 142 1
8 145 1
8 147 1
8 158 1
8 169 1
8 175 1
8 189 1
9 13 1
9 15 1
9 19 1
9 30 1
9 58 1
9 75 1
9 79 1
9 95 1
9 99 1
9 104 1
9 112 1
9 116 1
9 140 1
9 144 1
9 158 1
9 164 1
9 184 1
10 21 1
10 27 1
10 34 1
10 63 1
10 68 1
10 79 1
10 83 1
10 86 1
10 93 1
10 94 1
10 96 1
10 98 1
10 101 1
10 102 1
10 118 1
10 124 1
10 128 1
10 137 1
10 139 1
10 153 1
10 165 1
10 177 1
10 181 1
10 187 1
11 27 1
11 28 1
11 34 1
11 38 1
11 42 1
11 48 1
11 58 1
11 75 1
11 77 1
11 105 1
11 118 1
11 119 1
11 128 1
11 132 1
11 149 1
11 162 1
11 163 1
11 168 1
11 178 1
12 17 1
12 22 1
12 26 1
12 34 1
12 43 1
12 45 1
12 59 1
12 65 1
12 95 1
12 99 1
12 113 1
12 116 1
12 117 1
12 123 1
12 139 1
12 155 1
12 158 1
12 161 1
12 169 1
12 177 1
12 179 1
12 187 1
13 40 1
13 41 1
13 46 1
13 52 1
13 55 1
13 57 1
13 59 1
13 66 1
13 73 1
13 74 1
13 86 1
13 95 1
13 99 1
13 100 1
13 105 1
13 107 1
13 108 1
13 113 1
13 115 1
13 135 1
13 183 1
14 18 1
14 29 1
14 62 1
14 71 1
14 78 1
14 79 1
14 93 1
14 99 1
14 100 1
14 118 1
14 123 1
14 133 1
14 136 1
14 143 1
14 146 1
14 148 1
14 153 1
14 157 1
14 165 1
14 166 1
14 184 1
15 26 1
15 29 1
15 33 1
15 64 1
15 65 1
15 80 1
15 87 1
15 98 1
15 112 1
15 121 1
15 122 1
15 133 1
15 154 1
15 169 1
15 173 1
16 23 1
16 24 1
16 40 1
16 41 1
16 45 1
16 47 1
16 52 1
16 59 1
16 64 1
16 74 1
16 76 1
16 110 1
16 115 1
16 116 1
16 120 1
16 127 1
16 129 1
16 138 1
16 168 1
16 169 1
16 170 1
17 23 1
17 26 1
17 29 1
17 35 1
17 43 1
17 47 1
17 63 1
17 64 1
17 66 1
17 68 1
17 93 1
17 102 1
17 111 1
17 118 1
17 135 1
17 144 1
17 161 1
17 162 1
17 165 1
17 180 1
17 185 1
17 187 1
18 27 1
18 28 1
18 38 1
18 49 1
18 53 1
18 54 1
18 55 1
18 58 1
18 64 1
18 71 1
18 91 1
18 96 1
18 113 1
18 131 1
18 148 1
18 155 1
18 156 1
18 162 1
18 165 1
18 166 1
18 187 1
18 189 1
19 57 1
19 62 1
19 64 1
19 67 1
19 73 1
19 90 1
19 94 1
19 101 1
19 137 1
19 149 1
19 169 1
20 25 1
20 27 1
20 29 1
20 30 1
20 36 1
20 41 1
20 43 1
20 50 1
20 54 1
20 55 1
20 66 1
20 83 1
20 85 1
20 99 1
20 118 1
20 119 1
20 129 1
20 137 1
20 138 1
20 140 1
20 143 1
20 146 1
20 168 1
20 187 1
21 26 1
21 27 1
21 30 1
21 33 1
21 36 1
21 58 1
21 60 1
21 63 1
21 65 1
21 72 1
21 74 1
21 91 1
21 93 1
21 101 1
21 118 1
21 120 1
21 123 1
21 128 1
21 138 1
21 140 1
21 146 1
21 150 1
21 155 1
21 157 1
21 159 1
21 169 1
21 171 1
22 35 1
22 38 1
22 44 1
22 45 1
22 56 1
22 72 1
22 81 1
22 98 1
22 123 1
22 127 1
22 141 1
22 144 1
22 147 1
22 155 1
22 161 1
22 162 1
22 169 1
22 170 1
22 182 1
22 185 1
23 24 1
23 29 1
23 48 1
23 57 1
23 61 1
23 66 1
23 80 1
23 83 1
23 85 1
23 86 1
23 102 1
23 105 1
23 107 1
23 110 1
23 114 1
23 120 1
23 121 1
23 129 1
23 131 1
23 144 1
23 147 1
23 151 1
23 161 1
23 162 1
23 181 1
23 187 1
23 188 1
24 29 1
24 54 1
24 79 1
24 101 1
24 114 1
24 118 1
24 120 1
24 127 1
24 138 1
24 144 1
24 151 1
24 154 1
24 188 1
24 189 1
25 34 1
25 41 1
25 81 1
25 89 1
25 94 1
25 100 1
25 102 1
25 113 1
25 143 1
25 150 1
25 157 1
25 161 1
25 163 1
25 165 1
25 171 1
25 181 1
26 27 1
26 39 1
26 48 1
26 51 1
26 84 1
26 88 1
26 106 1
26 108 1
26 109 1
26 118 1
26 148 1
26 153 1
26 162 1
26 163 1
26 166 1
26 169 1
26 174 1
26 175 1
26 181 1
27 58 1
27 66 1
27 79 1
27 80 1
27 82 1
27 100 1
27 107 1
27 115 1
27 118 1
27 127 1
27 134 1
27 136 1
27 144 1
27 162 1
27 177 1
28 29 1
28 36 1
28 39 1
28 41 1
28 49 1
28 66 1
28 72 1
28 74 1
28 95 1
28 101 1
28 138 1
28 156 1
28 157 1
28 163 1
28 184 1
29 36 1
29 55 1
29 62 1
29 73 1
29 78 1
29 92 1
29 105 1
29 120 1
29 133 1
29 137 1
29 143 1
29 148 1
29 154 1
29 181 1
30 35 1
30 37 1
30 42 1
30 53 1
30 58 1
30 62 1
30 81 1
30 82 1
30 96 1
30 102 1
30 106 1
30 116 1
30 123 1
30 136 1
30 141 1
30 142 1
30 164 1
30 182 1
30 183 1
30 187 1
31 39 1
31 47 1
31 52 1
31 53 1
31 65 1
31 78 1
31 85 1
31 86 1
31 90 1
31 97 1
31 115 1
31 144 1
31 146 1
31 174 1
31 177 1
31 188 1
32 50 1
32 51 1
32 54 1
32 56 1
32 57 1
32 79 1
32 94 1
32 111 1
32 115 1
32 120 1
32 125 1
32 129 1
32 133 1
32 139 1
32 145 1
32 156 1
32 169 1
32 177 1
32 182 1
32 185 1
33 34 1
33 36 1
33 38 1
33 39 1
33 53 1
33 54 1
33 59 1
33 64 1
33 65 1
33 68 1
33 79 1
33 82 1
33 85 1
33 88 1
33 97 1
33 100 1
33 109 1
33 114 1
33 115 1
33 150 1
33 152 1
33 163 1
33 164 1
33 189 1
34 54 1
34 61 1
34 62 1
34 63 1
34 73 1
34 76 1
34 77 1
34 86 1
34 97 1
34 99 1
34 119 1
34 132 1
34 143 1
34 148 1
34 153 1
34 154 1
34 156 1
34 170 1
35 40 1
35 43 1
35 48 1
35 51 1
35 56 1
35 95 1
35 97 1
35 107 1
35 113 1
35 116 1
35 119 1
35 127 1
35 140 1
35 165 1
35 173 1
35 174 1
35 187 1
36 37 1
36 42 1
36 57 1
36 63 1
36 68 1
36 92 1
36 93 1
36 100 1
36 107 1
36 112 1
36 125 1
36 126 1
36 135 1
36 137 1
36 146 1
36 157 1
36 166 1
36 167 1
36 170 1
36 176 1
36 183 1
37 39 1
37 40 1
37 60 1
37 67 1
37 79 1
37 92 1
37 105 1
37 109 1
37 116 1
37 118 1
37 138 1
37 139 1
37 164 1
37 168 1
37 170 1
37 183 1
38 40 1
38 55 1
38 63 1
38 69 1
38 70 1
38 74 1
38 79 1
38 88 1
38 89 1
38 111 1
38 120 1
38 129 1
38 139 1
38 147 1
38 157 1
38 170 1
38 175 1
38 179 1
38 183 1
39 65 1
39 67 1
39 69 1
39 86 1
39 100 1
39 110 1
39 113 1
39 127 1
39 131 1
39 146 1
39 152 1
39 166 1
39 169 1
39 171 1
39 186 1
40 41 1
40 42 1
40 64 1
40 69 1
40 86 1
40 87 1
40 93 1
40 108 1
40 117 1
40 126 1
40 131 1
40 133 1
40 135 1
40 154 1
40 156 1
40 158 1
40 175 1
41 48 1
41 58 1
41 61 1
41 75 1
41 80 1
41 86 1
41 87 1
41 93 1
41 100 1
41 111 1
41 119 1
41 129 1
41 130 1
41 137 1
41 138 1
41 144 1
41 170 1
41 173 1
41 179 1
41 181 1
41 183 1
41 184 1
41 187 1
42 47 1
42 67 1
42 70 1
42 73 1
42 77 1
42 97 1
42 104 1
42 144 1
42 148 1
42 149 1
42 157 1
42 159 1
42 168 1
42 179 1
42 186 1
42 187 1
43 45 1
43 53 1
43 58 1
43 62 1
43 87 1
43 99 1
43 139 1
43 140 1
43 160 1
43 163 1
43 166 1
43 170 1
43 172 1
43 183 1
44 52 1
44 73 1
44 91 1
44 114 1
44 127 1
44 146 1
44 157 1
44 160 1
44 161 1
44 178 1
45 46 1
45 53 1
45 60 1
45 72 1
45 80 1
45 81 1
45 88 1
45 110 1
45 122 1
45 137 1
45 155 1
45 159 1
45 161 1
45 167 1
45 189 1
46 55 1
46 73 1
46 75 1
46 101 1
46 107 1
46 120 1
46 138 1
46 141 1
46 160 1
46 176 1
46 178 1
46 187 1
47 54 1
47 55 1
47 56 1
47 60 1
47 65 1
47 68 1
47 79 1
47 81 1
47 84 1
47 92 1
47 97 1
47 100 1
47 128 1
47 133 1
47 151 1
47 155 1
47 157 1
47 177 1
47 180 1
47 189 1
48 50 1
48 70 1
48 73 1
48 83 1
48 89 1
48 90 1
48 93 1
48 94 1
48 97 1
48 118 1
48 126 1
48 136 1
48 157 1
48 182 1
48 189 1
49 50 1
49 53 1
49 65 1
49 80 1
49 88 1
49 89 1
49 92 1
49 96 1
49 105 1
49 131 1
49 134 1
49 157 1
49 159 1
49 166 1
49 169 1
49 174 1
49 183 1
49 186 1
50 67 1
50 79 1
50 84 1
50 87 1
50 90 1
50 91 1
50 93 1
50 105 1
50 124 1
50 144 1
50 155 1
50 168 1
50 175 1
50 180 1
50 181 1
50 182 1
50 186 1
51 68 1
51 73 1
51 106 1
51 127 1
51 132 1
51 135 1
51 136 1
51 140 1
51 145 1
51 148 1
51 163 1
51 166 1
51 168 1
51 182 1
51 185 1
51 189 1
52 73 1
52 87 1
52 88 1
52 89 1
52 94 1
52 103 1
52 113 1
52 118 1
52 120 1
52 126 1
52 144 1
52 149 1
52 158 1
52 179 1
53 55 1
53 61 1
53 64 1
53 68 1
53 82 1
53 86 1
53 88 1
53 89 1
53 93 1
53 99 1
53 113 1
53 117 1
53 118 1
53 133 1
53 170 1
53 172 1
53 175 1
53 180 1
53 189 1
54 59 1
54 78 1
54 79 1
54 88 1
54 89 1
54 98 1
54 105 1
54 109 1
54 115 1
54 128 1
54 130 1
54 133 1
54 146 1
54 151 1
54 152 1
54 158 1
54 170 1
54 174 1
54 182 1
54 184 1
55 58 1
55 72 1
55 76 1
55 79 1
55 81 1
55 87 1
55 120 1
55 123 1
55 124 1
55 145 1
55 149 1
55 150 1
55 155 1
55 162 1
55 180 1
55 184 1
56 68 1
56 71 1
56 99 1
56 109 1
56 120 1
56 152 1
56 161 1
56 164 1
56 176 1
56 181 1
56 186 1
57 61 1
57 79 1
57 91 1
57 97 1
57 102 1
57 108 1
57 120 1
57 132 1
57 141 1
57 151 1
57 161 1
57 163 1
57 181 1
57 183 1
57 187 1
58 59 1
58 61 1
58 63 1
58 69 1
58 80 1
58 101 1
58 104 1
58 111 1
58 118 1
58 136 1
58 137 1
58 142 1
58 149 1
58 153 1
58 165 1
58 174 1
58 187 1
59 68 1
59 80 1
59 83 1
59 86 1
59 95 1
59 107 1
59 110 1
59 118 1
59 121 1
59 123 1
59 137 1
59 144 1
59 145 1
59 167 1
59 169 1
59 175 1
59 183 1
60 74 1
60 85 1
60 117 1
60 137 1
60 145 1
60 148 1
60 158 1
60 163 1
60 166 1
60 173 1
60 175 1
60 177 1
60 187 1
61 72 1
61 76 1
61 84 1
61 94 1
61 122 1
61 131 1
61 132 1
61 140 1
61 146 1
61 163 1
61 183 1
61 185 1
62 66 1
62 77 1
62 104 1
62 110 1
62 122 1
62 127 1
62 138 1
62 148 1
62 151 1
62 159 1
62 160 1
62 162 1
62 169 1
63 65 1
63 69 1
63 75 1
63 92 1
63 103 1
63 122 1
63 134 1
63 142 1
63 144 1
63 150 1
63 159 1
63 162 1
63 166 1
63 175 1
63 181 1
63 189 1
64 83 1
64 85 1
64 111 1
64 121 1
64 123 1
64 140 1
64 143 1
64 157 1
64 163 1
64 181 1
65 69 1
65 81 1
65 87 1
65 138 1
65 152 1
65 170 1
65 179 1
66 78 1
66 82 1
66 109 1
66 110 1
66 115 1
66 131 1
66 142 1
66 143 1
66 147 1
66 163 1
66 169 1
66 172 1
66 173 1
66 174 1
66 180 1
66 183 1
67 70 1
67 80 1
67 83 1
67 84 1
67 114 1
67 116 1
67 130 1
67 149 1
67 168 1
68 71 1
68 74 1
68 90 1
68 101 1
68 107 1
68 108 1
68 110 1
68 112 1
68 132 1
68 140 1
68 150 1
68 167 1
68 171 1
68 173 1
68 177 1
68 186 1
69 74 1
69 80 1
69 85 1
69 96 1
69 98 1
69 101 1
69 106 1
69 109 1
69 115 1
69 125 1
69 132 1
69 136 1
69 143 1
69 144 1
69 149 1
69 157 1
69 184 1
70 72 1
70 74 1
70 85 1
70 87 1
70 99 1
70 100 1
70 103 1
70 109 1
70 131 1
70 143 1
70 146 1
70 148 1
70 160 1
70 161 1
70 163 1
70 164 1
70 166 1
70 183 1
71 76 1
71 93 1
71 116 1
71 121 1
71 122 1
71 127 1
71 139 1
71 147 1
71 149 1
71 167 1
71 170 1
71 175 1
71 189 1
72 73 1
72 90 1
72 93 1
72 103 1
72 104 1
72 110 1
72 115 1
72 123 1
72 135 1
72 136 1
72 138 1
72 155 1
72 163 1
72 164 1
73 93 1
73 102 1
73 105 1
73 107 1
73 109 1
73 112 1
73 117 1
73 123 1
73 148 1
73 162 1
73 163 1
73 167 1
73 178 1
73 179 1
73 184 1
74 82 1
74 103 1
74 108 1
74 114 1
74 121 1
74 123 1
74 125 1
74 145 1
74 148 1
74 156 1
74 159 1
74 161 1
74 167 1
74 188 1
75 82 1
75 98 1
75 109 1
75 133 1
75 135 1
75 143 1
75 161 1
75 175 1
76 80 1
76 87 1
76 91 1
76 92 1
76 95 1
76 100 1
76 101 1
76 114 1
76 127 1
76 135 1
76 143 1
76 147 1
76 154 1
76 158 1
76 164 1
76 165 1
76 166 1
76 187 1
76 189 1
77 97 1
77 106 1
77 108 1
77 110 1
77 121 1
77 127 1
77 138 1
77 143 1
77 144 1
77 145 1
77 146 1
77 155 1
77 173 1
77 188 1
78 98 1
78 118 1
78 123 1
78 131 1
78 134 1
78 146 1
78 148 1
78 155 1
78 166 1
78 167 1
78 173 1
79 81 1
79 84 1
79 91 1
79 95 1
79 97 1
79 103 1
79 136 1
79 153 1
79 156 1
79 161 1
79 166 1
79 171 1
79 186 1
80 100 1
80 104 1
80 105 1
80 116 1
80 124 1
80 128 1
80 153 1
80 155 1
80 156 1
80 169 1
80 177 1
81 92 1
81 105 1
81 115 1
81 117 1
81 121 1
81 122 1
81 124 1
81 125 1
81 129 1
81 130 1
81 133 1
81 144 1
81 166 1
82 86 1
82 91 1
82 96 1
82 122 1
82 127 1
82 149 1
82 151 1
82 152 1
82 157 1
83 96 1
83 99 1
83 104 1
83 106 1
83 133 1
83 134 1
83 149 1
83 162 1
83 165 1
83 183 1
83 185 1
84 105 1
84 106 1
84 114 1
84 126 1
84 144 1
84 168 1
84 176 1
85 89 1
85 93 1
85 105 1
85 106 1
85 107 1
85 123 1
85 124 1
85 131 1
85 144 1
85 146 1
85 178 1
85 180 1
86 101 1
86 110 1
86 122 1
86 130 1
86 134 1
86 139 1
86 144 1
86 165 1
86 166 1
86 169 1
86 181 1
86 184 1
86 187 1
87 93 1
87 96 1
87 99 1
87 102 1
87 104 1
87 106 1
87 120 1
87 147 1
87 163 1
87 168 1
87 179 1
87 188 1
88 95 1
88 105 1
88 113 1
88 118 1
88 120 1
88 141 1
88 143 1
88 145 1
88 147 1
88 152 1
88 179 1
88 181 1
89 94 1
89 95 1
89 105 1
89 109 1
89 113 1
89 144 1
89 158 1
89 161 1
89 165 1
89 184 1
89 185 1
90 93 1
90 95 1
90 111 1
90 116 1
90 118 1
90 122 1
90 132 1
90 144 1
90 145 1
90 146 1
90 160 1
90 181 1
90 186 1
91 97 1
91 101 1
91 104 1
91 112 1
91 126 1
91 131 1
91 147 1
91 158 1
91 160 1
91 162 1
92 96 1
92 107 1
92 118 1
92 145 1
92 150 1
92 151 1
92 157 1
92 159 1
92 162 1
93 104 1
93 108 1
93 112 1
93 118 1
93 131 1
93 157 1
93 163 1
93 164 1
93 165 1
93 169 1
93 185 1
94 104 1
94 106 1
94 107 1
94 119 1
94 125 1
94 139 1
94 141 1
94 147 1
94 151 1
94 161 1
94 165 1
94 169 1
94 173 1
94 186 1
95 116 1
95 123 1
95 139 1
95 142 1
95 151 1
95 156 1
95 164 1
95 165 1
96 114 1
96 115 1
96 117 1
96 119 1
96 120 1
96 131 1
96 137 1
96 148 1
96 163 1
96 183 1
96 188 1
96 189 1
97 104 1
97 116 1
97 118 1
97 123 1
97 126 1
97 127 1
97 136 1
97 154 1
97 167 1
97 187 1
98 105 1
98 124 1
98 135 1
98 147 1
98 158 1
98 176 1
98 181 1
99 100 1
99 107 1
99 108 1
99 110 1
99 113 1
99 116 1
99 118 1
99 141 1
99 162 1
99 167 1
99 170 1
99 174 1
99 180 1
100 108 1
100 125 1
100 126 1
100 137 1
100 141 1
100 143 1
100 156 1
100 163 1
100 173 1
100 179 1
100 181 1
100 189 1
101 130 1
101 132 1
101 133 1
101 155 1
101 160 1
101 166 1
101 171 1
101 186 1
102 107 1
102 132 1
102 138 1
102 147 1
102 148 1
102 157 1
102 160 1
102 165 1
102 176 1
103 110 1
103 113 1
103 117 1
103 123 1
103 137 1
103 154 1
103 162 1
103 168 1
103 170 1
103 174 1
103 180 1
103 186 1
103 189 1
104 111 1
104 124 1
104 129 1
104 132 1
104 165 1
104 170 1
104 177 1
105 120 1
105 140 1
105 148 1
105 153 1
105 154 1
105 157 1
105 158 1
105 160 1
105 169 1
105 175 1
105 185 1
105 186 1
106 111 1
106 121 1
106 126 1
106 134 1
106 150 1
106 151 1
106 152 1
106 166 1
106 182 1
106 185 1
107 109 1
107 120 1
107 126 1
107 144 1
107 157 1
107 163 1
107 177 1
108 125 1
108 129 1
108 134 1
108 168 1
108 171 1
109 117 1
109 119 1
109 131 1
109 133 1
109 140 1
109 154 1
109 159 1
109 179 1
110 130 1
110 131 1
110 147 1
110 156 1
110 160 1
110 162 1
110 170 1
110 184 1
110 187 1
111 112 1
111 124 1
111 132 1
111 140 1
111 169 1
112 130 1
112 144 1
112 147 1
112 153 1
112 157 1
112 159 1
112 179 1
112 184 1
113 117 1
113 121 1
113 125 1
113 142 1
113 156 1
113 173 1
113 179 1
114 116 1
114 121 1
114 130 1
114 131 1
114 132 1
114 135 1
114 173 1
114 176 1
114 182 1
114 183 1
114 187 1
115 117 1
115 158 1
115 163 1
115 169 1
115 176 1
115 189 1
116 117 1
116 122 1
116 148 1
116 168 1
116 174 1
116 176 1
117 124 1
117 127 1
117 132 1
117 140 1
117 144 1
117 159 1
117 168 1
117 177 1
117 179 1
117 188 1
118 124 1
118 129 1
118 130 1
118 138 1
118 175 1
118 179 1
118 181 1
119 131 1
119 135 1
119 137 1
119 139 1
119 145 1
119 176 1
119 183 1
120 125 1
120 130 1
120 133 1
120 134 1
120 136 1
120 137 1
120 148 1
120 150 1
120 162 1
120 172 1
121 130 1
121 131 1
121 135 1
121 140 1
121 141 1
121 142 1
121 158 1
121 179 1
121 182 1
121 186 1
122 156 1
122 157 1
122 159 1
122 164 1
122 167 1
122 170 1
122 175 1
122 189 1
123 124 1
123 127 1
123 130 1
123 135 1
123 140 1
123 151 1
123 160 1
123 163 1
123 181 1
124 125 1
124 136 1
124 145 1
124 147 1
124 149 1
124 162 1
124 167 1
124 180 1
125 126 1
125 133 1
125 136 1
125 148 1
125 150 1
125 158 1
125 163 1
125 167 1
125 183 1
126 128 1
126 130 1
126 139 1
126 162 1
127 131 1
127 167 1
127 174 1
128 134 1
128 139 1
128 149 1
128 173 1
128 177 1
128 188 1
129 151 1
129 159 1
129 174 1
129 180 1
129 181 1
130 142 1
130 143 1
130 174 1
131 149 1
131 157 1
131 187 1
132 134 1
132 152 1
132 154 1
132 170 1
132 181 1
132 188 1
133 135 1
133 148 1
133 151 1
133 159 1
133 165 1
134 146 1
134 152 1
134 155 1
134 163 1
134 173 1
134 176 1
134 179 1
135 144 1
135 153 1
135 158 1
135 164 1
135 165 1
135 173 1
135 184 1
136 139 1
136 144 1
136 145 1
136 148 1
136 155 1
136 161 1
136 166 1
136 168 1
136 180 1
136 185 1
137 145 1
137 148 1
137 153 1
137 164 1
138 149 1
138 160 1
139 140 1
139 150 1
139 161 1
139 164 1
139 165 1
139 174 1
139 189 1
140 148 1
140 155 1
140 158 1
140 163 1
140 165 1
140 167 1
140 184 1
141 144 1
141 145 1
141 164 1
141 166 1
141 169 1
141 173 1
141 176 1
141 187 1
142 161 1
142 188 1
143 144 1
143 159 1
143 166 1
143 167 1
143 171 1
143 173 1
144 158 1
144 175 1
145 151 1
145 152 1
145 179 1
146 152 1
146 153 1
146 181 1
147 151 1
147 153 1
147 170 1
147 181 1
147 185 1
148 169 1
148 178 1
149 150 1
149 157 1
149 160 1
149 170 1
149 180 1
149 181 1
150 152 1
150 154 1
150 161 1
150 167 1
150 172 1
150 183 1
151 156 1
151 162 1
151 164 1
152 155 1
152 168 1
153 159 1
153 160 1
153 166 1
153 168 1
153 173 1
153 182 1
153 188 1
154 158 1
154 159 1
154 160 1
154 169 1
154 176 1
154 181 1
154 185 1
155 163 1
155 170 1
155 176 1
155 185 1
155 188 1
156 158 1
156 167 1
156 175 1
157 168 1
157 169 1
158 159 1
158 174 1
159 163 1
159 170 1
159 177 1
160 184 1
161 162 1
161 173 1
161 189 1
162 172 1
162 177 1
162 182 1
162 188 1
163 167 1
163 170 1
163 174 1
163 185 1
164 167 1
164 169 1
164 172 1
164 174 1
164 187 1
165 176 1
167 170 1
167 174 1
167 175 1
167 185 1
167 186 1
169 172 1
169 182 1
170 183 1
171 183 1
171 186 1
172 176 1
172 180 1
172 183 1
172 188 1
173 186 1
176 177 1
176 181 1
176 189 1
179 182 1
180 188 1
181 186 1
182 186 1
183 185 1
183 188 1
1
187 166 88 66 62 137 96 4 139 36 104 109 131 16 41 43 184 58 81
