386
0 4 1
0 6 1
0 11 1
0 14 1
0 19 1
0 20 1
0 24 1
0 25 1
0 30 1
0 31 1
0 33 1
0 36 1
0 37 1
0 41 1
0 42 1
0 44 1
0 46 1
1 8 1
1 10 1
1 11 1
1 13 1
1 15 1
1 17 1
1 19 1
1 21 1
1 30 1
1 34 1
1 36 1
1 38 1
1 45 1
1 47 1
2 3 1
2 7 1
2 8 1
2 17 1
2 21 1
2 24 1
2 26 1
2 28 1
2 32 1
2 33 1
2 42 1
2 45 1
2 46 1
3 6 1
3 8 1
3 10 1
3 12 1
3 25 1
3 29 1
3 31 1
3 34 1
3 35 1
3 43 1
3 46 1
3 48 1
3 49 1
4 7 1
4 17 1
4 18 1
4 19 1
4 20 1
4 21 1
4 22 1
4 28 1
4 31 1
4 39 1
4 41 1
4 43 1
4 47 1
5 15 1
5 16 1
5 20 1
5 27 1
5 28 1
5 31 1
5 32 1
5 33 1
5 34 1
5 35 1
5 41 1
5 42 1
5 44 1
5 45 1
5 46 1
5 47 1
5 48 1
6 8 1
6 11 1
6 14 1
6 16 1
6 23 1
6 26 1
6 27 1
6 29 1
6 32 1
6 37 1
6 39 1
6 40 1
6 43 1
6 44 1
6 46 1
6 47 1
7 9 1
7 11 1
7 17 1
7 27 1
7 28 1
7 29 1
7 32 1
7 35 1
7 40 1
7 43 1
7 44 1
7 45 1
8 13 1
8 15 1
8 20 1
8 21 1
8 22 1
8 25 1
8 28 1
8 29 1
8 38 1
8 42 1
9 10 1
9 17 1
9 19 1
9 22 1
9 25 1
9 29 1
9 30 1
9 34 1
9 36 1
9 39 1
9 43 1
9 47 1
10 14 1
10 18 1
10 20 1
10 25 1
10 29 1
10 30 1
10 33 1
10 36 1
10 37 1
10 45 1
11 19 1
11 23 1
11 26 1
11 27 1
11 28 1
11 31 1
11 32 1
11 39 1
11 43 1
11 44 1
11 47 1
12 17 1
12 19 1
12 24 1
12 26 1
12 28 1
12 34 1
12 35 1
13 14 1
13 16 1
13 26 1
13 31 1
13 35 1
13 36 1
13 38 1
13 40 1
13 48 1
14 16 1
14 17 1
14 19 1
14 22 1
14 35 1
14 44 1
14 46 1
14 47 1
14 49 1
15 16 1
15 23 1
15 24 1
15 25 1
15 28 1
15 38 1
15 42 1
15 44 1
15 45 1
15 49 1
16 17 1
16 18 1
16 19 1
16 22 1
16 25 1
16 28 1
16 29 1
16 38 1
16 43 1
16 45 1
16 48 1
17 18 1
17 21 1
17 22 1
17 24 1
17 27 1
17 28 1
17 33 1
17 36 1
17 42 1
17 43 1
17 44 1
17 45 1
17 47 1
17 49 1
18 20 1
18 21 1
18 23 1
18 24 1
18 25 1
18 26 1
18 27 1
18 31 1
18 35 1
18 36 1
18 37 1
18 39 1
18 40 1
18 41 1
18 42 1
18 47 1
18 48 1
18 49 1
19 22 1
19 26 1
19 30 1
19 32 1
19 33 1
19 35 1
19 39 1
19 40 1
19 41 1
19 44 1
19 45 1
20 21 1
20 22 1
20 23 1
20 28 1
20 29 1
20 31 1
20 33 1
20 34 1
20 39 1
20 45 1
20 46 1
20 47 1
20 49 1
21 22 1
21 24 1
21 25 1
21 28 1
21 29 1
21 31 1
21 33 1
21 34 1
21 35 1
21 41 1
21 47 1
21 49 1
22 36 1
22 38 1
22 39 1
22 45 1
22 46 1
22 47 1
23 27 1
23 28 1
23 30 1
23 35 1
23 39 1
23 42 1
23 45 1
23 46 1
23 48 1
24 25 1
24 28 1
24 31 1
24 33 1
24 37 1
25 28 1
25 29 1
25 31 1
25 35 1
25 36 1
25 39 1
25 41 1
25 46 1
25 48 1
25 49 1
26 27 1
26 29 1
26 30 1
26 31 1
26 32 1
26 33 1
26 36 1
26 39 1
26 41 1
27 28 1
27 35 1
27 45 1
27 47 1
28 44 1
29 31 1
29 35 1
29 36 1
29 40 1
29 44 1
29 46 1
29 48 1
30 44 1
30 47 1
31 32 1
31 34 1
31 37 1
31 38 1
31 43 1
31 47 1
31 48 1
31 49 1
32 33 1
32 34 1
32 36 1
32 38 1
32 39 1
32 41 1
32 42 1
32 46 1
32 47 1
33 34 1
33 39 1
33 40 1
33 42 1
33 48 1
34 38 1
34 46 1
34 48 1
35 37 1
35 40 1
35 45 1
35 48 1
36 39 1
36 40 1
36 44 1
36 47 1
36 49 1
37 38 1
37 39 1
37 42 1
37 44 1
38 46 1
38 48 1
38 49 1
39 45 1
39 46 1
39 47 1
39 49 1
40 45 1
40 47 1
40 48 1
40 49 1
41 47 1
41 48 1
42 43 1
42 45 1
42 46 1
43 48 1
44 45 1
44 46 1
44 48 1
45 49 1
47 48 1
48 49 1
1
34 37 41 38 10
