1501
0 18 1
0 22 1
0 24 1
0 38 1
0 46 1
0 52 1
0 53 1
0 54 1
0 81 1
0 87 1
0 88 1
0 89 1
0 95 1
0 96 1
0 98 1
0 101 1
0 103 1
0 109 1
0 113 1
0 129 1
1 2 1
1 13 1
1 14 1
1 20 1
1 21 1
1 31 1
1 33 1
1 57 1
1 61 1
1 65 1
1 69 1
1 71 1
1 75 1
1 85 1
1 89 1
1 91 1
1 95 1
1 97 1
1 100 1
1 110 1
1 143 1
2 12 1
2 24 1
2 25 1
2 39 1
2 41 1
2 42 1
2 49 1
2 53 1
2 54 1
2 56 1
2 63 1
2 65 1
2 66 1
2 69 1
2 79 1
2 81 1
2 86 1
2 87 1
2 92 1
2 111 1
2 113 1
2 130 1
2 133 1
2 140 1
2 146 1
2 149 1
3 16 1
3 34 1
3 37 1
3 39 1
3 42 1
3 45 1
3 61 1
3 65 1
3 73 1
3 77 1
3 81 1
3 93 1
3 95 1
3 100 1
3 109 1
3 113 1
3 115 1
3 117 1
3 123 1
3 127 1
3 130 1
3 138 1
3 139 1
3 145 1
3 149 1
4 41 1
4 44 1
4 59 1
4 66 1
4 67 1
4 68 1
4 72 1
4 81 1
4 82 1
4 91 1
4 101 1
4 102 1
4 111 1
4 119 1
4 120 1
4 127 1
4 134 1
4 138 1
4 143 1
4 145 1
5 12 1
5 13 1
5 21 1
5 44 1
5 47 1
5 48 1
5 49 1
5 56 1
5 57 1
5 59 1
5 63 1
5 75 1
5 84 1
5 93 1
5 100 1
5 112 1
5 125 1
5 130 1
5 135 1
5 137 1
6 8 1
6 9 1
6 25 1
6 37 1
6 43 1
6 49 1
6 67 1
6 71 1
6 104 1
6 111 1
6 115 1
6 117 1
6 128 1
6 129 1
6 147 1
7 12 1
7 23 1
7 25 1
7 27 1
7 39 1
7 44 1
7 45 1
7 47 1
7 50 1
7 56 1
7 61 1
7 65 1
7 94 1
7 97 1
7 104 1
7 121 1
7 128 1
7 129 1
7 133 1
8 27 1
8 29 1
8 31 1
8 34 1
8 40 1
8 41 1
8 56 1
8 61 1
8 75 1
8 98 1
8 100 1
8 105 1
8 124 1
8 127 1
8 131 1
8 143 1
9 28 1
9 31 1
9 36 1
9 38 1
9 39 1
9 44 1
9 54 1
9 59 1
9 60 1
9 61 1
9 73 1
9 77 1
9 90 1
9 99 1
9 101 1
9 105 1
9 107 1
9 114 1
9 118 1
9 119 1
9 141 1
9 147 1
10 11 1
10 12 1
10 17 1
10 23 1
10 39 1
10 46 1
10 53 1
10 54 1
10 69 1
10 71 1
10 88 1
10 91 1
10 106 1
10 135 1
10 141 1
10 143 1
11 22 1
11 24 1
11 28 1
11 33 1
11 42 1
11 43 1
11 63 1
11 86 1
11 88 1
11 95 1
11 110 1
11 116 1
11 126 1
11 133 1
11 137 1
11 138 1
11 144 1
12 16 1
12 19 1
12 31 1
12 46 1
12 52 1
12 54 1
12 55 1
12 66 1
12 68 1
12 76 1
12 80 1
12 89 1
12 135 1
12 136 1
12 145 1
13 16 1
13 42 1
13 43 1
13 59 1
13 68 1
13 70 1
13 83 1
13 124 1
13 131 1
13 136 1
13 140 1
13 143 1
14 15 1
14 26 1
14 27 1
14 31 1
14 42 1
14 54 1
14 59 1
14 67 1
14 71 1
14 75 1
14 77 1
14 97 1
14 105 1
14 106 1
14 112 1
14 122 1
14 125 1
14 127 1
14 131 1
15 31 1
15 39 1
15 41 1
15 90 1
15 91 1
15 98 1
15 103 1
15 104 1
15 107 1
15 108 1
15 120 1
15 133 1
15 134 1
15 138 1
16 21 1
16 28 1
16 57 1
16 59 1
16 80 1
16 81 1
16 94 1
16 102 1
16 126 1
16 130 1
16 148 1
17 31 1
17 32 1
17 43 1
17 44 1
17 46 1
17 49 1
17 68 1
17 75 1
17 79 1
17 81 1
17 85 1
17 90 1
17 92 1
17 96 1
17 97 1
17 99 1
17 107 1
17 113 1
17 114 1
17 127 1
17 140 1
17 144 1
18 23 1
18 31 1
18 44 1
18 45 1
18 59 1
18 69 1
18 72 1
18 76 1
18 83 1
18 91 1
18 95 1
18 102 1
18 109 1
18 110 1
18 126 1
18 140 1
18 144 1
18 148 1
19 27 1
19 28 1
19 32 1
19 43 1
19 44 1
19 47 1
19 50 1
19 66 1
19 68 1
19 78 1
19 86 1
19 93 1
19 110 1
19 122 1
19 130 1
19 141 1
20 21 1
20 27 1
20 34 1
20 43 1
20 59 1
20 67 1
20 70 1
20 72 1
20 94 1
20 98 1
20 100 1
20 101 1
20 114 1
20 120 1
20 121 1
20 133 1
20 134 1
21 24 1
21 33 1
21 44 1
21 48 1
21 52 1
21 60 1
21 68 1
21 75 1
21 78 1
21 83 1
21 93 1
21 95 1
21 101 1
21 106 1
22 25 1
22 36 1
22 42 1
22 43 1
22 47 1
22 51 1
22 58 1
22 73 1
22 77 1
22 85 1
22 106 1
22 107 1
22 124 1
22 141 1
22 145 1
22 149 1
23 27 1
23 34 1
23 36 1
23 40 1
23 57 1
23 61 1
23 68 1
23 69 1
23 79 1
23 85 1
23 88 1
23 89 1
23 91 1
23 96 1
23 98 1
23 105 1
23 108 1
23 118 1
23 122 1
23 123 1
23 138 1
23 143 1
23 146 1
24 30 1
24 31 1
24 32 1
24 36 1
24 64 1
24 71 1
24 72 1
24 77 1
24 86 1
24 94 1
24 98 1
24 100 1
24 101 1
24 104 1
24 109 1
24 110 1
24 115 1
24 123 1
24 124 1
24 126 1
24 146 1
24 147 1
25 41 1
25 45 1
25 48 1
25 49 1
25 59 1
25 69 1
25 82 1
25 104 1
25 107 1
25 112 1
25 120 1
25 123 1
25 124 1
25 126 1
25 131 1
25 134 1
25 139 1
25 148 1
26 33 1
26 34 1
26 39 1
26 41 1
26 46 1
26 58 1
26 70 1
26 78 1
26 80 1
26 86 1
26 105 1
26 110 1
26 111 1
26 120 1
26 121 1
26 127 1
26 130 1
26 134 1
26 137 1
27 34 1
27 43 1
27 48 1
27 59 1
27 69 1
27 76 1
27 78 1
27 79 1
27 86 1
27 88 1
27 90 1
27 109 1
27 119 1
27 128 1
27 130 1
27 135 1
27 137 1
27 145 1
27 147 1
27 148 1
28 40 1
28 42 1
28 44 1
28 52 1
28 57 1
28 61 1
28 70 1
28 76 1
28 77 1
28 79 1
28 85 1
28 91 1
28 93 1
28 94 1
28 100 1
28 101 1
28 111 1
28 119 1
28 125 1
28 131 1
28 140 1
28 144 1
29 35 1
29 37 1
29 38 1
29 46 1
29 48 1
29 67 1
29 68 1
29 72 1
29 77 1
29 83 1
29 85 1
29 92 1
29 107 1
29 124 1
29 128 1
30 44 1
30 64 1
30 65 1
30 73 1
30 81 1
30 83 1
30 92 1
30 95 1
30 100 1
30 112 1
30 123 1
30 132 1
30 133 1
30 138 1
30 139 1
30 145 1
30 146 1
30 149 1
31 39 1
31 46 1
31 58 1
31 71 1
31 76 1
31 81 1
31 85 1
31 90 1
31 100 1
31 103 1
31 104 1
31 122 1
31 125 1
31 127 1
31 129 1
31 133 1
31 138 1
31 140 1
31 143 1
31 148 1
32 47 1
32 49 1
32 63 1
32 69 1
32 74 1
32 76 1
32 84 1
32 91 1
32 95 1
32 108 1
32 123 1
32 130 1
32 135 1
32 143 1
32 144 1
32 147 1
33 35 1
33 36 1
33 42 1
33 45 1
33 51 1
33 54 1
33 59 1
33 69 1
33 75 1
33 84 1
33 97 1
33 108 1
33 116 1
33 121 1
33 132 1
33 145 1
34 39 1
34 43 1
34 48 1
34 57 1
34 71 1
34 89 1
34 98 1
34 116 1
34 118 1
34 122 1
34 148 1
35 41 1
35 45 1
35 62 1
35 73 1
35 106 1
35 118 1
35 123 1
35 125 1
35 133 1
35 144 1
35 148 1
36 64 1
36 75 1
36 93 1
36 98 1
36 102 1
36 108 1
36 113 1
36 115 1
36 127 1
36 134 1
36 139 1
36 143 1
36 147 1
37 41 1
37 42 1
37 50 1
37 57 1
37 64 1
37 90 1
37 92 1
37 101 1
37 102 1
37 114 1
37 123 1
37 141 1
37 142 1
37 149 1
38 50 1
38 54 1
38 68 1
38 70 1
38 74 1
38 77 1
38 83 1
38 85 1
38 87 1
38 107 1
38 109 1
38 116 1
38 127 1
38 147 1
39 45 1
39 47 1
39 50 1
39 65 1
39 67 1
39 70 1
39 82 1
39 85 1
39 92 1
39 134 1
39 137 1
39 146 1
40 48 1
40 54 1
40 58 1
40 70 1
40 77 1
40 82 1
40 83 1
40 88 1
40 94 1
40 95 1
40 101 1
40 111 1
40 124 1
40 133 1
40 137 1
40 147 1
41 42 1
41 43 1
41 48 1
41 51 1
41 53 1
41 55 1
41 61 1
41 67 1
41 88 1
41 95 1
41 98 1
41 108 1
41 109 1
41 117 1
41 123 1
41 128 1
41 138 1
41 142 1
41 144 1
42 63 1
42 67 1
42 74 1
42 83 1
42 87 1
42 91 1
42 92 1
42 111 1
42 113 1
42 114 1
42 116 1
42 122 1
42 138 1
43 45 1
43 52 1
43 58 1
43 65 1
43 73 1
43 82 1
43 111 1
43 119 1
43 136 1
43 141 1
43 143 1
44 49 1
44 61 1
44 62 1
44 69 1
44 73 1
44 82 1
44 86 1
44 91 1
44 98 1
44 102 1
44 110 1
44 111 1
44 112 1
44 113 1
44 120 1
44 131 1
44 140 1
44 144 1
45 49 1
45 68 1
45 87 1
45 89 1
45 90 1
45 121 1
45 133 1
45 135 1
45 145 1
46 55 1
46 72 1
46 78 1
46 80 1
46 81 1
46 87 1
46 105 1
46 110 1
46 119 1
46 126 1
46 128 1
46 132 1
46 143 1
47 49 1
47 55 1
47 63 1
47 71 1
47 73 1
47 79 1
47 80 1
47 82 1
47 104 1
47 105 1
47 106 1
47 110 1
47 113 1
47 114 1
47 116 1
47 117 1
47 128 1
47 129 1
47 136 1
47 138 1
47 140 1
47 144 1
48 50 1
48 59 1
48 74 1
48 83 1
48 96 1
48 102 1
48 104 1
48 107 1
48 110 1
48 112 1
48 113 1
48 131 1
48 139 1
48 147 1
49 64 1
49 72 1
49 75 1
49 82 1
49 83 1
49 88 1
49 90 1
49 102 1
49 106 1
49 117 1
49 130 1
49 136 1
50 59 1
50 73 1
50 78 1
50 81 1
50 82 1
50 83 1
50 98 1
50 105 1
50 108 1
50 115 1
50 116 1
50 119 1
50 134 1
50 138 1
50 139 1
51 56 1
51 62 1
51 67 1
51 77 1
51 80 1
51 86 1
51 89 1
51 103 1
51 107 1
51 118 1
51 121 1
51 125 1
51 146 1
51 148 1
52 55 1
52 72 1
52 85 1
52 87 1
52 95 1
52 102 1
52 104 1
52 107 1
52 109 1
52 112 1
52 118 1
52 120 1
52 128 1
52 134 1
52 142 1
52 147 1
53 72 1
53 73 1
53 84 1
53 90 1
53 93 1
53 96 1
53 105 1
53 114 1
53 119 1
53 123 1
53 128 1
53 129 1
53 138 1
53 140 1
54 79 1
54 87 1
54 94 1
54 98 1
54 100 1
54 103 1
54 107 1
54 108 1
54 109 1
54 110 1
54 112 1
54 115 1
54 123 1
54 126 1
54 132 1
54 137 1
54 146 1
54 147 1
55 66 1
55 72 1
55 75 1
55 78 1
55 104 1
55 113 1
55 117 1
55 123 1
55 124 1
55 127 1
55 138 1
55 145 1
56 66 1
56 79 1
56 83 1
56 91 1
56 98 1
56 102 1
56 105 1
56 107 1
56 111 1
56 117 1
56 123 1
56 124 1
56 143 1
57 64 1
57 70 1
57 72 1
57 76 1
57 80 1
57 89 1
57 95 1
57 99 1
57 111 1
57 117 1
57 123 1
57 134 1
57 135 1
58 66 1
58 69 1
58 70 1
58 76 1
58 94 1
58 101 1
58 102 1
58 106 1
58 109 1
58 111 1
58 136 1
59 78 1
59 88 1
59 93 1
59 101 1
59 140 1
59 145 1
60 68 1
60 83 1
60 93 1
60 96 1
60 100 1
60 109 1
60 112 1
60 124 1
60 131 1
60 143 1
60 149 1
61 63 1
61 82 1
61 86 1
61 95 1
61 106 1
61 123 1
61 141 1
62 64 1
62 67 1
62 94 1
62 103 1
62 104 1
62 106 1
62 123 1
62 126 1
62 128 1
62 139 1
62 141 1
63 70 1
63 74 1
63 98 1
63 104 1
63 113 1
63 125 1
63 131 1
63 141 1
64 66 1
64 69 1
64 77 1
64 81 1
64 87 1
64 96 1
64 105 1
64 108 1
64 110 1
64 115 1
64 121 1
64 131 1
64 133 1
64 137 1
64 142 1
64 145 1
65 68 1
65 71 1
65 72 1
65 73 1
65 76 1
65 94 1
65 111 1
65 112 1
65 116 1
65 118 1
65 124 1
65 133 1
65 138 1
65 139 1
66 67 1
66 68 1
66 70 1
66 74 1
66 86 1
66 87 1
66 114 1
66 116 1
66 120 1
66 121 1
66 132 1
66 135 1
66 136 1
66 142 1
67 75 1
67 83 1
67 91 1
67 94 1
67 100 1
67 109 1
67 110 1
67 111 1
67 115 1
67 147 1
68 71 1
68 73 1
68 77 1
68 81 1
68 91 1
68 99 1
68 105 1
68 111 1
68 112 1
68 115 1
68 116 1
68 118 1
68 121 1
68 128 1
68 132 1
68 133 1
68 147 1
68 148 1
69 72 1
69 92 1
69 113 1
69 114 1
69 120 1
69 121 1
69 124 1
69 127 1
69 138 1
69 146 1
70 77 1
70 79 1
70 82 1
70 83 1
70 89 1
70 100 1
70 116 1
70 129 1
70 131 1
70 140 1
70 142 1
70 143 1
70 149 1
71 82 1
71 84 1
71 86 1
71 94 1
71 95 1
71 99 1
71 102 1
71 105 1
71 114 1
71 116 1
71 135 1
72 73 1
72 83 1
72 84 1
72 101 1
72 111 1
72 118 1
72 119 1
72 140 1
72 141 1
72 143 1
72 147 1
72 148 1
72 149 1
73 77 1
73 102 1
73 105 1
73 107 1
73 108 1
73 126 1
73 128 1
73 130 1
73 135 1
73 140 1
73 141 1
73 148 1
74 82 1
74 83 1
74 106 1
74 119 1
74 131 1
74 138 1
75 77 1
75 85 1
75 91 1
75 101 1
75 114 1
75 125 1
75 128 1
75 141 1
76 78 1
76 94 1
76 102 1
76 105 1
76 108 1
76 110 1
76 123 1
76 124 1
76 128 1
76 134 1
76 138 1
76 140 1
76 143 1
76 144 1
76 146 1
77 82 1
77 89 1
77 103 1
77 122 1
77 139 1
77 144 1
77 148 1
78 82 1
78 89 1
78 93 1
78 105 1
78 120 1
78 142 1
78 144 1
78 148 1
79 88 1
79 89 1
79 90 1
79 98 1
79 99 1
79 106 1
79 107 1
79 110 1
79 116 1
79 129 1
79 138 1
79 141 1
80 86 1
80 88 1
80 90 1
80 106 1
80 121 1
80 131 1
80 135 1
80 138 1
80 139 1
80 142 1
80 145 1
80 148 1
81 83 1
81 96 1
81 100 1
81 138 1
82 95 1
82 103 1
82 117 1
82 138 1
82 140 1
83 86 1
83 87 1
83 110 1
83 130 1
83 139 1
83 149 1
84 90 1
84 99 1
84 108 1
84 114 1
84 115 1
84 129 1
84 138 1
84 149 1
85 102 1
85 106 1
85 130 1
85 139 1
86 89 1
86 92 1
86 93 1
86 99 1
86 110 1
86 119 1
86 140 1
87 96 1
87 108 1
87 112 1
87 118 1
87 121 1
87 123 1
87 127 1
87 132 1
87 142 1
87 149 1
88 89 1
88 94 1
88 96 1
88 107 1
88 113 1
88 120 1
88 135 1
89 107 1
89 108 1
89 121 1
89 148 1
90 105 1
90 142 1
90 145 1
91 98 1
91 101 1
91 132 1
91 134 1
91 138 1
92 93 1
92 97 1
92 101 1
92 111 1
92 117 1
92 138 1
92 139 1
92 142 1
93 109 1
93 113 1
93 115 1
93 121 1
93 126 1
93 132 1
93 137 1
94 98 1
94 99 1
94 103 1
94 128 1
94 131 1
94 135 1
94 136 1
94 139 1
94 144 1
95 109 1
95 110 1
95 114 1
95 127 1
95 130 1
95 132 1
95 134 1
96 100 1
96 104 1
96 110 1
96 114 1
96 143 1
97 98 1
97 104 1
97 112 1
97 123 1
97 127 1
97 132 1
97 133 1
97 134 1
97 141 1
97 147 1
97 148 1
98 107 1
98 108 1
98 118 1
98 124 1
98 129 1
98 131 1
98 137 1
98 145 1
99 112 1
99 124 1
99 134 1
99 137 1
99 139 1
100 101 1
100 109 1
100 111 1
100 115 1
100 116 1
100 121 1
100 129 1
100 131 1
100 142 1
101 106 1
101 114 1
101 132 1
101 148 1
102 103 1
102 105 1
102 109 1
102 115 1
102 119 1
102 121 1
102 128 1
102 135 1
103 108 1
103 110 1
103 124 1
103 128 1
103 130 1
103 141 1
104 105 1
104 109 1
104 114 1
104 123 1
104 124 1
104 136 1
104 148 1
105 111 1
105 119 1
105 121 1
105 134 1
105 135 1
105 148 1
106 107 1
106 113 1
106 117 1
106 127 1
106 128 1
106 135 1
106 136 1
106 137 1
106 145 1
107 117 1
107 120 1
107 124 1
107 130 1
107 132 1
107 139 1
107 142 1
107 147 1
107 148 1
108 129 1
108 133 1
108 138 1
108 148 1
109 110 1
109 122 1
109 127 1
109 131 1
109 134 1
110 141 1
110 143 1
110 146 1
110 147 1
111 122 1
111 133 1
111 138 1
111 145 1
111 148 1
112 114 1
112 115 1
112 116 1
112 120 1
112 137 1
112 142 1
112 148 1
113 119 1
113 138 1
113 141 1
113 143 1
113 144 1
113 147 1
114 116 1
114 133 1
114 140 1
114 142 1
115 144 1
116 117 1
116 120 1
116 124 1
116 138 1
116 140 1
117 121 1
117 122 1
117 129 1
117 130 1
117 146 1
117 148 1
118 123 1
118 141 1
119 133 1
119 137 1
119 146 1
120 123 1
120 142 1
120 143 1
120 144 1
121 122 1
121 124 1
121 134 1
121 135 1
121 140 1
122 130 1
122 132 1
122 135 1
123 129 1
123 133 1
124 125 1
124 131 1
124 133 1
124 140 1
125 128 1
125 140 1
125 143 1
125 144 1
126 130 1
126 131 1
126 135 1
127 129 1
127 130 1
127 132 1
127 140 1
127 149 1
128 133 1
128 139 1
128 145 1
130 131 1
130 134 1
130 138 1
132 139 1
132 141 1
133 136 1
134 135 1
134 147 1
134 148 1
136 137 1
136 144 1
136 145 1
137 138 1
137 148 1
138 140 1
138 141 1
138 149 1
142 145 1
142 147 1
143 144 1
143 149 1
144 148 1
145 149 1
146 147 1
146 148 1
1
89 15 134 29 25 8 128 53 69 51 80 16 107 62 37
