1886
0 8 1
0 9 1
0 14 1
0 22 1
0 23 1
0 34 1
0 56 1
0 69 1
0 85 1
0 89 1
0 97 1
0 98 1
0 110 1
0 117 1
0 123 1
0 129 1
0 136 1
0 140 1
0 145 1
0 146 1
0 150 1
0 156 1
0 159 1
1 11 1
1 17 1
1 21 1
1 31 1
1 38 1
1 40 1
1 41 1
1 71 1
1 80 1
1 86 1
1 106 1
1 116 1
1 117 1
1 122 1
1 124 1
1 130 1
1 134 1
1 138 1
1 140 1
1 146 1
1 154 1
1 157 1
1 167 1
1 168 1
1 169 1
1 171 1
1 172 1
2 8 1
2 30 1
2 38 1
2 47 1
2 50 1
2 59 1
2 61 1
2 62 1
2 82 1
2 84 1
2 94 1
2 103 1
2 114 1
2 121 1
2 149 1
2 154 1
2 161 1
2 163 1
2 165 1
2 166 1
2 176 1
3 17 1
3 24 1
3 63 1
3 69 1
3 71 1
3 74 1
3 87 1
3 111 1
3 115 1
3 116 1
3 120 1
3 129 1
3 133 1
3 145 1
3 148 1
3 152 1
3 160 1
3 163 1
3 167 1
3 168 1
4 5 1
4 10 1
4 13 1
4 14 1
4 30 1
4 39 1
4 43 1
4 44 1
4 51 1
4 52 1
4 57 1
4 58 1
4 80 1
4 88 1
4 92 1
4 95 1
4 105 1
4 107 1
4 130 1
4 131 1
4 149 1
4 169 1
4 170 1
5 6 1
5 17 1
5 21 1
5 31 1
5 32 1
5 35 1
5 49 1
5 69 1
5 78 1
5 85 1
5 87 1
5 95 1
5 97 1
5 98 1
5 103 1
5 115 1
5 117 1
5 132 1
5 133 1
5 142 1
5 143 1
5 162 1
5 173 1
5 177 1
6 8 1
6 11 1
6 12 1
6 15 1
6 27 1
6 31 1
6 40 1
6 45 1
6 54 1
6 62 1
6 69 1
6 73 1
6 75 1
6 76 1
6 77 1
6 90 1
6 91 1
6 94 1
6 96 1
6 98 1
6 101 1
6 115 1
6 116 1
6 119 1
6 129 1
6 142 1
6 143 1
6 144 1
6 147 1
6 148 1
6 154 1
6 160 1
6 165 1
6 167 1
6 170 1
6 172 1
6 178 1
7 13 1
7 20 1
7 29 1
7 31 1
7 35 1
7 37 1
7 38 1
7 47 1
7 52 1
7 60 1
7 76 1
7 106 1
7 111 1
7 119 1
7 124 1
7 135 1
7 142 1
7 143 1
7 153 1
7 163 1
7 164 1
7 167 1
7 169 1
7 177 1
8 14 1
8 21 1
8 23 1
8 30 1
8 42 1
8 45 1
8 49 1
8 51 1
8 53 1
8 56 1
8 84 1
8 86 1
8 97 1
8 102 1
8 122 1
8 125 1
8 140 1
8 141 1
8 143 1
8 145 1
8 161 1
9 28 1
9 35 1
9 50 1
9 88 1
9 97 1
9 101 1
9 119 1
9 143 1
9 144 1
9 161 1
9 166 1
9 168 1
9 176 1
10 15 1
10 22 1
10 29 1
10 52 1
10 53 1
10 55 1
10 64 1
10 70 1
10 95 1
10 103 1
10 104 1
10 107 1
10 122 1
10 135 1
10 145 1
10 152 1
10 156 1
10 178 1
11 16 1
11 27 1
11 41 1
11 46 1
11 60 1
11 84 1
11 122 1
11 123 1
11 139 1
11 152 1
11 157 1
11 158 1
11 174 1
11 179 1
12 15 1
12 19 1
12 23 1
12 43 1
12 69 1
12 72 1
12 84 1
12 90 1
12 92 1
12 95 1
12 96 1
12 105 1
12 114 1
12 115 1
12 118 1
12 155 1
13 29 1
13 30 1
13 31 1
13 37 1
13 42 1
13 62 1
13 69 1
13 76 1
13 87 1
13 91 1
13 92 1
13 134 1
13 136 1
13 139 1
13 158 1
13 162 1
13 164 1
13 173 1
14 20 1
14 35 1
14 38 1
14 40 1
14 57 1
14 58 1
14 69 1
14 74 1
14 84 1
14 94 1
14 101 1
14 110 1
14 111 1
14 115 1
14 125 1
14 126 1
14 128 1
14 131 1
14 135 1
14 151 1
14 161 1
14 170 1
14 171 1
15 22 1
15 37 1
15 39 1
15 64 1
15 68 1
15 73 1
15 75 1
15 79 1
15 80 1
15 90 1
15 92 1
15 104 1
15 119 1
15 121 1
15 126 1
15 129 1
15 137 1
15 140 1
15 148 1
15 151 1
15 169 1
16 28 1
16 43 1
16 64 1
16 65 1
16 68 1
16 69 1
16 72 1
16 78 1
16 89 1
16 101 1
16 103 1
16 104 1
16 109 1
16 116 1
16 135 1
16 142 1
16 148 1
16 161 1
16 172 1
16 177 1
17 32 1
17 36 1
17 37 1
17 53 1
17 56 1
17 59 1
17 66 1
17 72 1
17 76 1
17 82 1
17 99 1
17 105 1
17 109 1
17 111 1
17 119 1
17 129 1
17 145 1
17 149 1
17 162 1
17 169 1
18 30 1
18 37 1
18 39 1
18 47 1
18 54 1
18 56 1
18 62 1
18 83 1
18 97 1
18 103 1
18 105 1
18 143 1
18 153 1
18 157 1
18 160 1
19 27 1
19 29 1
19 33 1
19 40 1
19 45 1
19 54 1
19 57 1
19 60 1
19 64 1
19 66 1
19 69 1
19 89 1
19 96 1
19 99 1
19 110 1
19 112 1
19 113 1
19 129 1
19 133 1
19 134 1
19 137 1
19 151 1
19 158 1
19 162 1
19 164 1
19 168 1
19 171 1
19 175 1
19 178 1
20 22 1
20 26 1
20 44 1
20 47 1
20 48 1
20 51 1
20 58 1
20 62 1
20 69 1
20 71 1
20 74 1
20 77 1
20 79 1
20 90 1
20 91 1
20 108 1
20 116 1
20 123 1
20 134 1
20 136 1
20 144 1
20 151 1
20 168 1
21 24 1
21 29 1
21 30 1
21 31 1
21 39 1
21 49 1
21 54 1
21 59 1
21 61 1
21 74 1
21 80 1
21 91 1
21 93 1
21 130 1
21 141 1
21 169 1
21 176 1
22 32 1
22 35 1
22 36 1
22 37 1
22 39 1
22 69 1
22 83 1
22 104 1
22 125 1
22 131 1
22 136 1
22 156 1
22 160 1
22 169 1
22 176 1
23 25 1
23 33 1
23 37 1
23 45 1
23 56 1
23 61 1
23 108 1
23 124 1
23 129 1
23 139 1
23 153 1
23 159 1
23 168 1
24 27 1
24 52 1
24 56 1
24 61 1
24 66 1
24 81 1
24 90 1
24 126 1
24 129 1
24 141 1
24 153 1
25 28 1
25 29 1
25 33 1
25 36 1
25 58 1
25 67 1
25 75 1
25 113 1
25 131 1
26 43 1
26 47 1
26 49 1
26 57 1
26 65 1
26 101 1
26 133 1
26 136 1
26 155 1
26 157 1
26 158 1
26 163 1
26 166 1
26 172 1
26 173 1
27 29 1
27 33 1
27 34 1
27 66 1
27 78 1
27 81 1
27 89 1
27 105 1
27 111 1
27 115 1
27 116 1
27 117 1
27 119 1
27 125 1
27 148 1
27 164 1
27 166 1
27 168 1
28 63 1
28 71 1
28 107 1
28 119 1
28 124 1
28 130 1
28 131 1
28 134 1
28 142 1
28 164 1
28 166 1
28 179 1
29 38 1
29 59 1
29 86 1
29 87 1
29 97 1
29 101 1
29 110 1
29 119 1
29 122 1
29 127 1
29 135 1
29 139 1
29 150 1
29 178 1
30 32 1
30 38 1
30 41 1
30 53 1
30 69 1
30 81 1
30 85 1
30 90 1
30 93 1
30 96 1
30 113 1
30 130 1
30 136 1
30 141 1
30 154 1
30 158 1
30 162 1
30 168 1
31 36 1
31 44 1
31 56 1
31 61 1
31 62 1
31 65 1
31 80 1
31 88 1
31 89 1
31 90 1
31 91 1
31 95 1
31 98 1
31 101 1
31 106 1
31 116 1
31 123 1
31 129 1
31 134 1
31 136 1
31 142 1
31 153 1
31 154 1
31 157 1
32 38 1
32 40 1
32 51 1
32 54 1
32 58 1
32 59 1
32 90 1
32 97 1
32 101 1
32 107 1
32 136 1
32 137 1
32 139 1
32 140 1
32 142 1
32 146 1
32 151 1
32 160 1
32 172 1
33 41 1
33 46 1
33 63 1
33 69 1
33 71 1
33 78 1
33 83 1
33 84 1
33 93 1
33 99 1
33 119 1
33 124 1
33 127 1
33 137 1
33 142 1
33 145 1
33 149 1
33 151 1
33 156 1
33 174 1
34 39 1
34 41 1
34 70 1
34 80 1
34 85 1
34 96 1
34 97 1
34 99 1
34 101 1
34 102 1
34 105 1
34 120 1
34 121 1
34 122 1
34 130 1
34 138 1
34 148 1
34 157 1
34 164 1
34 172 1
35 48 1
35 50 1
35 57 1
35 63 1
35 64 1
35 82 1
35 92 1
35 96 1
35 98 1
35 125 1
35 126 1
35 139 1
35 146 1
35 167 1
36 43 1
36 46 1
36 64 1
36 69 1
36 75 1
36 80 1
36 81 1
36 89 1
36 99 1
36 101 1
36 105 1
36 112 1
36 142 1
36 148 1
36 163 1
36 174 1
37 40 1
37 56 1
37 64 1
37 65 1
37 72 1
37 75 1
37 81 1
37 89 1
37 95 1
37 98 1
37 99 1
37 107 1
37 154 1
37 158 1
37 160 1
37 166 1
37 169 1
37 171 1
37 178 1
38 54 1
38 61 1
38 73 1
38 102 1
38 114 1
38 156 1
38 163 1
38 164 1
38 166 1
39 76 1
39 83 1
39 102 1
39 113 1
39 117 1
39 122 1
39 124 1
39 130 1
39 131 1
39 132 1
39 138 1
39 139 1
39 144 1
39 146 1
39 154 1
39 172 1
40 54 1
40 94 1
40 95 1
40 96 1
40 100 1
40 102 1
40 112 1
40 118 1
40 126 1
40 141 1
40 154 1
40 158 1
40 172 1
41 43 1
41 63 1
41 81 1
41 83 1
41 87 1
41 96 1
41 105 1
41 123 1
41 127 1
41 137 1
41 154 1
41 160 1
41 165 1
41 176 1
41 177 1
41 179 1
42 46 1
42 51 1
42 52 1
42 60 1
42 73 1
42 79 1
42 89 1
42 92 1
42 96 1
42 104 1
42 119 1
42 121 1
42 122 1
42 142 1
42 146 1
42 148 1
42 164 1
42 165 1
42 166 1
42 172 1
42 177 1
42 178 1
42 179 1
43 48 1
43 52 1
43 58 1
43 66 1
43 84 1
43 98 1
43 103 1
43 127 1
43 130 1
43 146 1
43 148 1
43 151 1
43 157 1
43 163 1
43 169 1
44 49 1
44 56 1
44 69 1
44 107 1
44 122 1
44 126 1
44 133 1
44 140 1
44 143 1
44 150 1
45 55 1
45 67 1
45 71 1
45 78 1
45 87 1
45 88 1
45 92 1
45 104 1
45 106 1
45 117 1
45 129 1
45 140 1
45 142 1
45 165 1
46 47 1
46 62 1
46 73 1
46 86 1
46 89 1
46 91 1
46 119 1
46 123 1
46 124 1
46 128 1
46 133 1
46 134 1
46 145 1
46 152 1
46 162 1
46 171 1
47 57 1
47 74 1
47 76 1
47 81 1
47 89 1
47 92 1
47 101 1
47 106 1
47 115 1
47 122 1
47 129 1
47 132 1
47 138 1
47 149 1
47 162 1
47 179 1
48 53 1
48 72 1
48 79 1
48 88 1
48 92 1
48 100 1
48 104 1
48 132 1
48 133 1
48 139 1
48 146 1
48 147 1
48 149 1
48 154 1
48 165 1
48 166 1
48 179 1
49 52 1
49 54 1
49 55 1
49 59 1
49 61 1
49 71 1
49 72 1
49 73 1
49 80 1
49 82 1
49 85 1
49 101 1
49 111 1
49 113 1
49 124 1
49 129 1
49 130 1
49 153 1
49 158 1
49 164 1
49 170 1
49 173 1
50 53 1
50 63 1
50 64 1
50 78 1
50 113 1
50 116 1
50 120 1
50 123 1
50 129 1
50 134 1
50 163 1
50 167 1
51 58 1
51 79 1
51 86 1
51 90 1
51 96 1
51 116 1
51 118 1
51 128 1
51 133 1
51 136 1
51 148 1
51 149 1
51 166 1
51 171 1
51 172 1
51 177 1
52 66 1
52 69 1
52 80 1
52 92 1
52 94 1
52 109 1
52 113 1
52 125 1
52 127 1
52 142 1
52 164 1
52 169 1
53 58 1
53 79 1
53 80 1
53 95 1
53 113 1
53 114 1
53 127 1
53 137 1
53 145 1
53 153 1
53 168 1
54 76 1
54 84 1
54 95 1
54 100 1
54 110 1
54 111 1
54 112 1
54 124 1
54 132 1
54 145 1
54 149 1
54 162 1
54 165 1
55 61 1
55 64 1
55 72 1
55 75 1
55 77 1
55 89 1
55 92 1
55 108 1
55 112 1
55 123 1
55 125 1
55 142 1
55 144 1
55 174 1
56 57 1
56 76 1
56 79 1
56 103 1
56 122 1
56 130 1
56 148 1
56 158 1
56 174 1
57 62 1
57 67 1
57 75 1
57 78 1
57 82 1
57 95 1
57 98 1
57 99 1
57 115 1
57 118 1
57 119 1
57 139 1
57 155 1
57 162 1
57 163 1
57 167 1
57 174 1
58 62 1
58 70 1
58 78 1
58 79 1
58 81 1
58 100 1
58 109 1
58 113 1
58 114 1
58 117 1
58 120 1
58 121 1
58 132 1
58 139 1
58 150 1
58 161 1
58 167 1
58 172 1
58 175 1
59 62 1
59 69 1
59 75 1
59 79 1
59 83 1
59 85 1
59 94 1
59 97 1
59 114 1
59 132 1
59 140 1
59 155 1
59 165 1
59 166 1
59 170 1
59 175 1
60 61 1
60 62 1
60 68 1
60 73 1
60 78 1
60 90 1
60 98 1
60 104 1
60 108 1
60 114 1
60 133 1
60 153 1
60 160 1
60 173 1
60 174 1
61 87 1
61 97 1
61 112 1
61 123 1
61 124 1
61 132 1
61 146 1
61 147 1
61 158 1
61 168 1
61 173 1
62 114 1
62 116 1
62 117 1
62 126 1
62 129 1
62 147 1
62 176 1
63 67 1
63 69 1
63 86 1
63 92 1
63 94 1
63 97 1
63 101 1
63 102 1
63 121 1
63 133 1
63 141 1
63 143 1
63 148 1
63 150 1
63 162 1
63 164 1
63 171 1
64 73 1
64 75 1
64 84 1
64 87 1
64 121 1
64 122 1
64 126 1
64 133 1
64 134 1
64 140 1
64 144 1
64 146 1
64 154 1
64 166 1
64 172 1
64 178 1
65 67 1
65 84 1
65 90 1
65 97 1
65 105 1
65 108 1
65 128 1
65 130 1
65 158 1
65 163 1
65 167 1
65 169 1
65 176 1
66 76 1
66 87 1
66 89 1
66 95 1
66 99 1
66 123 1
66 137 1
66 138 1
66 141 1
66 147 1
66 155 1
66 156 1
66 166 1
66 175 1
67 90 1
67 95 1
67 104 1
67 125 1
67 126 1
67 133 1
67 139 1
67 149 1
67 167 1
67 171 1
68 69 1
68 81 1
68 82 1
68 100 1
68 102 1
68 103 1
68 111 1
68 133 1
68 134 1
68 140 1
68 141 1
68 151 1
68 152 1
68 156 1
68 161 1
68 177 1
69 83 1
69 84 1
69 86 1
69 92 1
69 103 1
69 107 1
69 110 1
69 112 1
69 114 1
69 138 1
69 145 1
69 150 1
69 152 1
69 153 1
69 156 1
69 173 1
70 79 1
70 82 1
70 91 1
70 92 1
70 102 1
70 107 1
70 110 1
70 132 1
70 152 1
70 169 1
71 72 1
71 74 1
71 83 1
71 89 1
71 94 1
71 95 1
71 97 1
71 100 1
71 154 1
71 175 1
72 80 1
72 84 1
72 94 1
72 98 1
72 105 1
72 113 1
72 119 1
72 120 1
72 128 1
72 132 1
72 134 1
72 146 1
72 168 1
73 79 1
73 84 1
73 104 1
73 117 1
73 139 1
73 150 1
73 153 1
73 157 1
73 178 1
74 79 1
74 96 1
74 105 1
74 107 1
74 122 1
74 123 1
74 151 1
74 164 1
75 82 1
75 90 1
75 102 1
75 119 1
75 126 1
75 134 1
75 140 1
75 144 1
75 146 1
75 154 1
75 168 1
75 176 1
76 82 1
76 91 1
76 105 1
76 111 1
76 116 1
76 135 1
76 139 1
76 140 1
76 143 1
76 148 1
76 157 1
76 163 1
76 172 1
76 174 1
77 83 1
77 91 1
77 99 1
77 102 1
77 106 1
77 111 1
77 112 1
77 122 1
77 125 1
77 131 1
77 134 1
77 135 1
77 148 1
77 149 1
77 151 1
77 155 1
77 156 1
77 163 1
77 165 1
77 170 1
77 173 1
77 178 1
77 179 1
78 96 1
78 111 1
78 115 1
78 137 1
78 141 1
78 146 1
78 149 1
78 158 1
78 167 1
79 81 1
79 83 1
79 86 1
79 96 1
79 102 1
79 110 1
79 118 1
79 134 1
79 135 1
79 139 1
79 145 1
79 146 1
79 152 1
79 160 1
79 169 1
80 82 1
80 98 1
80 114 1
80 117 1
80 157 1
80 165 1
80 171 1
80 176 1
80 178 1
81 84 1
81 98 1
81 102 1
81 113 1
81 143 1
81 149 1
81 150 1
81 155 1
81 159 1
81 165 1
82 83 1
82 90 1
82 91 1
82 93 1
82 108 1
82 109 1
82 112 1
82 115 1
82 125 1
82 144 1
82 151 1
82 171 1
82 177 1
83 94 1
83 105 1
83 108 1
83 109 1
83 118 1
83 145 1
83 150 1
83 162 1
84 91 1
84 109 1
84 119 1
84 125 1
84 126 1
84 141 1
84 145 1
84 155 1
84 158 1
84 165 1
84 173 1
84 178 1
85 98 1
85 116 1
85 117 1
85 129 1
85 130 1
85 145 1
85 161 1
85 171 1
86 89 1
86 117 1
86 127 1
86 129 1
86 147 1
86 153 1
86 161 1
86 175 1
87 89 1
87 90 1
87 97 1
87 106 1
87 115 1
87 116 1
87 118 1
87 119 1
87 121 1
87 155 1
87 157 1
87 164 1
87 171 1
87 174 1
88 92 1
88 95 1
88 97 1
88 99 1
88 103 1
88 106 1
88 108 1
88 112 1
88 117 1
88 120 1
88 121 1
88 128 1
88 129 1
88 147 1
88 163 1
88 170 1
88 178 1
89 90 1
89 94 1
89 96 1
89 101 1
89 109 1
89 117 1
89 120 1
89 148 1
89 154 1
89 166 1
89 174 1
90 94 1
90 106 1
90 123 1
90 132 1
90 161 1
90 166 1
91 106 1
91 109 1
91 113 1
91 117 1
91 126 1
91 139 1
91 142 1
91 148 1
91 149 1
91 160 1
92 95 1
92 108 1
92 115 1
92 116 1
92 119 1
92 124 1
92 143 1
92 146 1
92 156 1
92 160 1
92 172 1
92 178 1
93 94 1
93 98 1
93 99 1
93 112 1
93 158 1
93 168 1
93 172 1
93 177 1
94 104 1
94 110 1
94 124 1
94 129 1
94 131 1
94 169 1
94 172 1
95 122 1
95 144 1
95 148 1
95 150 1
95 153 1
95 169 1
96 130 1
96 135 1
96 139 1
96 140 1
96 143 1
96 158 1
96 168 1
96 177 1
97 101 1
97 105 1
97 120 1
97 123 1
97 129 1
97 130 1
97 170 1
97 174 1
97 175 1
97 179 1
98 99 1
98 120 1
98 125 1
98 138 1
98 142 1
98 166 1
98 168 1
99 109 1
99 132 1
99 139 1
99 147 1
99 150 1
99 171 1
100 120 1
100 121 1
100 125 1
100 144 1
100 148 1
100 150 1
100 158 1
100 168 1
100 178 1
101 105 1
101 106 1
101 119 1
101 139 1
101 140 1
101 149 1
101 151 1
101 157 1
101 160 1
101 161 1
101 167 1
102 107 1
102 119 1
102 122 1
102 136 1
102 156 1
102 161 1
102 162 1
102 167 1
102 169 1
102 170 1
102 171 1
102 175 1
102 179 1
103 105 1
103 106 1
103 111 1
103 116 1
103 117 1
103 121 1
103 122 1
103 124 1
103 141 1
103 150 1
103 156 1
103 163 1
103 165 1
103 169 1
103 174 1
103 177 1
104 108 1
104 112 1
104 123 1
104 126 1
104 149 1
104 154 1
104 178 1
105 139 1
105 171 1
106 110 1
106 116 1
106 124 1
106 125 1
106 126 1
106 134 1
106 139 1
106 148 1
106 157 1
106 160 1
106 171 1
107 109 1
107 125 1
107 126 1
107 127 1
107 133 1
107 144 1
107 146 1
107 148 1
107 169 1
107 177 1
107 179 1
108 112 1
108 115 1
108 124 1
108 132 1
108 139 1
108 146 1
108 156 1
108 176 1
109 114 1
109 131 1
109 132 1
109 139 1
109 146 1
110 117 1
110 119 1
110 126 1
110 131 1
110 136 1
110 142 1
110 148 1
110 162 1
110 177 1
111 114 1
111 116 1
111 122 1
111 139 1
111 149 1
111 150 1
111 157 1
111 166 1
111 176 1
111 178 1
112 118 1
112 120 1
112 129 1
112 135 1
112 137 1
112 140 1
112 153 1
112 166 1
112 169 1
112 173 1
112 179 1
113 131 1
113 138 1
113 160 1
114 120 1
114 124 1
114 130 1
114 133 1
114 134 1
114 137 1
114 138 1
114 141 1
114 152 1
114 162 1
114 168 1
115 121 1
115 131 1
115 132 1
115 152 1
115 160 1
115 163 1
116 120 1
116 124 1
116 145 1
116 171 1
116 173 1
116 176 1
116 179 1
117 124 1
117 126 1
117 132 1
117 157 1
117 166 1
118 129 1
118 138 1
118 143 1
118 156 1
118 165 1
118 166 1
118 173 1
118 176 1
119 121 1
119 123 1
119 129 1
119 141 1
119 142 1
119 155 1
119 166 1
120 128 1
120 130 1
120 135 1
120 143 1
120 146 1
120 153 1
120 179 1
121 122 1
121 128 1
121 146 1
121 158 1
121 168 1
121 175 1
122 128 1
122 152 1
122 154 1
122 156 1
122 163 1
123 124 1
123 136 1
123 137 1
123 149 1
123 151 1
123 154 1
123 156 1
124 138 1
124 143 1
124 149 1
124 152 1
124 153 1
124 157 1
124 159 1
124 171 1
124 174 1
125 126 1
125 138 1
125 141 1
125 156 1
125 164 1
125 165 1
125 167 1
125 174 1
126 132 1
126 139 1
126 168 1
126 169 1
126 173 1
127 137 1
127 147 1
127 170 1
127 173 1
127 178 1
128 129 1
128 140 1
128 145 1
128 147 1
128 152 1
128 166 1
128 173 1
129 136 1
129 156 1
129 166 1
129 171 1
130 134 1
130 137 1
130 141 1
130 145 1
130 149 1
130 151 1
130 152 1
130 156 1
130 162 1
130 164 1
130 169 1
130 179 1
131 133 1
131 145 1
131 150 1
131 151 1
131 165 1
131 176 1
132 138 1
132 139 1
132 142 1
132 148 1
132 150 1
132 157 1
132 170 1
133 142 1
133 144 1
133 150 1
134 140 1
134 145 1
134 149 1
134 164 1
134 174 1
134 178 1
135 137 1
135 148 1
135 151 1
135 153 1
135 167 1
135 175 1
135 179 1
136 137 1
136 144 1
136 149 1
136 151 1
136 169 1
137 138 1
137 143 1
137 159 1
137 163 1
137 168 1
137 174 1
138 139 1
138 145 1
138 147 1
138 174 1
139 140 1
139 144 1
139 155 1
139 178 1
140 152 1
140 161 1
140 167 1
141 145 1
141 147 1
141 152 1
141 156 1
141 160 1
142 149 1
142 161 1
142 178 1
143 167 1
143 175 1
144 147 1
144 155 1
144 159 1
144 163 1
144 174 1
145 146 1
145 164 1
145 179 1
147 148 1
147 161 1
147 167 1
147 169 1
148 160 1
148 171 1
148 175 1
148 177 1
149 151 1
149 162 1
149 163 1
149 168 1
149 176 1
149 178 1
150 161 1
150 167 1
150 175 1
151 156 1
151 158 1
151 172 1
151 178 1
152 154 1
152 155 1
152 156 1
152 179 1
153 154 1
153 156 1
153 157 1
153 167 1
153 170 1
153 175 1
153 178 1
154 165 1
154 168 1
155 159 1
155 173 1
156 162 1
156 165 1
156 166 1
156 171 1
157 170 1
157 179 1
158 172 1
158 175 1
159 161 1
159 165 1
159 168 1
159 174 1
160 167 1
160 168 1
161 164 1
161 166 1
161 172 1
161 175 1
162 163 1
162 167 1
162 169 1
162 170 1
162 171 1
162 177 1
162 178 1
163 166 1
163 167 1
163 168 1
163 178 1
163 179 1
164 172 1
164 179 1
165 176 1
167 172 1
167 176 1
169 176 1
171 178 1
173 176 1
1
72 8 94 64 43 40 30 50 85 104 100 114 137 168 101 65 70 108
