1993
0 3 1
0 18 1
0 30 1
0 32 1
0 33 1
0 49 1
0 52 1
0 75 1
0 76 1
0 87 1
0 90 1
0 96 1
0 113 1
0 152 1
0 164 1
0 177 1
1 10 1
1 20 1
1 25 1
1 28 1
1 30 1
1 34 1
1 36 1
1 38 1
1 40 1
1 46 1
1 47 1
1 58 1
1 67 1
1 68 1
1 71 1
1 74 1
1 81 1
1 82 1
1 87 1
1 98 1
1 118 1
1 119 1
1 123 1
1 152 1
1 153 1
1 172 1
1 179 1
2 16 1
2 46 1
2 52 1
2 57 1
2 58 1
2 68 1
2 73 1
2 121 1
2 123 1
2 124 1
2 133 1
2 134 1
2 139 1
2 152 1
2 154 1
2 156 1
2 163 1
2 176 1
2 179 1
2 185 1
2 186 1
2 188 1
3 23 1
3 39 1
3 65 1
3 72 1
3 101 1
3 105 1
3 108 1
3 121 1
3 131 1
3 135 1
3 153 1
3 171 1
4 16 1
4 19 1
4 38 1
4 40 1
4 52 1
4 66 1
4 87 1
4 92 1
4 93 1
4 94 1
4 111 1
4 116 1
4 118 1
4 128 1
4 152 1
4 164 1
4 172 1
5 16 1
5 18 1
5 23 1
5 29 1
5 36 1
5 64 1
5 65 1
5 72 1
5 99 1
5 101 1
5 139 1
5 145 1
5 155 1
5 156 1
5 170 1
5 175 1
6 12 1
6 13 1
6 16 1
6 29 1
6 39 1
6 50 1
6 52 1
6 56 1
6 62 1
6 73 1
6 76 1
6 77 1
6 81 1
6 91 1
6 105 1
6 119 1
6 120 1
6 125 1
6 137 1
6 147 1
6 148 1
6 149 1
6 154 1
6 164 1
6 170 1
6 187 1
7 15 1
7 19 1
7 22 1
7 40 1
7 59 1
7 63 1
7 64 1
7 68 1
7 91 1
7 99 1
7 101 1
7 115 1
7 118 1
7 126 1
7 132 1
7 135 1
7 146 1
7 154 1
7 159 1
7 161 1
7 186 1
8 11 1
8 26 1
8 55 1
8 82 1
8 104 1
8 113 1
8 121 1
8 128 1
8 131 1
8 153 1
8 164 1
8 167 1
8 170 1
8 178 1
9 10 1
9 48 1
9 55 1
9 56 1
9 58 1
9 61 1
9 75 1
9 78 1
9 83 1
9 87 1
9 90 1
9 102 1
9 107 1
9 111 1
9 113 1
9 133 1
9 165 1
10 13 1
10 57 1
10 61 1
10 66 1
10 69 1
10 76 1
10 95 1
10 96 1
10 97 1
10 109 1
10 118 1
10 125 1
10 152 1
10 157 1
10 166 1
10 179 1
10 183 1
11 13 1
11 21 1
11 31 1
11 55 1
11 65 1
11 78 1
11 95 1
11 112 1
11 116 1
11 117 1
11 147 1
11 158 1
11 159 1
11 164 1
11 184 1
11 186 1
11 187 1
12 20 1
12 38 1
12 43 1
12 92 1
12 101 1
12 109 1
12 111 1
12 112 1
12 120 1
12 131 1
12 134 1
12 141 1
12 151 1
12 155 1
12 176 1
12 185 1
13 24 1
13 46 1
13 58 1
13 74 1
13 78 1
13 87 1
13 88 1
13 100 1
13 101 1
13 102 1
13 118 1
13 123 1
13 130 1
13 136 1
13 141 1
13 145 1
13 151 1
14 18 1
14 31 1
14 39 1
14 70 1
14 87 1
14 88 1
14 94 1
14 98 1
14 108 1
14 118 1
14 144 1
14 172 1
14 189 1
15 30 1
15 31 1
15 60 1
15 78 1
15 80 1
15 86 1
15 87 1
15 95 1
15 107 1
15 121 1
15 125 1
15 134 1
15 136 1
15 141 1
15 147 1
15 149 1
15 165 1
15 166 1
15 173 1
15 179 1
16 27 1
16 29 1
16 35 1
16 40 1
16 54 1
16 58 1
16 59 1
16 61 1
16 78 1
16 85 1
16 86 1
16 88 1
16 100 1
16 107 1
16 110 1
16 115 1
16 123 1
16 129 1
16 134 1
16 142 1
16 152 1
16 155 1
16 156 1
16 160 1
16 186 1
17 21 1
17 23 1
17 29 1
17 34 1
17 41 1
17 42 1
17 49 1
17 61 1
17 76 1
17 77 1
17 78 1
17 82 1
17 111 1
17 124 1
17 128 1
17 134 1
17 148 1
17 181 1
18 50 1
18 61 1
18 112 1
18 125 1
18 130 1
18 147 1
18 163 1
18 174 1
18 189 1
19 28 1
19 30 1
19 38 1
19 48 1
19 60 1
19 71 1
19 93 1
19 95 1
19 97 1
19 123 1
19 125 1
19 126 1
19 129 1
19 139 1
19 152 1
19 161 1
19 171 1
19 172 1
19 173 1
20 28 1
20 40 1
20 63 1
20 77 1
20 79 1
20 80 1
20 98 1
20 103 1
20 110 1
20 117 1
20 118 1
20 120 1
20 121 1
20 124 1
20 133 1
20 150 1
20 154 1
20 158 1
20 169 1
21 46 1
21 65 1
21 71 1
21 78 1
21 85 1
21 94 1
21 96 1
21 98 1
21 101 1
21 103 1
21 107 1
21 123 1
21 124 1
21 125 1
21 128 1
21 139 1
21 143 1
21 174 1
21 179 1
21 180 1
21 184 1
22 39 1
22 52 1
22 66 1
22 70 1
22 72 1
22 74 1
22 78 1
22 87 1
22 91 1
22 96 1
22 101 1
22 107 1
22 139 1
22 141 1
22 172 1
22 180 1
22 188 1
23 39 1
23 41 1
23 46 1
23 51 1
23 58 1
23 61 1
23 64 1
23 73 1
23 74 1
23 90 1
23 92 1
23 100 1
23 114 1
23 120 1
23 127 1
23 136 1
23 141 1
23 147 1
23 187 1
24 27 1
24 31 1
24 37 1
24 52 1
24 59 1
24 60 1
24 61 1
24 68 1
24 70 1
24 74 1
24 75 1
24 76 1
24 79 1
24 89 1
24 106 1
24 131 1
24 137 1
24 146 1
24 152 1
24 156 1
24 161 1
24 177 1
24 178 1
25 39 1
25 57 1
25 66 1
25 82 1
25 86 1
25 92 1
25 94 1
25 100 1
25 104 1
25 106 1
25 112 1
25 114 1
25 117 1
25 119 1
25 139 1
25 148 1
25 161 1
25 166 1
25 176 1
25 183 1
25 189 1
26 39 1
26 45 1
26 48 1
26 51 1
26 60 1
26 62 1
26 66 1
26 71 1
26 96 1
26 108 1
26 109 1
26 122 1
26 129 1
26 130 1
26 136 1
26 137 1
26 142 1
26 145 1
26 149 1
26 162 1
26 179 1
27 58 1
27 63 1
27 66 1
27 67 1
27 76 1
27 94 1
27 95 1
27 97 1
27 138 1
27 140 1
27 165 1
27 166 1
28 43 1
28 75 1
28 94 1
28 112 1
28 117 1
28 123 1
28 135 1
28 165 1
28 166 1
28 173 1
28 174 1
28 178 1
28 179 1
28 186 1
29 37 1
29 40 1
29 64 1
29 70 1
29 81 1
29 88 1
29 94 1
29 95 1
29 100 1
29 105 1
29 106 1
29 130 1
29 149 1
29 173 1
29 175 1
29 176 1
29 180 1
30 34 1
30 39 1
30 58 1
30 64 1
30 70 1
30 92 1
30 100 1
30 115 1
30 117 1
30 122 1
30 128 1
30 132 1
30 135 1
30 151 1
30 156 1
30 157 1
30 163 1
30 169 1
30 171 1
30 177 1
30 180 1
30 181 1
30 182 1
31 35 1
31 70 1
31 71 1
31 86 1
31 105 1
31 106 1
31 112 1
31 130 1
31 134 1
31 145 1
31 146 1
31 147 1
31 159 1
31 170 1
31 173 1
31 177 1
31 178 1
32 35 1
32 37 1
32 47 1
32 61 1
32 62 1
32 68 1
32 70 1
32 80 1
32 85 1
32 103 1
32 104 1
32 106 1
32 115 1
32 121 1
32 142 1
32 157 1
32 181 1
32 182 1
32 186 1
33 52 1
33 58 1
33 62 1
33 65 1
33 68 1
33 85 1
33 91 1
33 96 1
33 114 1
33 116 1
33 119 1
33 120 1
33 121 1
33 127 1
33 135 1
33 137 1
33 151 1
33 157 1
33 162 1
33 163 1
33 174 1
34 39 1
34 42 1
34 69 1
34 93 1
34 95 1
34 104 1
34 109 1
34 111 1
34 113 1
34 119 1
34 124 1
34 133 1
34 136 1
34 149 1
34 154 1
34 172 1
34 187 1
35 39 1
35 55 1
35 60 1
35 61 1
35 62 1
35 64 1
35 66 1
35 75 1
35 81 1
35 93 1
35 94 1
35 110 1
35 140 1
35 142 1
35 145 1
35 154 1
35 160 1
35 164 1
35 167 1
35 172 1
35 178 1
36 37 1
36 66 1
36 81 1
36 85 1
36 86 1
36 93 1
36 99 1
36 102 1
36 124 1
36 140 1
37 53 1
37 56 1
37 57 1
37 58 1
37 68 1
37 80 1
37 89 1
37 103 1
37 106 1
37 112 1
37 120 1
37 127 1
37 139 1
37 163 1
37 167 1
38 44 1
38 46 1
38 58 1
38 70 1
38 90 1
38 93 1
38 108 1
38 121 1
38 140 1
38 142 1
38 147 1
38 163 1
38 170 1
38 176 1
38 180 1
38 181 1
38 189 1
39 41 1
39 44 1
39 53 1
39 65 1
39 85 1
39 98 1
39 101 1
39 108 1
39 115 1
39 118 1
39 125 1
39 127 1
39 131 1
39 136 1
39 139 1
39 146 1
39 166 1
39 171 1
39 174 1
39 179 1
39 183 1
39 184 1
40 41 1
40 61 1
40 72 1
40 95 1
40 104 1
40 114 1
40 142 1
40 154 1
40 158 1
40 161 1
40 166 1
40 173 1
40 174 1
40 185 1
40 188 1
41 82 1
41 89 1
41 115 1
41 117 1
41 123 1
41 142 1
41 151 1
41 162 1
41 164 1
41 179 1
41 183 1
41 187 1
42 52 1
42 83 1
42 87 1
42 102 1
42 105 1
42 109 1
42 111 1
42 115 1
42 116 1
42 117 1
42 122 1
42 133 1
42 135 1
42 136 1
42 146 1
42 147 1
42 149 1
42 159 1
42 166 1
42 178 1
42 186 1
43 44 1
43 49 1
43 50 1
43 73 1
43 75 1
43 90 1
43 92 1
43 98 1
43 99 1
43 104 1
43 107 1
43 129 1
43 133 1
43 137 1
43 138 1
43 142 1
43 153 1
43 160 1
43 161 1
43 163 1
44 57 1
44 59 1
44 61 1
44 62 1
44 78 1
44 94 1
44 114 1
44 121 1
44 128 1
45 59 1
45 60 1
45 65 1
45 70 1
45 71 1
45 79 1
45 87 1
45 95 1
45 107 1
45 109 1
45 110 1
45 130 1
45 136 1
45 139 1
45 151 1
45 160 1
45 162 1
45 165 1
45 175 1
45 184 1
45 185 1
46 79 1
46 93 1
46 95 1
46 107 1
46 130 1
46 151 1
46 166 1
46 176 1
46 179 1
46 184 1
46 185 1
47 49 1
47 104 1
47 108 1
47 119 1
47 122 1
47 125 1
47 127 1
47 141 1
47 143 1
47 148 1
47 153 1
47 161 1
47 168 1
47 169 1
48 51 1
48 53 1
48 57 1
48 75 1
48 80 1
48 81 1
48 93 1
48 101 1
48 105 1
48 114 1
48 128 1
48 154 1
48 161 1
48 163 1
48 172 1
48 188 1
49 52 1
49 53 1
49 64 1
49 66 1
49 72 1
49 81 1
49 87 1
49 108 1
49 117 1
49 130 1
49 169 1
49 185 1
50 55 1
50 65 1
50 67 1
50 80 1
50 95 1
50 100 1
50 107 1
50 108 1
50 136 1
50 144 1
50 161 1
50 164 1
50 165 1
50 172 1
50 178 1
50 183 1
50 185 1
51 54 1
51 60 1
51 74 1
51 77 1
51 80 1
51 100 1
51 105 1
51 112 1
51 142 1
51 144 1
51 156 1
51 167 1
51 188 1
52 56 1
52 58 1
52 67 1
52 79 1
52 106 1
52 108 1
52 129 1
52 139 1
52 148 1
52 153 1
52 164 1
52 166 1
52 174 1
52 176 1
53 63 1
53 90 1
53 101 1
53 119 1
53 121 1
53 135 1
53 137 1
53 143 1
53 148 1
53 156 1
53 162 1
53 166 1
53 168 1
54 81 1
54 103 1
54 107 1
54 110 1
54 120 1
54 121 1
54 152 1
54 164 1
54 183 1
54 186 1
54 189 1
55 56 1
55 79 1
55 88 1
55 98 1
55 103 1
55 108 1
55 113 1
55 126 1
55 130 1
55 132 1
55 149 1
55 159 1
55 164 1
55 176 1
55 180 1
55 185 1
55 187 1
56 69 1
56 73 1
56 75 1
56 81 1
56 85 1
56 105 1
56 140 1
56 146 1
56 151 1
56 153 1
56 155 1
56 168 1
56 181 1
56 187 1
57 78 1
57 91 1
57 95 1
57 97 1
57 109 1
57 111 1
57 113 1
57 118 1
57 123 1
57 132 1
57 137 1
57 154 1
57 156 1
57 160 1
57 173 1
57 178 1
57 183 1
58 102 1
58 112 1
58 113 1
58 131 1
58 152 1
58 163 1
58 166 1
58 172 1
58 179 1
58 184 1
58 185 1
59 72 1
59 79 1
59 80 1
59 84 1
59 109 1
59 110 1
59 114 1
59 120 1
59 123 1
59 133 1
59 141 1
59 167 1
59 170 1
59 179 1
60 70 1
60 77 1
60 86 1
60 93 1
60 100 1
60 105 1
60 106 1
60 108 1
60 118 1
60 124 1
60 125 1
60 153 1
60 168 1
60 179 1
61 68 1
61 70 1
61 84 1
61 113 1
61 118 1
61 119 1
61 124 1
61 132 1
61 133 1
61 134 1
61 145 1
61 151 1
61 156 1
61 157 1
61 171 1
61 172 1
61 178 1
62 65 1
62 76 1
62 83 1
62 86 1
62 111 1
62 113 1
62 116 1
62 130 1
62 137 1
62 167 1
62 183 1
63 74 1
63 102 1
63 105 1
63 113 1
63 116 1
63 128 1
63 134 1
63 141 1
63 144 1
63 152 1
63 188 1
64 71 1
64 81 1
64 83 1
64 94 1
64 97 1
64 103 1
64 112 1
64 116 1
64 117 1
64 123 1
64 125 1
64 132 1
64 148 1
64 153 1
64 158 1
64 160 1
64 163 1
64 176 1
64 178 1
64 180 1
64 184 1
64 185 1
64 188 1
65 67 1
65 71 1
65 73 1
65 103 1
65 123 1
65 124 1
65 128 1
65 142 1
65 151 1
65 152 1
65 176 1
65 180 1
66 73 1
66 74 1
66 80 1
66 91 1
66 95 1
66 96 1
66 117 1
66 121 1
66 124 1
66 129 1
66 131 1
66 134 1
66 139 1
66 157 1
66 159 1
66 160 1
66 163 1
66 165 1
66 167 1
67 72 1
67 75 1
67 80 1
67 90 1
67 96 1
67 97 1
67 137 1
67 140 1
67 153 1
67 155 1
67 173 1
67 177 1
68 74 1
68 81 1
68 97 1
68 103 1
68 128 1
68 132 1
68 146 1
68 154 1
68 156 1
68 160 1
68 165 1
68 169 1
68 179 1
68 184 1
68 188 1
69 79 1
69 85 1
69 92 1
69 98 1
69 100 1
69 104 1
69 107 1
69 113 1
69 122 1
69 124 1
69 139 1
69 144 1
69 148 1
69 151 1
69 176 1
70 81 1
70 100 1
70 110 1
70 112 1
70 115 1
70 125 1
70 133 1
70 156 1
70 157 1
70 176 1
70 182 1
70 186 1
71 76 1
71 89 1
71 91 1
71 96 1
71 112 1
71 114 1
71 118 1
71 120 1
71 143 1
71 167 1
71 178 1
72 75 1
72 87 1
72 89 1
72 101 1
72 105 1
72 109 1
72 132 1
72 133 1
72 139 1
72 142 1
72 145 1
72 152 1
72 155 1
72 167 1
72 179 1
72 180 1
72 185 1
73 82 1
73 88 1
73 91 1
73 101 1
73 104 1
73 111 1
73 145 1
73 162 1
73 169 1
73 181 1
73 188 1
74 77 1
74 86 1
74 87 1
74 89 1
74 103 1
74 110 1
74 140 1
74 157 1
74 161 1
74 165 1
75 76 1
75 78 1
75 85 1
75 90 1
75 93 1
75 100 1
75 106 1
75 114 1
75 119 1
75 120 1
75 133 1
75 141 1
75 143 1
75 151 1
75 154 1
75 158 1
75 165 1
75 170 1
75 173 1
76 87 1
76 121 1
76 136 1
76 140 1
76 149 1
76 160 1
76 173 1
76 182 1
77 78 1
77 79 1
77 80 1
77 82 1
77 93 1
77 106 1
77 112 1
77 115 1
77 147 1
77 160 1
77 169 1
77 177 1
77 180 1
77 184 1
78 79 1
78 98 1
78 100 1
78 106 1
78 107 1
78 125 1
78 128 1
78 129 1
78 135 1
78 141 1
78 143 1
78 145 1
78 171 1
78 184 1
79 82 1
79 83 1
79 87 1
79 91 1
79 101 1
79 109 1
79 118 1
79 126 1
79 130 1
79 133 1
79 158 1
79 160 1
79 169 1
79 174 1
79 175 1
80 81 1
80 84 1
80 90 1
80 130 1
80 134 1
80 137 1
80 151 1
80 177 1
80 178 1
80 185 1
81 86 1
81 95 1
81 105 1
81 110 1
81 142 1
81 153 1
81 165 1
81 166 1
81 168 1
81 169 1
81 178 1
81 188 1
82 96 1
82 103 1
82 104 1
82 108 1
82 114 1
82 116 1
82 140 1
82 144 1
82 148 1
82 189 1
83 92 1
83 93 1
83 98 1
83 105 1
83 106 1
83 116 1
83 170 1
83 185 1
83 186 1
84 105 1
84 106 1
84 108 1
84 109 1
84 110 1
84 116 1
84 119 1
84 125 1
84 133 1
84 139 1
84 172 1
84 177 1
84 189 1
85 136 1
85 140 1
85 146 1
85 154 1
85 155 1
85 164 1
85 166 1
85 178 1
85 180 1
85 185 1
86 89 1
86 97 1
86 98 1
86 118 1
86 120 1
86 125 1
86 133 1
86 136 1
86 140 1
86 147 1
86 156 1
86 183 1
87 90 1
87 102 1
87 118 1
87 139 1
87 144 1
87 164 1
88 89 1
88 90 1
88 91 1
88 99 1
88 107 1
88 108 1
88 113 1
88 118 1
88 128 1
88 132 1
88 141 1
88 148 1
88 165 1
88 166 1
88 171 1
89 90 1
89 100 1
89 107 1
89 110 1
89 111 1
89 112 1
89 123 1
89 131 1
89 146 1
89 160 1
89 167 1
89 168 1
89 176 1
90 92 1
90 108 1
90 121 1
90 127 1
90 144 1
90 150 1
90 169 1
90 180 1
90 187 1
91 101 1
91 111 1
91 112 1
91 119 1
91 123 1
91 135 1
91 138 1
91 145 1
91 150 1
91 154 1
91 161 1
91 167 1
91 171 1
91 183 1
92 95 1
92 105 1
92 108 1
92 112 1
92 115 1
92 116 1
92 118 1
92 121 1
92 125 1
92 148 1
92 164 1
92 170 1
92 175 1
92 182 1
93 104 1
93 118 1
93 131 1
93 158 1
93 161 1
93 172 1
93 182 1
93 186 1
94 100 1
94 102 1
94 116 1
94 139 1
94 153 1
94 163 1
94 172 1
94 176 1
95 100 1
95 102 1
95 103 1
95 111 1
95 115 1
95 119 1
95 132 1
95 135 1
95 137 1
95 154 1
95 159 1
95 167 1
95 172 1
95 182 1
95 188 1
95 189 1
96 100 1
96 104 1
96 127 1
96 128 1
96 131 1
96 140 1
96 152 1
96 154 1
96 175 1
96 180 1
96 187 1
97 112 1
97 117 1
97 123 1
97 136 1
97 140 1
97 147 1
97 148 1
97 150 1
97 152 1
97 160 1
97 163 1
97 176 1
97 187 1
98 104 1
98 111 1
98 116 1
98 119 1
98 125 1
98 137 1
98 156 1
98 186 1
99 128 1
99 130 1
99 137 1
99 145 1
99 155 1
99 168 1
99 169 1
99 172 1
99 175 1
99 184 1
100 105 1
100 106 1
100 107 1
100 116 1
100 117 1
100 122 1
100 123 1
100 125 1
100 132 1
100 150 1
100 153 1
100 162 1
100 168 1
100 171 1
100 173 1
100 176 1
100 182 1
100 183 1
100 186 1
100 187 1
101 109 1
101 124 1
101 155 1
101 163 1
101 179 1
101 180 1
102 104 1
102 109 1
102 116 1
102 123 1
102 128 1
102 134 1
102 154 1
102 157 1
102 159 1
102 160 1
102 177 1
102 180 1
102 182 1
103 108 1
103 116 1
103 132 1
103 133 1
103 142 1
103 143 1
103 151 1
103 179 1
103 188 1
104 121 1
104 124 1
104 125 1
104 132 1
104 139 1
104 144 1
104 152 1
104 154 1
104 165 1
104 171 1
104 175 1
105 107 1
105 129 1
105 140 1
105 142 1
105 145 1
105 159 1
105 161 1
105 168 1
105 177 1
106 110 1
106 123 1
106 127 1
106 130 1
106 136 1
106 142 1
106 145 1
106 156 1
106 169 1
106 171 1
106 182 1
106 186 1
107 111 1
107 126 1
107 128 1
107 134 1
107 135 1
107 153 1
107 159 1
107 164 1
107 167 1
107 177 1
107 189 1
108 111 1
108 117 1
108 130 1
108 134 1
108 138 1
108 141 1
108 151 1
108 157 1
108 168 1
109 112 1
109 124 1
109 132 1
109 134 1
109 139 1
109 147 1
109 148 1
109 150 1
109 153 1
109 154 1
109 159 1
109 163 1
109 166 1
109 170 1
109 171 1
110 119 1
110 127 1
110 128 1
110 129 1
110 136 1
110 138 1
110 151 1
110 153 1
110 160 1
110 161 1
110 167 1
110 168 1
110 189 1
111 117 1
111 127 1
111 132 1
111 139 1
111 153 1
111 158 1
111 160 1
111 163 1
111 179 1
112 131 1
112 133 1
112 155 1
112 158 1
112 159 1
112 169 1
112 170 1
112 180 1
112 189 1
113 119 1
113 132 1
113 139 1
113 142 1
113 143 1
113 145 1
113 170 1
113 185 1
113 186 1
113 189 1
114 118 1
114 120 1
114 124 1
114 128 1
114 129 1
114 157 1
114 162 1
114 173 1
114 176 1
114 178 1
114 179 1
115 128 1
115 132 1
115 133 1
115 145 1
115 151 1
115 157 1
115 166 1
115 182 1
115 187 1
116 123 1
116 124 1
116 132 1
116 134 1
116 140 1
116 150 1
116 151 1
116 167 1
116 172 1
116 178 1
116 187 1
117 141 1
117 152 1
117 161 1
117 163 1
117 186 1
118 123 1
118 133 1
118 136 1
118 148 1
118 154 1
118 163 1
118 165 1
118 172 1
118 181 1
118 186 1
118 189 1
119 139 1
119 151 1
119 181 1
120 146 1
120 150 1
120 163 1
120 172 1
120 176 1
120 185 1
121 131 1
121 134 1
121 142 1
121 162 1
121 164 1
121 180 1
121 187 1
121 189 1
122 130 1
122 137 1
122 142 1
122 143 1
122 149 1
122 170 1
122 184 1
122 188 1
123 125 1
123 126 1
123 130 1
123 134 1
123 142 1
123 149 1
123 155 1
123 172 1
123 184 1
123 186 1
123 188 1
124 144 1
124 145 1
124 148 1
124 151 1
124 180 1
124 189 1
125 132 1
125 145 1
125 160 1
125 171 1
125 173 1
125 183 1
126 143 1
126 166 1
126 171 1
127 129 1
127 131 1
127 155 1
127 158 1
127 159 1
127 167 1
127 175 1
128 130 1
128 138 1
128 141 1
128 144 1
128 150 1
128 151 1
128 175 1
128 176 1
129 132 1
129 136 1
129 146 1
129 173 1
130 148 1
130 150 1
130 170 1
130 173 1
130 178 1
130 186 1
131 135 1
131 139 1
131 141 1
131 160 1
131 169 1
132 140 1
132 145 1
132 154 1
132 160 1
132 183 1
133 135 1
133 146 1
133 148 1
133 162 1
133 166 1
133 174 1
133 176 1
134 139 1
134 145 1
134 148 1
134 158 1
134 159 1
134 163 1
134 174 1
134 185 1
135 154 1
135 155 1
135 156 1
135 178 1
135 189 1
136 146 1
136 174 1
136 179 1
136 186 1
137 142 1
137 144 1
137 150 1
137 162 1
138 151 1
138 176 1
138 177 1
139 166 1
139 169 1
139 177 1
139 181 1
140 144 1
140 148 1
140 156 1
140 162 1
140 164 1
140 171 1
140 183 1
141 143 1
141 150 1
141 160 1
141 175 1
141 184 1
142 143 1
142 152 1
142 166 1
142 168 1
142 171 1
142 189 1
143 164 1
143 168 1
143 171 1
143 175 1
143 176 1
144 147 1
144 175 1
145 152 1
145 154 1
145 167 1
145 170 1
145 183 1
146 155 1
146 162 1
146 167 1
146 173 1
146 180 1
146 182 1
147 156 1
147 159 1
147 164 1
147 171 1
147 175 1
147 176 1
148 159 1
148 163 1
148 177 1
148 183 1
148 186 1
148 188 1
149 157 1
149 166 1
149 171 1
149 177 1
149 186 1
149 188 1
150 151 1
150 157 1
150 185 1
151 156 1
151 161 1
151 163 1
151 164 1
151 169 1
151 188 1
151 189 1
152 157 1
152 161 1
152 165 1
152 182 1
152 183 1
153 155 1
153 169 1
153 172 1
154 161 1
154 175 1
154 178 1
155 159 1
155 160 1
155 164 1
155 176 1
155 180 1
155 187 1
156 160 1
156 161 1
156 173 1
156 180 1
156 183 1
156 184 1
156 186 1
156 187 1
156 188 1
157 170 1
157 180 1
157 183 1
157 188 1
158 173 1
158 174 1
159 163 1
159 166 1
159 180 1
160 162 1
160 163 1
160 169 1
160 171 1
160 183 1
160 185 1
160 188 1
161 165 1
161 169 1
161 177 1
161 189 1
162 188 1
163 164 1
163 169 1
163 174 1
163 185 1
164 166 1
164 168 1
164 172 1
164 173 1
164 182 1
165 172 1
165 182 1
166 185 1
167 176 1
167 183 1
168 172 1
168 184 1
168 188 1
169 176 1
169 182 1
169 184 1
169 187 1
170 173 1
170 180 1
170 187 1
171 178 1
171 186 1
173 174 1
173 180 1
173 181 1
173 183 1
173 185 1
174 180 1
174 189 1
175 180 1
175 181 1
176 182 1
178 181 1
181 185 1
184 185 1
185 186 1
1
13 159 62 77 139 151 164 134 46 57 85 161 15 183 7 78 122 44 156
