980
0 2 1
0 3 1
0 7 1
0 24 1
0 26 1
0 32 1
0 33 1
0 43 1
0 44 1
0 46 1
0 47 1
0 55 1
0 60 1
0 62 1
0 66 1
0 70 1
0 75 1
0 78 1
0 80 1
0 82 1
0 90 1
0 91 1
0 97 1
1 12 1
1 13 1
1 17 1
1 28 1
1 30 1
1 32 1
1 48 1
1 49 1
1 53 1
1 55 1
1 58 1
1 68 1
1 70 1
1 71 1
1 77 1
1 83 1
1 93 1
2 22 1
2 31 1
2 47 1
2 48 1
2 58 1
2 62 1
2 64 1
2 71 1
2 79 1
2 84 1
2 87 1
2 91 1
2 93 1
2 98 1
2 99 1
2 104 1
2 105 1
2 106 1
2 107 1
3 4 1
3 10 1
3 36 1
3 44 1
3 47 1
3 55 1
3 57 1
3 58 1
3 63 1
3 71 1
3 72 1
3 79 1
3 83 1
3 87 1
3 89 1
3 91 1
3 92 1
3 105 1
4 17 1
4 20 1
4 35 1
4 37 1
4 52 1
4 58 1
4 69 1
4 75 1
4 79 1
4 84 1
4 88 1
4 89 1
4 91 1
4 95 1
4 97 1
4 107 1
5 7 1
5 19 1
5 21 1
5 23 1
5 25 1
5 42 1
5 48 1
5 62 1
5 66 1
5 67 1
5 80 1
5 96 1
5 98 1
5 103 1
5 105 1
6 18 1
6 21 1
6 23 1
6 34 1
6 37 1
6 41 1
6 45 1
6 46 1
6 48 1
6 56 1
6 58 1
6 63 1
6 66 1
6 69 1
6 70 1
6 72 1
6 73 1
7 14 1
7 15 1
7 17 1
7 21 1
7 22 1
7 26 1
7 32 1
7 33 1
7 40 1
7 47 1
7 48 1
7 55 1
7 71 1
7 90 1
7 92 1
7 96 1
7 98 1
7 101 1
8 12 1
8 14 1
8 23 1
8 32 1
8 35 1
8 38 1
8 39 1
8 44 1
8 50 1
8 64 1
8 73 1
8 84 1
8 91 1
8 95 1
8 97 1
8 104 1
8 105 1
9 19 1
9 20 1
9 35 1
9 37 1
9 38 1
9 45 1
9 50 1
9 53 1
9 57 1
9 63 1
9 67 1
9 86 1
9 87 1
10 17 1
10 21 1
10 28 1
10 32 1
10 33 1
10 36 1
10 49 1
10 61 1
10 62 1
10 63 1
10 66 1
10 68 1
10 75 1
10 79 1
10 95 1
10 97 1
10 104 1
10 106 1
10 107 1
10 108 1
11 18 1
11 33 1
11 45 1
11 54 1
11 57 1
11 72 1
11 91 1
11 104 1
12 18 1
12 21 1
12 52 1
12 58 1
12 61 1
12 64 1
12 66 1
12 70 1
12 85 1
12 86 1
12 87 1
12 97 1
12 98 1
12 102 1
12 104 1
12 107 1
13 17 1
13 24 1
13 31 1
13 32 1
13 44 1
13 77 1
13 78 1
13 80 1
13 100 1
14 22 1
14 23 1
14 34 1
14 41 1
14 44 1
14 45 1
14 54 1
14 58 1
14 61 1
14 63 1
14 64 1
14 67 1
14 80 1
14 95 1
14 102 1
14 103 1
14 104 1
14 105 1
15 16 1
15 17 1
15 22 1
15 23 1
15 40 1
15 48 1
15 56 1
15 61 1
15 68 1
15 77 1
15 86 1
15 98 1
15 100 1
15 101 1
15 108 1
15 109 1
16 17 1
16 27 1
16 31 1
16 32 1
16 46 1
16 52 1
16 56 1
16 74 1
16 79 1
16 83 1
16 84 1
16 85 1
16 94 1
16 98 1
16 106 1
17 27 1
17 47 1
17 59 1
17 67 1
17 72 1
17 76 1
17 78 1
17 90 1
17 92 1
17 98 1
17 100 1
17 101 1
17 102 1
18 21 1
18 32 1
18 33 1
18 36 1
18 39 1
18 44 1
18 47 1
18 51 1
18 53 1
18 62 1
18 67 1
18 77 1
18 78 1
18 84 1
18 85 1
18 86 1
18 96 1
18 107 1
18 108 1
18 109 1
19 22 1
19 29 1
19 33 1
19 46 1
19 50 1
19 51 1
19 64 1
19 67 1
19 69 1
19 70 1
19 75 1
19 81 1
19 92 1
19 96 1
19 98 1
20 26 1
20 29 1
20 37 1
20 46 1
20 52 1
20 58 1
20 69 1
20 70 1
20 79 1
20 80 1
20 81 1
20 82 1
20 94 1
20 100 1
20 102 1
20 105 1
21 24 1
21 30 1
21 32 1
21 33 1
21 37 1
21 39 1
21 46 1
21 49 1
21 53 1
21 54 1
21 55 1
21 58 1
21 64 1
21 68 1
21 73 1
21 82 1
21 84 1
21 87 1
21 92 1
21 99 1
21 104 1
21 109 1
22 24 1
22 26 1
22 30 1
22 35 1
22 36 1
22 46 1
22 51 1
22 53 1
22 63 1
22 71 1
22 77 1
22 88 1
22 90 1
22 99 1
22 100 1
22 103 1
22 104 1
23 39 1
23 42 1
23 45 1
23 47 1
23 91 1
23 97 1
23 98 1
23 108 1
24 29 1
24 30 1
24 39 1
24 45 1
24 49 1
24 74 1
24 86 1
24 94 1
24 99 1
25 31 1
25 33 1
25 41 1
25 44 1
25 50 1
25 57 1
25 69 1
25 71 1
25 72 1
25 74 1
25 75 1
25 92 1
25 96 1
25 107 1
25 108 1
26 28 1
26 29 1
26 37 1
26 58 1
26 65 1
26 71 1
26 81 1
26 87 1
26 96 1
26 98 1
26 102 1
26 107 1
26 109 1
27 28 1
27 37 1
27 44 1
27 48 1
27 52 1
27 61 1
27 66 1
27 71 1
27 73 1
27 78 1
27 81 1
27 89 1
27 104 1
28 31 1
28 37 1
28 41 1
28 46 1
28 49 1
28 53 1
28 54 1
28 78 1
28 82 1
28 93 1
28 97 1
29 34 1
29 44 1
29 47 1
29 49 1
29 55 1
29 75 1
29 84 1
29 86 1
29 93 1
29 101 1
29 109 1
30 35 1
30 37 1
30 39 1
30 40 1
30 42 1
30 46 1
30 47 1
30 48 1
30 53 1
30 58 1
30 59 1
30 71 1
30 74 1
30 78 1
30 83 1
30 84 1
30 88 1
30 91 1
30 94 1
31 35 1
31 36 1
31 42 1
31 44 1
31 54 1
31 57 1
31 68 1
31 70 1
31 77 1
31 97 1
31 101 1
31 102 1
31 106 1
32 45 1
32 48 1
32 54 1
32 57 1
32 61 1
32 63 1
32 66 1
32 76 1
32 82 1
32 86 1
32 87 1
32 91 1
32 102 1
32 105 1
32 109 1
33 35 1
33 39 1
33 42 1
33 43 1
33 53 1
33 71 1
33 74 1
33 76 1
33 80 1
33 86 1
33 97 1
33 100 1
33 101 1
33 102 1
33 104 1
34 39 1
34 41 1
34 47 1
34 48 1
34 50 1
34 55 1
34 61 1
34 65 1
34 68 1
34 71 1
34 73 1
34 78 1
34 79 1
34 84 1
34 88 1
34 91 1
34 95 1
34 102 1
34 104 1
35 37 1
35 51 1
35 58 1
35 73 1
35 74 1
35 76 1
35 91 1
35 100 1
35 104 1
35 105 1
35 107 1
36 38 1
36 47 1
36 58 1
36 67 1
36 68 1
36 70 1
36 78 1
36 84 1
36 86 1
36 94 1
36 97 1
36 106 1
37 46 1
37 47 1
37 48 1
37 57 1
37 59 1
37 64 1
37 71 1
37 83 1
37 91 1
37 96 1
37 97 1
38 44 1
38 54 1
38 57 1
38 59 1
38 65 1
38 73 1
38 77 1
38 91 1
38 92 1
38 97 1
39 40 1
39 44 1
39 72 1
39 77 1
39 84 1
39 87 1
39 89 1
39 90 1
40 62 1
40 74 1
40 88 1
40 91 1
40 94 1
40 98 1
41 47 1
41 48 1
41 50 1
41 51 1
41 54 1
41 61 1
41 66 1
41 68 1
41 72 1
41 80 1
41 81 1
41 87 1
41 88 1
41 89 1
41 90 1
41 92 1
41 93 1
41 97 1
41 102 1
42 45 1
42 69 1
42 75 1
42 77 1
42 87 1
42 95 1
42 96 1
42 97 1
42 103 1
42 105 1
43 50 1
43 63 1
43 64 1
43 67 1
43 71 1
43 74 1
43 87 1
43 91 1
43 97 1
43 102 1
44 47 1
44 50 1
44 51 1
44 54 1
44 61 1
44 62 1
44 64 1
44 78 1
44 82 1
44 91 1
44 96 1
44 100 1
44 101 1
44 105 1
45 54 1
45 57 1
45 62 1
45 70 1
45 72 1
45 101 1
45 102 1
45 104 1
45 107 1
45 108 1
45 109 1
46 47 1
46 49 1
46 51 1
46 71 1
46 79 1
46 94 1
46 107 1
46 108 1
47 48 1
47 76 1
47 80 1
47 88 1
47 95 1
47 108 1
48 49 1
48 50 1
48 55 1
48 59 1
48 79 1
48 96 1
48 99 1
48 105 1
48 106 1
49 50 1
49 55 1
49 67 1
49 68 1
49 74 1
49 79 1
49 81 1
49 82 1
49 85 1
49 88 1
49 91 1
49 99 1
49 100 1
50 55 1
50 62 1
50 64 1
50 76 1
50 86 1
50 88 1
50 109 1
51 54 1
51 56 1
51 63 1
51 73 1
51 78 1
51 80 1
51 83 1
51 88 1
51 90 1
51 97 1
51 102 1
51 103 1
51 106 1
52 55 1
52 63 1
52 69 1
52 71 1
52 72 1
52 75 1
52 85 1
52 89 1
52 90 1
52 98 1
52 102 1
52 107 1
53 60 1
53 61 1
53 62 1
53 68 1
53 76 1
53 80 1
53 92 1
53 99 1
53 105 1
53 107 1
54 59 1
54 74 1
54 78 1
54 81 1
54 84 1
54 88 1
54 100 1
54 106 1
54 108 1
55 57 1
55 60 1
55 61 1
55 63 1
55 71 1
55 75 1
55 89 1
55 91 1
55 95 1
56 62 1
56 63 1
56 66 1
56 67 1
56 74 1
56 77 1
56 96 1
57 64 1
57 68 1
57 69 1
57 79 1
57 93 1
57 94 1
57 96 1
57 101 1
57 105 1
58 63 1
58 67 1
58 72 1
58 73 1
58 78 1
58 83 1
58 85 1
58 92 1
58 94 1
58 97 1
58 100 1
58 108 1
59 61 1
59 65 1
59 68 1
59 80 1
59 82 1
59 86 1
59 89 1
59 94 1
59 95 1
59 99 1
59 102 1
60 64 1
60 65 1
60 69 1
60 86 1
60 88 1
60 95 1
60 97 1
60 109 1
61 69 1
61 73 1
61 75 1
61 77 1
61 78 1
61 92 1
62 71 1
62 73 1
62 76 1
62 78 1
62 80 1
62 81 1
62 84 1
62 93 1
62 99 1
63 69 1
63 76 1
63 84 1
63 87 1
63 90 1
63 93 1
63 99 1
63 103 1
64 65 1
64 68 1
64 77 1
64 80 1
64 91 1
64 93 1
64 107 1
64 109 1
65 71 1
65 72 1
65 76 1
65 78 1
65 82 1
65 87 1
65 88 1
65 95 1
65 97 1
65 100 1
65 106 1
66 71 1
66 83 1
66 86 1
66 95 1
66 100 1
67 74 1
67 75 1
67 85 1
68 70 1
68 82 1
68 85 1
68 91 1
68 95 1
68 100 1
68 107 1
69 70 1
69 73 1
69 80 1
69 83 1
69 84 1
69 104 1
70 71 1
70 76 1
70 77 1
70 85 1
70 102 1
70 103 1
70 104 1
70 109 1
71 72 1
71 76 1
71 88 1
71 90 1
71 93 1
71 102 1
71 108 1
72 73 1
72 76 1
72 80 1
72 83 1
72 95 1
72 104 1
72 106 1
73 80 1
73 81 1
73 88 1
73 90 1
73 106 1
74 77 1
74 83 1
74 101 1
75 83 1
75 92 1
75 98 1
75 101 1
75 102 1
75 106 1
76 82 1
76 83 1
76 87 1
76 89 1
76 97 1
76 104 1
76 107 1
77 81 1
77 83 1
77 86 1
78 79 1
78 91 1
78 96 1
78 97 1
78 104 1
78 108 1
79 93 1
79 106 1
79 108 1
79 109 1
80 87 1
80 99 1
80 103 1
80 109 1
81 93 1
82 83 1
82 88 1
82 97 1
82 99 1
82 101 1
83 91 1
83 95 1
84 109 1
85 92 1
85 101 1
86 100 1
87 92 1
87 102 1
87 104 1
88 104 1
88 109 1
89 92 1
89 96 1
89 101 1
89 103 1
89 105 1
89 107 1
89 108 1
90 93 1
90 94 1
90 105 1
91 95 1
92 93 1
92 97 1
92 99 1
92 101 1
92 108 1
93 95 1
93 98 1
94 104 1
94 105 1
95 97 1
95 109 1
96 100 1
97 98 1
97 107 1
97 108 1
98 107 1
98 109 1
99 100 1
99 102 1
99 105 1
100 104 1
100 106 1
103 105 1
103 106 1
104 108 1
1
51 9 28 52 81 106 89 19 86 6 75
