1225
0 10 1
0 12 1
0 21 1
0 32 1
0 49 1
0 59 1
0 92 1
0 101 1
0 104 1
0 107 1
0 129 1
1 3 1
1 10 1
1 22 1
1 24 1
1 37 1
1 38 1
1 39 1
1 44 1
1 50 1
1 57 1
1 58 1
1 62 1
1 102 1
1 117 1
1 122 1
1 126 1
2 3 1
2 9 1
2 13 1
2 22 1
2 32 1
2 33 1
2 35 1
2 36 1
2 46 1
2 52 1
2 56 1
2 57 1
2 63 1
2 78 1
2 80 1
2 81 1
2 89 1
2 91 1
2 95 1
2 103 1
2 127 1
3 15 1
3 25 1
3 29 1
3 32 1
3 42 1
3 47 1
3 55 1
3 57 1
3 71 1
3 76 1
3 82 1
3 88 1
3 90 1
3 103 1
3 105 1
3 117 1
3 124 1
3 129 1
4 11 1
4 14 1
4 16 1
4 31 1
4 39 1
4 41 1
4 60 1
4 66 1
4 70 1
4 74 1
4 81 1
4 86 1
4 99 1
4 110 1
4 112 1
4 121 1
4 126 1
4 129 1
5 9 1
5 16 1
5 25 1
5 36 1
5 46 1
5 60 1
5 69 1
5 80 1
5 88 1
5 99 1
5 102 1
5 111 1
5 114 1
5 126 1
6 9 1
6 30 1
6 32 1
6 48 1
6 55 1
6 61 1
6 64 1
6 69 1
6 77 1
6 82 1
6 92 1
6 103 1
6 104 1
6 109 1
6 111 1
6 121 1
6 127 1
6 128 1
7 9 1
7 10 1
7 13 1
7 29 1
7 32 1
7 41 1
7 46 1
7 57 1
7 62 1
7 67 1
7 81 1
7 86 1
7 92 1
7 98 1
7 102 1
7 118 1
8 9 1
8 11 1
8 21 1
8 23 1
8 24 1
8 25 1
8 30 1
8 35 1
8 44 1
8 51 1
8 53 1
8 60 1
8 62 1
8 63 1
8 93 1
8 94 1
8 98 1
8 108 1
8 110 1
8 119 1
8 121 1
8 127 1
9 18 1
9 21 1
9 22 1
9 23 1
9 27 1
9 85 1
9 90 1
9 91 1
9 97 1
9 101 1
9 110 1
9 115 1
9 117 1
9 122 1
9 123 1
9 126 1
10 17 1
10 32 1
10 33 1
10 37 1
10 41 1
10 51 1
10 53 1
10 67 1
10 70 1
10 72 1
10 78 1
10 83 1
10 84 1
10 109 1
10 116 1
10 126 1
11 12 1
11 14 1
11 18 1
11 35 1
11 42 1
11 59 1
11 62 1
11 67 1
11 78 1
11 88 1
11 89 1
11 97 1
11 100 1
11 109 1
11 114 1
11 118 1
11 123 1
12 13 1
12 18 1
12 23 1
12 26 1
12 29 1
12 32 1
12 37 1
12 66 1
12 69 1
12 75 1
12 81 1
12 91 1
12 92 1
12 95 1
12 100 1
12 111 1
12 113 1
12 115 1
12 117 1
12 118 1
12 121 1
13 17 1
13 18 1
13 24 1
13 31 1
13 43 1
13 47 1
13 78 1
13 83 1
13 92 1
13 105 1
13 115 1
13 121 1
13 122 1
13 125 1
14 15 1
14 16 1
14 17 1
14 23 1
14 28 1
14 30 1
14 39 1
14 42 1
14 55 1
14 67 1
14 73 1
14 80 1
14 88 1
14 125 1
15 26 1
15 47 1
15 50 1
15 53 1
15 63 1
15 68 1
15 70 1
15 72 1
15 79 1
15 86 1
15 88 1
15 113 1
15 119 1
15 121 1
15 123 1
15 124 1
15 127 1
16 18 1
16 23 1
16 28 1
16 39 1
16 40 1
16 43 1
16 46 1
16 48 1
16 52 1
16 64 1
16 68 1
16 76 1
16 77 1
16 87 1
16 128 1
16 129 1
17 26 1
17 35 1
17 42 1
17 44 1
17 45 1
17 47 1
17 50 1
17 54 1
17 63 1
17 70 1
17 72 1
17 75 1
17 88 1
17 94 1
17 98 1
17 99 1
17 101 1
17 102 1
17 107 1
17 113 1
17 117 1
17 122 1
17 125 1
18 21 1
18 35 1
18 37 1
18 40 1
18 41 1
18 46 1
18 48 1
18 56 1
18 60 1
18 74 1
18 77 1
18 81 1
18 82 1
18 88 1
18 98 1
18 101 1
18 109 1
18 112 1
18 114 1
19 20 1
19 31 1
19 44 1
19 46 1
19 54 1
19 59 1
19 62 1
19 63 1
19 69 1
19 72 1
19 73 1
19 74 1
19 75 1
19 120 1
19 129 1
20 23 1
20 24 1
20 27 1
20 28 1
20 36 1
20 52 1
20 61 1
20 65 1
20 70 1
20 71 1
20 80 1
20 102 1
20 112 1
20 117 1
20 120 1
21 23 1
21 77 1
21 86 1
21 90 1
21 95 1
21 109 1
22 23 1
22 32 1
22 33 1
22 43 1
22 86 1
22 90 1
22 98 1
22 115 1
22 121 1
22 122 1
22 124 1
23 27 1
23 29 1
23 36 1
23 39 1
23 40 1
23 42 1
23 47 1
23 55 1
23 72 1
23 73 1
23 76 1
23 77 1
23 79 1
23 81 1
23 88 1
23 105 1
23 107 1
23 108 1
23 111 1
23 122 1
23 123 1
24 42 1
24 49 1
24 63 1
24 65 1
24 76 1
24 80 1
24 85 1
24 86 1
24 92 1
24 94 1
24 97 1
24 104 1
24 109 1
24 110 1
24 114 1
24 117 1
24 119 1
25 42 1
25 48 1
25 64 1
25 65 1
25 74 1
25 77 1
25 79 1
25 83 1
25 92 1
25 96 1
25 102 1
25 104 1
25 105 1
25 114 1
25 118 1
25 128 1
26 27 1
26 31 1
26 38 1
26 40 1
26 43 1
26 45 1
26 47 1
26 50 1
26 60 1
26 65 1
26 66 1
26 71 1
26 74 1
26 87 1
26 95 1
26 99 1
26 101 1
26 121 1
26 126 1
27 30 1
27 32 1
27 33 1
27 38 1
27 39 1
27 40 1
27 44 1
27 53 1
27 57 1
27 59 1
27 60 1
27 75 1
27 81 1
27 88 1
27 92 1
27 97 1
27 100 1
27 122 1
28 35 1
28 44 1
28 45 1
28 53 1
28 60 1
28 64 1
28 65 1
28 83 1
28 84 1
28 101 1
28 103 1
28 115 1
28 121 1
29 31 1
29 36 1
29 40 1
29 48 1
29 66 1
29 76 1
29 83 1
29 88 1
29 90 1
29 92 1
29 93 1
29 98 1
29 101 1
29 108 1
29 120 1
29 124 1
29 129 1
30 39 1
30 40 1
30 49 1
30 60 1
30 71 1
30 72 1
30 85 1
30 87 1
30 97 1
30 110 1
30 119 1
30 127 1
30 129 1
31 42 1
31 51 1
31 58 1
31 66 1
31 67 1
31 68 1
31 71 1
31 73 1
31 83 1
31 84 1
31 85 1
31 88 1
31 93 1
31 99 1
31 101 1
31 102 1
31 118 1
31 123 1
32 42 1
32 45 1
32 52 1
32 55 1
32 74 1
32 90 1
32 109 1
32 112 1
32 114 1
32 123 1
33 44 1
33 45 1
33 47 1
33 56 1
33 58 1
33 62 1
33 66 1
33 72 1
33 85 1
33 86 1
33 88 1
33 93 1
33 98 1
33 105 1
33 107 1
33 125 1
33 128 1
34 39 1
34 40 1
34 46 1
34 47 1
34 48 1
34 49 1
34 62 1
34 65 1
34 68 1
34 89 1
34 98 1
34 100 1
34 113 1
34 115 1
34 125 1
34 126 1
34 128 1
35 44 1
35 50 1
35 51 1
35 56 1
35 57 1
35 63 1
35 66 1
35 81 1
35 91 1
35 92 1
35 104 1
35 128 1
36 44 1
36 52 1
36 54 1
36 61 1
36 63 1
36 69 1
36 86 1
36 87 1
36 91 1
36 107 1
36 108 1
36 116 1
36 119 1
37 43 1
37 46 1
37 47 1
37 48 1
37 49 1
37 53 1
37 69 1
37 70 1
37 78 1
37 85 1
37 86 1
37 88 1
37 105 1
37 106 1
37 107 1
37 113 1
37 122 1
37 123 1
37 128 1
38 39 1
38 42 1
38 46 1
38 54 1
38 61 1
38 64 1
38 65 1
38 73 1
38 74 1
38 77 1
38 87 1
38 88 1
38 95 1
38 106 1
38 120 1
38 122 1
38 127 1
39 42 1
39 46 1
39 81 1
39 82 1
39 93 1
39 104 1
39 113 1
39 124 1
40 45 1
40 46 1
40 50 1
40 53 1
40 54 1
40 63 1
40 69 1
40 72 1
40 75 1
40 77 1
40 83 1
40 85 1
40 86 1
40 95 1
40 117 1
40 123 1
40 126 1
40 127 1
41 45 1
41 48 1
41 52 1
41 56 1
41 58 1
41 63 1
41 71 1
41 81 1
41 85 1
41 89 1
41 103 1
41 115 1
41 125 1
41 128 1
42 54 1
42 60 1
42 72 1
42 73 1
42 85 1
42 86 1
42 96 1
42 104 1
42 105 1
42 109 1
42 114 1
42 125 1
42 129 1
43 44 1
43 45 1
43 52 1
43 55 1
43 68 1
43 71 1
43 72 1
43 86 1
43 91 1
43 105 1
43 107 1
43 109 1
43 111 1
44 45 1
44 49 1
44 52 1
44 55 1
44 65 1
44 75 1
44 78 1
44 87 1
44 93 1
44 94 1
44 98 1
44 103 1
44 109 1
44 110 1
44 117 1
44 124 1
45 61 1
45 64 1
45 72 1
45 83 1
45 90 1
45 94 1
45 101 1
45 122 1
46 48 1
46 50 1
46 67 1
46 70 1
46 78 1
46 80 1
46 99 1
46 100 1
46 104 1
46 108 1
46 115 1
46 117 1
46 126 1
46 128 1
47 66 1
47 69 1
47 75 1
47 79 1
47 83 1
47 87 1
47 94 1
48 50 1
48 53 1
48 65 1
48 66 1
48 70 1
48 73 1
48 75 1
48 88 1
48 101 1
48 108 1
48 112 1
48 113 1
48 116 1
48 119 1
49 61 1
49 69 1
49 74 1
49 82 1
49 109 1
49 124 1
50 62 1
50 68 1
50 70 1
50 71 1
50 77 1
50 85 1
50 93 1
50 109 1
50 110 1
50 112 1
50 113 1
50 121 1
51 72 1
51 78 1
51 86 1
51 90 1
51 94 1
51 99 1
51 103 1
51 107 1
51 127 1
51 128 1
52 62 1
52 71 1
52 83 1
52 87 1
52 93 1
52 96 1
52 98 1
52 115 1
52 125 1
53 77 1
53 106 1
53 109 1
53 111 1
53 117 1
53 118 1
53 122 1
53 127 1
54 58 1
54 61 1
54 70 1
54 71 1
54 76 1
54 77 1
54 98 1
54 100 1
54 117 1
54 122 1
54 127 1
55 57 1
55 59 1
55 61 1
55 62 1
55 63 1
55 64 1
55 85 1
55 89 1
55 90 1
55 115 1
55 120 1
55 121 1
55 125 1
56 65 1
56 74 1
56 79 1
56 81 1
56 104 1
56 111 1
56 116 1
56 120 1
56 126 1
56 127 1
57 61 1
57 63 1
57 68 1
57 69 1
57 70 1
57 73 1
57 79 1
57 91 1
57 95 1
57 98 1
57 109 1
57 115 1
57 117 1
57 122 1
58 68 1
58 73 1
58 82 1
58 84 1
59 66 1
59 75 1
59 86 1
59 87 1
59 88 1
59 90 1
59 94 1
59 110 1
59 111 1
60 68 1
60 74 1
60 79 1
60 87 1
60 94 1
60 114 1
60 127 1
60 129 1
61 62 1
61 70 1
61 77 1
61 78 1
61 79 1
61 86 1
61 87 1
61 99 1
61 101 1
61 108 1
61 114 1
61 128 1
62 69 1
62 70 1
62 75 1
62 86 1
62 91 1
62 92 1
62 102 1
62 125 1
63 64 1
63 68 1
63 69 1
63 75 1
63 81 1
63 89 1
63 94 1
63 103 1
63 112 1
63 116 1
63 120 1
63 126 1
64 70 1
64 75 1
64 88 1
64 95 1
64 98 1
64 99 1
64 109 1
64 118 1
64 121 1
64 126 1
65 80 1
65 101 1
65 116 1
66 77 1
66 87 1
66 88 1
66 115 1
66 125 1
67 75 1
67 82 1
67 85 1
67 89 1
67 90 1
67 95 1
67 101 1
67 107 1
67 108 1
67 112 1
67 116 1
67 122 1
67 128 1
68 70 1
68 84 1
68 85 1
68 89 1
68 93 1
68 96 1
68 105 1
68 113 1
68 122 1
68 126 1
69 76 1
69 77 1
69 78 1
69 81 1
69 86 1
69 93 1
69 95 1
69 109 1
69 123 1
70 74 1
70 78 1
70 83 1
70 86 1
70 111 1
70 112 1
70 124 1
70 128 1
71 75 1
71 81 1
71 82 1
71 83 1
71 85 1
71 108 1
71 121 1
71 122 1
71 127 1
72 74 1
72 82 1
72 86 1
72 91 1
72 92 1
72 97 1
72 104 1
72 105 1
72 107 1
72 116 1
73 83 1
73 86 1
73 100 1
73 103 1
73 107 1
73 114 1
73 115 1
73 118 1
73 119 1
73 126 1
73 127 1
74 77 1
74 82 1
74 102 1
74 107 1
74 113 1
74 119 1
74 121 1
74 125 1
74 126 1
74 128 1
75 85 1
75 92 1
75 97 1
75 99 1
75 104 1
75 112 1
75 113 1
75 121 1
75 123 1
75 129 1
76 85 1
76 87 1
76 117 1
77 82 1
77 93 1
77 109 1
77 113 1
77 125 1
77 127 1
78 82 1
78 83 1
78 89 1
78 90 1
78 103 1
78 109 1
78 123 1
79 81 1
79 82 1
79 90 1
79 97 1
79 107 1
79 110 1
79 111 1
79 113 1
79 115 1
79 116 1
79 120 1
79 125 1
79 126 1
80 82 1
80 96 1
80 116 1
80 117 1
80 119 1
81 96 1
81 102 1
81 109 1
81 121 1
81 124 1
82 83 1
82 86 1
82 89 1
82 93 1
82 95 1
82 100 1
82 101 1
82 122 1
83 90 1
83 107 1
83 116 1
83 128 1
84 87 1
84 94 1
84 101 1
84 118 1
84 121 1
85 90 1
85 96 1
85 98 1
85 110 1
85 111 1
85 114 1
85 117 1
85 124 1
86 103 1
86 118 1
86 128 1
87 90 1
87 95 1
87 99 1
87 100 1
87 102 1
87 104 1
87 120 1
87 121 1
87 123 1
87 125 1
88 90 1
88 103 1
88 105 1
88 108 1
88 115 1
88 123 1
88 124 1
88 125 1
89 90 1
89 96 1
89 97 1
89 116 1
89 120 1
89 121 1
90 92 1
90 94 1
90 99 1
90 115 1
90 117 1
90 125 1
91 96 1
91 110 1
91 117 1
91 119 1
91 123 1
91 129 1
92 101 1
92 105 1
92 112 1
92 120 1
92 126 1
93 95 1
93 103 1
93 105 1
93 110 1
93 111 1
93 115 1
93 119 1
93 120 1
93 128 1
94 106 1
94 107 1
94 110 1
94 111 1
94 112 1
94 114 1
94 117 1
94 122 1
94 123 1
95 101 1
95 104 1
95 121 1
95 124 1
96 101 1
96 114 1
97 119 1
97 126 1
97 127 1
98 112 1
98 120 1
98 129 1
99 100 1
99 108 1
99 111 1
99 117 1
99 120 1
99 123 1
99 126 1
99 127 1
100 102 1
100 104 1
100 107 1
100 113 1
100 123 1
101 105 1
101 106 1
101 107 1
101 114 1
101 121 1
102 108 1
102 114 1
102 115 1
102 118 1
102 127 1
103 119 1
103 120 1
103 129 1
104 113 1
104 124 1
105 114 1
105 116 1
105 117 1
105 121 1
105 126 1
105 128 1
106 111 1
106 116 1
106 122 1
106 128 1
106 129 1
107 121 1
107 128 1
108 109 1
108 113 1
108 123 1
108 126 1
109 115 1
109 117 1
109 120 1
110 123 1
110 126 1
110 129 1
111 118 1
111 125 1
111 127 1
112 121 1
112 122 1
112 128 1
112 129 1
113 118 1
113 129 1
114 126 1
115 119 1
115 127 1
116 117 1
116 123 1
116 128 1
117 128 1
118 122 1
120 123 1
120 124 1
121 126 1
121 128 1
122 127 1
123 127 1
123 128 1
124 128 1
125 126 1
1
109 111 54 5 98 101 27 47 122 113 96 89 65
