997
0 4 1
0 10 1
0 13 1
0 15 1
0 25 1
0 26 1
0 28 1
0 38 1
0 60 1
0 68 1
0 78 1
0 82 1
0 83 1
0 90 1
0 92 1
0 93 1
0 101 1
0 102 1
1 13 1
1 14 1
1 17 1
1 24 1
1 29 1
1 37 1
1 55 1
1 58 1
1 65 1
1 83 1
1 91 1
1 95 1
1 96 1
1 102 1
1 103 1
1 107 1
2 4 1
2 13 1
2 16 1
2 24 1
2 37 1
2 49 1
2 56 1
2 62 1
2 65 1
2 71 1
2 80 1
2 83 1
2 87 1
2 93 1
2 100 1
3 4 1
3 11 1
3 14 1
3 15 1
3 31 1
3 32 1
3 36 1
3 40 1
3 41 1
3 42 1
3 46 1
3 47 1
3 48 1
3 60 1
3 62 1
3 71 1
3 77 1
3 81 1
3 84 1
3 92 1
3 105 1
4 18 1
4 33 1
4 38 1
4 40 1
4 52 1
4 56 1
4 64 1
4 65 1
4 67 1
4 73 1
4 82 1
4 86 1
4 94 1
5 8 1
5 13 1
5 25 1
5 29 1
5 30 1
5 35 1
5 39 1
5 42 1
5 46 1
5 49 1
5 51 1
5 53 1
5 55 1
5 57 1
5 64 1
5 66 1
5 78 1
5 80 1
5 85 1
5 87 1
5 89 1
5 91 1
5 93 1
5 105 1
6 10 1
6 11 1
6 13 1
6 15 1
6 16 1
6 28 1
6 43 1
6 48 1
6 50 1
6 52 1
6 53 1
6 64 1
6 73 1
6 87 1
6 89 1
6 91 1
6 106 1
7 21 1
7 24 1
7 27 1
7 29 1
7 37 1
7 44 1
7 45 1
7 47 1
7 52 1
7 54 1
7 67 1
7 72 1
7 75 1
7 80 1
7 84 1
7 91 1
7 96 1
7 97 1
7 105 1
7 106 1
7 107 1
7 108 1
8 16 1
8 17 1
8 23 1
8 25 1
8 26 1
8 51 1
8 52 1
8 61 1
8 64 1
8 68 1
8 72 1
8 84 1
8 86 1
8 92 1
8 105 1
8 108 1
9 11 1
9 18 1
9 22 1
9 23 1
9 59 1
9 64 1
9 67 1
9 78 1
9 82 1
9 83 1
9 84 1
9 91 1
9 94 1
9 97 1
9 98 1
9 102 1
9 103 1
9 104 1
9 105 1
10 26 1
10 32 1
10 56 1
10 57 1
10 59 1
10 61 1
10 65 1
10 81 1
10 87 1
10 90 1
10 101 1
10 102 1
10 104 1
10 109 1
11 36 1
11 37 1
11 55 1
11 61 1
11 63 1
11 67 1
11 71 1
11 74 1
11 79 1
11 88 1
11 91 1
11 92 1
11 99 1
12 23 1
12 24 1
12 27 1
12 33 1
12 44 1
12 47 1
12 54 1
12 60 1
12 67 1
12 75 1
12 76 1
12 89 1
12 97 1
12 98 1
12 106 1
13 14 1
13 17 1
13 19 1
13 22 1
13 23 1
13 24 1
13 28 1
13 29 1
13 37 1
13 41 1
13 46 1
13 49 1
13 53 1
13 68 1
13 70 1
13 73 1
13 89 1
13 91 1
13 92 1
14 16 1
14 23 1
14 27 1
14 31 1
14 49 1
14 56 1
14 61 1
14 92 1
14 96 1
14 98 1
14 99 1
14 103 1
14 108 1
15 28 1
15 52 1
15 53 1
15 56 1
15 62 1
15 63 1
15 69 1
15 77 1
15 80 1
15 95 1
15 97 1
15 107 1
15 108 1
16 24 1
16 27 1
16 36 1
16 42 1
16 49 1
16 56 1
16 58 1
16 66 1
16 67 1
16 85 1
16 87 1
16 89 1
16 102 1
16 103 1
16 104 1
16 108 1
17 20 1
17 21 1
17 36 1
17 45 1
17 52 1
17 55 1
17 58 1
17 61 1
17 72 1
17 74 1
17 75 1
17 77 1
17 79 1
17 80 1
17 102 1
18 19 1
18 26 1
18 42 1
18 45 1
18 46 1
18 50 1
18 65 1
18 69 1
18 70 1
18 76 1
18 80 1
18 81 1
18 96 1
18 98 1
18 101 1
19 24 1
19 27 1
19 45 1
19 69 1
19 79 1
19 93 1
19 99 1
19 101 1
19 103 1
19 104 1
20 22 1
20 25 1
20 28 1
20 29 1
20 37 1
20 40 1
20 42 1
20 47 1
20 48 1
20 54 1
20 60 1
20 62 1
20 78 1
20 87 1
20 90 1
20 96 1
21 27 1
21 29 1
21 31 1
21 34 1
21 36 1
21 39 1
21 49 1
21 61 1
21 62 1
21 79 1
21 84 1
21 88 1
21 94 1
21 102 1
21 105 1
22 23 1
22 31 1
22 40 1
22 46 1
22 47 1
22 53 1
22 56 1
22 82 1
22 101 1
22 102 1
22 103 1
22 104 1
22 109 1
23 37 1
23 44 1
23 46 1
23 72 1
23 76 1
23 82 1
23 84 1
23 91 1
23 93 1
23 96 1
23 102 1
23 109 1
24 33 1
24 37 1
24 41 1
24 49 1
24 59 1
24 70 1
24 71 1
24 74 1
24 75 1
24 78 1
24 80 1
24 97 1
24 100 1
24 101 1
25 28 1
25 29 1
25 33 1
25 36 1
25 40 1
25 42 1
25 44 1
25 45 1
25 48 1
25 70 1
25 71 1
25 82 1
25 103 1
26 32 1
26 36 1
26 48 1
26 49 1
26 53 1
26 56 1
26 72 1
26 77 1
26 90 1
26 97 1
27 29 1
27 39 1
27 44 1
27 52 1
27 54 1
27 56 1
27 62 1
27 66 1
27 74 1
27 75 1
27 80 1
27 81 1
27 85 1
27 95 1
27 98 1
27 102 1
27 107 1
28 37 1
28 43 1
28 44 1
28 52 1
28 56 1
28 57 1
28 65 1
28 74 1
28 75 1
28 78 1
28 81 1
28 82 1
28 84 1
28 92 1
28 97 1
28 105 1
29 31 1
29 36 1
29 44 1
29 45 1
29 48 1
29 50 1
29 54 1
29 56 1
29 64 1
29 66 1
29 84 1
29 88 1
29 89 1
29 94 1
29 95 1
29 97 1
30 32 1
30 33 1
30 38 1
30 50 1
30 51 1
30 52 1
30 59 1
30 60 1
30 63 1
30 64 1
30 82 1
30 84 1
30 88 1
30 94 1
30 96 1
30 97 1
31 33 1
31 41 1
31 46 1
31 50 1
31 52 1
31 55 1
31 65 1
31 68 1
31 72 1
31 74 1
31 76 1
31 84 1
31 85 1
31 90 1
31 92 1
31 102 1
31 103 1
31 107 1
31 109 1
32 33 1
32 34 1
32 35 1
32 51 1
32 52 1
32 58 1
32 66 1
32 70 1
32 79 1
32 80 1
32 97 1
32 104 1
33 36 1
33 52 1
33 56 1
33 61 1
33 70 1
33 80 1
33 93 1
34 36 1
34 47 1
34 81 1
34 82 1
34 84 1
34 86 1
34 87 1
34 92 1
34 102 1
35 37 1
35 40 1
35 46 1
35 67 1
35 74 1
35 80 1
35 84 1
35 88 1
35 104 1
36 49 1
36 57 1
36 65 1
36 69 1
36 71 1
36 77 1
36 83 1
36 92 1
36 100 1
37 46 1
37 51 1
37 68 1
37 70 1
37 74 1
37 75 1
37 77 1
37 81 1
37 91 1
37 94 1
37 103 1
37 107 1
38 41 1
38 46 1
38 53 1
38 84 1
38 86 1
38 100 1
38 108 1
39 50 1
39 51 1
39 60 1
39 75 1
39 79 1
39 80 1
39 85 1
39 93 1
39 98 1
39 109 1
40 49 1
40 54 1
40 60 1
40 63 1
40 67 1
40 74 1
40 75 1
40 76 1
40 77 1
40 81 1
40 84 1
40 86 1
40 101 1
40 106 1
40 107 1
41 46 1
41 51 1
41 54 1
41 55 1
41 56 1
41 70 1
41 71 1
41 78 1
41 88 1
41 90 1
41 91 1
41 93 1
41 95 1
41 100 1
41 102 1
41 107 1
41 108 1
42 47 1
42 49 1
42 53 1
42 62 1
42 63 1
42 65 1
42 69 1
42 70 1
42 72 1
42 87 1
42 90 1
42 91 1
42 96 1
42 99 1
43 46 1
43 48 1
43 53 1
43 56 1
43 58 1
43 59 1
43 66 1
43 69 1
43 70 1
43 74 1
43 81 1
43 82 1
43 99 1
43 101 1
44 46 1
44 49 1
44 65 1
44 72 1
44 73 1
44 76 1
44 96 1
44 97 1
44 100 1
44 102 1
45 47 1
45 48 1
45 52 1
45 59 1
45 66 1
45 71 1
45 74 1
45 93 1
45 100 1
46 58 1
46 63 1
46 68 1
46 71 1
46 87 1
46 93 1
46 96 1
46 101 1
46 106 1
47 51 1
47 54 1
47 62 1
47 63 1
47 79 1
47 87 1
47 89 1
47 101 1
47 104 1
48 53 1
48 62 1
48 65 1
48 66 1
48 74 1
48 85 1
48 87 1
48 95 1
48 99 1
48 102 1
48 103 1
48 105 1
48 106 1
49 64 1
49 76 1
49 77 1
49 79 1
49 95 1
49 103 1
50 54 1
50 57 1
50 59 1
50 68 1
50 73 1
50 74 1
50 85 1
50 87 1
50 88 1
50 90 1
51 55 1
51 63 1
51 74 1
51 75 1
51 76 1
51 77 1
51 82 1
51 90 1
51 93 1
51 105 1
52 55 1
52 59 1
52 67 1
52 92 1
52 94 1
52 104 1
52 105 1
52 107 1
52 108 1
53 55 1
53 60 1
53 74 1
53 75 1
53 79 1
53 84 1
53 86 1
53 97 1
53 109 1
54 62 1
54 68 1
54 70 1
54 73 1
54 75 1
54 87 1
54 91 1
54 97 1
54 100 1
54 109 1
55 65 1
55 78 1
55 85 1
55 87 1
56 67 1
56 70 1
56 72 1
56 88 1
56 89 1
56 99 1
56 100 1
56 104 1
56 105 1
57 58 1
57 71 1
57 78 1
57 85 1
57 90 1
57 96 1
57 109 1
58 72 1
58 88 1
58 94 1
58 95 1
58 100 1
58 101 1
58 103 1
58 105 1
58 108 1
59 63 1
59 81 1
59 93 1
59 94 1
59 99 1
59 104 1
59 105 1
59 109 1
60 67 1
60 69 1
60 76 1
60 77 1
60 78 1
60 81 1
60 83 1
60 90 1
60 107 1
61 64 1
61 65 1
61 72 1
61 74 1
61 75 1
61 82 1
61 88 1
61 93 1
61 94 1
61 98 1
61 103 1
62 65 1
62 77 1
62 78 1
62 83 1
62 89 1
62 95 1
62 101 1
62 107 1
62 108 1
63 70 1
63 71 1
63 74 1
63 84 1
64 65 1
64 72 1
64 78 1
64 80 1
64 81 1
64 85 1
64 105 1
64 106 1
64 109 1
65 70 1
65 80 1
65 81 1
65 90 1
65 96 1
65 97 1
65 98 1
65 105 1
65 107 1
66 85 1
66 100 1
66 103 1
67 71 1
67 77 1
67 80 1
67 83 1
67 86 1
67 87 1
67 90 1
67 92 1
67 96 1
67 102 1
67 107 1
68 77 1
68 79 1
68 80 1
68 84 1
68 85 1
68 87 1
68 91 1
68 93 1
68 98 1
68 101 1
68 102 1
68 105 1
68 108 1
69 71 1
69 87 1
69 89 1
69 99 1
70 72 1
70 81 1
70 82 1
70 87 1
70 92 1
70 95 1
70 102 1
70 107 1
70 109 1
71 80 1
71 83 1
71 86 1
71 90 1
71 91 1
71 98 1
71 103 1
71 107 1
71 109 1
72 73 1
72 89 1
72 99 1
72 100 1
72 102 1
72 108 1
73 75 1
73 77 1
73 83 1
73 86 1
73 89 1
73 92 1
73 98 1
73 100 1
73 106 1
73 109 1
74 76 1
74 78 1
74 85 1
74 100 1
74 102 1
74 106 1
74 109 1
75 85 1
75 89 1
75 96 1
75 97 1
75 102 1
75 103 1
75 108 1
76 83 1
76 84 1
76 86 1
76 89 1
76 95 1
76 97 1
76 105 1
77 78 1
77 86 1
77 93 1
77 102 1
77 106 1
78 79 1
78 80 1
78 83 1
78 84 1
78 86 1
78 106 1
78 109 1
79 84 1
79 85 1
79 90 1
79 93 1
79 99 1
80 82 1
80 85 1
80 86 1
80 88 1
80 90 1
81 87 1
81 89 1
81 97 1
82 87 1
82 93 1
82 109 1
83 93 1
83 96 1
83 99 1
83 102 1
84 85 1
84 102 1
85 86 1
85 96 1
85 100 1
86 91 1
86 98 1
86 99 1
87 100 1
87 103 1
87 106 1
88 94 1
88 98 1
88 105 1
88 109 1
89 90 1
89 93 1
89 102 1
89 106 1
89 108 1
90 92 1
90 94 1
90 96 1
90 104 1
90 106 1
90 109 1
91 96 1
91 109 1
92 97 1
92 101 1
92 102 1
92 106 1
93 96 1
93 101 1
93 103 1
94 97 1
94 98 1
94 100 1
94 104 1
95 96 1
95 105 1
95 108 1
96 99 1
97 109 1
98 101 1
99 107 1
100 108 1
102 108 1
103 108 1
104 105 1
108 109 1
1
59 23 43 55 98 70 84 6 67 7 74
