688
0 11 1
0 16 1
0 20 1
0 24 1
0 25 1
0 27 1
0 35 1
0 36 1
0 39 1
0 42 1
0 47 1
0 51 1
0 52 1
0 56 1
0 61 1
0 64 1
0 79 1
1 3 1
1 4 1
1 7 1
1 11 1
1 13 1
1 20 1
1 21 1
1 22 1
1 25 1
1 27 1
1 31 1
1 45 1
1 49 1
1 53 1
1 55 1
1 57 1
1 59 1
1 66 1
1 76 1
1 78 1
1 79 1
2 4 1
2 8 1
2 10 1
2 15 1
2 24 1
2 26 1
2 28 1
2 35 1
2 39 1
2 42 1
2 52 1
2 68 1
2 69 1
2 73 1
2 77 1
3 10 1
3 15 1
3 18 1
3 29 1
3 35 1
3 43 1
3 46 1
3 49 1
3 51 1
3 55 1
3 58 1
3 68 1
3 69 1
3 71 1
3 72 1
4 5 1
4 20 1
4 21 1
4 24 1
4 26 1
4 27 1
4 42 1
4 50 1
4 51 1
4 53 1
4 58 1
4 65 1
4 72 1
4 74 1
4 75 1
5 7 1
5 8 1
5 10 1
5 12 1
5 14 1
5 17 1
5 22 1
5 29 1
5 39 1
5 50 1
5 52 1
5 56 1
5 68 1
5 71 1
5 75 1
5 78 1
6 7 1
6 24 1
6 49 1
6 50 1
6 53 1
6 59 1
6 65 1
6 67 1
6 71 1
6 73 1
7 8 1
7 11 1
7 13 1
7 24 1
7 27 1
7 34 1
7 36 1
7 42 1
7 43 1
7 49 1
7 60 1
7 70 1
7 71 1
7 73 1
8 11 1
8 15 1
8 18 1
8 20 1
8 21 1
8 22 1
8 24 1
8 25 1
8 27 1
8 31 1
8 38 1
8 49 1
8 51 1
8 52 1
8 56 1
8 59 1
8 62 1
8 64 1
8 68 1
8 70 1
8 79 1
9 11 1
9 17 1
9 20 1
9 21 1
9 22 1
9 28 1
9 30 1
9 34 1
9 37 1
9 38 1
9 40 1
9 41 1
9 43 1
9 44 1
9 47 1
9 60 1
9 70 1
9 71 1
9 77 1
10 22 1
10 36 1
10 43 1
10 49 1
10 52 1
10 59 1
10 63 1
10 68 1
10 70 1
10 73 1
10 74 1
10 75 1
10 77 1
11 13 1
11 15 1
11 17 1
11 23 1
11 40 1
11 42 1
11 53 1
11 54 1
11 55 1
11 59 1
11 74 1
12 16 1
12 17 1
12 19 1
12 20 1
12 22 1
12 30 1
12 40 1
12 41 1
12 48 1
12 62 1
12 64 1
12 66 1
12 69 1
12 70 1
13 16 1
13 17 1
13 19 1
13 22 1
13 24 1
13 33 1
13 40 1
13 48 1
13 52 1
13 57 1
13 79 1
14 15 1
14 22 1
14 43 1
14 45 1
14 55 1
14 58 1
14 65 1
14 66 1
14 74 1
15 17 1
15 23 1
15 34 1
15 37 1
15 38 1
15 40 1
15 44 1
15 52 1
15 53 1
15 54 1
15 55 1
15 57 1
15 59 1
15 61 1
15 64 1
15 71 1
15 76 1
16 21 1
16 22 1
16 24 1
16 27 1
16 33 1
16 40 1
16 46 1
16 55 1
16 60 1
16 63 1
17 24 1
17 27 1
17 31 1
17 35 1
17 37 1
17 39 1
17 43 1
17 49 1
17 50 1
17 52 1
17 54 1
17 67 1
17 71 1
17 74 1
18 22 1
18 31 1
18 32 1
18 35 1
18 38 1
18 43 1
18 44 1
18 48 1
18 49 1
18 55 1
18 60 1
18 66 1
18 67 1
18 68 1
18 70 1
18 72 1
18 77 1
18 78 1
19 21 1
19 22 1
19 26 1
19 39 1
19 40 1
19 51 1
19 62 1
19 64 1
19 67 1
20 21 1
20 24 1
20 29 1
20 32 1
20 39 1
20 40 1
20 44 1
20 49 1
20 59 1
20 64 1
20 66 1
20 71 1
20 76 1
20 79 1
21 26 1
21 28 1
21 32 1
21 34 1
21 38 1
21 40 1
21 41 1
21 44 1
21 45 1
21 48 1
21 50 1
21 53 1
21 56 1
21 60 1
21 63 1
21 64 1
21 70 1
21 72 1
21 76 1
21 77 1
22 28 1
22 30 1
22 36 1
22 41 1
22 48 1
22 51 1
22 60 1
23 35 1
23 37 1
23 42 1
23 43 1
23 53 1
23 57 1
23 58 1
23 59 1
23 63 1
23 68 1
24 27 1
24 28 1
24 40 1
24 44 1
24 49 1
24 52 1
24 55 1
24 61 1
24 62 1
24 64 1
24 66 1
24 68 1
24 73 1
24 76 1
24 77 1
24 79 1
25 26 1
25 27 1
25 28 1
25 29 1
25 32 1
25 34 1
25 40 1
25 43 1
25 45 1
25 46 1
25 55 1
25 58 1
25 60 1
25 64 1
25 68 1
25 74 1
25 78 1
25 79 1
26 28 1
26 35 1
26 42 1
26 47 1
26 49 1
26 53 1
26 59 1
26 62 1
26 68 1
27 37 1
27 41 1
27 43 1
27 45 1
27 57 1
27 60 1
27 61 1
27 63 1
27 70 1
27 71 1
27 74 1
27 75 1
28 31 1
28 32 1
28 33 1
28 37 1
28 39 1
28 45 1
28 53 1
28 54 1
28 57 1
28 73 1
29 35 1
29 40 1
29 45 1
29 46 1
29 48 1
29 55 1
29 57 1
29 58 1
29 63 1
29 65 1
29 66 1
29 74 1
29 75 1
29 76 1
30 40 1
30 41 1
30 48 1
30 49 1
30 51 1
30 67 1
30 72 1
30 74 1
30 76 1
31 35 1
31 39 1
31 47 1
31 48 1
31 49 1
31 50 1
31 52 1
31 56 1
31 62 1
31 67 1
31 68 1
31 74 1
31 76 1
31 77 1
32 40 1
32 43 1
32 45 1
32 48 1
32 57 1
32 59 1
32 70 1
32 76 1
33 34 1
33 37 1
33 41 1
33 48 1
33 53 1
33 57 1
33 66 1
34 39 1
34 53 1
34 59 1
34 60 1
34 64 1
34 68 1
34 74 1
35 44 1
35 54 1
35 57 1
35 71 1
35 78 1
36 42 1
36 44 1
36 52 1
36 54 1
36 57 1
36 61 1
36 64 1
36 66 1
36 70 1
36 71 1
36 76 1
36 77 1
37 45 1
37 51 1
37 60 1
37 64 1
37 78 1
38 39 1
38 40 1
38 54 1
38 62 1
38 67 1
38 69 1
38 70 1
38 75 1
39 41 1
39 42 1
39 57 1
39 58 1
39 63 1
39 64 1
39 72 1
39 75 1
39 76 1
39 77 1
40 45 1
40 47 1
40 49 1
40 52 1
40 58 1
40 62 1
40 65 1
40 66 1
40 68 1
40 70 1
40 73 1
40 74 1
40 76 1
40 78 1
41 44 1
41 47 1
41 51 1
41 52 1
41 56 1
41 59 1
41 62 1
41 69 1
41 70 1
41 74 1
41 77 1
42 45 1
42 49 1
42 54 1
42 55 1
42 56 1
42 58 1
42 59 1
42 60 1
42 63 1
42 68 1
42 69 1
42 70 1
42 71 1
42 75 1
42 78 1
43 45 1
43 49 1
43 50 1
43 51 1
43 57 1
43 64 1
43 66 1
43 74 1
44 47 1
44 56 1
44 57 1
44 60 1
44 66 1
45 54 1
45 55 1
45 58 1
45 60 1
45 63 1
45 70 1
46 50 1
46 51 1
46 53 1
46 66 1
46 69 1
46 71 1
46 77 1
47 53 1
47 71 1
47 75 1
47 76 1
48 50 1
48 64 1
48 65 1
48 66 1
48 71 1
48 73 1
48 79 1
49 54 1
49 71 1
49 74 1
50 52 1
50 56 1
50 65 1
50 73 1
51 52 1
51 53 1
51 61 1
51 62 1
51 64 1
51 65 1
51 66 1
51 70 1
52 53 1
52 58 1
52 60 1
52 69 1
52 71 1
52 72 1
52 74 1
53 54 1
53 67 1
53 71 1
53 72 1
53 76 1
53 79 1
54 55 1
54 58 1
54 61 1
54 63 1
54 64 1
54 65 1
54 66 1
54 67 1
54 73 1
54 75 1
54 78 1
54 79 1
55 57 1
55 58 1
55 62 1
55 73 1
55 77 1
55 78 1
56 60 1
56 62 1
56 63 1
56 65 1
56 67 1
56 68 1
56 73 1
56 75 1
56 76 1
57 59 1
57 70 1
58 68 1
58 72 1
58 74 1
58 79 1
59 60 1
59 63 1
59 66 1
59 68 1
59 70 1
59 72 1
60 66 1
60 75 1
61 62 1
61 69 1
61 71 1
61 74 1
61 76 1
61 79 1
62 63 1
62 66 1
62 67 1
62 68 1
63 71 1
64 71 1
64 79 1
65 71 1
65 75 1
65 79 1
66 68 1
66 69 1
66 73 1
66 74 1
66 76 1
66 77 1
67 73 1
67 75 1
68 71 1
68 77 1
69 73 1
69 78 1
69 79 1
70 78 1
71 77 1
72 75 1
73 74 1
73 75 1
74 75 1
74 77 1
74 78 1
75 79 1
1
69 22 45 63 77 10 58 40
