193
0 2 1
0 3 1
0 4 1
0 5 1
0 9 1
0 10 1
0 11 1
0 13 1
0 20 1
0 22 1
0 23 1
0 25 1
0 27 1
1 5 1
1 6 1
1 7 1
1 8 1
1 10 1
1 11 1
1 12 1
1 15 1
1 16 1
1 19 1
1 21 1
1 23 1
1 24 1
1 29 1
2 3 1
2 11 1
2 13 1
2 14 1
2 22 1
2 23 1
2 24 1
2 27 1
3 4 1
3 5 1
3 6 1
3 8 1
3 9 1
3 10 1
3 12 1
3 13 1
3 17 1
3 18 1
3 19 1
3 21 1
3 26 1
4 6 1
4 7 1
4 8 1
4 9 1
4 10 1
4 13 1
4 15 1
4 16 1
4 20 1
4 24 1
4 25 1
4 27 1
4 28 1
5 6 1
5 9 1
5 11 1
5 13 1
5 15 1
5 19 1
5 22 1
5 24 1
5 27 1
5 28 1
6 7 1
6 10 1
6 12 1
6 19 1
6 22 1
6 25 1
6 26 1
6 29 1
7 10 1
7 11 1
7 15 1
7 20 1
7 24 1
7 26 1
7 28 1
8 9 1
8 12 1
8 14 1
8 18 1
8 23 1
8 24 1
8 27 1
8 28 1
9 10 1
9 13 1
9 14 1
9 17 1
9 18 1
9 20 1
9 21 1
9 23 1
9 26 1
9 27 1
9 29 1
10 12 1
10 13 1
10 14 1
10 18 1
10 19 1
10 21 1
10 22 1
10 23 1
10 28 1
10 29 1
11 13 1
11 17 1
11 21 1
11 22 1
11 23 1
11 28 1
12 14 1
12 16 1
12 17 1
12 20 1
12 21 1
12 25 1
12 27 1
12 28 1
13 21 1
13 22 1
13 23 1
13 25 1
13 26 1
13 28 1
14 16 1
14 17 1
14 18 1
14 20 1
14 21 1
14 23 1
14 26 1
14 27 1
14 28 1
15 16 1
15 17 1
15 18 1
15 20 1
15 21 1
15 23 1
15 24 1
16 19 1
16 22 1
16 23 1
16 27 1
16 29 1
17 18 1
17 20 1
17 21 1
17 22 1
17 23 1
17 26 1
17 27 1
18 20 1
18 23 1
18 28 1
19 21 1
19 22 1
19 23 1
20 21 1
20 25 1
20 28 1
20 29 1
21 24 1
21 25 1
21 26 1
21 27 1
21 29 1
22 23 1
23 25 1
23 26 1
23 27 1
24 25 1
24 26 1
25 26 1
25 27 1
25 28 1
25 29 1
26 27 1
26 28 1
26 29 1
27 29 1
28 29 1
1
17 14 24
