604
0 5 1
0 6 1
0 11 1
0 12 1
0 18 1
0 28 1
0 31 1
0 32 1
0 37 1
0 42 1
0 46 1
0 47 1
0 48 1
0 55 1
0 58 1
1 2 1
1 3 1
1 10 1
1 12 1
1 13 1
1 23 1
1 44 1
1 48 1
1 51 1
1 60 1
1 63 1
1 68 1
2 3 1
2 4 1
2 8 1
2 14 1
2 16 1
2 23 1
2 24 1
2 27 1
2 29 1
2 30 1
2 32 1
2 34 1
2 35 1
2 37 1
2 40 1
2 42 1
2 46 1
2 49 1
2 50 1
2 51 1
2 55 1
2 56 1
2 60 1
2 61 1
2 65 1
2 67 1
3 5 1
3 7 1
3 12 1
3 15 1
3 16 1
3 17 1
3 19 1
3 20 1
3 23 1
3 35 1
3 36 1
3 37 1
3 38 1
3 40 1
3 44 1
3 48 1
3 49 1
3 58 1
3 60 1
3 62 1
3 63 1
4 12 1
4 19 1
4 21 1
4 27 1
4 28 1
4 35 1
4 38 1
4 39 1
4 42 1
4 49 1
4 51 1
4 53 1
4 54 1
4 55 1
4 57 1
4 58 1
4 62 1
4 64 1
5 13 1
5 17 1
5 19 1
5 34 1
5 35 1
5 42 1
5 44 1
5 47 1
5 52 1
5 61 1
6 7 1
6 11 1
6 12 1
6 13 1
6 22 1
6 27 1
6 30 1
6 31 1
6 34 1
6 35 1
6 36 1
6 40 1
6 42 1
6 43 1
6 47 1
6 48 1
6 49 1
6 51 1
6 55 1
6 57 1
7 10 1
7 12 1
7 14 1
7 15 1
7 17 1
7 21 1
7 24 1
7 25 1
7 27 1
7 28 1
7 33 1
7 34 1
7 37 1
7 46 1
7 49 1
7 51 1
7 53 1
7 59 1
8 9 1
8 12 1
8 18 1
8 19 1
8 20 1
8 26 1
8 31 1
8 36 1
8 37 1
8 41 1
8 45 1
8 47 1
8 50 1
8 56 1
8 60 1
8 69 1
9 10 1
9 12 1
9 15 1
9 25 1
9 26 1
9 32 1
9 33 1
9 36 1
9 37 1
9 44 1
9 46 1
9 49 1
9 53 1
9 57 1
9 63 1
9 67 1
10 15 1
10 27 1
10 30 1
10 34 1
10 42 1
10 44 1
10 48 1
10 57 1
10 61 1
11 18 1
11 20 1
11 22 1
11 27 1
11 39 1
11 48 1
11 56 1
11 60 1
11 66 1
11 67 1
12 15 1
12 18 1
12 19 1
12 20 1
12 23 1
12 32 1
12 38 1
12 42 1
12 43 1
12 52 1
12 53 1
12 58 1
12 60 1
12 63 1
12 65 1
12 68 1
13 16 1
13 17 1
13 24 1
13 25 1
13 29 1
13 31 1
13 32 1
13 33 1
13 34 1
13 39 1
13 47 1
13 58 1
13 59 1
13 60 1
13 64 1
13 66 1
14 20 1
14 25 1
14 26 1
14 31 1
14 32 1
14 33 1
14 42 1
14 45 1
14 46 1
14 51 1
14 54 1
14 59 1
15 23 1
15 25 1
15 28 1
15 29 1
15 31 1
15 42 1
15 45 1
15 51 1
15 61 1
15 65 1
15 67 1
16 17 1
16 18 1
16 19 1
16 21 1
16 37 1
16 43 1
16 44 1
16 45 1
16 46 1
16 51 1
16 55 1
16 60 1
16 63 1
17 26 1
17 30 1
17 32 1
17 33 1
17 34 1
17 44 1
17 47 1
17 49 1
17 50 1
17 52 1
17 53 1
17 56 1
17 60 1
18 19 1
18 20 1
18 34 1
18 39 1
18 45 1
18 46 1
18 50 1
18 51 1
18 56 1
18 58 1
18 61 1
18 63 1
18 68 1
19 20 1
19 21 1
19 27 1
19 38 1
19 39 1
19 40 1
19 41 1
19 47 1
19 52 1
19 55 1
19 59 1
19 61 1
19 63 1
19 68 1
19 69 1
20 22 1
20 25 1
20 26 1
20 28 1
20 29 1
20 30 1
20 38 1
20 45 1
20 49 1
20 52 1
20 54 1
20 61 1
20 64 1
20 66 1
21 22 1
21 23 1
21 39 1
21 40 1
21 41 1
21 49 1
21 63 1
22 24 1
22 25 1
22 27 1
22 30 1
22 32 1
22 33 1
22 34 1
22 42 1
22 43 1
22 52 1
22 53 1
22 54 1
22 55 1
22 58 1
22 59 1
22 60 1
22 61 1
22 68 1
23 24 1
23 26 1
23 29 1
23 33 1
23 37 1
23 38 1
23 39 1
23 49 1
23 54 1
23 55 1
23 56 1
23 58 1
23 64 1
23 68 1
24 27 1
24 28 1
24 42 1
24 44 1
24 52 1
24 55 1
24 56 1
24 57 1
24 60 1
24 61 1
24 66 1
25 28 1
25 30 1
25 36 1
25 37 1
25 44 1
25 50 1
25 52 1
25 59 1
25 60 1
25 66 1
26 27 1
26 29 1
26 30 1
26 41 1
26 43 1
26 44 1
26 46 1
26 55 1
26 56 1
26 61 1
26 64 1
26 68 1
27 31 1
27 32 1
27 35 1
27 38 1
27 40 1
27 41 1
27 44 1
27 46 1
27 49 1
27 50 1
27 51 1
27 53 1
27 59 1
27 61 1
27 63 1
28 29 1
28 30 1
28 32 1
28 33 1
28 36 1
28 44 1
28 46 1
28 47 1
28 49 1
28 54 1
28 60 1
28 62 1
28 63 1
28 65 1
28 67 1
29 31 1
29 34 1
29 35 1
29 43 1
29 45 1
29 46 1
29 47 1
29 48 1
29 54 1
29 68 1
30 32 1
30 37 1
30 50 1
30 52 1
30 55 1
30 65 1
30 67 1
30 68 1
30 69 1
31 39 1
31 48 1
31 49 1
31 53 1
31 55 1
31 58 1
31 61 1
31 65 1
31 69 1
32 33 1
32 36 1
32 38 1
32 46 1
32 52 1
32 55 1
32 56 1
32 59 1
32 66 1
33 36 1
33 38 1
33 39 1
33 40 1
33 45 1
33 58 1
33 64 1
33 65 1
33 67 1
34 36 1
34 37 1
34 38 1
34 59 1
34 63 1
34 64 1
35 37 1
35 42 1
35 46 1
35 50 1
35 51 1
35 52 1
35 54 1
35 56 1
35 62 1
35 64 1
36 39 1
36 41 1
36 44 1
36 45 1
36 49 1
36 52 1
36 56 1
36 63 1
36 64 1
36 65 1
37 39 1
37 41 1
37 45 1
37 55 1
37 56 1
37 63 1
37 64 1
37 69 1
38 40 1
38 42 1
38 43 1
38 50 1
38 62 1
38 63 1
39 41 1
39 46 1
39 48 1
39 60 1
39 66 1
40 41 1
40 49 1
40 51 1
40 55 1
40 62 1
41 46 1
41 47 1
41 49 1
41 52 1
41 55 1
41 58 1
41 59 1
41 63 1
42 56 1
42 57 1
42 58 1
42 60 1
42 63 1
42 66 1
42 68 1
43 48 1
43 49 1
43 55 1
43 62 1
43 63 1
43 65 1
44 48 1
44 49 1
44 50 1
44 54 1
44 64 1
44 65 1
45 53 1
45 55 1
45 56 1
45 58 1
45 63 1
45 65 1
45 66 1
45 68 1
46 52 1
46 59 1
46 62 1
47 59 1
47 64 1
47 68 1
48 52 1
48 54 1
48 57 1
48 68 1
49 54 1
49 65 1
50 51 1
50 52 1
50 61 1
50 67 1
51 57 1
51 58 1
51 61 1
51 69 1
52 54 1
52 55 1
52 62 1
52 65 1
53 60 1
53 65 1
54 57 1
54 58 1
54 63 1
54 68 1
55 63 1
55 64 1
55 67 1
55 69 1
56 59 1
56 62 1
56 64 1
57 65 1
58 61 1
58 66 1
59 60 1
59 65 1
60 63 1
60 64 1
60 66 1
61 65 1
61 66 1
61 67 1
61 68 1
62 64 1
62 65 1
62 68 1
63 68 1
64 68 1
65 69 1
66 67 1
67 69 1
1
44 7 52 17 39 18 51
