476
0 5 1
0 7 1
0 8 1
0 12 1
0 15 1
0 16 1
0 22 1
0 23 1
0 25 1
0 29 1
0 33 1
0 40 1
0 48 1
1 2 1
1 9 1
1 13 1
1 16 1
1 17 1
1 18 1
1 22 1
1 23 1
1 30 1
1 32 1
1 34 1
1 38 1
1 39 1
1 40 1
1 48 1
1 59 1
2 4 1
2 14 1
2 18 1
2 21 1
2 22 1
2 23 1
2 25 1
2 28 1
2 30 1
2 32 1
2 36 1
2 37 1
2 50 1
2 51 1
2 52 1
2 54 1
2 59 1
3 4 1
3 5 1
3 10 1
3 13 1
3 16 1
3 17 1
3 19 1
3 20 1
3 21 1
3 26 1
3 29 1
3 33 1
3 43 1
3 44 1
3 45 1
3 51 1
3 56 1
3 59 1
4 5 1
4 7 1
4 10 1
4 24 1
4 28 1
4 35 1
4 39 1
4 42 1
4 44 1
4 48 1
4 49 1
4 53 1
4 55 1
4 57 1
4 58 1
5 8 1
5 13 1
5 14 1
5 15 1
5 23 1
5 26 1
5 30 1
5 33 1
5 43 1
5 44 1
5 51 1
5 53 1
5 56 1
6 12 1
6 18 1
6 23 1
6 24 1
6 25 1
6 26 1
6 34 1
6 36 1
6 37 1
6 40 1
6 45 1
6 51 1
6 53 1
6 55 1
6 56 1
6 57 1
7 11 1
7 13 1
7 15 1
7 19 1
7 27 1
7 28 1
7 31 1
7 32 1
7 39 1
7 48 1
7 51 1
7 52 1
7 58 1
8 9 1
8 16 1
8 17 1
8 25 1
8 38 1
8 44 1
8 50 1
8 51 1
8 57 1
9 19 1
9 22 1
9 23 1
9 24 1
9 32 1
9 35 1
9 39 1
9 41 1
9 42 1
9 44 1
9 45 1
9 46 1
9 47 1
9 48 1
9 50 1
9 53 1
9 55 1
9 59 1
10 11 1
10 12 1
10 14 1
10 16 1
10 18 1
10 22 1
10 28 1
10 44 1
10 51 1
10 55 1
10 59 1
11 14 1
11 16 1
11 30 1
11 32 1
11 38 1
11 39 1
11 45 1
11 49 1
11 54 1
11 56 1
11 57 1
11 58 1
11 59 1
12 14 1
12 20 1
12 21 1
12 24 1
12 27 1
12 31 1
12 33 1
12 39 1
12 41 1
12 44 1
12 47 1
12 50 1
12 51 1
12 52 1
12 54 1
12 56 1
13 17 1
13 20 1
13 30 1
13 35 1
13 40 1
13 42 1
13 46 1
13 47 1
13 52 1
13 55 1
13 56 1
14 20 1
14 22 1
14 23 1
14 27 1
14 31 1
14 32 1
14 39 1
14 46 1
14 48 1
14 50 1
14 52 1
14 58 1
15 19 1
15 29 1
15 35 1
15 39 1
15 41 1
15 42 1
15 45 1
15 49 1
15 51 1
15 52 1
15 55 1
15 56 1
16 20 1
16 22 1
16 25 1
16 38 1
16 44 1
17 27 1
17 32 1
17 33 1
17 39 1
17 45 1
17 54 1
17 55 1
17 56 1
18 20 1
18 21 1
18 22 1
18 24 1
18 32 1
18 36 1
18 42 1
18 44 1
18 49 1
18 50 1
18 53 1
18 55 1
18 57 1
18 58 1
19 26 1
19 31 1
19 35 1
19 36 1
19 38 1
19 40 1
19 42 1
19 44 1
19 46 1
19 47 1
19 48 1
19 50 1
19 54 1
19 58 1
20 22 1
20 33 1
20 34 1
20 40 1
20 42 1
20 44 1
20 48 1
20 50 1
20 53 1
20 54 1
21 22 1
21 26 1
21 28 1
21 40 1
21 48 1
21 49 1
21 54 1
21 55 1
21 56 1
22 23 1
22 24 1
22 25 1
22 30 1
22 33 1
22 35 1
22 38 1
22 47 1
22 53 1
22 54 1
22 55 1
22 57 1
22 59 1
23 24 1
23 25 1
23 27 1
23 29 1
23 36 1
23 42 1
23 49 1
23 52 1
23 53 1
23 54 1
23 55 1
24 27 1
24 29 1
24 32 1
24 34 1
24 36 1
24 37 1
24 43 1
24 44 1
24 46 1
24 48 1
24 50 1
24 51 1
24 55 1
25 27 1
25 32 1
25 33 1
25 37 1
25 45 1
25 46 1
25 53 1
25 54 1
25 56 1
25 59 1
26 27 1
26 34 1
26 39 1
26 41 1
26 43 1
26 50 1
26 53 1
26 56 1
27 28 1
27 39 1
27 40 1
27 41 1
27 44 1
27 47 1
27 51 1
27 56 1
27 58 1
28 29 1
28 40 1
28 46 1
28 51 1
28 58 1
28 59 1
29 30 1
29 31 1
29 39 1
29 40 1
29 42 1
29 48 1
29 51 1
29 53 1
29 54 1
29 57 1
30 41 1
30 44 1
30 46 1
30 53 1
30 55 1
30 57 1
31 32 1
31 35 1
31 38 1
31 41 1
31 44 1
31 47 1
31 49 1
31 51 1
31 53 1
31 57 1
32 36 1
32 39 1
32 41 1
32 42 1
32 44 1
32 46 1
32 50 1
32 51 1
33 37 1
33 43 1
33 49 1
33 51 1
33 53 1
33 54 1
33 55 1
34 38 1
34 39 1
34 42 1
34 43 1
34 55 1
34 56 1
35 41 1
35 42 1
35 46 1
35 56 1
36 51 1
36 52 1
36 53 1
36 56 1
36 57 1
37 39 1
37 41 1
37 46 1
37 49 1
37 51 1
37 54 1
38 42 1
38 43 1
38 44 1
38 46 1
38 48 1
38 52 1
38 53 1
38 57 1
39 40 1
39 43 1
39 46 1
39 49 1
39 53 1
39 55 1
39 58 1
40 42 1
40 45 1
40 46 1
40 54 1
40 56 1
40 58 1
40 59 1
41 51 1
41 52 1
41 54 1
41 57 1
41 59 1
42 46 1
42 59 1
43 44 1
43 47 1
43 50 1
43 53 1
43 57 1
43 58 1
44 52 1
44 54 1
44 57 1
45 54 1
45 55 1
45 59 1
46 51 1
47 49 1
47 54 1
47 55 1
48 55 1
48 56 1
48 58 1
49 52 1
49 55 1
49 56 1
49 57 1
50 52 1
50 53 1
50 55 1
53 56 1
54 55 1
54 56 1
54 57 1
55 58 1
57 58 1
1
28 3 39 58 47 25
