902
0 10 1
0 17 1
0 18 1
0 20 1
0 21 1
0 24 1
0 33 1
0 45 1
0 57 1
0 58 1
0 60 1
0 66 1
0 69 1
0 75 1
0 77 1
0 83 1
0 90 1
0 95 1
0 98 1
1 5 1
1 8 1
1 11 1
1 14 1
1 15 1
1 24 1
1 43 1
1 44 1
1 54 1
1 60 1
1 63 1
1 67 1
1 69 1
1 70 1
1 85 1
1 86 1
1 89 1
2 4 1
2 12 1
2 14 1
2 17 1
2 23 1
2 34 1
2 38 1
2 44 1
2 46 1
2 49 1
2 53 1
2 54 1
2 65 1
2 66 1
2 68 1
2 85 1
2 87 1
2 89 1
3 7 1
3 8 1
3 25 1
3 30 1
3 32 1
3 50 1
3 55 1
3 73 1
3 75 1
3 83 1
3 85 1
3 91 1
3 92 1
3 95 1
4 5 1
4 23 1
4 31 1
4 39 1
4 47 1
4 71 1
4 75 1
4 79 1
4 86 1
5 6 1
5 9 1
5 19 1
5 22 1
5 27 1
5 38 1
5 46 1
5 49 1
5 65 1
5 67 1
5 68 1
5 70 1
5 92 1
6 7 1
6 9 1
6 10 1
6 17 1
6 36 1
6 55 1
6 68 1
6 80 1
6 94 1
6 95 1
6 96 1
6 97 1
6 98 1
7 11 1
7 13 1
7 18 1
7 22 1
7 24 1
7 56 1
7 61 1
7 64 1
7 69 1
7 71 1
7 73 1
7 86 1
7 91 1
7 95 1
7 97 1
8 15 1
8 19 1
8 26 1
8 27 1
8 30 1
8 35 1
8 40 1
8 42 1
8 46 1
8 53 1
8 54 1
8 58 1
8 59 1
8 63 1
8 65 1
8 67 1
8 73 1
8 76 1
8 81 1
8 82 1
8 84 1
8 91 1
8 99 1
9 15 1
9 17 1
9 33 1
9 38 1
9 39 1
9 40 1
9 42 1
9 44 1
9 50 1
9 72 1
9 74 1
9 76 1
9 83 1
9 98 1
10 22 1
10 29 1
10 33 1
10 40 1
10 45 1
10 48 1
10 50 1
10 52 1
10 53 1
10 54 1
10 55 1
10 57 1
10 60 1
10 61 1
10 62 1
10 73 1
10 79 1
10 82 1
10 84 1
10 85 1
10 87 1
10 92 1
10 94 1
10 97 1
11 16 1
11 17 1
11 25 1
11 31 1
11 39 1
11 48 1
11 50 1
11 55 1
11 60 1
11 69 1
11 70 1
11 71 1
11 85 1
11 88 1
11 92 1
11 98 1
12 13 1
12 15 1
12 17 1
12 23 1
12 27 1
12 29 1
12 39 1
12 50 1
12 51 1
12 55 1
12 56 1
12 58 1
12 59 1
12 66 1
12 68 1
12 72 1
12 76 1
12 78 1
12 79 1
12 80 1
12 91 1
13 27 1
13 30 1
13 31 1
13 33 1
13 41 1
13 53 1
13 54 1
13 57 1
13 62 1
13 69 1
13 73 1
13 77 1
13 79 1
13 82 1
13 83 1
13 84 1
14 19 1
14 20 1
14 23 1
14 36 1
14 49 1
14 59 1
14 63 1
14 81 1
14 83 1
14 93 1
15 20 1
15 25 1
15 42 1
15 54 1
15 56 1
15 59 1
15 65 1
15 68 1
15 71 1
15 73 1
15 84 1
15 87 1
16 22 1
16 28 1
16 31 1
16 32 1
16 36 1
16 40 1
16 44 1
16 50 1
16 53 1
16 61 1
16 68 1
16 75 1
16 80 1
16 84 1
16 97 1
16 98 1
17 24 1
17 27 1
17 39 1
17 44 1
17 45 1
17 52 1
17 57 1
17 62 1
17 64 1
17 73 1
17 77 1
17 79 1
17 88 1
17 93 1
18 22 1
18 25 1
18 33 1
18 35 1
18 39 1
18 41 1
18 46 1
18 54 1
18 68 1
18 69 1
18 70 1
18 73 1
18 76 1
18 77 1
18 80 1
18 84 1
18 87 1
18 92 1
18 93 1
18 97 1
19 22 1
19 23 1
19 36 1
19 37 1
19 45 1
19 47 1
19 48 1
19 59 1
19 60 1
19 61 1
19 69 1
19 77 1
19 81 1
19 87 1
19 94 1
20 21 1
20 25 1
20 28 1
20 35 1
20 44 1
20 52 1
20 66 1
20 72 1
20 86 1
20 89 1
20 90 1
20 94 1
20 99 1
21 26 1
21 28 1
21 29 1
21 30 1
21 34 1
21 43 1
21 44 1
21 45 1
21 52 1
21 70 1
21 89 1
22 23 1
22 26 1
22 41 1
22 44 1
22 55 1
22 69 1
22 71 1
22 73 1
22 77 1
22 79 1
22 84 1
22 86 1
22 89 1
22 92 1
22 93 1
22 96 1
22 98 1
23 24 1
23 28 1
23 31 1
23 37 1
23 49 1
23 51 1
23 53 1
23 54 1
23 55 1
23 59 1
23 60 1
23 64 1
23 65 1
23 80 1
23 83 1
23 86 1
23 89 1
23 97 1
23 99 1
24 25 1
24 36 1
24 41 1
24 42 1
24 63 1
24 82 1
24 90 1
24 92 1
24 98 1
24 99 1
25 26 1
25 35 1
25 45 1
25 51 1
25 57 1
25 60 1
25 61 1
25 71 1
25 73 1
25 81 1
25 95 1
25 99 1
26 34 1
26 43 1
26 44 1
26 48 1
26 50 1
26 55 1
26 62 1
26 68 1
26 92 1
26 93 1
26 96 1
27 37 1
27 44 1
27 48 1
27 56 1
27 62 1
27 64 1
27 67 1
27 74 1
27 75 1
27 76 1
27 78 1
27 80 1
27 85 1
27 86 1
27 87 1
27 88 1
27 94 1
27 95 1
28 34 1
28 47 1
28 55 1
28 64 1
28 65 1
28 69 1
28 74 1
28 76 1
28 78 1
28 90 1
28 92 1
28 97 1
29 31 1
29 39 1
29 66 1
29 70 1
29 72 1
29 75 1
29 78 1
29 92 1
30 31 1
30 41 1
30 43 1
30 50 1
30 62 1
30 63 1
30 64 1
30 68 1
30 75 1
30 80 1
30 81 1
30 86 1
30 87 1
30 95 1
30 96 1
31 40 1
31 52 1
31 64 1
31 71 1
31 75 1
31 79 1
31 85 1
31 89 1
32 33 1
32 35 1
32 38 1
32 51 1
32 61 1
32 62 1
32 64 1
32 73 1
32 94 1
32 96 1
33 49 1
33 50 1
33 52 1
33 61 1
33 64 1
33 92 1
33 95 1
33 99 1
34 38 1
34 41 1
34 50 1
34 54 1
34 55 1
34 56 1
34 78 1
34 82 1
34 84 1
34 87 1
34 95 1
34 96 1
35 42 1
35 49 1
35 58 1
35 63 1
35 66 1
35 69 1
35 72 1
35 73 1
35 78 1
35 86 1
35 91 1
36 37 1
36 39 1
36 40 1
36 53 1
36 59 1
36 63 1
36 66 1
36 69 1
36 79 1
36 85 1
36 86 1
36 93 1
36 99 1
37 39 1
37 44 1
37 45 1
37 47 1
37 48 1
37 50 1
37 53 1
37 54 1
37 55 1
37 59 1
37 72 1
37 81 1
37 82 1
37 86 1
37 88 1
37 93 1
37 99 1
38 40 1
38 41 1
38 48 1
38 49 1
38 50 1
38 53 1
38 60 1
38 64 1
38 72 1
38 79 1
38 83 1
38 85 1
38 93 1
39 43 1
39 54 1
39 77 1
39 82 1
39 86 1
39 88 1
39 94 1
39 97 1
39 98 1
40 51 1
40 55 1
40 69 1
40 71 1
40 77 1
40 85 1
40 87 1
40 96 1
40 97 1
40 98 1
41 48 1
41 50 1
41 59 1
41 63 1
41 66 1
41 70 1
41 72 1
41 73 1
41 80 1
41 84 1
41 85 1
41 96 1
42 84 1
42 85 1
42 87 1
42 88 1
43 52 1
43 57 1
43 63 1
43 70 1
43 74 1
43 75 1
43 87 1
43 96 1
44 45 1
44 52 1
44 58 1
44 59 1
44 62 1
44 71 1
44 75 1
44 76 1
44 89 1
44 94 1
44 95 1
44 99 1
45 48 1
45 49 1
45 52 1
45 53 1
45 55 1
45 57 1
45 58 1
45 75 1
45 80 1
45 85 1
45 88 1
45 89 1
45 96 1
46 48 1
46 52 1
46 53 1
46 56 1
46 59 1
46 71 1
46 74 1
46 80 1
46 85 1
46 91 1
46 95 1
47 51 1
47 52 1
47 61 1
47 76 1
47 78 1
47 79 1
47 84 1
47 89 1
47 96 1
48 57 1
48 59 1
48 60 1
48 65 1
48 69 1
48 73 1
48 74 1
48 97 1
49 59 1
49 61 1
49 62 1
49 67 1
49 72 1
49 81 1
49 82 1
49 85 1
50 62 1
50 66 1
50 78 1
50 83 1
51 53 1
51 57 1
51 61 1
51 66 1
51 70 1
51 82 1
51 83 1
51 90 1
51 93 1
51 96 1
51 97 1
51 99 1
52 58 1
52 65 1
52 67 1
52 74 1
52 79 1
52 81 1
52 93 1
52 96 1
53 61 1
53 68 1
53 69 1
53 76 1
53 80 1
53 83 1
53 85 1
53 86 1
53 95 1
53 96 1
53 97 1
54 55 1
54 60 1
54 74 1
54 77 1
54 79 1
54 80 1
54 82 1
54 92 1
54 97 1
55 67 1
55 76 1
55 80 1
55 82 1
55 85 1
55 88 1
55 95 1
55 98 1
56 59 1
56 61 1
56 63 1
56 67 1
56 71 1
56 75 1
56 80 1
56 97 1
56 99 1
57 58 1
57 59 1
57 63 1
57 70 1
57 71 1
57 79 1
57 80 1
57 81 1
57 82 1
57 88 1
57 90 1
57 98 1
58 65 1
58 87 1
58 88 1
58 94 1
58 98 1
59 66 1
59 69 1
59 80 1
59 85 1
59 87 1
59 94 1
59 96 1
59 97 1
59 99 1
60 62 1
60 72 1
60 75 1
60 79 1
60 87 1
60 91 1
60 99 1
61 67 1
61 73 1
61 76 1
61 83 1
61 93 1
61 95 1
61 96 1
61 98 1
62 64 1
62 68 1
62 72 1
62 74 1
62 75 1
62 84 1
62 93 1
62 96 1
62 99 1
63 68 1
63 75 1
63 77 1
63 84 1
63 90 1
64 69 1
64 74 1
64 79 1
64 81 1
64 94 1
65 72 1
65 75 1
65 90 1
65 99 1
66 70 1
66 73 1
66 74 1
66 85 1
66 86 1
66 87 1
66 89 1
66 93 1
66 97 1
66 98 1
67 68 1
67 69 1
67 79 1
67 80 1
67 82 1
67 90 1
67 92 1
67 98 1
68 69 1
68 70 1
68 84 1
68 85 1
68 93 1
68 95 1
69 70 1
69 86 1
69 87 1
70 71 1
70 72 1
70 80 1
70 82 1
70 95 1
70 96 1
71 84 1
71 86 1
71 87 1
71 96 1
71 98 1
72 74 1
72 75 1
72 83 1
72 87 1
72 91 1
72 92 1
72 93 1
72 94 1
72 95 1
73 75 1
73 84 1
73 86 1
73 91 1
73 98 1
74 79 1
74 80 1
74 98 1
75 85 1
75 86 1
75 87 1
75 93 1
75 98 1
75 99 1
76 77 1
76 82 1
76 84 1
77 81 1
77 87 1
77 96 1
77 98 1
78 83 1
78 88 1
78 89 1
78 93 1
78 98 1
79 91 1
79 97 1
79 98 1
80 81 1
80 85 1
80 89 1
80 93 1
80 94 1
81 85 1
81 90 1
82 83 1
82 88 1
82 97 1
82 98 1
82 99 1
83 87 1
83 90 1
83 96 1
83 99 1
84 86 1
84 95 1
85 87 1
85 96 1
86 93 1
86 94 1
86 95 1
87 92 1
87 94 1
87 95 1
87 97 1
87 98 1
88 91 1
88 99 1
89 93 1
89 95 1
90 94 1
91 94 1
91 96 1
91 98 1
92 95 1
92 98 1
93 94 1
94 97 1
1
5 47 34 22 49 24 93 89 56 8
