261
0 2 1
0 4 1
0 15 1
0 16 1
0 17 1
0 19 1
0 21 1
0 23 1
0 25 1
0 30 1
0 36 1
1 6 1
1 9 1
1 10 1
1 12 1
1 13 1
1 18 1
1 28 1
1 30 1
2 7 1
2 10 1
2 17 1
2 18 1
2 19 1
2 22 1
2 26 1
2 30 1
2 36 1
2 37 1
3 4 1
3 6 1
3 9 1
3 12 1
3 19 1
3 21 1
3 23 1
3 24 1
3 25 1
3 26 1
3 28 1
3 29 1
3 34 1
3 36 1
3 37 1
3 39 1
4 5 1
4 7 1
4 9 1
4 15 1
4 19 1
4 20 1
4 34 1
4 38 1
5 7 1
5 10 1
5 12 1
5 14 1
5 17 1
5 20 1
5 21 1
5 23 1
5 28 1
5 30 1
5 34 1
5 35 1
5 39 1
6 11 1
6 21 1
6 23 1
6 31 1
6 32 1
6 35 1
6 37 1
6 39 1
7 9 1
7 11 1
7 12 1
7 13 1
7 14 1
7 18 1
7 20 1
7 22 1
7 23 1
7 24 1
7 25 1
7 26 1
7 28 1
7 29 1
7 33 1
7 34 1
7 37 1
7 39 1
8 11 1
8 15 1
8 32 1
8 33 1
8 34 1
8 36 1
8 37 1
9 11 1
9 12 1
9 16 1
9 17 1
9 20 1
9 23 1
9 25 1
9 26 1
9 27 1
9 31 1
9 38 1
10 12 1
10 15 1
10 16 1
10 18 1
10 20 1
10 27 1
10 34 1
10 37 1
10 39 1
11 14 1
11 16 1
11 24 1
11 26 1
11 28 1
11 33 1
11 34 1
11 35 1
12 14 1
12 17 1
12 18 1
12 19 1
12 22 1
12 23 1
12 27 1
12 32 1
12 37 1
12 38 1
13 15 1
13 16 1
13 18 1
13 19 1
13 22 1
13 23 1
13 25 1
13 28 1
13 29 1
13 31 1
13 32 1
13 34 1
13 35 1
13 36 1
13 37 1
14 15 1
14 22 1
14 29 1
14 31 1
14 32 1
14 37 1
14 38 1
15 17 1
15 26 1
15 28 1
15 29 1
15 31 1
15 32 1
15 33 1
15 37 1
15 39 1
16 20 1
16 24 1
16 25 1
16 31 1
16 36 1
17 18 1
17 20 1
17 22 1
17 24 1
17 25 1
17 30 1
17 35 1
17 36 1
18 19 1
18 20 1
18 21 1
18 23 1
18 27 1
18 28 1
18 29 1
18 32 1
18 35 1
18 39 1
19 20 1
19 21 1
19 23 1
19 24 1
19 27 1
19 28 1
19 29 1
19 36 1
19 38 1
20 29 1
20 34 1
20 35 1
21 22 1
21 23 1
21 34 1
22 23 1
22 31 1
22 34 1
23 29 1
23 31 1
23 34 1
23 35 1
23 36 1
24 25 1
24 26 1
24 27 1
24 28 1
24 29 1
24 30 1
24 31 1
24 38 1
25 26 1
25 29 1
25 30 1
25 33 1
25 35 1
25 38 1
25 39 1
26 27 1
26 29 1
26 31 1
26 34 1
26 36 1
27 28 1
27 29 1
27 32 1
27 36 1
27 39 1
28 30 1
28 31 1
28 34 1
28 35 1
28 36 1
28 39 1
29 31 1
29 32 1
29 33 1
29 38 1
30 32 1
30 36 1
30 37 1
31 36 1
32 33 1
32 34 1
32 38 1
33 34 1
33 39 1
34 37 1
35 39 1
38 39 1
1
6 36 9 17
