166
0 1 1
0 4 1
0 8 1
0 9 1
0 11 1
0 12 1
0 13 1
0 21 1
0 22 1
0 23 1
0 25 1
0 26 1
0 27 1
0 28 1
1 3 1
1 5 1
1 6 1
1 9 1
1 12 1
1 15 1
1 16 1
1 28 1
2 3 1
2 5 1
2 6 1
2 8 1
2 11 1
2 16 1
2 17 1
2 18 1
2 20 1
2 21 1
2 27 1
2 29 1
3 5 1
3 10 1
3 12 1
3 13 1
3 17 1
3 20 1
3 21 1
3 23 1
3 24 1
3 26 1
3 27 1
4 7 1
4 10 1
4 16 1
4 18 1
4 21 1
4 22 1
4 27 1
4 28 1
4 29 1
5 7 1
5 10 1
5 11 1
5 13 1
5 14 1
5 16 1
5 17 1
5 19 1
5 22 1
5 24 1
5 25 1
5 27 1
6 10 1
6 16 1
6 19 1
6 21 1
6 26 1
7 8 1
7 12 1
7 13 1
7 18 1
7 24 1
7 25 1
7 28 1
8 9 1
8 10 1
8 11 1
8 12 1
8 15 1
8 19 1
8 23 1
8 25 1
8 26 1
8 27 1
8 28 1
8 29 1
9 10 1
9 14 1
9 15 1
9 16 1
9 19 1
9 21 1
9 22 1
9 25 1
9 26 1
9 27 1
9 29 1
10 11 1
10 12 1
10 14 1
10 17 1
10 21 1
10 22 1
10 24 1
10 25 1
10 28 1
11 12 1
11 16 1
11 17 1
11 18 1
11 23 1
11 24 1
11 27 1
12 13 1
12 16 1
12 17 1
12 19 1
12 22 1
12 23 1
12 27 1
13 15 1
13 17 1
13 22 1
13 23 1
13 25 1
14 17 1
14 18 1
14 25 1
14 26 1
14 29 1
15 22 1
15 23 1
16 21 1
16 24 1
16 26 1
16 29 1
17 19 1
17 20 1
17 24 1
17 26 1
18 19 1
18 20 1
18 21 1
18 24 1
18 25 1
19 20 1
19 26 1
19 27 1
20 22 1
20 23 1
20 27 1
20 28 1
22 23 1
22 29 1
23 29 1
24 26 1
24 28 1
24 29 1
25 26 1
25 28 1
25 29 1
27 28 1
1
21 19 5
