1786
0 1 1
0 2 1
0 9 1
0 10 1
0 29 1
0 41 1
0 44 1
0 45 1
0 55 1
0 57 1
0 71 1
0 84 1
0 87 1
0 95 1
0 102 1
0 103 1
0 119 1
0 129 1
0 130 1
0 133 1
0 139 1
0 150 1
1 16 1
1 21 1
1 25 1
1 47 1
1 56 1
1 59 1
1 62 1
1 64 1
1 69 1
1 109 1
1 117 1
1 127 1
1 146 1
1 148 1
1 159 1
1 162 1
1 168 1
2 10 1
2 25 1
2 28 1
2 31 1
2 36 1
2 37 1
2 48 1
2 53 1
2 54 1
2 58 1
2 61 1
2 68 1
2 75 1
2 80 1
2 87 1
2 97 1
2 99 1
2 109 1
2 116 1
2 118 1
2 135 1
2 144 1
2 148 1
2 157 1
2 161 1
3 5 1
3 29 1
3 48 1
3 51 1
3 59 1
3 68 1
3 70 1
3 83 1
3 93 1
3 94 1
3 95 1
3 112 1
3 127 1
3 151 1
3 152 1
3 153 1
3 157 1
3 162 1
4 9 1
4 10 1
4 28 1
4 30 1
4 33 1
4 41 1
4 42 1
4 53 1
4 56 1
4 69 1
4 117 1
4 129 1
4 133 1
4 148 1
4 157 1
4 161 1
5 6 1
5 15 1
5 16 1
5 19 1
5 25 1
5 51 1
5 56 1
5 62 1
5 66 1
5 67 1
5 86 1
5 92 1
5 93 1
5 94 1
5 99 1
5 100 1
5 102 1
5 103 1
5 104 1
5 108 1
5 151 1
6 10 1
6 22 1
6 25 1
6 34 1
6 59 1
6 76 1
6 81 1
6 83 1
6 88 1
6 92 1
6 95 1
6 102 1
6 109 1
6 112 1
6 116 1
6 123 1
6 129 1
6 148 1
6 154 1
6 157 1
7 8 1
7 11 1
7 22 1
7 37 1
7 50 1
7 52 1
7 54 1
7 66 1
7 73 1
7 86 1
7 91 1
7 116 1
7 125 1
7 127 1
7 138 1
7 150 1
7 155 1
7 158 1
7 165 1
7 166 1
8 11 1
8 15 1
8 27 1
8 37 1
8 39 1
8 44 1
8 52 1
8 62 1
8 63 1
8 80 1
8 90 1
8 97 1
8 102 1
8 113 1
8 136 1
8 143 1
9 11 1
9 26 1
9 30 1
9 32 1
9 33 1
9 50 1
9 53 1
9 74 1
9 103 1
9 105 1
9 114 1
9 119 1
9 120 1
9 127 1
9 132 1
9 154 1
9 163 1
9 167 1
10 12 1
10 19 1
10 21 1
10 23 1
10 30 1
10 31 1
10 32 1
10 39 1
10 59 1
10 61 1
10 68 1
10 74 1
10 75 1
10 85 1
10 91 1
10 95 1
10 123 1
10 129 1
10 137 1
10 140 1
10 141 1
10 144 1
10 145 1
10 154 1
10 162 1
10 168 1
11 22 1
11 32 1
11 46 1
11 74 1
11 106 1
11 110 1
11 118 1
11 129 1
11 130 1
11 131 1
11 134 1
11 143 1
11 144 1
11 149 1
12 16 1
12 47 1
12 56 1
12 60 1
12 64 1
12 94 1
12 109 1
12 110 1
12 115 1
12 130 1
12 136 1
12 163 1
12 164 1
13 15 1
13 29 1
13 34 1
13 39 1
13 42 1
13 47 1
13 52 1
13 65 1
13 72 1
13 78 1
13 89 1
13 92 1
13 108 1
13 110 1
13 113 1
13 118 1
13 119 1
13 120 1
13 122 1
13 131 1
13 136 1
13 143 1
13 151 1
14 20 1
14 25 1
14 35 1
14 48 1
14 50 1
14 67 1
14 72 1
14 76 1
14 77 1
14 95 1
14 104 1
14 125 1
14 128 1
14 131 1
14 137 1
14 147 1
14 152 1
14 163 1
15 31 1
15 43 1
15 49 1
15 61 1
15 64 1
15 74 1
15 79 1
15 90 1
15 95 1
15 114 1
15 123 1
15 124 1
15 137 1
15 141 1
15 149 1
15 162 1
15 163 1
15 164 1
15 167 1
16 17 1
16 18 1
16 22 1
16 28 1
16 42 1
16 55 1
16 59 1
16 79 1
16 83 1
16 92 1
16 94 1
16 98 1
16 103 1
16 106 1
16 120 1
16 123 1
16 125 1
16 128 1
16 131 1
16 134 1
16 138 1
16 146 1
16 152 1
16 155 1
16 158 1
16 159 1
16 162 1
16 164 1
17 19 1
17 20 1
17 51 1
17 55 1
17 66 1
17 90 1
17 93 1
17 96 1
17 127 1
17 130 1
17 131 1
17 134 1
17 143 1
17 158 1
18 20 1
18 23 1
18 24 1
18 29 1
18 52 1
18 60 1
18 61 1
18 70 1
18 72 1
18 81 1
18 97 1
18 105 1
18 116 1
18 122 1
18 124 1
18 140 1
18 150 1
18 153 1
18 163 1
19 24 1
19 28 1
19 34 1
19 42 1
19 48 1
19 65 1
19 76 1
19 89 1
19 93 1
19 98 1
19 103 1
19 109 1
19 114 1
19 123 1
19 131 1
19 132 1
19 141 1
19 142 1
19 152 1
19 153 1
19 156 1
19 158 1
20 34 1
20 37 1
20 47 1
20 56 1
20 58 1
20 62 1
20 76 1
20 85 1
20 90 1
20 103 1
20 109 1
20 120 1
20 122 1
20 132 1
20 135 1
20 142 1
20 146 1
20 156 1
20 165 1
21 27 1
21 32 1
21 34 1
21 63 1
21 64 1
21 72 1
21 83 1
21 86 1
21 91 1
21 98 1
21 104 1
21 118 1
21 130 1
21 134 1
21 135 1
21 136 1
21 139 1
21 144 1
21 163 1
21 164 1
22 73 1
22 75 1
22 91 1
22 98 1
22 107 1
22 129 1
22 137 1
22 145 1
22 166 1
23 41 1
23 58 1
23 63 1
23 72 1
23 77 1
23 78 1
23 79 1
23 83 1
23 84 1
23 88 1
23 107 1
23 115 1
23 139 1
23 140 1
23 145 1
23 169 1
24 25 1
24 28 1
24 49 1
24 52 1
24 53 1
24 57 1
24 70 1
24 76 1
24 92 1
24 100 1
24 104 1
24 106 1
24 121 1
24 127 1
24 137 1
24 143 1
24 150 1
25 29 1
25 36 1
25 40 1
25 59 1
25 62 1
25 68 1
25 71 1
25 75 1
25 77 1
25 93 1
25 94 1
25 97 1
25 108 1
25 111 1
25 112 1
25 127 1
25 131 1
25 132 1
25 162 1
25 169 1
26 41 1
26 45 1
26 51 1
26 52 1
26 58 1
26 60 1
26 66 1
26 78 1
26 102 1
26 111 1
26 118 1
26 120 1
26 126 1
26 138 1
26 146 1
26 147 1
26 162 1
27 31 1
27 33 1
27 39 1
27 44 1
27 45 1
27 48 1
27 55 1
27 56 1
27 58 1
27 73 1
27 77 1
27 91 1
27 103 1
27 139 1
27 168 1
28 43 1
28 56 1
28 62 1
28 66 1
28 78 1
28 89 1
28 94 1
28 101 1
28 102 1
28 103 1
28 120 1
28 128 1
28 137 1
28 143 1
28 151 1
28 153 1
28 155 1
28 157 1
28 163 1
29 31 1
29 35 1
29 36 1
29 59 1
29 70 1
29 75 1
29 82 1
29 89 1
29 99 1
29 114 1
29 116 1
29 119 1
29 123 1
29 144 1
29 145 1
29 156 1
29 157 1
29 168 1
29 169 1
30 45 1
30 57 1
30 65 1
30 67 1
30 72 1
30 86 1
30 94 1
30 97 1
30 100 1
30 110 1
30 114 1
30 115 1
30 121 1
30 133 1
30 144 1
30 145 1
30 146 1
30 147 1
31 34 1
31 58 1
31 65 1
31 70 1
31 74 1
31 79 1
31 83 1
31 85 1
31 96 1
31 98 1
31 99 1
31 103 1
31 104 1
31 111 1
31 133 1
31 145 1
31 157 1
31 168 1
32 54 1
32 59 1
32 60 1
32 65 1
32 73 1
32 80 1
32 96 1
32 101 1
32 106 1
32 134 1
32 139 1
32 155 1
32 156 1
32 165 1
32 168 1
33 48 1
33 61 1
33 65 1
33 67 1
33 69 1
33 80 1
33 81 1
33 82 1
33 83 1
33 86 1
33 95 1
33 98 1
33 100 1
33 113 1
33 119 1
33 120 1
33 123 1
33 139 1
33 152 1
33 153 1
33 157 1
33 159 1
33 163 1
33 164 1
33 165 1
34 43 1
34 49 1
34 59 1
34 61 1
34 89 1
34 95 1
34 100 1
34 119 1
34 121 1
34 152 1
34 160 1
34 162 1
35 41 1
35 48 1
35 51 1
35 59 1
35 79 1
35 82 1
35 87 1
35 92 1
35 96 1
35 113 1
35 114 1
35 127 1
36 37 1
36 38 1
36 47 1
36 59 1
36 61 1
36 72 1
36 90 1
36 96 1
36 97 1
36 101 1
36 122 1
36 128 1
37 41 1
37 58 1
37 64 1
37 71 1
37 73 1
37 74 1
37 80 1
37 89 1
37 99 1
37 113 1
37 121 1
37 122 1
37 125 1
37 145 1
37 146 1
38 43 1
38 52 1
38 62 1
38 67 1
38 101 1
38 113 1
38 120 1
38 127 1
38 134 1
38 144 1
38 145 1
38 146 1
38 149 1
38 160 1
38 168 1
39 42 1
39 46 1
39 47 1
39 54 1
39 61 1
39 68 1
39 71 1
39 79 1
39 82 1
39 114 1
39 125 1
39 128 1
39 130 1
39 133 1
39 141 1
39 147 1
39 158 1
39 159 1
39 161 1
40 46 1
40 58 1
40 71 1
40 94 1
40 98 1
40 102 1
40 110 1
40 112 1
40 121 1
40 127 1
40 135 1
40 143 1
40 153 1
40 156 1
40 161 1
40 169 1
41 46 1
41 59 1
41 74 1
41 85 1
41 103 1
41 139 1
41 152 1
41 153 1
41 154 1
42 46 1
42 63 1
42 71 1
42 77 1
42 78 1
42 92 1
42 95 1
42 98 1
42 110 1
42 111 1
42 145 1
42 151 1
42 161 1
43 44 1
43 58 1
43 63 1
43 79 1
43 80 1
43 95 1
43 105 1
43 109 1
43 121 1
43 125 1
43 133 1
43 142 1
43 154 1
43 158 1
44 53 1
44 60 1
44 64 1
44 68 1
44 70 1
44 81 1
44 87 1
44 112 1
44 121 1
44 123 1
44 135 1
44 136 1
44 142 1
44 148 1
44 149 1
44 152 1
44 153 1
45 53 1
45 70 1
45 74 1
45 84 1
45 94 1
45 100 1
45 106 1
45 108 1
45 111 1
45 120 1
45 127 1
45 139 1
45 146 1
45 154 1
45 161 1
45 162 1
45 169 1
46 56 1
46 63 1
46 93 1
46 94 1
46 99 1
46 114 1
46 115 1
46 128 1
46 136 1
46 154 1
46 158 1
46 160 1
46 167 1
46 168 1
47 48 1
47 53 1
47 57 1
47 65 1
47 80 1
47 87 1
47 96 1
47 105 1
47 119 1
47 135 1
47 139 1
47 142 1
47 149 1
48 52 1
48 64 1
48 72 1
48 78 1
48 85 1
48 90 1
48 106 1
48 125 1
48 126 1
48 129 1
48 131 1
48 141 1
48 143 1
48 144 1
48 152 1
48 165 1
48 167 1
48 168 1
49 57 1
49 60 1
49 66 1
49 82 1
49 83 1
49 110 1
49 112 1
49 115 1
49 126 1
49 137 1
49 142 1
49 145 1
49 148 1
49 162 1
50 53 1
50 68 1
50 77 1
50 78 1
50 81 1
50 82 1
50 97 1
50 103 1
50 108 1
50 117 1
50 124 1
50 127 1
50 139 1
50 142 1
50 144 1
50 148 1
50 154 1
51 59 1
51 62 1
51 63 1
51 79 1
51 81 1
51 83 1
51 95 1
51 114 1
51 115 1
51 119 1
51 157 1
51 163 1
51 169 1
52 59 1
52 72 1
52 81 1
52 82 1
52 91 1
52 92 1
52 127 1
52 133 1
52 145 1
52 165 1
53 56 1
53 62 1
53 63 1
53 80 1
53 84 1
53 88 1
53 113 1
53 116 1
53 128 1
53 131 1
53 158 1
53 164 1
54 62 1
54 65 1
54 84 1
54 107 1
54 113 1
54 131 1
54 132 1
54 137 1
54 143 1
54 145 1
54 148 1
54 158 1
54 160 1
54 162 1
54 165 1
55 59 1
55 67 1
55 71 1
55 75 1
55 84 1
55 88 1
55 95 1
55 100 1
55 116 1
55 130 1
55 135 1
55 140 1
55 148 1
55 152 1
55 169 1
56 63 1
56 79 1
56 82 1
56 88 1
56 90 1
56 91 1
56 94 1
56 97 1
56 99 1
56 105 1
56 115 1
56 121 1
56 126 1
56 137 1
56 145 1
56 151 1
56 162 1
57 63 1
57 66 1
57 67 1
57 103 1
57 108 1
57 116 1
57 119 1
57 120 1
57 126 1
57 128 1
57 136 1
57 138 1
57 142 1
57 147 1
57 153 1
57 166 1
57 167 1
58 60 1
58 62 1
58 71 1
58 75 1
58 98 1
58 99 1
58 105 1
58 107 1
58 110 1
58 118 1
58 131 1
58 133 1
58 142 1
58 146 1
58 147 1
58 153 1
58 160 1
58 163 1
59 60 1
59 67 1
59 76 1
59 87 1
59 90 1
59 111 1
59 124 1
59 132 1
59 134 1
59 138 1
59 142 1
59 146 1
59 149 1
59 162 1
59 167 1
60 76 1
60 79 1
60 83 1
60 98 1
60 110 1
60 116 1
60 121 1
60 138 1
60 145 1
60 147 1
60 149 1
60 153 1
60 165 1
60 168 1
61 64 1
61 69 1
61 80 1
61 84 1
61 96 1
61 102 1
61 117 1
61 119 1
61 152 1
61 156 1
61 167 1
62 71 1
62 74 1
62 83 1
62 89 1
62 90 1
62 101 1
62 107 1
62 109 1
62 111 1
62 113 1
62 131 1
62 144 1
62 148 1
62 150 1
62 153 1
62 155 1
63 95 1
63 112 1
63 117 1
63 120 1
63 127 1
63 128 1
63 135 1
63 155 1
63 160 1
63 163 1
64 74 1
64 75 1
64 76 1
64 78 1
64 96 1
64 110 1
64 114 1
64 120 1
64 122 1
64 150 1
64 154 1
64 156 1
64 158 1
65 67 1
65 68 1
65 74 1
65 79 1
65 85 1
65 107 1
65 126 1
65 129 1
65 146 1
65 155 1
65 157 1
65 167 1
66 81 1
66 83 1
66 85 1
66 93 1
66 118 1
66 125 1
66 132 1
66 138 1
66 143 1
66 145 1
66 147 1
66 154 1
67 70 1
67 72 1
67 73 1
67 75 1
67 79 1
67 81 1
67 85 1
67 94 1
67 104 1
67 113 1
67 114 1
67 115 1
67 118 1
67 120 1
67 123 1
67 136 1
67 142 1
67 149 1
68 70 1
68 74 1
68 88 1
68 101 1
68 106 1
68 107 1
68 115 1
68 121 1
68 123 1
68 132 1
68 150 1
69 70 1
69 74 1
69 82 1
69 93 1
69 98 1
69 116 1
69 119 1
69 125 1
69 126 1
69 127 1
69 128 1
69 129 1
69 138 1
69 140 1
69 141 1
69 146 1
69 152 1
69 156 1
69 168 1
70 76 1
70 88 1
70 120 1
70 124 1
70 125 1
70 132 1
70 140 1
70 141 1
70 146 1
70 148 1
70 150 1
71 81 1
71 93 1
71 94 1
71 100 1
71 130 1
71 132 1
71 142 1
71 145 1
71 166 1
72 76 1
72 81 1
72 82 1
72 85 1
72 95 1
72 119 1
72 125 1
72 129 1
72 145 1
72 152 1
72 156 1
72 163 1
72 164 1
72 167 1
72 169 1
73 83 1
73 96 1
73 97 1
73 100 1
73 103 1
73 104 1
73 107 1
73 111 1
73 125 1
73 159 1
73 167 1
74 90 1
74 110 1
74 116 1
74 125 1
74 128 1
74 137 1
74 146 1
74 161 1
74 164 1
75 78 1
75 81 1
75 101 1
75 104 1
75 108 1
75 109 1
75 112 1
75 118 1
75 122 1
75 137 1
75 152 1
75 163 1
76 80 1
76 95 1
76 109 1
76 121 1
76 124 1
76 125 1
76 129 1
76 148 1
76 149 1
76 161 1
77 80 1
77 105 1
77 113 1
77 155 1
77 163 1
77 169 1
78 82 1
78 83 1
78 84 1
78 96 1
78 101 1
78 109 1
78 137 1
78 147 1
78 150 1
78 152 1
78 155 1
78 162 1
79 80 1
79 82 1
79 85 1
79 88 1
79 96 1
79 97 1
79 104 1
79 112 1
79 119 1
79 122 1
79 123 1
79 126 1
79 155 1
79 159 1
80 83 1
80 86 1
80 90 1
80 93 1
80 96 1
80 107 1
80 110 1
80 127 1
80 130 1
80 139 1
80 156 1
80 166 1
81 82 1
81 84 1
81 90 1
81 97 1
81 110 1
81 121 1
81 129 1
81 139 1
81 142 1
81 154 1
81 155 1
81 157 1
81 167 1
82 90 1
82 103 1
82 112 1
82 115 1
82 129 1
82 147 1
82 152 1
82 154 1
82 164 1
83 88 1
83 89 1
83 91 1
83 95 1
83 105 1
83 107 1
83 110 1
83 116 1
83 125 1
83 134 1
83 142 1
83 144 1
83 155 1
84 88 1
84 94 1
84 96 1
84 109 1
84 134 1
84 153 1
84 156 1
84 157 1
84 161 1
84 165 1
84 168 1
85 89 1
85 92 1
85 104 1
85 111 1
85 125 1
85 127 1
85 146 1
85 150 1
85 165 1
86 94 1
86 100 1
86 103 1
86 106 1
86 115 1
86 117 1
86 141 1
86 144 1
86 148 1
86 166 1
86 168 1
87 92 1
87 94 1
87 98 1
87 102 1
87 108 1
87 113 1
87 119 1
87 126 1
87 136 1
87 150 1
87 156 1
87 162 1
87 166 1
88 92 1
88 101 1
88 105 1
88 116 1
88 119 1
88 128 1
88 149 1
88 150 1
88 167 1
88 168 1
89 92 1
89 95 1
89 97 1
89 98 1
89 99 1
89 118 1
89 145 1
89 152 1
89 154 1
90 98 1
90 107 1
90 110 1
90 113 1
90 139 1
90 141 1
90 142 1
90 146 1
90 159 1
90 165 1
90 169 1
91 98 1
91 106 1
91 108 1
91 109 1
91 110 1
91 114 1
91 129 1
91 137 1
91 138 1
91 141 1
91 154 1
91 168 1
92 110 1
92 113 1
92 130 1
92 134 1
92 135 1
92 136 1
92 158 1
92 159 1
92 160 1
92 163 1
92 165 1
92 166 1
93 95 1
93 96 1
93 97 1
93 104 1
93 110 1
93 112 1
93 113 1
93 125 1
93 131 1
93 145 1
93 153 1
93 167 1
94 111 1
94 140 1
94 142 1
94 143 1
94 154 1
94 156 1
94 160 1
94 167 1
95 98 1
95 107 1
95 117 1
95 139 1
95 143 1
95 165 1
96 103 1
96 111 1
96 118 1
96 119 1
96 126 1
96 158 1
96 167 1
97 101 1
97 106 1
97 125 1
97 131 1
97 135 1
97 137 1
97 151 1
97 160 1
97 166 1
98 105 1
98 110 1
98 119 1
98 121 1
98 153 1
99 140 1
99 151 1
99 153 1
99 159 1
100 106 1
100 116 1
100 122 1
100 155 1
100 164 1
101 105 1
101 108 1
101 115 1
101 119 1
101 126 1
101 129 1
101 131 1
101 143 1
102 108 1
102 117 1
102 121 1
102 124 1
102 127 1
102 130 1
102 134 1
102 148 1
102 159 1
102 163 1
103 104 1
103 128 1
103 149 1
104 110 1
104 113 1
104 116 1
104 123 1
104 129 1
104 146 1
104 147 1
104 157 1
104 159 1
104 162 1
104 165 1
105 108 1
105 115 1
105 116 1
105 119 1
105 140 1
105 146 1
105 151 1
105 157 1
105 159 1
105 161 1
106 121 1
106 125 1
106 128 1
106 141 1
106 153 1
107 108 1
107 109 1
107 111 1
107 130 1
107 132 1
107 136 1
107 144 1
107 147 1
107 160 1
107 161 1
107 162 1
108 109 1
108 117 1
108 118 1
108 119 1
108 149 1
108 164 1
108 166 1
109 124 1
109 126 1
109 127 1
109 130 1
109 137 1
109 141 1
109 142 1
109 159 1
109 163 1
109 168 1
110 119 1
110 128 1
110 136 1
110 138 1
110 141 1
110 149 1
110 152 1
111 112 1
111 122 1
111 124 1
111 131 1
111 137 1
111 141 1
111 142 1
111 150 1
111 154 1
111 155 1
111 166 1
112 130 1
112 134 1
112 136 1
112 146 1
112 147 1
112 157 1
112 165 1
113 120 1
113 124 1
113 131 1
113 134 1
113 136 1
113 139 1
113 156 1
113 159 1
113 166 1
114 118 1
114 119 1
114 125 1
114 135 1
114 142 1
114 152 1
114 157 1
114 163 1
114 166 1
114 169 1
115 125 1
115 146 1
115 149 1
115 164 1
115 166 1
115 169 1
116 118 1
116 122 1
116 129 1
116 135 1
116 138 1
116 139 1
116 140 1
116 141 1
116 163 1
116 164 1
117 119 1
117 129 1
117 144 1
117 148 1
117 167 1
118 121 1
118 123 1
118 126 1
118 131 1
118 132 1
118 137 1
118 138 1
118 141 1
118 148 1
118 151 1
118 156 1
118 161 1
118 166 1
119 127 1
119 141 1
119 146 1
119 149 1
119 155 1
120 128 1
121 124 1
121 141 1
121 165 1
121 169 1
122 132 1
122 139 1
122 145 1
122 152 1
122 169 1
123 130 1
123 139 1
123 141 1
123 168 1
124 125 1
124 131 1
124 142 1
124 146 1
124 157 1
124 158 1
125 155 1
125 157 1
126 137 1
126 138 1
126 142 1
126 145 1
126 159 1
126 161 1
126 168 1
127 133 1
127 138 1
127 140 1
127 141 1
127 152 1
127 159 1
127 161 1
127 162 1
127 165 1
127 168 1
128 132 1
128 136 1
128 149 1
128 154 1
129 132 1
129 140 1
129 158 1
129 165 1
130 141 1
130 142 1
130 143 1
130 157 1
131 137 1
131 139 1
131 143 1
131 144 1
131 145 1
131 154 1
131 159 1
131 160 1
131 166 1
131 167 1
132 144 1
132 151 1
132 158 1
132 161 1
132 162 1
132 169 1
133 134 1
133 138 1
133 149 1
133 155 1
133 157 1
133 163 1
133 164 1
134 136 1
134 142 1
134 147 1
134 152 1
134 153 1
134 154 1
134 159 1
134 160 1
134 161 1
134 164 1
135 142 1
135 147 1
135 154 1
135 157 1
135 161 1
135 164 1
135 169 1
136 141 1
136 146 1
136 149 1
136 150 1
136 164 1
136 168 1
137 158 1
137 167 1
137 169 1
139 148 1
139 155 1
139 165 1
140 141 1
140 146 1
140 165 1
140 168 1
141 148 1
141 153 1
141 155 1
141 165 1
141 169 1
142 143 1
142 147 1
142 153 1
142 159 1
142 165 1
143 144 1
143 148 1
143 160 1
143 166 1
144 164 1
144 167 1
145 154 1
146 166 1
147 148 1
147 149 1
147 155 1
147 160 1
147 166 1
147 168 1
148 153 1
148 168 1
149 151 1
149 155 1
149 158 1
149 162 1
149 163 1
149 165 1
149 166 1
150 164 1
150 168 1
151 152 1
151 162 1
151 163 1
151 166 1
151 167 1
152 155 1
152 169 1
153 159 1
154 162 1
155 160 1
155 164 1
156 163 1
156 169 1
157 160 1
157 165 1
157 169 1
158 164 1
159 161 1
159 165 1
160 168 1
161 169 1
162 167 1
165 166 1
166 169 1
167 169 1
1
71 102 77 138 86 163 48 19 21 154 95 131 51 150 109 6 128
