272
0 2 1
0 4 1
0 7 1
0 8 1
0 21 1
0 24 1
0 26 1
0 27 1
0 35 1
0 39 1
1 5 1
1 6 1
1 7 1
1 21 1
1 24 1
1 25 1
1 27 1
1 32 1
1 37 1
1 38 1
2 4 1
2 6 1
2 9 1
2 12 1
2 15 1
2 16 1
2 18 1
2 26 1
2 29 1
2 30 1
2 34 1
3 5 1
3 6 1
3 9 1
3 12 1
3 14 1
3 22 1
3 25 1
3 26 1
3 28 1
3 32 1
3 37 1
3 38 1
3 39 1
4 10 1
4 12 1
4 14 1
4 15 1
4 16 1
4 17 1
4 18 1
4 20 1
4 26 1
4 27 1
4 29 1
4 33 1
4 34 1
4 39 1
5 7 1
5 9 1
5 11 1
5 12 1
5 13 1
5 17 1
5 23 1
5 24 1
5 25 1
5 26 1
5 28 1
5 31 1
6 11 1
6 15 1
6 20 1
6 23 1
6 26 1
6 27 1
6 28 1
6 31 1
6 33 1
6 34 1
6 36 1
6 37 1
6 39 1
7 9 1
7 10 1
7 12 1
7 13 1
7 15 1
7 20 1
7 28 1
7 30 1
7 36 1
7 38 1
8 14 1
8 16 1
8 19 1
8 21 1
8 27 1
8 28 1
8 29 1
8 32 1
8 34 1
8 35 1
8 36 1
8 37 1
9 10 1
9 11 1
9 14 1
9 16 1
9 18 1
9 19 1
9 20 1
9 25 1
9 26 1
9 29 1
9 35 1
9 36 1
9 37 1
9 39 1
10 19 1
10 22 1
10 25 1
10 30 1
10 33 1
10 36 1
10 37 1
11 12 1
11 15 1
11 16 1
11 20 1
11 21 1
11 26 1
11 27 1
11 31 1
11 33 1
11 36 1
11 38 1
12 15 1
12 17 1
12 22 1
12 23 1
12 24 1
12 25 1
12 27 1
12 29 1
12 30 1
12 32 1
12 33 1
12 36 1
12 37 1
13 20 1
13 26 1
13 27 1
13 28 1
13 30 1
13 31 1
13 32 1
13 33 1
13 38 1
13 39 1
14 17 1
14 22 1
14 23 1
14 27 1
14 29 1
14 32 1
14 38 1
15 17 1
15 19 1
15 23 1
15 25 1
15 27 1
15 32 1
15 33 1
15 35 1
15 36 1
15 39 1
16 18 1
16 20 1
16 26 1
16 28 1
16 29 1
16 31 1
16 36 1
16 37 1
17 19 1
17 20 1
17 22 1
17 23 1
17 24 1
17 33 1
17 35 1
17 37 1
17 38 1
18 19 1
18 24 1
18 33 1
18 35 1
19 20 1
19 21 1
19 24 1
19 25 1
19 26 1
19 32 1
19 33 1
19 34 1
19 36 1
19 37 1
19 39 1
20 24 1
20 27 1
20 34 1
20 35 1
21 23 1
21 24 1
21 34 1
21 35 1
21 38 1
22 26 1
22 28 1
22 29 1
22 38 1
22 39 1
23 25 1
23 26 1
23 28 1
23 30 1
23 32 1
23 33 1
23 36 1
23 37 1
23 39 1
24 26 1
24 30 1
24 31 1
24 33 1
24 36 1
25 28 1
25 31 1
26 27 1
26 28 1
26 29 1
26 30 1
26 37 1
27 33 1
27 34 1
27 35 1
27 38 1
28 29 1
28 30 1
28 33 1
28 34 1
28 35 1
28 36 1
28 37 1
29 31 1
29 34 1
29 39 1
30 31 1
30 35 1
30 36 1
30 39 1
31 37 1
32 34 1
32 38 1
33 34 1
33 35 1
33 37 1
34 35 1
36 37 1
36 38 1
36 39 1
1
7 1 10 8
