413
0 1 1
0 6 1
0 7 1
0 12 1
0 14 1
0 15 1
0 16 1
0 18 1
0 21 1
0 23 1
0 30 1
0 34 1
0 36 1
0 38 1
0 39 1
0 40 1
0 44 1
0 46 1
0 48 1
1 5 1
1 6 1
1 7 1
1 15 1
1 16 1
1 19 1
1 25 1
1 26 1
1 29 1
1 38 1
1 39 1
1 41 1
1 43 1
1 45 1
1 46 1
1 49 1
2 6 1
2 12 1
2 15 1
2 16 1
2 18 1
2 19 1
2 23 1
2 30 1
2 31 1
2 32 1
2 33 1
2 34 1
2 42 1
2 43 1
2 45 1
3 7 1
3 17 1
3 20 1
3 22 1
3 23 1
3 24 1
3 25 1
3 30 1
3 33 1
3 39 1
3 40 1
4 8 1
4 17 1
4 23 1
4 25 1
4 27 1
4 28 1
4 29 1
4 39 1
4 41 1
4 47 1
4 48 1
5 8 1
5 10 1
5 11 1
5 12 1
5 15 1
5 17 1
5 19 1
5 24 1
5 25 1
5 27 1
5 30 1
5 32 1
5 33 1
5 34 1
5 36 1
5 40 1
5 41 1
5 44 1
5 46 1
6 11 1
6 13 1
6 16 1
6 17 1
6 18 1
6 23 1
6 24 1
6 26 1
6 30 1
6 36 1
6 37 1
6 38 1
6 40 1
6 46 1
6 48 1
6 49 1
7 9 1
7 13 1
7 20 1
7 22 1
7 23 1
7 29 1
7 32 1
7 34 1
7 35 1
7 37 1
7 38 1
7 41 1
7 45 1
7 46 1
8 9 1
8 13 1
8 14 1
8 21 1
8 22 1
8 28 1
8 31 1
8 32 1
8 33 1
8 34 1
8 38 1
8 40 1
8 41 1
8 43 1
8 45 1
9 13 1
9 17 1
9 30 1
9 34 1
9 37 1
9 38 1
10 11 1
10 21 1
10 22 1
10 25 1
10 27 1
10 36 1
10 42 1
10 43 1
10 46 1
11 13 1
11 14 1
11 16 1
11 19 1
11 20 1
11 21 1
11 23 1
11 29 1
11 41 1
11 42 1
11 44 1
11 49 1
12 13 1
12 14 1
12 16 1
12 17 1
12 18 1
12 19 1
12 25 1
12 29 1
12 38 1
12 39 1
12 40 1
12 41 1
12 42 1
12 43 1
12 44 1
12 48 1
13 18 1
13 22 1
13 27 1
13 34 1
13 38 1
13 42 1
14 17 1
14 18 1
14 26 1
14 32 1
14 38 1
14 40 1
14 43 1
14 44 1
14 49 1
15 20 1
15 22 1
15 24 1
15 32 1
15 33 1
15 37 1
15 43 1
15 44 1
15 45 1
16 19 1
16 22 1
16 25 1
16 26 1
16 28 1
16 32 1
16 33 1
16 34 1
16 36 1
16 38 1
16 40 1
16 45 1
16 46 1
16 48 1
17 18 1
17 20 1
17 23 1
17 26 1
17 27 1
17 29 1
17 31 1
17 36 1
17 40 1
17 43 1
17 45 1
17 48 1
18 23 1
18 24 1
18 28 1
18 29 1
18 32 1
18 42 1
18 43 1
18 44 1
18 49 1
19 21 1
19 23 1
19 26 1
19 27 1
19 28 1
19 30 1
19 31 1
19 33 1
19 34 1
19 42 1
19 45 1
19 46 1
20 25 1
20 28 1
20 30 1
20 34 1
20 36 1
20 38 1
20 46 1
20 48 1
21 22 1
21 25 1
21 26 1
21 28 1
21 29 1
21 30 1
21 38 1
21 45 1
21 47 1
22 23 1
22 25 1
22 28 1
22 29 1
22 30 1
22 38 1
22 45 1
22 46 1
23 25 1
23 27 1
23 29 1
23 30 1
23 31 1
23 39 1
23 41 1
23 42 1
23 44 1
23 46 1
24 27 1
24 29 1
24 31 1
24 47 1
24 48 1
24 49 1
25 26 1
25 27 1
25 29 1
25 31 1
25 34 1
25 36 1
25 40 1
25 41 1
25 43 1
25 45 1
25 46 1
25 49 1
26 29 1
26 36 1
26 38 1
26 40 1
26 43 1
26 44 1
26 46 1
26 47 1
27 31 1
27 33 1
27 37 1
27 39 1
27 44 1
27 47 1
27 48 1
28 33 1
28 34 1
28 36 1
28 37 1
28 39 1
28 43 1
28 44 1
28 45 1
28 46 1
28 48 1
29 32 1
29 36 1
29 37 1
29 39 1
29 41 1
29 46 1
29 47 1
30 31 1
30 33 1
30 35 1
30 36 1
30 38 1
30 40 1
30 44 1
30 49 1
31 34 1
31 36 1
31 37 1
31 38 1
31 40 1
31 44 1
31 48 1
32 33 1
32 35 1
32 36 1
32 39 1
32 40 1
32 42 1
32 43 1
32 44 1
32 47 1
32 49 1
33 34 1
33 35 1
33 41 1
33 43 1
33 47 1
33 48 1
34 35 1
34 37 1
34 39 1
34 40 1
34 42 1
34 44 1
34 45 1
34 49 1
35 36 1
35 37 1
35 40 1
35 47 1
36 37 1
36 39 1
36 40 1
36 42 1
36 44 1
37 41 1
37 46 1
37 48 1
37 49 1
38 42 1
38 44 1
38 45 1
39 43 1
39 45 1
39 49 1
40 44 1
40 47 1
40 48 1
40 49 1
41 45 1
41 46 1
41 47 1
41 48 1
41 49 1
42 43 1
42 49 1
43 44 1
43 47 1
43 48 1
43 49 1
44 47 1
45 46 1
46 47 1
46 48 1
46 49 1
1
49 43 1 0 6
