1616
0 1 1
0 7 1
0 25 1
0 27 1
0 31 1
0 32 1
0 42 1
0 48 1
0 52 1
0 58 1
0 71 1
0 94 1
0 101 1
0 108 1
0 151 1
0 152 1
0 155 1
1 17 1
1 26 1
1 27 1
1 58 1
1 60 1
1 61 1
1 62 1
1 77 1
1 79 1
1 80 1
1 86 1
1 95 1
1 102 1
1 103 1
1 108 1
1 118 1
1 121 1
1 132 1
1 138 1
1 143 1
1 155 1
2 7 1
2 22 1
2 33 1
2 39 1
2 48 1
2 51 1
2 61 1
2 66 1
2 67 1
2 73 1
2 89 1
2 96 1
2 100 1
2 111 1
2 112 1
2 124 1
2 134 1
2 142 1
2 151 1
2 152 1
2 159 1
3 5 1
3 14 1
3 28 1
3 29 1
3 34 1
3 43 1
3 53 1
3 62 1
3 66 1
3 74 1
3 75 1
3 76 1
3 89 1
3 134 1
3 137 1
3 142 1
3 150 1
4 15 1
4 30 1
4 37 1
4 49 1
4 50 1
4 58 1
4 66 1
4 70 1
4 93 1
4 94 1
4 95 1
4 100 1
4 104 1
4 108 1
4 114 1
4 115 1
4 116 1
4 126 1
4 131 1
4 156 1
4 159 1
5 15 1
5 19 1
5 24 1
5 27 1
5 31 1
5 43 1
5 57 1
5 73 1
5 83 1
5 88 1
5 89 1
5 91 1
5 105 1
5 107 1
5 116 1
5 125 1
5 133 1
5 140 1
5 148 1
6 11 1
6 17 1
6 21 1
6 41 1
6 42 1
6 58 1
6 62 1
6 66 1
6 73 1
6 81 1
6 85 1
6 123 1
6 134 1
6 153 1
7 11 1
7 21 1
7 24 1
7 31 1
7 36 1
7 48 1
7 58 1
7 67 1
7 68 1
7 100 1
7 107 1
7 112 1
7 117 1
7 126 1
7 129 1
7 135 1
7 153 1
8 13 1
8 19 1
8 29 1
8 35 1
8 37 1
8 40 1
8 51 1
8 53 1
8 54 1
8 57 1
8 60 1
8 62 1
8 75 1
8 77 1
8 79 1
8 137 1
9 13 1
9 15 1
9 18 1
9 29 1
9 42 1
9 44 1
9 48 1
9 49 1
9 58 1
9 60 1
9 74 1
9 81 1
9 98 1
9 108 1
9 138 1
9 140 1
9 149 1
9 153 1
9 155 1
10 11 1
10 13 1
10 19 1
10 20 1
10 24 1
10 25 1
10 30 1
10 32 1
10 34 1
10 40 1
10 41 1
10 58 1
10 66 1
10 79 1
10 80 1
10 114 1
10 117 1
10 123 1
10 138 1
10 155 1
10 157 1
11 27 1
11 29 1
11 43 1
11 44 1
11 46 1
11 60 1
11 67 1
11 81 1
11 100 1
11 102 1
11 106 1
11 107 1
11 111 1
11 114 1
11 116 1
11 118 1
11 119 1
11 129 1
11 130 1
11 132 1
11 135 1
11 136 1
11 149 1
12 21 1
12 38 1
12 54 1
12 56 1
12 80 1
12 87 1
12 88 1
12 106 1
12 132 1
12 136 1
12 139 1
12 140 1
12 149 1
13 18 1
13 24 1
13 46 1
13 47 1
13 54 1
13 85 1
13 88 1
13 94 1
13 105 1
13 108 1
13 112 1
13 121 1
13 146 1
13 147 1
13 159 1
14 21 1
14 34 1
14 40 1
14 42 1
14 50 1
14 66 1
14 72 1
14 84 1
14 89 1
14 93 1
14 97 1
14 103 1
14 111 1
14 116 1
14 117 1
14 121 1
14 125 1
14 134 1
14 142 1
14 144 1
14 147 1
14 148 1
14 151 1
14 158 1
15 19 1
15 28 1
15 33 1
15 35 1
15 44 1
15 54 1
15 58 1
15 64 1
15 88 1
15 95 1
15 97 1
15 100 1
15 101 1
15 104 1
15 109 1
15 126 1
15 127 1
15 130 1
15 149 1
16 18 1
16 19 1
16 20 1
16 34 1
16 35 1
16 37 1
16 44 1
16 46 1
16 48 1
16 97 1
16 98 1
16 109 1
16 126 1
16 144 1
16 148 1
16 155 1
17 34 1
17 36 1
17 41 1
17 43 1
17 57 1
17 61 1
17 65 1
17 71 1
17 74 1
17 77 1
17 82 1
17 83 1
17 85 1
17 99 1
17 103 1
17 109 1
17 112 1
17 128 1
17 136 1
17 138 1
17 140 1
17 143 1
17 144 1
17 147 1
18 20 1
18 33 1
18 35 1
18 51 1
18 57 1
18 59 1
18 78 1
18 85 1
18 107 1
18 117 1
18 125 1
18 132 1
18 138 1
18 153 1
18 154 1
18 159 1
19 42 1
19 48 1
19 51 1
19 59 1
19 62 1
19 73 1
19 82 1
19 84 1
19 99 1
19 105 1
19 108 1
19 114 1
19 125 1
19 128 1
19 129 1
19 137 1
19 149 1
19 155 1
20 25 1
20 30 1
20 45 1
20 61 1
20 63 1
20 64 1
20 66 1
20 67 1
20 73 1
20 74 1
20 102 1
20 117 1
21 22 1
21 23 1
21 27 1
21 37 1
21 47 1
21 59 1
21 70 1
21 77 1
21 78 1
21 80 1
21 95 1
21 108 1
21 113 1
21 128 1
21 131 1
21 136 1
21 139 1
21 144 1
21 148 1
21 149 1
21 159 1
22 30 1
22 31 1
22 36 1
22 38 1
22 43 1
22 49 1
22 58 1
22 68 1
22 84 1
22 93 1
22 100 1
22 101 1
22 108 1
22 115 1
22 118 1
22 128 1
22 145 1
22 148 1
22 149 1
22 155 1
23 55 1
23 59 1
23 60 1
23 61 1
23 69 1
23 74 1
23 80 1
23 81 1
23 84 1
23 85 1
23 90 1
23 99 1
23 106 1
23 133 1
23 141 1
23 144 1
23 158 1
24 28 1
24 33 1
24 38 1
24 43 1
24 44 1
24 46 1
24 49 1
24 55 1
24 66 1
24 89 1
24 93 1
24 111 1
24 112 1
24 117 1
24 119 1
24 153 1
24 154 1
24 158 1
25 27 1
25 39 1
25 42 1
25 60 1
25 62 1
25 65 1
25 73 1
25 75 1
25 76 1
25 78 1
25 84 1
25 104 1
25 108 1
25 112 1
25 129 1
25 146 1
25 152 1
25 153 1
25 158 1
26 28 1
26 34 1
26 44 1
26 45 1
26 76 1
26 80 1
26 86 1
26 88 1
26 94 1
26 103 1
26 108 1
26 114 1
26 119 1
26 125 1
26 133 1
26 138 1
26 148 1
26 156 1
26 157 1
26 158 1
27 30 1
27 37 1
27 52 1
27 56 1
27 58 1
27 76 1
27 78 1
27 88 1
27 103 1
27 107 1
27 131 1
27 133 1
27 139 1
27 153 1
28 31 1
28 34 1
28 36 1
28 40 1
28 42 1
28 44 1
28 47 1
28 49 1
28 50 1
28 53 1
28 77 1
28 78 1
28 79 1
28 80 1
28 83 1
28 86 1
28 93 1
28 97 1
28 101 1
28 105 1
28 107 1
28 109 1
28 112 1
28 116 1
28 147 1
28 156 1
28 157 1
29 38 1
29 42 1
29 61 1
29 63 1
29 72 1
29 74 1
29 80 1
29 87 1
29 115 1
29 119 1
29 120 1
29 125 1
29 140 1
29 142 1
29 145 1
30 43 1
30 45 1
30 46 1
30 48 1
30 50 1
30 57 1
30 63 1
30 66 1
30 68 1
30 80 1
30 87 1
30 104 1
30 110 1
30 115 1
30 119 1
30 123 1
30 126 1
30 130 1
30 137 1
30 146 1
31 32 1
31 35 1
31 42 1
31 51 1
31 54 1
31 57 1
31 58 1
31 68 1
31 77 1
31 81 1
31 82 1
31 84 1
31 87 1
31 98 1
31 99 1
31 125 1
31 132 1
31 135 1
31 136 1
31 150 1
32 43 1
32 52 1
32 53 1
32 55 1
32 57 1
32 72 1
32 100 1
32 105 1
32 118 1
32 122 1
32 128 1
32 133 1
32 141 1
32 143 1
32 151 1
33 38 1
33 49 1
33 56 1
33 60 1
33 72 1
33 73 1
33 86 1
33 93 1
33 97 1
33 119 1
33 123 1
33 128 1
33 142 1
33 145 1
34 36 1
34 46 1
34 50 1
34 64 1
34 67 1
34 79 1
34 101 1
34 109 1
34 125 1
34 136 1
34 137 1
34 144 1
34 156 1
35 56 1
35 67 1
35 71 1
35 75 1
35 78 1
35 86 1
35 93 1
35 100 1
35 103 1
35 113 1
35 115 1
35 137 1
35 143 1
36 41 1
36 52 1
36 56 1
36 57 1
36 84 1
36 90 1
36 107 1
36 111 1
36 112 1
36 120 1
36 121 1
36 122 1
36 136 1
36 139 1
36 141 1
36 143 1
36 148 1
37 39 1
37 49 1
37 53 1
37 89 1
37 96 1
37 101 1
37 121 1
37 128 1
37 129 1
37 131 1
37 138 1
37 141 1
37 147 1
37 150 1
37 153 1
38 39 1
38 41 1
38 45 1
38 46 1
38 49 1
38 50 1
38 62 1
38 66 1
38 73 1
38 82 1
38 89 1
38 93 1
38 102 1
38 103 1
38 108 1
38 111 1
38 114 1
38 120 1
38 126 1
38 148 1
38 150 1
38 154 1
38 155 1
39 48 1
39 55 1
39 58 1
39 64 1
39 66 1
39 73 1
39 94 1
39 112 1
39 114 1
39 118 1
39 129 1
39 131 1
39 134 1
39 158 1
40 52 1
40 57 1
40 69 1
40 75 1
40 85 1
40 97 1
40 99 1
40 102 1
40 104 1
40 105 1
40 107 1
40 110 1
40 122 1
40 124 1
40 129 1
40 157 1
41 45 1
41 46 1
41 54 1
41 70 1
41 78 1
41 90 1
41 98 1
41 102 1
41 111 1
41 119 1
41 123 1
41 126 1
41 132 1
41 133 1
41 134 1
41 144 1
41 148 1
41 150 1
41 157 1
42 49 1
42 60 1
42 68 1
42 70 1
42 81 1
42 82 1
42 97 1
42 99 1
42 100 1
42 107 1
42 109 1
42 133 1
42 149 1
42 156 1
42 158 1
43 70 1
43 86 1
43 87 1
43 91 1
43 92 1
43 107 1
43 119 1
43 134 1
43 136 1
43 146 1
43 156 1
43 158 1
44 50 1
44 54 1
44 61 1
44 82 1
44 96 1
44 98 1
44 112 1
44 119 1
44 126 1
44 139 1
44 143 1
44 148 1
44 153 1
44 154 1
45 46 1
45 48 1
45 54 1
45 60 1
45 71 1
45 72 1
45 81 1
45 86 1
45 89 1
45 102 1
45 106 1
45 108 1
45 116 1
45 129 1
45 146 1
45 150 1
45 152 1
46 47 1
46 54 1
46 56 1
46 60 1
46 62 1
46 74 1
46 78 1
46 90 1
46 92 1
46 116 1
46 123 1
46 126 1
46 128 1
46 131 1
46 132 1
46 134 1
46 146 1
46 152 1
46 158 1
47 82 1
47 91 1
47 92 1
47 98 1
47 105 1
47 106 1
47 110 1
47 111 1
47 114 1
47 132 1
47 136 1
47 142 1
47 143 1
48 54 1
48 65 1
48 96 1
48 117 1
48 123 1
48 124 1
48 126 1
48 145 1
49 57 1
49 68 1
49 89 1
49 97 1
49 100 1
49 109 1
49 113 1
49 120 1
49 124 1
49 135 1
49 156 1
50 52 1
50 64 1
50 76 1
50 86 1
50 92 1
50 97 1
50 99 1
50 105 1
50 114 1
50 117 1
50 127 1
50 132 1
50 137 1
50 141 1
50 144 1
51 62 1
51 65 1
51 70 1
51 95 1
51 106 1
51 107 1
51 125 1
51 126 1
51 129 1
51 133 1
51 149 1
51 153 1
52 58 1
52 63 1
52 66 1
52 79 1
52 81 1
52 102 1
52 109 1
52 113 1
52 118 1
52 122 1
52 125 1
52 140 1
53 54 1
53 55 1
53 60 1
53 65 1
53 67 1
53 68 1
53 77 1
53 80 1
53 84 1
53 85 1
53 90 1
53 91 1
53 97 1
53 102 1
53 107 1
53 115 1
53 126 1
53 129 1
53 132 1
53 133 1
53 143 1
53 145 1
53 148 1
53 151 1
53 153 1
53 156 1
54 56 1
54 61 1
54 71 1
54 91 1
54 99 1
54 115 1
54 139 1
54 141 1
54 146 1
54 152 1
55 57 1
55 78 1
55 80 1
55 91 1
55 94 1
55 100 1
55 101 1
55 108 1
55 121 1
55 131 1
55 132 1
55 137 1
55 152 1
55 159 1
56 57 1
56 65 1
56 101 1
56 123 1
56 130 1
56 142 1
56 149 1
56 156 1
56 157 1
57 60 1
57 65 1
57 77 1
57 78 1
57 89 1
57 100 1
57 104 1
57 108 1
57 115 1
57 116 1
57 118 1
57 128 1
57 129 1
57 133 1
57 135 1
58 61 1
58 63 1
58 66 1
58 68 1
58 84 1
58 98 1
58 109 1
58 113 1
58 117 1
58 118 1
58 121 1
58 133 1
58 134 1
58 135 1
58 138 1
58 139 1
58 151 1
58 154 1
59 74 1
59 108 1
59 110 1
59 120 1
59 122 1
60 62 1
60 66 1
60 89 1
60 97 1
60 105 1
60 148 1
60 153 1
60 154 1
61 63 1
61 64 1
61 67 1
61 68 1
61 72 1
61 75 1
61 78 1
61 84 1
61 94 1
61 100 1
61 109 1
61 111 1
61 123 1
61 146 1
62 63 1
62 76 1
62 80 1
62 83 1
62 84 1
62 90 1
62 117 1
62 124 1
62 125 1
62 129 1
62 135 1
62 139 1
62 146 1
62 158 1
63 64 1
63 72 1
63 85 1
63 120 1
63 125 1
63 141 1
64 87 1
64 112 1
64 115 1
64 138 1
64 156 1
65 81 1
65 89 1
65 99 1
65 103 1
65 105 1
65 107 1
65 112 1
65 119 1
65 128 1
65 133 1
65 135 1
65 140 1
65 153 1
65 156 1
66 77 1
66 85 1
66 98 1
66 99 1
66 106 1
66 110 1
66 140 1
66 150 1
66 151 1
67 68 1
67 70 1
67 97 1
67 98 1
67 101 1
67 119 1
67 121 1
67 128 1
67 135 1
67 136 1
67 158 1
67 159 1
68 70 1
68 73 1
68 77 1
68 81 1
68 98 1
68 102 1
68 104 1
68 115 1
68 118 1
68 121 1
68 123 1
68 129 1
68 142 1
68 143 1
69 77 1
69 78 1
69 92 1
69 94 1
69 101 1
69 105 1
69 114 1
69 117 1
69 142 1
69 152 1
69 156 1
69 158 1
70 78 1
70 85 1
70 90 1
70 91 1
70 102 1
70 107 1
70 111 1
70 117 1
70 118 1
70 123 1
70 130 1
70 133 1
70 135 1
70 144 1
70 145 1
70 146 1
70 154 1
71 80 1
71 85 1
71 91 1
71 96 1
71 98 1
71 99 1
71 105 1
71 114 1
71 125 1
71 127 1
71 134 1
71 151 1
71 153 1
71 157 1
72 75 1
72 90 1
72 99 1
72 101 1
72 105 1
72 121 1
72 123 1
72 126 1
72 133 1
72 138 1
72 148 1
73 87 1
73 99 1
73 100 1
73 108 1
73 113 1
73 116 1
73 129 1
73 133 1
73 145 1
73 152 1
73 155 1
74 75 1
74 103 1
74 113 1
74 114 1
74 118 1
74 121 1
74 130 1
74 132 1
74 149 1
74 153 1
75 90 1
75 98 1
75 110 1
75 120 1
75 127 1
75 131 1
75 138 1
75 148 1
76 95 1
76 97 1
76 107 1
76 108 1
76 111 1
76 116 1
76 128 1
76 129 1
76 154 1
76 156 1
77 86 1
77 94 1
77 97 1
77 101 1
77 103 1
77 111 1
77 112 1
77 116 1
77 120 1
77 122 1
77 125 1
77 131 1
77 133 1
77 145 1
77 151 1
77 154 1
77 156 1
78 106 1
78 110 1
78 115 1
78 121 1
78 151 1
79 86 1
79 87 1
79 90 1
79 96 1
79 97 1
79 98 1
79 103 1
79 106 1
79 108 1
79 115 1
79 118 1
79 127 1
79 131 1
79 141 1
79 147 1
79 156 1
79 157 1
80 89 1
80 97 1
80 99 1
80 100 1
80 116 1
80 120 1
80 122 1
80 124 1
80 126 1
80 133 1
80 147 1
80 154 1
81 84 1
81 86 1
81 92 1
81 94 1
81 103 1
81 116 1
81 117 1
81 122 1
81 126 1
81 134 1
81 138 1
82 91 1
82 107 1
82 120 1
82 123 1
82 144 1
82 151 1
82 154 1
82 156 1
82 158 1
83 109 1
83 111 1
83 112 1
83 115 1
83 126 1
83 132 1
83 136 1
83 144 1
83 146 1
83 151 1
83 152 1
84 114 1
84 118 1
84 121 1
84 122 1
84 124 1
84 130 1
84 149 1
84 152 1
84 159 1
85 121 1
85 125 1
85 129 1
85 138 1
85 152 1
86 89 1
86 98 1
86 104 1
86 108 1
86 118 1
86 124 1
86 127 1
86 133 1
86 145 1
86 157 1
87 98 1
87 104 1
87 107 1
87 108 1
87 110 1
87 113 1
87 115 1
87 116 1
87 123 1
87 140 1
87 144 1
88 100 1
88 103 1
88 107 1
88 110 1
88 116 1
88 122 1
88 131 1
88 140 1
88 141 1
89 96 1
89 103 1
89 114 1
89 118 1
89 127 1
89 132 1
89 145 1
90 114 1
90 118 1
90 123 1
90 128 1
90 133 1
90 135 1
90 140 1
90 151 1
90 155 1
91 99 1
91 102 1
91 111 1
91 143 1
91 148 1
91 150 1
91 155 1
91 157 1
92 99 1
92 101 1
92 108 1
92 110 1
92 127 1
92 135 1
92 141 1
92 142 1
92 144 1
92 157 1
93 108 1
93 122 1
93 124 1
93 131 1
93 135 1
93 150 1
93 158 1
94 104 1
94 105 1
94 124 1
94 125 1
94 139 1
94 150 1
94 156 1
94 157 1
95 98 1
95 113 1
95 116 1
95 119 1
95 123 1
95 127 1
95 132 1
95 144 1
95 148 1
95 153 1
95 159 1
96 101 1
96 118 1
96 138 1
96 144 1
96 150 1
97 99 1
97 107 1
97 111 1
97 115 1
97 124 1
97 141 1
97 156 1
97 157 1
98 108 1
98 112 1
98 120 1
98 131 1
98 136 1
98 142 1
99 101 1
99 124 1
99 141 1
99 145 1
99 149 1
99 157 1
99 158 1
100 106 1
100 114 1
100 125 1
100 127 1
100 156 1
101 104 1
101 107 1
101 109 1
101 115 1
101 117 1
101 123 1
101 129 1
101 142 1
102 103 1
102 108 1
102 124 1
102 126 1
102 135 1
102 150 1
102 154 1
102 157 1
103 105 1
103 116 1
103 132 1
103 136 1
103 137 1
103 138 1
103 142 1
103 143 1
103 145 1
103 147 1
103 150 1
103 152 1
104 111 1
104 122 1
104 138 1
104 144 1
104 146 1
104 149 1
104 151 1
105 116 1
105 120 1
105 126 1
105 134 1
105 142 1
105 143 1
105 158 1
106 111 1
106 114 1
106 137 1
106 151 1
106 152 1
106 155 1
106 157 1
107 108 1
107 109 1
107 120 1
107 147 1
108 113 1
108 116 1
108 127 1
108 128 1
108 155 1
108 159 1
109 113 1
109 118 1
109 120 1
109 137 1
109 138 1
109 141 1
110 111 1
110 125 1
110 128 1
110 138 1
110 145 1
110 148 1
110 149 1
110 154 1
111 124 1
111 131 1
111 134 1
111 135 1
111 147 1
111 157 1
112 115 1
112 123 1
112 149 1
112 151 1
112 154 1
113 121 1
113 129 1
113 137 1
113 139 1
113 156 1
113 159 1
114 116 1
114 118 1
114 126 1
114 136 1
114 139 1
114 145 1
114 154 1
114 159 1
115 116 1
115 117 1
115 131 1
115 156 1
116 126 1
116 131 1
116 153 1
116 154 1
117 118 1
117 123 1
117 126 1
117 137 1
117 142 1
117 144 1
117 155 1
118 122 1
118 126 1
118 134 1
118 145 1
118 147 1
118 156 1
118 158 1
118 159 1
119 130 1
119 133 1
119 143 1
119 146 1
119 147 1
120 130 1
120 131 1
120 141 1
120 148 1
120 150 1
120 155 1
121 148 1
121 156 1
121 159 1
122 123 1
122 124 1
122 129 1
122 140 1
122 142 1
122 152 1
122 157 1
122 159 1
123 136 1
123 153 1
125 127 1
125 130 1
125 145 1
126 127 1
126 149 1
127 129 1
127 136 1
128 144 1
128 153 1
128 157 1
128 158 1
129 138 1
129 147 1
130 144 1
130 154 1
130 155 1
130 157 1
131 141 1
131 143 1
132 138 1
132 141 1
132 142 1
132 147 1
133 140 1
133 145 1
133 153 1
134 140 1
134 141 1
134 146 1
134 152 1
134 156 1
135 144 1
135 152 1
135 153 1
136 150 1
136 158 1
137 151 1
137 152 1
137 157 1
138 150 1
139 140 1
139 145 1
139 148 1
139 155 1
139 156 1
140 146 1
140 153 1
140 156 1
140 157 1
141 142 1
141 155 1
141 156 1
141 157 1
142 154 1
143 156 1
145 146 1
146 147 1
146 154 1
146 155 1
147 150 1
147 152 1
147 158 1
149 150 1
150 158 1
151 154 1
151 159 1
152 155 1
1
17 107 51 96 114 115 156 34 47 85 27 143 28 122 52 9
