997
0 5 1
0 16 1
0 17 1
0 20 1
0 26 1
0 37 1
0 42 1
0 49 1
0 51 1
0 59 1
0 60 1
0 79 1
0 82 1
0 85 1
0 93 1
0 97 1
0 98 1
0 102 1
0 107 1
1 16 1
1 20 1
1 26 1
1 27 1
1 29 1
1 33 1
1 38 1
1 40 1
1 44 1
1 45 1
1 46 1
1 48 1
1 60 1
1 66 1
1 80 1
1 97 1
1 106 1
2 5 1
2 6 1
2 7 1
2 8 1
2 14 1
2 19 1
2 31 1
2 37 1
2 41 1
2 53 1
2 55 1
2 61 1
2 62 1
2 76 1
2 80 1
2 85 1
2 86 1
2 87 1
2 88 1
2 92 1
3 7 1
3 25 1
3 32 1
3 37 1
3 39 1
3 51 1
3 52 1
3 61 1
3 63 1
3 67 1
3 69 1
3 73 1
3 79 1
3 80 1
3 82 1
3 97 1
3 107 1
4 13 1
4 14 1
4 15 1
4 16 1
4 17 1
4 32 1
4 34 1
4 35 1
4 37 1
4 38 1
4 42 1
4 44 1
4 73 1
4 83 1
4 90 1
4 93 1
4 97 1
4 100 1
5 22 1
5 32 1
5 38 1
5 42 1
5 43 1
5 47 1
5 49 1
5 52 1
5 61 1
5 73 1
5 74 1
5 83 1
5 87 1
5 90 1
5 103 1
5 107 1
5 108 1
6 11 1
6 13 1
6 15 1
6 19 1
6 24 1
6 27 1
6 28 1
6 29 1
6 35 1
6 40 1
6 46 1
6 48 1
6 52 1
6 59 1
6 62 1
6 67 1
6 70 1
6 71 1
6 72 1
6 74 1
6 78 1
6 85 1
6 89 1
6 93 1
6 94 1
6 96 1
6 100 1
6 108 1
7 13 1
7 14 1
7 44 1
7 47 1
7 48 1
7 71 1
7 73 1
7 74 1
7 78 1
7 82 1
7 83 1
7 88 1
7 94 1
7 99 1
7 100 1
7 102 1
7 106 1
8 10 1
8 11 1
8 13 1
8 15 1
8 26 1
8 27 1
8 30 1
8 55 1
8 60 1
8 62 1
8 66 1
8 84 1
8 91 1
8 98 1
8 102 1
9 16 1
9 20 1
9 21 1
9 38 1
9 39 1
9 42 1
9 50 1
9 54 1
9 60 1
9 61 1
9 66 1
9 69 1
9 73 1
9 84 1
9 93 1
9 98 1
9 106 1
9 108 1
10 12 1
10 14 1
10 16 1
10 30 1
10 32 1
10 37 1
10 39 1
10 43 1
10 47 1
10 49 1
10 54 1
10 55 1
10 57 1
10 62 1
10 79 1
10 91 1
10 94 1
10 96 1
10 97 1
10 107 1
11 13 1
11 16 1
11 17 1
11 22 1
11 28 1
11 29 1
11 42 1
11 48 1
11 51 1
11 58 1
11 61 1
11 62 1
11 63 1
11 67 1
11 77 1
11 80 1
11 81 1
11 83 1
11 90 1
11 92 1
11 97 1
11 99 1
11 105 1
12 15 1
12 17 1
12 21 1
12 37 1
12 38 1
12 42 1
12 45 1
12 55 1
12 62 1
12 73 1
12 81 1
12 84 1
12 87 1
12 94 1
12 96 1
12 97 1
12 107 1
12 109 1
13 17 1
13 19 1
13 25 1
13 29 1
13 40 1
13 50 1
13 53 1
13 75 1
13 79 1
13 88 1
13 97 1
13 105 1
14 16 1
14 19 1
14 24 1
14 37 1
14 43 1
14 46 1
14 56 1
14 62 1
14 63 1
14 65 1
14 67 1
14 68 1
14 72 1
14 86 1
14 97 1
14 106 1
15 25 1
15 33 1
15 37 1
15 41 1
15 69 1
15 70 1
15 79 1
15 83 1
15 84 1
15 86 1
15 88 1
15 91 1
15 101 1
15 105 1
16 17 1
16 18 1
16 24 1
16 26 1
16 35 1
16 40 1
16 43 1
16 54 1
16 57 1
16 58 1
16 59 1
16 61 1
16 80 1
16 94 1
16 106 1
16 108 1
17 33 1
17 36 1
17 38 1
17 43 1
17 45 1
17 48 1
17 61 1
17 62 1
17 65 1
17 67 1
17 82 1
17 90 1
17 97 1
17 100 1
17 103 1
18 26 1
18 43 1
18 46 1
18 48 1
18 56 1
18 60 1
18 82 1
18 87 1
18 106 1
18 107 1
19 21 1
19 26 1
19 35 1
19 38 1
19 41 1
19 42 1
19 45 1
19 47 1
19 49 1
19 52 1
19 59 1
19 62 1
19 64 1
19 66 1
19 67 1
19 74 1
19 79 1
19 80 1
19 87 1
20 23 1
20 30 1
20 35 1
20 52 1
20 56 1
20 73 1
20 91 1
20 95 1
20 106 1
20 107 1
21 23 1
21 24 1
21 27 1
21 30 1
21 48 1
21 49 1
21 68 1
21 86 1
21 95 1
21 97 1
21 108 1
22 23 1
22 25 1
22 32 1
22 61 1
22 73 1
22 78 1
22 87 1
22 95 1
22 97 1
22 106 1
22 107 1
23 39 1
23 46 1
23 55 1
23 56 1
23 62 1
23 63 1
23 64 1
23 75 1
23 76 1
23 79 1
23 81 1
23 84 1
23 85 1
23 90 1
23 100 1
23 107 1
23 108 1
23 109 1
24 27 1
24 29 1
24 43 1
24 46 1
24 61 1
24 65 1
24 71 1
24 84 1
24 88 1
24 96 1
24 97 1
24 98 1
24 99 1
24 107 1
25 26 1
25 27 1
25 35 1
25 44 1
25 45 1
25 56 1
25 78 1
25 84 1
25 87 1
25 89 1
25 90 1
25 97 1
25 103 1
26 31 1
26 33 1
26 41 1
26 44 1
26 46 1
26 49 1
26 51 1
26 59 1
26 68 1
26 70 1
26 88 1
26 94 1
26 108 1
26 109 1
27 29 1
27 30 1
27 35 1
27 36 1
27 38 1
27 47 1
27 52 1
27 57 1
27 59 1
27 60 1
27 62 1
27 63 1
27 65 1
27 69 1
27 70 1
27 82 1
27 90 1
27 92 1
27 94 1
27 97 1
27 108 1
27 109 1
28 37 1
28 41 1
28 47 1
28 56 1
28 59 1
28 69 1
28 74 1
28 93 1
28 99 1
29 38 1
29 49 1
29 56 1
29 58 1
29 64 1
29 65 1
29 72 1
29 79 1
29 80 1
29 85 1
29 90 1
29 97 1
29 101 1
30 41 1
30 44 1
30 45 1
30 59 1
30 73 1
30 77 1
30 80 1
30 85 1
30 88 1
30 93 1
30 96 1
30 106 1
30 107 1
31 33 1
31 35 1
31 50 1
31 59 1
31 64 1
31 69 1
31 73 1
31 74 1
31 84 1
31 88 1
31 91 1
31 99 1
31 100 1
31 101 1
31 102 1
31 104 1
32 33 1
32 46 1
32 58 1
32 69 1
32 73 1
32 81 1
32 89 1
32 103 1
32 104 1
32 109 1
33 35 1
33 44 1
33 48 1
33 51 1
33 53 1
33 54 1
33 57 1
33 63 1
33 67 1
33 68 1
33 73 1
33 74 1
33 77 1
33 83 1
33 87 1
33 94 1
33 97 1
33 106 1
33 107 1
33 109 1
34 37 1
34 57 1
34 64 1
34 70 1
34 87 1
34 88 1
34 90 1
34 95 1
35 47 1
35 63 1
35 66 1
35 71 1
35 87 1
35 95 1
35 104 1
36 41 1
36 42 1
36 51 1
36 56 1
36 60 1
36 61 1
36 71 1
36 75 1
36 79 1
36 106 1
36 107 1
36 109 1
37 39 1
37 40 1
37 53 1
37 55 1
37 64 1
37 72 1
37 78 1
37 80 1
37 89 1
37 95 1
38 41 1
38 42 1
38 47 1
38 49 1
38 51 1
38 64 1
38 72 1
38 74 1
38 82 1
38 88 1
38 95 1
38 98 1
38 102 1
38 103 1
39 50 1
39 56 1
39 57 1
39 64 1
39 66 1
39 67 1
39 69 1
39 70 1
39 72 1
39 76 1
39 78 1
39 82 1
39 89 1
39 93 1
39 94 1
39 104 1
39 105 1
39 109 1
40 53 1
40 71 1
40 75 1
40 86 1
40 93 1
40 94 1
40 99 1
40 107 1
41 60 1
41 64 1
41 67 1
41 77 1
41 79 1
41 86 1
41 90 1
41 93 1
41 99 1
41 106 1
42 44 1
42 45 1
42 47 1
42 53 1
42 56 1
42 58 1
42 62 1
42 76 1
42 80 1
42 84 1
42 92 1
42 97 1
42 103 1
42 109 1
43 45 1
43 46 1
43 48 1
43 51 1
43 61 1
43 69 1
43 75 1
43 76 1
43 78 1
43 83 1
43 84 1
43 92 1
43 102 1
43 109 1
44 51 1
44 57 1
44 61 1
44 62 1
44 65 1
44 71 1
44 86 1
44 89 1
44 96 1
44 98 1
44 107 1
45 50 1
45 54 1
45 61 1
45 64 1
45 67 1
45 68 1
45 75 1
45 90 1
45 96 1
45 97 1
46 48 1
46 53 1
46 54 1
46 57 1
46 59 1
46 61 1
46 89 1
46 93 1
46 96 1
46 105 1
46 108 1
47 62 1
47 66 1
47 68 1
47 78 1
47 80 1
47 81 1
47 90 1
47 93 1
47 94 1
47 107 1
48 50 1
48 58 1
48 59 1
48 76 1
48 80 1
48 86 1
48 89 1
48 94 1
49 62 1
49 73 1
49 75 1
49 85 1
49 87 1
49 90 1
49 99 1
49 101 1
49 109 1
50 55 1
50 61 1
50 64 1
50 69 1
50 92 1
50 106 1
51 56 1
51 57 1
51 64 1
51 65 1
51 67 1
51 73 1
51 82 1
51 85 1
51 91 1
51 93 1
51 106 1
52 53 1
52 81 1
52 83 1
52 103 1
53 70 1
53 72 1
53 76 1
53 78 1
53 94 1
53 99 1
53 101 1
53 105 1
54 55 1
54 62 1
54 72 1
54 75 1
54 93 1
54 95 1
54 96 1
54 97 1
54 98 1
55 56 1
55 58 1
55 59 1
55 62 1
55 65 1
55 70 1
55 72 1
55 82 1
55 89 1
55 100 1
55 105 1
56 58 1
56 66 1
56 70 1
56 72 1
56 73 1
56 77 1
56 80 1
56 83 1
56 95 1
56 96 1
56 98 1
56 101 1
56 109 1
57 65 1
57 66 1
57 68 1
57 82 1
57 95 1
57 102 1
57 109 1
58 68 1
58 69 1
58 78 1
58 87 1
58 91 1
58 93 1
58 99 1
58 102 1
58 108 1
59 62 1
59 68 1
59 69 1
59 70 1
59 76 1
59 84 1
59 87 1
59 94 1
59 99 1
59 108 1
59 109 1
60 69 1
60 78 1
60 79 1
60 84 1
60 92 1
60 101 1
60 108 1
61 62 1
61 75 1
61 86 1
61 93 1
61 96 1
61 101 1
61 103 1
62 67 1
62 73 1
62 78 1
62 79 1
62 86 1
62 89 1
62 100 1
62 105 1
63 76 1
63 77 1
63 78 1
63 82 1
63 83 1
63 91 1
63 107 1
64 76 1
64 90 1
64 97 1
64 100 1
64 108 1
65 66 1
65 69 1
65 90 1
65 92 1
65 94 1
66 73 1
66 74 1
66 91 1
66 102 1
67 68 1
67 84 1
67 104 1
67 105 1
68 70 1
68 71 1
68 76 1
68 77 1
68 80 1
68 84 1
68 91 1
68 92 1
68 95 1
68 103 1
68 108 1
69 75 1
69 83 1
69 95 1
69 99 1
69 100 1
69 107 1
69 109 1
70 73 1
70 85 1
70 88 1
70 93 1
70 94 1
70 100 1
70 102 1
70 104 1
70 105 1
71 74 1
71 81 1
71 83 1
71 84 1
71 99 1
72 74 1
72 82 1
72 83 1
72 95 1
72 101 1
72 103 1
72 106 1
73 78 1
73 81 1
73 88 1
73 89 1
73 94 1
73 100 1
73 101 1
73 106 1
73 107 1
73 109 1
74 80 1
74 84 1
74 88 1
74 93 1
74 103 1
75 76 1
75 78 1
75 84 1
75 88 1
75 100 1
75 101 1
75 103 1
75 108 1
76 101 1
76 103 1
77 80 1
77 85 1
77 91 1
77 99 1
77 103 1
78 84 1
78 92 1
78 98 1
79 84 1
79 106 1
80 84 1
80 87 1
80 90 1
80 91 1
80 92 1
80 97 1
80 99 1
80 102 1
80 107 1
80 108 1
81 91 1
81 96 1
81 103 1
81 108 1
82 84 1
82 91 1
82 100 1
83 95 1
83 100 1
83 102 1
83 107 1
83 108 1
84 102 1
84 104 1
84 109 1
85 101 1
86 100 1
86 102 1
87 92 1
87 102 1
87 106 1
88 91 1
88 101 1
88 106 1
88 107 1
89 96 1
89 97 1
89 103 1
89 104 1
89 108 1
89 109 1
90 96 1
90 99 1
90 100 1
90 101 1
91 100 1
91 105 1
91 109 1
92 93 1
92 95 1
92 107 1
93 103 1
94 95 1
94 96 1
94 98 1
95 98 1
95 106 1
95 109 1
96 97 1
97 100 1
98 106 1
99 103 1
100 102 1
100 103 1
101 106 1
101 107 1
102 105 1
103 107 1
104 106 1
105 107 1
1
11 82 29 72 70 95 75 39 59 94 13
