1102
0 2 1
0 10 1
0 13 1
0 16 1
0 20 1
0 29 1
0 33 1
0 35 1
0 58 1
0 64 1
0 69 1
0 87 1
0 111 1
0 117 1
1 17 1
1 21 1
1 41 1
1 44 1
1 47 1
1 56 1
1 64 1
1 65 1
1 70 1
1 80 1
1 82 1
1 84 1
1 88 1
1 100 1
1 105 1
1 108 1
1 110 1
1 119 1
2 4 1
2 7 1
2 24 1
2 36 1
2 37 1
2 41 1
2 56 1
2 58 1
2 67 1
2 81 1
2 83 1
2 94 1
2 100 1
2 105 1
2 118 1
3 7 1
3 13 1
3 20 1
3 26 1
3 30 1
3 56 1
3 57 1
3 69 1
3 71 1
3 77 1
3 78 1
3 80 1
3 84 1
3 86 1
3 92 1
3 93 1
3 109 1
3 110 1
3 117 1
4 11 1
4 12 1
4 21 1
4 30 1
4 37 1
4 39 1
4 46 1
4 50 1
4 59 1
4 65 1
4 66 1
4 67 1
4 85 1
4 87 1
4 88 1
4 91 1
4 102 1
4 111 1
5 6 1
5 11 1
5 15 1
5 20 1
5 24 1
5 25 1
5 31 1
5 35 1
5 40 1
5 44 1
5 45 1
5 48 1
5 52 1
5 53 1
5 57 1
5 63 1
5 71 1
5 73 1
5 84 1
5 110 1
5 113 1
5 114 1
5 116 1
6 10 1
6 12 1
6 13 1
6 33 1
6 34 1
6 63 1
6 64 1
6 81 1
6 83 1
6 100 1
6 114 1
7 10 1
7 14 1
7 21 1
7 23 1
7 27 1
7 36 1
7 41 1
7 48 1
7 49 1
7 62 1
7 67 1
7 68 1
7 70 1
7 72 1
7 73 1
7 74 1
7 80 1
7 85 1
7 89 1
7 115 1
8 9 1
8 12 1
8 19 1
8 20 1
8 26 1
8 40 1
8 46 1
8 51 1
8 56 1
8 57 1
8 59 1
8 60 1
8 62 1
8 72 1
8 75 1
8 76 1
8 78 1
8 94 1
8 97 1
8 100 1
8 101 1
8 116 1
9 15 1
9 17 1
9 24 1
9 27 1
9 34 1
9 35 1
9 38 1
9 54 1
9 60 1
9 76 1
9 77 1
9 82 1
9 83 1
9 90 1
9 93 1
9 107 1
9 108 1
9 110 1
10 12 1
10 19 1
10 30 1
10 35 1
10 42 1
10 44 1
10 45 1
10 53 1
10 59 1
10 61 1
10 79 1
10 88 1
10 91 1
10 96 1
10 98 1
10 105 1
10 106 1
10 113 1
10 116 1
10 119 1
11 12 1
11 20 1
11 24 1
11 25 1
11 46 1
11 47 1
11 56 1
11 65 1
11 78 1
11 82 1
11 84 1
11 96 1
11 100 1
11 105 1
11 107 1
11 108 1
12 19 1
12 36 1
12 37 1
12 43 1
12 50 1
12 52 1
12 58 1
12 64 1
12 84 1
12 87 1
12 88 1
12 99 1
12 101 1
13 20 1
13 21 1
13 28 1
13 40 1
13 49 1
13 53 1
13 54 1
13 55 1
13 59 1
13 62 1
13 66 1
13 70 1
13 72 1
13 79 1
13 87 1
13 89 1
13 92 1
13 99 1
13 101 1
13 113 1
13 115 1
13 117 1
13 118 1
14 27 1
14 28 1
14 37 1
14 38 1
14 41 1
14 51 1
14 55 1
14 82 1
14 85 1
14 86 1
14 102 1
14 106 1
14 108 1
14 114 1
15 19 1
15 26 1
15 29 1
15 40 1
15 43 1
15 63 1
15 82 1
15 91 1
15 95 1
15 103 1
15 104 1
15 115 1
15 116 1
15 117 1
15 119 1
16 20 1
16 22 1
16 23 1
16 27 1
16 40 1
16 42 1
16 46 1
16 49 1
16 50 1
16 75 1
16 77 1
16 83 1
16 84 1
16 97 1
16 100 1
16 112 1
16 118 1
17 35 1
17 47 1
17 49 1
17 55 1
17 67 1
17 68 1
17 82 1
17 93 1
17 98 1
17 101 1
18 36 1
18 58 1
18 67 1
18 68 1
18 71 1
18 82 1
18 83 1
18 88 1
18 104 1
18 106 1
18 109 1
18 119 1
19 36 1
19 45 1
19 49 1
19 56 1
19 65 1
19 83 1
19 89 1
19 96 1
19 113 1
20 28 1
20 35 1
20 41 1
20 51 1
20 69 1
20 78 1
20 80 1
20 82 1
20 83 1
20 85 1
20 97 1
20 98 1
20 108 1
20 116 1
20 117 1
21 26 1
21 34 1
21 38 1
21 48 1
21 53 1
21 69 1
21 70 1
21 72 1
21 82 1
21 84 1
21 87 1
21 91 1
21 92 1
21 97 1
21 98 1
21 104 1
21 114 1
21 118 1
21 119 1
22 51 1
22 52 1
22 56 1
22 58 1
22 62 1
22 64 1
22 66 1
22 69 1
22 76 1
22 85 1
22 87 1
22 94 1
22 99 1
22 101 1
22 105 1
23 43 1
23 45 1
23 46 1
23 61 1
23 68 1
23 81 1
23 85 1
23 88 1
23 91 1
23 102 1
23 104 1
23 112 1
23 114 1
24 31 1
24 33 1
24 43 1
24 54 1
24 55 1
24 58 1
24 61 1
24 64 1
24 65 1
24 67 1
24 78 1
24 79 1
24 83 1
24 100 1
24 106 1
24 118 1
25 27 1
25 30 1
25 39 1
25 43 1
25 50 1
25 54 1
25 55 1
25 63 1
25 72 1
25 85 1
25 97 1
25 106 1
25 109 1
25 110 1
25 115 1
25 118 1
26 43 1
26 49 1
26 51 1
26 55 1
26 59 1
26 67 1
26 70 1
26 71 1
26 73 1
26 74 1
26 83 1
26 88 1
26 91 1
26 98 1
26 118 1
27 32 1
27 48 1
27 49 1
27 58 1
27 73 1
27 74 1
27 76 1
27 80 1
27 83 1
27 96 1
27 103 1
27 110 1
27 118 1
28 31 1
28 34 1
28 36 1
28 45 1
28 66 1
28 76 1
28 80 1
28 82 1
28 88 1
28 96 1
28 99 1
28 116 1
28 117 1
29 32 1
29 41 1
29 71 1
29 73 1
29 79 1
29 83 1
29 95 1
29 100 1
29 113 1
30 47 1
30 49 1
30 55 1
30 61 1
30 66 1
30 69 1
30 70 1
30 90 1
30 110 1
31 32 1
31 45 1
31 50 1
31 54 1
31 59 1
31 73 1
31 76 1
31 78 1
31 83 1
31 91 1
31 100 1
31 102 1
31 103 1
31 104 1
31 117 1
32 40 1
32 48 1
32 54 1
32 56 1
32 59 1
32 62 1
32 63 1
32 70 1
32 72 1
32 75 1
32 90 1
32 92 1
32 93 1
32 97 1
32 103 1
32 104 1
32 106 1
32 108 1
32 111 1
32 117 1
33 36 1
33 37 1
33 39 1
33 57 1
33 61 1
33 66 1
33 67 1
33 69 1
33 72 1
33 73 1
33 86 1
33 89 1
33 93 1
33 95 1
33 98 1
33 105 1
33 106 1
33 114 1
34 52 1
34 56 1
34 60 1
34 73 1
34 87 1
34 94 1
34 97 1
34 104 1
34 116 1
34 118 1
34 119 1
35 51 1
35 60 1
35 62 1
35 66 1
35 71 1
35 76 1
35 91 1
35 95 1
35 98 1
35 100 1
36 39 1
36 53 1
36 54 1
36 57 1
36 72 1
36 73 1
36 101 1
36 105 1
36 109 1
36 116 1
37 47 1
37 49 1
37 59 1
37 62 1
37 68 1
37 73 1
37 76 1
37 79 1
37 80 1
37 85 1
37 88 1
37 94 1
37 96 1
37 102 1
37 103 1
37 116 1
38 47 1
38 61 1
38 62 1
38 68 1
38 71 1
38 74 1
38 76 1
38 77 1
38 79 1
38 90 1
38 98 1
38 102 1
38 106 1
38 107 1
39 46 1
39 63 1
39 64 1
39 66 1
39 72 1
39 78 1
39 82 1
39 86 1
39 88 1
39 95 1
39 97 1
39 102 1
39 117 1
39 119 1
40 42 1
40 45 1
40 46 1
40 51 1
40 62 1
40 67 1
40 85 1
40 96 1
40 105 1
41 50 1
41 52 1
41 54 1
41 64 1
41 80 1
41 106 1
41 110 1
42 47 1
42 55 1
42 57 1
42 67 1
42 76 1
42 81 1
42 84 1
42 88 1
42 89 1
42 91 1
42 92 1
42 93 1
42 94 1
42 114 1
42 116 1
43 44 1
43 50 1
43 59 1
43 62 1
43 69 1
43 70 1
43 74 1
43 81 1
43 85 1
43 88 1
43 97 1
43 99 1
43 105 1
43 116 1
43 117 1
43 119 1
44 45 1
44 58 1
44 70 1
44 76 1
44 77 1
44 79 1
44 83 1
44 87 1
44 90 1
44 92 1
44 102 1
44 105 1
44 109 1
44 118 1
45 58 1
45 64 1
45 68 1
45 70 1
45 82 1
45 83 1
45 110 1
46 64 1
46 77 1
46 91 1
46 96 1
46 104 1
46 114 1
47 50 1
47 54 1
47 70 1
47 74 1
47 99 1
47 104 1
47 107 1
47 110 1
47 113 1
47 117 1
47 119 1
48 49 1
48 57 1
48 66 1
48 84 1
48 85 1
48 104 1
48 116 1
49 52 1
49 55 1
49 57 1
49 60 1
49 69 1
49 70 1
49 74 1
49 90 1
49 93 1
49 95 1
49 109 1
49 111 1
49 117 1
49 118 1
50 52 1
50 54 1
50 70 1
50 72 1
50 82 1
50 98 1
50 105 1
50 115 1
51 58 1
51 61 1
51 65 1
51 69 1
51 71 1
51 76 1
51 80 1
51 84 1
51 85 1
51 90 1
51 101 1
51 106 1
51 108 1
51 113 1
51 118 1
52 54 1
52 70 1
52 75 1
52 79 1
52 86 1
52 91 1
52 98 1
52 103 1
52 107 1
52 119 1
53 56 1
53 64 1
53 68 1
53 74 1
53 90 1
53 96 1
53 98 1
53 99 1
53 102 1
53 103 1
53 117 1
53 118 1
54 61 1
54 62 1
54 65 1
54 71 1
54 74 1
54 81 1
54 90 1
54 96 1
54 100 1
54 105 1
54 108 1
54 115 1
55 73 1
55 79 1
55 80 1
55 87 1
55 88 1
55 96 1
55 103 1
55 115 1
55 116 1
56 57 1
56 62 1
56 73 1
56 79 1
56 101 1
56 102 1
56 109 1
57 67 1
57 78 1
57 79 1
57 99 1
57 100 1
57 102 1
57 105 1
57 106 1
57 107 1
57 109 1
57 111 1
57 117 1
58 60 1
58 61 1
58 63 1
58 72 1
58 83 1
58 97 1
58 99 1
58 110 1
58 113 1
58 114 1
59 60 1
59 61 1
59 74 1
59 86 1
59 89 1
59 96 1
59 98 1
59 99 1
59 101 1
60 73 1
60 79 1
60 82 1
60 87 1
60 90 1
60 94 1
60 106 1
60 111 1
60 115 1
60 117 1
61 72 1
61 73 1
61 75 1
61 79 1
61 85 1
61 91 1
61 97 1
61 99 1
61 108 1
61 111 1
62 66 1
62 69 1
62 74 1
62 77 1
62 78 1
62 100 1
62 105 1
62 109 1
62 111 1
62 115 1
62 118 1
63 66 1
63 76 1
63 79 1
63 84 1
63 93 1
63 99 1
63 118 1
64 69 1
64 74 1
64 80 1
64 91 1
64 100 1
64 104 1
64 119 1
65 73 1
65 76 1
65 99 1
65 100 1
65 102 1
65 108 1
66 67 1
66 79 1
66 80 1
66 86 1
66 88 1
66 97 1
66 98 1
66 116 1
66 117 1
66 118 1
67 75 1
67 88 1
67 98 1
67 102 1
67 112 1
67 113 1
67 117 1
68 85 1
68 92 1
68 98 1
68 105 1
68 108 1
69 75 1
69 77 1
69 85 1
69 88 1
69 93 1
69 97 1
69 101 1
69 112 1
69 113 1
69 117 1
69 118 1
70 73 1
70 77 1
70 78 1
70 90 1
70 94 1
70 105 1
70 108 1
70 114 1
70 116 1
71 75 1
71 87 1
71 95 1
72 73 1
72 81 1
72 96 1
72 101 1
72 105 1
72 111 1
72 115 1
72 119 1
73 74 1
73 78 1
73 85 1
73 87 1
73 93 1
73 95 1
73 99 1
73 106 1
73 112 1
73 113 1
73 115 1
73 119 1
74 81 1
74 88 1
74 94 1
74 97 1
74 100 1
74 105 1
74 106 1
74 115 1
75 79 1
75 83 1
75 85 1
75 90 1
75 91 1
75 104 1
75 107 1
75 110 1
75 111 1
75 115 1
75 119 1
76 85 1
76 90 1
76 92 1
76 108 1
76 110 1
76 111 1
77 86 1
77 88 1
77 92 1
77 93 1
77 94 1
77 97 1
77 101 1
77 114 1
77 116 1
77 117 1
78 87 1
78 89 1
78 96 1
78 97 1
79 91 1
79 93 1
79 94 1
79 97 1
79 103 1
79 110 1
79 119 1
80 87 1
80 91 1
80 94 1
80 96 1
80 99 1
80 101 1
80 102 1
80 110 1
80 113 1
80 119 1
81 82 1
81 85 1
81 87 1
81 110 1
81 112 1
81 113 1
81 119 1
82 83 1
82 112 1
82 117 1
83 92 1
83 94 1
83 100 1
83 107 1
83 110 1
83 111 1
83 113 1
84 89 1
84 95 1
84 114 1
85 91 1
85 96 1
85 99 1
85 111 1
85 114 1
86 91 1
86 96 1
86 99 1
86 102 1
86 107 1
86 108 1
87 102 1
87 106 1
87 116 1
88 90 1
88 92 1
88 101 1
88 114 1
89 92 1
89 94 1
89 99 1
89 100 1
89 104 1
89 117 1
89 119 1
90 99 1
90 102 1
90 108 1
91 95 1
91 96 1
91 111 1
91 112 1
91 116 1
92 104 1
92 115 1
92 119 1
93 96 1
93 100 1
93 111 1
93 117 1
94 100 1
94 105 1
94 115 1
95 99 1
95 106 1
95 114 1
95 116 1
96 101 1
96 104 1
96 105 1
96 108 1
96 112 1
96 117 1
97 104 1
97 111 1
98 100 1
98 102 1
98 105 1
98 107 1
98 111 1
98 117 1
99 115 1
100 106 1
100 108 1
100 109 1
100 111 1
101 103 1
101 105 1
101 115 1
101 118 1
102 104 1
102 106 1
103 116 1
103 119 1
104 105 1
104 106 1
104 110 1
104 116 1
104 118 1
105 108 1
106 109 1
107 118 1
108 112 1
108 115 1
108 117 1
109 113 1
111 119 1
112 115 1
112 119 1
114 117 1
114 118 1
118 119 1
1
62 28 37 77 63 102 68 53 50 0 21 94
