160
0 10 301
0 32 191
0 38 203
0 45 211
0 50 201
0 57 193
0 59 200
0 61 194
0 66 210
0 69 201
0 76 200
0 77 203
1 48 204
1 51 205
2 8 294
2 10 297
2 59 199
3 13 301
3 14 300
3 46 201
3 51 199
3 72 200
4 16 301
4 23 214
4 25 204
4 27 201
4 28 191
4 41 202
5 30 199
6 27 201
6 37 208
6 59 197
6 63 193
7 61 198
7 65 201
8 33 199
8 34 202
9 33 197
9 41 202
9 58 207
10 23 206
10 26 206
10 47 193
10 58 183
10 63 208
10 66 198
10 78 200
11 41 198
11 76 197
12 27 200
12 32 207
12 33 196
12 35 203
12 40 203
12 48 191
12 77 188
13 31 201
13 46 198
13 60 207
13 63 199
13 67 191
13 68 196
14 40 198
14 73 197
15 28 202
16 22 199
16 42 199
16 51 197
16 78 198
17 24 196
17 43 205
18 46 195
18 71 202
19 27 195
19 49 194
19 70 199
20 34 98
20 63 96
21 26 100
21 30 98
21 40 103
21 54 95
21 69 103
22 29 103
22 37 98
22 39 102
22 43 105
22 47 101
22 56 105
23 58 100
24 43 99
24 44 99
24 53 98
24 56 104
24 64 98
24 67 97
24 76 106
25 59 101
26 35 99
26 44 100
26 57 96
26 60 107
26 65 96
27 33 101
27 35 102
27 38 97
29 61 96
29 72 97
30 41 99
30 45 106
30 63 107
31 71 104
33 71 91
34 43 105
34 50 99
34 61 98
35 49 96
36 40 98
36 54 100
37 46 104
37 54 104
38 54 100
38 55 94
38 71 103
39 61 100
40 51 93
40 60 102
40 78 100
41 52 99
41 57 96
41 75 101
42 45 101
43 48 97
44 62 102
44 67 96
45 59 98
48 63 105
49 61 102
49 67 105
50 78 103
51 52 103
51 56 100
51 72 104
51 76 99
53 65 94
55 67 95
55 78 92
57 67 98
59 79 94
60 67 105
61 70 94
62 78 95
63 72 98
63 74 102
64 67 104
65 68 91
65 70 109
67 78 102
68 76 93
68 77 95
1
0 1 2 3 4 5 6 7 8 9 10 11 12 13 14 15 16 17 18 19
