120
0 9 295
0 15 294
0 16 208
0 36 195
0 45 205
0 62 192
0 63 197
0 77 199
1 10 294
1 17 204
1 53 209
1 62 201
2 10 306
2 42 200
2 46 198
3 42 201
3 44 188
4 70 202
5 10 300
5 40 199
5 60 202
5 61 198
5 71 199
6 8 288
6 11 290
6 36 196
6 50 199
6 78 194
7 77 197
8 42 197
8 55 206
9 22 211
9 42 205
9 47 203
9 52 197
9 78 203
10 75 200
10 78 199
11 56 208
11 61 199
11 66 202
12 38 197
12 63 199
12 77 204
13 40 198
13 48 204
14 34 201
14 53 201
16 20 101
16 79 98
17 47 103
17 54 101
17 58 99
18 34 98
18 56 105
19 79 96
20 45 92
20 70 94
20 75 94
21 28 99
21 37 97
21 38 101
22 36 88
23 25 97
23 79 100
24 30 98
24 43 95
25 27 102
25 55 98
26 40 99
27 63 98
27 74 97
27 79 99
28 43 100
28 54 108
28 70 95
29 43 104
29 63 105
30 49 97
30 56 102
30 74 103
31 71 97
32 79 99
33 64 107
34 69 111
35 45 97
35 71 107
36 57 85
36 70 99
37 52 94
37 70 97
37 73 103
37 77 104
38 46 99
38 59 103
39 51 101
39 56 103
39 60 103
39 73 103
40 67 98
41 45 95
41 65 94
43 51 110
43 64 87
46 51 100
46 53 104
46 64 96
47 51 98
51 62 99
51 79 97
52 68 102
52 69 108
54 56 103
54 76 90
55 72 90
55 77 99
60 68 98
62 67 91
65 77 99
69 76 98
1
0 1 2 3 4 5 6 7 8 9 10 11 12 13 14 15
