350
0 3 294
0 12 208
0 16 195
0 25 203
0 37 200
0 40 194
0 41 201
0 45 189
0 52 196
0 54 197
0 66 197
1 21 195
1 24 195
1 28 205
1 34 193
1 37 195
1 46 198
1 57 194
1 58 205
1 63 195
1 64 199
1 68 197
1 78 200
2 3 307
2 11 196
2 15 200
2 19 202
2 29 197
2 37 195
2 40 200
2 68 198
2 69 192
2 70 191
3 12 198
3 26 198
3 41 204
3 45 199
3 59 203
4 13 205
4 59 204
4 69 210
4 75 206
4 77 187
5 14 204
5 18 201
5 23 201
5 28 190
5 46 198
5 66 208
5 73 203
6 11 106
6 27 94
6 33 102
6 36 103
6 39 94
6 42 103
6 48 93
6 63 90
6 69 93
6 76 104
7 8 98
7 14 101
7 42 102
7 45 94
7 49 102
7 56 93
7 64 97
8 10 101
8 17 98
8 19 99
8 26 100
8 29 98
8 53 96
8 76 92
9 10 99
9 32 103
9 42 103
9 46 112
9 51 100
9 55 92
9 57 96
9 60 97
9 62 104
9 68 99
10 47 96
10 57 99
10 63 96
10 67 100
11 18 102
11 36 95
11 37 97
11 51 99
11 56 99
11 62 94
11 65 105
11 72 96
12 23 104
12 28 97
12 38 103
12 43 99
12 66 102
12 67 91
12 79 104
13 21 94
13 33 100
13 64 96
13 65 104
13 76 97
14 25 91
14 46 101
14 59 102
15 37 103
15 51 110
15 74 98
16 22 93
16 24 92
16 29 101
16 51 95
16 55 94
16 68 99
16 69 95
16 71 95
16 77 99
17 30 100
17 33 99
17 62 98
17 69 101
17 72 101
17 73 90
17 75 99
17 79 100
18 26 97
18 42 88
18 43 103
18 48 101
18 59 104
18 65 102
18 70 99
18 73 102
18 74 106
18 79 97
19 33 109
19 41 105
19 46 98
19 50 102
19 52 92
19 53 106
19 68 91
20 29 99
20 32 102
20 36 92
20 44 99
20 49 99
20 51 96
20 57 101
20 63 101
21 34 96
21 36 102
21 37 110
21 41 99
21 42 109
21 45 100
21 52 98
21 54 98
21 55 104
21 64 105
21 75 100
22 29 90
22 31 101
22 53 95
22 56 92
22 59 93
22 64 99
22 66 101
22 76 105
22 77 99
23 38 99
23 56 97
23 59 100
23 70 102
24 37 92
24 59 98
24 67 110
24 69 98
24 79 99
25 39 86
25 40 105
25 49 90
25 60 98
25 64 105
26 37 102
26 42 92
26 59 98
26 64 102
27 33 96
27 35 105
27 39 110
27 41 110
27 42 100
27 67 97
27 75 104
27 78 96
28 32 104
28 37 107
28 43 96
28 51 93
28 61 96
28 66 99
29 30 105
29 40 96
29 41 94
29 47 100
29 55 104
29 57 94
29 58 92
30 36 96
30 40 102
30 51 103
30 64 96
30 67 107
30 68 98
31 32 103
31 41 105
31 43 102
31 47 100
31 48 98
31 73 96
32 33 98
32 37 101
32 57 93
32 60 100
32 66 97
33 50 96
33 58 96
34 40 99
34 55 95
34 69 90
35 38 100
35 41 105
35 76 94
36 46 91
36 52 95
36 64 92
36 74 102
36 78 109
37 46 102
37 48 105
37 54 97
37 57 91
37 67 95
37 69 103
37 70 93
38 44 98
38 52 112
38 56 101
39 40 97
39 46 96
39 50 115
39 60 91
39 74 106
40 41 100
40 50 106
40 51 105
40 53 92
40 70 99
41 50 99
41 78 109
43 50 105
43 59 110
43 64 95
44 64 100
44 71 99
45 70 94
45 73 98
46 64 109
46 66 102
46 73 96
47 52 103
47 71 110
48 58 95
48 67 98
49 54 95
49 57 102
49 72 99
49 73 110
49 74 90
50 53 101
50 77 96
51 55 104
51 58 99
51 66 101
51 71 96
51 72 94
51 76 107
51 78 104
52 64 102
52 74 107
54 56 101
54 64 105
54 68 90
55 56 94
56 57 103
56 69 104
56 72 96
56 73 106
57 64 103
57 65 102
57 69 101
57 73 99
57 77 109
58 68 107
58 69 92
58 75 98
58 79 96
59 60 98
59 61 102
59 67 109
59 77 102
60 65 98
60 71 101
61 62 104
61 69 98
62 67 106
62 71 99
62 75 97
63 65 95
63 67 108
63 76 103
64 69 101
64 70 103
64 71 94
64 77 103
65 77 107
65 78 92
66 71 92
66 73 101
67 68 99
67 69 105
67 70 106
67 71 100
67 73 96
68 74 93
68 76 94
68 77 96
69 76 100
69 77 97
71 72 94
71 75 99
71 78 104
72 74 100
1
0 1 2 3 4 5
