3160
0 1 294
0 2 294
0 3 304
0 4 303
0 5 302
0 6 289
0 7 299
0 8 304
0 9 292
0 10 299
0 11 300
0 12 301
0 13 305
0 14 293
0 15 300
0 16 190
0 17 204
0 18 198
0 19 200
0 20 193
0 21 210
0 22 197
0 23 206
0 24 195
0 25 205
0 26 199
0 27 192
0 28 197
0 29 204
0 30 194
0 31 189
0 32 197
0 33 197
0 34 202
0 35 204
0 36 203
0 37 197
0 38 199
0 39 201
0 40 204
0 41 212
0 42 202
0 43 194
0 44 191
0 45 198
0 46 209
0 47 204
0 48 198
0 49 194
0 50 194
0 51 202
0 52 199
0 53 193
0 54 190
0 55 199
0 56 192
0 57 203
0 58 197
0 59 197
0 60 194
0 61 199
0 62 206
0 63 196
0 64 198
0 65 203
0 66 196
0 67 190
0 68 199
0 69 204
0 70 205
0 71 195
0 72 193
0 73 200
0 74 199
0 75 199
0 76 198
0 77 202
0 78 195
0 79 200
1 2 294
1 3 295
1 4 306
1 5 300
1 6 305
1 7 295
1 8 312
1 9 300
1 10 301
1 11 303
1 12 296
1 13 297
1 14 306
1 15 302
1 16 199
1 17 199
1 18 202
1 19 194
1 20 191
1 21 202
1 22 209
1 23 190
1 24 197
1 25 203
1 26 199
1 27 198
1 28 199
1 29 198
1 30 196
1 31 203
1 32 203
1 33 203
1 34 197
1 35 191
1 36 197
1 37 194
1 38 202
1 39 201
1 40 197
1 41 203
1 42 205
1 43 197
1 44 191
1 45 197
1 46 197
1 47 195
1 48 201
1 49 202
1 50 197
1 51 200
1 52 197
1 53 197
1 54 198
1 55 203
1 56 198
1 57 203
1 58 198
1 59 202
1 60 202
1 61 206
1 62 200
1 63 209
1 64 200
1 65 199
1 66 205
1 67 195
1 68 200
1 69 203
1 70 191
1 71 192
1 72 197
1 73 204
1 74 198
1 75 204
1 76 199
1 77 200
1 78 197
1 79 205
2 3 304
2 4 303
2 5 302
2 6 308
2 7 293
2 8 305
2 9 305
2 10 306
2 11 296
2 12 294
2 13 302
2 14 299
2 15 300
2 16 201
2 17 199
2 18 194
2 19 199
2 20 202
2 21 197
2 22 204
2 23 195
2 24 201
2 25 207
2 26 200
2 27 205
2 28 198
2 29 207
2 30 200
2 31 201
2 32 203
2 33 194
2 34 208
2 35 192
2 36 202
2 37 201
2 38 197
2 39 199
2 40 196
2 41 202
2 42 197
2 43 199
2 44 212
2 45 189
2 46 201
2 47 207
2 48 198
2 49 202
2 50 206
2 51 199
2 52 202
2 53 203
2 54 200
2 55 209
2 56 199
2 57 198
2 58 196
2 59 198
2 60 205
2 61 187
2 62 200
2 63 205
2 64 192
2 65 201
2 66 196
2 67 204
2 68 201
2 69 200
2 70 200
2 71 208
2 72 196
2 73 205
2 74 193
2 75 206
2 76 200
2 77 194
2 78 202
2 79 198
3 4 303
3 5 290
3 6 298
3 7 305
3 8 297
3 9 301
3 10 305
3 11 295
3 12 299
3 13 294
3 14 296
3 15 300
3 16 199
3 17 203
3 18 196
3 19 198
3 20 193
3 21 206
3 22 200
3 23 191
3 24 203
3 25 198
3 26 196
3 27 198
3 28 198
3 29 205
3 30 198
3 31 198
3 32 192
3 33 211
3 34 196
3 35 204
3 36 202
3 37 194
3 38 199
3 39 204
3 40 198
3 41 202
3 42 202
3 43 204
3 44 211
3 45 204
3 46 195
3 47 207
3 48 190
3 49 205
3 50 205
3 51 196
3 52 206
3 53 198
3 54 195
3 55 201
3 56 203
3 57 195
3 58 195
3 59 186
3 60 199
3 61 203
3 62 200
3 63 199
3 64 197
3 65 196
3 66 198
3 67 202
3 68 206
3 69 198
3 70 195
3 71 200
3 72 198
3 73 206
3 74 205
3 75 195
3 76 190
3 77 201
3 78 207
3 79 202
4 5 297
4 6 298
4 7 306
4 8 303
4 9 298
4 10 298
4 11 301
4 12 306
4 13 297
4 14 295
4 15 294
4 16 201
4 17 210
4 18 204
4 19 203
4 20 209
4 21 194
4 22 198
4 23 201
4 24 192
4 25 199
4 26 205
4 27 207
4 28 210
4 29 199
4 30 196
4 31 204
4 32 201
4 33 204
4 34 192
4 35 202
4 36 197
4 37 200
4 38 201
4 39 197
4 40 187
4 41 200
4 42 193
4 43 195
4 44 199
4 45 197
4 46 198
4 47 211
4 48 202
4 49 196
4 50 195
4 51 207
4 52 196
4 53 194
4 54 200
4 55 203
4 56 201
4 57 200
4 58 201
4 59 197
4 60 191
4 61 200
4 62 195
4 63 199
4 64 200
4 65 197
4 66 195
4 67 193
4 68 195
4 69 204
4 70 193
4 71 213
4 72 195
4 73 198
4 74 202
4 75 205
4 76 199
4 77 198
4 78 201
4 79 196
5 6 301
5 7 295
5 8 306
5 9 301
5 10 294
5 11 302
5 12 306
5 13 307
5 14 297
5 15 295
5 16 206
5 17 194
5 18 204
5 19 197
5 20 205
5 21 199
5 22 196
5 23 204
5 24 197
5 25 207
5 26 196
5 27 202
5 28 201
5 29 194
5 30 196
5 31 202
5 32 200
5 33 196
5 34 196
5 35 204
5 36 204
5 37 204
5 38 197
5 39 191
5 40 196
5 41 192
5 42 204
5 43 199
5 44 199
5 45 196
5 46 206
5 47 199
5 48 198
5 49 203
5 50 196
5 51 199
5 52 198
5 53 198
5 54 204
5 55 206
5 56 197
5 57 204
5 58 205
5 59 198
5 60 182
5 61 202
5 62 193
5 63 197
5 64 190
5 65 196
5 66 203
5 67 198
5 68 192
5 69 197
5 70 194
5 71 194
5 72 196
5 73 195
5 74 208
5 75 199
5 76 205
5 77 197
5 78 195
5 79 199
6 7 304
6 8 301
6 9 291
6 10 297
6 11 298
6 12 305
6 13 291
6 14 305
6 15 299
6 16 201
6 17 194
6 18 194
6 19 206
6 20 204
6 21 201
6 22 199
6 23 199
6 24 209
6 25 198
6 26 199
6 27 199
6 28 208
6 29 199
6 30 208
6 31 193
6 32 200
6 33 194
6 34 205
6 35 204
6 36 207
6 37 205
6 38 204
6 39 203
6 40 206
6 41 200
6 42 201
6 43 205
6 44 198
6 45 207
6 46 196
6 47 202
6 48 207
6 49 202
6 50 203
6 51 196
6 52 204
6 53 204
6 54 195
6 55 204
6 56 200
6 57 195
6 58 196
6 59 190
6 60 211
6 61 202
6 62 193
6 63 206
6 64 195
6 65 202
6 66 201
6 67 193
6 68 204
6 69 198
6 70 205
6 71 204
6 72 193
6 73 194
6 74 206
6 75 204
6 76 198
6 77 199
6 78 194
6 79 198
7 8 301
7 9 310
7 10 300
7 11 303
7 12 301
7 13 298
7 14 297
7 15 304
7 16 199
7 17 206
7 18 204
7 19 195
7 20 201
7 21 200
7 22 198
7 23 197
7 24 194
7 25 201
7 26 197
7 27 201
7 28 206
7 29 203
7 30 209
7 31 198
7 32 200
7 33 194
7 34 202
7 35 191
7 36 199
7 37 202
7 38 195
7 39 192
7 40 201
7 41 192
7 42 206
7 43 197
7 44 201
7 45 206
7 46 198
7 47 203
7 48 202
7 49 194
7 50 202
7 51 202
7 52 196
7 53 198
7 54 206
7 55 202
7 56 201
7 57 194
7 58 213
7 59 202
7 60 209
7 61 201
7 62 204
7 63 195
7 64 194
7 65 194
7 66 197
7 67 198
7 68 201
7 69 203
7 70 199
7 71 203
7 72 205
7 73 199
7 74 200
7 75 194
7 76 197
7 77 192
7 78 199
7 79 199
8 9 298
8 10 297
8 11 304
8 12 298
8 13 303
8 14 298
8 15 301
8 16 192
8 17 194
8 18 195
8 19 198
8 20 207
8 21 209
8 22 193
8 23 204
8 24 198
8 25 198
8 26 195
8 27 205
8 28 196
8 29 208
8 30 200
8 31 204
8 32 204
8 33 201
8 34 189
8 35 197
8 36 203
8 37 198
8 38 189
8 39 193
8 40 199
8 41 198
8 42 202
8 43 205
8 44 195
8 45 196
8 46 202
8 47 200
8 48 200
8 49 201
8 50 201
8 51 208
8 52 200
8 53 204
8 54 212
8 55 202
8 56 192
8 57 204
8 58 206
8 59 190
8 60 191
8 61 203
8 62 201
8 63 203
8 64 205
8 65 202
8 66 194
8 67 200
8 68 205
8 69 203
8 70 207
8 71 195
8 72 197
8 73 201
8 74 206
8 75 198
8 76 202
8 77 207
8 78 194
8 79 196
9 10 294
9 11 304
9 12 303
9 13 293
9 14 297
9 15 297
9 16 206
9 17 197
9 18 198
9 19 196
9 20 203
9 21 185
9 22 198
9 23 195
9 24 196
9 25 196
9 26 195
9 27 198
9 28 204
9 29 192
9 30 205
9 31 200
9 32 198
9 33 205
9 34 195
9 35 195
9 36 203
9 37 202
9 38 200
9 39 203
9 40 200
9 41 196
9 42 204
9 43 203
9 44 203
9 45 203
9 46 203
9 47 201
9 48 203
9 49 201
9 50 199
9 51 201
9 52 197
9 53 187
9 54 197
9 55 213
9 56 193
9 57 199
9 58 190
9 59 202
9 60 200
9 61 205
9 62 194
9 63 192
9 64 203
9 65 193
9 66 195
9 67 202
9 68 199
9 69 209
9 70 202
9 71 192
9 72 195
9 73 205
9 74 200
9 75 188
9 76 204
9 77 207
9 78 199
9 79 196
10 11 302
10 12 302
10 13 299
10 14 298
10 15 292
10 16 199
10 17 200
10 18 201
10 19 199
10 20 196
10 21 206
10 22 198
10 23 193
10 24 189
10 25 203
10 26 203
10 27 198
10 28 205
10 29 200
10 30 204
10 31 200
10 32 196
10 33 190
10 34 199
10 35 207
10 36 203
10 37 209
10 38 191
10 39 196
10 40 190
10 41 193
10 42 201
10 43 203
10 44 198
10 45 201
10 46 204
10 47 197
10 48 208
10 49 209
10 50 200
10 51 198
10 52 195
10 53 201
10 54 204
10 55 195
10 56 210
10 57 200
10 58 198
10 59 201
10 60 205
10 61 203
10 62 201
10 63 201
10 64 210
10 65 200
10 66 199
10 67 203
10 68 202
10 69 199
10 70 202
10 71 192
10 72 203
10 73 205
10 74 201
10 75 201
10 76 195
10 77 194
10 78 206
10 79 197
11 12 293
11 13 297
11 14 299
11 15 298
11 16 196
11 17 195
11 18 206
11 19 205
11 20 206
11 21 204
11 22 208
11 23 207
11 24 195
11 25 206
11 26 189
11 27 198
11 28 188
11 29 196
11 30 197
11 31 196
11 32 197
11 33 201
11 34 205
11 35 208
11 36 196
11 37 207
11 38 207
11 39 209
11 40 194
11 41 201
11 42 197
11 43 194
11 44 199
11 45 198
11 46 208
11 47 203
11 48 204
11 49 199
11 50 192
11 51 198
11 52 194
11 53 200
11 54 196
11 55 208
11 56 196
11 57 204
11 58 203
11 59 197
11 60 208
11 61 203
11 62 200
11 63 199
11 64 212
11 65 202
11 66 196
11 67 195
11 68 200
11 69 205
11 70 202
11 71 197
11 72 203
11 73 202
11 74 205
11 75 198
11 76 196
11 77 205
11 78 208
11 79 191
12 13 293
12 14 301
12 15 300
12 16 196
12 17 195
12 18 204
12 19 199
12 20 194
12 21 202
12 22 210
12 23 193
12 24 201
12 25 198
12 26 196
12 27 195
12 28 201
12 29 205
12 30 201
12 31 195
12 32 202
12 33 202
12 34 198
12 35 209
12 36 193
12 37 202
12 38 199
12 39 198
12 40 196
12 41 195
12 42 196
12 43 201
12 44 205
12 45 201
12 46 191
12 47 202
12 48 205
12 49 199
12 50 201
12 51 206
12 52 192
12 53 202
12 54 199
12 55 194
12 56 199
12 57 198
12 58 198
12 59 204
12 60 205
12 61 198
12 62 200
12 63 199
12 64 197
12 65 196
12 66 202
12 67 198
12 68 196
12 69 207
12 70 204
12 71 190
12 72 201
12 73 197
12 74 191
12 75 190
12 76 202
12 77 195
12 78 194
12 79 203
13 14 297
13 15 304
13 16 199
13 17 191
13 18 195
13 19 202
13 20 200
13 21 199
13 22 197
13 23 197
13 24 204
13 25 194
13 26 203
13 27 195
13 28 202
13 29 197
13 30 197
13 31 205
13 32 208
13 33 198
13 34 192
13 35 208
13 36 189
13 37 200
13 38 196
13 39 199
13 40 200
13 41 198
13 42 199
13 43 196
13 44 202
13 45 196
13 46 202
13 47 198
13 48 195
13 49 199
13 50 205
13 51 195
13 52 196
13 53 198
13 54 202
13 55 203
13 56 197
13 57 200
13 58 197
13 59 205
13 60 197
13 61 202
13 62 204
13 63 198
13 64 204
13 65 205
13 66 205
13 67 192
13 68 212
13 69 202
13 70 199
13 71 198
13 72 195
13 73 204
13 74 206
13 75 197
13 76 200
13 77 201
13 78 204
13 79 202
14 15 288
14 16 208
14 17 191
14 18 209
14 19 198
14 20 202
14 21 196
14 22 199
14 23 198
14 24 200
14 25 202
14 26 202
14 27 192
14 28 200
14 29 208
14 30 195
14 31 199
14 32 200
14 33 202
14 34 201
14 35 205
14 36 210
14 37 198
14 38 202
14 39 199
14 40 200
14 41 206
14 42 201
14 43 197
14 44 196
14 45 195
14 46 208
14 47 194
14 48 193
14 49 192
14 50 206
14 51 198
14 52 201
14 53 198
14 54 207
14 55 197
14 56 192
14 57 197
14 58 192
14 59 187
14 60 204
14 61 198
14 62 199
14 63 200
14 64 205
14 65 196
14 66 204
14 67 196
14 68 198
14 69 197
14 70 191
14 71 205
14 72 202
14 73 199
14 74 200
14 75 197
14 76 194
14 77 209
14 78 190
14 79 194
15 16 198
15 17 195
15 18 202
15 19 199
15 20 199
15 21 202
15 22 201
15 23 198
15 24 198
15 25 197
15 26 205
15 27 202
15 28 193
15 29 198
15 30 203
15 31 197
15 32 203
15 33 191
15 34 197
15 35 197
15 36 202
15 37 206
15 38 201
15 39 199
15 40 208
15 41 203
15 42 197
15 43 197
15 44 199
15 45 211
15 46 207
15 47 195
15 48 185
15 49 200
15 50 192
15 51 196
15 52 202
15 53 201
15 54 197
15 55 199
15 56 201
15 57 206
15 58 203
15 59 202
15 60 195
15 61 189
15 62 186
15 63 197
15 64 200
15 65 195
15 66 198
15 67 201
15 68 200
15 69 203
15 70 189
15 71 204
15 72 199
15 73 197
15 74 206
15 75 197
15 76 200
15 77 195
15 78 199
15 79 202
16 17 94
16 18 95
16 19 108
16 20 100
16 21 95
16 22 107
16 23 99
16 24 104
16 25 98
16 26 92
16 27 107
16 28 95
16 29 104
16 30 97
16 31 105
16 32 96
16 33 110
16 34 101
16 35 96
16 36 101
16 37 88
16 38 97
16 39 93
16 40 103
16 41 105
16 42 99
16 43 99
16 44 108
16 45 104
16 46 106
16 47 98
16 48 102
16 49 107
16 50 107
16 51 101
16 52 103
16 53 94
16 54 100
16 55 102
16 56 105
16 57 89
16 58 102
16 59 94
16 60 91
16 61 107
16 62 93
16 63 100
16 64 99
16 65 97
16 66 99
16 67 101
16 68 106
16 69 103
16 70 99
16 71 95
16 72 98
16 73 101
16 74 103
16 75 97
16 76 95
16 77 97
16 78 110
16 79 94
17 18 97
17 19 100
17 20 97
17 21 105
17 22 114
17 23 101
17 24 101
17 25 108
17 26 104
17 27 100
17 28 104
17 29 96
17 30 105
17 31 102
17 32 102
17 33 104
17 34 102
17 35 96
17 36 101
17 37 100
17 38 96
17 39 102
17 40 102
17 41 103
17 42 94
17 43 99
17 44 111
17 45 102
17 46 95
17 47 108
17 48 100
17 49 105
17 50 99
17 51 99
17 52 101
17 53 101
17 54 99
17 55 92
17 56 104
17 57 105
17 58 99
17 59 99
17 60 99
17 61 94
17 62 92
17 63 96
17 64 106
17 65 102
17 66 88
17 67 107
17 68 96
17 69 99
17 70 100
17 71 96
17 72 100
17 73 99
17 74 105
17 75 96
17 76 96
17 77 100
17 78 103
17 79 99
18 19 96
18 20 98
18 21 105
18 22 103
18 23 99
18 24 108
18 25 94
18 26 95
18 27 95
18 28 100
18 29 101
18 30 99
18 31 93
18 32 94
18 33 109
18 34 98
18 35 102
18 36 96
18 37 108
18 38 100
18 39 97
18 40 100
18 41 111
18 42 102
18 43 93
18 44 101
18 45 106
18 46 102
18 47 98
18 48 100
18 49 101
18 50 98
18 51 105
18 52 104
18 53 95
18 54 97
18 55 108
18 56 98
18 57 102
18 58 98
18 59 94
18 60 101
18 61 102
18 62 95
18 63 98
18 64 96
18 65 99
18 66 100
18 67 98
18 68 94
18 69 102
18 70 94
18 71 100
18 72 100
18 73 100
18 74 92
18 75 90
18 76 96
18 77 103
18 78 94
18 79 93
19 20 93
19 21 97
19 22 93
19 23 101
19 24 96
19 25 102
19 26 100
19 27 98
19 28 105
19 29 85
19 30 102
19 31 94
19 32 97
19 33 104
19 34 101
19 35 101
19 36 99
19 37 106
19 38 105
19 39 106
19 40 102
19 41 100
19 42 99
19 43 97
19 44 103
19 45 108
19 46 98
19 47 96
19 48 102
19 49 100
19 50 90
19 51 99
19 52 92
19 53 105
19 54 103
19 55 102
19 56 92
19 57 105
19 58 106
19 59 99
19 60 105
19 61 106
19 62 103
19 63 104
19 64 103
19 65 94
19 66 105
19 67 96
19 68 100
19 69 92
19 70 98
19 71 96
19 72 102
19 73 98
19 74 87
19 75 101
19 76 98
19 77 93
19 78 95
19 79 95
20 21 94
20 22 100
20 23 101
20 24 100
20 25 100
20 26 90
20 27 99
20 28 88
20 29 98
20 30 96
20 31 101
20 32 100
20 33 104
20 34 98
20 35 91
20 36 104
20 37 107
20 38 100
20 39 108
20 40 100
20 41 97
20 42 100
20 43 106
20 44 97
20 45 91
20 46 98
20 47 98
20 48 103
20 49 108
20 50 93
20 51 94
20 52 102
20 53 100
20 54 107
20 55 104
20 56 95
20 57 100
20 58 92
20 59 100
20 60 99
20 61 104
20 62 110
20 63 99
20 64 102
20 65 94
20 66 95
20 67 91
20 68 96
20 69 96
20 70 99
20 71 100
20 72 96
20 73 94
20 74 104
20 75 103
20 76 99
20 77 93
20 78 101
20 79 109
21 22 104
21 23 96
21 24 94
21 25 100
21 26 107
21 27 105
21 28 98
21 29 97
21 30 96
21 31 98
21 32 100
21 33 107
21 34 98
21 35 114
21 36 106
21 37 96
21 38 102
21 39 96
21 40 96
21 41 101
21 42 102
21 43 105
21 44 94
21 45 102
21 46 99
21 47 100
21 48 98
21 49 100
21 50 100
21 51 95
21 52 99
21 53 97
21 54 93
21 55 104
21 56 103
21 57 100
21 58 92
21 59 98
21 60 96
21 61 106
21 62 108
21 63 94
21 64 95
21 65 96
21 66 101
21 67 105
21 68 94
21 69 96
21 70 106
21 71 103
21 72 107
21 73 107
21 74 96
21 75 111
21 76 113
21 77 106
21 78 97
21 79 97
22 23 94
22 24 107
22 25 100
22 26 106
22 27 100
22 28 90
22 29 103
22 30 103
22 31 96
22 32 88
22 33 96
22 34 86
22 35 104
22 36 94
22 37 101
22 38 96
22 39 101
22 40 101
22 41 96
22 42 101
22 43 98
22 44 99
22 45 100
22 46 107
22 47 93
22 48 94
22 49 98
22 50 98
22 51 94
22 52 90
22 53 102
22 54 91
22 55 102
22 56 107
22 57 105
22 58 101
22 59 102
22 60 94
22 61 101
22 62 102
22 63 105
22 64 106
22 65 104
22 66 95
22 67 100
22 68 101
22 69 95
22 70 102
22 71 104
22 72 95
22 73 100
22 74 98
22 75 101
22 76 100
22 77 97
22 78 95
22 79 109
23 24 101
23 25 96
23 26 95
23 27 97
23 28 101
23 29 87
23 30 96
23 31 104
23 32 100
23 33 102
23 34 98
23 35 93
23 36 105
23 37 102
23 38 93
23 39 102
23 40 105
23 41 99
23 42 98
23 43 102
23 44 94
23 45 105
23 46 98
23 47 104
23 48 105
23 49 101
23 50 94
23 51 98
23 52 96
23 53 98
23 54 97
23 55 107
23 56 99
23 57 92
23 58 107
23 59 97
23 60 98
23 61 93
23 62 105
23 63 98
23 64 101
23 65 103
23 66 102
23 67 102
23 68 97
23 69 99
23 70 89
23 71 92
23 72 99
23 73 97
23 74 97
23 75 104
23 76 105
23 77 94
23 78 88
23 79 94
24 25 101
24 26 96
24 27 98
24 28 97
24 29 101
24 30 95
24 31 98
24 32 96
24 33 92
24 34 86
24 35 95
24 36 96
24 37 101
24 38 101
24 39 101
24 40 101
24 41 102
24 42 100
24 43 100
24 44 96
24 45 97
24 46 102
24 47 97
24 48 109
24 49 105
24 50 97
24 51 109
24 52 110
24 53 86
24 54 90
24 55 94
24 56 95
24 57 106
24 58 90
24 59 97
24 60 105
24 61 104
24 62 91
24 63 92
24 64 93
24 65 99
24 66 102
24 67 100
24 68 100
24 69 94
24 70 113
24 71 105
24 72 101
24 73 96
24 74 92
24 75 95
24 76 100
24 77 96
24 78 102
24 79 101
25 26 101
25 27 107
25 28 99
25 29 103
25 30 96
25 31 100
25 32 103
25 33 92
25 34 97
25 35 104
25 36 88
25 37 97
25 38 93
25 39 109
25 40 94
25 41 96
25 42 98
25 43 99
25 44 97
25 45 99
25 46 94
25 47 104
25 48 92
25 49 99
25 50 98
25 51 99
25 52 98
25 53 102
25 54 92
25 55 89
25 56 95
25 57 109
25 58 99
25 59 97
25 60 108
25 61 100
25 62 101
25 63 106
25 64 105
25 65 98
25 66 108
25 67 98
25 68 99
25 69 101
25 70 105
25 71 99
25 72 103
25 73 99
25 74 99
25 75 101
25 76 100
25 77 101
25 78 100
25 79 98
26 27 98
26 28 104
26 29 108
26 30 102
26 31 107
26 32 103
26 33 105
26 34 96
26 35 103
26 36 102
26 37 97
26 38 100
26 39 100
26 40 97
26 41 96
26 42 112
26 43 97
26 44 106
26 45 112
26 46 104
26 47 115
26 48 105
26 49 100
26 50 104
26 51 91
26 52 95
26 53 97
26 54 106
26 55 95
26 56 99
26 57 92
26 58 102
26 59 102
26 60 101
26 61 105
26 62 104
26 63 100
26 64 98
26 65 94
26 66 100
26 67 105
26 68 96
26 69 103
26 70 98
26 71 105
26 72 95
26 73 105
26 74 99
26 75 98
26 76 98
26 77 102
26 78 87
26 79 103
27 28 97
27 29 99
27 30 99
27 31 106
27 32 105
27 33 97
27 34 108
27 35 91
27 36 106
27 37 102
27 38 99
27 39 101
27 40 103
27 41 105
27 42 105
27 43 107
27 44 98
27 45 90
27 46 111
27 47 112
27 48 104
27 49 100
27 50 97
27 51 100
27 52 95
27 53 100
27 54 92
27 55 99
27 56 93
27 57 100
27 58 102
27 59 101
27 60 89
27 61 99
27 62 102
27 63 94
27 64 92
27 65 90
27 66 98
27 67 95
27 68 102
27 69 102
27 70 102
27 71 98
27 72 92
27 73 92
27 74 95
27 75 103
27 76 103
27 77 106
27 78 102
27 79 102
28 29 106
28 30 101
28 31 90
28 32 94
28 33 102
28 34 103
28 35 99
28 36 98
28 37 96
28 38 97
28 39 99
28 40 94
28 41 100
28 42 98
28 43 101
28 44 93
28 45 100
28 46 90
28 47 96
28 48 99
28 49 93
28 50 99
28 51 92
28 52 101
28 53 100
28 54 107
28 55 99
28 56 101
28 57 96
28 58 98
28 59 99
28 60 105
28 61 108
28 62 101
28 63 95
28 64 102
28 65 100
28 66 89
28 67 104
28 68 92
28 69 99
28 70 100
28 71 94
28 72 105
28 73 104
28 74 100
28 75 111
28 76 102
28 77 106
28 78 104
28 79 113
29 30 96
29 31 92
29 32 101
29 33 101
29 34 98
29 35 108
29 36 95
29 37 106
29 38 105
29 39 103
29 40 102
29 41 98
29 42 99
29 43 102
29 44 92
29 45 97
29 46 102
29 47 93
29 48 106
29 49 96
29 50 95
29 51 102
29 52 88
29 53 109
29 54 105
29 55 99
29 56 96
29 57 95
29 58 107
29 59 99
29 60 107
29 61 99
29 62 104
29 63 98
29 64 106
29 65 103
29 66 103
29 67 103
29 68 104
29 69 111
29 70 94
29 71 106
29 72 109
29 73 103
29 74 99
29 75 93
29 76 106
29 77 100
29 78 95
29 79 106
30 31 99
30 32 93
30 33 96
30 34 101
30 35 99
30 36 99
30 37 97
30 38 99
30 39 99
30 40 93
30 41 102
30 42 103
30 43 103
30 44 101
30 45 95
30 46 96
30 47 95
30 48 106
30 49 88
30 50 90
30 51 107
30 52 97
30 53 100
30 54 93
30 55 87
30 56 96
30 57 96
30 58 107
30 59 102
30 60 94
30 61 96
30 62 95
30 63 97
30 64 104
30 65 108
30 66 95
30 67 101
30 68 99
30 69 94
30 70 100
30 71 90
30 72 99
30 73 102
30 74 90
30 75 111
30 76 101
30 77 103
30 78 106
30 79 100
31 32 99
31 33 104
31 34 100
31 35 109
31 36 99
31 37 105
31 38 102
31 39 105
31 40 101
31 41 97
31 42 108
31 43 97
31 44 98
31 45 93
31 46 94
31 47 102
31 48 105
31 49 91
31 50 100
31 51 99
31 52 93
31 53 98
31 54 106
31 55 97
31 56 100
31 57 97
31 58 96
31 59 107
31 60 103
31 61 104
31 62 95
31 63 99
31 64 106
31 65 90
31 66 97
31 67 100
31 68 102
31 69 104
31 70 97
31 71 89
31 72 94
31 73 96
31 74 99
31 75 94
31 76 86
31 77 98
31 78 99
31 79 107
32 33 99
32 34 102
32 35 101
32 36 95
32 37 101
32 38 108
32 39 99
32 40 94
32 41 106
32 42 98
32 43 106
32 44 96
32 45 99
32 46 99
32 47 99
32 48 99
32 49 102
32 50 102
32 51 105
32 52 101
32 53 99
32 54 90
32 55 94
32 56 92
32 57 105
32 58 102
32 59 104
32 60 94
32 61 96
32 62 101
32 63 100
32 64 95
32 65 104
32 66 100
32 67 94
32 68 105
32 69 97
32 70 100
32 71 102
32 72 98
32 73 102
32 74 102
32 75 103
32 76 102
32 77 98
32 78 98
32 79 103
33 34 102
33 35 104
33 36 99
33 37 93
33 38 95
33 39 99
33 40 95
33 41 101
33 42 101
33 43 101
33 44 103
33 45 100
33 46 103
33 47 104
33 48 95
33 49 94
33 50 97
33 51 97
33 52 101
33 53 102
33 54 97
33 55 89
33 56 101
33 57 108
33 58 95
33 59 92
33 60 97
33 61 94
33 62 101
33 63 99
33 64 98
33 65 113
33 66 105
33 67 98
33 68 99
33 69 99
33 70 95
33 71 102
33 72 96
33 73 96
33 74 100
33 75 100
33 76 100
33 77 104
33 78 93
33 79 101
34 35 100
34 36 101
34 37 100
34 38 90
34 39 91
34 40 100
34 41 110
34 42 107
34 43 104
34 44 93
34 45 103
34 46 105
34 47 95
34 48 99
34 49 95
34 50 103
34 51 98
34 52 98
34 53 100
34 54 98
34 55 95
34 56 97
34 57 107
34 58 96
34 59 94
34 60 87
34 61 100
34 62 98
34 63 101
34 64 106
34 65 102
34 66 100
34 67 96
34 68 92
34 69 91
34 70 91
34 71 97
34 72 92
34 73 105
34 74 88
34 75 107
34 76 106
34 77 98
34 78 97
34 79 93
35 36 99
35 37 99
35 38 102
35 39 107
35 40 102
35 41 105
35 42 100
35 43 99
35 44 103
35 45 100
35 46 103
35 47 104
35 48 99
35 49 105
35 50 100
35 51 98
35 52 90
35 53 98
35 54 95
35 55 102
35 56 97
35 57 100
35 58 103
35 59 104
35 60 102
35 61 101
35 62 93
35 63 106
35 64 100
35 65 98
35 66 94
35 67 91
35 68 95
35 69 101
35 70 93
35 71 94
35 72 101
35 73 101
35 74 91
35 75 100
35 76 105
35 77 97
35 78 101
35 79 111
36 37 90
36 38 105
36 39 97
36 40 99
36 41 101
36 42 106
36 43 101
36 44 100
36 45 102
36 46 104
36 47 107
36 48 98
36 49 101
36 50 99
36 51 98
36 52 106
36 53 95
36 54 100
36 55 94
36 56 101
36 57 105
36 58 96
36 59 99
36 60 99
36 61 104
36 62 102
36 63 96
36 64 99
36 65 91
36 66 95
36 67 99
36 68 107
36 69 102
36 70 109
36 71 100
36 72 94
36 73 98
36 74 98
36 75 106
36 76 93
36 77 92
36 78 93
36 79 100
37 38 102
37 39 97
37 40 98
37 41 108
37 42 104
37 43 93
37 44 97
37 45 94
37 46 101
37 47 99
37 48 99
37 49 102
37 50 95
37 51 109
37 52 102
37 53 99
37 54 103
37 55 94
37 56 100
37 57 93
37 58 103
37 59 102
37 60 99
37 61 104
37 62 96
37 63 104
37 64 94
37 65 100
37 66 106
37 67 102
37 68 100
37 69 101
37 70 110
37 71 111
37 72 102
37 73 95
37 74 101
37 75 100
37 76 102
37 77 100
37 78 94
37 79 102
38 39 99
38 40 96
38 41 101
38 42 99
38 43 98
38 44 98
38 45 100
38 46 96
38 47 103
38 48 101
38 49 99
38 50 107
38 51 99
38 52 96
38 53 99
38 54 96
38 55 100
38 56 100
38 57 99
38 58 107
38 59 106
38 60 94
38 61 97
38 62 97
38 63 102
38 64 107
38 65 96
38 66 89
38 67 94
38 68 95
38 69 99
38 70 96
38 71 99
38 72 103
38 73 109
38 74 99
38 75 96
38 76 101
38 77 106
38 78 101
38 79 101
39 40 100
39 41 109
39 42 96
39 43 100
39 44 99
39 45 91
39 46 102
39 47 94
39 48 102
39 49 97
39 50 93
39 51 106
39 52 102
39 53 104
39 54 107
39 55 101
39 56 101
39 57 102
39 58 100
39 59 103
39 60 95
39 61 93
39 62 108
39 63 100
39 64 101
39 65 95
39 66 100
39 67 93
39 68 94
39 69 98
39 70 93
39 71 106
39 72 113
39 73 105
39 74 96
39 75 102
39 76 107
39 77 103
39 78 101
39 79 102
40 41 102
40 42 94
40 43 97
40 44 85
40 45 106
40 46 100
40 47 96
40 48 92
40 49 96
40 50 107
40 51 110
40 52 103
40 53 92
40 54 104
40 55 103
40 56 96
40 57 92
40 58 108
40 59 108
40 60 98
40 61 91
40 62 99
40 63 100
40 64 102
40 65 100
40 66 92
40 67 101
40 68 100
40 69 100
40 70 99
40 71 103
40 72 99
40 73 95
40 74 110
40 75 101
40 76 98
40 77 95
40 78 91
40 79 96
41 42 102
41 43 95
41 44 103
41 45 104
41 46 100
41 47 96
41 48 104
41 49 94
41 50 95
41 51 102
41 52 112
41 53 102
41 54 103
41 55 105
41 56 100
41 57 98
41 58 97
41 59 102
41 60 105
41 61 94
41 62 103
41 63 94
41 64 99
41 65 105
41 66 104
41 67 95
41 68 90
41 69 105
41 70 101
41 71 100
41 72 101
41 73 93
41 74 98
41 75 99
41 76 94
41 77 88
41 78 102
41 79 104
42 43 96
42 44 94
42 45 99
42 46 107
42 47 98
42 48 99
42 49 97
42 50 100
42 51 99
42 52 102
42 53 106
42 54 94
42 55 104
42 56 101
42 57 100
42 58 104
42 59 96
42 60 98
42 61 98
42 62 99
42 63 108
42 64 99
42 65 96
42 66 98
42 67 100
42 68 100
42 69 96
42 70 93
42 71 90
42 72 105
42 73 97
42 74 97
42 75 98
42 76 94
42 77 96
42 78 102
42 79 106
43 44 92
43 45 99
43 46 93
43 47 105
43 48 98
43 49 98
43 50 97
43 51 102
43 52 100
43 53 93
43 54 91
43 55 95
43 56 94
43 57 100
43 58 90
43 59 94
43 60 100
43 61 106
43 62 99
43 63 104
43 64 95
43 65 100
43 66 89
43 67 101
43 68 94
43 69 96
43 70 116
43 71 94
43 72 100
43 73 91
43 74 96
43 75 98
43 76 106
43 77 103
43 78 90
43 79 94
44 45 92
44 46 100
44 47 100
44 48 99
44 49 94
44 50 97
44 51 97
44 52 104
44 53 100
44 54 97
44 55 104
44 56 101
44 57 100
44 58 101
44 59 99
44 60 94
44 61 95
44 62 98
44 63 106
44 64 100
44 65 97
44 66 97
44 67 98
44 68 102
44 69 97
44 70 97
44 71 96
44 72 113
44 73 93
44 74 104
44 75 107
44 76 105
44 77 102
44 78 107
44 79 80
45 46 98
45 47 96
45 48 93
45 49 99
45 50 99
45 51 99
45 52 95
45 53 102
45 54 100
45 55 101
45 56 97
45 57 98
45 58 92
45 59 102
45 60 97
45 61 95
45 62 104
45 63 100
45 64 103
45 65 109
45 66 106
45 67 99
45 68 105
45 69 111
45 70 90
45 71 97
45 72 108
45 73 112
45 74 91
45 75 103
45 76 94
45 77 109
45 78 96
45 79 103
46 47 94
46 48 90
46 49 98
46 50 96
46 51 102
46 52 98
46 53 103
46 54 111
46 55 101
46 56 102
46 57 99
46 58 101
46 59 102
46 60 92
46 61 101
46 62 96
46 63 92
46 64 99
46 65 92
46 66 89
46 67 103
46 68 91
46 69 99
46 70 107
46 71 102
46 72 103
46 73 99
46 74 106
46 75 100
46 76 98
46 77 99
46 78 109
46 79 102
47 48 113
47 49 101
47 50 100
47 51 104
47 52 102
47 53 111
47 54 105
47 55 100
47 56 99
47 57 108
47 58 115
47 59 109
47 60 109
47 61 94
47 62 95
47 63 103
47 64 95
47 65 102
47 66 98
47 67 112
47 68 97
47 69 103
47 70 101
47 71 92
47 72 101
47 73 99
47 74 94
47 75 101
47 76 104
47 77 95
47 78 99
47 79 86
48 49 99
48 50 102
48 51 102
48 52 106
48 53 97
48 54 103
48 55 97
48 56 101
48 57 96
48 58 104
48 59 95
48 60 100
48 61 97
48 62 111
48 63 103
48 64 96
48 65 104
48 66 102
48 67 95
48 68 102
48 69 105
48 70 94
48 71 103
48 72 99
48 73 97
48 74 106
48 75 108
48 76 96
48 77 101
48 78 99
48 79 107
49 50 99
49 51 95
49 52 102
49 53 107
49 54 98
49 55 99
49 56 99
49 57 109
49 58 95
49 59 99
49 60 97
49 61 95
49 62 92
49 63 98
49 64 93
49 65 92
49 66 104
49 67 95
49 68 107
49 69 103
49 70 98
49 71 92
49 72 103
49 73 102
49 74 106
49 75 96
49 76 93
49 77 100
49 78 88
49 79 92
50 51 105
50 52 104
50 53 93
50 54 99
50 55 93
50 56 100
50 57 108
50 58 99
50 59 97
50 60 104
50 61 100
50 62 93
50 63 102
50 64 106
50 65 107
50 66 101
50 67 97
50 68 102
50 69 107
50 70 90
50 71 102
50 72 92
50 73 95
50 74 101
50 75 101
50 76 101
50 77 96
50 78 99
50 79 97
51 52 102
51 53 103
51 54 101
51 55 97
51 56 94
51 57 92
51 58 93
51 59 100
51 60 98
51 61 103
51 62 98
51 63 98
51 64 97
51 65 101
51 66 104
51 67 97
51 68 98
51 69 93
51 70 100
51 71 89
51 72 107
51 73 98
51 74 100
51 75 101
51 76 94
51 77 94
51 78 101
51 79 96
52 53 104
52 54 98
52 55 108
52 56 101
52 57 88
52 58 104
52 59 89
52 60 98
52 61 116
52 62 99
52 63 91
52 64 103
52 65 96
52 66 96
52 67 110
52 68 94
52 69 102
52 70 103
52 71 100
52 72 110
52 73 99
52 74 90
52 75 99
52 76 102
52 77 99
52 78 108
52 79 107
53 54 106
53 55 103
53 56 89
53 57 100
53 58 100
53 59 99
53 60 101
53 61 105
53 62 105
53 63 97
53 64 98
53 65 97
53 66 95
53 67 92
53 68 97
53 69 96
53 70 104
53 71 98
53 72 101
53 73 101
53 74 87
53 75 100
53 76 104
53 77 97
53 78 105
53 79 102
54 55 101
54 56 93
54 57 103
54 58 102
54 59 106
54 60 106
54 61 102
54 62 93
54 63 100
54 64 93
54 65 99
54 66 98
54 67 98
54 68 98
54 69 94
54 70 105
54 71 93
54 72 105
54 73 94
54 74 105
54 75 103
54 76 100
54 77 106
54 78 98
54 79 109
55 56 100
55 57 85
55 58 99
55 59 93
55 60 100
55 61 106
55 62 94
55 63 105
55 64 96
55 65 100
55 66 94
55 67 103
55 68 105
55 69 99
55 70 97
55 71 100
55 72 103
55 73 106
55 74 103
55 75 111
55 76 102
55 77 88
55 78 98
55 79 106
56 57 109
56 58 104
56 59 97
56 60 104
56 61 91
56 62 100
56 63 100
56 64 107
56 65 100
56 66 105
56 67 103
56 68 100
56 69 94
56 70 108
56 71 95
56 72 106
56 73 87
56 74 102
56 75 106
56 76 98
56 77 98
56 78 100
56 79 94
57 58 98
57 59 89
57 60 103
57 61 106
57 62 100
57 63 101
57 64 99
57 65 97
57 66 105
57 67 97
57 68 93
57 69 101
57 70 100
57 71 102
57 72 102
57 73 89
57 74 96
57 75 96
57 76 100
57 77 99
57 78 103
57 79 105
58 59 100
58 60 96
58 61 105
58 62 101
58 63 103
58 64 96
58 65 104
58 66 100
58 67 93
58 68 99
58 69 97
58 70 93
58 71 100
58 72 98
58 73 102
58 74 109
58 75 103
58 76 97
58 77 99
58 78 98
58 79 100
59 60 104
59 61 95
59 62 97
59 63 98
59 64 97
59 65 102
59 66 95
59 67 106
59 68 95
59 69 97
59 70 91
59 71 93
59 72 101
59 73 104
59 74 100
59 75 102
59 76 99
59 77 102
59 78 96
59 79 104
60 61 103
60 62 103
60 63 100
60 64 91
60 65 100
60 66 98
60 67 105
60 68 97
60 69 103
60 70 104
60 71 106
60 72 89
60 73 98
60 74 105
60 75 101
60 76 93
60 77 90
60 78 100
60 79 94
61 62 112
61 63 101
61 64 89
61 65 107
61 66 89
61 67 102
61 68 102
61 69 110
61 70 103
61 71 106
61 72 100
61 73 101
61 74 105
61 75 104
61 76 103
61 77 104
61 78 93
61 79 94
62 63 95
62 64 110
62 65 102
62 66 93
62 67 96
62 68 99
62 69 99
62 70 102
62 71 97
62 72 99
62 73 93
62 74 97
62 75 94
62 76 90
62 77 94
62 78 99
62 79 95
63 64 100
63 65 93
63 66 96
63 67 102
63 68 90
63 69 100
63 70 106
63 71 105
63 72 98
63 73 92
63 74 106
63 75 98
63 76 97
63 77 101
63 78 90
63 79 101
64 65 97
64 66 97
64 67 105
64 68 98
64 69 101
64 70 105
64 71 99
64 72 97
64 73 102
64 74 95
64 75 95
64 76 112
64 77 99
64 78 100
64 79 93
65 66 103
65 67 98
65 68 100
65 69 98
65 70 91
65 71 101
65 72 99
65 73 98
65 74 99
65 75 85
65 76 104
65 77 104
65 78 107
65 79 100
66 67 94
66 68 99
66 69 108
66 70 93
66 71 104
66 72 97
66 73 104
66 74 100
66 75 107
66 76 100
66 77 102
66 78 104
66 79 96
67 68 99
67 69 98
67 70 95
67 71 96
67 72 97
67 73 95
67 74 110
67 75 101
67 76 112
67 77 90
67 78 98
67 79 109
68 69 91
68 70 107
68 71 115
68 72 95
68 73 103
68 74 98
68 75 106
68 76 118
68 77 102
68 78 96
68 79 96
69 70 96
69 71 97
69 72 103
69 73 107
69 74 100
69 75 93
69 76 93
69 77 102
69 78 102
69 79 94
70 71 94
70 72 97
70 73 94
70 74 96
70 75 102
70 76 96
70 77 105
70 78 98
70 79 93
71 72 96
71 73 93
71 74 96
71 75 94
71 76 101
71 77 102
71 78 93
71 79 106
72 73 93
72 74 102
72 75 103
72 76 98
72 77 92
72 78 93
72 79 102
73 74 89
73 75 103
73 76 101
73 77 102
73 78 104
73 79 99
74 75 95
74 76 104
74 77 93
74 78 95
74 79 108
75 76 96
75 77 109
75 78 97
75 79 98
76 77 98
76 78 100
76 79 103
77 78 105
77 79 96
78 79 101
1
0 1 2 3 4 5 6 7 8 9 10 11 12 13 14 15
