3160
0 1 297
0 2 299
0 3 298
0 4 287
0 5 297
0 6 204
0 7 200
0 8 196
0 9 205
0 10 206
0 11 192
0 12 207
0 13 205
0 14 209
0 15 202
0 16 201
0 17 203
0 18 198
0 19 205
0 20 205
0 21 196
0 22 190
0 23 195
0 24 194
0 25 199
0 26 199
0 27 203
0 28 195
0 29 206
0 30 214
0 31 190
0 32 198
0 33 195
0 34 201
0 35 203
0 36 195
0 37 191
0 38 203
0 39 196
0 40 192
0 41 206
0 42 196
0 43 200
0 44 205
0 45 202
0 46 200
0 47 194
0 48 203
0 49 198
0 50 197
0 51 201
0 52 210
0 53 192
0 54 202
0 55 208
0 56 199
0 57 201
0 58 201
0 59 196
0 60 208
0 61 196
0 62 208
0 63 199
0 64 195
0 65 201
0 66 197
0 67 197
0 68 203
0 69 203
0 70 199
0 71 210
0 72 194
0 73 195
0 74 202
0 75 203
0 76 201
0 77 205
0 78 209
0 79 204
1 2 298
1 3 302
1 4 306
1 5 298
1 6 197
1 7 203
1 8 209
1 9 199
1 10 203
1 11 198
1 12 197
1 13 209
1 14 199
1 15 197
1 16 188
1 17 201
1 18 207
1 19 198
1 20 200
1 21 196
1 22 189
1 23 193
1 24 203
1 25 198
1 26 191
1 27 198
1 28 203
1 29 197
1 30 199
1 31 200
1 32 204
1 33 202
1 34 192
1 35 195
1 36 198
1 37 200
1 38 201
1 39 207
1 40 201
1 41 198
1 42 195
1 43 197
1 44 199
1 45 190
1 46 201
1 47 199
1 48 201
1 49 204
1 50 201
1 51 202
1 52 200
1 53 204
1 54 195
1 55 215
1 56 195
1 57 203
1 58 203
1 59 203
1 60 201
1 61 205
1 62 187
1 63 206
1 64 196
1 65 195
1 66 203
1 67 200
1 68 191
1 69 201
1 70 196
1 71 200
1 72 195
1 73 191
1 74 194
1 75 192
1 76 196
1 77 198
1 78 197
1 79 192
2 3 310
2 4 293
2 5 303
2 6 200
2 7 197
2 8 198
2 9 195
2 10 198
2 11 206
2 12 196
2 13 196
2 14 195
2 15 198
2 16 198
2 17 199
2 18 201
2 19 203
2 20 204
2 21 203
2 22 197
2 23 200
2 24 194
2 25 198
2 26 195
2 27 196
2 28 200
2 29 198
2 30 191
2 31 199
2 32 195
2 33 196
2 34 202
2 35 197
2 36 200
2 37 209
2 38 205
2 39 197
2 40 202
2 41 206
2 42 199
2 43 195
2 44 205
2 45 202
2 46 205
2 47 192
2 48 204
2 49 205
2 50 197
2 51 188
2 52 201
2 53 194
2 54 198
2 55 199
2 56 196
2 57 200
2 58 204
2 59 191
2 60 201
2 61 196
2 62 202
2 63 203
2 64 196
2 65 192
2 66 206
2 67 198
2 68 193
2 69 206
2 70 194
2 71 207
2 72 202
2 73 206
2 74 201
2 75 201
2 76 202
2 77 194
2 78 192
2 79 200
3 4 302
3 5 306
3 6 194
3 7 202
3 8 200
3 9 207
3 10 196
3 11 203
3 12 193
3 13 197
3 14 198
3 15 202
3 16 202
3 17 201
3 18 188
3 19 193
3 20 192
3 21 207
3 22 199
3 23 203
3 24 198
3 25 202
3 26 203
3 27 195
3 28 204
3 29 199
3 30 198
3 31 197
3 32 193
3 33 193
3 34 201
3 35 202
3 36 204
3 37 203
3 38 195
3 39 197
3 40 208
3 41 204
3 42 198
3 43 200
3 44 195
3 45 194
3 46 208
3 47 201
3 48 198
3 49 199
3 50 198
3 51 197
3 52 190
3 53 205
3 54 200
3 55 194
3 56 200
3 57 196
3 58 202
3 59 203
3 60 198
3 61 203
3 62 204
3 63 199
3 64 200
3 65 202
3 66 195
3 67 191
3 68 202
3 69 211
3 70 209
3 71 196
3 72 205
3 73 201
3 74 195
3 75 197
3 76 194
3 77 196
3 78 203
3 79 200
4 5 296
4 6 200
4 7 208
4 8 197
4 9 205
4 10 199
4 11 196
4 12 196
4 13 197
4 14 198
4 15 204
4 16 200
4 17 190
4 18 207
4 19 199
4 20 201
4 21 200
4 22 195
4 23 203
4 24 201
4 25 202
4 26 197
4 27 203
4 28 208
4 29 196
4 30 205
4 31 194
4 32 199
4 33 204
4 34 201
4 35 192
4 36 202
4 37 200
4 38 195
4 39 206
4 40 196
4 41 191
4 42 196
4 43 192
4 44 213
4 45 200
4 46 192
4 47 203
4 48 197
4 49 206
4 50 201
4 51 199
4 52 197
4 53 203
4 54 199
4 55 208
4 56 198
4 57 195
4 58 199
4 59 198
4 60 204
4 61 203
4 62 199
4 63 200
4 64 206
4 65 204
4 66 199
4 67 201
4 68 200
4 69 197
4 70 195
4 71 198
4 72 202
4 73 199
4 74 201
4 75 208
4 76 196
4 77 200
4 78 199
4 79 195
5 6 204
5 7 197
5 8 200
5 9 199
5 10 196
5 11 196
5 12 202
5 13 204
5 14 194
5 15 200
5 16 202
5 17 202
5 18 202
5 19 197
5 20 192
5 21 200
5 22 205
5 23 201
5 24 199
5 25 202
5 26 198
5 27 200
5 28 203
5 29 203
5 30 199
5 31 198
5 32 198
5 33 204
5 34 201
5 35 203
5 36 192
5 37 202
5 38 200
5 39 211
5 40 203
5 41 203
5 42 204
5 43 202
5 44 198
5 45 203
5 46 200
5 47 206
5 48 209
5 49 206
5 50 195
5 51 197
5 52 200
5 53 200
5 54 203
5 55 200
5 56 192
5 57 201
5 58 197
5 59 198
5 60 185
5 61 193
5 62 195
5 63 201
5 64 196
5 65 198
5 66 195
5 67 191
5 68 191
5 69 189
5 70 209
5 71 199
5 72 198
5 73 198
5 74 203
5 75 204
5 76 203
5 77 204
5 78 195
5 79 204
6 7 94
6 8 97
6 9 105
6 10 99
6 11 93
6 12 102
6 13 102
6 14 95
6 15 101
6 16 92
6 17 102
6 18 102
6 19 99
6 20 93
6 21 100
6 22 100
6 23 103
6 24 113
6 25 101
6 26 101
6 27 97
6 28 100
6 29 100
6 30 97
6 31 100
6 32 104
6 33 97
6 34 93
6 35 98
6 36 101
6 37 103
6 38 113
6 39 101
6 40 94
6 41 108
6 42 97
6 43 104
6 44 102
6 45 103
6 46 110
6 47 102
6 48 105
6 49 103
6 50 94
6 51 93
6 52 90
6 53 103
6 54 97
6 55 91
6 56 107
6 57 102
6 58 105
6 59 100
6 60 94
6 61 103
6 62 101
6 63 95
6 64 104
6 65 93
6 66 99
6 67 97
6 68 94
6 69 103
6 70 92
6 71 94
6 72 98
6 73 102
6 74 103
6 75 100
6 76 95
6 77 91
6 78 98
6 79 94
7 8 93
7 9 105
7 10 106
7 11 91
7 12 112
7 13 101
7 14 96
7 15 95
7 16 98
7 17 89
7 18 111
7 19 103
7 20 109
7 21 99
7 22 103
7 23 96
7 24 97
7 25 98
7 26 100
7 27 103
7 28 94
7 29 105
7 30 105
7 31 103
7 32 102
7 33 100
7 34 96
7 35 102
7 36 105
7 37 104
7 38 91
7 39 103
7 40 104
7 41 96
7 42 101
7 43 106
7 44 95
7 45 109
7 46 91
7 47 96
7 48 100
7 49 100
7 50 97
7 51 101
7 52 91
7 53 96
7 54 101
7 55 103
7 56 97
7 57 102
7 58 97
7 59 93
7 60 100
7 61 103
7 62 101
7 63 106
7 64 96
7 65 90
7 66 93
7 67 100
7 68 103
7 69 95
7 70 93
7 71 100
7 72 101
7 73 93
7 74 102
7 75 97
7 76 109
7 77 102
7 78 102
7 79 105
8 9 86
8 10 100
8 11 93
8 12 107
8 13 107
8 14 104
8 15 103
8 16 102
8 17 99
8 18 96
8 19 97
8 20 100
8 21 98
8 22 104
8 23 99
8 24 101
8 25 98
8 26 101
8 27 105
8 28 101
8 29 93
8 30 104
8 31 98
8 32 94
8 33 100
8 34 90
8 35 108
8 36 105
8 37 105
8 38 104
8 39 103
8 40 101
8 41 100
8 42 96
8 43 94
8 44 106
8 45 99
8 46 98
8 47 96
8 48 105
8 49 102
8 50 97
8 51 100
8 52 108
8 53 95
8 54 94
8 55 96
8 56 99
8 57 101
8 58 85
8 59 107
8 60 102
8 61 109
8 62 107
8 63 106
8 64 104
8 65 96
8 66 107
8 67 99
8 68 87
8 69 94
8 70 90
8 71 101
8 72 103
8 73 99
8 74 99
8 75 98
8 76 101
8 77 96
8 78 104
8 79 98
9 10 88
9 11 94
9 12 101
9 13 102
9 14 102
9 15 106
9 16 99
9 17 102
9 18 97
9 19 107
9 20 99
9 21 103
9 22 98
9 23 106
9 24 109
9 25 102
9 26 101
9 27 96
9 28 100
9 29 96
9 30 101
9 31 98
9 32 95
9 33 97
9 34 107
9 35 89
9 36 109
9 37 97
9 38 102
9 39 88
9 40 110
9 41 102
9 42 93
9 43 100
9 44 99
9 45 100
9 46 96
9 47 101
9 48 98
9 49 107
9 50 103
9 51 101
9 52 100
9 53 95
9 54 100
9 55 96
9 56 101
9 57 102
9 58 96
9 59 96
9 60 105
9 61 106
9 62 105
9 63 92
9 64 99
9 65 100
9 66 89
9 67 99
9 68 109
9 69 103
9 70 98
9 71 98
9 72 105
9 73 104
9 74 98
9 75 97
9 76 97
9 77 103
9 78 96
9 79 104
10 11 98
10 12 107
10 13 99
10 14 104
10 15 99
10 16 93
10 17 100
10 18 100
10 19 92
10 20 108
10 21 99
10 22 106
10 23 97
10 24 107
10 25 103
10 26 107
10 27 94
10 28 101
10 29 92
10 30 104
10 31 91
10 32 92
10 33 96
10 34 99
10 35 96
10 36 106
10 37 100
10 38 98
10 39 98
10 40 105
10 41 107
10 42 97
10 43 94
10 44 93
10 45 96
10 46 100
10 47 101
10 48 102
10 49 97
10 50 97
10 51 102
10 52 101
10 53 102
10 54 105
10 55 97
10 56 105
10 57 92
10 58 95
10 59 109
10 60 102
10 61 101
10 62 100
10 63 108
10 64 94
10 65 94
10 66 102
10 67 102
10 68 96
10 69 104
10 70 101
10 71 101
10 72 94
10 73 103
10 74 101
10 75 103
10 76 102
10 77 97
10 78 100
10 79 103
11 12 100
11 13 108
11 14 94
11 15 93
11 16 94
11 17 90
11 18 98
11 19 97
11 20 102
11 21 92
11 22 91
11 23 93
11 24 104
11 25 101
11 26 104
11 27 95
11 28 95
11 29 100
11 30 99
11 31 102
11 32 97
11 33 92
11 34 98
11 35 93
11 36 103
11 37 96
11 38 97
11 39 104
11 40 99
11 41 92
11 42 92
11 43 106
11 44 99
11 45 107
11 46 103
11 47 102
11 48 99
11 49 99
11 50 106
11 51 93
11 52 89
11 53 96
11 54 100
11 55 96
11 56 98
11 57 105
11 58 109
11 59 98
11 60 102
11 61 106
11 62 97
11 63 105
11 64 93
11 65 100
11 66 99
11 67 101
11 68 98
11 69 104
11 70 92
11 71 102
11 72 95
11 73 96
11 74 97
11 75 100
11 76 103
11 77 102
11 78 87
11 79 96
12 13 99
12 14 107
12 15 94
12 16 95
12 17 95
12 18 104
12 19 99
12 20 98
12 21 107
12 22 104
12 23 99
12 24 88
12 25 102
12 26 111
12 27 99
12 28 98
12 29 103
12 30 95
12 31 109
12 32 108
12 33 108
12 34 87
12 35 90
12 36 105
12 37 100
12 38 104
12 39 104
12 40 106
12 41 100
12 42 94
12 43 107
12 44 102
12 45 99
12 46 102
12 47 103
12 48 107
12 49 97
12 50 96
12 51 101
12 52 106
12 53 101
12 54 101
12 55 103
12 56 109
12 57 104
12 58 103
12 59 99
12 60 99
12 61 108
12 62 100
12 63 106
12 64 95
12 65 97
12 66 104
12 67 95
12 68 100
12 69 93
12 70 99
12 71 107
12 72 103
12 73 93
12 74 95
12 75 100
12 76 104
12 77 91
12 78 97
12 79 94
13 14 102
13 15 94
13 16 111
13 17 105
13 18 101
13 19 93
13 20 102
13 21 97
13 22 103
13 23 99
13 24 96
13 25 103
13 26 96
13 27 103
13 28 105
13 29 98
13 30 101
13 31 100
13 32 99
13 33 108
13 34 105
13 35 103
13 36 101
13 37 99
13 38 110
13 39 94
13 40 99
13 41 105
13 42 95
13 43 105
13 44 105
13 45 86
13 46 94
13 47 106
13 48 97
13 49 100
13 50 101
13 51 107
13 52 99
13 53 99
13 54 95
13 55 101
13 56 85
13 57 105
13 58 107
13 59 96
13 60 97
13 61 103
13 62 106
13 63 88
13 64 98
13 65 95
13 66 96
13 67 103
13 68 91
13 69 99
13 70 93
13 71 94
13 72 100
13 73 102
13 74 101
13 75 103
13 76 112
13 77 100
13 78 96
13 79 111
14 15 104
14 16 100
14 17 96
14 18 99
14 19 99
14 20 90
14 21 104
14 22 101
14 23 103
14 24 102
14 25 94
14 26 106
14 27 94
14 28 92
14 29 93
14 30 95
14 31 104
14 32 100
14 33 101
14 34 98
14 35 102
14 36 98
14 37 87
14 38 96
14 39 91
14 40 91
14 41 98
14 42 95
14 43 105
14 44 96
14 45 96
14 46 94
14 47 102
14 48 92
14 49 88
14 50 92
14 51 98
14 52 97
14 53 92
14 54 99
14 55 106
14 56 96
14 57 103
14 58 109
14 59 101
14 60 106
14 61 92
14 62 97
14 63 102
14 64 94
14 65 107
14 66 103
14 67 98
14 68 92
14 69 92
14 70 101
14 71 91
14 72 102
14 73 94
14 74 102
14 75 98
14 76 94
14 77 102
14 78 105
14 79 103
15 16 96
15 17 100
15 18 102
15 19 104
15 20 96
15 21 102
15 22 100
15 23 103
15 24 108
15 25 100
15 26 102
15 27 95
15 28 99
15 29 104
15 30 97
15 31 93
15 32 93
15 33 95
15 34 97
15 35 101
15 36 102
15 37 106
15 38 100
15 39 91
15 40 93
15 41 112
15 42 97
15 43 99
15 44 103
15 45 95
15 46 103
15 47 102
15 48 97
15 49 103
15 50 89
15 51 103
15 52 97
15 53 100
15 54 100
15 55 97
15 56 108
15 57 98
15 58 102
15 59 98
15 60 100
15 61 94
15 62 99
15 63 109
15 64 101
15 65 95
15 66 100
15 67 95
15 68 103
15 69 96
15 70 96
15 71 105
15 72 100
15 73 96
15 74 105
15 75 100
15 76 93
15 77 99
15 78 103
15 79 103
16 17 94
16 18 107
16 19 96
16 20 98
16 21 108
16 22 96
16 23 103
16 24 99
16 25 95
16 26 99
16 27 101
16 28 105
16 29 101
16 30 95
16 31 100
16 32 94
16 33 103
16 34 94
16 35 110
16 36 105
16 37 98
16 38 102
16 39 101
16 40 106
16 41 104
16 42 100
16 43 101
16 44 99
16 45 95
16 46 96
16 47 105
16 48 92
16 49 100
16 50 99
16 51 106
16 52 100
16 53 97
16 54 93
16 55 95
16 56 99
16 57 102
16 58 99
16 59 109
16 60 104
16 61 98
16 62 106
16 63 87
16 64 100
16 65 100
16 66 95
16 67 95
16 68 102
16 69 90
16 70 87
16 71 90
16 72 103
16 73 94
16 74 100
16 75 95
16 76 103
16 77 109
16 78 104
16 79 98
17 18 106
17 19 90
17 20 100
17 21 100
17 22 97
17 23 96
17 24 100
17 25 99
17 26 107
17 27 107
17 28 97
17 29 95
17 30 114
17 31 105
17 32 94
17 33 104
17 34 96
17 35 106
17 36 103
17 37 91
17 38 97
17 39 97
17 40 108
17 41 104
17 42 93
17 43 104
17 44 94
17 45 104
17 46 100
17 47 99
17 48 101
17 49 97
17 50 94
17 51 94
17 52 88
17 53 106
17 54 107
17 55 104
17 56 98
17 57 101
17 58 97
17 59 95
17 60 99
17 61 96
17 62 102
17 63 102
17 64 109
17 65 100
17 66 96
17 67 104
17 68 103
17 69 102
17 70 100
17 71 102
17 72 96
17 73 101
17 74 85
17 75 103
17 76 103
17 77 102
17 78 101
17 79 87
18 19 100
18 20 106
18 21 98
18 22 97
18 23 97
18 24 95
18 25 107
18 26 93
18 27 100
18 28 85
18 29 95
18 30 100
18 31 92
18 32 101
18 33 99
18 34 100
18 35 104
18 36 94
18 37 102
18 38 87
18 39 98
18 40 97
18 41 98
18 42 103
18 43 100
18 44 106
18 45 93
18 46 97
18 47 101
18 48 101
18 49 98
18 50 107
18 51 106
18 52 103
18 53 104
18 54 96
18 55 93
18 56 95
18 57 99
18 58 95
18 59 104
18 60 105
18 61 93
18 62 96
18 63 102
18 64 97
18 65 104
18 66 101
18 67 108
18 68 98
18 69 100
18 70 93
18 71 100
18 72 102
18 73 97
18 74 96
18 75 95
18 76 97
18 77 96
18 78 99
18 79 94
19 20 101
19 21 103
19 22 104
19 23 104
19 24 106
19 25 110
19 26 94
19 27 94
19 28 103
19 29 101
19 30 106
19 31 92
19 32 100
19 33 95
19 34 104
19 35 94
19 36 90
19 37 98
19 38 101
19 39 92
19 40 103
19 41 92
19 42 120
19 43 93
19 44 100
19 45 98
19 46 95
19 47 98
19 48 102
19 49 110
19 50 103
19 51 97
19 52 106
19 53 102
19 54 98
19 55 94
19 56 104
19 57 104
19 58 103
19 59 104
19 60 98
19 61 90
19 62 99
19 63 100
19 64 100
19 65 100
19 66 109
19 67 98
19 68 101
19 69 102
19 70 102
19 71 101
19 72 102
19 73 102
19 74 95
19 75 99
19 76 97
19 77 95
19 78 96
19 79 106
20 21 105
20 22 102
20 23 104
20 24 100
20 25 97
20 26 97
20 27 103
20 28 99
20 29 96
20 30 103
20 31 106
20 32 104
20 33 106
20 34 98
20 35 105
20 36 93
20 37 105
20 38 103
20 39 105
20 40 106
20 41 100
20 42 89
20 43 105
20 44 104
20 45 105
20 46 102
20 47 96
20 48 102
20 49 102
20 50 99
20 51 91
20 52 96
20 53 98
20 54 97
20 55 96
20 56 106
20 57 106
20 58 102
20 59 101
20 60 89
20 61 97
20 62 94
20 63 95
20 64 97
20 65 99
20 66 98
20 67 95
20 68 105
20 69 93
20 70 103
20 71 99
20 72 102
20 73 108
20 74 102
20 75 103
20 76 103
20 77 104
20 78 102
20 79 103
21 22 95
21 23 93
21 24 98
21 25 102
21 26 98
21 27 94
21 28 98
21 29 110
21 30 97
21 31 97
21 32 102
21 33 102
21 34 109
21 35 104
21 36 102
21 37 101
21 38 108
21 39 93
21 40 104
21 41 111
21 42 99
21 43 107
21 44 98
21 45 99
21 46 101
21 47 93
21 48 99
21 49 104
21 50 99
21 51 99
21 52 104
21 53 100
21 54 98
21 55 102
21 56 100
21 57 92
21 58 105
21 59 96
21 60 102
21 61 102
21 62 96
21 63 92
21 64 96
21 65 98
21 66 95
21 67 99
21 68 108
21 69 103
21 70 91
21 71 91
21 72 100
21 73 104
21 74 104
21 75 96
21 76 93
21 77 97
21 78 99
21 79 103
22 23 106
22 24 95
22 25 103
22 26 93
22 27 102
22 28 101
22 29 99
22 30 96
22 31 94
22 32 93
22 33 106
22 34 96
22 35 101
22 36 95
22 37 110
22 38 105
22 39 97
22 40 96
22 41 99
22 42 99
22 43 93
22 44 97
22 45 93
22 46 99
22 47 93
22 48 100
22 49 111
22 50 110
22 51 106
22 52 98
22 53 98
22 54 103
22 55 103
22 56 92
22 57 92
22 58 100
22 59 96
22 60 95
22 61 102
22 62 103
22 63 96
22 64 99
22 65 95
22 66 106
22 67 99
22 68 100
22 69 101
22 70 103
22 71 104
22 72 96
22 73 92
22 74 106
22 75 103
22 76 98
22 77 95
22 78 108
22 79 112
23 24 95
23 25 105
23 26 108
23 27 100
23 28 97
23 29 103
23 30 96
23 31 113
23 32 99
23 33 94
23 34 95
23 35 102
23 36 97
23 37 100
23 38 100
23 39 109
23 40 96
23 41 101
23 42 102
23 43 106
23 44 95
23 45 98
23 46 108
23 47 107
23 48 98
23 49 96
23 50 98
23 51 91
23 52 100
23 53 97
23 54 93
23 55 98
23 56 104
23 57 98
23 58 97
23 59 100
23 60 109
23 61 97
23 62 101
23 63 104
23 64 107
23 65 102
23 66 110
23 67 97
23 68 103
23 69 106
23 70 98
23 71 96
23 72 96
23 73 106
23 74 106
23 75 105
23 76 104
23 77 103
23 78 100
23 79 101
24 25 95
24 26 107
24 27 99
24 28 104
24 29 102
24 30 106
24 31 102
24 32 97
24 33 103
24 34 98
24 35 110
24 36 104
24 37 103
24 38 94
24 39 99
24 40 101
24 41 97
24 42 104
24 43 96
24 44 104
24 45 92
24 46 100
24 47 99
24 48 99
24 49 109
24 50 102
24 51 103
24 52 104
24 53 102
24 54 102
24 55 97
24 56 102
24 57 99
24 58 105
24 59 98
24 60 99
24 61 98
24 62 106
24 63 92
24 64 93
24 65 102
24 66 100
24 67 97
24 68 107
24 69 102
24 70 108
24 71 95
24 72 97
24 73 103
24 74 101
24 75 101
24 76 101
24 77 107
24 78 94
24 79 99
25 26 103
25 27 107
25 28 105
25 29 105
25 30 104
25 31 109
25 32 98
25 33 97
25 34 109
25 35 101
25 36 94
25 37 101
25 38 91
25 39 103
25 40 104
25 41 96
25 42 92
25 43 98
25 44 97
25 45 98
25 46 108
25 47 107
25 48 97
25 49 93
25 50 98
25 51 93
25 52 103
25 53 105
25 54 103
25 55 101
25 56 100
25 57 87
25 58 106
25 59 107
25 60 99
25 61 92
25 62 99
25 63 101
25 64 104
25 65 100
25 66 103
25 67 98
25 68 99
25 69 97
25 70 93
25 71 100
25 72 97
25 73 99
25 74 103
25 75 94
25 76 102
25 77 103
25 78 101
25 79 90
26 27 99
26 28 100
26 29 98
26 30 99
26 31 91
26 32 103
26 33 103
26 34 101
26 35 108
26 36 104
26 37 95
26 38 105
26 39 96
26 40 94
26 41 93
26 42 99
26 43 99
26 44 101
26 45 104
26 46 107
26 47 103
26 48 108
26 49 96
26 50 88
26 51 106
26 52 104
26 53 104
26 54 94
26 55 99
26 56 98
26 57 100
26 58 95
26 59 103
26 60 98
26 61 103
26 62 103
26 63 99
26 64 94
26 65 104
26 66 94
26 67 101
26 68 97
26 69 98
26 70 104
26 71 99
26 72 96
26 73 95
26 74 98
26 75 104
26 76 94
26 77 95
26 78 96
26 79 97
27 28 100
27 29 100
27 30 99
27 31 97
27 32 100
27 33 106
27 34 100
27 35 98
27 36 95
27 37 95
27 38 103
27 39 100
27 40 100
27 41 93
27 42 96
27 43 96
27 44 97
27 45 96
27 46 95
27 47 96
27 48 108
27 49 97
27 50 101
27 51 98
27 52 106
27 53 103
27 54 92
27 55 100
27 56 102
27 57 99
27 58 94
27 59 95
27 60 95
27 61 105
27 62 103
27 63 90
27 64 104
27 65 91
27 66 95
27 67 101
27 68 99
27 69 96
27 70 106
27 71 98
27 72 99
27 73 99
27 74 89
27 75 97
27 76 99
27 77 107
27 78 106
27 79 96
28 29 106
28 30 96
28 31 93
28 32 97
28 33 101
28 34 108
28 35 110
28 36 102
28 37 90
28 38 93
28 39 103
28 40 98
28 41 90
28 42 94
28 43 95
28 44 95
28 45 96
28 46 89
28 47 95
28 48 103
28 49 103
28 50 93
28 51 97
28 52 99
28 53 98
28 54 99
28 55 92
28 56 99
28 57 96
28 58 90
28 59 103
28 60 106
28 61 100
28 62 109
28 63 103
28 64 106
28 65 95
28 66 99
28 67 92
28 68 98
28 69 89
28 70 99
28 71 96
28 72 100
28 73 98
28 74 100
28 75 101
28 76 103
28 77 99
28 78 101
28 79 97
29 30 103
29 31 97
29 32 92
29 33 98
29 34 106
29 35 98
29 36 99
29 37 105
29 38 100
29 39 93
29 40 102
29 41 87
29 42 100
29 43 95
29 44 97
29 45 99
29 46 107
29 47 95
29 48 94
29 49 103
29 50 91
29 51 97
29 52 105
29 53 94
29 54 94
29 55 99
29 56 105
29 57 96
29 58 103
29 59 98
29 60 108
29 61 103
29 62 107
29 63 93
29 64 97
29 65 98
29 66 103
29 67 94
29 68 98
29 69 96
29 70 98
29 71 108
29 72 92
29 73 103
29 74 92
29 75 99
29 76 97
29 77 99
29 78 93
29 79 101
30 31 101
30 32 94
30 33 95
30 34 97
30 35 92
30 36 100
30 37 109
30 38 98
30 39 97
30 40 101
30 41 99
30 42 111
30 43 98
30 44 100
30 45 89
30 46 101
30 47 96
30 48 105
30 49 105
30 50 105
30 51 106
30 52 98
30 53 103
30 54 107
30 55 96
30 56 104
30 57 115
30 58 105
30 59 94
30 60 109
30 61 101
30 62 102
30 63 99
30 64 102
30 65 100
30 66 96
30 67 103
30 68 98
30 69 101
30 70 109
30 71 93
30 72 96
30 73 98
30 74 98
30 75 96
30 76 102
30 77 100
30 78 105
30 79 104
31 32 98
31 33 106
31 34 105
31 35 94
31 36 106
31 37 101
31 38 100
31 39 101
31 40 105
31 41 103
31 42 105
31 43 92
31 44 98
31 45 96
31 46 99
31 47 98
31 48 102
31 49 100
31 50 96
31 51 105
31 52 97
31 53 102
31 54 96
31 55 97
31 56 96
31 57 93
31 58 93
31 59 92
31 60 100
31 61 106
31 62 95
31 63 97
31 64 99
31 65 95
31 66 108
31 67 100
31 68 92
31 69 95
31 70 99
31 71 93
31 72 91
31 73 92
31 74 86
31 75 93
31 76 101
31 77 100
31 78 104
31 79 102
32 33 89
32 34 100
32 35 112
32 36 98
32 37 103
32 38 106
32 39 97
32 40 92
32 41 96
32 42 97
32 43 100
32 44 94
32 45 108
32 46 104
32 47 100
32 48 103
32 49 102
32 50 98
32 51 97
32 52 104
32 53 100
32 54 93
32 55 102
32 56 93
32 57 107
32 58 102
32 59 104
32 60 96
32 61 104
32 62 105
32 63 99
32 64 90
32 65 95
32 66 90
32 67 100
32 68 99
32 69 100
32 70 101
32 71 90
32 72 104
32 73 87
32 74 99
32 75 103
32 76 95
32 77 98
32 78 111
32 79 101
33 34 101
33 35 105
33 36 95
33 37 92
33 38 103
33 39 94
33 40 90
33 41 113
33 42 95
33 43 97
33 44 97
33 45 97
33 46 109
33 47 102
33 48 91
33 49 89
33 50 101
33 51 101
33 52 97
33 53 101
33 54 100
33 55 95
33 56 103
33 57 102
33 58 102
33 59 103
33 60 100
33 61 101
33 62 104
33 63 99
33 64 102
33 65 95
33 66 91
33 67 107
33 68 95
33 69 95
33 70 101
33 71 104
33 72 103
33 73 104
33 74 100
33 75 99
33 76 93
33 77 101
33 78 96
33 79 107
34 35 98
34 36 102
34 37 102
34 38 101
34 39 93
34 40 104
34 41 101
34 42 100
34 43 99
34 44 100
34 45 102
34 46 101
34 47 99
34 48 96
34 49 94
34 50 98
34 51 94
34 52 95
34 53 102
34 54 96
34 55 98
34 56 104
34 57 103
34 58 95
34 59 105
34 60 98
34 61 98
34 62 94
34 63 95
34 64 103
34 65 106
34 66 107
34 67 99
34 68 103
34 69 95
34 70 99
34 71 104
34 72 109
34 73 98
34 74 100
34 75 102
34 76 97
34 77 94
34 78 100
34 79 105
35 36 102
35 37 101
35 38 96
35 39 102
35 40 100
35 41 103
35 42 97
35 43 105
35 44 97
35 45 106
35 46 96
35 47 102
35 48 100
35 49 94
35 50 109
35 51 109
35 52 107
35 53 99
35 54 101
35 55 101
35 56 100
35 57 106
35 58 101
35 59 102
35 60 96
35 61 107
35 62 94
35 63 103
35 64 94
35 65 102
35 66 95
35 67 100
35 68 102
35 69 103
35 70 98
35 71 100
35 72 92
35 73 105
35 74 97
35 75 101
35 76 107
35 77 97
35 78 88
35 79 94
36 37 102
36 38 93
36 39 96
36 40 100
36 41 98
36 42 108
36 43 97
36 44 102
36 45 100
36 46 100
36 47 101
36 48 91
36 49 103
36 50 90
36 51 102
36 52 91
36 53 99
36 54 99
36 55 96
36 56 103
36 57 96
36 58 96
36 59 99
36 60 107
36 61 90
36 62 102
36 63 100
36 64 86
36 65 96
36 66 104
36 67 94
36 68 100
36 69 98
36 70 98
36 71 98
36 72 100
36 73 87
36 74 100
36 75 96
36 76 98
36 77 99
36 78 103
36 79 92
37 38 97
37 39 102
37 40 98
37 41 104
37 42 100
37 43 92
37 44 101
37 45 95
37 46 97
37 47 93
37 48 107
37 49 104
37 50 98
37 51 100
37 52 106
37 53 92
37 54 110
37 55 95
37 56 104
37 57 99
37 58 111
37 59 93
37 60 93
37 61 104
37 62 94
37 63 106
37 64 106
37 65 102
37 66 105
37 67 96
37 68 99
37 69 96
37 70 101
37 71 100
37 72 98
37 73 99
37 74 98
37 75 92
37 76 101
37 77 96
37 78 91
37 79 96
38 39 100
38 40 102
38 41 101
38 42 89
38 43 103
38 44 97
38 45 94
38 46 109
38 47 103
38 48 98
38 49 101
38 50 107
38 51 96
38 52 99
38 53 104
38 54 98
38 55 92
38 56 102
38 57 102
38 58 108
38 59 108
38 60 94
38 61 100
38 62 101
38 63 99
38 64 105
38 65 104
38 66 94
38 67 93
38 68 97
38 69 100
38 70 100
38 71 102
38 72 98
38 73 101
38 74 99
38 75 99
38 76 99
38 77 103
38 78 94
38 79 102
39 40 95
39 41 100
39 42 94
39 43 99
39 44 91
39 45 99
39 46 100
39 47 105
39 48 103
39 49 107
39 50 96
39 51 103
39 52 103
39 53 97
39 54 103
39 55 93
39 56 109
39 57 103
39 58 101
39 59 98
39 60 96
39 61 99
39 62 100
39 63 91
39 64 99
39 65 107
39 66 99
39 67 99
39 68 100
39 69 95
39 70 100
39 71 99
39 72 103
39 73 94
39 74 107
39 75 102
39 76 96
39 77 97
39 78 108
39 79 110
40 41 103
40 42 105
40 43 101
40 44 99
40 45 99
40 46 97
40 47 103
40 48 102
40 49 114
40 50 97
40 51 91
40 52 96
40 53 90
40 54 102
40 55 105
40 56 105
40 57 92
40 58 94
40 59 90
40 60 105
40 61 95
40 62 107
40 63 106
40 64 97
40 65 98
40 66 102
40 67 101
40 68 99
40 69 95
40 70 95
40 71 102
40 72 102
40 73 96
40 74 113
40 75 97
40 76 102
40 77 96
40 78 109
40 79 104
41 42 92
41 43 95
41 44 101
41 45 94
41 46 100
41 47 94
41 48 103
41 49 97
41 50 90
41 51 105
41 52 112
41 53 106
41 54 97
41 55 102
41 56 100
41 57 94
41 58 96
41 59 99
41 60 100
41 61 101
41 62 98
41 63 104
41 64 101
41 65 99
41 66 98
41 67 96
41 68 104
41 69 98
41 70 98
41 71 97
41 72 101
41 73 102
41 74 96
41 75 101
41 76 99
41 77 101
41 78 102
41 79 98
42 43 101
42 44 103
42 45 98
42 46 103
42 47 97
42 48 92
42 49 100
42 50 105
42 51 96
42 52 98
42 53 104
42 54 101
42 55 99
42 56 92
42 57 96
42 58 90
42 59 103
42 60 98
42 61 104
42 62 88
42 63 99
42 64 98
42 65 102
42 66 108
42 67 104
42 68 95
42 69 100
42 70 94
42 71 106
42 72 98
42 73 90
42 74 98
42 75 100
42 76 101
42 77 105
42 78 100
42 79 98
43 44 91
43 45 104
43 46 96
43 47 100
43 48 100
43 49 107
43 50 99
43 51 103
43 52 108
43 53 96
43 54 99
43 55 101
43 56 99
43 57 95
43 58 89
43 59 104
43 60 98
43 61 93
43 62 108
43 63 104
43 64 93
43 65 100
43 66 100
43 67 98
43 68 101
43 69 106
43 70 103
43 71 105
43 72 97
43 73 101
43 74 106
43 75 103
43 76 90
43 77 103
43 78 96
43 79 107
44 45 100
44 46 99
44 47 100
44 48 98
44 49 102
44 50 94
44 51 95
44 52 105
44 53 104
44 54 94
44 55 99
44 56 104
44 57 100
44 58 98
44 59 95
44 60 105
44 61 103
44 62 101
44 63 94
44 64 101
44 65 100
44 66 108
44 67 101
44 68 105
44 69 98
44 70 112
44 71 108
44 72 105
44 73 97
44 74 97
44 75 103
44 76 102
44 77 99
44 78 107
44 79 100
45 46 100
45 47 109
45 48 96
45 49 103
45 50 105
45 51 102
45 52 105
45 53 99
45 54 105
45 55 113
45 56 92
45 57 98
45 58 89
45 59 108
45 60 94
45 61 92
45 62 108
45 63 103
45 64 106
45 65 99
45 66 93
45 67 102
45 68 94
45 69 107
45 70 107
45 71 105
45 72 104
45 73 101
45 74 103
45 75 95
45 76 94
45 77 100
45 78 101
45 79 104
46 47 96
46 48 111
46 49 96
46 50 97
46 51 93
46 52 104
46 53 100
46 54 97
46 55 102
46 56 97
46 57 101
46 58 91
46 59 100
46 60 101
46 61 89
46 62 102
46 63 103
46 64 101
46 65 109
46 66 97
46 67 91
46 68 95
46 69 108
46 70 99
46 71 100
46 72 99
46 73 104
46 74 102
46 75 94
46 76 100
46 77 98
46 78 103
46 79 97
47 48 108
47 49 106
47 50 97
47 51 97
47 52 103
47 53 100
47 54 113
47 55 97
47 56 96
47 57 100
47 58 94
47 59 105
47 60 108
47 61 100
47 62 97
47 63 101
47 64 94
47 65 97
47 66 99
47 67 102
47 68 107
47 69 103
47 70 91
47 71 103
47 72 98
47 73 103
47 74 108
47 75 96
47 76 98
47 77 102
47 78 90
47 79 102
48 49 93
48 50 106
48 51 97
48 52 95
48 53 100
48 54 93
48 55 104
48 56 100
48 57 101
48 58 103
48 59 99
48 60 100
48 61 102
48 62 96
48 63 107
48 64 106
48 65 96
48 66 103
48 67 100
48 68 97
48 69 100
48 70 101
48 71 101
48 72 106
48 73 93
48 74 97
48 75 101
48 76 90
48 77 101
48 78 101
48 79 100
49 50 102
49 51 115
49 52 97
49 53 99
49 54 104
49 55 96
49 56 102
49 57 101
49 58 98
49 59 100
49 60 95
49 61 103
49 62 101
49 63 96
49 64 95
49 65 105
49 66 96
49 67 93
49 68 100
49 69 100
49 70 106
49 71 98
49 72 106
49 73 108
49 74 104
49 75 100
49 76 88
49 77 97
49 78 104
49 79 95
50 51 100
50 52 99
50 53 103
50 54 103
50 55 106
50 56 101
50 57 99
50 58 100
50 59 97
50 60 98
50 61 86
50 62 93
50 63 100
50 64 104
50 65 94
50 66 95
50 67 104
50 68 98
50 69 92
50 70 105
50 71 95
50 72 105
50 73 98
50 74 90
50 75 95
50 76 109
50 77 105
50 78 104
50 79 92
51 52 96
51 53 99
51 54 107
51 55 93
51 56 95
51 57 96
51 58 101
51 59 97
51 60 102
51 61 104
51 62 107
51 63 97
51 64 94
51 65 97
51 66 93
51 67 109
51 68 102
51 69 98
51 70 95
51 71 96
51 72 91
51 73 98
51 74 99
51 75 102
51 76 95
51 77 103
51 78 96
51 79 101
52 53 102
52 54 96
52 55 98
52 56 105
52 57 95
52 58 102
52 59 100
52 60 99
52 61 97
52 62 97
52 63 95
52 64 95
52 65 111
52 66 91
52 67 91
52 68 104
52 69 105
52 70 107
52 71 97
52 72 100
52 73 102
52 74 109
52 75 99
52 76 103
52 77 104
52 78 105
52 79 105
53 54 99
53 55 109
53 56 107
53 57 99
53 58 101
53 59 104
53 60 98
53 61 95
53 62 97
53 63 105
53 64 101
53 65 93
53 66 100
53 67 98
53 68 101
53 69 99
53 70 97
53 71 103
53 72 104
53 73 92
53 74 98
53 75 103
53 76 93
53 77 105
53 78 113
53 79 102
54 55 106
54 56 97
54 57 96
54 58 89
54 59 93
54 60 105
54 61 110
54 62 104
54 63 96
54 64 109
54 65 98
54 66 89
54 67 109
54 68 107
54 69 102
54 70 102
54 71 101
54 72 97
54 73 108
54 74 97
54 75 105
54 76 94
54 77 97
54 78 95
54 79 98
55 56 100
55 57 106
55 58 101
55 59 92
55 60 98
55 61 110
55 62 105
55 63 108
55 64 101
55 65 95
55 66 104
55 67 99
55 68 107
55 69 102
55 70 102
55 71 100
55 72 98
55 73 98
55 74 96
55 75 96
55 76 106
55 77 102
55 78 105
55 79 107
56 57 98
56 58 105
56 59 98
56 60 94
56 61 95
56 62 103
56 63 97
56 64 101
56 65 107
56 66 96
56 67 90
56 68 101
56 69 102
56 70 99
56 71 98
56 72 98
56 73 101
56 74 104
56 75 104
56 76 102
56 77 99
56 78 97
56 79 99
57 58 94
57 59 104
57 60 98
57 61 99
57 62 110
57 63 101
57 64 100
57 65 102
57 66 98
57 67 110
57 68 102
57 69 100
57 70 102
57 71 94
57 72 99
57 73 105
57 74 93
57 75 95
57 76 105
57 77 94
57 78 95
57 79 96
58 59 99
58 60 102
58 61 114
58 62 95
58 63 105
58 64 109
58 65 95
58 66 102
58 67 94
58 68 95
58 69 99
58 70 98
58 71 108
58 72 102
58 73 106
58 74 110
58 75 98
58 76 97
58 77 102
58 78 101
58 79 97
59 60 102
59 61 111
59 62 91
59 63 94
59 64 102
59 65 98
59 66 90
59 67 98
59 68 98
59 69 101
59 70 95
59 71 100
59 72 103
59 73 98
59 74 98
59 75 98
59 76 94
59 77 97
59 78 95
59 79 96
60 61 105
60 62 102
60 63 107
60 64 101
60 65 93
60 66 97
60 67 92
60 68 97
60 69 104
60 70 93
60 71 102
60 72 97
60 73 95
60 74 93
60 75 105
60 76 104
60 77 95
60 78 105
60 79 100
61 62 98
61 63 91
61 64 102
61 65 95
61 66 94
61 67 89
61 68 108
61 69 98
61 70 96
61 71 100
61 72 101
61 73 97
61 74 96
61 75 97
61 76 93
61 77 106
61 78 99
61 79 107
62 63 101
62 64 101
62 65 102
62 66 107
62 67 104
62 68 91
62 69 101
62 70 99
62 71 92
62 72 107
62 73 100
62 74 89
62 75 100
62 76 99
62 77 107
62 78 107
62 79 98
63 64 103
63 65 98
63 66 92
63 67 109
63 68 106
63 69 104
63 70 100
63 71 99
63 72 96
63 73 100
63 74 106
63 75 98
63 76 96
63 77 99
63 78 91
63 79 99
64 65 99
64 66 102
64 67 107
64 68 103
64 69 97
64 70 103
64 71 100
64 72 103
64 73 98
64 74 101
64 75 99
64 76 101
64 77 94
64 78 99
64 79 94
65 66 99
65 67 101
65 68 104
65 69 94
65 70 102
65 71 98
65 72 99
65 73 103
65 74 102
65 75 107
65 76 100
65 77 97
65 78 96
65 79 96
66 67 91
66 68 98
66 69 91
66 70 99
66 71 105
66 72 98
66 73 107
66 74 99
66 75 95
66 76 103
66 77 111
66 78 97
66 79 106
67 68 96
67 69 105
67 70 100
67 71 102
67 72 106
67 73 99
67 74 100
67 75 101
67 76 103
67 77 105
67 78 107
67 79 106
68 69 97
68 70 109
68 71 105
68 72 100
68 73 108
68 74 96
68 75 103
68 76 101
68 77 97
68 78 86
68 79 94
69 70 106
69 71 95
69 72 93
69 73 97
69 74 103
69 75 98
69 76 102
69 77 109
69 78 97
69 79 96
70 71 99
70 72 96
70 73 97
70 74 105
70 75 105
70 76 100
70 77 110
70 78 100
70 79 91
71 72 99
71 73 107
71 74 101
71 75 100
71 76 102
71 77 90
71 78 91
71 79 95
72 73 98
72 74 102
72 75 100
72 76 87
72 77 99
72 78 109
72 79 100
73 74 104
73 75 98
73 76 100
73 77 100
73 78 95
73 79 99
74 75 106
74 76 99
74 77 109
74 78 98
74 79 99
75 76 100
75 77 97
75 78 98
75 79 108
76 77 100
76 78 92
76 79 91
77 78 105
77 79 98
78 79 100
1
0 1 2 3 4 5
