3160
0 1 303
0 2 296
0 3 292
0 4 309
0 5 300
0 6 308
0 7 297
0 8 203
0 9 202
0 10 203
0 11 197
0 12 199
0 13 195
0 14 202
0 15 199
0 16 204
0 17 204
0 18 200
0 19 187
0 20 203
0 21 198
0 22 197
0 23 198
0 24 205
0 25 205
0 26 200
0 27 203
0 28 196
0 29 199
0 30 195
0 31 200
0 32 200
0 33 200
0 34 193
0 35 202
0 36 199
0 37 200
0 38 197
0 39 204
0 40 206
0 41 200
0 42 196
0 43 206
0 44 197
0 45 200
0 46 199
0 47 200
0 48 205
0 49 206
0 50 204
0 51 205
0 52 208
0 53 191
0 54 198
0 55 204
0 56 193
0 57 193
0 58 201
0 59 203
0 60 205
0 61 200
0 62 199
0 63 193
0 64 195
0 65 194
0 66 202
0 67 201
0 68 206
0 69 202
0 70 191
0 71 205
0 72 201
0 73 198
0 74 196
0 75 194
0 76 207
0 77 196
0 78 203
0 79 201
1 2 292
1 3 298
1 4 295
1 5 295
1 6 309
1 7 299
1 8 200
1 9 198
1 10 199
1 11 206
1 12 192
1 13 202
1 14 195
1 15 194
1 16 200
1 17 209
1 18 201
1 19 206
1 20 205
1 21 202
1 22 203
1 23 203
1 24 196
1 25 201
1 26 193
1 27 207
1 28 204
1 29 198
1 30 199
1 31 193
1 32 195
1 33 197
1 34 199
1 35 194
1 36 195
1 37 202
1 38 189
1 39 200
1 40 202
1 41 203
1 42 207
1 43 200
1 44 194
1 45 189
1 46 195
1 47 193
1 48 194
1 49 203
1 50 205
1 51 199
1 52 193
1 53 198
1 54 201
1 55 196
1 56 203
1 57 204
1 58 203
1 59 203
1 60 203
1 61 191
1 62 199
1 63 202
1 64 194
1 65 199
1 66 200
1 67 198
1 68 206
1 69 196
1 70 196
1 71 194
1 72 194
1 73 201
1 74 201
1 75 191
1 76 196
1 77 203
1 78 191
1 79 200
2 3 305
2 4 295
2 5 301
2 6 285
2 7 292
2 8 196
2 9 196
2 10 204
2 11 201
2 12 202
2 13 202
2 14 198
2 15 204
2 16 198
2 17 200
2 18 195
2 19 203
2 20 195
2 21 192
2 22 195
2 23 205
2 24 200
2 25 196
2 26 203
2 27 200
2 28 200
2 29 203
2 30 200
2 31 199
2 32 197
2 33 199
2 34 205
2 35 200
2 36 200
2 37 198
2 38 202
2 39 199
2 40 207
2 41 193
2 42 203
2 43 200
2 44 207
2 45 200
2 46 200
2 47 204
2 48 201
2 49 194
2 50 207
2 51 200
2 52 192
2 53 203
2 54 203
2 55 203
2 56 210
2 57 202
2 58 198
2 59 199
2 60 191
2 61 201
2 62 196
2 63 197
2 64 195
2 65 195
2 66 201
2 67 192
2 68 201
2 69 204
2 70 203
2 71 199
2 72 196
2 73 195
2 74 194
2 75 202
2 76 203
2 77 202
2 78 196
2 79 204
3 4 297
3 5 300
3 6 298
3 7 285
3 8 198
3 9 198
3 10 204
3 11 197
3 12 201
3 13 201
3 14 204
3 15 192
3 16 204
3 17 196
3 18 204
3 19 202
3 20 197
3 21 203
3 22 197
3 23 197
3 24 192
3 25 209
3 26 199
3 27 196
3 28 196
3 29 199
3 30 197
3 31 206
3 32 191
3 33 194
3 34 195
3 35 198
3 36 205
3 37 201
3 38 201
3 39 199
3 40 201
3 41 201
3 42 197
3 43 197
3 44 193
3 45 207
3 46 202
3 47 187
3 48 199
3 49 189
3 50 196
3 51 200
3 52 193
3 53 206
3 54 194
3 55 203
3 56 197
3 57 204
3 58 199
3 59 196
3 60 200
3 61 206
3 62 196
3 63 199
3 64 202
3 65 203
3 66 190
3 67 202
3 68 198
3 69 200
3 70 198
3 71 205
3 72 205
3 73 194
3 74 204
3 75 204
3 76 198
3 77 195
3 78 198
3 79 201
4 5 291
4 6 299
4 7 297
4 8 202
4 9 202
4 10 199
4 11 197
4 12 205
4 13 204
4 14 194
4 15 202
4 16 201
4 17 206
4 18 200
4 19 196
4 20 201
4 21 199
4 22 194
4 23 199
4 24 197
4 25 208
4 26 191
4 27 186
4 28 203
4 29 196
4 30 203
4 31 204
4 32 205
4 33 195
4 34 203
4 35 205
4 36 199
4 37 194
4 38 193
4 39 199
4 40 199
4 41 202
4 42 202
4 43 200
4 44 201
4 45 203
4 46 199
4 47 203
4 48 198
4 49 199
4 50 192
4 51 202
4 52 199
4 53 194
4 54 194
4 55 200
4 56 202
4 57 201
4 58 202
4 59 195
4 60 198
4 61 192
4 62 195
4 63 205
4 64 192
4 65 195
4 66 196
4 67 202
4 68 203
4 69 198
4 70 201
4 71 192
4 72 197
4 73 193
4 74 201
4 75 202
4 76 205
4 77 205
4 78 198
4 79 199
5 6 310
5 7 302
5 8 194
5 9 204
5 10 190
5 11 200
5 12 200
5 13 198
5 14 198
5 15 198
5 16 190
5 17 204
5 18 192
5 19 202
5 20 199
5 21 200
5 22 204
5 23 193
5 24 204
5 25 201
5 26 196
5 27 196
5 28 196
5 29 200
5 30 205
5 31 203
5 32 194
5 33 194
5 34 198
5 35 204
5 36 200
5 37 195
5 38 202
5 39 197
5 40 193
5 41 202
5 42 200
5 43 203
5 44 195
5 45 194
5 46 193
5 47 197
5 48 206
5 49 194
5 50 198
5 51 202
5 52 200
5 53 194
5 54 203
5 55 200
5 56 209
5 57 189
5 58 202
5 59 198
5 60 204
5 61 195
5 62 193
5 63 203
5 64 192
5 65 199
5 66 204
5 67 201
5 68 196
5 69 195
5 70 198
5 71 196
5 72 199
5 73 201
5 74 197
5 75 203
5 76 207
5 77 201
5 78 196
5 79 197
6 7 304
6 8 198
6 9 197
6 10 203
6 11 200
6 12 197
6 13 197
6 14 197
6 15 201
6 16 194
6 17 197
6 18 204
6 19 196
6 20 208
6 21 202
6 22 198
6 23 194
6 24 199
6 25 193
6 26 197
6 27 201
6 28 197
6 29 197
6 30 196
6 31 194
6 32 205
6 33 193
6 34 193
6 35 199
6 36 207
6 37 203
6 38 204
6 39 194
6 40 216
6 41 202
6 42 194
6 43 205
6 44 204
6 45 200
6 46 203
6 47 199
6 48 202
6 49 191
6 50 207
6 51 204
6 52 195
6 53 194
6 54 205
6 55 198
6 56 206
6 57 193
6 58 201
6 59 202
6 60 198
6 61 200
6 62 208
6 63 190
6 64 194
6 65 199
6 66 198
6 67 209
6 68 198
6 69 194
6 70 192
6 71 191
6 72 191
6 73 201
6 74 197
6 75 195
6 76 203
6 77 197
6 78 197
6 79 190
7 8 203
7 9 197
7 10 198
7 11 195
7 12 199
7 13 203
7 14 201
7 15 200
7 16 192
7 17 199
7 18 205
7 19 195
7 20 202
7 21 205
7 22 202
7 23 192
7 24 203
7 25 212
7 26 200
7 27 198
7 28 200
7 29 199
7 30 206
7 31 200
7 32 205
7 33 199
7 34 201
7 35 196
7 36 203
7 37 195
7 38 202
7 39 202
7 40 205
7 41 188
7 42 193
7 43 195
7 44 197
7 45 206
7 46 194
7 47 207
7 48 204
7 49 207
7 50 195
7 51 203
7 52 203
7 53 205
7 54 194
7 55 186
7 56 198
7 57 204
7 58 194
7 59 193
7 60 199
7 61 195
7 62 205
7 63 191
7 64 191
7 65 204
7 66 206
7 67 210
7 68 199
7 69 203
7 70 197
7 71 199
7 72 206
7 73 199
7 74 201
7 75 200
7 76 202
7 77 200
7 78 201
7 79 198
8 9 93
8 10 106
8 11 101
8 12 100
8 13 94
8 14 96
8 15 98
8 16 112
8 17 103
8 18 106
8 19 95
8 20 104
8 21 115
8 22 106
8 23 95
8 24 102
8 25 91
8 26 99
8 27 105
8 28 100
8 29 103
8 30 105
8 31 97
8 32 96
8 33 101
8 34 100
8 35 99
8 36 97
8 37 97
8 38 101
8 39 104
8 40 96
8 41 98
8 42 90
8 43 102
8 44 99
8 45 99
8 46 98
8 47 106
8 48 104
8 49 103
8 50 100
8 51 104
8 52 104
8 53 96
8 54 102
8 55 99
8 56 99
8 57 96
8 58 96
8 59 98
8 60 91
8 61 100
8 62 102
8 63 101
8 64 106
8 65 105
8 66 100
8 67 92
8 68 96
8 69 94
8 70 94
8 71 105
8 72 111
8 73 95
8 74 100
8 75 106
8 76 102
8 77 102
8 78 107
8 79 93
9 10 94
9 11 101
9 12 105
9 13 92
9 14 99
9 15 100
9 16 99
9 17 103
9 18 104
9 19 98
9 20 108
9 21 102
9 22 102
9 23 92
9 24 90
9 25 109
9 26 107
9 27 91
9 28 104
9 29 94
9 30 102
9 31 99
9 32 99
9 33 95
9 34 98
9 35 100
9 36 101
9 37 103
9 38 97
9 39 107
9 40 104
9 41 97
9 42 103
9 43 106
9 44 100
9 45 97
9 46 94
9 47 101
9 48 104
9 49 108
9 50 100
9 51 113
9 52 96
9 53 103
9 54 86
9 55 101
9 56 95
9 57 101
9 58 113
9 59 98
9 60 98
9 61 94
9 62 95
9 63 106
9 64 102
9 65 98
9 66 99
9 67 102
9 68 96
9 69 94
9 70 99
9 71 91
9 72 97
9 73 95
9 74 99
9 75 102
9 76 100
9 77 105
9 78 99
9 79 99
10 11 97
10 12 93
10 13 104
10 14 101
10 15 95
10 16 106
10 17 87
10 18 91
10 19 103
10 20 98
10 21 93
10 22 106
10 23 98
10 24 99
10 25 99
10 26 96
10 27 98
10 28 104
10 29 96
10 30 100
10 31 98
10 32 105
10 33 94
10 34 96
10 35 98
10 36 98
10 37 100
10 38 99
10 39 89
10 40 93
10 41 98
10 42 99
10 43 99
10 44 106
10 45 103
10 46 98
10 47 87
10 48 100
10 49 114
10 50 102
10 51 101
10 52 106
10 53 100
10 54 107
10 55 103
10 56 100
10 57 104
10 58 103
10 59 94
10 60 94
10 61 89
10 62 96
10 63 106
10 64 91
10 65 102
10 66 88
10 67 103
10 68 104
10 69 97
10 70 101
10 71 99
10 72 92
10 73 98
10 74 106
10 75 105
10 76 102
10 77 101
10 78 109
10 79 102
11 12 100
11 13 94
11 14 98
11 15 87
11 16 95
11 17 88
11 18 88
11 19 94
11 20 95
11 21 96
11 22 101
11 23 104
11 24 104
11 25 95
11 26 93
11 27 91
11 28 100
11 29 101
11 30 102
11 31 104
11 32 92
11 33 104
11 34 92
11 35 95
11 36 96
11 37 111
11 38 106
11 39 104
11 40 95
11 41 97
11 42 95
11 43 92
11 44 101
11 45 105
11 46 94
11 47 99
11 48 96
11 49 98
11 50 98
11 51 93
11 52 101
11 53 95
11 54 105
11 55 94
11 56 103
11 57 101
11 58 95
11 59 97
11 60 97
11 61 91
11 62 91
11 63 101
11 64 105
11 65 103
11 66 102
11 67 98
11 68 104
11 69 105
11 70 98
11 71 103
11 72 100
11 73 96
11 74 105
11 75 103
11 76 108
11 77 97
11 78 106
11 79 96
12 13 94
12 14 110
12 15 105
12 16 99
12 17 98
12 18 102
12 19 99
12 20 97
12 21 106
12 22 108
12 23 111
12 24 98
12 25 101
12 26 100
12 27 92
12 28 101
12 29 104
12 30 105
12 31 101
12 32 93
12 33 101
12 34 96
12 35 93
12 36 100
12 37 95
12 38 97
12 39 100
12 40 107
12 41 101
12 42 99
12 43 99
12 44 101
12 45 96
12 46 83
12 47 100
12 48 98
12 49 97
12 50 107
12 51 107
12 52 100
12 53 101
12 54 101
12 55 101
12 56 108
12 57 94
12 58 93
12 59 102
12 60 92
12 61 94
12 62 96
12 63 97
12 64 96
12 65 98
12 66 103
12 67 97
12 68 99
12 69 99
12 70 112
12 71 100
12 72 89
12 73 103
12 74 98
12 75 108
12 76 96
12 77 94
12 78 99
12 79 99
13 14 96
13 15 109
13 16 109
13 17 102
13 18 101
13 19 102
13 20 102
13 21 99
13 22 97
13 23 101
13 24 93
13 25 99
13 26 91
13 27 101
13 28 93
13 29 102
13 30 97
13 31 105
13 32 98
13 33 97
13 34 103
13 35 94
13 36 95
13 37 97
13 38 99
13 39 101
13 40 98
13 41 102
13 42 94
13 43 100
13 44 109
13 45 103
13 46 92
13 47 112
13 48 95
13 49 95
13 50 90
13 51 106
13 52 98
13 53 102
13 54 100
13 55 105
13 56 101
13 57 105
13 58 95
13 59 99
13 60 103
13 61 100
13 62 102
13 63 102
13 64 101
13 65 100
13 66 98
13 67 95
13 68 97
13 69 103
13 70 100
13 71 98
13 72 110
13 73 103
13 74 102
13 75 102
13 76 103
13 77 104
13 78 104
13 79 99
14 15 102
14 16 96
14 17 91
14 18 99
14 19 102
14 20 105
14 21 100
14 22 102
14 23 106
14 24 95
14 25 92
14 26 98
14 27 90
14 28 94
14 29 96
14 30 100
14 31 96
14 32 99
14 33 94
14 34 99
14 35 106
14 36 93
14 37 100
14 38 108
14 39 97
14 40 99
14 41 103
14 42 96
14 43 95
14 44 99
14 45 99
14 46 104
14 47 96
14 48 106
14 49 102
14 50 91
14 51 101
14 52 103
14 53 91
14 54 100
14 55 96
14 56 87
14 57 100
14 58 103
14 59 95
14 60 99
14 61 99
14 62 95
14 63 101
14 64 96
14 65 86
14 66 102
14 67 99
14 68 111
14 69 102
14 70 97
14 71 89
14 72 106
14 73 91
14 74 94
14 75 93
14 76 98
14 77 95
14 78 102
14 79 104
15 16 93
15 17 104
15 18 111
15 19 95
15 20 89
15 21 108
15 22 107
15 23 91
15 24 89
15 25 99
15 26 97
15 27 99
15 28 100
15 29 101
15 30 104
15 31 105
15 32 90
15 33 86
15 34 97
15 35 90
15 36 94
15 37 100
15 38 104
15 39 91
15 40 93
15 41 94
15 42 104
15 43 102
15 44 102
15 45 100
15 46 97
15 47 107
15 48 98
15 49 93
15 50 97
15 51 94
15 52 102
15 53 102
15 54 110
15 55 100
15 56 103
15 57 100
15 58 99
15 59 95
15 60 106
15 61 94
15 62 104
15 63 107
15 64 106
15 65 97
15 66 98
15 67 103
15 68 96
15 69 101
15 70 105
15 71 94
15 72 98
15 73 97
15 74 98
15 75 105
15 76 102
15 77 101
15 78 102
15 79 96
16 17 105
16 18 98
16 19 87
16 20 96
16 21 109
16 22 107
16 23 112
16 24 101
16 25 90
16 26 96
16 27 101
16 28 102
16 29 91
16 30 103
16 31 105
16 32 105
16 33 84
16 34 95
16 35 99
16 36 101
16 37 95
16 38 97
16 39 102
16 40 106
16 41 91
16 42 103
16 43 110
16 44 101
16 45 102
16 46 91
16 47 102
16 48 100
16 49 100
16 50 104
16 51 101
16 52 106
16 53 104
16 54 107
16 55 100
16 56 103
16 57 93
16 58 102
16 59 95
16 60 99
16 61 101
16 62 108
16 63 99
16 64 103
16 65 99
16 66 101
16 67 99
16 68 105
16 69 91
16 70 101
16 71 108
16 72 101
16 73 102
16 74 95
16 75 97
16 76 91
16 77 102
16 78 98
16 79 99
17 18 101
17 19 107
17 20 91
17 21 107
17 22 100
17 23 98
17 24 99
17 25 105
17 26 99
17 27 96
17 28 101
17 29 97
17 30 102
17 31 100
17 32 104
17 33 98
17 34 102
17 35 93
17 36 100
17 37 103
17 38 93
17 39 95
17 40 92
17 41 106
17 42 90
17 43 92
17 44 94
17 45 102
17 46 98
17 47 97
17 48 102
17 49 102
17 50 101
17 51 100
17 52 96
17 53 104
17 54 99
17 55 99
17 56 102
17 57 104
17 58 93
17 59 100
17 60 106
17 61 96
17 62 102
17 63 99
17 64 109
17 65 104
17 66 101
17 67 99
17 68 98
17 69 106
17 70 99
17 71 101
17 72 89
17 73 94
17 74 90
17 75 98
17 76 98
17 77 97
17 78 107
17 79 107
18 19 97
18 20 99
18 21 96
18 22 93
18 23 94
18 24 93
18 25 99
18 26 94
18 27 98
18 28 101
18 29 106
18 30 102
18 31 102
18 32 100
18 33 98
18 34 92
18 35 99
18 36 103
18 37 99
18 38 95
18 39 98
18 40 91
18 41 98
18 42 105
18 43 100
18 44 95
18 45 93
18 46 104
18 47 100
18 48 99
18 49 98
18 50 98
18 51 94
18 52 98
18 53 98
18 54 101
18 55 92
18 56 101
18 57 101
18 58 100
18 59 100
18 60 100
18 61 109
18 62 95
18 63 101
18 64 93
18 65 98
18 66 98
18 67 114
18 68 109
18 69 99
18 70 97
18 71 93
18 72 109
18 73 100
18 74 101
18 75 102
18 76 100
18 77 104
18 78 97
18 79 100
19 20 95
19 21 96
19 22 103
19 23 91
19 24 107
19 25 102
19 26 93
19 27 93
19 28 103
19 29 97
19 30 109
19 31 105
19 32 105
19 33 96
19 34 99
19 35 99
19 36 96
19 37 102
19 38 95
19 39 99
19 40 89
19 41 101
19 42 103
19 43 98
19 44 97
19 45 99
19 46 106
19 47 103
19 48 104
19 49 103
19 50 93
19 51 99
19 52 98
19 53 93
19 54 98
19 55 101
19 56 103
19 57 99
19 58 102
19 59 101
19 60 101
19 61 103
19 62 107
19 63 88
19 64 100
19 65 101
19 66 89
19 67 100
19 68 99
19 69 103
19 70 103
19 71 108
19 72 105
19 73 93
19 74 96
19 75 111
19 76 99
19 77 100
19 78 102
19 79 104
20 21 107
20 22 98
20 23 101
20 24 103
20 25 101
20 26 96
20 27 103
20 28 104
20 29 103
20 30 102
20 31 110
20 32 96
20 33 101
20 34 97
20 35 95
20 36 97
20 37 103
20 38 99
20 39 94
20 40 100
20 41 97
20 42 101
20 43 92
20 44 101
20 45 92
20 46 105
20 47 101
20 48 98
20 49 99
20 50 105
20 51 99
20 52 107
20 53 93
20 54 94
20 55 95
20 56 102
20 57 99
20 58 97
20 59 109
20 60 99
20 61 99
20 62 107
20 63 91
20 64 96
20 65 107
20 66 104
20 67 89
20 68 95
20 69 104
20 70 90
20 71 91
20 72 98
20 73 96
20 74 113
20 75 96
20 76 101
20 77 97
20 78 103
20 79 88
21 22 93
21 23 105
21 24 91
21 25 94
21 26 100
21 27 107
21 28 107
21 29 104
21 30 100
21 31 106
21 32 100
21 33 100
21 34 101
21 35 95
21 36 103
21 37 94
21 38 108
21 39 97
21 40 97
21 41 104
21 42 95
21 43 102
21 44 101
21 45 109
21 46 102
21 47 92
21 48 95
21 49 98
21 50 89
21 51 104
21 52 102
21 53 105
21 54 95
21 55 100
21 56 107
21 57 104
21 58 103
21 59 97
21 60 105
21 61 105
21 62 99
21 63 99
21 64 93
21 65 100
21 66 110
21 67 93
21 68 106
21 69 103
21 70 97
21 71 106
21 72 96
21 73 90
21 74 100
21 75 104
21 76 101
21 77 109
21 78 93
21 79 106
22 23 99
22 24 102
22 25 102
22 26 97
22 27 100
22 28 101
22 29 96
22 30 104
22 31 102
22 32 91
22 33 104
22 34 93
22 35 96
22 36 103
22 37 91
22 38 104
22 39 98
22 40 95
22 41 98
22 42 110
22 43 100
22 44 101
22 45 94
22 46 104
22 47 104
22 48 108
22 49 96
22 50 98
22 51 94
22 52 99
22 53 93
22 54 95
22 55 97
22 56 103
22 57 96
22 58 106
22 59 96
22 60 104
22 61 102
22 62 97
22 63 103
22 64 95
22 65 107
22 66 93
22 67 95
22 68 106
22 69 104
22 70 98
22 71 92
22 72 106
22 73 96
22 74 89
22 75 99
22 76 99
22 77 108
22 78 97
22 79 112
23 24 87
23 25 95
23 26 90
23 27 100
23 28 104
23 29 99
23 30 91
23 31 105
23 32 95
23 33 99
23 34 111
23 35 93
23 36 93
23 37 99
23 38 99
23 39 96
23 40 111
23 41 102
23 42 103
23 43 96
23 44 105
23 45 94
23 46 98
23 47 98
23 48 94
23 49 106
23 50 99
23 51 97
23 52 93
23 53 106
23 54 100
23 55 101
23 56 89
23 57 100
23 58 109
23 59 95
23 60 100
23 61 102
23 62 107
23 63 99
23 64 96
23 65 93
23 66 98
23 67 100
23 68 95
23 69 102
23 70 102
23 71 95
23 72 102
23 73 99
23 74 105
23 75 100
23 76 98
23 77 87
23 78 101
23 79 101
24 25 101
24 26 107
24 27 103
24 28 93
24 29 94
24 30 102
24 31 99
24 32 95
24 33 96
24 34 101
24 35 101
24 36 91
24 37 100
24 38 96
24 39 100
24 40 100
24 41 107
24 42 105
24 43 99
24 44 96
24 45 94
24 46 83
24 47 107
24 48 99
24 49 99
24 50 108
24 51 90
24 52 95
24 53 98
24 54 100
24 55 98
24 56 97
24 57 101
24 58 108
24 59 101
24 60 95
24 61 93
24 62 103
24 63 103
24 64 97
24 65 104
24 66 98
24 67 102
24 68 90
24 69 102
24 70 107
24 71 103
24 72 94
24 73 105
24 74 96
24 75 94
24 76 102
24 77 107
24 78 107
24 79 98
25 26 94
25 27 102
25 28 95
25 29 102
25 30 104
25 31 103
25 32 94
25 33 98
25 34 104
25 35 100
25 36 102
25 37 100
25 38 102
25 39 99
25 40 99
25 41 115
25 42 102
25 43 104
25 44 91
25 45 102
25 46 91
25 47 94
25 48 102
25 49 97
25 50 94
25 51 104
25 52 99
25 53 98
25 54 100
25 55 99
25 56 97
25 57 94
25 58 99
25 59 106
25 60 109
25 61 99
25 62 94
25 63 107
25 64 94
25 65 94
25 66 99
25 67 97
25 68 99
25 69 106
25 70 104
25 71 97
25 72 106
25 73 92
25 74 96
25 75 94
25 76 107
25 77 100
25 78 104
25 79 94
26 27 107
26 28 101
26 29 97
26 30 106
26 31 104
26 32 104
26 33 109
26 34 101
26 35 107
26 36 90
26 37 101
26 38 103
26 39 107
26 40 98
26 41 108
26 42 105
26 43 104
26 44 90
26 45 103
26 46 98
26 47 99
26 48 98
26 49 101
26 50 100
26 51 104
26 52 98
26 53 95
26 54 100
26 55 102
26 56 105
26 57 90
26 58 94
26 59 91
26 60 100
26 61 98
26 62 97
26 63 98
26 64 95
26 65 108
26 66 100
26 67 101
26 68 101
26 69 98
26 70 97
26 71 101
26 72 99
26 73 93
26 74 95
26 75 92
26 76 115
26 77 96
26 78 93
26 79 97
27 28 97
27 29 115
27 30 94
27 31 99
27 32 108
27 33 111
27 34 100
27 35 98
27 36 98
27 37 103
27 38 104
27 39 95
27 40 104
27 41 100
27 42 98
27 43 98
27 44 95
27 45 107
27 46 95
27 47 90
27 48 103
27 49 97
27 50 100
27 51 99
27 52 94
27 53 102
27 54 93
27 55 105
27 56 102
27 57 100
27 58 106
27 59 98
27 60 103
27 61 101
27 62 107
27 63 99
27 64 97
27 65 112
27 66 103
27 67 104
27 68 97
27 69 107
27 70 97
27 71 101
27 72 95
27 73 94
27 74 96
27 75 90
27 76 91
27 77 95
27 78 99
27 79 101
28 29 100
28 30 105
28 31 95
28 32 102
28 33 95
28 34 95
28 35 96
28 36 106
28 37 101
28 38 99
28 39 107
28 40 101
28 41 97
28 42 93
28 43 98
28 44 98
28 45 94
28 46 104
28 47 108
28 48 96
28 49 96
28 50 104
28 51 105
28 52 94
28 53 103
28 54 104
28 55 97
28 56 98
28 57 98
28 58 100
28 59 106
28 60 95
28 61 90
28 62 96
28 63 99
28 64 101
28 65 96
28 66 101
28 67 104
28 68 107
28 69 93
28 70 93
28 71 102
28 72 95
28 73 101
28 74 108
28 75 96
28 76 98
28 77 93
28 78 103
28 79 102
29 30 103
29 31 98
29 32 110
29 33 97
29 34 101
29 35 107
29 36 105
29 37 100
29 38 94
29 39 106
29 40 99
29 41 104
29 42 98
29 43 97
29 44 94
29 45 95
29 46 93
29 47 92
29 48 99
29 49 93
29 50 89
29 51 101
29 52 99
29 53 95
29 54 97
29 55 95
29 56 101
29 57 111
29 58 105
29 59 95
29 60 96
29 61 92
29 62 107
29 63 94
29 64 97
29 65 101
29 66 107
29 67 99
29 68 95
29 69 102
29 70 100
29 71 99
29 72 99
29 73 101
29 74 95
29 75 105
29 76 101
29 77 102
29 78 100
29 79 102
30 31 104
30 32 104
30 33 97
30 34 103
30 35 106
30 36 101
30 37 108
30 38 99
30 39 112
30 40 108
30 41 101
30 42 92
30 43 95
30 44 101
30 45 92
30 46 98
30 47 96
30 48 98
30 49 89
30 50 104
30 51 96
30 52 104
30 53 102
30 54 97
30 55 107
30 56 98
30 57 94
30 58 95
30 59 110
30 60 97
30 61 104
30 62 95
30 63 97
30 64 104
30 65 99
30 66 103
30 67 103
30 68 100
30 69 110
30 70 113
30 71 98
30 72 97
30 73 98
30 74 94
30 75 103
30 76 97
30 77 92
30 78 98
30 79 96
31 32 103
31 33 96
31 34 102
31 35 103
31 36 98
31 37 102
31 38 98
31 39 102
31 40 98
31 41 96
31 42 103
31 43 103
31 44 107
31 45 99
31 46 91
31 47 103
31 48 108
31 49 102
31 50 94
31 51 101
31 52 98
31 53 96
31 54 97
31 55 97
31 56 95
31 57 91
31 58 95
31 59 102
31 60 104
31 61 93
31 62 102
31 63 99
31 64 100
31 65 93
31 66 103
31 67 105
31 68 101
31 69 98
31 70 91
31 71 102
31 72 99
31 73 99
31 74 104
31 75 103
31 76 97
31 77 93
31 78 95
31 79 100
32 33 99
32 34 96
32 35 97
32 36 102
32 37 96
32 38 93
32 39 101
32 40 97
32 41 95
32 42 97
32 43 97
32 44 100
32 45 109
32 46 102
32 47 98
32 48 96
32 49 104
32 50 107
32 51 99
32 52 95
32 53 98
32 54 97
32 55 105
32 56 99
32 57 107
32 58 102
32 59 98
32 60 107
32 61 94
32 62 108
32 63 101
32 64 101
32 65 88
32 66 88
32 67 97
32 68 91
32 69 96
32 70 100
32 71 97
32 72 104
32 73 102
32 74 101
32 75 96
32 76 103
32 77 96
32 78 101
32 79 101
33 34 103
33 35 96
33 36 101
33 37 103
33 38 97
33 39 106
33 40 103
33 41 96
33 42 95
33 43 98
33 44 96
33 45 100
33 46 106
33 47 94
33 48 95
33 49 109
33 50 94
33 51 98
33 52 98
33 53 95
33 54 112
33 55 102
33 56 95
33 57 100
33 58 102
33 59 103
33 60 106
33 61 98
33 62 100
33 63 92
33 64 97
33 65 101
33 66 97
33 67 88
33 68 96
33 69 94
33 70 101
33 71 99
33 72 100
33 73 102
33 74 105
33 75 95
33 76 101
33 77 95
33 78 93
33 79 90
34 35 102
34 36 103
34 37 98
34 38 100
34 39 97
34 40 96
34 41 102
34 42 98
34 43 106
34 44 98
34 45 98
34 46 101
34 47 96
34 48 99
34 49 98
34 50 99
34 51 95
34 52 99
34 53 96
34 54 102
34 55 92
34 56 100
34 57 103
34 58 100
34 59 96
34 60 96
34 61 100
34 62 98
34 63 101
34 64 89
34 65 96
34 66 92
34 67 89
34 68 102
34 69 95
34 70 109
34 71 90
34 72 93
34 73 89
34 74 100
34 75 99
34 76 108
34 77 102
34 78 99
34 79 97
35 36 98
35 37 104
35 38 95
35 39 101
35 40 99
35 41 108
35 42 106
35 43 109
35 44 98
35 45 98
35 46 103
35 47 102
35 48 99
35 49 102
35 50 107
35 51 96
35 52 101
35 53 105
35 54 99
35 55 100
35 56 97
35 57 97
35 58 110
35 59 101
35 60 112
35 61 86
35 62 90
35 63 98
35 64 98
35 65 104
35 66 106
35 67 105
35 68 107
35 69 99
35 70 99
35 71 100
35 72 105
35 73 102
35 74 110
35 75 112
35 76 108
35 77 89
35 78 102
35 79 104
36 37 96
36 38 99
36 39 96
36 40 96
36 41 103
36 42 98
36 43 104
36 44 96
36 45 103
36 46 94
36 47 103
36 48 100
36 49 95
36 50 97
36 51 94
36 52 103
36 53 100
36 54 98
36 55 93
36 56 101
36 57 99
36 58 104
36 59 93
36 60 94
36 61 97
36 62 82
36 63 97
36 64 95
36 65 97
36 66 96
36 67 98
36 68 104
36 69 98
36 70 104
36 71 103
36 72 95
36 73 99
36 74 93
36 75 99
36 76 90
36 77 100
36 78 100
36 79 100
37 38 107
37 39 87
37 40 109
37 41 96
37 42 101
37 43 103
37 44 112
37 45 97
37 46 106
37 47 103
37 48 92
37 49 99
37 50 105
37 51 97
37 52 105
37 53 99
37 54 95
37 55 98
37 56 94
37 57 98
37 58 103
37 59 95
37 60 110
37 61 108
37 62 97
37 63 107
37 64 100
37 65 96
37 66 93
37 67 97
37 68 93
37 69 92
37 70 99
37 71 103
37 72 99
37 73 97
37 74 108
37 75 99
37 76 95
37 77 107
37 78 93
37 79 100
38 39 103
38 40 99
38 41 109
38 42 95
38 43 109
38 44 105
38 45 100
38 46 90
38 47 97
38 48 91
38 49 97
38 50 102
38 51 99
38 52 108
38 53 105
38 54 93
38 55 93
38 56 99
38 57 96
38 58 99
38 59 105
38 60 94
38 61 103
38 62 92
38 63 109
38 64 103
38 65 104
38 66 108
38 67 93
38 68 103
38 69 98
38 70 96
38 71 100
38 72 107
38 73 103
38 74 102
38 75 82
38 76 107
38 77 101
38 78 97
38 79 102
39 40 100
39 41 94
39 42 92
39 43 98
39 44 107
39 45 105
39 46 105
39 47 99
39 48 97
39 49 98
39 50 103
39 51 103
39 52 95
39 53 100
39 54 99
39 55 107
39 56 106
39 57 96
39 58 101
39 59 98
39 60 101
39 61 100
39 62 100
39 63 98
39 64 103
39 65 94
39 66 99
39 67 100
39 68 98
39 69 94
39 70 105
39 71 94
39 72 103
39 73 102
39 74 97
39 75 94
39 76 95
39 77 100
39 78 100
39 79 104
40 41 95
40 42 100
40 43 110
40 44 98
40 45 103
40 46 105
40 47 106
40 48 101
40 49 99
40 50 99
40 51 99
40 52 91
40 53 97
40 54 103
40 55 103
40 56 95
40 57 101
40 58 103
40 59 95
40 60 103
40 61 106
40 62 93
40 63 103
40 64 100
40 65 94
40 66 98
40 67 107
40 68 100
40 69 99
40 70 103
40 71 102
40 72 114
40 73 107
40 74 106
40 75 101
40 76 101
40 77 105
40 78 105
40 79 91
41 42 102
41 43 97
41 44 95
41 45 93
41 46 89
41 47 99
41 48 99
41 49 106
41 50 102
41 51 103
41 52 106
41 53 104
41 54 96
41 55 102
41 56 91
41 57 102
41 58 96
41 59 98
41 60 96
41 61 100
41 62 103
41 63 101
41 64 85
41 65 98
41 66 98
41 67 110
41 68 99
41 69 101
41 70 99
41 71 96
41 72 96
41 73 104
41 74 100
41 75 106
41 76 100
41 77 95
41 78 104
41 79 97
42 43 100
42 44 94
42 45 105
42 46 103
42 47 97
42 48 97
42 49 103
42 50 105
42 51 100
42 52 100
42 53 100
42 54 97
42 55 106
42 56 98
42 57 91
42 58 100
42 59 98
42 60 93
42 61 94
42 62 93
42 63 111
42 64 108
42 65 101
42 66 95
42 67 106
42 68 105
42 69 106
42 70 101
42 71 96
42 72 104
42 73 97
42 74 109
42 75 117
42 76 102
42 77 99
42 78 104
42 79 106
43 44 103
43 45 95
43 46 97
43 47 112
43 48 100
43 49 99
43 50 100
43 51 116
43 52 93
43 53 94
43 54 105
43 55 103
43 56 100
43 57 99
43 58 99
43 59 95
43 60 109
43 61 96
43 62 101
43 63 96
43 64 98
43 65 108
43 66 103
43 67 94
43 68 111
43 69 97
43 70 111
43 71 92
43 72 87
43 73 100
43 74 101
43 75 98
43 76 98
43 77 94
43 78 94
43 79 104
44 45 104
44 46 103
44 47 103
44 48 102
44 49 102
44 50 99
44 51 100
44 52 106
44 53 96
44 54 100
44 55 103
44 56 99
44 57 99
44 58 111
44 59 102
44 60 97
44 61 106
44 62 90
44 63 96
44 64 97
44 65 96
44 66 101
44 67 95
44 68 94
44 69 90
44 70 104
44 71 102
44 72 98
44 73 102
44 74 102
44 75 106
44 76 104
44 77 97
44 78 95
44 79 103
45 46 103
45 47 98
45 48 98
45 49 94
45 50 98
45 51 99
45 52 100
45 53 97
45 54 96
45 55 101
45 56 103
45 57 93
45 58 106
45 59 99
45 60 98
45 61 100
45 62 95
45 63 93
45 64 97
45 65 107
45 66 95
45 67 103
45 68 96
45 69 101
45 70 97
45 71 96
45 72 103
45 73 110
45 74 104
45 75 97
45 76 99
45 77 96
45 78 98
45 79 103
46 47 91
46 48 98
46 49 98
46 50 103
46 51 111
46 52 92
46 53 92
46 54 102
46 55 97
46 56 99
46 57 99
46 58 102
46 59 99
46 60 90
46 61 99
46 62 100
46 63 95
46 64 106
46 65 98
46 66 90
46 67 104
46 68 107
46 69 103
46 70 100
46 71 97
46 72 105
46 73 97
46 74 91
46 75 97
46 76 97
46 77 94
46 78 100
46 79 109
47 48 112
47 49 103
47 50 93
47 51 91
47 52 94
47 53 93
47 54 98
47 55 104
47 56 104
47 57 94
47 58 104
47 59 96
47 60 106
47 61 103
47 62 103
47 63 98
47 64 92
47 65 97
47 66 97
47 67 106
47 68 89
47 69 96
47 70 89
47 71 97
47 72 99
47 73 98
47 74 96
47 75 102
47 76 96
47 77 107
47 78 93
47 79 97
48 49 95
48 50 100
48 51 97
48 52 95
48 53 100
48 54 95
48 55 103
48 56 99
48 57 107
48 58 104
48 59 111
48 60 104
48 61 101
48 62 99
48 63 90
48 64 100
48 65 102
48 66 105
48 67 104
48 68 110
48 69 104
48 70 99
48 71 94
48 72 103
48 73 96
48 74 96
48 75 106
48 76 94
48 77 104
48 78 101
48 79 102
49 50 103
49 51 99
49 52 107
49 53 98
49 54 100
49 55 104
49 56 99
49 57 103
49 58 101
49 59 99
49 60 93
49 61 101
49 62 102
49 63 95
49 64 104
49 65 99
49 66 95
49 67 98
49 68 102
49 69 97
49 70 100
49 71 106
49 72 100
49 73 92
49 74 98
49 75 99
49 76 104
49 77 105
49 78 96
49 79 102
50 51 101
50 52 91
50 53 101
50 54 95
50 55 104
50 56 107
50 57 91
50 58 105
50 59 105
50 60 106
50 61 92
50 62 95
50 63 103
50 64 100
50 65 101
50 66 100
50 67 91
50 68 98
50 69 103
50 70 103
50 71 104
50 72 98
50 73 98
50 74 102
50 75 106
50 76 100
50 77 90
50 78 105
50 79 95
51 52 111
51 53 97
51 54 108
51 55 99
51 56 92
51 57 105
51 58 99
51 59 102
51 60 96
51 61 97
51 62 102
51 63 102
51 64 101
51 65 103
51 66 97
51 67 98
51 68 94
51 69 97
51 70 94
51 71 101
51 72 108
51 73 105
51 74 95
51 75 91
51 76 98
51 77 104
51 78 91
51 79 99
52 53 100
52 54 103
52 55 100
52 56 106
52 57 100
52 58 91
52 59 100
52 60 97
52 61 106
52 62 100
52 63 99
52 64 95
52 65 101
52 66 101
52 67 93
52 68 101
52 69 101
52 70 102
52 71 101
52 72 101
52 73 99
52 74 96
52 75 98
52 76 103
52 77 95
52 78 99
52 79 97
53 54 101
53 55 92
53 56 104
53 57 94
53 58 96
53 59 102
53 60 99
53 61 104
53 62 102
53 63 103
53 64 100
53 65 102
53 66 97
53 67 104
53 68 95
53 69 100
53 70 109
53 71 103
53 72 103
53 73 100
53 74 103
53 75 101
53 76 111
53 77 102
53 78 105
53 79 103
54 55 95
54 56 104
54 57 91
54 58 103
54 59 97
54 60 99
54 61 102
54 62 101
54 63 89
54 64 96
54 65 107
54 66 101
54 67 109
54 68 92
54 69 106
54 70 108
54 71 106
54 72 92
54 73 92
54 74 97
54 75 103
54 76 94
54 77 93
54 78 102
54 79 93
55 56 96
55 57 95
55 58 100
55 59 100
55 60 101
55 61 93
55 62 101
55 63 93
55 64 100
55 65 109
55 66 106
55 67 94
55 68 101
55 69 96
55 70 110
55 71 99
55 72 97
55 73 98
55 74 89
55 75 97
55 76 101
55 77 103
55 78 89
55 79 101
56 57 99
56 58 103
56 59 91
56 60 95
56 61 100
56 62 102
56 63 92
56 64 98
56 65 95
56 66 105
56 67 91
56 68 97
56 69 100
56 70 98
56 71 101
56 72 109
56 73 94
56 74 95
56 75 103
56 76 100
56 77 105
56 78 92
56 79 90
57 58 105
57 59 96
57 60 104
57 61 93
57 62 87
57 63 101
57 64 98
57 65 102
57 66 97
57 67 108
57 68 97
57 69 105
57 70 98
57 71 100
57 72 105
57 73 96
57 74 98
57 75 102
57 76 96
57 77 95
57 78 100
57 79 99
58 59 101
58 60 94
58 61 99
58 62 99
58 63 98
58 64 97
58 65 100
58 66 103
58 67 93
58 68 101
58 69 98
58 70 87
58 71 103
58 72 87
58 73 96
58 74 105
58 75 107
58 76 104
58 77 92
58 78 98
58 79 90
59 60 104
59 61 100
59 62 96
59 63 101
59 64 98
59 65 95
59 66 94
59 67 103
59 68 104
59 69 101
59 70 101
59 71 97
59 72 96
59 73 92
59 74 96
59 75 98
59 76 96
59 77 106
59 78 102
59 79 102
60 61 100
60 62 100
60 63 106
60 64 94
60 65 93
60 66 93
60 67 94
60 68 100
60 69 113
60 70 99
60 71 105
60 72 97
60 73 95
60 74 93
60 75 98
60 76 102
60 77 97
60 78 96
60 79 97
61 62 96
61 63 104
61 64 96
61 65 91
61 66 99
61 67 99
61 68 104
61 69 99
61 70 111
61 71 95
61 72 101
61 73 97
61 74 99
61 75 100
61 76 102
61 77 103
61 78 97
61 79 95
62 63 102
62 64 94
62 65 93
62 66 91
62 67 99
62 68 99
62 69 101
62 70 95
62 71 104
62 72 97
62 73 97
62 74 93
62 75 93
62 76 88
62 77 100
62 78 90
62 79 95
63 64 94
63 65 102
63 66 99
63 67 95
63 68 95
63 69 111
63 70 98
63 71 96
63 72 93
63 73 95
63 74 94
63 75 95
63 76 101
63 77 94
63 78 95
63 79 100
64 65 96
64 66 83
64 67 97
64 68 105
64 69 100
64 70 102
64 71 103
64 72 102
64 73 107
64 74 97
64 75 95
64 76 104
64 77 98
64 78 100
64 79 103
65 66 98
65 67 103
65 68 100
65 69 98
65 70 105
65 71 111
65 72 102
65 73 100
65 74 94
65 75 102
65 76 102
65 77 95
65 78 98
65 79 99
66 67 97
66 68 98
66 69 97
66 70 99
66 71 101
66 72 94
66 73 105
66 74 108
66 75 98
66 76 92
66 77 97
66 78 94
66 79 92
67 68 108
67 69 97
67 70 93
67 71 102
67 72 101
67 73 100
67 74 100
67 75 97
67 76 107
67 77 98
67 78 95
67 79 94
68 69 106
68 70 101
68 71 109
68 72 108
68 73 98
68 74 94
68 75 97
68 76 104
68 77 101
68 78 94
68 79 101
69 70 93
69 71 102
69 72 110
69 73 100
69 74 99
69 75 91
69 76 95
69 77 93
69 78 97
69 79 104
70 71 103
70 72 107
70 73 96
70 74 103
70 75 102
70 76 99
70 77 106
70 78 102
70 79 105
71 72 95
71 73 99
71 74 100
71 75 102
71 76 100
71 77 106
71 78 94
71 79 111
72 73 97
72 74 102
72 75 108
72 76 103
72 77 90
72 78 99
72 79 95
73 74 99
73 75 100
73 76 94
73 77 100
73 78 108
73 79 102
74 75 98
74 76 104
74 77 104
74 78 99
74 79 98
75 76 106
75 77 101
75 78 92
75 79 97
76 77 96
76 78 97
76 79 103
77 78 93
77 79 100
78 79 103
1
0 1 2 3 4 5 6 7
