3160
0 1 306
0 2 297
0 3 298
0 4 296
0 5 299
0 6 310
0 7 306
0 8 300
0 9 301
0 10 298
0 11 300
0 12 296
0 13 296
0 14 308
0 15 300
0 16 300
0 17 297
0 18 299
0 19 295
0 20 195
0 21 192
0 22 202
0 23 200
0 24 200
0 25 201
0 26 206
0 27 206
0 28 190
0 29 197
0 30 205
0 31 206
0 32 199
0 33 202
0 34 204
0 35 197
0 36 206
0 37 200
0 38 205
0 39 195
0 40 208
0 41 206
0 42 204
0 43 194
0 44 202
0 45 194
0 46 200
0 47 193
0 48 207
0 49 205
0 50 196
0 51 195
0 52 197
0 53 204
0 54 198
0 55 206
0 56 203
0 57 200
0 58 202
0 59 198
0 60 195
0 61 199
0 62 195
0 63 203
0 64 203
0 65 202
0 66 202
0 67 196
0 68 206
0 69 195
0 70 199
0 71 201
0 72 195
0 73 197
0 74 197
0 75 200
0 76 213
0 77 202
0 78 201
0 79 202
1 2 304
1 3 305
1 4 296
1 5 296
1 6 303
1 7 306
1 8 293
1 9 304
1 10 304
1 11 298
1 12 297
1 13 298
1 14 298
1 15 300
1 16 298
1 17 300
1 18 295
1 19 305
1 20 203
1 21 192
1 22 199
1 23 201
1 24 200
1 25 202
1 26 203
1 27 205
1 28 194
1 29 202
1 30 204
1 31 188
1 32 206
1 33 192
1 34 197
1 35 201
1 36 194
1 37 200
1 38 203
1 39 202
1 40 202
1 41 201
1 42 196
1 43 198
1 44 203
1 45 198
1 46 201
1 47 197
1 48 199
1 49 185
1 50 198
1 51 200
1 52 205
1 53 206
1 54 198
1 55 202
1 56 199
1 57 196
1 58 204
1 59 197
1 60 202
1 61 199
1 62 204
1 63 191
1 64 200
1 65 207
1 66 201
1 67 206
1 68 197
1 69 204
1 70 197
1 71 204
1 72 200
1 73 197
1 74 198
1 75 193
1 76 190
1 77 205
1 78 198
1 79 211
2 3 298
2 4 295
2 5 297
2 6 307
2 7 303
2 8 304
2 9 290
2 10 298
2 11 295
2 12 297
2 13 301
2 14 300
2 15 308
2 16 295
2 17 301
2 18 294
2 19 300
2 20 193
2 21 201
2 22 199
2 23 209
2 24 199
2 25 201
2 26 210
2 27 199
2 28 204
2 29 202
2 30 197
2 31 197
2 32 207
2 33 205
2 34 198
2 35 204
2 36 199
2 37 209
2 38 192
2 39 192
2 40 206
2 41 200
2 42 193
2 43 195
2 44 201
2 45 190
2 46 207
2 47 204
2 48 204
2 49 196
2 50 202
2 51 192
2 52 198
2 53 199
2 54 201
2 55 202
2 56 208
2 57 198
2 58 205
2 59 198
2 60 201
2 61 197
2 62 197
2 63 196
2 64 198
2 65 202
2 66 203
2 67 202
2 68 197
2 69 201
2 70 193
2 71 197
2 72 203
2 73 202
2 74 206
2 75 198
2 76 198
2 77 199
2 78 199
2 79 197
3 4 297
3 5 292
3 6 301
3 7 297
3 8 301
3 9 303
3 10 302
3 11 299
3 12 294
3 13 301
3 14 295
3 15 301
3 16 304
3 17 298
3 18 296
3 19 300
3 20 202
3 21 201
3 22 205
3 23 193
3 24 193
3 25 198
3 26 200
3 27 201
3 28 201
3 29 198
3 30 206
3 31 200
3 32 204
3 33 203
3 34 203
3 35 194
3 36 196
3 37 202
3 38 200
3 39 204
3 40 204
3 41 203
3 42 204
3 43 200
3 44 195
3 45 203
3 46 196
3 47 199
3 48 192
3 49 194
3 50 205
3 51 201
3 52 200
3 53 200
3 54 199
3 55 197
3 56 196
3 57 193
3 58 206
3 59 201
3 60 194
3 61 202
3 62 196
3 63 201
3 64 195
3 65 205
3 66 201
3 67 201
3 68 198
3 69 203
3 70 202
3 71 203
3 72 197
3 73 207
3 74 209
3 75 203
3 76 199
3 77 200
3 78 198
3 79 211
4 5 298
4 6 292
4 7 287
4 8 300
4 9 295
4 10 307
4 11 302
4 12 292
4 13 300
4 14 292
4 15 302
4 16 299
4 17 307
4 18 302
4 19 295
4 20 200
4 21 206
4 22 204
4 23 204
4 24 202
4 25 201
4 26 202
4 27 212
4 28 198
4 29 204
4 30 195
4 31 190
4 32 206
4 33 204
4 34 202
4 35 213
4 36 203
4 37 203
4 38 200
4 39 194
4 40 197
4 41 205
4 42 204
4 43 192
4 44 198
4 45 204
4 46 202
4 47 201
4 48 198
4 49 200
4 50 200
4 51 204
4 52 204
4 53 197
4 54 202
4 55 196
4 56 202
4 57 198
4 58 202
4 59 214
4 60 199
4 61 200
4 62 195
4 63 204
4 64 200
4 65 197
4 66 196
4 67 202
4 68 198
4 69 192
4 70 203
4 71 193
4 72 203
4 73 203
4 74 195
4 75 195
4 76 193
4 77 209
4 78 198
4 79 201
5 6 299
5 7 294
5 8 301
5 9 303
5 10 306
5 11 305
5 12 293
5 13 295
5 14 301
5 15 310
5 16 289
5 17 297
5 18 304
5 19 279
5 20 198
5 21 193
5 22 195
5 23 198
5 24 197
5 25 202
5 26 195
5 27 197
5 28 190
5 29 197
5 30 197
5 31 197
5 32 201
5 33 204
5 34 203
5 35 209
5 36 193
5 37 203
5 38 199
5 39 207
5 40 202
5 41 198
5 42 201
5 43 199
5 44 199
5 45 191
5 46 204
5 47 206
5 48 198
5 49 197
5 50 213
5 51 195
5 52 201
5 53 192
5 54 202
5 55 191
5 56 192
5 57 192
5 58 205
5 59 200
5 60 201
5 61 197
5 62 198
5 63 200
5 64 195
5 65 198
5 66 202
5 67 206
5 68 198
5 69 190
5 70 210
5 71 201
5 72 200
5 73 198
5 74 200
5 75 200
5 76 196
5 77 195
5 78 205
5 79 206
6 7 296
6 8 307
6 9 298
6 10 302
6 11 293
6 12 302
6 13 297
6 14 303
6 15 299
6 16 296
6 17 300
6 18 308
6 19 304
6 20 201
6 21 198
6 22 204
6 23 205
6 24 200
6 25 197
6 26 199
6 27 198
6 28 199
6 29 194
6 30 197
6 31 198
6 32 198
6 33 209
6 34 195
6 35 188
6 36 198
6 37 206
6 38 197
6 39 199
6 40 203
6 41 193
6 42 197
6 43 199
6 44 208
6 45 204
6 46 200
6 47 204
6 48 199
6 49 198
6 50 196
6 51 195
6 52 199
6 53 199
6 54 203
6 55 200
6 56 195
6 57 201
6 58 206
6 59 205
6 60 202
6 61 201
6 62 198
6 63 192
6 64 191
6 65 193
6 66 199
6 67 204
6 68 205
6 69 191
6 70 199
6 71 195
6 72 197
6 73 193
6 74 198
6 75 189
6 76 201
6 77 197
6 78 197
6 79 193
7 8 293
7 9 293
7 10 299
7 11 302
7 12 297
7 13 298
7 14 297
7 15 302
7 16 300
7 17 299
7 18 292
7 19 300
7 20 196
7 21 197
7 22 202
7 23 194
7 24 200
7 25 190
7 26 198
7 27 192
7 28 209
7 29 203
7 30 196
7 31 207
7 32 197
7 33 200
7 34 196
7 35 205
7 36 191
7 37 206
7 38 209
7 39 203
7 40 197
7 41 192
7 42 194
7 43 198
7 44 202
7 45 190
7 46 196
7 47 201
7 48 204
7 49 211
7 50 193
7 51 193
7 52 203
7 53 196
7 54 197
7 55 196
7 56 205
7 57 192
7 58 193
7 59 206
7 60 202
7 61 206
7 62 197
7 63 199
7 64 195
7 65 202
7 66 191
7 67 202
7 68 199
7 69 197
7 70 215
7 71 194
7 72 199
7 73 191
7 74 200
7 75 202
7 76 197
7 77 206
7 78 208
7 79 196
8 9 295
8 10 294
8 11 292
8 12 305
8 13 295
8 14 300
8 15 294
8 16 291
8 17 302
8 18 306
8 19 301
8 20 195
8 21 197
8 22 189
8 23 198
8 24 201
8 25 199
8 26 202
8 27 204
8 28 199
8 29 202
8 30 195
8 31 207
8 32 195
8 33 205
8 34 196
8 35 197
8 36 203
8 37 195
8 38 206
8 39 202
8 40 208
8 41 207
8 42 201
8 43 197
8 44 201
8 45 198
8 46 199
8 47 190
8 48 203
8 49 199
8 50 201
8 51 207
8 52 200
8 53 204
8 54 191
8 55 203
8 56 193
8 57 202
8 58 201
8 59 195
8 60 211
8 61 195
8 62 201
8 63 199
8 64 195
8 65 200
8 66 197
8 67 195
8 68 195
8 69 196
8 70 206
8 71 189
8 72 204
8 73 202
8 74 204
8 75 205
8 76 191
8 77 196
8 78 200
8 79 195
9 10 301
9 11 300
9 12 294
9 13 297
9 14 293
9 15 298
9 16 311
9 17 310
9 18 296
9 19 298
9 20 198
9 21 201
9 22 198
9 23 202
9 24 201
9 25 209
9 26 197
9 27 203
9 28 186
9 29 196
9 30 203
9 31 200
9 32 200
9 33 196
9 34 200
9 35 207
9 36 198
9 37 197
9 38 207
9 39 196
9 40 194
9 41 209
9 42 199
9 43 201
9 44 197
9 45 199
9 46 192
9 47 192
9 48 200
9 49 205
9 50 206
9 51 199
9 52 203
9 53 184
9 54 198
9 55 195
9 56 198
9 57 205
9 58 201
9 59 197
9 60 203
9 61 198
9 62 201
9 63 197
9 64 202
9 65 197
9 66 193
9 67 194
9 68 203
9 69 201
9 70 200
9 71 200
9 72 195
9 73 192
9 74 195
9 75 199
9 76 201
9 77 204
9 78 199
9 79 199
10 11 295
10 12 301
10 13 301
10 14 306
10 15 302
10 16 291
10 17 301
10 18 296
10 19 299
10 20 196
10 21 201
10 22 198
10 23 198
10 24 207
10 25 198
10 26 196
10 27 206
10 28 202
10 29 198
10 30 201
10 31 195
10 32 199
10 33 202
10 34 199
10 35 204
10 36 206
10 37 197
10 38 199
10 39 195
10 40 195
10 41 191
10 42 190
10 43 191
10 44 200
10 45 207
10 46 199
10 47 193
10 48 201
10 49 204
10 50 201
10 51 202
10 52 193
10 53 206
10 54 204
10 55 196
10 56 195
10 57 192
10 58 205
10 59 199
10 60 203
10 61 198
10 62 204
10 63 201
10 64 192
10 65 199
10 66 195
10 67 195
10 68 194
10 69 198
10 70 198
10 71 199
10 72 199
10 73 197
10 74 199
10 75 201
10 76 205
10 77 198
10 78 195
10 79 203
11 12 301
11 13 296
11 14 297
11 15 295
11 16 300
11 17 297
11 18 295
11 19 304
11 20 196
11 21 198
11 22 203
11 23 203
11 24 191
11 25 194
11 26 211
11 27 200
11 28 198
11 29 195
11 30 196
11 31 194
11 32 201
11 33 200
11 34 199
11 35 206
11 36 199
11 37 196
11 38 205
11 39 197
11 40 193
11 41 198
11 42 198
11 43 190
11 44 201
11 45 195
11 46 202
11 47 198
11 48 196
11 49 201
11 50 199
11 51 194
11 52 192
11 53 195
11 54 206
11 55 196
11 56 199
11 57 203
11 58 199
11 59 199
11 60 198
11 61 203
11 62 198
11 63 194
11 64 203
11 65 199
11 66 198
11 67 199
11 68 198
11 69 203
11 70 199
11 71 205
11 72 200
11 73 198
11 74 198
11 75 200
11 76 194
11 77 188
11 78 202
11 79 199
12 13 302
12 14 294
12 15 303
12 16 294
12 17 299
12 18 302
12 19 295
12 20 194
12 21 207
12 22 199
12 23 209
12 24 208
12 25 196
12 26 194
12 27 200
12 28 194
12 29 202
12 30 204
12 31 192
12 32 203
12 33 193
12 34 204
12 35 198
12 36 198
12 37 203
12 38 195
12 39 197
12 40 199
12 41 199
12 42 202
12 43 199
12 44 204
12 45 203
12 46 193
12 47 199
12 48 199
12 49 191
12 50 202
12 51 191
12 52 205
12 53 199
12 54 206
12 55 193
12 56 201
12 57 190
12 58 206
12 59 200
12 60 202
12 61 196
12 62 200
12 63 197
12 64 200
12 65 199
12 66 190
12 67 199
12 68 204
12 69 190
12 70 193
12 71 211
12 72 204
12 73 202
12 74 199
12 75 191
12 76 198
12 77 197
12 78 202
12 79 199
13 14 300
13 15 302
13 16 303
13 17 301
13 18 295
13 19 295
13 20 196
13 21 204
13 22 199
13 23 198
13 24 211
13 25 213
13 26 207
13 27 201
13 28 199
13 29 199
13 30 201
13 31 203
13 32 192
13 33 203
13 34 189
13 35 199
13 36 196
13 37 206
13 38 197
13 39 192
13 40 188
13 41 204
13 42 205
13 43 197
13 44 201
13 45 195
13 46 197
13 47 192
13 48 197
13 49 202
13 50 193
13 51 201
13 52 204
13 53 197
13 54 201
13 55 205
13 56 200
13 57 191
13 58 200
13 59 195
13 60 207
13 61 202
13 62 196
13 63 192
13 64 198
13 65 193
13 66 198
13 67 197
13 68 202
13 69 200
13 70 203
13 71 194
13 72 207
13 73 197
13 74 201
13 75 209
13 76 202
13 77 208
13 78 187
13 79 210
14 15 291
14 16 297
14 17 304
14 18 299
14 19 288
14 20 196
14 21 203
14 22 200
14 23 196
14 24 194
14 25 198
14 26 204
14 27 203
14 28 199
14 29 195
14 30 201
14 31 197
14 32 201
14 33 201
14 34 209
14 35 195
14 36 198
14 37 193
14 38 199
14 39 195
14 40 187
14 41 201
14 42 200
14 43 197
14 44 197
14 45 203
14 46 206
14 47 201
14 48 197
14 49 206
14 50 202
14 51 201
14 52 195
14 53 199
14 54 197
14 55 205
14 56 204
14 57 202
14 58 210
14 59 201
14 60 195
14 61 201
14 62 200
14 63 196
14 64 207
14 65 190
14 66 202
14 67 198
14 68 201
14 69 199
14 70 198
14 71 202
14 72 206
14 73 202
14 74 202
14 75 197
14 76 195
14 77 203
14 78 198
14 79 191
15 16 301
15 17 296
15 18 298
15 19 297
15 20 199
15 21 187
15 22 203
15 23 193
15 24 202
15 25 198
15 26 193
15 27 205
15 28 197
15 29 197
15 30 207
15 31 202
15 32 194
15 33 184
15 34 196
15 35 203
15 36 204
15 37 201
15 38 196
15 39 214
15 40 183
15 41 199
15 42 205
15 43 209
15 44 196
15 45 207
15 46 196
15 47 196
15 48 193
15 49 197
15 50 191
15 51 205
15 52 196
15 53 195
15 54 200
15 55 200
15 56 199
15 57 191
15 58 196
15 59 198
15 60 197
15 61 196
15 62 201
15 63 197
15 64 198
15 65 204
15 66 206
15 67 200
15 68 204
15 69 204
15 70 192
15 71 203
15 72 196
15 73 205
15 74 205
15 75 201
15 76 200
15 77 193
15 78 210
15 79 192
16 17 303
16 18 303
16 19 295
16 20 197
16 21 198
16 22 196
16 23 198
16 24 191
16 25 192
16 26 199
16 27 205
16 28 201
16 29 193
16 30 196
16 31 201
16 32 202
16 33 199
16 34 199
16 35 198
16 36 202
16 37 210
16 38 187
16 39 196
16 40 211
16 41 204
16 42 200
16 43 197
16 44 201
16 45 192
16 46 205
16 47 198
16 48 197
16 49 202
16 50 202
16 51 206
16 52 204
16 53 200
16 54 193
16 55 197
16 56 196
16 57 190
16 58 203
16 59 195
16 60 197
16 61 198
16 62 193
16 63 205
16 64 195
16 65 201
16 66 205
16 67 191
16 68 201
16 69 197
16 70 194
16 71 201
16 72 195
16 73 207
16 74 194
16 75 206
16 76 200
16 77 197
16 78 193
16 79 203
17 18 304
17 19 293
17 20 196
17 21 205
17 22 201
17 23 197
17 24 213
17 25 199
17 26 203
17 27 199
17 28 199
17 29 198
17 30 201
17 31 206
17 32 207
17 33 198
17 34 195
17 35 201
17 36 204
17 37 205
17 38 205
17 39 197
17 40 203
17 41 203
17 42 203
17 43 205
17 44 202
17 45 192
17 46 193
17 47 199
17 48 192
17 49 200
17 50 198
17 51 206
17 52 196
17 53 189
17 54 203
17 55 203
17 56 203
17 57 193
17 58 191
17 59 197
17 60 197
17 61 199
17 62 198
17 63 197
17 64 194
17 65 201
17 66 195
17 67 201
17 68 201
17 69 195
17 70 191
17 71 206
17 72 197
17 73 200
17 74 200
17 75 205
17 76 194
17 77 193
17 78 190
17 79 192
18 19 299
18 20 201
18 21 202
18 22 194
18 23 202
18 24 197
18 25 200
18 26 211
18 27 205
18 28 208
18 29 200
18 30 191
18 31 203
18 32 206
18 33 195
18 34 196
18 35 200
18 36 196
18 37 206
18 38 191
18 39 191
18 40 198
18 41 200
18 42 204
18 43 199
18 44 204
18 45 197
18 46 198
18 47 202
18 48 201
18 49 202
18 50 207
18 51 201
18 52 200
18 53 204
18 54 196
18 55 198
18 56 189
18 57 205
18 58 200
18 59 201
18 60 189
18 61 199
18 62 204
18 63 201
18 64 188
18 65 187
18 66 200
18 67 209
18 68 200
18 69 205
18 70 196
18 71 200
18 72 199
18 73 207
18 74 195
18 75 198
18 76 199
18 77 203
18 78 200
18 79 203
19 20 204
19 21 190
19 22 199
19 23 203
19 24 198
19 25 199
19 26 198
19 27 206
19 28 201
19 29 199
19 30 201
19 31 194
19 32 207
19 33 203
19 34 204
19 35 196
19 36 193
19 37 194
19 38 196
19 39 209
19 40 195
19 41 203
19 42 202
19 43 197
19 44 201
19 45 201
19 46 194
19 47 197
19 48 197
19 49 204
19 50 192
19 51 201
19 52 200
19 53 206
19 54 202
19 55 203
19 56 202
19 57 198
19 58 194
19 59 189
19 60 202
19 61 192
19 62 192
19 63 209
19 64 196
19 65 198
19 66 204
19 67 201
19 68 200
19 69 205
19 70 197
19 71 192
19 72 194
19 73 201
19 74 197
19 75 197
19 76 198
19 77 198
19 78 184
19 79 205
20 21 103
20 22 95
20 23 95
20 24 99
20 25 90
20 26 100
20 27 99
20 28 103
20 29 100
20 30 101
20 31 103
20 32 103
20 33 97
20 34 103
20 35 99
20 36 107
20 37 97
20 38 92
20 39 92
20 40 99
20 41 101
20 42 95
20 43 97
20 44 94
20 45 102
20 46 95
20 47 102
20 48 98
20 49 94
20 50 103
20 51 96
20 52 100
20 53 97
20 54 98
20 55 95
20 56 100
20 57 101
20 58 110
20 59 101
20 60 102
20 61 100
20 62 99
20 63 108
20 64 105
20 65 98
20 66 100
20 67 98
20 68 101
20 69 104
20 70 105
20 71 98
20 72 104
20 73 108
20 74 91
20 75 108
20 76 99
20 77 102
20 78 110
20 79 97
21 22 97
21 23 95
21 24 92
21 25 100
21 26 100
21 27 93
21 28 116
21 29 102
21 30 101
21 31 90
21 32 104
21 33 101
21 34 96
21 35 105
21 36 104
21 37 93
21 38 96
21 39 97
21 40 107
21 41 91
21 42 94
21 43 105
21 44 100
21 45 102
21 46 101
21 47 101
21 48 98
21 49 98
21 50 100
21 51 104
21 52 98
21 53 87
21 54 94
21 55 90
21 56 97
21 57 93
21 58 107
21 59 95
21 60 97
21 61 93
21 62 103
21 63 95
21 64 96
21 65 98
21 66 101
21 67 95
21 68 97
21 69 90
21 70 105
21 71 104
21 72 106
21 73 93
21 74 101
21 75 97
21 76 95
21 77 104
21 78 96
21 79 102
22 23 92
22 24 97
22 25 93
22 26 96
22 27 98
22 28 102
22 29 109
22 30 98
22 31 95
22 32 113
22 33 98
22 34 95
22 35 100
22 36 89
22 37 105
22 38 91
22 39 105
22 40 104
22 41 92
22 42 93
22 43 103
22 44 101
22 45 87
22 46 98
22 47 98
22 48 94
22 49 91
22 50 103
22 51 92
22 52 108
22 53 93
22 54 110
22 55 104
22 56 100
22 57 104
22 58 94
22 59 101
22 60 99
22 61 96
22 62 99
22 63 90
22 64 96
22 65 98
22 66 99
22 67 105
22 68 100
22 69 107
22 70 95
22 71 98
22 72 105
22 73 100
22 74 110
22 75 95
22 76 98
22 77 102
22 78 100
22 79 100
23 24 98
23 25 91
23 26 94
23 27 90
23 28 98
23 29 93
23 30 100
23 31 101
23 32 104
23 33 101
23 34 97
23 35 102
23 36 107
23 37 97
23 38 106
23 39 100
23 40 107
23 41 111
23 42 105
23 43 100
23 44 91
23 45 104
23 46 101
23 47 96
23 48 109
23 49 89
23 50 105
23 51 97
23 52 105
23 53 98
23 54 103
23 55 93
23 56 101
23 57 107
23 58 90
23 59 100
23 60 99
23 61 104
23 62 93
23 63 103
23 64 94
23 65 100
23 66 107
23 67 96
23 68 95
23 69 98
23 70 107
23 71 89
23 72 104
23 73 106
23 74 103
23 75 99
23 76 101
23 77 103
23 78 101
23 79 95
24 25 97
24 26 103
24 27 103
24 28 91
24 29 96
24 30 103
24 31 105
24 32 88
24 33 96
24 34 102
24 35 95
24 36 103
24 37 105
24 38 92
24 39 104
24 40 110
24 41 104
24 42 93
24 43 96
24 44 104
24 45 100
24 46 106
24 47 91
24 48 94
24 49 107
24 50 96
24 51 108
24 52 110
24 53 99
24 54 104
24 55 98
24 56 102
24 57 93
24 58 98
24 59 93
24 60 102
24 61 97
24 62 101
24 63 95
24 64 95
24 65 97
24 66 100
24 67 106
24 68 104
24 69 89
24 70 100
24 71 83
24 72 110
24 73 103
24 74 89
24 75 98
24 76 95
24 77 97
24 78 96
24 79 101
25 26 101
25 27 103
25 28 96
25 29 99
25 30 97
25 31 103
25 32 104
25 33 98
25 34 98
25 35 100
25 36 94
25 37 102
25 38 97
25 39 100
25 40 110
25 41 103
25 42 101
25 43 94
25 44 101
25 45 100
25 46 95
25 47 105
25 48 97
25 49 94
25 50 104
25 51 105
25 52 98
25 53 106
25 54 101
25 55 97
25 56 104
25 57 108
25 58 103
25 59 93
25 60 98
25 61 94
25 62 99
25 63 102
25 64 99
25 65 95
25 66 103
25 67 91
25 68 97
25 69 100
25 70 98
25 71 108
25 72 106
25 73 96
25 74 97
25 75 107
25 76 100
25 77 100
25 78 110
25 79 105
26 27 98
26 28 96
26 29 91
26 30 96
26 31 104
26 32 111
26 33 104
26 34 104
26 35 105
26 36 107
26 37 99
26 38 97
26 39 95
26 40 99
26 41 90
26 42 97
26 43 97
26 44 92
26 45 101
26 46 103
26 47 111
26 48 96
26 49 93
26 50 89
26 51 94
26 52 94
26 53 96
26 54 89
26 55 87
26 56 97
26 57 105
26 58 94
26 59 106
26 60 99
26 61 114
26 62 100
26 63 104
26 64 95
26 65 89
26 66 95
26 67 100
26 68 86
26 69 101
26 70 103
26 71 92
26 72 96
26 73 106
26 74 102
26 75 100
26 76 95
26 77 100
26 78 98
26 79 103
27 28 100
27 29 95
27 30 102
27 31 99
27 32 100
27 33 93
27 34 102
27 35 93
27 36 109
27 37 104
27 38 102
27 39 102
27 40 95
27 41 104
27 42 101
27 43 101
27 44 99
27 45 95
27 46 87
27 47 91
27 48 104
27 49 97
27 50 105
27 51 95
27 52 101
27 53 103
27 54 98
27 55 91
27 56 84
27 57 105
27 58 96
27 59 95
27 60 97
27 61 99
27 62 94
27 63 108
27 64 96
27 65 95
27 66 95
27 67 105
27 68 99
27 69 106
27 70 103
27 71 98
27 72 96
27 73 94
27 74 91
27 75 92
27 76 104
27 77 107
27 78 97
27 79 103
28 29 106
28 30 101
28 31 96
28 32 95
28 33 101
28 34 96
28 35 102
28 36 100
28 37 92
28 38 109
28 39 99
28 40 91
28 41 93
28 42 94
28 43 92
28 44 100
28 45 98
28 46 96
28 47 99
28 48 104
28 49 102
28 50 98
28 51 101
28 52 110
28 53 103
28 54 96
28 55 96
28 56 99
28 57 112
28 58 94
28 59 93
28 60 96
28 61 102
28 62 93
28 63 103
28 64 99
28 65 104
28 66 107
28 67 101
28 68 100
28 69 101
28 70 103
28 71 106
28 72 106
28 73 103
28 74 102
28 75 100
28 76 108
28 77 102
28 78 102
28 79 96
29 30 104
29 31 102
29 32 94
29 33 92
29 34 97
29 35 99
29 36 98
29 37 87
29 38 99
29 39 88
29 40 98
29 41 105
29 42 97
29 43 104
29 44 111
29 45 90
29 46 100
29 47 100
29 48 108
29 49 100
29 50 111
29 51 97
29 52 95
29 53 99
29 54 101
29 55 102
29 56 101
29 57 96
29 58 98
29 59 104
29 60 99
29 61 91
29 62 102
29 63 98
29 64 103
29 65 102
29 66 103
29 67 102
29 68 100
29 69 105
29 70 100
29 71 98
29 72 95
29 73 103
29 74 96
29 75 102
29 76 101
29 77 95
29 78 96
29 79 96
30 31 101
30 32 93
30 33 106
30 34 99
30 35 92
30 36 102
30 37 101
30 38 100
30 39 100
30 40 100
30 41 102
30 42 98
30 43 89
30 44 114
30 45 100
30 46 98
30 47 104
30 48 109
30 49 102
30 50 101
30 51 98
30 52 91
30 53 92
30 54 99
30 55 107
30 56 102
30 57 92
30 58 102
30 59 98
30 60 101
30 61 104
30 62 100
30 63 88
30 64 95
30 65 104
30 66 95
30 67 102
30 68 100
30 69 105
30 70 102
30 71 104
30 72 87
30 73 93
30 74 104
30 75 94
30 76 100
30 77 105
30 78 100
30 79 93
31 32 103
31 33 99
31 34 96
31 35 102
31 36 99
31 37 100
31 38 101
31 39 106
31 40 103
31 41 100
31 42 103
31 43 95
31 44 92
31 45 99
31 46 101
31 47 99
31 48 89
31 49 101
31 50 102
31 51 102
31 52 108
31 53 102
31 54 96
31 55 102
31 56 95
31 57 95
31 58 104
31 59 102
31 60 87
31 61 94
31 62 96
31 63 103
31 64 107
31 65 91
31 66 101
31 67 93
31 68 91
31 69 90
31 70 94
31 71 98
31 72 98
31 73 105
31 74 101
31 75 92
31 76 94
31 77 100
31 78 106
31 79 95
32 33 89
32 34 100
32 35 106
32 36 97
32 37 103
32 38 96
32 39 97
32 40 100
32 41 103
32 42 100
32 43 102
32 44 112
32 45 93
32 46 99
32 47 102
32 48 106
32 49 101
32 50 106
32 51 95
32 52 104
32 53 97
32 54 107
32 55 108
32 56 95
32 57 103
32 58 107
32 59 109
32 60 103
32 61 90
32 62 98
32 63 99
32 64 109
32 65 95
32 66 95
32 67 92
32 68 99
32 69 101
32 70 105
32 71 98
32 72 91
32 73 101
32 74 98
32 75 91
32 76 101
32 77 104
32 78 93
32 79 111
33 34 103
33 35 105
33 36 102
33 37 98
33 38 97
33 39 105
33 40 101
33 41 100
33 42 104
33 43 103
33 44 110
33 45 102
33 46 102
33 47 86
33 48 108
33 49 100
33 50 101
33 51 97
33 52 94
33 53 96
33 54 97
33 55 102
33 56 101
33 57 106
33 58 81
33 59 105
33 60 101
33 61 95
33 62 99
33 63 95
33 64 92
33 65 97
33 66 100
33 67 95
33 68 98
33 69 103
33 70 97
33 71 99
33 72 99
33 73 95
33 74 89
33 75 103
33 76 100
33 77 95
33 78 103
33 79 91
34 35 98
34 36 100
34 37 105
34 38 100
34 39 99
34 40 98
34 41 100
34 42 91
34 43 103
34 44 101
34 45 93
34 46 104
34 47 100
34 48 100
34 49 100
34 50 95
34 51 109
34 52 92
34 53 103
34 54 108
34 55 103
34 56 95
34 57 104
34 58 97
34 59 107
34 60 102
34 61 98
34 62 92
34 63 96
34 64 92
34 65 99
34 66 89
34 67 102
34 68 99
34 69 91
34 70 99
34 71 94
34 72 98
34 73 100
34 74 84
34 75 99
34 76 98
34 77 94
34 78 109
34 79 98
35 36 101
35 37 82
35 38 97
35 39 96
35 40 101
35 41 103
35 42 104
35 43 95
35 44 99
35 45 100
35 46 98
35 47 100
35 48 101
35 49 105
35 50 110
35 51 96
35 52 109
35 53 102
35 54 106
35 55 107
35 56 104
35 57 98
35 58 99
35 59 98
35 60 100
35 61 90
35 62 118
35 63 101
35 64 106
35 65 95
35 66 100
35 67 94
35 68 94
35 69 99
35 70 109
35 71 100
35 72 101
35 73 98
35 74 95
35 75 102
35 76 96
35 77 96
35 78 98
35 79 102
36 37 100
36 38 97
36 39 97
36 40 98
36 41 94
36 42 98
36 43 89
36 44 110
36 45 103
36 46 100
36 47 98
36 48 103
36 49 102
36 50 105
36 51 105
36 52 111
36 53 102
36 54 102
36 55 104
36 56 103
36 57 101
36 58 103
36 59 104
36 60 90
36 61 101
36 62 96
36 63 95
36 64 105
36 65 98
36 66 98
36 67 102
36 68 104
36 69 102
36 70 98
36 71 98
36 72 98
36 73 99
36 74 89
36 75 97
36 76 106
36 77 101
36 78 101
36 79 103
37 38 101
37 39 103
37 40 94
37 41 98
37 42 97
37 43 95
37 44 104
37 45 99
37 46 98
37 47 96
37 48 105
37 49 109
37 50 98
37 51 105
37 52 101
37 53 104
37 54 99
37 55 110
37 56 96
37 57 100
37 58 104
37 59 102
37 60 105
37 61 99
37 62 101
37 63 100
37 64 102
37 65 97
37 66 98
37 67 99
37 68 97
37 69 89
37 70 102
37 71 104
37 72 91
37 73 101
37 74 103
37 75 98
37 76 94
37 77 104
37 78 101
37 79 97
38 39 96
38 40 100
38 41 111
38 42 103
38 43 93
38 44 100
38 45 106
38 46 90
38 47 107
38 48 104
38 49 105
38 50 96
38 51 87
38 52 99
38 53 97
38 54 99
38 55 100
38 56 103
38 57 105
38 58 103
38 59 104
38 60 103
38 61 106
38 62 104
38 63 92
38 64 104
38 65 98
38 66 102
38 67 97
38 68 103
38 69 98
38 70 108
38 71 98
38 72 99
38 73 93
38 74 96
38 75 105
38 76 106
38 77 99
38 78 98
38 79 100
39 40 93
39 41 104
39 42 103
39 43 100
39 44 97
39 45 112
39 46 93
39 47 95
39 48 108
39 49 99
39 50 102
39 51 101
39 52 94
39 53 105
39 54 96
39 55 97
39 56 105
39 57 104
39 58 95
39 59 89
39 60 100
39 61 101
39 62 104
39 63 104
39 64 100
39 65 93
39 66 96
39 67 96
39 68 92
39 69 101
39 70 107
39 71 99
39 72 101
39 73 101
39 74 97
39 75 96
39 76 104
39 77 112
39 78 97
39 79 100
40 41 105
40 42 104
40 43 102
40 44 93
40 45 111
40 46 100
40 47 93
40 48 104
40 49 104
40 50 98
40 51 112
40 52 97
40 53 93
40 54 103
40 55 105
40 56 102
40 57 97
40 58 106
40 59 93
40 60 102
40 61 104
40 62 100
40 63 103
40 64 100
40 65 93
40 66 102
40 67 98
40 68 91
40 69 108
40 70 99
40 71 103
40 72 99
40 73 98
40 74 95
40 75 105
40 76 106
40 77 99
40 78 109
40 79 87
41 42 99
41 43 104
41 44 108
41 45 97
41 46 109
41 47 104
41 48 101
41 49 102
41 50 107
41 51 96
41 52 99
41 53 98
41 54 103
41 55 98
41 56 102
41 57 108
41 58 89
41 59 102
41 60 106
41 61 95
41 62 99
41 63 99
41 64 99
41 65 96
41 66 104
41 67 97
41 68 98
41 69 99
41 70 96
41 71 94
41 72 101
41 73 96
41 74 102
41 75 95
41 76 96
41 77 101
41 78 107
41 79 101
42 43 94
42 44 100
42 45 110
42 46 106
42 47 105
42 48 98
42 49 111
42 50 98
42 51 94
42 52 88
42 53 96
42 54 109
42 55 97
42 56 96
42 57 96
42 58 101
42 59 103
42 60 97
42 61 102
42 62 99
42 63 99
42 64 114
42 65 101
42 66 102
42 67 103
42 68 101
42 69 103
42 70 103
42 71 97
42 72 106
42 73 99
42 74 108
42 75 94
42 76 101
42 77 97
42 78 104
42 79 94
43 44 103
43 45 92
43 46 103
43 47 92
43 48 101
43 49 97
43 50 107
43 51 98
43 52 100
43 53 104
43 54 101
43 55 109
43 56 85
43 57 101
43 58 97
43 59 100
43 60 102
43 61 101
43 62 107
43 63 109
43 64 106
43 65 104
43 66 101
43 67 99
43 68 98
43 69 97
43 70 104
43 71 102
43 72 107
43 73 94
43 74 106
43 75 101
43 76 102
43 77 99
43 78 102
43 79 85
44 45 88
44 46 112
44 47 94
44 48 93
44 49 95
44 50 97
44 51 103
44 52 105
44 53 103
44 54 100
44 55 103
44 56 101
44 57 102
44 58 106
44 59 98
44 60 93
44 61 98
44 62 99
44 63 97
44 64 100
44 65 97
44 66 99
44 67 94
44 68 103
44 69 93
44 70 110
44 71 101
44 72 88
44 73 107
44 74 95
44 75 96
44 76 92
44 77 98
44 78 96
44 79 100
45 46 93
45 47 95
45 48 98
45 49 93
45 50 93
45 51 106
45 52 95
45 53 90
45 54 99
45 55 95
45 56 103
45 57 110
45 58 106
45 59 107
45 60 107
45 61 92
45 62 96
45 63 107
45 64 97
45 65 97
45 66 97
45 67 98
45 68 108
45 69 100
45 70 101
45 71 97
45 72 99
45 73 102
45 74 97
45 75 95
45 76 105
45 77 104
45 78 100
45 79 99
46 47 101
46 48 101
46 49 101
46 50 92
46 51 107
46 52 96
46 53 107
46 54 92
46 55 94
46 56 103
46 57 94
46 58 102
46 59 95
46 60 94
46 61 99
46 62 94
46 63 102
46 64 94
46 65 106
46 66 101
46 67 103
46 68 92
46 69 95
46 70 85
46 71 96
46 72 99
46 73 111
46 74 89
46 75 91
46 76 99
46 77 96
46 78 104
46 79 102
47 48 98
47 49 94
47 50 107
47 51 98
47 52 99
47 53 107
47 54 106
47 55 91
47 56 99
47 57 98
47 58 95
47 59 99
47 60 102
47 61 101
47 62 101
47 63 91
47 64 91
47 65 101
47 66 106
47 67 102
47 68 101
47 69 101
47 70 98
47 71 102
47 72 99
47 73 92
47 74 100
47 75 97
47 76 101
47 77 94
47 78 99
47 79 103
48 49 93
48 50 94
48 51 99
48 52 108
48 53 92
48 54 92
48 55 112
48 56 100
48 57 95
48 58 95
48 59 92
48 60 100
48 61 101
48 62 99
48 63 100
48 64 106
48 65 96
48 66 100
48 67 97
48 68 100
48 69 102
48 70 91
48 71 98
48 72 101
48 73 100
48 74 103
48 75 87
48 76 90
48 77 96
48 78 103
48 79 95
49 50 95
49 51 101
49 52 97
49 53 95
49 54 96
49 55 103
49 56 106
49 57 100
49 58 89
49 59 93
49 60 103
49 61 104
49 62 99
49 63 103
49 64 105
49 65 103
49 66 101
49 67 104
49 68 95
49 69 104
49 70 101
49 71 97
49 72 102
49 73 106
49 74 109
49 75 101
49 76 100
49 77 103
49 78 101
49 79 99
50 51 93
50 52 95
50 53 97
50 54 102
50 55 96
50 56 104
50 57 97
50 58 96
50 59 97
50 60 97
50 61 93
50 62 111
50 63 108
50 64 105
50 65 94
50 66 97
50 67 97
50 68 106
50 69 106
50 70 102
50 71 99
50 72 104
50 73 99
50 74 106
50 75 101
50 76 105
50 77 96
50 78 99
50 79 98
51 52 100
51 53 100
51 54 106
51 55 92
51 56 100
51 57 108
51 58 105
51 59 98
51 60 105
51 61 106
51 62 92
51 63 98
51 64 94
51 65 102
51 66 98
51 67 101
51 68 100
51 69 107
51 70 93
51 71 93
51 72 93
51 73 97
51 74 95
51 75 104
51 76 102
51 77 100
51 78 95
51 79 102
52 53 97
52 54 100
52 55 105
52 56 102
52 57 99
52 58 105
52 59 94
52 60 102
52 61 97
52 62 97
52 63 108
52 64 94
52 65 99
52 66 105
52 67 108
52 68 100
52 69 100
52 70 87
52 71 105
52 72 101
52 73 106
52 74 101
52 75 94
52 76 94
52 77 98
52 78 103
52 79 88
53 54 94
53 55 98
53 56 98
53 57 99
53 58 103
53 59 104
53 60 110
53 61 107
53 62 101
53 63 100
53 64 104
53 65 99
53 66 95
53 67 96
53 68 97
53 69 89
53 70 96
53 71 107
53 72 100
53 73 106
53 74 96
53 75 96
53 76 101
53 77 96
53 78 92
53 79 105
54 55 107
54 56 92
54 57 100
54 58 93
54 59 104
54 60 94
54 61 98
54 62 105
54 63 98
54 64 103
54 65 103
54 66 100
54 67 98
54 68 105
54 69 108
54 70 100
54 71 102
54 72 100
54 73 99
54 74 103
54 75 104
54 76 97
54 77 100
54 78 97
54 79 105
55 56 100
55 57 106
55 58 93
55 59 93
55 60 100
55 61 96
55 62 101
55 63 102
55 64 97
55 65 101
55 66 97
55 67 98
55 68 99
55 69 101
55 70 91
55 71 98
55 72 101
55 73 99
55 74 90
55 75 102
55 76 96
55 77 108
55 78 100
55 79 98
56 57 97
56 58 93
56 59 99
56 60 107
56 61 99
56 62 96
56 63 97
56 64 102
56 65 101
56 66 96
56 67 104
56 68 101
56 69 100
56 70 98
56 71 105
56 72 105
56 73 92
56 74 105
56 75 89
56 76 92
56 77 96
56 78 107
56 79 99
57 58 110
57 59 94
57 60 101
57 61 99
57 62 98
57 63 94
57 64 98
57 65 101
57 66 88
57 67 99
57 68 99
57 69 95
57 70 102
57 71 95
57 72 100
57 73 101
57 74 97
57 75 100
57 76 92
57 77 96
57 78 99
57 79 102
58 59 99
58 60 98
58 61 96
58 62 101
58 63 97
58 64 109
58 65 98
58 66 101
58 67 94
58 68 105
58 69 106
58 70 104
58 71 102
58 72 99
58 73 98
58 74 98
58 75 105
58 76 94
58 77 97
58 78 103
58 79 98
59 60 98
59 61 100
59 62 93
59 63 100
59 64 99
59 65 103
59 66 104
59 67 97
59 68 94
59 69 100
59 70 100
59 71 108
59 72 102
59 73 101
59 74 100
59 75 100
59 76 95
59 77 103
59 78 104
59 79 99
60 61 91
60 62 98
60 63 99
60 64 91
60 65 101
60 66 99
60 67 109
60 68 102
60 69 106
60 70 100
60 71 107
60 72 95
60 73 100
60 74 100
60 75 97
60 76 98
60 77 102
60 78 87
60 79 98
61 62 105
61 63 90
61 64 94
61 65 101
61 66 103
61 67 104
61 68 110
61 69 94
61 70 96
61 71 98
61 72 103
61 73 95
61 74 103
61 75 93
61 76 101
61 77 102
61 78 100
61 79 107
62 63 97
62 64 99
62 65 99
62 66 94
62 67 103
62 68 100
62 69 102
62 70 100
62 71 102
62 72 103
62 73 95
62 74 103
62 75 94
62 76 97
62 77 107
62 78 97
62 79 101
63 64 97
63 65 98
63 66 100
63 67 95
63 68 100
63 69 107
63 70 101
63 71 96
63 72 110
63 73 104
63 74 92
63 75 100
63 76 103
63 77 92
63 78 91
63 79 103
64 65 95
64 66 96
64 67 106
64 68 99
64 69 93
64 70 96
64 71 103
64 72 100
64 73 101
64 74 106
64 75 103
64 76 95
64 77 100
64 78 99
64 79 99
65 66 103
65 67 88
65 68 98
65 69 91
65 70 100
65 71 101
65 72 95
65 73 101
65 74 100
65 75 106
65 76 95
65 77 101
65 78 98
65 79 106
66 67 106
66 68 92
66 69 95
66 70 99
66 71 94
66 72 103
66 73 95
66 74 105
66 75 97
66 76 103
66 77 95
66 78 103
66 79 100
67 68 96
67 69 95
67 70 102
67 71 102
67 72 108
67 73 109
67 74 99
67 75 100
67 76 102
67 77 100
67 78 106
67 79 99
68 69 99
68 70 89
68 71 93
68 72 98
68 73 97
68 74 99
68 75 97
68 76 104
68 77 96
68 78 109
68 79 99
69 70 94
69 71 97
69 72 100
69 73 104
69 74 105
69 75 112
69 76 100
69 77 99
69 78 103
69 79 102
70 71 102
70 72 100
70 73 102
70 74 102
70 75 99
70 76 98
70 77 96
70 78 104
70 79 94
71 72 99
71 73 95
71 74 97
71 75 103
71 76 101
71 77 96
71 78 113
71 79 96
72 73 97
72 74 101
72 75 88
72 76 106
72 77 108
72 78 102
72 79 102
73 74 106
73 75 98
73 76 99
73 77 102
73 78 91
73 79 103
74 75 98
74 76 99
74 77 104
74 78 97
74 79 99
75 76 94
75 77 97
75 78 102
75 79 99
76 77 94
76 78 93
76 79 99
77 78 99
77 79 103
78 79 107
1
0 1 2 3 4 5 6 7 8 9 10 11 12 13 14 15 16 17 18 19
