3160
0 1 303
0 2 285
0 3 296
0 4 300
0 5 307
0 6 198
0 7 194
0 8 202
0 9 190
0 10 204
0 11 190
0 12 196
0 13 198
0 14 204
0 15 202
0 16 199
0 17 194
0 18 202
0 19 198
0 20 201
0 21 202
0 22 199
0 23 205
0 24 209
0 25 206
0 26 194
0 27 200
0 28 201
0 29 200
0 30 203
0 31 195
0 32 201
0 33 201
0 34 200
0 35 201
0 36 199
0 37 198
0 38 197
0 39 202
0 40 201
0 41 202
0 42 205
0 43 197
0 44 198
0 45 198
0 46 207
0 47 200
0 48 197
0 49 191
0 50 188
0 51 196
0 52 197
0 53 201
0 54 201
0 55 195
0 56 206
0 57 202
0 58 199
0 59 203
0 60 195
0 61 206
0 62 202
0 63 204
0 64 200
0 65 200
0 66 196
0 67 204
0 68 200
0 69 197
0 70 202
0 71 207
0 72 204
0 73 197
0 74 203
0 75 200
0 76 190
0 77 201
0 78 194
0 79 202
1 2 305
1 3 298
1 4 306
1 5 297
1 6 208
1 7 206
1 8 203
1 9 192
1 10 204
1 11 202
1 12 199
1 13 194
1 14 204
1 15 202
1 16 200
1 17 204
1 18 198
1 19 200
1 20 210
1 21 200
1 22 205
1 23 197
1 24 206
1 25 209
1 26 207
1 27 196
1 28 199
1 29 196
1 30 200
1 31 200
1 32 209
1 33 218
1 34 192
1 35 207
1 36 201
1 37 199
1 38 195
1 39 203
1 40 201
1 41 195
1 42 202
1 43 200
1 44 197
1 45 196
1 46 201
1 47 203
1 48 196
1 49 200
1 50 198
1 51 203
1 52 199
1 53 186
1 54 201
1 55 198
1 56 198
1 57 206
1 58 197
1 59 204
1 60 191
1 61 203
1 62 194
1 63 199
1 64 204
1 65 194
1 66 195
1 67 200
1 68 204
1 69 193
1 70 196
1 71 198
1 72 200
1 73 200
1 74 195
1 75 205
1 76 199
1 77 200
1 78 206
1 79 192
2 3 296
2 4 297
2 5 306
2 6 199
2 7 201
2 8 204
2 9 201
2 10 189
2 11 191
2 12 187
2 13 194
2 14 198
2 15 205
2 16 201
2 17 191
2 18 201
2 19 195
2 20 202
2 21 203
2 22 193
2 23 202
2 24 195
2 25 200
2 26 211
2 27 201
2 28 195
2 29 197
2 30 194
2 31 204
2 32 193
2 33 200
2 34 196
2 35 198
2 36 192
2 37 201
2 38 194
2 39 199
2 40 198
2 41 204
2 42 187
2 43 207
2 44 203
2 45 201
2 46 200
2 47 200
2 48 202
2 49 200
2 50 196
2 51 199
2 52 200
2 53 196
2 54 199
2 55 192
2 56 201
2 57 202
2 58 195
2 59 197
2 60 204
2 61 214
2 62 190
2 63 202
2 64 201
2 65 201
2 66 202
2 67 192
2 68 198
2 69 202
2 70 198
2 71 191
2 72 193
2 73 197
2 74 202
2 75 199
2 76 204
2 77 203
2 78 199
2 79 197
3 4 299
3 5 301
3 6 201
3 7 202
3 8 199
3 9 192
3 10 208
3 11 205
3 12 209
3 13 192
3 14 205
3 15 196
3 16 206
3 17 204
3 18 194
3 19 206
3 20 202
3 21 208
3 22 196
3 23 204
3 24 208
3 25 199
3 26 206
3 27 198
3 28 205
3 29 203
3 30 192
3 31 198
3 32 208
3 33 212
3 34 201
3 35 194
3 36 196
3 37 206
3 38 205
3 39 198
3 40 206
3 41 201
3 42 202
3 43 197
3 44 198
3 45 202
3 46 196
3 47 193
3 48 201
3 49 199
3 50 194
3 51 188
3 52 189
3 53 192
3 54 198
3 55 201
3 56 195
3 57 194
3 58 203
3 59 201
3 60 205
3 61 195
3 62 205
3 63 204
3 64 196
3 65 204
3 66 195
3 67 189
3 68 207
3 69 201
3 70 191
3 71 206
3 72 210
3 73 204
3 74 202
3 75 205
3 76 203
3 77 208
3 78 200
3 79 194
4 5 302
4 6 209
4 7 198
4 8 205
4 9 194
4 10 203
4 11 214
4 12 200
4 13 198
4 14 197
4 15 194
4 16 200
4 17 194
4 18 193
4 19 202
4 20 198
4 21 197
4 22 191
4 23 202
4 24 203
4 25 203
4 26 199
4 27 197
4 28 206
4 29 200
4 30 204
4 31 203
4 32 192
4 33 205
4 34 192
4 35 202
4 36 205
4 37 206
4 38 198
4 39 204
4 40 205
4 41 195
4 42 205
4 43 194
4 44 198
4 45 187
4 46 204
4 47 199
4 48 201
4 49 204
4 50 198
4 51 203
4 52 194
4 53 208
4 54 205
4 55 196
4 56 203
4 57 204
4 58 198
4 59 197
4 60 198
4 61 201
4 62 202
4 63 199
4 64 199
4 65 204
4 66 204
4 67 200
4 68 206
4 69 196
4 70 198
4 71 198
4 72 199
4 73 207
4 74 205
4 75 199
4 76 195
4 77 191
4 78 197
4 79 200
5 6 189
5 7 199
5 8 196
5 9 192
5 10 195
5 11 192
5 12 206
5 13 200
5 14 195
5 15 197
5 16 204
5 17 193
5 18 206
5 19 191
5 20 203
5 21 203
5 22 188
5 23 203
5 24 197
5 25 194
5 26 207
5 27 193
5 28 203
5 29 197
5 30 202
5 31 196
5 32 206
5 33 193
5 34 207
5 35 203
5 36 195
5 37 202
5 38 207
5 39 202
5 40 194
5 41 193
5 42 199
5 43 210
5 44 194
5 45 192
5 46 195
5 47 193
5 48 201
5 49 199
5 50 199
5 51 200
5 52 192
5 53 202
5 54 205
5 55 192
5 56 196
5 57 198
5 58 194
5 59 207
5 60 196
5 61 195
5 62 201
5 63 203
5 64 210
5 65 214
5 66 196
5 67 203
5 68 199
5 69 196
5 70 202
5 71 205
5 72 206
5 73 199
5 74 199
5 75 195
5 76 196
5 77 184
5 78 203
5 79 193
6 7 93
6 8 97
6 9 93
6 10 102
6 11 96
6 12 109
6 13 103
6 14 94
6 15 106
6 16 96
6 17 101
6 18 101
6 19 103
6 20 96
6 21 96
6 22 104
6 23 95
6 24 107
6 25 102
6 26 95
6 27 98
6 28 101
6 29 98
6 30 114
6 31 101
6 32 98
6 33 97
6 34 101
6 35 91
6 36 100
6 37 95
6 38 97
6 39 89
6 40 96
6 41 111
6 42 104
6 43 113
6 44 101
6 45 104
6 46 103
6 47 97
6 48 103
6 49 96
6 50 103
6 51 100
6 52 101
6 53 92
6 54 96
6 55 101
6 56 102
6 57 94
6 58 108
6 59 98
6 60 95
6 61 97
6 62 100
6 63 104
6 64 106
6 65 100
6 66 95
6 67 106
6 68 104
6 69 105
6 70 96
6 71 93
6 72 93
6 73 99
6 74 93
6 75 94
6 76 103
6 77 93
6 78 101
6 79 92
7 8 97
7 9 101
7 10 97
7 11 99
7 12 91
7 13 100
7 14 101
7 15 101
7 16 101
7 17 95
7 18 97
7 19 96
7 20 94
7 21 99
7 22 98
7 23 105
7 24 96
7 25 97
7 26 104
7 27 99
7 28 100
7 29 96
7 30 94
7 31 99
7 32 101
7 33 102
7 34 99
7 35 95
7 36 93
7 37 100
7 38 102
7 39 98
7 40 100
7 41 99
7 42 88
7 43 104
7 44 91
7 45 91
7 46 103
7 47 104
7 48 100
7 49 94
7 50 96
7 51 100
7 52 101
7 53 109
7 54 91
7 55 103
7 56 101
7 57 108
7 58 105
7 59 99
7 60 89
7 61 104
7 62 92
7 63 98
7 64 96
7 65 94
7 66 98
7 67 103
7 68 106
7 69 106
7 70 94
7 71 95
7 72 99
7 73 97
7 74 99
7 75 94
7 76 99
7 77 98
7 78 91
7 79 105
8 9 105
8 10 97
8 11 106
8 12 99
8 13 98
8 14 106
8 15 103
8 16 95
8 17 95
8 18 98
8 19 104
8 20 104
8 21 90
8 22 102
8 23 98
8 24 101
8 25 97
8 26 97
8 27 108
8 28 100
8 29 100
8 30 96
8 31 94
8 32 93
8 33 102
8 34 95
8 35 107
8 36 98
8 37 99
8 38 96
8 39 104
8 40 102
8 41 96
8 42 107
8 43 102
8 44 105
8 45 104
8 46 101
8 47 98
8 48 104
8 49 96
8 50 95
8 51 101
8 52 98
8 53 100
8 54 95
8 55 92
8 56 101
8 57 94
8 58 102
8 59 99
8 60 99
8 61 104
8 62 92
8 63 97
8 64 110
8 65 100
8 66 100
8 67 98
8 68 97
8 69 98
8 70 102
8 71 99
8 72 99
8 73 108
8 74 105
8 75 103
8 76 106
8 77 107
8 78 98
8 79 104
9 10 101
9 11 93
9 12 102
9 13 108
9 14 108
9 15 94
9 16 92
9 17 98
9 18 113
9 19 110
9 20 99
9 21 96
9 22 105
9 23 101
9 24 97
9 25 95
9 26 105
9 27 104
9 28 105
9 29 95
9 30 107
9 31 105
9 32 98
9 33 91
9 34 107
9 35 95
9 36 99
9 37 95
9 38 96
9 39 100
9 40 92
9 41 101
9 42 99
9 43 91
9 44 101
9 45 99
9 46 104
9 47 99
9 48 100
9 49 91
9 50 109
9 51 106
9 52 107
9 53 97
9 54 95
9 55 94
9 56 105
9 57 99
9 58 93
9 59 100
9 60 97
9 61 93
9 62 96
9 63 94
9 64 100
9 65 103
9 66 105
9 67 104
9 68 106
9 69 94
9 70 90
9 71 99
9 72 96
9 73 102
9 74 100
9 75 98
9 76 103
9 77 96
9 78 99
9 79 93
10 11 105
10 12 91
10 13 106
10 14 98
10 15 92
10 16 95
10 17 102
10 18 94
10 19 103
10 20 103
10 21 107
10 22 92
10 23 99
10 24 100
10 25 106
10 26 105
10 27 100
10 28 110
10 29 98
10 30 101
10 31 100
10 32 102
10 33 95
10 34 98
10 35 106
10 36 97
10 37 98
10 38 104
10 39 95
10 40 105
10 41 102
10 42 100
10 43 105
10 44 93
10 45 107
10 46 99
10 47 99
10 48 92
10 49 109
10 50 107
10 51 86
10 52 94
10 53 98
10 54 94
10 55 105
10 56 107
10 57 100
10 58 103
10 59 100
10 60 105
10 61 100
10 62 108
10 63 104
10 64 101
10 65 101
10 66 103
10 67 109
10 68 101
10 69 94
10 70 100
10 71 102
10 72 91
10 73 116
10 74 96
10 75 99
10 76 98
10 77 97
10 78 93
10 79 96
11 12 98
11 13 104
11 14 100
11 15 97
11 16 98
11 17 102
11 18 93
11 19 92
11 20 112
11 21 97
11 22 92
11 23 85
11 24 103
11 25 104
11 26 100
11 27 107
11 28 94
11 29 99
11 30 101
11 31 106
11 32 98
11 33 103
11 34 103
11 35 103
11 36 107
11 37 101
11 38 95
11 39 103
11 40 103
11 41 98
11 42 95
11 43 100
11 44 98
11 45 94
11 46 97
11 47 105
11 48 103
11 49 93
11 50 106
11 51 98
11 52 101
11 53 103
11 54 104
11 55 94
11 56 97
11 57 98
11 58 106
11 59 105
11 60 93
11 61 95
11 62 96
11 63 97
11 64 96
11 65 101
11 66 109
11 67 110
11 68 107
11 69 105
11 70 107
11 71 109
11 72 103
11 73 95
11 74 95
11 75 107
11 76 109
11 77 97
11 78 106
11 79 99
12 13 104
12 14 101
12 15 94
12 16 110
12 17 97
12 18 101
12 19 97
12 20 103
12 21 102
12 22 101
12 23 105
12 24 106
12 25 100
12 26 100
12 27 92
12 28 95
12 29 105
12 30 98
12 31 104
12 32 95
12 33 111
12 34 97
12 35 101
12 36 94
12 37 101
12 38 96
12 39 97
12 40 101
12 41 96
12 42 102
12 43 100
12 44 91
12 45 94
12 46 108
12 47 90
12 48 98
12 49 105
12 50 100
12 51 103
12 52 99
12 53 94
12 54 107
12 55 104
12 56 97
12 57 92
12 58 110
12 59 97
12 60 90
12 61 114
12 62 102
12 63 96
12 64 103
12 65 105
12 66 109
12 67 103
12 68 103
12 69 89
12 70 108
12 71 97
12 72 101
12 73 96
12 74 98
12 75 98
12 76 100
12 77 92
12 78 97
12 79 111
13 14 102
13 15 102
13 16 100
13 17 101
13 18 103
13 19 100
13 20 89
13 21 98
13 22 102
13 23 92
13 24 96
13 25 93
13 26 107
13 27 101
13 28 100
13 29 98
13 30 95
13 31 111
13 32 97
13 33 104
13 34 96
13 35 97
13 36 109
13 37 98
13 38 101
13 39 105
13 40 99
13 41 101
13 42 91
13 43 94
13 44 107
13 45 103
13 46 104
13 47 97
13 48 102
13 49 88
13 50 114
13 51 102
13 52 92
13 53 101
13 54 97
13 55 95
13 56 93
13 57 101
13 58 102
13 59 97
13 60 102
13 61 108
13 62 108
13 63 102
13 64 102
13 65 98
13 66 99
13 67 95
13 68 99
13 69 97
13 70 92
13 71 99
13 72 103
13 73 97
13 74 97
13 75 105
13 76 100
13 77 103
13 78 94
13 79 91
14 15 100
14 16 101
14 17 99
14 18 107
14 19 101
14 20 107
14 21 92
14 22 97
14 23 106
14 24 94
14 25 100
14 26 98
14 27 98
14 28 99
14 29 99
14 30 99
14 31 106
14 32 97
14 33 99
14 34 102
14 35 101
14 36 107
14 37 106
14 38 104
14 39 103
14 40 107
14 41 102
14 42 105
14 43 103
14 44 99
14 45 105
14 46 104
14 47 108
14 48 98
14 49 97
14 50 100
14 51 101
14 52 101
14 53 103
14 54 93
14 55 97
14 56 94
14 57 110
14 58 92
14 59 100
14 60 98
14 61 90
14 62 94
14 63 108
14 64 97
14 65 104
14 66 98
14 67 94
14 68 97
14 69 96
14 70 106
14 71 99
14 72 104
14 73 96
14 74 105
14 75 96
14 76 99
14 77 95
14 78 101
14 79 91
15 16 93
15 17 106
15 18 108
15 19 107
15 20 101
15 21 95
15 22 91
15 23 96
15 24 101
15 25 105
15 26 100
15 27 91
15 28 94
15 29 96
15 30 104
15 31 100
15 32 99
15 33 106
15 34 100
15 35 103
15 36 95
15 37 103
15 38 97
15 39 104
15 40 103
15 41 100
15 42 109
15 43 101
15 44 90
15 45 118
15 46 96
15 47 92
15 48 103
15 49 91
15 50 108
15 51 96
15 52 98
15 53 101
15 54 99
15 55 101
15 56 96
15 57 97
15 58 93
15 59 98
15 60 100
15 61 108
15 62 100
15 63 97
15 64 97
15 65 101
15 66 107
15 67 95
15 68 104
15 69 98
15 70 104
15 71 97
15 72 100
15 73 106
15 74 99
15 75 92
15 76 95
15 77 105
15 78 88
15 79 101
16 17 103
16 18 99
16 19 99
16 20 92
16 21 101
16 22 98
16 23 105
16 24 100
16 25 96
16 26 104
16 27 102
16 28 99
16 29 96
16 30 105
16 31 97
16 32 106
16 33 95
16 34 98
16 35 99
16 36 104
16 37 97
16 38 97
16 39 92
16 40 98
16 41 90
16 42 100
16 43 91
16 44 98
16 45 92
16 46 104
16 47 103
16 48 103
16 49 92
16 50 102
16 51 105
16 52 88
16 53 97
16 54 110
16 55 100
16 56 98
16 57 99
16 58 95
16 59 98
16 60 97
16 61 99
16 62 97
16 63 98
16 64 101
16 65 107
16 66 102
16 67 99
16 68 88
16 69 101
16 70 109
16 71 103
16 72 100
16 73 91
16 74 102
16 75 96
16 76 100
16 77 102
16 78 103
16 79 102
17 18 98
17 19 101
17 20 100
17 21 100
17 22 93
17 23 97
17 24 103
17 25 108
17 26 99
17 27 100
17 28 97
17 29 96
17 30 98
17 31 104
17 32 95
17 33 102
17 34 103
17 35 106
17 36 99
17 37 101
17 38 100
17 39 99
17 40 100
17 41 86
17 42 99
17 43 106
17 44 95
17 45 92
17 46 101
17 47 104
17 48 99
17 49 96
17 50 100
17 51 95
17 52 93
17 53 100
17 54 97
17 55 98
17 56 96
17 57 100
17 58 105
17 59 100
17 60 103
17 61 100
17 62 103
17 63 101
17 64 102
17 65 105
17 66 102
17 67 103
17 68 96
17 69 96
17 70 107
17 71 99
17 72 102
17 73 95
17 74 107
17 75 93
17 76 104
17 77 103
17 78 113
17 79 106
18 19 89
18 20 101
18 21 100
18 22 107
18 23 99
18 24 105
18 25 98
18 26 99
18 27 105
18 28 109
18 29 101
18 30 102
18 31 107
18 32 108
18 33 93
18 34 98
18 35 99
18 36 105
18 37 104
18 38 93
18 39 103
18 40 93
18 41 102
18 42 94
18 43 98
18 44 108
18 45 102
18 46 87
18 47 98
18 48 98
18 49 99
18 50 102
18 51 91
18 52 109
18 53 99
18 54 101
18 55 98
18 56 102
18 57 92
18 58 90
18 59 104
18 60 96
18 61 110
18 62 107
18 63 101
18 64 99
18 65 96
18 66 107
18 67 110
18 68 96
18 69 98
18 70 100
18 71 101
18 72 94
18 73 103
18 74 108
18 75 107
18 76 104
18 77 96
18 78 92
18 79 98
19 20 104
19 21 97
19 22 94
19 23 95
19 24 99
19 25 94
19 26 97
19 27 101
19 28 107
19 29 97
19 30 89
19 31 95
19 32 91
19 33 94
19 34 105
19 35 101
19 36 95
19 37 96
19 38 99
19 39 95
19 40 105
19 41 102
19 42 98
19 43 107
19 44 105
19 45 101
19 46 98
19 47 93
19 48 100
19 49 95
19 50 106
19 51 98
19 52 101
19 53 99
19 54 101
19 55 101
19 56 103
19 57 102
19 58 100
19 59 101
19 60 104
19 61 90
19 62 97
19 63 103
19 64 98
19 65 102
19 66 98
19 67 100
19 68 99
19 69 93
19 70 97
19 71 102
19 72 96
19 73 101
19 74 93
19 75 101
19 76 91
19 77 108
19 78 100
19 79 99
20 21 100
20 22 94
20 23 98
20 24 96
20 25 101
20 26 101
20 27 94
20 28 99
20 29 101
20 30 109
20 31 105
20 32 93
20 33 103
20 34 96
20 35 98
20 36 98
20 37 94
20 38 97
20 39 103
20 40 113
20 41 96
20 42 98
20 43 102
20 44 98
20 45 97
20 46 103
20 47 97
20 48 95
20 49 102
20 50 99
20 51 98
20 52 94
20 53 100
20 54 97
20 55 95
20 56 99
20 57 94
20 58 107
20 59 98
20 60 104
20 61 91
20 62 108
20 63 97
20 64 107
20 65 98
20 66 99
20 67 104
20 68 101
20 69 95
20 70 104
20 71 91
20 72 99
20 73 111
20 74 102
20 75 98
20 76 98
20 77 102
20 78 106
20 79 95
21 22 104
21 23 100
21 24 100
21 25 95
21 26 93
21 27 96
21 28 101
21 29 105
21 30 89
21 31 103
21 32 94
21 33 104
21 34 95
21 35 99
21 36 112
21 37 109
21 38 106
21 39 104
21 40 101
21 41 100
21 42 95
21 43 95
21 44 105
21 45 92
21 46 97
21 47 103
21 48 104
21 49 113
21 50 106
21 51 109
21 52 93
21 53 99
21 54 101
21 55 109
21 56 100
21 57 101
21 58 105
21 59 109
21 60 96
21 61 99
21 62 100
21 63 98
21 64 102
21 65 101
21 66 105
21 67 96
21 68 95
21 69 103
21 70 98
21 71 98
21 72 113
21 73 102
21 74 101
21 75 98
21 76 94
21 77 105
21 78 97
21 79 101
22 23 93
22 24 97
22 25 91
22 26 93
22 27 90
22 28 105
22 29 100
22 30 93
22 31 97
22 32 104
22 33 106
22 34 95
22 35 96
22 36 100
22 37 97
22 38 98
22 39 104
22 40 101
22 41 101
22 42 97
22 43 99
22 44 98
22 45 95
22 46 106
22 47 92
22 48 100
22 49 95
22 50 90
22 51 101
22 52 99
22 53 92
22 54 106
22 55 103
22 56 91
22 57 100
22 58 101
22 59 101
22 60 105
22 61 100
22 62 84
22 63 94
22 64 102
22 65 99
22 66 103
22 67 101
22 68 103
22 69 96
22 70 96
22 71 101
22 72 102
22 73 103
22 74 98
22 75 89
22 76 98
22 77 102
22 78 99
22 79 99
23 24 105
23 25 105
23 26 107
23 27 103
23 28 91
23 29 104
23 30 102
23 31 99
23 32 105
23 33 97
23 34 93
23 35 99
23 36 102
23 37 97
23 38 91
23 39 98
23 40 92
23 41 106
23 42 99
23 43 102
23 44 106
23 45 105
23 46 96
23 47 109
23 48 97
23 49 98
23 50 106
23 51 100
23 52 103
23 53 98
23 54 97
23 55 107
23 56 95
23 57 98
23 58 105
23 59 95
23 60 100
23 61 109
23 62 98
23 63 98
23 64 95
23 65 87
23 66 96
23 67 108
23 68 105
23 69 100
23 70 105
23 71 107
23 72 99
23 73 95
23 74 101
23 75 99
23 76 103
23 77 97
23 78 101
23 79 110
24 25 110
24 26 106
24 27 110
24 28 96
24 29 98
24 30 99
24 31 103
24 32 97
24 33 98
24 34 99
24 35 100
24 36 105
24 37 96
24 38 98
24 39 95
24 40 102
24 41 107
24 42 91
24 43 100
24 44 101
24 45 99
24 46 96
24 47 92
24 48 107
24 49 94
24 50 103
24 51 96
24 52 96
24 53 97
24 54 94
24 55 102
24 56 96
24 57 100
24 58 99
24 59 107
24 60 102
24 61 106
24 62 106
24 63 91
24 64 106
24 65 111
24 66 98
24 67 96
24 68 97
24 69 112
24 70 99
24 71 100
24 72 107
24 73 96
24 74 94
24 75 88
24 76 94
24 77 106
24 78 94
24 79 100
25 26 98
25 27 102
25 28 103
25 29 89
25 30 99
25 31 93
25 32 94
25 33 102
25 34 98
25 35 101
25 36 102
25 37 99
25 38 93
25 39 102
25 40 102
25 41 103
25 42 99
25 43 98
25 44 108
25 45 100
25 46 103
25 47 97
25 48 91
25 49 99
25 50 89
25 51 102
25 52 100
25 53 94
25 54 95
25 55 100
25 56 100
25 57 94
25 58 96
25 59 108
25 60 99
25 61 104
25 62 93
25 63 101
25 64 96
25 65 104
25 66 99
25 67 98
25 68 99
25 69 94
25 70 104
25 71 95
25 72 93
25 73 101
25 74 107
25 75 100
25 76 109
25 77 89
25 78 102
25 79 103
26 27 95
26 28 97
26 29 92
26 30 99
26 31 94
26 32 104
26 33 96
26 34 99
26 35 97
26 36 98
26 37 98
26 38 99
26 39 102
26 40 99
26 41 107
26 42 103
26 43 93
26 44 90
26 45 100
26 46 99
26 47 106
26 48 103
26 49 104
26 50 95
26 51 96
26 52 104
26 53 98
26 54 91
26 55 101
26 56 97
26 57 102
26 58 97
26 59 104
26 60 103
26 61 95
26 62 105
26 63 95
26 64 99
26 65 101
26 66 108
26 67 101
26 68 113
26 69 95
26 70 107
26 71 106
26 72 95
26 73 99
26 74 104
26 75 104
26 76 96
26 77 106
26 78 102
26 79 100
27 28 102
27 29 109
27 30 92
27 31 106
27 32 97
27 33 95
27 34 96
27 35 102
27 36 95
27 37 100
27 38 108
27 39 108
27 40 92
27 41 98
27 42 110
27 43 92
27 44 103
27 45 94
27 46 96
27 47 105
27 48 96
27 49 97
27 50 100
27 51 104
27 52 99
27 53 98
27 54 102
27 55 107
27 56 89
27 57 97
27 58 92
27 59 94
27 60 103
27 61 100
27 62 100
27 63 97
27 64 99
27 65 105
27 66 104
27 67 99
27 68 100
27 69 102
27 70 107
27 71 97
27 72 93
27 73 98
27 74 101
27 75 94
27 76 96
27 77 102
27 78 109
27 79 91
28 29 102
28 30 95
28 31 100
28 32 94
28 33 99
28 34 97
28 35 95
28 36 92
28 37 91
28 38 102
28 39 112
28 40 98
28 41 96
28 42 96
28 43 98
28 44 100
28 45 89
28 46 94
28 47 92
28 48 109
28 49 106
28 50 103
28 51 103
28 52 102
28 53 94
28 54 99
28 55 98
28 56 97
28 57 94
28 58 90
28 59 101
28 60 102
28 61 100
28 62 99
28 63 94
28 64 105
28 65 99
28 66 92
28 67 105
28 68 103
28 69 111
28 70 106
28 71 101
28 72 100
28 73 94
28 74 98
28 75 92
28 76 102
28 77 103
28 78 103
28 79 99
29 30 99
29 31 93
29 32 103
29 33 102
29 34 102
29 35 105
29 36 101
29 37 99
29 38 97
29 39 99
29 40 103
29 41 94
29 42 97
29 43 98
29 44 97
29 45 105
29 46 97
29 47 99
29 48 94
29 49 93
29 50 108
29 51 100
29 52 100
29 53 94
29 54 100
29 55 94
29 56 95
29 57 93
29 58 96
29 59 94
29 60 96
29 61 100
29 62 108
29 63 100
29 64 98
29 65 104
29 66 92
29 67 104
29 68 97
29 69 93
29 70 101
29 71 108
29 72 106
29 73 99
29 74 103
29 75 104
29 76 109
29 77 100
29 78 97
29 79 100
30 31 91
30 32 94
30 33 95
30 34 104
30 35 106
30 36 100
30 37 99
30 38 101
30 39 100
30 40 101
30 41 95
30 42 93
30 43 98
30 44 99
30 45 97
30 46 108
30 47 102
30 48 98
30 49 100
30 50 94
30 51 95
30 52 96
30 53 95
30 54 99
30 55 110
30 56 98
30 57 98
30 58 95
30 59 94
30 60 105
30 61 104
30 62 107
30 63 102
30 64 107
30 65 103
30 66 104
30 67 99
30 68 103
30 69 94
30 70 93
30 71 91
30 72 106
30 73 93
30 74 94
30 75 97
30 76 97
30 77 90
30 78 98
30 79 96
31 32 100
31 33 95
31 34 96
31 35 96
31 36 105
31 37 119
31 38 105
31 39 106
31 40 106
31 41 95
31 42 98
31 43 105
31 44 98
31 45 91
31 46 97
31 47 102
31 48 101
31 49 97
31 50 100
31 51 100
31 52 102
31 53 99
31 54 102
31 55 96
31 56 100
31 57 96
31 58 87
31 59 107
31 60 99
31 61 97
31 62 95
31 63 102
31 64 104
31 65 99
31 66 94
31 67 97
31 68 98
31 69 108
31 70 101
31 71 92
31 72 96
31 73 92
31 74 99
31 75 103
31 76 95
31 77 101
31 78 101
31 79 95
32 33 105
32 34 108
32 35 102
32 36 102
32 37 105
32 38 100
32 39 102
32 40 98
32 41 109
32 42 93
32 43 98
32 44 100
32 45 98
32 46 93
32 47 97
32 48 93
32 49 105
32 50 94
32 51 97
32 52 98
32 53 99
32 54 108
32 55 98
32 56 95
32 57 101
32 58 95
32 59 95
32 60 91
32 61 99
32 62 105
32 63 89
32 64 96
32 65 108
32 66 101
32 67 105
32 68 102
32 69 105
32 70 105
32 71 103
32 72 92
32 73 95
32 74 98
32 75 104
32 76 96
32 77 97
32 78 96
32 79 87
33 34 106
33 35 96
33 36 90
33 37 96
33 38 99
33 39 99
33 40 92
33 41 104
33 42 89
33 43 103
33 44 104
33 45 97
33 46 101
33 47 105
33 48 104
33 49 99
33 50 97
33 51 94
33 52 92
33 53 104
33 54 95
33 55 92
33 56 96
33 57 103
33 58 106
33 59 100
33 60 103
33 61 103
33 62 106
33 63 100
33 64 99
33 65 103
33 66 103
33 67 91
33 68 97
33 69 100
33 70 110
33 71 108
33 72 95
33 73 94
33 74 97
33 75 103
33 76 106
33 77 103
33 78 101
33 79 97
34 35 91
34 36 101
34 37 103
34 38 95
34 39 101
34 40 99
34 41 93
34 42 97
34 43 97
34 44 100
34 45 97
34 46 97
34 47 98
34 48 101
34 49 96
34 50 99
34 51 96
34 52 104
34 53 109
34 54 100
34 55 101
34 56 100
34 57 90
34 58 104
34 59 98
34 60 100
34 61 99
34 62 104
34 63 98
34 64 105
34 65 97
34 66 89
34 67 103
34 68 95
34 69 98
34 70 101
34 71 93
34 72 95
34 73 91
34 74 93
34 75 95
34 76 102
34 77 102
34 78 98
34 79 98
35 36 98
35 37 101
35 38 100
35 39 94
35 40 104
35 41 95
35 42 107
35 43 105
35 44 94
35 45 95
35 46 103
35 47 106
35 48 98
35 49 99
35 50 94
35 51 94
35 52 94
35 53 103
35 54 97
35 55 103
35 56 99
35 57 105
35 58 97
35 59 94
35 60 98
35 61 101
35 62 100
35 63 100
35 64 90
35 65 101
35 66 100
35 67 99
35 68 101
35 69 101
35 70 99
35 71 98
35 72 89
35 73 100
35 74 97
35 75 98
35 76 102
35 77 100
35 78 95
35 79 94
36 37 102
36 38 101
36 39 96
36 40 110
36 41 109
36 42 99
36 43 95
36 44 95
36 45 98
36 46 103
36 47 104
36 48 100
36 49 93
36 50 94
36 51 89
36 52 115
36 53 98
36 54 104
36 55 103
36 56 107
36 57 98
36 58 102
36 59 96
36 60 93
36 61 103
36 62 100
36 63 96
36 64 103
36 65 103
36 66 108
36 67 93
36 68 95
36 69 96
36 70 99
36 71 102
36 72 94
36 73 104
36 74 95
36 75 100
36 76 105
36 77 91
36 78 100
36 79 94
37 38 103
37 39 98
37 40 104
37 41 101
37 42 94
37 43 92
37 44 105
37 45 103
37 46 94
37 47 91
37 48 98
37 49 101
37 50 99
37 51 98
37 52 96
37 53 99
37 54 101
37 55 100
37 56 97
37 57 99
37 58 98
37 59 95
37 60 96
37 61 99
37 62 97
37 63 103
37 64 106
37 65 105
37 66 105
37 67 96
37 68 106
37 69 99
37 70 102
37 71 98
37 72 103
37 73 99
37 74 100
37 75 89
37 76 108
37 77 105
37 78 102
37 79 102
38 39 102
38 40 97
38 41 102
38 42 97
38 43 92
38 44 94
38 45 105
38 46 100
38 47 106
38 48 105
38 49 88
38 50 89
38 51 103
38 52 94
38 53 102
38 54 112
38 55 104
38 56 99
38 57 94
38 58 97
38 59 112
38 60 94
38 61 96
38 62 104
38 63 97
38 64 97
38 65 99
38 66 98
38 67 101
38 68 97
38 69 107
38 70 110
38 71 95
38 72 93
38 73 97
38 74 105
38 75 107
38 76 94
38 77 97
38 78 106
38 79 105
39 40 106
39 41 98
39 42 106
39 43 101
39 44 104
39 45 102
39 46 103
39 47 98
39 48 102
39 49 103
39 50 89
39 51 103
39 52 99
39 53 101
39 54 105
39 55 99
39 56 107
39 57 96
39 58 86
39 59 97
39 60 99
39 61 110
39 62 89
39 63 100
39 64 103
39 65 106
39 66 104
39 67 96
39 68 91
39 69 102
39 70 100
39 71 95
39 72 97
39 73 94
39 74 105
39 75 99
39 76 94
39 77 93
39 78 108
39 79 102
40 41 98
40 42 106
40 43 100
40 44 96
40 45 111
40 46 97
40 47 108
40 48 107
40 49 102
40 50 93
40 51 95
40 52 95
40 53 99
40 54 95
40 55 92
40 56 95
40 57 97
40 58 104
40 59 92
40 60 100
40 61 101
40 62 97
40 63 104
40 64 102
40 65 98
40 66 101
40 67 103
40 68 90
40 69 100
40 70 109
40 71 100
40 72 103
40 73 90
40 74 100
40 75 96
40 76 99
40 77 104
40 78 91
40 79 92
41 42 102
41 43 99
41 44 104
41 45 107
41 46 96
41 47 98
41 48 101
41 49 101
41 50 97
41 51 106
41 52 102
41 53 101
41 54 103
41 55 91
41 56 104
41 57 98
41 58 99
41 59 100
41 60 97
41 61 100
41 62 93
41 63 106
41 64 106
41 65 98
41 66 100
41 67 99
41 68 100
41 69 101
41 70 111
41 71 100
41 72 106
41 73 92
41 74 89
41 75 98
41 76 103
41 77 108
41 78 95
41 79 104
42 43 101
42 44 100
42 45 99
42 46 101
42 47 101
42 48 87
42 49 97
42 50 99
42 51 103
42 52 100
42 53 93
42 54 99
42 55 99
42 56 102
42 57 103
42 58 91
42 59 94
42 60 103
42 61 100
42 62 98
42 63 98
42 64 100
42 65 102
42 66 101
42 67 104
42 68 99
42 69 99
42 70 98
42 71 103
42 72 107
42 73 88
42 74 103
42 75 100
42 76 103
42 77 101
42 78 99
42 79 98
43 44 104
43 45 102
43 46 94
43 47 101
43 48 93
43 49 102
43 50 104
43 51 100
43 52 95
43 53 111
43 54 96
43 55 101
43 56 104
43 57 103
43 58 102
43 59 98
43 60 107
43 61 88
43 62 95
43 63 91
43 64 97
43 65 101
43 66 100
43 67 89
43 68 100
43 69 101
43 70 99
43 71 97
43 72 93
43 73 99
43 74 96
43 75 97
43 76 103
43 77 92
43 78 101
43 79 94
44 45 88
44 46 100
44 47 101
44 48 107
44 49 97
44 50 102
44 51 104
44 52 93
44 53 96
44 54 93
44 55 107
44 56 93
44 57 97
44 58 96
44 59 101
44 60 102
44 61 106
44 62 102
44 63 110
44 64 100
44 65 103
44 66 101
44 67 103
44 68 104
44 69 108
44 70 100
44 71 111
44 72 96
44 73 105
44 74 102
44 75 91
44 76 92
44 77 93
44 78 101
44 79 98
45 46 96
45 47 107
45 48 103
45 49 105
45 50 99
45 51 98
45 52 101
45 53 88
45 54 100
45 55 104
45 56 99
45 57 99
45 58 99
45 59 97
45 60 92
45 61 102
45 62 102
45 63 101
45 64 97
45 65 99
45 66 96
45 67 96
45 68 97
45 69 93
45 70 98
45 71 96
45 72 110
45 73 100
45 74 94
45 75 102
45 76 99
45 77 103
45 78 95
45 79 107
46 47 95
46 48 103
46 49 95
46 50 97
46 51 102
46 52 94
46 53 102
46 54 96
46 55 96
46 56 102
46 57 99
46 58 89
46 59 96
46 60 105
46 61 96
46 62 104
46 63 97
46 64 95
46 65 102
46 66 94
46 67 91
46 68 97
46 69 97
46 70 98
46 71 87
46 72 92
46 73 92
46 74 106
46 75 98
46 76 107
46 77 104
46 78 104
46 79 110
47 48 101
47 49 95
47 50 97
47 51 98
47 52 101
47 53 105
47 54 95
47 55 99
47 56 103
47 57 95
47 58 93
47 59 102
47 60 102
47 61 95
47 62 91
47 63 106
47 64 95
47 65 104
47 66 98
47 67 94
47 68 100
47 69 92
47 70 100
47 71 99
47 72 92
47 73 101
47 74 100
47 75 99
47 76 100
47 77 102
47 78 99
47 79 97
48 49 100
48 50 94
48 51 97
48 52 104
48 53 97
48 54 105
48 55 98
48 56 108
48 57 104
48 58 97
48 59 94
48 60 92
48 61 91
48 62 93
48 63 96
48 64 98
48 65 99
48 66 92
48 67 100
48 68 109
48 69 102
48 70 104
48 71 107
48 72 99
48 73 98
48 74 101
48 75 101
48 76 96
48 77 95
48 78 99
48 79 96
49 50 109
49 51 105
49 52 102
49 53 98
49 54 100
49 55 99
49 56 91
49 57 103
49 58 115
49 59 98
49 60 101
49 61 105
49 62 96
49 63 101
49 64 91
49 65 96
49 66 105
49 67 101
49 68 107
49 69 98
49 70 106
49 71 103
49 72 95
49 73 93
49 74 95
49 75 102
49 76 102
49 77 101
49 78 99
49 79 104
50 51 112
50 52 94
50 53 101
50 54 97
50 55 94
50 56 98
50 57 95
50 58 93
50 59 98
50 60 102
50 61 98
50 62 104
50 63 97
50 64 101
50 65 104
50 66 113
50 67 99
50 68 99
50 69 100
50 70 101
50 71 97
50 72 102
50 73 96
50 74 98
50 75 109
50 76 99
50 77 105
50 78 102
50 79 94
51 52 105
51 53 104
51 54 100
51 55 96
51 56 106
51 57 93
51 58 105
51 59 102
51 60 98
51 61 92
51 62 99
51 63 94
51 64 102
51 65 100
51 66 104
51 67 103
51 68 91
51 69 100
51 70 102
51 71 99
51 72 100
51 73 96
51 74 103
51 75 98
51 76 105
51 77 101
51 78 107
51 79 108
52 53 97
52 54 100
52 55 99
52 56 100
52 57 93
52 58 110
52 59 92
52 60 96
52 61 95
52 62 107
52 63 90
52 64 98
52 65 103
52 66 106
52 67 96
52 68 96
52 69 97
52 70 98
52 71 100
52 72 95
52 73 96
52 74 109
52 75 103
52 76 89
52 77 105
52 78 101
52 79 103
53 54 95
53 55 100
53 56 102
53 57 92
53 58 96
53 59 96
53 60 101
53 61 113
53 62 95
53 63 106
53 64 99
53 65 100
53 66 105
53 67 87
53 68 101
53 69 104
53 70 92
53 71 106
53 72 99
53 73 99
53 74 103
53 75 99
53 76 106
53 77 106
53 78 112
53 79 100
54 55 97
54 56 106
54 57 95
54 58 98
54 59 97
54 60 102
54 61 95
54 62 104
54 63 102
54 64 103
54 65 91
54 66 94
54 67 114
54 68 99
54 69 106
54 70 95
54 71 96
54 72 96
54 73 109
54 74 100
54 75 98
54 76 105
54 77 102
54 78 93
54 79 100
55 56 93
55 57 102
55 58 94
55 59 93
55 60 104
55 61 102
55 62 107
55 63 99
55 64 93
55 65 95
55 66 104
55 67 111
55 68 95
55 69 98
55 70 104
55 71 106
55 72 93
55 73 102
55 74 98
55 75 110
55 76 99
55 77 100
55 78 111
55 79 102
56 57 94
56 58 105
56 59 110
56 60 104
56 61 99
56 62 92
56 63 97
56 64 99
56 65 99
56 66 99
56 67 97
56 68 98
56 69 105
56 70 99
56 71 102
56 72 92
56 73 101
56 74 99
56 75 103
56 76 107
56 77 104
56 78 98
56 79 104
57 58 97
57 59 100
57 60 102
57 61 100
57 62 105
57 63 94
57 64 89
57 65 89
57 66 101
57 67 97
57 68 104
57 69 98
57 70 101
57 71 99
57 72 102
57 73 104
57 74 102
57 75 98
57 76 105
57 77 91
57 78 100
57 79 94
58 59 93
58 60 96
58 61 105
58 62 108
58 63 86
58 64 92
58 65 102
58 66 104
58 67 101
58 68 106
58 69 96
58 70 104
58 71 103
58 72 100
58 73 102
58 74 97
58 75 103
58 76 95
58 77 96
58 78 97
58 79 99
59 60 102
59 61 96
59 62 106
59 63 99
59 64 103
59 65 97
59 66 99
59 67 90
59 68 96
59 69 93
59 70 103
59 71 102
59 72 98
59 73 99
59 74 110
59 75 96
59 76 103
59 77 100
59 78 104
59 79 100
60 61 102
60 62 107
60 63 103
60 64 99
60 65 97
60 66 101
60 67 98
60 68 101
60 69 97
60 70 100
60 71 105
60 72 105
60 73 100
60 74 92
60 75 100
60 76 106
60 77 95
60 78 104
60 79 100
61 62 99
61 63 94
61 64 96
61 65 98
61 66 95
61 67 97
61 68 103
61 69 101
61 70 98
61 71 93
61 72 94
61 73 109
61 74 104
61 75 94
61 76 114
61 77 104
61 78 97
61 79 103
62 63 99
62 64 89
62 65 95
62 66 99
62 67 98
62 68 100
62 69 97
62 70 98
62 71 98
62 72 101
62 73 100
62 74 103
62 75 95
62 76 93
62 77 102
62 78 104
62 79 97
63 64 99
63 65 100
63 66 97
63 67 102
63 68 102
63 69 99
63 70 99
63 71 101
63 72 92
63 73 86
63 74 94
63 75 106
63 76 107
63 77 101
63 78 100
63 79 96
64 65 92
64 66 100
64 67 104
64 68 99
64 69 96
64 70 108
64 71 98
64 72 102
64 73 97
64 74 98
64 75 108
64 76 94
64 77 104
64 78 97
64 79 90
65 66 103
65 67 92
65 68 99
65 69 100
65 70 97
65 71 95
65 72 98
65 73 99
65 74 107
65 75 98
65 76 93
65 77 106
65 78 92
65 79 98
66 67 95
66 68 100
66 69 103
66 70 102
66 71 102
66 72 104
66 73 91
66 74 94
66 75 102
66 76 104
66 77 95
66 78 96
66 79 91
67 68 100
67 69 105
67 70 97
67 71 111
67 72 97
67 73 98
67 74 96
67 75 103
67 76 97
67 77 100
67 78 97
67 79 104
68 69 98
68 70 100
68 71 102
68 72 92
68 73 102
68 74 97
68 75 102
68 76 99
68 77 94
68 78 97
68 79 100
69 70 97
69 71 100
69 72 102
69 73 101
69 74 97
69 75 94
69 76 90
69 77 100
69 78 90
69 79 105
70 71 91
70 72 92
70 73 109
70 74 102
70 75 100
70 76 97
70 77 99
70 78 104
70 79 106
71 72 100
71 73 103
71 74 101
71 75 97
71 76 104
71 77 102
71 78 99
71 79 103
72 73 100
72 74 95
72 75 96
72 76 99
72 77 109
72 78 98
72 79 102
73 74 92
73 75 109
73 76 97
73 77 95
73 78 99
73 79 106
74 75 98
74 76 97
74 77 95
74 78 101
74 79 106
75 76 94
75 77 101
75 78 97
75 79 102
76 77 93
76 78 98
76 79 90
77 78 98
77 79 95
78 79 95
1
0 1 2 3 4 5
