160
0 8 204
0 9 192
0 19 200
0 22 197
0 41 212
0 43 194
0 46 209
0 65 203
0 66 196
0 68 199
1 38 202
1 65 199
2 35 192
2 72 196
3 32 192
3 65 196
4 9 198
4 30 196
4 72 195
5 14 197
5 21 199
5 27 202
5 40 196
6 17 194
6 27 199
6 36 207
6 49 202
6 75 204
7 8 201
7 66 197
8 39 93
8 53 104
8 61 103
8 74 106
8 77 107
9 14 97
9 22 98
9 47 101
10 79 97
11 22 108
11 25 106
11 30 97
11 77 105
12 24 101
12 36 93
12 37 102
12 69 107
13 29 97
13 36 89
13 37 100
13 46 102
13 68 112
14 40 100
14 56 92
14 74 100
15 17 95
15 35 97
15 41 103
15 52 102
16 28 95
16 34 101
16 74 103
16 76 95
16 79 94
17 52 101
18 34 98
18 41 111
18 52 104
18 64 96
19 24 96
19 44 103
19 62 103
19 79 95
20 23 101
20 74 104
21 25 100
21 33 107
21 61 106
22 27 100
22 56 107
22 64 106
22 67 100
23 41 99
23 46 98
23 54 97
23 62 105
25 36 88
25 51 99
25 71 99
26 47 115
26 76 98
27 28 97
27 38 99
27 49 100
28 31 90
28 50 99
28 57 96
28 63 95
29 31 92
29 32 101
29 50 95
29 68 104
29 70 94
29 78 95
30 64 104
30 66 95
32 46 99
32 69 97
33 47 104
33 69 99
34 41 110
34 51 98
35 42 100
35 62 93
35 64 100
35 71 94
37 74 101
38 64 107
39 74 96
39 75 102
40 48 92
40 53 92
40 61 91
41 44 103
41 51 102
41 70 101
43 71 94
43 74 96
45 60 97
45 67 99
45 78 96
46 79 102
47 76 104
47 77 95
48 54 103
48 65 104
49 50 99
49 51 95
49 67 95
51 73 98
53 55 103
53 63 97
53 70 104
54 58 102
54 65 99
54 68 98
55 67 103
57 68 93
58 73 102
59 77 102
60 78 100
66 69 108
66 76 100
68 73 103
68 76 118
69 75 93
70 79 93
73 79 99
75 78 97
76 77 98
1
0 1 2 3 4 5 6 7
