350
0 1 298
0 29 199
0 31 198
0 37 198
0 51 195
0 56 207
0 57 197
1 2 302
1 4 303
1 19 209
1 28 203
1 35 194
1 42 202
1 43 201
1 47 205
1 49 207
1 64 209
1 68 190
1 70 209
1 78 194
2 5 307
2 6 194
2 9 196
2 14 201
2 15 204
2 31 189
2 37 189
2 44 201
2 51 198
2 73 199
3 8 195
3 13 197
3 15 202
3 29 203
3 35 198
3 36 193
3 40 197
3 55 204
4 15 202
4 38 203
4 48 206
4 59 206
4 63 204
4 65 204
4 70 203
5 26 199
5 31 212
5 32 209
5 34 188
5 67 211
6 7 93
6 8 100
6 9 103
6 12 89
6 22 103
6 30 106
6 40 104
6 51 99
6 54 102
6 59 96
6 68 102
7 13 104
7 18 91
7 22 91
7 29 102
7 40 102
7 62 100
7 67 94
7 71 96
7 72 93
7 73 103
8 10 100
8 16 93
8 19 102
8 22 107
8 28 104
8 32 103
8 37 99
8 48 109
8 62 97
8 68 91
8 70 100
8 76 102
9 18 104
9 30 92
9 34 104
9 36 96
9 38 102
9 42 96
9 46 107
9 79 108
10 12 103
10 28 92
10 35 100
10 64 104
10 75 101
11 13 103
11 15 106
11 23 100
11 34 92
11 37 97
11 53 87
11 54 105
11 61 104
11 64 111
11 77 102
12 21 95
12 38 102
12 61 95
12 63 98
13 21 108
13 24 96
13 27 103
13 39 94
13 48 98
13 51 98
13 55 95
13 68 99
13 71 96
14 19 100
14 21 104
14 29 91
14 43 103
14 46 103
14 55 109
14 59 99
14 60 103
15 20 99
15 30 105
15 41 106
15 47 101
15 52 101
16 36 107
16 43 101
16 48 98
16 78 100
17 20 104
17 37 105
17 39 108
17 67 98
17 73 97
17 79 103
18 20 105
18 31 103
18 35 99
18 46 99
18 58 99
19 27 92
19 38 92
19 40 102
19 49 95
19 53 103
19 61 104
19 64 97
19 67 103
20 27 88
20 33 99
20 41 91
20 57 101
20 77 104
21 26 99
21 43 93
21 48 99
21 62 95
21 71 98
21 73 99
21 77 106
22 26 99
22 41 85
22 44 98
22 51 99
22 67 108
22 75 99
23 25 100
23 31 104
23 42 102
23 45 104
23 46 92
23 71 104
24 27 105
24 31 104
24 42 100
24 69 106
25 26 93
25 32 92
25 40 110
25 48 108
25 52 96
25 63 96
25 64 100
25 66 97
25 78 104
26 34 93
26 50 104
26 51 95
26 53 89
26 54 106
27 32 92
27 41 88
27 52 99
27 58 96
27 59 94
27 69 98
27 73 104
28 45 93
28 56 107
28 66 103
28 78 102
29 60 92
30 43 96
30 45 105
30 52 103
30 56 99
30 62 102
30 65 97
31 42 104
31 52 102
31 59 97
31 64 99
32 51 91
32 62 99
32 69 102
32 70 103
33 35 100
33 39 106
33 48 94
33 54 106
33 59 102
33 60 103
33 61 103
33 68 96
33 70 110
34 41 107
34 52 107
34 54 90
34 56 96
34 77 97
35 36 98
35 37 107
35 42 101
35 44 112
35 50 94
36 53 106
36 56 102
36 57 103
36 65 100
37 40 99
37 58 91
37 73 104
37 77 90
38 40 104
38 57 95
38 63 98
38 67 113
39 43 102
39 45 102
39 52 91
39 66 99
39 77 103
40 41 97
40 46 108
40 61 92
40 64 96
40 65 102
40 72 103
40 78 96
41 51 100
41 60 101
41 66 99
41 69 102
41 72 99
42 54 100
42 55 106
42 61 103
42 64 97
42 72 87
43 45 96
43 48 99
43 53 101
43 66 103
43 69 96
43 71 105
43 78 104
44 50 95
44 71 104
45 52 91
46 59 100
46 60 96
46 74 102
47 50 97
47 54 95
47 55 106
47 63 95
47 64 87
47 76 100
47 78 102
48 61 99
48 76 100
49 51 101
49 55 95
49 64 102
49 65 99
50 53 109
50 54 94
50 64 100
50 78 101
51 71 96
51 72 90
51 75 98
52 64 102
52 65 102
52 66 92
52 78 100
53 54 93
53 64 94
53 69 102
53 72 111
54 65 98
54 74 107
55 60 102
55 70 91
55 74 94
56 58 114
56 69 108
57 73 96
57 78 104
58 62 110
58 75 101
58 78 98
58 79 100
59 60 100
59 74 99
60 78 98
61 63 94
61 66 95
61 79 98
62 64 97
62 69 105
63 67 92
63 72 92
63 73 105
63 76 102
64 68 105
64 74 94
65 74 94
66 71 93
70 79 95
71 77 98
71 79 101
72 73 96
1
0 1 2 3 4 5
