632
0 1 294
0 5 293
0 7 296
0 12 302
0 14 298
0 20 196
0 28 200
0 30 198
0 32 200
0 38 198
0 57 201
0 59 207
0 64 192
0 65 200
0 78 202
1 9 297
1 16 205
1 25 198
1 37 198
1 44 197
1 45 191
1 50 201
1 54 204
1 56 196
1 57 210
1 65 202
1 67 198
1 69 197
1 70 208
1 75 205
1 79 200
2 6 304
2 8 301
2 14 297
2 15 298
2 22 202
2 26 201
2 27 204
2 39 202
2 45 203
2 46 199
2 48 198
2 57 193
2 76 199
3 4 300
3 7 299
3 11 303
3 14 294
3 19 201
3 23 205
3 26 205
3 27 201
3 34 205
3 39 195
3 41 201
3 42 204
3 60 194
3 62 192
3 73 202
3 76 192
4 6 308
4 16 204
4 27 195
4 29 205
4 31 192
4 32 200
4 33 206
4 34 195
4 36 205
4 38 198
4 42 200
4 48 190
4 53 200
4 58 196
4 64 204
4 66 206
4 69 189
5 11 301
5 16 195
5 20 202
5 23 197
5 36 193
5 37 201
5 48 201
5 52 200
5 56 207
5 57 194
5 59 196
6 12 296
6 13 297
6 18 203
6 19 207
6 20 195
6 22 193
6 26 193
6 27 195
6 39 200
6 40 198
6 41 195
6 44 203
6 68 193
6 74 196
6 77 195
7 9 298
7 19 193
7 21 199
7 22 199
7 27 201
7 29 205
7 30 200
7 34 200
7 35 205
7 37 205
7 42 197
7 43 200
7 45 199
7 53 198
7 71 199
7 74 197
7 78 202
8 28 197
8 32 197
8 35 204
8 43 203
8 47 200
8 54 193
8 60 197
8 63 205
8 74 196
8 77 195
9 18 202
9 21 193
9 24 203
9 26 203
9 35 206
9 40 201
9 42 197
9 44 199
9 46 203
9 47 196
9 49 199
9 57 200
9 59 206
9 63 202
9 76 188
10 11 296
10 14 302
10 16 200
10 19 201
10 20 200
10 28 195
10 29 195
10 30 205
10 32 195
10 33 198
10 40 203
10 41 200
10 42 185
10 50 197
10 54 204
10 55 198
10 58 202
10 59 198
10 62 191
10 63 210
10 65 196
10 76 198
10 78 206
11 12 301
11 15 308
11 27 205
11 33 207
11 44 211
11 49 192
11 50 204
11 52 202
11 60 207
11 62 204
11 63 199
11 67 203
12 17 192
12 20 202
12 27 207
12 32 198
12 36 195
12 38 188
12 40 206
12 47 194
12 59 190
12 65 205
12 70 200
12 73 203
13 14 298
13 16 206
13 20 205
13 26 197
13 28 203
13 29 199
13 34 208
13 43 190
13 47 202
13 56 192
13 58 200
13 62 203
13 68 188
13 79 204
14 15 297
14 17 193
14 18 194
14 21 200
14 22 202
14 28 201
14 33 205
14 40 205
14 45 201
14 46 197
14 48 192
14 61 196
14 68 198
14 72 200
14 75 200
15 16 199
15 20 194
15 22 210
15 23 201
15 24 202
15 26 202
15 29 209
15 30 203
15 32 198
15 37 198
15 39 194
15 42 192
15 43 206
15 48 203
15 52 198
15 56 195
15 58 195
15 61 188
15 70 199
16 20 111
16 25 95
16 26 96
16 27 97
16 28 94
16 34 100
16 40 98
16 47 102
16 54 102
16 59 100
16 63 91
16 67 108
16 68 105
16 71 105
17 25 97
17 28 90
17 30 101
17 36 101
17 40 98
17 53 101
17 55 95
17 56 95
17 75 100
17 77 101
17 78 101
17 79 97
18 24 97
18 27 93
18 29 114
18 30 86
18 35 99
18 38 97
18 40 103
18 48 100
18 49 100
18 51 98
18 57 94
18 70 101
19 23 88
19 25 100
19 26 86
19 29 95
19 40 109
19 45 98
19 46 95
19 48 95
19 56 107
19 58 95
19 60 95
19 67 104
19 69 102
19 70 102
19 79 91
20 25 111
20 29 104
20 33 91
20 48 103
20 51 94
20 57 101
20 58 105
20 59 93
20 64 94
21 27 101
21 33 108
21 41 104
21 45 103
21 47 109
21 49 97
21 52 100
21 53 99
21 62 100
21 68 104
21 71 90
21 77 102
22 26 111
22 35 109
22 36 90
22 38 102
22 47 86
22 48 103
22 51 98
22 73 100
23 25 100
23 28 101
23 30 100
23 31 91
23 34 92
23 39 97
23 51 95
23 52 95
23 62 97
23 63 99
23 68 88
24 34 93
24 47 111
24 52 96
24 58 108
24 63 96
24 68 99
24 78 94
25 26 95
25 28 98
25 29 98
25 34 106
25 35 103
25 54 97
25 63 98
25 69 94
25 72 102
25 75 105
26 27 95
26 38 104
26 39 102
26 44 88
26 51 96
26 57 100
26 63 99
26 68 102
26 69 97
26 74 98
27 34 108
27 36 100
27 39 102
27 40 100
27 42 104
27 56 101
27 62 105
27 66 100
27 67 103
27 70 106
27 76 99
28 29 97
28 40 103
28 45 103
28 46 101
28 62 93
28 70 93
29 31 99
29 32 100
29 35 97
29 38 96
29 39 104
29 43 98
29 45 96
29 50 104
29 53 100
29 56 98
29 65 96
29 66 105
29 71 102
29 72 94
29 78 95
29 79 95
30 33 93
30 34 107
30 36 92
30 37 98
30 44 97
30 54 100
30 58 100
30 66 91
30 67 111
30 68 92
30 69 98
30 76 99
30 77 102
31 35 96
31 43 100
31 48 106
31 49 98
31 53 100
31 55 106
31 61 107
31 66 103
31 67 100
31 71 108
32 34 106
32 41 101
32 51 101
32 52 100
32 54 96
32 62 98
32 64 93
32 66 98
32 67 102
32 69 95
32 70 99
32 76 97
33 34 97
33 38 107
33 39 98
33 42 103
33 46 99
33 49 93
33 56 108
33 60 96
33 76 90
33 77 90
34 37 98
34 42 103
34 47 98
34 57 100
34 58 91
34 64 98
34 71 90
35 36 96
35 39 96
35 41 99
35 46 98
35 48 102
35 51 95
35 54 99
35 58 93
35 61 107
35 69 92
35 72 102
35 74 95
35 76 102
35 77 100
36 38 98
36 43 107
36 48 103
36 49 92
36 54 103
36 56 94
36 58 102
36 70 93
36 73 87
36 77 105
36 79 96
37 54 91
37 75 102
38 49 99
38 51 98
38 63 106
38 71 97
39 44 102
39 47 96
39 50 102
39 52 106
39 53 102
39 62 91
39 63 101
39 70 106
39 77 101
39 78 101
40 46 103
40 47 102
40 49 104
40 54 108
40 58 100
40 76 105
41 45 103
41 56 107
41 59 95
42 75 98
43 44 101
43 52 95
43 60 102
43 73 103
43 79 96
44 49 93
44 52 105
44 56 96
44 65 94
44 66 94
44 67 99
45 49 105
45 58 99
45 60 104
45 65 101
45 68 96
45 74 111
45 77 100
45 79 96
46 48 98
46 51 105
46 61 101
46 70 104
46 77 100
46 78 101
47 53 93
47 58 91
47 60 103
47 68 102
47 69 103
47 71 109
47 72 102
48 50 93
48 51 102
48 57 102
48 60 99
48 63 107
49 51 105
49 56 101
49 67 104
49 74 101
49 75 99
49 79 110
50 51 94
50 52 97
50 54 102
50 55 97
50 56 104
50 58 100
50 65 100
50 67 101
50 68 101
50 70 101
50 76 101
51 64 100
51 66 99
51 72 96
52 54 91
52 56 103
52 57 108
52 60 99
52 61 98
52 63 103
52 69 108
52 72 105
53 54 109
53 62 101
53 63 105
53 65 93
53 77 108
53 79 102
54 56 106
54 63 97
54 68 100
54 71 91
54 73 103
54 76 100
55 59 98
55 62 101
55 71 96
55 76 101
55 77 101
56 60 101
56 67 95
56 70 95
56 73 103
56 74 98
56 76 95
56 78 100
57 62 103
57 65 101
57 73 105
57 79 102
58 59 102
58 61 105
58 73 98
58 74 105
58 78 93
59 72 97
59 77 112
59 78 106
60 65 96
60 74 108
61 62 95
61 67 100
61 68 106
61 70 96
61 73 98
62 68 95
63 66 93
63 67 103
63 71 107
64 65 103
64 67 94
64 68 96
64 75 102
64 78 95
65 66 97
65 67 105
65 72 110
65 74 99
65 78 100
66 69 98
66 70 98
68 71 101
68 72 100
68 77 102
68 79 101
71 73 94
71 74 92
71 75 98
73 75 104
73 77 100
73 78 94
74 76 100
75 77 103
1
0 1 2 3 4 5 6 7 8 9 10 11 12 13 14 15
