3160
0 1 300
0 2 305
0 3 291
0 4 291
0 5 292
0 6 300
0 7 300
0 8 292
0 9 298
0 10 297
0 11 312
0 12 300
0 13 299
0 14 291
0 15 295
0 16 194
0 17 199
0 18 202
0 19 203
0 20 196
0 21 196
0 22 206
0 23 192
0 24 200
0 25 192
0 26 202
0 27 204
0 28 197
0 29 196
0 30 199
0 31 194
0 32 203
0 33 196
0 34 207
0 35 201
0 36 207
0 37 199
0 38 200
0 39 198
0 40 199
0 41 196
0 42 198
0 43 205
0 44 200
0 45 198
0 46 200
0 47 192
0 48 200
0 49 197
0 50 205
0 51 193
0 52 199
0 53 198
0 54 194
0 55 193
0 56 195
0 57 199
0 58 207
0 59 200
0 60 202
0 61 212
0 62 192
0 63 197
0 64 191
0 65 199
0 66 192
0 67 201
0 68 201
0 69 196
0 70 201
0 71 203
0 72 202
0 73 193
0 74 198
0 75 205
0 76 208
0 77 204
0 78 199
0 79 206
1 2 300
1 3 298
1 4 303
1 5 302
1 6 294
1 7 303
1 8 288
1 9 301
1 10 295
1 11 298
1 12 296
1 13 300
1 14 301
1 15 298
1 16 207
1 17 192
1 18 199
1 19 203
1 20 199
1 21 189
1 22 213
1 23 189
1 24 199
1 25 194
1 26 204
1 27 201
1 28 199
1 29 200
1 30 201
1 31 201
1 32 204
1 33 204
1 34 202
1 35 203
1 36 197
1 37 200
1 38 194
1 39 198
1 40 208
1 41 201
1 42 190
1 43 197
1 44 198
1 45 197
1 46 195
1 47 193
1 48 197
1 49 200
1 50 188
1 51 190
1 52 192
1 53 197
1 54 195
1 55 190
1 56 190
1 57 203
1 58 199
1 59 190
1 60 196
1 61 199
1 62 198
1 63 200
1 64 209
1 65 194
1 66 190
1 67 203
1 68 206
1 69 200
1 70 204
1 71 204
1 72 194
1 73 192
1 74 199
1 75 198
1 76 198
1 77 198
1 78 200
1 79 197
2 3 302
2 4 294
2 5 292
2 6 295
2 7 288
2 8 307
2 9 296
2 10 306
2 11 301
2 12 296
2 13 302
2 14 302
2 15 305
2 16 193
2 17 202
2 18 202
2 19 188
2 20 199
2 21 194
2 22 198
2 23 193
2 24 211
2 25 198
2 26 194
2 27 198
2 28 195
2 29 206
2 30 194
2 31 201
2 32 192
2 33 206
2 34 208
2 35 193
2 36 194
2 37 202
2 38 194
2 39 200
2 40 198
2 41 198
2 42 203
2 43 206
2 44 202
2 45 203
2 46 203
2 47 206
2 48 201
2 49 206
2 50 200
2 51 206
2 52 206
2 53 201
2 54 189
2 55 203
2 56 206
2 57 209
2 58 194
2 59 209
2 60 203
2 61 191
2 62 196
2 63 203
2 64 202
2 65 200
2 66 210
2 67 197
2 68 199
2 69 191
2 70 201
2 71 212
2 72 201
2 73 202
2 74 204
2 75 205
2 76 199
2 77 201
2 78 193
2 79 202
3 4 297
3 5 296
3 6 301
3 7 297
3 8 303
3 9 303
3 10 301
3 11 294
3 12 304
3 13 297
3 14 310
3 15 296
3 16 203
3 17 197
3 18 192
3 19 199
3 20 192
3 21 207
3 22 197
3 23 204
3 24 197
3 25 200
3 26 208
3 27 206
3 28 199
3 29 202
3 30 192
3 31 208
3 32 196
3 33 202
3 34 197
3 35 191
3 36 199
3 37 198
3 38 207
3 39 201
3 40 204
3 41 189
3 42 200
3 43 206
3 44 198
3 45 200
3 46 200
3 47 201
3 48 197
3 49 201
3 50 205
3 51 198
3 52 204
3 53 199
3 54 198
3 55 194
3 56 195
3 57 205
3 58 201
3 59 194
3 60 207
3 61 195
3 62 203
3 63 199
3 64 200
3 65 200
3 66 199
3 67 204
3 68 205
3 69 201
3 70 200
3 71 202
3 72 194
3 73 196
3 74 195
3 75 205
3 76 202
3 77 197
3 78 203
3 79 199
4 5 302
4 6 296
4 7 305
4 8 300
4 9 290
4 10 292
4 11 298
4 12 296
4 13 298
4 14 300
4 15 293
4 16 196
4 17 198
4 18 203
4 19 192
4 20 198
4 21 202
4 22 198
4 23 202
4 24 200
4 25 199
4 26 194
4 27 192
4 28 200
4 29 195
4 30 195
4 31 191
4 32 203
4 33 198
4 34 202
4 35 206
4 36 201
4 37 194
4 38 203
4 39 202
4 40 197
4 41 199
4 42 195
4 43 194
4 44 197
4 45 189
4 46 192
4 47 202
4 48 201
4 49 199
4 50 195
4 51 192
4 52 205
4 53 205
4 54 192
4 55 193
4 56 207
4 57 193
4 58 199
4 59 195
4 60 202
4 61 199
4 62 186
4 63 200
4 64 206
4 65 198
4 66 192
4 67 199
4 68 201
4 69 198
4 70 199
4 71 192
4 72 192
4 73 198
4 74 201
4 75 196
4 76 204
4 77 194
4 78 196
4 79 194
5 6 289
5 7 304
5 8 304
5 9 297
5 10 295
5 11 297
5 12 294
5 13 303
5 14 296
5 15 301
5 16 197
5 17 198
5 18 206
5 19 202
5 20 194
5 21 206
5 22 201
5 23 203
5 24 201
5 25 208
5 26 202
5 27 207
5 28 199
5 29 191
5 30 201
5 31 203
5 32 197
5 33 200
5 34 207
5 35 197
5 36 195
5 37 200
5 38 196
5 39 198
5 40 196
5 41 200
5 42 191
5 43 194
5 44 206
5 45 202
5 46 193
5 47 199
5 48 204
5 49 197
5 50 208
5 51 204
5 52 201
5 53 196
5 54 198
5 55 189
5 56 197
5 57 203
5 58 209
5 59 197
5 60 206
5 61 197
5 62 193
5 63 201
5 64 195
5 65 202
5 66 202
5 67 203
5 68 197
5 69 194
5 70 192
5 71 209
5 72 199
5 73 201
5 74 197
5 75 204
5 76 208
5 77 197
5 78 198
5 79 194
6 7 300
6 8 299
6 9 303
6 10 293
6 11 299
6 12 304
6 13 299
6 14 304
6 15 293
6 16 196
6 17 207
6 18 204
6 19 200
6 20 203
6 21 197
6 22 200
6 23 203
6 24 196
6 25 205
6 26 195
6 27 199
6 28 205
6 29 198
6 30 200
6 31 205
6 32 201
6 33 199
6 34 204
6 35 197
6 36 198
6 37 196
6 38 194
6 39 201
6 40 195
6 41 199
6 42 201
6 43 198
6 44 202
6 45 196
6 46 193
6 47 191
6 48 199
6 49 205
6 50 197
6 51 197
6 52 204
6 53 200
6 54 211
6 55 206
6 56 202
6 57 196
6 58 195
6 59 200
6 60 205
6 61 199
6 62 199
6 63 199
6 64 213
6 65 205
6 66 192
6 67 202
6 68 199
6 69 204
6 70 200
6 71 201
6 72 203
6 73 201
6 74 205
6 75 198
6 76 196
6 77 203
6 78 210
6 79 201
7 8 305
7 9 291
7 10 309
7 11 304
7 12 307
7 13 305
7 14 296
7 15 296
7 16 191
7 17 198
7 18 199
7 19 198
7 20 196
7 21 190
7 22 203
7 23 202
7 24 200
7 25 199
7 26 204
7 27 202
7 28 192
7 29 193
7 30 210
7 31 191
7 32 206
7 33 197
7 34 202
7 35 203
7 36 192
7 37 199
7 38 200
7 39 201
7 40 207
7 41 194
7 42 197
7 43 196
7 44 204
7 45 206
7 46 186
7 47 204
7 48 192
7 49 206
7 50 189
7 51 197
7 52 202
7 53 204
7 54 195
7 55 208
7 56 203
7 57 190
7 58 198
7 59 206
7 60 205
7 61 202
7 62 198
7 63 202
7 64 189
7 65 195
7 66 200
7 67 195
7 68 199
7 69 201
7 70 202
7 71 205
7 72 193
7 73 205
7 74 198
7 75 201
7 76 203
7 77 197
7 78 199
7 79 199
8 9 298
8 10 294
8 11 302
8 12 305
8 13 306
8 14 306
8 15 296
8 16 208
8 17 200
8 18 195
8 19 192
8 20 198
8 21 205
8 22 200
8 23 203
8 24 206
8 25 194
8 26 192
8 27 191
8 28 194
8 29 192
8 30 198
8 31 198
8 32 195
8 33 199
8 34 198
8 35 202
8 36 197
8 37 203
8 38 195
8 39 194
8 40 196
8 41 195
8 42 201
8 43 200
8 44 199
8 45 203
8 46 195
8 47 186
8 48 202
8 49 191
8 50 197
8 51 194
8 52 201
8 53 194
8 54 205
8 55 196
8 56 206
8 57 196
8 58 196
8 59 202
8 60 194
8 61 201
8 62 208
8 63 202
8 64 205
8 65 202
8 66 205
8 67 207
8 68 196
8 69 198
8 70 199
8 71 192
8 72 206
8 73 203
8 74 198
8 75 195
8 76 201
8 77 206
8 78 207
8 79 195
9 10 300
9 11 300
9 12 298
9 13 302
9 14 289
9 15 301
9 16 211
9 17 206
9 18 201
9 19 201
9 20 206
9 21 201
9 22 206
9 23 198
9 24 190
9 25 207
9 26 196
9 27 203
9 28 204
9 29 201
9 30 205
9 31 202
9 32 199
9 33 206
9 34 201
9 35 193
9 36 197
9 37 196
9 38 195
9 39 202
9 40 202
9 41 204
9 42 195
9 43 209
9 44 207
9 45 200
9 46 209
9 47 199
9 48 208
9 49 200
9 50 201
9 51 193
9 52 201
9 53 203
9 54 193
9 55 199
9 56 195
9 57 198
9 58 197
9 59 184
9 60 205
9 61 201
9 62 198
9 63 200
9 64 206
9 65 204
9 66 206
9 67 203
9 68 190
9 69 197
9 70 195
9 71 206
9 72 199
9 73 192
9 74 207
9 75 202
9 76 189
9 77 200
9 78 203
9 79 203
10 11 305
10 12 298
10 13 297
10 14 300
10 15 289
10 16 194
10 17 205
10 18 212
10 19 198
10 20 186
10 21 202
10 22 193
10 23 195
10 24 193
10 25 204
10 26 202
10 27 207
10 28 192
10 29 195
10 30 196
10 31 202
10 32 203
10 33 200
10 34 198
10 35 197
10 36 193
10 37 196
10 38 193
10 39 201
10 40 203
10 41 200
10 42 203
10 43 204
10 44 196
10 45 194
10 46 205
10 47 207
10 48 203
10 49 204
10 50 203
10 51 201
10 52 197
10 53 195
10 54 198
10 55 207
10 56 191
10 57 198
10 58 212
10 59 198
10 60 185
10 61 197
10 62 199
10 63 193
10 64 205
10 65 207
10 66 194
10 67 196
10 68 199
10 69 197
10 70 201
10 71 198
10 72 199
10 73 201
10 74 198
10 75 211
10 76 200
10 77 202
10 78 195
10 79 201
11 12 296
11 13 300
11 14 302
11 15 296
11 16 195
11 17 200
11 18 192
11 19 201
11 20 204
11 21 194
11 22 195
11 23 194
11 24 206
11 25 198
11 26 202
11 27 199
11 28 196
11 29 194
11 30 192
11 31 202
11 32 204
11 33 207
11 34 199
11 35 191
11 36 213
11 37 199
11 38 199
11 39 194
11 40 196
11 41 193
11 42 205
11 43 207
11 44 198
11 45 195
11 46 200
11 47 198
11 48 196
11 49 200
11 50 208
11 51 205
11 52 202
11 53 197
11 54 195
11 55 188
11 56 197
11 57 201
11 58 194
11 59 197
11 60 191
11 61 196
11 62 202
11 63 201
11 64 208
11 65 198
11 66 202
11 67 202
11 68 193
11 69 208
11 70 200
11 71 203
11 72 202
11 73 198
11 74 210
11 75 204
11 76 215
11 77 201
11 78 194
11 79 208
12 13 305
12 14 300
12 15 297
12 16 205
12 17 198
12 18 195
12 19 193
12 20 199
12 21 199
12 22 197
12 23 206
12 24 204
12 25 202
12 26 194
12 27 196
12 28 200
12 29 194
12 30 195
12 31 205
12 32 199
12 33 202
12 34 204
12 35 198
12 36 195
12 37 206
12 38 209
12 39 208
12 40 191
12 41 204
12 42 192
12 43 198
12 44 197
12 45 199
12 46 200
12 47 190
12 48 193
12 49 198
12 50 205
12 51 204
12 52 199
12 53 201
12 54 194
12 55 194
12 56 200
12 57 199
12 58 200
12 59 203
12 60 208
12 61 199
12 62 205
12 63 199
12 64 199
12 65 208
12 66 198
12 67 195
12 68 199
12 69 200
12 70 202
12 71 209
12 72 192
12 73 202
12 74 198
12 75 190
12 76 201
12 77 201
12 78 211
12 79 204
13 14 291
13 15 295
13 16 202
13 17 210
13 18 196
13 19 197
13 20 195
13 21 197
13 22 198
13 23 192
13 24 201
13 25 198
13 26 202
13 27 210
13 28 205
13 29 198
13 30 202
13 31 196
13 32 210
13 33 196
13 34 205
13 35 194
13 36 200
13 37 204
13 38 198
13 39 192
13 40 202
13 41 202
13 42 203
13 43 205
13 44 194
13 45 200
13 46 196
13 47 206
13 48 195
13 49 195
13 50 206
13 51 204
13 52 189
13 53 200
13 54 201
13 55 207
13 56 201
13 57 206
13 58 195
13 59 203
13 60 193
13 61 201
13 62 197
13 63 194
13 64 203
13 65 207
13 66 203
13 67 209
13 68 207
13 69 205
13 70 202
13 71 199
13 72 201
13 73 203
13 74 199
13 75 194
13 76 197
13 77 199
13 78 207
13 79 190
14 15 304
14 16 205
14 17 202
14 18 201
14 19 199
14 20 195
14 21 206
14 22 203
14 23 203
14 24 205
14 25 208
14 26 201
14 27 201
14 28 207
14 29 202
14 30 200
14 31 198
14 32 195
14 33 203
14 34 204
14 35 207
14 36 209
14 37 200
14 38 203
14 39 206
14 40 206
14 41 198
14 42 198
14 43 196
14 44 202
14 45 206
14 46 199
14 47 199
14 48 198
14 49 195
14 50 195
14 51 206
14 52 191
14 53 195
14 54 194
14 55 207
14 56 199
14 57 193
14 58 200
14 59 202
14 60 204
14 61 203
14 62 204
14 63 194
14 64 195
14 65 190
14 66 193
14 67 197
14 68 200
14 69 198
14 70 200
14 71 202
14 72 196
14 73 200
14 74 200
14 75 191
14 76 197
14 77 200
14 78 204
14 79 197
15 16 209
15 17 204
15 18 206
15 19 199
15 20 202
15 21 203
15 22 197
15 23 208
15 24 201
15 25 196
15 26 199
15 27 197
15 28 207
15 29 198
15 30 192
15 31 200
15 32 199
15 33 205
15 34 205
15 35 201
15 36 200
15 37 198
15 38 192
15 39 210
15 40 197
15 41 204
15 42 203
15 43 197
15 44 203
15 45 206
15 46 200
15 47 200
15 48 199
15 49 196
15 50 199
15 51 208
15 52 198
15 53 202
15 54 198
15 55 201
15 56 200
15 57 200
15 58 190
15 59 193
15 60 203
15 61 198
15 62 200
15 63 204
15 64 196
15 65 199
15 66 194
15 67 196
15 68 194
15 69 193
15 70 198
15 71 197
15 72 192
15 73 201
15 74 196
15 75 198
15 76 191
15 77 209
15 78 199
15 79 203
16 17 94
16 18 101
16 19 99
16 20 99
16 21 95
16 22 98
16 23 97
16 24 100
16 25 108
16 26 100
16 27 99
16 28 104
16 29 100
16 30 108
16 31 102
16 32 100
16 33 106
16 34 95
16 35 97
16 36 90
16 37 102
16 38 92
16 39 110
16 40 101
16 41 102
16 42 92
16 43 105
16 44 92
16 45 94
16 46 87
16 47 90
16 48 99
16 49 95
16 50 103
16 51 98
16 52 94
16 53 101
16 54 98
16 55 102
16 56 103
16 57 101
16 58 101
16 59 92
16 60 100
16 61 108
16 62 104
16 63 98
16 64 95
16 65 112
16 66 95
16 67 97
16 68 95
16 69 100
16 70 96
16 71 99
16 72 102
16 73 101
16 74 106
16 75 96
16 76 101
16 77 106
16 78 97
16 79 98
17 18 91
17 19 89
17 20 100
17 21 101
17 22 86
17 23 102
17 24 102
17 25 91
17 26 103
17 27 99
17 28 106
17 29 97
17 30 102
17 31 103
17 32 90
17 33 100
17 34 103
17 35 97
17 36 98
17 37 95
17 38 101
17 39 104
17 40 98
17 41 92
17 42 101
17 43 93
17 44 103
17 45 100
17 46 98
17 47 97
17 48 95
17 49 105
17 50 101
17 51 96
17 52 97
17 53 108
17 54 97
17 55 97
17 56 99
17 57 102
17 58 95
17 59 99
17 60 103
17 61 95
17 62 101
17 63 99
17 64 98
17 65 99
17 66 103
17 67 97
17 68 105
17 69 99
17 70 102
17 71 94
17 72 99
17 73 97
17 74 102
17 75 109
17 76 95
17 77 99
17 78 96
17 79 108
18 19 96
18 20 97
18 21 93
18 22 94
18 23 98
18 24 91
18 25 90
18 26 101
18 27 97
18 28 107
18 29 102
18 30 96
18 31 98
18 32 107
18 33 103
18 34 97
18 35 99
18 36 102
18 37 93
18 38 97
18 39 97
18 40 98
18 41 97
18 42 98
18 43 106
18 44 102
18 45 94
18 46 111
18 47 110
18 48 105
18 49 99
18 50 100
18 51 93
18 52 106
18 53 100
18 54 99
18 55 96
18 56 89
18 57 102
18 58 94
18 59 104
18 60 95
18 61 101
18 62 106
18 63 107
18 64 90
18 65 109
18 66 104
18 67 100
18 68 98
18 69 100
18 70 101
18 71 105
18 72 107
18 73 94
18 74 98
18 75 93
18 76 98
18 77 100
18 78 97
18 79 100
19 20 102
19 21 99
19 22 103
19 23 113
19 24 96
19 25 104
19 26 89
19 27 104
19 28 96
19 29 105
19 30 101
19 31 100
19 32 101
19 33 91
19 34 103
19 35 96
19 36 99
19 37 101
19 38 100
19 39 94
19 40 92
19 41 92
19 42 95
19 43 98
19 44 95
19 45 100
19 46 95
19 47 94
19 48 98
19 49 95
19 50 102
19 51 101
19 52 103
19 53 97
19 54 101
19 55 102
19 56 92
19 57 106
19 58 111
19 59 98
19 60 103
19 61 93
19 62 95
19 63 94
19 64 98
19 65 101
19 66 105
19 67 104
19 68 102
19 69 94
19 70 96
19 71 91
19 72 90
19 73 106
19 74 92
19 75 99
19 76 96
19 77 95
19 78 97
19 79 94
20 21 98
20 22 112
20 23 99
20 24 99
20 25 99
20 26 99
20 27 102
20 28 94
20 29 102
20 30 96
20 31 107
20 32 92
20 33 88
20 34 93
20 35 101
20 36 98
20 37 100
20 38 98
20 39 99
20 40 110
20 41 97
20 42 107
20 43 102
20 44 107
20 45 101
20 46 97
20 47 102
20 48 106
20 49 104
20 50 99
20 51 104
20 52 99
20 53 100
20 54 103
20 55 99
20 56 95
20 57 106
20 58 97
20 59 96
20 60 97
20 61 103
20 62 104
20 63 98
20 64 103
20 65 94
20 66 94
20 67 101
20 68 105
20 69 98
20 70 99
20 71 111
20 72 102
20 73 106
20 74 108
20 75 90
20 76 111
20 77 90
20 78 107
20 79 96
21 22 92
21 23 101
21 24 100
21 25 103
21 26 98
21 27 101
21 28 98
21 29 97
21 30 98
21 31 107
21 32 105
21 33 105
21 34 101
21 35 102
21 36 96
21 37 101
21 38 103
21 39 94
21 40 89
21 41 91
21 42 99
21 43 94
21 44 98
21 45 97
21 46 102
21 47 101
21 48 100
21 49 97
21 50 104
21 51 98
21 52 94
21 53 110
21 54 97
21 55 95
21 56 104
21 57 99
21 58 100
21 59 109
21 60 91
21 61 100
21 62 102
21 63 105
21 64 104
21 65 98
21 66 103
21 67 108
21 68 91
21 69 100
21 70 97
21 71 98
21 72 101
21 73 101
21 74 101
21 75 105
21 76 95
21 77 101
21 78 103
21 79 97
22 23 99
22 24 93
22 25 98
22 26 98
22 27 103
22 28 101
22 29 102
22 30 106
22 31 100
22 32 97
22 33 97
22 34 103
22 35 98
22 36 101
22 37 101
22 38 100
22 39 87
22 40 98
22 41 103
22 42 96
22 43 105
22 44 88
22 45 102
22 46 91
22 47 100
22 48 97
22 49 94
22 50 94
22 51 90
22 52 109
22 53 94
22 54 92
22 55 106
22 56 99
22 57 96
22 58 95
22 59 101
22 60 90
22 61 98
22 62 97
22 63 105
22 64 98
22 65 99
22 66 99
22 67 99
22 68 101
22 69 100
22 70 105
22 71 95
22 72 109
22 73 93
22 74 93
22 75 105
22 76 110
22 77 99
22 78 100
22 79 91
23 24 98
23 25 94
23 26 104
23 27 100
23 28 103
23 29 101
23 30 104
23 31 102
23 32 103
23 33 103
23 34 97
23 35 98
23 36 106
23 37 95
23 38 95
23 39 98
23 40 95
23 41 102
23 42 109
23 43 104
23 44 105
23 45 102
23 46 98
23 47 97
23 48 101
23 49 101
23 50 97
23 51 102
23 52 106
23 53 102
23 54 98
23 55 105
23 56 97
23 57 99
23 58 99
23 59 100
23 60 98
23 61 103
23 62 100
23 63 96
23 64 100
23 65 102
23 66 100
23 67 98
23 68 96
23 69 104
23 70 99
23 71 108
23 72 91
23 73 99
23 74 105
23 75 95
23 76 95
23 77 99
23 78 97
23 79 91
24 25 103
24 26 106
24 27 104
24 28 103
24 29 100
24 30 99
24 31 97
24 32 102
24 33 95
24 34 101
24 35 109
24 36 94
24 37 101
24 38 103
24 39 94
24 40 103
24 41 93
24 42 91
24 43 93
24 44 95
24 45 94
24 46 97
24 47 102
24 48 101
24 49 93
24 50 102
24 51 104
24 52 99
24 53 111
24 54 102
24 55 94
24 56 102
24 57 99
24 58 95
24 59 96
24 60 107
24 61 99
24 62 103
24 63 106
24 64 106
24 65 103
24 66 95
24 67 107
24 68 100
24 69 97
24 70 99
24 71 112
24 72 90
24 73 100
24 74 103
24 75 97
24 76 92
24 77 104
24 78 100
24 79 107
25 26 100
25 27 109
25 28 104
25 29 97
25 30 101
25 31 95
25 32 105
25 33 91
25 34 91
25 35 101
25 36 102
25 37 100
25 38 104
25 39 103
25 40 98
25 41 92
25 42 90
25 43 96
25 44 95
25 45 99
25 46 97
25 47 104
25 48 98
25 49 97
25 50 105
25 51 90
25 52 108
25 53 109
25 54 95
25 55 98
25 56 91
25 57 109
25 58 93
25 59 99
25 60 99
25 61 99
25 62 100
25 63 103
25 64 99
25 65 105
25 66 95
25 67 107
25 68 100
25 69 105
25 70 95
25 71 100
25 72 101
25 73 102
25 74 109
25 75 109
25 76 99
25 77 103
25 78 101
25 79 101
26 27 91
26 28 101
26 29 103
26 30 105
26 31 96
26 32 103
26 33 99
26 34 104
26 35 115
26 36 98
26 37 98
26 38 107
26 39 101
26 40 99
26 41 98
26 42 96
26 43 98
26 44 97
26 45 96
26 46 100
26 47 96
26 48 97
26 49 94
26 50 100
26 51 101
26 52 96
26 53 104
26 54 108
26 55 99
26 56 103
26 57 97
26 58 101
26 59 89
26 60 102
26 61 96
26 62 103
26 63 96
26 64 101
26 65 99
26 66 106
26 67 92
26 68 106
26 69 101
26 70 89
26 71 109
26 72 98
26 73 103
26 74 107
26 75 103
26 76 97
26 77 103
26 78 105
26 79 98
27 28 94
27 29 100
27 30 99
27 31 97
27 32 99
27 33 98
27 34 98
27 35 95
27 36 104
27 37 101
27 38 110
27 39 97
27 40 109
27 41 91
27 42 102
27 43 102
27 44 96
27 45 100
27 46 104
27 47 100
27 48 99
27 49 103
27 50 98
27 51 104
27 52 110
27 53 100
27 54 105
27 55 90
27 56 104
27 57 92
27 58 102
27 59 102
27 60 100
27 61 109
27 62 97
27 63 95
27 64 99
27 65 104
27 66 96
27 67 94
27 68 94
27 69 101
27 70 94
27 71 93
27 72 100
27 73 102
27 74 95
27 75 105
27 76 109
27 77 96
27 78 100
27 79 99
28 29 92
28 30 95
28 31 102
28 32 106
28 33 102
28 34 101
28 35 94
28 36 95
28 37 105
28 38 102
28 39 100
28 40 101
28 41 104
28 42 107
28 43 96
28 44 100
28 45 96
28 46 98
28 47 101
28 48 113
28 49 103
28 50 112
28 51 100
28 52 96
28 53 103
28 54 98
28 55 95
28 56 102
28 57 104
28 58 103
28 59 98
28 60 92
28 61 102
28 62 98
28 63 93
28 64 104
28 65 101
28 66 104
28 67 96
28 68 105
28 69 92
28 70 101
28 71 89
28 72 99
28 73 107
28 74 99
28 75 102
28 76 99
28 77 97
28 78 103
28 79 102
29 30 102
29 31 93
29 32 90
29 33 96
29 34 91
29 35 96
29 36 98
29 37 101
29 38 98
29 39 97
29 40 103
29 41 100
29 42 105
29 43 99
29 44 94
29 45 102
29 46 94
29 47 98
29 48 108
29 49 100
29 50 95
29 51 113
29 52 100
29 53 104
29 54 98
29 55 89
29 56 95
29 57 96
29 58 102
29 59 108
29 60 99
29 61 109
29 62 99
29 63 99
29 64 97
29 65 94
29 66 97
29 67 99
29 68 98
29 69 92
29 70 94
29 71 86
29 72 98
29 73 103
29 74 103
29 75 94
29 76 98
29 77 100
29 78 109
29 79 92
30 31 100
30 32 103
30 33 90
30 34 100
30 35 106
30 36 93
30 37 107
30 38 93
30 39 101
30 40 99
30 41 98
30 42 107
30 43 96
30 44 91
30 45 102
30 46 103
30 47 96
30 48 97
30 49 106
30 50 103
30 51 109
30 52 98
30 53 94
30 54 89
30 55 104
30 56 104
30 57 109
30 58 96
30 59 94
30 60 93
30 61 100
30 62 100
30 63 105
30 64 87
30 65 109
30 66 97
30 67 96
30 68 103
30 69 104
30 70 99
30 71 96
30 72 95
30 73 93
30 74 108
30 75 90
30 76 96
30 77 92
30 78 97
30 79 94
31 32 102
31 33 102
31 34 110
31 35 101
31 36 107
31 37 103
31 38 97
31 39 99
31 40 98
31 41 97
31 42 95
31 43 95
31 44 99
31 45 101
31 46 90
31 47 95
31 48 96
31 49 95
31 50 99
31 51 102
31 52 102
31 53 100
31 54 92
31 55 98
31 56 97
31 57 105
31 58 102
31 59 102
31 60 100
31 61 97
31 62 101
31 63 99
31 64 95
31 65 90
31 66 95
31 67 98
31 68 102
31 69 100
31 70 93
31 71 92
31 72 95
31 73 107
31 74 96
31 75 96
31 76 102
31 77 113
31 78 106
31 79 95
32 33 103
32 34 99
32 35 109
32 36 106
32 37 95
32 38 101
32 39 98
32 40 99
32 41 96
32 42 97
32 43 99
32 44 98
32 45 98
32 46 106
32 47 100
32 48 105
32 49 97
32 50 106
32 51 106
32 52 105
32 53 103
32 54 100
32 55 95
32 56 100
32 57 107
32 58 94
32 59 95
32 60 102
32 61 98
32 62 99
32 63 104
32 64 93
32 65 107
32 66 101
32 67 93
32 68 100
32 69 97
32 70 102
32 71 97
32 72 100
32 73 104
32 74 99
32 75 94
32 76 95
32 77 99
32 78 101
32 79 91
33 34 96
33 35 90
33 36 94
33 37 97
33 38 103
33 39 97
33 40 103
33 41 94
33 42 101
33 43 109
33 44 101
33 45 97
33 46 97
33 47 101
33 48 99
33 49 107
33 50 105
33 51 106
33 52 98
33 53 108
33 54 105
33 55 96
33 56 96
33 57 104
33 58 102
33 59 98
33 60 99
33 61 92
33 62 97
33 63 103
33 64 99
33 65 98
33 66 108
33 67 96
33 68 86
33 69 97
33 70 107
33 71 101
33 72 98
33 73 99
33 74 93
33 75 89
33 76 101
33 77 97
33 78 93
33 79 103
34 35 101
34 36 100
34 37 97
34 38 99
34 39 97
34 40 100
34 41 102
34 42 97
34 43 90
34 44 95
34 45 97
34 46 92
34 47 95
34 48 97
34 49 96
34 50 104
34 51 92
34 52 105
34 53 106
34 54 102
34 55 97
34 56 94
34 57 106
34 58 104
34 59 96
34 60 93
34 61 99
34 62 96
34 63 110
34 64 100
34 65 101
34 66 97
34 67 98
34 68 102
34 69 105
34 70 99
34 71 96
34 72 104
34 73 98
34 74 105
34 75 93
34 76 101
34 77 97
34 78 91
34 79 98
35 36 103
35 37 101
35 38 99
35 39 87
35 40 98
35 41 101
35 42 89
35 43 103
35 44 98
35 45 101
35 46 95
35 47 104
35 48 94
35 49 98
35 50 102
35 51 104
35 52 103
35 53 102
35 54 100
35 55 106
35 56 102
35 57 99
35 58 100
35 59 97
35 60 90
35 61 100
35 62 104
35 63 97
35 64 97
35 65 97
35 66 96
35 67 101
35 68 95
35 69 98
35 70 94
35 71 96
35 72 98
35 73 94
35 74 99
35 75 97
35 76 107
35 77 105
35 78 95
35 79 98
36 37 92
36 38 101
36 39 102
36 40 97
36 41 97
36 42 101
36 43 86
36 44 95
36 45 108
36 46 89
36 47 103
36 48 101
36 49 103
36 50 101
36 51 90
36 52 100
36 53 104
36 54 117
36 55 97
36 56 103
36 57 102
36 58 102
36 59 104
36 60 102
36 61 96
36 62 104
36 63 103
36 64 101
36 65 90
36 66 95
36 67 99
36 68 100
36 69 92
36 70 105
36 71 107
36 72 96
36 73 106
36 74 97
36 75 104
36 76 92
36 77 101
36 78 96
36 79 96
37 38 96
37 39 99
37 40 95
37 41 102
37 42 104
37 43 96
37 44 108
37 45 105
37 46 107
37 47 103
37 48 97
37 49 101
37 50 98
37 51 97
37 52 99
37 53 93
37 54 107
37 55 105
37 56 105
37 57 105
37 58 93
37 59 98
37 60 98
37 61 113
37 62 98
37 63 98
37 64 98
37 65 97
37 66 103
37 67 98
37 68 97
37 69 102
37 70 95
37 71 106
37 72 98
37 73 97
37 74 100
37 75 93
37 76 102
37 77 94
37 78 94
37 79 103
38 39 102
38 40 97
38 41 108
38 42 102
38 43 105
38 44 109
38 45 98
38 46 108
38 47 97
38 48 97
38 49 97
38 50 109
38 51 94
38 52 91
38 53 102
38 54 93
38 55 105
38 56 95
38 57 107
38 58 103
38 59 93
38 60 108
38 61 100
38 62 95
38 63 97
38 64 96
38 65 92
38 66 98
38 67 102
38 68 98
38 69 99
38 70 107
38 71 90
38 72 96
38 73 102
38 74 91
38 75 105
38 76 96
38 77 104
38 78 100
38 79 94
39 40 95
39 41 97
39 42 92
39 43 96
39 44 103
39 45 96
39 46 100
39 47 88
39 48 103
39 49 96
39 50 98
39 51 96
39 52 99
39 53 111
39 54 95
39 55 92
39 56 100
39 57 99
39 58 97
39 59 110
39 60 102
39 61 105
39 62 106
39 63 91
39 64 106
39 65 98
39 66 101
39 67 100
39 68 98
39 69 100
39 70 101
39 71 103
39 72 104
39 73 104
39 74 94
39 75 94
39 76 97
39 77 112
39 78 98
39 79 96
40 41 95
40 42 94
40 43 107
40 44 106
40 45 98
40 46 100
40 47 102
40 48 104
40 49 101
40 50 100
40 51 99
40 52 106
40 53 101
40 54 104
40 55 96
40 56 98
40 57 99
40 58 89
40 59 92
40 60 104
40 61 103
40 62 106
40 63 101
40 64 103
40 65 99
40 66 107
40 67 113
40 68 101
40 69 105
40 70 105
40 71 97
40 72 89
40 73 98
40 74 104
40 75 108
40 76 97
40 77 102
40 78 101
40 79 104
41 42 94
41 43 99
41 44 98
41 45 93
41 46 104
41 47 99
41 48 99
41 49 101
41 50 94
41 51 95
41 52 103
41 53 108
41 54 94
41 55 99
41 56 93
41 57 109
41 58 94
41 59 93
41 60 99
41 61 99
41 62 101
41 63 104
41 64 101
41 65 90
41 66 98
41 67 100
41 68 103
41 69 89
41 70 100
41 71 99
41 72 95
41 73 97
41 74 97
41 75 96
41 76 95
41 77 103
41 78 96
41 79 91
42 43 101
42 44 96
42 45 101
42 46 100
42 47 98
42 48 98
42 49 102
42 50 102
42 51 105
42 52 96
42 53 96
42 54 102
42 55 106
42 56 99
42 57 98
42 58 98
42 59 100
42 60 103
42 61 99
42 62 101
42 63 104
42 64 92
42 65 97
42 66 92
42 67 101
42 68 107
42 69 102
42 70 106
42 71 104
42 72 105
42 73 105
42 74 98
42 75 107
42 76 102
42 77 94
42 78 87
42 79 99
43 44 93
43 45 97
43 46 96
43 47 103
43 48 102
43 49 98
43 50 101
43 51 92
43 52 96
43 53 86
43 54 96
43 55 103
43 56 93
43 57 102
43 58 104
43 59 99
43 60 107
43 61 101
43 62 99
43 63 109
43 64 104
43 65 103
43 66 99
43 67 97
43 68 96
43 69 107
43 70 91
43 71 98
43 72 101
43 73 102
43 74 98
43 75 98
43 76 104
43 77 102
43 78 104
43 79 104
44 45 103
44 46 96
44 47 99
44 48 95
44 49 103
44 50 94
44 51 107
44 52 102
44 53 103
44 54 92
44 55 101
44 56 94
44 57 106
44 58 99
44 59 91
44 60 105
44 61 94
44 62 97
44 63 98
44 64 99
44 65 105
44 66 91
44 67 98
44 68 95
44 69 104
44 70 100
44 71 101
44 72 99
44 73 103
44 74 103
44 75 97
44 76 106
44 77 100
44 78 91
44 79 107
45 46 104
45 47 108
45 48 93
45 49 96
45 50 95
45 51 97
45 52 105
45 53 100
45 54 102
45 55 99
45 56 104
45 57 95
45 58 104
45 59 97
45 60 100
45 61 100
45 62 85
45 63 97
45 64 100
45 65 98
45 66 99
45 67 97
45 68 96
45 69 101
45 70 104
45 71 88
45 72 100
45 73 94
45 74 96
45 75 106
45 76 104
45 77 91
45 78 107
45 79 99
46 47 99
46 48 104
46 49 105
46 50 103
46 51 95
46 52 103
46 53 107
46 54 97
46 55 102
46 56 99
46 57 97
46 58 97
46 59 105
46 60 102
46 61 106
46 62 94
46 63 106
46 64 103
46 65 94
46 66 101
46 67 102
46 68 96
46 69 103
46 70 100
46 71 98
46 72 100
46 73 96
46 74 110
46 75 92
46 76 99
46 77 99
46 78 104
46 79 91
47 48 97
47 49 102
47 50 99
47 51 97
47 52 104
47 53 99
47 54 107
47 55 93
47 56 101
47 57 96
47 58 105
47 59 101
47 60 105
47 61 99
47 62 97
47 63 99
47 64 96
47 65 102
47 66 98
47 67 102
47 68 93
47 69 102
47 70 100
47 71 103
47 72 96
47 73 93
47 74 97
47 75 92
47 76 104
47 77 91
47 78 93
47 79 103
48 49 96
48 50 88
48 51 91
48 52 102
48 53 88
48 54 95
48 55 106
48 56 94
48 57 97
48 58 104
48 59 100
48 60 101
48 61 100
48 62 99
48 63 93
48 64 99
48 65 102
48 66 102
48 67 98
48 68 99
48 69 105
48 70 97
48 71 106
48 72 101
48 73 99
48 74 101
48 75 112
48 76 98
48 77 101
48 78 95
48 79 101
49 50 114
49 51 103
49 52 98
49 53 99
49 54 94
49 55 107
49 56 106
49 57 104
49 58 103
49 59 101
49 60 95
49 61 96
49 62 104
49 63 99
49 64 101
49 65 96
49 66 106
49 67 95
49 68 101
49 69 102
49 70 106
49 71 101
49 72 96
49 73 96
49 74 99
49 75 99
49 76 89
49 77 102
49 78 98
49 79 101
50 51 105
50 52 104
50 53 99
50 54 102
50 55 103
50 56 101
50 57 100
50 58 103
50 59 101
50 60 102
50 61 101
50 62 105
50 63 92
50 64 97
50 65 93
50 66 104
50 67 103
50 68 106
50 69 91
50 70 99
50 71 94
50 72 98
50 73 104
50 74 102
50 75 94
50 76 99
50 77 100
50 78 102
50 79 96
51 52 97
51 53 90
51 54 93
51 55 99
51 56 97
51 57 96
51 58 103
51 59 97
51 60 99
51 61 105
51 62 88
51 63 102
51 64 98
51 65 92
51 66 99
51 67 93
51 68 103
51 69 107
51 70 105
51 71 105
51 72 99
51 73 99
51 74 103
51 75 96
51 76 104
51 77 93
51 78 100
51 79 100
52 53 94
52 54 95
52 55 99
52 56 109
52 57 93
52 58 98
52 59 95
52 60 97
52 61 94
52 62 99
52 63 103
52 64 102
52 65 99
52 66 103
52 67 101
52 68 93
52 69 93
52 70 100
52 71 95
52 72 103
52 73 108
52 74 100
52 75 102
52 76 108
52 77 101
52 78 97
52 79 94
53 54 98
53 55 104
53 56 99
53 57 112
53 58 96
53 59 99
53 60 101
53 61 102
53 62 100
53 63 107
53 64 98
53 65 106
53 66 106
53 67 89
53 68 101
53 69 96
53 70 99
53 71 102
53 72 107
53 73 92
53 74 102
53 75 104
53 76 103
53 77 100
53 78 102
53 79 103
54 55 95
54 56 98
54 57 98
54 58 100
54 59 93
54 60 103
54 61 101
54 62 91
54 63 100
54 64 100
54 65 101
54 66 102
54 67 99
54 68 103
54 69 98
54 70 100
54 71 96
54 72 94
54 73 105
54 74 105
54 75 101
54 76 99
54 77 99
54 78 100
54 79 93
55 56 102
55 57 102
55 58 97
55 59 101
55 60 99
55 61 92
55 62 104
55 63 102
55 64 95
55 65 94
55 66 97
55 67 110
55 68 96
55 69 100
55 70 104
55 71 98
55 72 88
55 73 88
55 74 104
55 75 99
55 76 95
55 77 99
55 78 102
55 79 103
56 57 95
56 58 107
56 59 103
56 60 103
56 61 108
56 62 103
56 63 102
56 64 102
56 65 109
56 66 102
56 67 102
56 68 102
56 69 97
56 70 94
56 71 95
56 72 101
56 73 86
56 74 110
56 75 99
56 76 104
56 77 91
56 78 95
56 79 101
57 58 102
57 59 100
57 60 101
57 61 94
57 62 94
57 63 92
57 64 100
57 65 103
57 66 95
57 67 96
57 68 100
57 69 99
57 70 97
57 71 102
57 72 102
57 73 99
57 74 104
57 75 102
57 76 110
57 77 103
57 78 99
57 79 97
58 59 107
58 60 102
58 61 110
58 62 108
58 63 100
58 64 107
58 65 100
58 66 103
58 67 90
58 68 95
58 69 93
58 70 99
58 71 98
58 72 94
58 73 99
58 74 103
58 75 96
58 76 99
58 77 93
58 78 93
58 79 97
59 60 95
59 61 106
59 62 96
59 63 96
59 64 86
59 65 99
59 66 95
59 67 97
59 68 106
59 69 103
59 70 101
59 71 99
59 72 95
59 73 95
59 74 96
59 75 111
59 76 97
59 77 96
59 78 100
59 79 104
60 61 103
60 62 104
60 63 96
60 64 96
60 65 104
60 66 89
60 67 106
60 68 102
60 69 95
60 70 92
60 71 107
60 72 100
60 73 97
60 74 104
60 75 91
60 76 103
60 77 93
60 78 98
60 79 96
61 62 107
61 63 101
61 64 99
61 65 97
61 66 104
61 67 102
61 68 105
61 69 99
61 70 104
61 71 102
61 72 95
61 73 99
61 74 102
61 75 100
61 76 106
61 77 102
61 78 104
61 79 102
62 63 101
62 64 97
62 65 101
62 66 100
62 67 107
62 68 94
62 69 98
62 70 100
62 71 110
62 72 106
62 73 97
62 74 92
62 75 97
62 76 102
62 77 101
62 78 96
62 79 98
63 64 104
63 65 100
63 66 103
63 67 95
63 68 93
63 69 102
63 70 103
63 71 101
63 72 99
63 73 103
63 74 104
63 75 102
63 76 99
63 77 101
63 78 96
63 79 100
64 65 99
64 66 99
64 67 111
64 68 96
64 69 106
64 70 102
64 71 93
64 72 94
64 73 108
64 74 104
64 75 101
64 76 97
64 77 101
64 78 100
64 79 105
65 66 107
65 67 102
65 68 101
65 69 94
65 70 108
65 71 97
65 72 98
65 73 100
65 74 102
65 75 107
65 76 97
65 77 94
65 78 107
65 79 101
66 67 104
66 68 94
66 69 103
66 70 97
66 71 104
66 72 108
66 73 98
66 74 100
66 75 107
66 76 92
66 77 100
66 78 84
66 79 95
67 68 98
67 69 102
67 70 101
67 71 99
67 72 105
67 73 95
67 74 103
67 75 100
67 76 110
67 77 94
67 78 99
67 79 97
68 69 99
68 70 106
68 71 92
68 72 94
68 73 103
68 74 99
68 75 101
68 76 98
68 77 99
68 78 96
68 79 98
69 70 99
69 71 105
69 72 100
69 73 93
69 74 103
69 75 96
69 76 102
69 77 101
69 78 96
69 79 96
70 71 108
70 72 95
70 73 92
70 74 98
70 75 106
70 76 95
70 77 100
70 78 100
70 79 106
71 72 93
71 73 100
71 74 106
71 75 111
71 76 85
71 77 91
71 78 87
71 79 96
72 73 108
72 74 96
72 75 101
72 76 96
72 77 90
72 78 95
72 79 110
73 74 92
73 75 101
73 76 102
73 77 100
73 78 91
73 79 93
74 75 99
74 76 104
74 77 94
74 78 104
74 79 97
75 76 96
75 77 100
75 78 92
75 79 95
76 77 97
76 78 103
76 79 103
77 78 96
77 79 103
78 79 93
1
0 1 2 3 4 5 6 7 8 9 10 11 12 13 14 15
