632
0 6 298
0 8 296
0 10 300
0 12 301
0 13 293
0 14 310
0 33 192
0 34 199
0 39 192
0 42 199
0 49 201
0 51 195
0 52 188
0 54 206
0 58 195
0 59 193
0 63 212
0 64 200
0 66 196
0 72 207
0 73 195
1 5 303
1 6 305
1 13 294
1 17 296
1 19 303
1 22 203
1 24 201
1 27 204
1 28 200
1 29 197
1 30 196
1 38 203
1 43 199
1 46 197
1 49 204
1 62 201
1 67 205
1 74 197
1 75 198
2 7 291
2 13 309
2 16 302
2 17 296
2 20 202
2 36 201
2 46 196
2 47 207
2 50 196
2 54 209
2 57 190
2 59 201
2 64 196
2 66 195
2 71 197
2 72 199
2 73 202
2 75 195
3 5 295
3 10 302
3 14 304
3 20 204
3 21 195
3 23 202
3 36 199
3 46 202
3 48 204
3 52 197
3 65 201
3 66 204
3 67 192
3 70 198
3 73 194
3 75 197
3 76 205
3 78 199
3 79 201
4 10 299
4 14 300
4 17 301
4 19 294
4 23 208
4 42 201
4 52 200
4 56 192
4 66 203
4 71 206
5 6 301
5 12 294
5 14 303
5 18 302
5 21 200
5 24 197
5 43 200
5 65 204
5 67 198
6 7 302
6 25 204
6 27 197
6 30 202
6 31 204
6 35 197
6 38 198
6 44 195
6 48 202
6 50 199
6 52 197
6 59 206
6 65 200
6 66 200
6 69 198
6 73 201
6 77 196
7 10 297
7 12 299
7 13 300
7 20 210
7 22 195
7 28 201
7 41 198
7 48 202
7 49 207
7 50 204
7 56 198
7 60 199
7 65 193
7 71 196
7 73 190
8 9 305
8 12 297
8 17 300
8 19 297
8 21 192
8 26 194
8 27 206
8 35 208
8 37 192
8 40 198
8 48 204
8 49 204
8 58 196
8 66 201
8 69 196
8 70 196
8 71 202
9 13 300
9 14 301
9 15 295
9 17 302
9 18 295
9 19 299
9 21 206
9 32 196
9 38 200
9 40 198
9 53 205
9 55 208
9 60 195
9 69 205
9 73 200
9 76 192
9 77 199
10 11 308
10 13 295
10 32 201
10 36 203
10 38 199
10 42 205
10 44 195
10 46 198
10 58 204
10 65 187
10 79 200
11 12 298
11 24 199
11 28 203
11 31 196
11 33 192
11 40 204
11 45 197
11 49 203
11 53 195
12 13 297
12 14 302
12 20 199
12 21 198
12 25 203
12 29 201
12 32 201
12 36 195
12 39 192
12 46 200
12 47 192
12 50 204
12 59 204
12 62 207
12 64 204
12 66 202
12 68 196
12 74 197
12 75 196
13 15 303
13 18 290
13 19 303
13 22 198
13 23 200
13 26 200
13 36 210
13 38 201
13 46 197
13 47 194
13 51 203
13 57 197
13 61 192
13 63 198
13 64 189
13 70 196
13 76 197
13 77 195
13 78 204
14 26 208
14 28 204
14 37 202
14 38 195
14 39 200
14 41 212
14 42 206
14 58 201
14 63 198
14 64 207
14 68 207
14 70 191
15 20 200
15 21 203
15 28 193
15 45 206
15 46 197
15 47 202
15 53 201
15 55 197
15 64 194
15 75 192
15 76 194
15 79 194
16 19 302
16 21 209
16 22 203
16 23 207
16 30 192
16 37 199
16 39 203
16 42 200
16 56 201
16 60 202
16 66 196
16 72 202
16 74 202
16 75 202
17 27 202
17 33 204
17 39 205
17 41 194
17 47 204
17 48 195
17 51 205
17 55 203
17 61 204
17 71 199
17 79 199
18 24 205
18 26 200
18 41 191
18 48 199
18 52 195
18 67 200
19 24 203
19 36 197
19 37 201
19 39 196
19 41 201
19 53 192
19 56 205
19 60 194
19 77 205
20 22 103
20 23 94
20 27 97
20 39 93
20 40 93
20 52 93
20 53 101
20 55 92
20 57 100
20 65 96
20 74 105
21 24 108
21 27 98
21 29 96
21 34 93
21 37 97
21 44 97
21 46 100
21 54 90
21 62 96
21 70 91
21 73 106
22 23 93
22 42 103
22 51 98
22 61 100
22 64 102
22 65 95
22 66 93
22 70 102
22 71 100
23 24 94
23 32 102
23 34 98
23 46 104
23 49 102
23 61 94
23 76 95
24 32 96
24 33 95
24 41 88
24 43 106
24 44 97
24 51 96
24 55 93
24 59 94
24 63 102
24 66 95
24 73 96
24 74 101
25 33 94
25 41 100
25 42 96
25 44 93
25 55 100
25 62 100
25 68 94
25 70 106
26 28 97
26 29 97
26 30 95
26 32 102
26 37 100
26 39 95
26 42 104
26 48 100
26 51 96
26 58 101
26 70 105
27 44 99
27 47 92
27 50 105
27 57 97
27 62 96
27 65 96
27 76 97
28 29 107
28 34 92
28 47 93
28 50 95
28 59 107
28 71 98
28 73 104
28 74 99
29 30 100
29 32 101
29 41 94
29 47 104
29 54 101
29 61 103
29 74 93
29 77 105
30 35 103
30 36 97
30 41 98
30 61 95
30 62 92
30 63 105
30 66 94
30 71 93
30 72 104
30 73 96
31 33 105
31 38 98
31 47 99
31 59 100
31 68 103
31 73 90
32 33 99
32 37 110
32 39 98
32 42 103
32 49 103
32 50 104
32 53 95
32 62 97
32 65 98
32 66 93
32 76 100
33 39 104
33 43 102
33 45 93
33 48 95
33 51 101
33 52 96
33 54 96
33 56 102
33 66 95
33 67 93
33 69 101
33 75 103
34 35 102
34 38 105
34 40 96
34 41 109
34 43 99
34 47 100
34 52 99
34 55 97
34 58 99
34 59 99
34 60 96
34 62 95
34 77 93
35 36 96
35 44 94
35 49 96
35 58 95
35 64 94
35 75 96
36 38 99
36 43 97
36 55 100
36 59 101
36 60 103
36 61 93
36 67 103
36 72 93
36 73 100
36 77 100
37 40 107
37 42 102
37 53 103
37 55 95
37 60 99
37 64 100
37 72 98
38 43 103
38 50 100
38 58 98
38 60 101
38 71 90
38 75 105
39 41 103
39 44 103
39 46 106
39 49 90
39 62 93
39 67 99
39 68 97
39 71 108
39 74 109
39 75 98
39 76 102
40 42 96
40 49 103
40 50 99
40 58 99
40 69 104
40 71 106
40 76 103
40 77 101
41 42 108
41 46 106
41 47 99
41 48 101
41 50 95
41 58 103
41 60 93
41 61 99
41 68 107
41 75 102
41 79 100
42 45 97
42 50 107
42 53 99
42 58 104
42 59 106
42 60 95
42 65 105
42 69 100
42 73 109
43 48 92
43 51 97
43 67 98
43 73 100
43 74 96
43 79 99
44 65 96
44 67 100
44 70 110
45 47 99
45 49 98
45 53 95
45 55 97
45 59 107
45 62 93
45 64 94
45 71 97
45 72 96
45 73 98
46 49 106
46 53 100
46 55 92
46 56 99
46 65 94
46 68 103
46 74 95
46 77 102
47 51 109
47 53 103
47 55 97
47 56 101
47 57 100
47 59 100
47 61 97
47 63 90
47 64 96
47 66 99
47 71 99
48 52 99
48 63 95
48 65 102
48 68 108
48 71 97
48 72 100
48 73 101
48 77 99
49 51 96
49 54 93
49 57 91
49 64 98
49 70 105
50 54 100
50 56 99
50 60 111
50 63 108
50 66 101
50 68 92
50 69 98
50 71 106
50 74 107
51 65 111
51 68 93
51 73 93
51 75 99
52 54 100
52 58 107
52 59 94
52 64 94
52 67 94
52 76 92
53 66 108
53 72 102
53 77 97
53 79 100
54 57 103
54 58 99
54 60 94
54 72 88
55 59 109
55 61 86
55 64 89
55 67 103
56 59 98
56 68 100
56 74 100
56 76 97
56 78 102
57 63 93
57 65 102
57 66 107
57 79 88
58 60 95
58 66 97
58 75 101
59 60 100
59 63 95
59 64 102
59 65 92
59 70 91
59 74 94
59 76 96
59 78 98
60 65 97
60 67 104
61 63 96
61 65 105
61 71 100
61 74 97
61 77 104
62 75 104
62 78 103
63 65 99
63 68 96
63 74 95
64 66 105
64 70 100
64 73 97
64 77 102
65 76 102
65 78 102
66 67 98
69 75 102
69 76 103
70 71 99
70 75 99
70 76 96
70 77 91
72 73 101
72 75 99
72 78 100
72 79 103
74 79 94
75 76 99
75 79 92
76 77 101
78 79 95
1
0 1 2 3 4 5 6 7 8 9 10 11 12 13 14 15 16 17 18 19
