3160
0 1 298
0 2 296
0 3 308
0 4 300
0 5 304
0 6 290
0 7 300
0 8 184
0 9 197
0 10 199
0 11 197
0 12 195
0 13 196
0 14 197
0 15 198
0 16 209
0 17 189
0 18 197
0 19 197
0 20 203
0 21 199
0 22 204
0 23 192
0 24 202
0 25 200
0 26 189
0 27 200
0 28 201
0 29 198
0 30 201
0 31 198
0 32 211
0 33 195
0 34 197
0 35 193
0 36 183
0 37 194
0 38 211
0 39 198
0 40 203
0 41 200
0 42 196
0 43 199
0 44 200
0 45 197
0 46 202
0 47 191
0 48 195
0 49 196
0 50 198
0 51 195
0 52 200
0 53 196
0 54 199
0 55 204
0 56 200
0 57 205
0 58 203
0 59 196
0 60 197
0 61 194
0 62 202
0 63 203
0 64 198
0 65 200
0 66 192
0 67 197
0 68 209
0 69 200
0 70 203
0 71 207
0 72 196
0 73 208
0 74 202
0 75 201
0 76 203
0 77 198
0 78 207
0 79 205
1 2 303
1 3 292
1 4 302
1 5 297
1 6 304
1 7 299
1 8 201
1 9 193
1 10 207
1 11 195
1 12 193
1 13 200
1 14 194
1 15 197
1 16 204
1 17 193
1 18 196
1 19 200
1 20 206
1 21 203
1 22 203
1 23 188
1 24 203
1 25 202
1 26 199
1 27 194
1 28 203
1 29 194
1 30 194
1 31 205
1 32 199
1 33 190
1 34 206
1 35 212
1 36 197
1 37 205
1 38 200
1 39 194
1 40 197
1 41 194
1 42 196
1 43 208
1 44 200
1 45 198
1 46 202
1 47 196
1 48 192
1 49 192
1 50 203
1 51 202
1 52 188
1 53 199
1 54 198
1 55 200
1 56 206
1 57 202
1 58 198
1 59 203
1 60 205
1 61 199
1 62 192
1 63 192
1 64 196
1 65 196
1 66 206
1 67 207
1 68 198
1 69 203
1 70 205
1 71 188
1 72 197
1 73 200
1 74 208
1 75 202
1 76 192
1 77 205
1 78 199
1 79 207
2 3 309
2 4 305
2 5 301
2 6 298
2 7 305
2 8 195
2 9 199
2 10 198
2 11 198
2 12 197
2 13 198
2 14 204
2 15 205
2 16 202
2 17 201
2 18 206
2 19 205
2 20 204
2 21 197
2 22 200
2 23 193
2 24 203
2 25 197
2 26 193
2 27 200
2 28 200
2 29 197
2 30 199
2 31 212
2 32 210
2 33 195
2 34 202
2 35 194
2 36 193
2 37 201
2 38 199
2 39 199
2 40 204
2 41 208
2 42 204
2 43 196
2 44 201
2 45 201
2 46 197
2 47 193
2 48 209
2 49 206
2 50 199
2 51 202
2 52 195
2 53 189
2 54 197
2 55 202
2 56 204
2 57 197
2 58 199
2 59 198
2 60 205
2 61 196
2 62 202
2 63 204
2 64 200
2 65 198
2 66 202
2 67 209
2 68 200
2 69 205
2 70 194
2 71 211
2 72 201
2 73 213
2 74 208
2 75 197
2 76 198
2 77 202
2 78 202
2 79 198
3 4 303
3 5 295
3 6 299
3 7 303
3 8 198
3 9 203
3 10 193
3 11 196
3 12 207
3 13 193
3 14 193
3 15 196
3 16 206
3 17 198
3 18 209
3 19 191
3 20 202
3 21 204
3 22 206
3 23 200
3 24 204
3 25 196
3 26 201
3 27 197
3 28 194
3 29 205
3 30 195
3 31 201
3 32 199
3 33 196
3 34 206
3 35 205
3 36 202
3 37 202
3 38 214
3 39 191
3 40 190
3 41 195
3 42 202
3 43 202
3 44 191
3 45 196
3 46 195
3 47 200
3 48 196
3 49 209
3 50 196
3 51 202
3 52 204
3 53 193
3 54 200
3 55 203
3 56 206
3 57 195
3 58 200
3 59 196
3 60 195
3 61 203
3 62 202
3 63 197
3 64 197
3 65 201
3 66 202
3 67 203
3 68 206
3 69 203
3 70 206
3 71 197
3 72 196
3 73 192
3 74 196
3 75 202
3 76 199
3 77 200
3 78 201
3 79 203
4 5 298
4 6 301
4 7 292
4 8 193
4 9 192
4 10 208
4 11 197
4 12 194
4 13 203
4 14 200
4 15 190
4 16 206
4 17 199
4 18 198
4 19 201
4 20 195
4 21 205
4 22 193
4 23 197
4 24 198
4 25 199
4 26 197
4 27 205
4 28 201
4 29 199
4 30 205
4 31 206
4 32 196
4 33 205
4 34 199
4 35 198
4 36 202
4 37 207
4 38 196
4 39 203
4 40 194
4 41 199
4 42 192
4 43 202
4 44 202
4 45 202
4 46 195
4 47 201
4 48 194
4 49 199
4 50 205
4 51 197
4 52 201
4 53 193
4 54 193
4 55 205
4 56 196
4 57 199
4 58 194
4 59 202
4 60 200
4 61 195
4 62 196
4 63 198
4 64 210
4 65 199
4 66 203
4 67 193
4 68 200
4 69 205
4 70 198
4 71 202
4 72 196
4 73 194
4 74 206
4 75 194
4 76 205
4 77 197
4 78 194
4 79 203
5 6 292
5 7 298
5 8 193
5 9 199
5 10 199
5 11 198
5 12 195
5 13 203
5 14 197
5 15 196
5 16 196
5 17 206
5 18 208
5 19 208
5 20 199
5 21 200
5 22 203
5 23 193
5 24 202
5 25 197
5 26 203
5 27 203
5 28 198
5 29 202
5 30 208
5 31 203
5 32 212
5 33 206
5 34 193
5 35 198
5 36 199
5 37 204
5 38 200
5 39 195
5 40 204
5 41 207
5 42 200
5 43 204
5 44 203
5 45 202
5 46 209
5 47 197
5 48 191
5 49 204
5 50 193
5 51 196
5 52 201
5 53 203
5 54 195
5 55 197
5 56 195
5 57 211
5 58 192
5 59 207
5 60 198
5 61 198
5 62 199
5 63 197
5 64 200
5 65 196
5 66 198
5 67 206
5 68 193
5 69 193
5 70 195
5 71 201
5 72 189
5 73 199
5 74 202
5 75 202
5 76 199
5 77 205
5 78 204
5 79 192
6 7 297
6 8 201
6 9 201
6 10 199
6 11 203
6 12 195
6 13 192
6 14 204
6 15 198
6 16 197
6 17 201
6 18 205
6 19 197
6 20 195
6 21 207
6 22 197
6 23 204
6 24 203
6 25 199
6 26 197
6 27 191
6 28 195
6 29 197
6 30 197
6 31 205
6 32 195
6 33 200
6 34 199
6 35 195
6 36 198
6 37 201
6 38 206
6 39 205
6 40 205
6 41 206
6 42 206
6 43 192
6 44 194
6 45 192
6 46 200
6 47 195
6 48 199
6 49 195
6 50 204
6 51 203
6 52 189
6 53 199
6 54 196
6 55 199
6 56 202
6 57 195
6 58 206
6 59 201
6 60 197
6 61 196
6 62 210
6 63 203
6 64 211
6 65 202
6 66 206
6 67 200
6 68 195
6 69 200
6 70 198
6 71 200
6 72 204
6 73 201
6 74 199
6 75 203
6 76 204
6 77 205
6 78 198
6 79 204
7 8 196
7 9 199
7 10 201
7 11 200
7 12 190
7 13 197
7 14 206
7 15 197
7 16 203
7 17 204
7 18 205
7 19 193
7 20 198
7 21 201
7 22 199
7 23 205
7 24 202
7 25 195
7 26 199
7 27 194
7 28 198
7 29 201
7 30 208
7 31 201
7 32 208
7 33 197
7 34 205
7 35 194
7 36 207
7 37 207
7 38 205
7 39 202
7 40 195
7 41 189
7 42 200
7 43 206
7 44 206
7 45 196
7 46 208
7 47 201
7 48 206
7 49 189
7 50 206
7 51 202
7 52 199
7 53 200
7 54 197
7 55 195
7 56 206
7 57 194
7 58 200
7 59 206
7 60 205
7 61 197
7 62 191
7 63 205
7 64 200
7 65 198
7 66 199
7 67 195
7 68 202
7 69 205
7 70 205
7 71 197
7 72 195
7 73 199
7 74 201
7 75 196
7 76 205
7 77 205
7 78 199
7 79 195
8 9 100
8 10 99
8 11 103
8 12 105
8 13 92
8 14 104
8 15 89
8 16 90
8 17 102
8 18 107
8 19 104
8 20 100
8 21 104
8 22 95
8 23 98
8 24 100
8 25 97
8 26 103
8 27 103
8 28 99
8 29 102
8 30 95
8 31 98
8 32 93
8 33 95
8 34 101
8 35 95
8 36 103
8 37 94
8 38 101
8 39 98
8 40 99
8 41 89
8 42 103
8 43 108
8 44 94
8 45 100
8 46 105
8 47 104
8 48 96
8 49 100
8 50 94
8 51 104
8 52 101
8 53 89
8 54 107
8 55 110
8 56 88
8 57 103
8 58 104
8 59 108
8 60 98
8 61 98
8 62 107
8 63 106
8 64 107
8 65 96
8 66 103
8 67 99
8 68 109
8 69 98
8 70 89
8 71 103
8 72 98
8 73 96
8 74 97
8 75 104
8 76 104
8 77 98
8 78 95
8 79 97
9 10 101
9 11 106
9 12 101
9 13 101
9 14 96
9 15 100
9 16 106
9 17 96
9 18 92
9 19 103
9 20 97
9 21 101
9 22 98
9 23 87
9 24 95
9 25 111
9 26 102
9 27 100
9 28 94
9 29 104
9 30 101
9 31 90
9 32 105
9 33 100
9 34 96
9 35 98
9 36 94
9 37 100
9 38 104
9 39 89
9 40 100
9 41 100
9 42 96
9 43 98
9 44 101
9 45 98
9 46 98
9 47 93
9 48 109
9 49 109
9 50 102
9 51 103
9 52 95
9 53 98
9 54 101
9 55 99
9 56 99
9 57 98
9 58 94
9 59 103
9 60 92
9 61 94
9 62 98
9 63 101
9 64 94
9 65 100
9 66 102
9 67 101
9 68 102
9 69 87
9 70 98
9 71 95
9 72 88
9 73 104
9 74 95
9 75 97
9 76 103
9 77 94
9 78 101
9 79 100
10 11 102
10 12 102
10 13 91
10 14 95
10 15 102
10 16 102
10 17 111
10 18 99
10 19 104
10 20 102
10 21 97
10 22 103
10 23 96
10 24 102
10 25 108
10 26 102
10 27 94
10 28 93
10 29 94
10 30 106
10 31 96
10 32 103
10 33 102
10 34 101
10 35 93
10 36 104
10 37 106
10 38 105
10 39 98
10 40 97
10 41 103
10 42 112
10 43 101
10 44 95
10 45 102
10 46 104
10 47 97
10 48 99
10 49 100
10 50 97
10 51 94
10 52 107
10 53 100
10 54 105
10 55 111
10 56 94
10 57 99
10 58 103
10 59 100
10 60 106
10 61 95
10 62 99
10 63 98
10 64 101
10 65 106
10 66 103
10 67 101
10 68 109
10 69 95
10 70 93
10 71 96
10 72 95
10 73 97
10 74 108
10 75 94
10 76 100
10 77 101
10 78 94
10 79 105
11 12 96
11 13 96
11 14 101
11 15 101
11 16 99
11 17 103
11 18 95
11 19 97
11 20 93
11 21 99
11 22 97
11 23 96
11 24 92
11 25 103
11 26 102
11 27 106
11 28 99
11 29 92
11 30 90
11 31 100
11 32 99
11 33 101
11 34 108
11 35 110
11 36 96
11 37 97
11 38 100
11 39 105
11 40 93
11 41 104
11 42 88
11 43 90
11 44 100
11 45 94
11 46 97
11 47 100
11 48 91
11 49 103
11 50 105
11 51 100
11 52 99
11 53 99
11 54 106
11 55 100
11 56 101
11 57 102
11 58 92
11 59 108
11 60 96
11 61 101
11 62 95
11 63 103
11 64 96
11 65 109
11 66 105
11 67 97
11 68 100
11 69 97
11 70 99
11 71 99
11 72 95
11 73 94
11 74 98
11 75 94
11 76 102
11 77 103
11 78 103
11 79 105
12 13 101
12 14 100
12 15 105
12 16 100
12 17 107
12 18 100
12 19 104
12 20 102
12 21 104
12 22 104
12 23 89
12 24 106
12 25 109
12 26 98
12 27 97
12 28 96
12 29 96
12 30 102
12 31 98
12 32 98
12 33 92
12 34 100
12 35 105
12 36 106
12 37 97
12 38 100
12 39 105
12 40 101
12 41 95
12 42 97
12 43 102
12 44 107
12 45 90
12 46 99
12 47 94
12 48 108
12 49 99
12 50 89
12 51 106
12 52 102
12 53 97
12 54 99
12 55 100
12 56 83
12 57 94
12 58 99
12 59 91
12 60 97
12 61 97
12 62 95
12 63 95
12 64 89
12 65 101
12 66 98
12 67 97
12 68 87
12 69 98
12 70 104
12 71 96
12 72 101
12 73 102
12 74 110
12 75 109
12 76 104
12 77 101
12 78 106
12 79 100
13 14 106
13 15 99
13 16 105
13 17 105
13 18 105
13 19 96
13 20 110
13 21 94
13 22 88
13 23 95
13 24 100
13 25 99
13 26 101
13 27 97
13 28 92
13 29 98
13 30 96
13 31 104
13 32 98
13 33 97
13 34 113
13 35 97
13 36 96
13 37 94
13 38 95
13 39 96
13 40 98
13 41 111
13 42 93
13 43 108
13 44 95
13 45 97
13 46 104
13 47 87
13 48 104
13 49 101
13 50 111
13 51 99
13 52 96
13 53 99
13 54 101
13 55 102
13 56 99
13 57 99
13 58 97
13 59 98
13 60 106
13 61 101
13 62 97
13 63 100
13 64 96
13 65 102
13 66 92
13 67 102
13 68 96
13 69 94
13 70 92
13 71 99
13 72 106
13 73 96
13 74 96
13 75 102
13 76 96
13 77 107
13 78 101
13 79 97
14 15 102
14 16 108
14 17 113
14 18 96
14 19 106
14 20 101
14 21 104
14 22 98
14 23 98
14 24 101
14 25 101
14 26 99
14 27 100
14 28 102
14 29 97
14 30 104
14 31 106
14 32 100
14 33 108
14 34 96
14 35 98
14 36 97
14 37 102
14 38 104
14 39 104
14 40 99
14 41 102
14 42 105
14 43 98
14 44 108
14 45 97
14 46 105
14 47 88
14 48 98
14 49 105
14 50 94
14 51 100
14 52 97
14 53 104
14 54 107
14 55 102
14 56 97
14 57 100
14 58 112
14 59 92
14 60 102
14 61 88
14 62 99
14 63 94
14 64 97
14 65 102
14 66 92
14 67 108
14 68 105
14 69 106
14 70 94
14 71 96
14 72 95
14 73 97
14 74 97
14 75 96
14 76 108
14 77 98
14 78 105
14 79 106
15 16 98
15 17 101
15 18 105
15 19 101
15 20 101
15 21 97
15 22 106
15 23 97
15 24 104
15 25 104
15 26 102
15 27 95
15 28 106
15 29 104
15 30 103
15 31 101
15 32 107
15 33 101
15 34 106
15 35 104
15 36 96
15 37 104
15 38 102
15 39 92
15 40 95
15 41 97
15 42 104
15 43 96
15 44 103
15 45 101
15 46 94
15 47 97
15 48 108
15 49 93
15 50 102
15 51 102
15 52 102
15 53 100
15 54 97
15 55 97
15 56 104
15 57 98
15 58 94
15 59 95
15 60 99
15 61 102
15 62 107
15 63 103
15 64 102
15 65 99
15 66 105
15 67 110
15 68 98
15 69 97
15 70 101
15 71 101
15 72 91
15 73 93
15 74 99
15 75 100
15 76 106
15 77 94
15 78 101
15 79 95
16 17 108
16 18 105
16 19 104
16 20 84
16 21 96
16 22 100
16 23 109
16 24 100
16 25 99
16 26 103
16 27 102
16 28 100
16 29 99
16 30 102
16 31 100
16 32 109
16 33 94
16 34 97
16 35 104
16 36 93
16 37 105
16 38 96
16 39 88
16 40 96
16 41 98
16 42 103
16 43 95
16 44 114
16 45 103
16 46 105
16 47 103
16 48 102
16 49 96
16 50 103
16 51 102
16 52 100
16 53 97
16 54 93
16 55 93
16 56 95
16 57 100
16 58 100
16 59 103
16 60 98
16 61 104
16 62 102
16 63 101
16 64 100
16 65 105
16 66 105
16 67 90
16 68 104
16 69 100
16 70 101
16 71 96
16 72 101
16 73 108
16 74 98
16 75 88
16 76 98
16 77 97
16 78 91
16 79 98
17 18 99
17 19 106
17 20 94
17 21 102
17 22 107
17 23 107
17 24 89
17 25 92
17 26 97
17 27 99
17 28 100
17 29 93
17 30 104
17 31 104
17 32 88
17 33 101
17 34 102
17 35 90
17 36 101
17 37 105
17 38 109
17 39 99
17 40 88
17 41 96
17 42 90
17 43 104
17 44 100
17 45 95
17 46 96
17 47 98
17 48 98
17 49 96
17 50 98
17 51 92
17 52 100
17 53 91
17 54 107
17 55 103
17 56 99
17 57 97
17 58 101
17 59 102
17 60 102
17 61 99
17 62 100
17 63 95
17 64 94
17 65 102
17 66 97
17 67 91
17 68 95
17 69 96
17 70 101
17 71 106
17 72 98
17 73 88
17 74 107
17 75 105
17 76 92
17 77 95
17 78 91
17 79 104
18 19 97
18 20 97
18 21 94
18 22 97
18 23 102
18 24 91
18 25 102
18 26 94
18 27 98
18 28 96
18 29 96
18 30 106
18 31 101
18 32 101
18 33 102
18 34 97
18 35 105
18 36 91
18 37 95
18 38 99
18 39 104
18 40 102
18 41 94
18 42 97
18 43 98
18 44 106
18 45 104
18 46 101
18 47 93
18 48 104
18 49 93
18 50 97
18 51 93
18 52 104
18 53 107
18 54 102
18 55 95
18 56 100
18 57 97
18 58 99
18 59 97
18 60 99
18 61 95
18 62 107
18 63 98
18 64 113
18 65 103
18 66 89
18 67 96
18 68 95
18 69 98
18 70 104
18 71 98
18 72 100
18 73 106
18 74 105
18 75 98
18 76 101
18 77 90
18 78 102
18 79 96
19 20 93
19 21 95
19 22 101
19 23 101
19 24 97
19 25 101
19 26 98
19 27 93
19 28 104
19 29 103
19 30 98
19 31 102
19 32 105
19 33 96
19 34 98
19 35 94
19 36 96
19 37 109
19 38 98
19 39 107
19 40 93
19 41 91
19 42 93
19 43 90
19 44 92
19 45 100
19 46 100
19 47 101
19 48 98
19 49 106
19 50 96
19 51 103
19 52 107
19 53 101
19 54 102
19 55 96
19 56 105
19 57 106
19 58 101
19 59 92
19 60 104
19 61 101
19 62 94
19 63 94
19 64 96
19 65 105
19 66 96
19 67 105
19 68 99
19 69 106
19 70 101
19 71 100
19 72 93
19 73 88
19 74 108
19 75 98
19 76 99
19 77 102
19 78 104
19 79 92
20 21 107
20 22 96
20 23 99
20 24 100
20 25 96
20 26 99
20 27 88
20 28 108
20 29 93
20 30 108
20 31 100
20 32 99
20 33 96
20 34 102
20 35 97
20 36 94
20 37 104
20 38 98
20 39 94
20 40 106
20 41 103
20 42 101
20 43 103
20 44 95
20 45 101
20 46 105
20 47 104
20 48 98
20 49 90
20 50 107
20 51 97
20 52 97
20 53 98
20 54 96
20 55 102
20 56 105
20 57 97
20 58 103
20 59 97
20 60 104
20 61 92
20 62 110
20 63 95
20 64 103
20 65 99
20 66 97
20 67 93
20 68 95
20 69 97
20 70 91
20 71 104
20 72 103
20 73 99
20 74 99
20 75 111
20 76 109
20 77 110
20 78 97
20 79 96
21 22 103
21 23 97
21 24 96
21 25 95
21 26 104
21 27 95
21 28 109
21 29 110
21 30 102
21 31 106
21 32 108
21 33 90
21 34 96
21 35 96
21 36 95
21 37 107
21 38 95
21 39 107
21 40 100
21 41 88
21 42 96
21 43 103
21 44 110
21 45 104
21 46 107
21 47 92
21 48 95
21 49 104
21 50 92
21 51 98
21 52 96
21 53 102
21 54 91
21 55 97
21 56 104
21 57 101
21 58 111
21 59 99
21 60 97
21 61 99
21 62 99
21 63 83
21 64 114
21 65 103
21 66 101
21 67 103
21 68 94
21 69 97
21 70 99
21 71 95
21 72 96
21 73 97
21 74 100
21 75 100
21 76 103
21 77 97
21 78 103
21 79 101
22 23 100
22 24 98
22 25 106
22 26 100
22 27 105
22 28 105
22 29 100
22 30 100
22 31 95
22 32 110
22 33 94
22 34 99
22 35 95
22 36 102
22 37 99
22 38 105
22 39 97
22 40 103
22 41 94
22 42 103
22 43 88
22 44 95
22 45 105
22 46 97
22 47 101
22 48 98
22 49 104
22 50 99
22 51 92
22 52 94
22 53 104
22 54 107
22 55 103
22 56 102
22 57 98
22 58 101
22 59 105
22 60 100
22 61 106
22 62 97
22 63 113
22 64 101
22 65 94
22 66 104
22 67 97
22 68 100
22 69 96
22 70 93
22 71 94
22 72 104
22 73 104
22 74 91
22 75 103
22 76 97
22 77 95
22 78 93
22 79 104
23 24 94
23 25 99
23 26 98
23 27 96
23 28 98
23 29 93
23 30 102
23 31 96
23 32 93
23 33 93
23 34 99
23 35 98
23 36 106
23 37 102
23 38 90
23 39 95
23 40 99
23 41 97
23 42 90
23 43 96
23 44 99
23 45 97
23 46 90
23 47 103
23 48 100
23 49 100
23 50 95
23 51 96
23 52 99
23 53 103
23 54 101
23 55 94
23 56 96
23 57 101
23 58 103
23 59 107
23 60 102
23 61 99
23 62 102
23 63 99
23 64 96
23 65 101
23 66 96
23 67 98
23 68 93
23 69 99
23 70 100
23 71 100
23 72 98
23 73 101
23 74 96
23 75 104
23 76 96
23 77 103
23 78 101
23 79 93
24 25 97
24 26 98
24 27 106
24 28 96
24 29 104
24 30 91
24 31 96
24 32 98
24 33 97
24 34 106
24 35 101
24 36 97
24 37 102
24 38 104
24 39 95
24 40 103
24 41 89
24 42 104
24 43 114
24 44 97
24 45 96
24 46 98
24 47 111
24 48 103
24 49 111
24 50 103
24 51 90
24 52 99
24 53 99
24 54 97
24 55 104
24 56 98
24 57 104
24 58 99
24 59 98
24 60 94
24 61 95
24 62 101
24 63 99
24 64 108
24 65 96
24 66 107
24 67 102
24 68 104
24 69 97
24 70 102
24 71 95
24 72 90
24 73 105
24 74 97
24 75 105
24 76 104
24 77 103
24 78 94
24 79 99
25 26 93
25 27 103
25 28 108
25 29 99
25 30 97
25 31 109
25 32 110
25 33 101
25 34 100
25 35 102
25 36 103
25 37 97
25 38 93
25 39 103
25 40 105
25 41 99
25 42 100
25 43 93
25 44 106
25 45 93
25 46 97
25 47 101
25 48 78
25 49 100
25 50 94
25 51 104
25 52 98
25 53 100
25 54 99
25 55 92
25 56 97
25 57 99
25 58 96
25 59 107
25 60 97
25 61 104
25 62 102
25 63 96
25 64 99
25 65 102
25 66 100
25 67 97
25 68 96
25 69 109
25 70 98
25 71 94
25 72 103
25 73 103
25 74 107
25 75 105
25 76 106
25 77 104
25 78 99
25 79 107
26 27 99
26 28 97
26 29 103
26 30 96
26 31 108
26 32 98
26 33 92
26 34 102
26 35 102
26 36 96
26 37 100
26 38 104
26 39 96
26 40 102
26 41 102
26 42 96
26 43 107
26 44 98
26 45 106
26 46 101
26 47 101
26 48 101
26 49 102
26 50 97
26 51 92
26 52 104
26 53 104
26 54 92
26 55 99
26 56 102
26 57 94
26 58 94
26 59 103
26 60 96
26 61 101
26 62 101
26 63 91
26 64 97
26 65 95
26 66 105
26 67 100
26 68 96
26 69 97
26 70 94
26 71 97
26 72 94
26 73 100
26 74 96
26 75 109
26 76 92
26 77 94
26 78 102
26 79 92
27 28 96
27 29 88
27 30 106
27 31 94
27 32 97
27 33 104
27 34 102
27 35 94
27 36 101
27 37 107
27 38 95
27 39 105
27 40 102
27 41 89
27 42 97
27 43 100
27 44 95
27 45 99
27 46 91
27 47 92
27 48 94
27 49 98
27 50 98
27 51 108
27 52 110
27 53 107
27 54 108
27 55 104
27 56 110
27 57 99
27 58 97
27 59 99
27 60 89
27 61 85
27 62 99
27 63 102
27 64 101
27 65 100
27 66 99
27 67 105
27 68 103
27 69 107
27 70 102
27 71 95
27 72 102
27 73 100
27 74 103
27 75 100
27 76 102
27 77 100
27 78 100
27 79 99
28 29 99
28 30 95
28 31 94
28 32 95
28 33 106
28 34 94
28 35 85
28 36 100
28 37 95
28 38 100
28 39 93
28 40 104
28 41 100
28 42 102
28 43 104
28 44 103
28 45 99
28 46 100
28 47 100
28 48 93
28 49 94
28 50 100
28 51 101
28 52 98
28 53 108
28 54 90
28 55 89
28 56 97
28 57 103
28 58 99
28 59 110
28 60 98
28 61 102
28 62 107
28 63 84
28 64 98
28 65 101
28 66 106
28 67 98
28 68 105
28 69 98
28 70 99
28 71 91
28 72 103
28 73 98
28 74 99
28 75 93
28 76 92
28 77 105
28 78 104
28 79 100
29 30 101
29 31 93
29 32 94
29 33 100
29 34 98
29 35 99
29 36 104
29 37 98
29 38 102
29 39 101
29 40 106
29 41 98
29 42 102
29 43 96
29 44 94
29 45 100
29 46 100
29 47 99
29 48 106
29 49 96
29 50 93
29 51 104
29 52 95
29 53 103
29 54 96
29 55 99
29 56 102
29 57 106
29 58 98
29 59 102
29 60 105
29 61 102
29 62 107
29 63 93
29 64 104
29 65 100
29 66 108
29 67 100
29 68 97
29 69 101
29 70 101
29 71 107
29 72 109
29 73 102
29 74 105
29 75 93
29 76 97
29 77 106
29 78 91
29 79 104
30 31 103
30 32 101
30 33 99
30 34 99
30 35 98
30 36 102
30 37 94
30 38 104
30 39 106
30 40 100
30 41 90
30 42 100
30 43 99
30 44 95
30 45 99
30 46 94
30 47 96
30 48 98
30 49 99
30 50 104
30 51 94
30 52 99
30 53 96
30 54 107
30 55 99
30 56 102
30 57 97
30 58 103
30 59 96
30 60 112
30 61 99
30 62 85
30 63 92
30 64 102
30 65 93
30 66 100
30 67 101
30 68 106
30 69 97
30 70 99
30 71 107
30 72 100
30 73 105
30 74 104
30 75 97
30 76 101
30 77 108
30 78 99
30 79 105
31 32 96
31 33 91
31 34 102
31 35 91
31 36 99
31 37 108
31 38 98
31 39 93
31 40 94
31 41 101
31 42 106
31 43 98
31 44 98
31 45 109
31 46 102
31 47 104
31 48 104
31 49 102
31 50 99
31 51 92
31 52 101
31 53 98
31 54 93
31 55 89
31 56 103
31 57 95
31 58 96
31 59 109
31 60 101
31 61 96
31 62 106
31 63 98
31 64 102
31 65 98
31 66 103
31 67 98
31 68 98
31 69 101
31 70 102
31 71 102
31 72 101
31 73 99
31 74 100
31 75 111
31 76 88
31 77 100
31 78 92
31 79 94
32 33 99
32 34 99
32 35 99
32 36 102
32 37 98
32 38 105
32 39 99
32 40 108
32 41 106
32 42 103
32 43 111
32 44 100
32 45 103
32 46 94
32 47 100
32 48 100
32 49 98
32 50 108
32 51 104
32 52 99
32 53 107
32 54 97
32 55 91
32 56 105
32 57 98
32 58 97
32 59 100
32 60 107
32 61 99
32 62 99
32 63 103
32 64 92
32 65 102
32 66 108
32 67 94
32 68 98
32 69 99
32 70 93
32 71 105
32 72 107
32 73 103
32 74 104
32 75 99
32 76 104
32 77 99
32 78 105
32 79 105
33 34 102
33 35 108
33 36 104
33 37 90
33 38 99
33 39 93
33 40 97
33 41 103
33 42 96
33 43 95
33 44 105
33 45 100
33 46 107
33 47 91
33 48 103
33 49 99
33 50 97
33 51 94
33 52 97
33 53 103
33 54 102
33 55 103
33 56 98
33 57 100
33 58 97
33 59 99
33 60 99
33 61 98
33 62 105
33 63 104
33 64 98
33 65 96
33 66 104
33 67 110
33 68 90
33 69 105
33 70 99
33 71 99
33 72 98
33 73 93
33 74 98
33 75 97
33 76 96
33 77 101
33 78 96
33 79 92
34 35 99
34 36 105
34 37 100
34 38 101
34 39 93
34 40 97
34 41 89
34 42 97
34 43 101
34 44 103
34 45 96
34 46 93
34 47 110
34 48 104
34 49 105
34 50 106
34 51 91
34 52 99
34 53 96
34 54 97
34 55 105
34 56 95
34 57 105
34 58 96
34 59 99
34 60 97
34 61 94
34 62 97
34 63 98
34 64 106
34 65 99
34 66 101
34 67 98
34 68 92
34 69 108
34 70 109
34 71 105
34 72 100
34 73 100
34 74 103
34 75 102
34 76 107
34 77 101
34 78 104
34 79 101
35 36 103
35 37 105
35 38 102
35 39 104
35 40 100
35 41 95
35 42 98
35 43 92
35 44 100
35 45 94
35 46 95
35 47 114
35 48 108
35 49 106
35 50 94
35 51 96
35 52 92
35 53 96
35 54 94
35 55 100
35 56 96
35 57 96
35 58 97
35 59 92
35 60 92
35 61 99
35 62 104
35 63 101
35 64 102
35 65 96
35 66 95
35 67 96
35 68 102
35 69 104
35 70 100
35 71 97
35 72 98
35 73 94
35 74 111
35 75 100
35 76 98
35 77 107
35 78 107
35 79 106
36 37 106
36 38 95
36 39 98
36 40 104
36 41 104
36 42 96
36 43 99
36 44 87
36 45 102
36 46 110
36 47 108
36 48 99
36 49 91
36 50 96
36 51 104
36 52 100
36 53 111
36 54 97
36 55 109
36 56 98
36 57 98
36 58 105
36 59 98
36 60 107
36 61 100
36 62 95
36 63 107
36 64 105
36 65 103
36 66 101
36 67 100
36 68 105
36 69 101
36 70 96
36 71 100
36 72 100
36 73 97
36 74 96
36 75 98
36 76 99
36 77 99
36 78 101
36 79 97
37 38 100
37 39 96
37 40 101
37 41 101
37 42 93
37 43 93
37 44 85
37 45 99
37 46 104
37 47 92
37 48 103
37 49 100
37 50 105
37 51 95
37 52 100
37 53 100
37 54 96
37 55 98
37 56 107
37 57 98
37 58 97
37 59 99
37 60 98
37 61 107
37 62 97
37 63 101
37 64 104
37 65 98
37 66 103
37 67 93
37 68 94
37 69 98
37 70 92
37 71 95
37 72 101
37 73 101
37 74 98
37 75 105
37 76 93
37 77 109
37 78 108
37 79 101
38 39 101
38 40 98
38 41 106
38 42 99
38 43 100
38 44 96
38 45 93
38 46 106
38 47 104
38 48 92
38 49 96
38 50 95
38 51 96
38 52 92
38 53 107
38 54 98
38 55 94
38 56 94
38 57 98
38 58 97
38 59 99
38 60 94
38 61 94
38 62 100
38 63 100
38 64 106
38 65 96
38 66 101
38 67 99
38 68 95
38 69 100
38 70 101
38 71 96
38 72 95
38 73 100
38 74 97
38 75 108
38 76 103
38 77 102
38 78 98
38 79 99
39 40 103
39 41 109
39 42 105
39 43 102
39 44 99
39 45 98
39 46 94
39 47 93
39 48 108
39 49 98
39 50 92
39 51 101
39 52 95
39 53 102
39 54 104
39 55 99
39 56 94
39 57 101
39 58 95
39 59 92
39 60 99
39 61 99
39 62 101
39 63 98
39 64 98
39 65 96
39 66 101
39 67 92
39 68 102
39 69 104
39 70 108
39 71 98
39 72 98
39 73 108
39 74 98
39 75 88
39 76 109
39 77 105
39 78 94
39 79 103
40 41 97
40 42 95
40 43 93
40 44 97
40 45 109
40 46 94
40 47 94
40 48 97
40 49 103
40 50 103
40 51 97
40 52 92
40 53 101
40 54 101
40 55 93
40 56 96
40 57 93
40 58 101
40 59 101
40 60 97
40 61 100
40 62 99
40 63 99
40 64 105
40 65 102
40 66 96
40 67 100
40 68 98
40 69 108
40 70 99
40 71 102
40 72 110
40 73 107
40 74 101
40 75 90
40 76 99
40 77 95
40 78 100
40 79 97
41 42 100
41 43 99
41 44 101
41 45 92
41 46 91
41 47 100
41 48 101
41 49 100
41 50 106
41 51 99
41 52 98
41 53 98
41 54 109
41 55 92
41 56 103
41 57 102
41 58 100
41 59 99
41 60 98
41 61 103
41 62 101
41 63 106
41 64 105
41 65 103
41 66 99
41 67 96
41 68 96
41 69 104
41 70 94
41 71 96
41 72 101
41 73 99
41 74 95
41 75 103
41 76 106
41 77 106
41 78 99
41 79 100
42 43 98
42 44 102
42 45 94
42 46 101
42 47 99
42 48 93
42 49 95
42 50 90
42 51 103
42 52 94
42 53 97
42 54 101
42 55 99
42 56 99
42 57 99
42 58 103
42 59 99
42 60 98
42 61 102
42 62 95
42 63 107
42 64 98
42 65 99
42 66 107
42 67 106
42 68 97
42 69 99
42 70 108
42 71 105
42 72 96
42 73 106
42 74 99
42 75 98
42 76 103
42 77 101
42 78 96
42 79 102
43 44 102
43 45 106
43 46 106
43 47 102
43 48 97
43 49 106
43 50 93
43 51 96
43 52 91
43 53 104
43 54 106
43 55 106
43 56 102
43 57 104
43 58 103
43 59 94
43 60 104
43 61 103
43 62 103
43 63 95
43 64 104
43 65 97
43 66 96
43 67 95
43 68 95
43 69 96
43 70 98
43 71 106
43 72 93
43 73 98
43 74 105
43 75 103
43 76 101
43 77 86
43 78 99
43 79 105
44 45 102
44 46 97
44 47 97
44 48 97
44 49 96
44 50 99
44 51 96
44 52 97
44 53 104
44 54 97
44 55 99
44 56 105
44 57 94
44 58 101
44 59 97
44 60 99
44 61 107
44 62 92
44 63 98
44 64 107
44 65 101
44 66 91
44 67 104
44 68 93
44 69 96
44 70 106
44 71 97
44 72 97
44 73 93
44 74 101
44 75 90
44 76 105
44 77 98
44 78 102
44 79 102
45 46 100
45 47 96
45 48 98
45 49 108
45 50 108
45 51 94
45 52 92
45 53 97
45 54 99
45 55 103
45 56 98
45 57 101
45 58 93
45 59 107
45 60 99
45 61 108
45 62 88
45 63 100
45 64 105
45 65 96
45 66 104
45 67 94
45 68 106
45 69 102
45 70 108
45 71 99
45 72 99
45 73 94
45 74 96
45 75 106
45 76 96
45 77 105
45 78 98
45 79 101
46 47 100
46 48 101
46 49 101
46 50 95
46 51 95
46 52 98
46 53 91
46 54 108
46 55 101
46 56 101
46 57 106
46 58 105
46 59 90
46 60 100
46 61 90
46 62 97
46 63 96
46 64 103
46 65 96
46 66 99
46 67 101
46 68 100
46 69 108
46 70 91
46 71 109
46 72 101
46 73 105
46 74 103
46 75 97
46 76 107
46 77 99
46 78 104
46 79 94
47 48 99
47 49 103
47 50 103
47 51 97
47 52 100
47 53 104
47 54 98
47 55 98
47 56 107
47 57 105
47 58 108
47 59 99
47 60 107
47 61 97
47 62 102
47 63 92
47 64 107
47 65 101
47 66 100
47 67 106
47 68 105
47 69 102
47 70 99
47 71 97
47 72 90
47 73 104
47 74 103
47 75 95
47 76 101
47 77 106
47 78 102
47 79 102
48 49 94
48 50 97
48 51 101
48 52 97
48 53 99
48 54 95
48 55 95
48 56 101
48 57 103
48 58 106
48 59 103
48 60 99
48 61 102
48 62 85
48 63 103
48 64 97
48 65 101
48 66 107
48 67 104
48 68 97
48 69 94
48 70 104
48 71 101
48 72 98
48 73 103
48 74 100
48 75 95
48 76 100
48 77 97
48 78 100
48 79 94
49 50 96
49 51 97
49 52 101
49 53 97
49 54 98
49 55 97
49 56 97
49 57 104
49 58 99
49 59 105
49 60 97
49 61 87
49 62 107
49 63 97
49 64 105
49 65 106
49 66 108
49 67 100
49 68 92
49 69 103
49 70 98
49 71 99
49 72 97
49 73 110
49 74 96
49 75 111
49 76 109
49 77 103
49 78 93
49 79 99
50 51 95
50 52 104
50 53 98
50 54 110
50 55 100
50 56 93
50 57 97
50 58 100
50 59 99
50 60 108
50 61 101
50 62 98
50 63 105
50 64 101
50 65 96
50 66 100
50 67 96
50 68 106
50 69 104
50 70 100
50 71 101
50 72 102
50 73 100
50 74 103
50 75 91
50 76 96
50 77 105
50 78 104
50 79 96
51 52 100
51 53 92
51 54 98
51 55 91
51 56 101
51 57 107
51 58 110
51 59 97
51 60 96
51 61 97
51 62 99
51 63 101
51 64 92
51 65 105
51 66 96
51 67 104
51 68 101
51 69 100
51 70 99
51 71 94
51 72 103
51 73 96
51 74 107
51 75 104
51 76 103
51 77 89
51 78 95
51 79 114
52 53 98
52 54 100
52 55 97
52 56 100
52 57 88
52 58 106
52 59 106
52 60 100
52 61 101
52 62 94
52 63 92
52 64 94
52 65 105
52 66 105
52 67 96
52 68 104
52 69 96
52 70 94
52 71 100
52 72 105
52 73 98
52 74 89
52 75 100
52 76 96
52 77 97
52 78 110
52 79 107
53 54 96
53 55 97
53 56 102
53 57 99
53 58 98
53 59 96
53 60 95
53 61 93
53 62 104
53 63 102
53 64 100
53 65 101
53 66 104
53 67 104
53 68 103
53 69 96
53 70 94
53 71 102
53 72 100
53 73 92
53 74 97
53 75 96
53 76 101
53 77 99
53 78 99
53 79 97
54 55 97
54 56 99
54 57 97
54 58 108
54 59 93
54 60 107
54 61 107
54 62 96
54 63 97
54 64 97
54 65 93
54 66 103
54 67 104
54 68 99
54 69 95
54 70 89
54 71 101
54 72 109
54 73 95
54 74 100
54 75 103
54 76 91
54 77 102
54 78 106
54 79 99
55 56 112
55 57 107
55 58 92
55 59 102
55 60 106
55 61 99
55 62 97
55 63 87
55 64 99
55 65 104
55 66 98
55 67 105
55 68 100
55 69 103
55 70 92
55 71 102
55 72 106
55 73 102
55 74 97
55 75 98
55 76 101
55 77 89
55 78 104
55 79 91
56 57 103
56 58 102
56 59 96
56 60 100
56 61 95
56 62 104
56 63 105
56 64 103
56 65 96
56 66 97
56 67 93
56 68 98
56 69 95
56 70 92
56 71 103
56 72 105
56 73 107
56 74 101
56 75 98
56 76 89
56 77 90
56 78 93
56 79 103
57 58 111
57 59 94
57 60 93
57 61 103
57 62 99
57 63 104
57 64 106
57 65 97
57 66 97
57 67 106
57 68 105
57 69 105
57 70 95
57 71 90
57 72 100
57 73 104
57 74 100
57 75 102
57 76 106
57 77 106
57 78 101
57 79 106
58 59 100
58 60 101
58 61 91
58 62 91
58 63 97
58 64 97
58 65 97
58 66 107
58 67 97
58 68 103
58 69 100
58 70 110
58 71 99
58 72 94
58 73 100
58 74 103
58 75 106
58 76 98
58 77 98
58 78 101
58 79 101
59 60 94
59 61 102
59 62 102
59 63 107
59 64 99
59 65 99
59 66 94
59 67 100
59 68 94
59 69 92
59 70 101
59 71 100
59 72 97
59 73 104
59 74 95
59 75 110
59 76 102
59 77 115
59 78 102
59 79 95
60 61 100
60 62 108
60 63 97
60 64 94
60 65 98
60 66 98
60 67 102
60 68 102
60 69 101
60 70 98
60 71 91
60 72 101
60 73 100
60 74 92
60 75 87
60 76 105
60 77 97
60 78 102
60 79 100
61 62 97
61 63 100
61 64 99
61 65 99
61 66 102
61 67 93
61 68 93
61 69 98
61 70 112
61 71 95
61 72 100
61 73 98
61 74 93
61 75 101
61 76 106
61 77 103
61 78 100
61 79 91
62 63 101
62 64 95
62 65 102
62 66 95
62 67 97
62 68 105
62 69 111
62 70 99
62 71 95
62 72 94
62 73 104
62 74 88
62 75 97
62 76 93
62 77 101
62 78 109
62 79 101
63 64 99
63 65 102
63 66 104
63 67 108
63 68 98
63 69 97
63 70 101
63 71 102
63 72 97
63 73 102
63 74 104
63 75 104
63 76 109
63 77 100
63 78 100
63 79 102
64 65 104
64 66 106
64 67 102
64 68 100
64 69 101
64 70 95
64 71 94
64 72 100
64 73 92
64 74 96
64 75 95
64 76 101
64 77 92
64 78 96
64 79 98
65 66 95
65 67 98
65 68 98
65 69 91
65 70 97
65 71 101
65 72 110
65 73 100
65 74 97
65 75 100
65 76 99
65 77 93
65 78 101
65 79 95
66 67 102
66 68 102
66 69 103
66 70 103
66 71 97
66 72 102
66 73 95
66 74 107
66 75 103
66 76 102
66 77 93
66 78 103
66 79 98
67 68 93
67 69 97
67 70 102
67 71 104
67 72 96
67 73 104
67 74 96
67 75 98
67 76 97
67 77 102
67 78 100
67 79 98
68 69 108
68 70 102
68 71 98
68 72 102
68 73 96
68 74 100
68 75 98
68 76 107
68 77 91
68 78 97
68 79 97
69 70 96
69 71 88
69 72 105
69 73 94
69 74 95
69 75 102
69 76 101
69 77 93
69 78 104
69 79 99
70 71 100
70 72 107
70 73 95
70 74 101
70 75 108
70 76 103
70 77 103
70 78 110
70 79 93
71 72 98
71 73 103
71 74 100
71 75 98
71 76 91
71 77 102
71 78 82
71 79 93
72 73 102
72 74 95
72 75 100
72 76 102
72 77 103
72 78 99
72 79 98
73 74 102
73 75 97
73 76 92
73 77 104
73 78 96
73 79 100
74 75 106
74 76 117
74 77 91
74 78 98
74 79 108
75 76 97
75 77 102
75 78 98
75 79 92
76 77 94
76 78 97
76 79 92
77 78 100
77 79 103
78 79 103
1
0 1 2 3 4 5 6 7
