120
0 10 303
0 11 297
0 20 203
0 42 196
0 54 198
0 55 204
0 58 201
1 6 309
1 37 202
1 54 201
2 15 304
3 58 199
3 67 202
4 17 306
4 53 194
4 58 202
4 67 202
4 71 192
5 9 304
5 50 198
5 68 196
5 72 199
5 76 207
6 13 297
6 20 208
6 32 205
6 56 206
7 15 300
7 19 295
8 29 203
8 49 203
8 51 204
9 16 299
9 50 200
9 72 197
10 33 194
10 52 206
11 15 287
11 50 198
11 68 204
12 39 200
12 63 197
12 70 212
13 18 301
13 55 205
14 16 296
14 26 198
15 24 189
15 71 194
16 29 191
16 47 202
17 46 198
18 36 203
18 62 195
19 51 199
19 59 201
20 34 97
20 35 95
21 39 97
21 46 102
21 48 95
21 58 103
22 39 98
23 35 93
23 60 100
23 79 101
24 57 101
24 73 105
25 30 104
26 30 106
27 28 97
27 50 100
28 34 95
28 65 96
28 75 96
29 38 94
29 41 104
30 39 112
30 40 108
31 49 102
32 40 97
32 45 109
32 75 96
33 69 94
34 42 98
34 43 106
35 52 101
35 68 107
35 71 100
37 55 98
37 71 103
38 52 108
39 49 98
39 50 103
39 79 104
40 50 99
41 50 102
42 62 93
42 70 101
43 55 103
44 56 99
44 71 102
45 48 98
45 53 97
46 55 97
46 74 91
47 56 104
47 66 97
48 60 104
51 59 102
54 60 99
56 61 100
56 74 95
60 61 100
61 64 96
61 76 102
62 79 95
66 77 97
71 77 106
75 78 92
1
0 1 2 3 4 5 6 7 8 9 10 11 12 13 14 15 16 17 18 19
