3160
0 1 293
0 2 297
0 3 300
0 4 301
0 5 308
0 6 297
0 7 304
0 8 206
0 9 199
0 10 200
0 11 193
0 12 192
0 13 197
0 14 200
0 15 206
0 16 192
0 17 197
0 18 200
0 19 196
0 20 199
0 21 198
0 22 200
0 23 198
0 24 202
0 25 193
0 26 204
0 27 199
0 28 197
0 29 191
0 30 207
0 31 207
0 32 199
0 33 199
0 34 195
0 35 196
0 36 187
0 37 199
0 38 205
0 39 200
0 40 199
0 41 205
0 42 206
0 43 199
0 44 205
0 45 203
0 46 202
0 47 205
0 48 192
0 49 205
0 50 195
0 51 201
0 52 196
0 53 207
0 54 196
0 55 199
0 56 197
0 57 200
0 58 202
0 59 190
0 60 202
0 61 198
0 62 201
0 63 190
0 64 197
0 65 198
0 66 202
0 67 200
0 68 203
0 69 197
0 70 202
0 71 191
0 72 204
0 73 206
0 74 202
0 75 207
0 76 201
0 77 205
0 78 200
0 79 192
1 2 302
1 3 295
1 4 300
1 5 303
1 6 297
1 7 299
1 8 204
1 9 206
1 10 196
1 11 198
1 12 202
1 13 212
1 14 199
1 15 206
1 16 201
1 17 201
1 18 197
1 19 200
1 20 198
1 21 195
1 22 198
1 23 199
1 24 192
1 25 196
1 26 204
1 27 193
1 28 197
1 29 199
1 30 205
1 31 197
1 32 202
1 33 199
1 34 202
1 35 204
1 36 205
1 37 199
1 38 201
1 39 201
1 40 198
1 41 209
1 42 205
1 43 206
1 44 200
1 45 196
1 46 192
1 47 197
1 48 205
1 49 195
1 50 193
1 51 194
1 52 196
1 53 199
1 54 198
1 55 203
1 56 200
1 57 197
1 58 196
1 59 209
1 60 206
1 61 203
1 62 204
1 63 206
1 64 198
1 65 191
1 66 205
1 67 203
1 68 199
1 69 200
1 70 196
1 71 200
1 72 197
1 73 201
1 74 198
1 75 193
1 76 193
1 77 199
1 78 196
1 79 202
2 3 296
2 4 309
2 5 294
2 6 306
2 7 294
2 8 196
2 9 202
2 10 202
2 11 204
2 12 195
2 13 194
2 14 201
2 15 196
2 16 205
2 17 199
2 18 204
2 19 198
2 20 198
2 21 200
2 22 194
2 23 208
2 24 199
2 25 199
2 26 196
2 27 200
2 28 199
2 29 202
2 30 193
2 31 198
2 32 207
2 33 202
2 34 195
2 35 193
2 36 197
2 37 196
2 38 197
2 39 188
2 40 197
2 41 198
2 42 198
2 43 196
2 44 204
2 45 201
2 46 203
2 47 191
2 48 199
2 49 208
2 50 205
2 51 191
2 52 199
2 53 200
2 54 200
2 55 187
2 56 200
2 57 205
2 58 204
2 59 199
2 60 202
2 61 189
2 62 205
2 63 204
2 64 207
2 65 202
2 66 193
2 67 199
2 68 211
2 69 199
2 70 198
2 71 201
2 72 204
2 73 201
2 74 195
2 75 209
2 76 199
2 77 199
2 78 203
2 79 204
3 4 299
3 5 304
3 6 300
3 7 296
3 8 201
3 9 195
3 10 205
3 11 201
3 12 194
3 13 203
3 14 199
3 15 198
3 16 195
3 17 200
3 18 203
3 19 196
3 20 205
3 21 203
3 22 196
3 23 200
3 24 207
3 25 202
3 26 201
3 27 211
3 28 199
3 29 200
3 30 202
3 31 209
3 32 197
3 33 191
3 34 203
3 35 200
3 36 195
3 37 195
3 38 203
3 39 201
3 40 200
3 41 196
3 42 205
3 43 210
3 44 197
3 45 203
3 46 195
3 47 199
3 48 191
3 49 197
3 50 197
3 51 197
3 52 205
3 53 198
3 54 208
3 55 207
3 56 198
3 57 201
3 58 196
3 59 206
3 60 202
3 61 197
3 62 191
3 63 204
3 64 207
3 65 199
3 66 201
3 67 195
3 68 194
3 69 192
3 70 205
3 71 202
3 72 201
3 73 195
3 74 194
3 75 188
3 76 204
3 77 200
3 78 203
3 79 201
4 5 301
4 6 296
4 7 295
4 8 201
4 9 197
4 10 197
4 11 194
4 12 199
4 13 195
4 14 199
4 15 201
4 16 196
4 17 199
4 18 203
4 19 192
4 20 205
4 21 201
4 22 206
4 23 199
4 24 202
4 25 207
4 26 200
4 27 203
4 28 204
4 29 199
4 30 198
4 31 197
4 32 201
4 33 206
4 34 202
4 35 192
4 36 208
4 37 203
4 38 200
4 39 201
4 40 205
4 41 197
4 42 198
4 43 206
4 44 199
4 45 199
4 46 196
4 47 208
4 48 206
4 49 195
4 50 199
4 51 203
4 52 194
4 53 204
4 54 202
4 55 203
4 56 205
4 57 200
4 58 199
4 59 200
4 60 204
4 61 198
4 62 201
4 63 197
4 64 199
4 65 202
4 66 197
4 67 198
4 68 200
4 69 197
4 70 207
4 71 200
4 72 188
4 73 200
4 74 202
4 75 209
4 76 203
4 77 196
4 78 201
4 79 199
5 6 295
5 7 293
5 8 200
5 9 209
5 10 199
5 11 195
5 12 196
5 13 206
5 14 195
5 15 193
5 16 201
5 17 197
5 18 191
5 19 206
5 20 193
5 21 201
5 22 188
5 23 202
5 24 186
5 25 197
5 26 205
5 27 200
5 28 190
5 29 200
5 30 192
5 31 204
5 32 204
5 33 203
5 34 208
5 35 201
5 36 195
5 37 199
5 38 191
5 39 202
5 40 204
5 41 209
5 42 195
5 43 207
5 44 194
5 45 204
5 46 207
5 47 189
5 48 196
5 49 197
5 50 197
5 51 202
5 52 203
5 53 216
5 54 197
5 55 195
5 56 201
5 57 199
5 58 194
5 59 198
5 60 195
5 61 195
5 62 203
5 63 203
5 64 211
5 65 198
5 66 201
5 67 205
5 68 194
5 69 197
5 70 184
5 71 199
5 72 197
5 73 199
5 74 201
5 75 202
5 76 201
5 77 193
5 78 192
5 79 199
6 7 303
6 8 192
6 9 200
6 10 199
6 11 187
6 12 201
6 13 203
6 14 202
6 15 205
6 16 199
6 17 203
6 18 209
6 19 205
6 20 197
6 21 202
6 22 199
6 23 193
6 24 200
6 25 206
6 26 194
6 27 195
6 28 202
6 29 197
6 30 198
6 31 196
6 32 199
6 33 207
6 34 193
6 35 199
6 36 206
6 37 201
6 38 209
6 39 203
6 40 203
6 41 195
6 42 201
6 43 200
6 44 199
6 45 188
6 46 198
6 47 200
6 48 199
6 49 204
6 50 201
6 51 190
6 52 199
6 53 193
6 54 199
6 55 200
6 56 199
6 57 192
6 58 203
6 59 191
6 60 208
6 61 199
6 62 200
6 63 205
6 64 209
6 65 213
6 66 197
6 67 194
6 68 199
6 69 198
6 70 192
6 71 198
6 72 198
6 73 199
6 74 195
6 75 193
6 76 204
6 77 197
6 78 206
6 79 202
7 8 197
7 9 200
7 10 204
7 11 197
7 12 201
7 13 207
7 14 192
7 15 194
7 16 201
7 17 194
7 18 206
7 19 199
7 20 199
7 21 201
7 22 203
7 23 190
7 24 199
7 25 194
7 26 190
7 27 198
7 28 203
7 29 206
7 30 204
7 31 193
7 32 210
7 33 199
7 34 202
7 35 191
7 36 200
7 37 199
7 38 203
7 39 206
7 40 198
7 41 199
7 42 196
7 43 203
7 44 202
7 45 199
7 46 198
7 47 201
7 48 203
7 49 198
7 50 196
7 51 196
7 52 192
7 53 209
7 54 197
7 55 209
7 56 202
7 57 199
7 58 200
7 59 203
7 60 192
7 61 198
7 62 192
7 63 205
7 64 204
7 65 202
7 66 209
7 67 201
7 68 194
7 69 194
7 70 203
7 71 200
7 72 192
7 73 200
7 74 195
7 75 204
7 76 194
7 77 195
7 78 198
7 79 199
8 9 97
8 10 95
8 11 96
8 12 93
8 13 104
8 14 107
8 15 97
8 16 105
8 17 93
8 18 111
8 19 107
8 20 103
8 21 101
8 22 95
8 23 101
8 24 102
8 25 101
8 26 92
8 27 93
8 28 102
8 29 92
8 30 100
8 31 101
8 32 98
8 33 96
8 34 107
8 35 93
8 36 98
8 37 101
8 38 95
8 39 93
8 40 99
8 41 100
8 42 102
8 43 94
8 44 107
8 45 97
8 46 89
8 47 105
8 48 110
8 49 100
8 50 104
8 51 101
8 52 102
8 53 96
8 54 101
8 55 95
8 56 102
8 57 100
8 58 92
8 59 98
8 60 99
8 61 96
8 62 99
8 63 90
8 64 100
8 65 101
8 66 99
8 67 92
8 68 99
8 69 97
8 70 102
8 71 94
8 72 104
8 73 99
8 74 97
8 75 111
8 76 103
8 77 100
8 78 96
8 79 97
9 10 90
9 11 104
9 12 100
9 13 96
9 14 105
9 15 99
9 16 106
9 17 91
9 18 100
9 19 98
9 20 104
9 21 103
9 22 101
9 23 86
9 24 97
9 25 99
9 26 96
9 27 102
9 28 103
9 29 104
9 30 94
9 31 96
9 32 95
9 33 98
9 34 91
9 35 103
9 36 92
9 37 112
9 38 102
9 39 102
9 40 93
9 41 98
9 42 106
9 43 109
9 44 107
9 45 94
9 46 100
9 47 108
9 48 97
9 49 103
9 50 95
9 51 96
9 52 96
9 53 105
9 54 100
9 55 97
9 56 100
9 57 102
9 58 102
9 59 97
9 60 99
9 61 96
9 62 100
9 63 108
9 64 99
9 65 100
9 66 93
9 67 98
9 68 96
9 69 99
9 70 92
9 71 105
9 72 102
9 73 103
9 74 96
9 75 93
9 76 89
9 77 104
9 78 106
9 79 102
10 11 93
10 12 102
10 13 110
10 14 108
10 15 106
10 16 103
10 17 97
10 18 90
10 19 90
10 20 96
10 21 102
10 22 99
10 23 94
10 24 105
10 25 99
10 26 98
10 27 98
10 28 98
10 29 108
10 30 95
10 31 98
10 32 99
10 33 97
10 34 99
10 35 100
10 36 94
10 37 112
10 38 103
10 39 102
10 40 100
10 41 107
10 42 95
10 43 109
10 44 101
10 45 97
10 46 92
10 47 105
10 48 99
10 49 98
10 50 102
10 51 99
10 52 103
10 53 91
10 54 104
10 55 95
10 56 96
10 57 94
10 58 94
10 59 103
10 60 98
10 61 92
10 62 98
10 63 97
10 64 105
10 65 98
10 66 93
10 67 97
10 68 107
10 69 89
10 70 108
10 71 95
10 72 100
10 73 102
10 74 104
10 75 107
10 76 101
10 77 95
10 78 101
10 79 112
11 12 91
11 13 100
11 14 98
11 15 103
11 16 102
11 17 110
11 18 106
11 19 94
11 20 95
11 21 107
11 22 95
11 23 99
11 24 99
11 25 96
11 26 102
11 27 93
11 28 92
11 29 97
11 30 97
11 31 105
11 32 86
11 33 101
11 34 98
11 35 97
11 36 105
11 37 102
11 38 101
11 39 92
11 40 92
11 41 95
11 42 104
11 43 94
11 44 97
11 45 93
11 46 107
11 47 98
11 48 89
11 49 95
11 50 102
11 51 107
11 52 104
11 53 96
11 54 89
11 55 92
11 56 97
11 57 103
11 58 96
11 59 92
11 60 94
11 61 95
11 62 94
11 63 98
11 64 91
11 65 102
11 66 95
11 67 100
11 68 104
11 69 101
11 70 108
11 71 102
11 72 102
11 73 106
11 74 109
11 75 98
11 76 94
11 77 97
11 78 105
11 79 101
12 13 105
12 14 101
12 15 110
12 16 100
12 17 101
12 18 96
12 19 105
12 20 97
12 21 103
12 22 99
12 23 99
12 24 107
12 25 93
12 26 102
12 27 91
12 28 111
12 29 103
12 30 93
12 31 104
12 32 96
12 33 101
12 34 90
12 35 102
12 36 103
12 37 92
12 38 96
12 39 92
12 40 101
12 41 100
12 42 98
12 43 104
12 44 91
12 45 107
12 46 98
12 47 99
12 48 105
12 49 97
12 50 95
12 51 100
12 52 92
12 53 94
12 54 101
12 55 99
12 56 107
12 57 104
12 58 97
12 59 102
12 60 115
12 61 95
12 62 101
12 63 104
12 64 101
12 65 108
12 66 96
12 67 101
12 68 99
12 69 106
12 70 105
12 71 98
12 72 102
12 73 95
12 74 106
12 75 98
12 76 99
12 77 97
12 78 99
12 79 95
13 14 92
13 15 97
13 16 95
13 17 95
13 18 93
13 19 101
13 20 98
13 21 101
13 22 98
13 23 107
13 24 101
13 25 95
13 26 98
13 27 97
13 28 91
13 29 102
13 30 99
13 31 91
13 32 97
13 33 93
13 34 101
13 35 101
13 36 92
13 37 99
13 38 94
13 39 96
13 40 89
13 41 93
13 42 102
13 43 92
13 44 94
13 45 101
13 46 103
13 47 99
13 48 107
13 49 105
13 50 100
13 51 101
13 52 100
13 53 103
13 54 97
13 55 101
13 56 101
13 57 106
13 58 103
13 59 101
13 60 110
13 61 101
13 62 97
13 63 101
13 64 102
13 65 102
13 66 106
13 67 100
13 68 104
13 69 99
13 70 98
13 71 94
13 72 105
13 73 109
13 74 103
13 75 98
13 76 110
13 77 93
13 78 96
13 79 99
14 15 106
14 16 96
14 17 97
14 18 104
14 19 99
14 20 94
14 21 100
14 22 102
14 23 105
14 24 107
14 25 101
14 26 95
14 27 97
14 28 107
14 29 105
14 30 96
14 31 100
14 32 101
14 33 104
14 34 107
14 35 97
14 36 99
14 37 104
14 38 100
14 39 93
14 40 97
14 41 95
14 42 96
14 43 90
14 44 97
14 45 104
14 46 95
14 47 106
14 48 102
14 49 91
14 50 104
14 51 99
14 52 103
14 53 102
14 54 104
14 55 94
14 56 105
14 57 95
14 58 94
14 59 103
14 60 103
14 61 99
14 62 103
14 63 94
14 64 96
14 65 95
14 66 97
14 67 96
14 68 99
14 69 96
14 70 108
14 71 94
14 72 97
14 73 100
14 74 93
14 75 101
14 76 103
14 77 97
14 78 95
14 79 95
15 16 111
15 17 105
15 18 103
15 19 100
15 20 100
15 21 95
15 22 97
15 23 107
15 24 98
15 25 106
15 26 102
15 27 97
15 28 95
15 29 99
15 30 92
15 31 102
15 32 97
15 33 102
15 34 98
15 35 95
15 36 107
15 37 96
15 38 97
15 39 102
15 40 97
15 41 106
15 42 90
15 43 98
15 44 94
15 45 102
15 46 110
15 47 94
15 48 101
15 49 100
15 50 98
15 51 106
15 52 101
15 53 99
15 54 94
15 55 105
15 56 98
15 57 96
15 58 98
15 59 111
15 60 108
15 61 102
15 62 98
15 63 102
15 64 94
15 65 101
15 66 100
15 67 101
15 68 97
15 69 104
15 70 100
15 71 101
15 72 96
15 73 105
15 74 99
15 75 99
15 76 100
15 77 108
15 78 106
15 79 97
16 17 96
16 18 98
16 19 95
16 20 103
16 21 105
16 22 98
16 23 104
16 24 92
16 25 91
16 26 99
16 27 101
16 28 100
16 29 88
16 30 100
16 31 100
16 32 109
16 33 97
16 34 92
16 35 104
16 36 97
16 37 98
16 38 97
16 39 100
16 40 102
16 41 98
16 42 109
16 43 90
16 44 100
16 45 95
16 46 103
16 47 90
16 48 105
16 49 100
16 50 102
16 51 103
16 52 102
16 53 89
16 54 106
16 55 90
16 56 102
16 57 98
16 58 90
16 59 104
16 60 106
16 61 95
16 62 99
16 63 104
16 64 106
16 65 99
16 66 105
16 67 95
16 68 102
16 69 97
16 70 103
16 71 101
16 72 95
16 73 95
16 74 102
16 75 100
16 76 100
16 77 107
16 78 89
16 79 99
17 18 98
17 19 96
17 20 106
17 21 105
17 22 96
17 23 98
17 24 98
17 25 103
17 26 99
17 27 97
17 28 94
17 29 103
17 30 98
17 31 99
17 32 95
17 33 101
17 34 112
17 35 96
17 36 100
17 37 102
17 38 96
17 39 97
17 40 101
17 41 100
17 42 103
17 43 95
17 44 91
17 45 94
17 46 107
17 47 90
17 48 102
17 49 103
17 50 100
17 51 101
17 52 94
17 53 93
17 54 106
17 55 101
17 56 103
17 57 92
17 58 99
17 59 94
17 60 94
17 61 108
17 62 88
17 63 91
17 64 97
17 65 95
17 66 105
17 67 98
17 68 98
17 69 98
17 70 96
17 71 97
17 72 101
17 73 94
17 74 97
17 75 101
17 76 99
17 77 97
17 78 108
17 79 99
18 19 98
18 20 105
18 21 102
18 22 105
18 23 100
18 24 99
18 25 103
18 26 101
18 27 104
18 28 102
18 29 111
18 30 98
18 31 92
18 32 104
18 33 95
18 34 104
18 35 93
18 36 99
18 37 107
18 38 88
18 39 106
18 40 101
18 41 95
18 42 100
18 43 94
18 44 98
18 45 107
18 46 92
18 47 103
18 48 97
18 49 97
18 50 100
18 51 96
18 52 99
18 53 95
18 54 99
18 55 95
18 56 105
18 57 103
18 58 96
18 59 100
18 60 104
18 61 99
18 62 93
18 63 110
18 64 104
18 65 88
18 66 95
18 67 99
18 68 103
18 69 100
18 70 99
18 71 105
18 72 94
18 73 105
18 74 99
18 75 93
18 76 97
18 77 102
18 78 102
18 79 97
19 20 105
19 21 102
19 22 100
19 23 104
19 24 98
19 25 106
19 26 106
19 27 97
19 28 94
19 29 93
19 30 90
19 31 103
19 32 105
19 33 104
19 34 98
19 35 103
19 36 100
19 37 101
19 38 95
19 39 101
19 40 96
19 41 101
19 42 91
19 43 106
19 44 99
19 45 98
19 46 98
19 47 102
19 48 92
19 49 103
19 50 91
19 51 96
19 52 92
19 53 100
19 54 107
19 55 98
19 56 98
19 57 100
19 58 93
19 59 107
19 60 98
19 61 101
19 62 106
19 63 97
19 64 101
19 65 105
19 66 99
19 67 100
19 68 103
19 69 104
19 70 103
19 71 102
19 72 92
19 73 96
19 74 101
19 75 92
19 76 101
19 77 99
19 78 97
19 79 100
20 21 101
20 22 103
20 23 105
20 24 95
20 25 102
20 26 100
20 27 98
20 28 107
20 29 97
20 30 104
20 31 98
20 32 104
20 33 99
20 34 104
20 35 100
20 36 97
20 37 92
20 38 106
20 39 103
20 40 106
20 41 100
20 42 102
20 43 95
20 44 94
20 45 100
20 46 101
20 47 102
20 48 86
20 49 98
20 50 102
20 51 95
20 52 100
20 53 105
20 54 102
20 55 99
20 56 99
20 57 100
20 58 100
20 59 108
20 60 98
20 61 94
20 62 104
20 63 109
20 64 105
20 65 102
20 66 97
20 67 100
20 68 93
20 69 101
20 70 95
20 71 102
20 72 95
20 73 106
20 74 106
20 75 102
20 76 92
20 77 100
20 78 97
20 79 96
21 22 104
21 23 111
21 24 100
21 25 99
21 26 97
21 27 99
21 28 96
21 29 95
21 30 96
21 31 106
21 32 96
21 33 98
21 34 98
21 35 99
21 36 101
21 37 99
21 38 95
21 39 97
21 40 99
21 41 94
21 42 102
21 43 101
21 44 94
21 45 102
21 46 102
21 47 92
21 48 96
21 49 96
21 50 90
21 51 99
21 52 96
21 53 102
21 54 101
21 55 97
21 56 97
21 57 104
21 58 102
21 59 100
21 60 96
21 61 114
21 62 101
21 63 108
21 64 95
21 65 105
21 66 103
21 67 96
21 68 97
21 69 102
21 70 95
21 71 100
21 72 102
21 73 99
21 74 99
21 75 98
21 76 93
21 77 97
21 78 90
21 79 102
22 23 102
22 24 98
22 25 93
22 26 100
22 27 100
22 28 108
22 29 99
22 30 93
22 31 96
22 32 97
22 33 101
22 34 94
22 35 97
22 36 97
22 37 103
22 38 91
22 39 99
22 40 105
22 41 95
22 42 96
22 43 107
22 44 101
22 45 96
22 46 99
22 47 98
22 48 108
22 49 101
22 50 92
22 51 102
22 52 100
22 53 103
22 54 100
22 55 98
22 56 99
22 57 95
22 58 98
22 59 96
22 60 101
22 61 96
22 62 90
22 63 98
22 64 99
22 65 100
22 66 93
22 67 93
22 68 97
22 69 97
22 70 94
22 71 91
22 72 102
22 73 94
22 74 100
22 75 105
22 76 98
22 77 99
22 78 95
22 79 109
23 24 100
23 25 89
23 26 101
23 27 104
23 28 106
23 29 96
23 30 99
23 31 102
23 32 94
23 33 95
23 34 103
23 35 101
23 36 99
23 37 102
23 38 98
23 39 101
23 40 93
23 41 98
23 42 106
23 43 97
23 44 89
23 45 100
23 46 100
23 47 108
23 48 93
23 49 104
23 50 97
23 51 99
23 52 98
23 53 107
23 54 101
23 55 102
23 56 94
23 57 102
23 58 96
23 59 101
23 60 103
23 61 102
23 62 92
23 63 95
23 64 101
23 65 106
23 66 98
23 67 104
23 68 99
23 69 102
23 70 97
23 71 101
23 72 98
23 73 101
23 74 105
23 75 92
23 76 94
23 77 95
23 78 105
23 79 105
24 25 97
24 26 112
24 27 103
24 28 99
24 29 96
24 30 102
24 31 108
24 32 99
24 33 94
24 34 101
24 35 92
24 36 102
24 37 98
24 38 100
24 39 94
24 40 91
24 41 91
24 42 103
24 43 112
24 44 96
24 45 101
24 46 99
24 47 103
24 48 99
24 49 99
24 50 104
24 51 100
24 52 99
24 53 94
24 54 109
24 55 106
24 56 96
24 57 112
24 58 111
24 59 98
24 60 100
24 61 101
24 62 95
24 63 95
24 64 93
24 65 102
24 66 99
24 67 98
24 68 99
24 69 107
24 70 97
24 71 92
24 72 96
24 73 92
24 74 87
24 75 95
24 76 90
24 77 100
24 78 104
24 79 92
25 26 99
25 27 96
25 28 95
25 29 98
25 30 98
25 31 102
25 32 100
25 33 105
25 34 94
25 35 99
25 36 98
25 37 93
25 38 105
25 39 93
25 40 92
25 41 100
25 42 96
25 43 98
25 44 107
25 45 99
25 46 111
25 47 106
25 48 102
25 49 101
25 50 96
25 51 97
25 52 105
25 53 94
25 54 89
25 55 100
25 56 102
25 57 96
25 58 84
25 59 103
25 60 104
25 61 102
25 62 106
25 63 102
25 64 111
25 65 97
25 66 98
25 67 94
25 68 90
25 69 104
25 70 101
25 71 102
25 72 104
25 73 106
25 74 105
25 75 96
25 76 92
25 77 104
25 78 108
25 79 94
26 27 93
26 28 97
26 29 96
26 30 94
26 31 102
26 32 112
26 33 102
26 34 95
26 35 105
26 36 91
26 37 95
26 38 98
26 39 112
26 40 97
26 41 101
26 42 106
26 43 110
26 44 97
26 45 98
26 46 102
26 47 101
26 48 107
26 49 91
26 50 97
26 51 103
26 52 100
26 53 93
26 54 100
26 55 94
26 56 100
26 57 105
26 58 101
26 59 96
26 60 100
26 61 99
26 62 96
26 63 88
26 64 99
26 65 106
26 66 101
26 67 95
26 68 100
26 69 95
26 70 100
26 71 99
26 72 98
26 73 98
26 74 98
26 75 90
26 76 102
26 77 99
26 78 101
26 79 105
27 28 107
27 29 107
27 30 99
27 31 98
27 32 105
27 33 102
27 34 105
27 35 103
27 36 96
27 37 95
27 38 92
27 39 106
27 40 103
27 41 91
27 42 95
27 43 99
27 44 107
27 45 94
27 46 96
27 47 105
27 48 104
27 49 99
27 50 103
27 51 98
27 52 99
27 53 97
27 54 109
27 55 97
27 56 97
27 57 100
27 58 100
27 59 101
27 60 91
27 61 104
27 62 100
27 63 102
27 64 106
27 65 99
27 66 105
27 67 108
27 68 99
27 69 92
27 70 100
27 71 109
27 72 100
27 73 100
27 74 94
27 75 106
27 76 100
27 77 107
27 78 101
27 79 93
28 29 98
28 30 95
28 31 95
28 32 93
28 33 96
28 34 98
28 35 98
28 36 100
28 37 111
28 38 105
28 39 96
28 40 99
28 41 91
28 42 107
28 43 102
28 44 97
28 45 100
28 46 100
28 47 93
28 48 106
28 49 96
28 50 97
28 51 103
28 52 90
28 53 106
28 54 96
28 55 103
28 56 101
28 57 101
28 58 100
28 59 99
28 60 99
28 61 101
28 62 98
28 63 98
28 64 100
28 65 101
28 66 100
28 67 96
28 68 100
28 69 103
28 70 107
28 71 107
28 72 100
28 73 98
28 74 97
28 75 103
28 76 105
28 77 88
28 78 102
28 79 91
29 30 99
29 31 102
29 32 101
29 33 104
29 34 105
29 35 106
29 36 97
29 37 98
29 38 105
29 39 92
29 40 103
29 41 89
29 42 96
29 43 96
29 44 102
29 45 96
29 46 99
29 47 99
29 48 98
29 49 95
29 50 98
29 51 99
29 52 99
29 53 106
29 54 96
29 55 100
29 56 95
29 57 105
29 58 103
29 59 97
29 60 101
29 61 106
29 62 101
29 63 99
29 64 104
29 65 103
29 66 105
29 67 106
29 68 87
29 69 104
29 70 94
29 71 96
29 72 97
29 73 93
29 74 99
29 75 91
29 76 95
29 77 101
29 78 96
29 79 96
30 31 110
30 32 103
30 33 106
30 34 100
30 35 103
30 36 105
30 37 96
30 38 105
30 39 99
30 40 96
30 41 91
30 42 108
30 43 102
30 44 99
30 45 98
30 46 93
30 47 90
30 48 104
30 49 101
30 50 92
30 51 104
30 52 109
30 53 93
30 54 100
30 55 100
30 56 99
30 57 99
30 58 101
30 59 103
30 60 99
30 61 99
30 62 110
30 63 99
30 64 107
30 65 101
30 66 97
30 67 110
30 68 95
30 69 101
30 70 102
30 71 100
30 72 96
30 73 106
30 74 107
30 75 102
30 76 105
30 77 94
30 78 111
30 79 99
31 32 89
31 33 102
31 34 99
31 35 101
31 36 99
31 37 95
31 38 94
31 39 109
31 40 98
31 41 92
31 42 93
31 43 96
31 44 101
31 45 100
31 46 104
31 47 98
31 48 105
31 49 106
31 50 100
31 51 98
31 52 87
31 53 104
31 54 93
31 55 111
31 56 96
31 57 100
31 58 92
31 59 89
31 60 101
31 61 97
31 62 91
31 63 99
31 64 94
31 65 89
31 66 101
31 67 108
31 68 102
31 69 105
31 70 93
31 71 103
31 72 101
31 73 102
31 74 99
31 75 90
31 76 103
31 77 102
31 78 95
31 79 101
32 33 100
32 34 100
32 35 104
32 36 96
32 37 104
32 38 98
32 39 97
32 40 101
32 41 101
32 42 103
32 43 100
32 44 106
32 45 109
32 46 92
32 47 102
32 48 99
32 49 93
32 50 96
32 51 98
32 52 102
32 53 102
32 54 105
32 55 100
32 56 95
32 57 100
32 58 96
32 59 98
32 60 95
32 61 98
32 62 94
32 63 98
32 64 95
32 65 102
32 66 103
32 67 108
32 68 100
32 69 104
32 70 93
32 71 95
32 72 107
32 73 94
32 74 96
32 75 98
32 76 92
32 77 105
32 78 102
32 79 105
33 34 110
33 35 97
33 36 88
33 37 83
33 38 98
33 39 94
33 40 108
33 41 108
33 42 106
33 43 105
33 44 98
33 45 93
33 46 99
33 47 108
33 48 99
33 49 100
33 50 103
33 51 93
33 52 98
33 53 91
33 54 107
33 55 103
33 56 99
33 57 99
33 58 109
33 59 97
33 60 92
33 61 97
33 62 96
33 63 101
33 64 99
33 65 91
33 66 94
33 67 105
33 68 100
33 69 104
33 70 105
33 71 94
33 72 106
33 73 99
33 74 97
33 75 106
33 76 108
33 77 99
33 78 101
33 79 99
34 35 102
34 36 95
34 37 92
34 38 99
34 39 104
34 40 108
34 41 105
34 42 95
34 43 104
34 44 98
34 45 92
34 46 102
34 47 98
34 48 98
34 49 105
34 50 100
34 51 97
34 52 101
34 53 101
34 54 102
34 55 96
34 56 102
34 57 93
34 58 98
34 59 109
34 60 99
34 61 99
34 62 98
34 63 103
34 64 106
34 65 101
34 66 102
34 67 99
34 68 97
34 69 95
34 70 100
34 71 111
34 72 98
34 73 101
34 74 94
34 75 97
34 76 99
34 77 97
34 78 97
34 79 99
35 36 96
35 37 100
35 38 98
35 39 110
35 40 97
35 41 104
35 42 105
35 43 96
35 44 99
35 45 94
35 46 97
35 47 100
35 48 104
35 49 102
35 50 96
35 51 102
35 52 106
35 53 90
35 54 104
35 55 110
35 56 94
35 57 99
35 58 101
35 59 97
35 60 91
35 61 89
35 62 101
35 63 99
35 64 101
35 65 102
35 66 104
35 67 96
35 68 98
35 69 100
35 70 102
35 71 101
35 72 105
35 73 109
35 74 91
35 75 99
35 76 102
35 77 102
35 78 97
35 79 102
36 37 96
36 38 90
36 39 101
36 40 107
36 41 96
36 42 103
36 43 98
36 44 103
36 45 102
36 46 103
36 47 109
36 48 97
36 49 102
36 50 101
36 51 106
36 52 109
36 53 96
36 54 95
36 55 107
36 56 98
36 57 100
36 58 103
36 59 94
36 60 99
36 61 98
36 62 96
36 63 94
36 64 102
36 65 104
36 66 98
36 67 109
36 68 101
36 69 99
36 70 103
36 71 96
36 72 95
36 73 96
36 74 94
36 75 104
36 76 106
36 77 104
36 78 96
36 79 102
37 38 101
37 39 102
37 40 89
37 41 105
37 42 101
37 43 99
37 44 94
37 45 97
37 46 101
37 47 110
37 48 102
37 49 116
37 50 107
37 51 91
37 52 107
37 53 97
37 54 100
37 55 94
37 56 94
37 57 98
37 58 96
37 59 98
37 60 107
37 61 95
37 62 97
37 63 94
37 64 107
37 65 100
37 66 91
37 67 102
37 68 95
37 69 96
37 70 105
37 71 99
37 72 98
37 73 108
37 74 97
37 75 94
37 76 93
37 77 101
37 78 105
37 79 95
38 39 93
38 40 104
38 41 103
38 42 99
38 43 102
38 44 106
38 45 92
38 46 99
38 47 100
38 48 97
38 49 94
38 50 100
38 51 95
38 52 101
38 53 100
38 54 100
38 55 99
38 56 106
38 57 111
38 58 94
38 59 93
38 60 95
38 61 96
38 62 100
38 63 96
38 64 103
38 65 101
38 66 87
38 67 96
38 68 97
38 69 100
38 70 104
38 71 96
38 72 97
38 73 96
38 74 99
38 75 97
38 76 99
38 77 101
38 78 106
38 79 105
39 40 103
39 41 96
39 42 100
39 43 100
39 44 101
39 45 97
39 46 104
39 47 100
39 48 95
39 49 94
39 50 108
39 51 102
39 52 105
39 53 100
39 54 98
39 55 100
39 56 96
39 57 95
39 58 99
39 59 104
39 60 105
39 61 96
39 62 89
39 63 99
39 64 109
39 65 97
39 66 104
39 67 93
39 68 100
39 69 108
39 70 99
39 71 99
39 72 100
39 73 106
39 74 98
39 75 105
39 76 100
39 77 96
39 78 97
39 79 92
40 41 98
40 42 101
40 43 106
40 44 100
40 45 94
40 46 102
40 47 103
40 48 103
40 49 101
40 50 97
40 51 103
40 52 89
40 53 107
40 54 99
40 55 105
40 56 104
40 57 96
40 58 98
40 59 92
40 60 101
40 61 105
40 62 100
40 63 100
40 64 99
40 65 96
40 66 98
40 67 94
40 68 107
40 69 103
40 70 103
40 71 104
40 72 96
40 73 105
40 74 98
40 75 96
40 76 104
40 77 96
40 78 107
40 79 92
41 42 103
41 43 101
41 44 103
41 45 101
41 46 99
41 47 103
41 48 98
41 49 97
41 50 96
41 51 105
41 52 96
41 53 98
41 54 105
41 55 104
41 56 96
41 57 99
41 58 101
41 59 90
41 60 104
41 61 100
41 62 99
41 63 104
41 64 92
41 65 101
41 66 95
41 67 106
41 68 95
41 69 102
41 70 101
41 71 103
41 72 97
41 73 89
41 74 107
41 75 107
41 76 92
41 77 100
41 78 95
41 79 99
42 43 98
42 44 96
42 45 94
42 46 106
42 47 110
42 48 96
42 49 99
42 50 92
42 51 101
42 52 107
42 53 96
42 54 96
42 55 98
42 56 102
42 57 92
42 58 88
42 59 107
42 60 92
42 61 108
42 62 103
42 63 92
42 64 95
42 65 98
42 66 102
42 67 98
42 68 90
42 69 108
42 70 103
42 71 99
42 72 97
42 73 102
42 74 96
42 75 102
42 76 105
42 77 107
42 78 101
42 79 94
43 44 92
43 45 99
43 46 103
43 47 101
43 48 97
43 49 99
43 50 102
43 51 100
43 52 97
43 53 98
43 54 94
43 55 110
43 56 97
43 57 109
43 58 92
43 59 108
43 60 97
43 61 96
43 62 107
43 63 99
43 64 104
43 65 101
43 66 105
43 67 104
43 68 98
43 69 94
43 70 107
43 71 105
43 72 102
43 73 98
43 74 91
43 75 98
43 76 101
43 77 103
43 78 100
43 79 98
44 45 105
44 46 101
44 47 100
44 48 89
44 49 94
44 50 93
44 51 96
44 52 96
44 53 101
44 54 98
44 55 85
44 56 104
44 57 103
44 58 97
44 59 103
44 60 102
44 61 96
44 62 100
44 63 95
44 64 108
44 65 100
44 66 98
44 67 106
44 68 96
44 69 107
44 70 96
44 71 109
44 72 102
44 73 97
44 74 96
44 75 105
44 76 107
44 77 101
44 78 110
44 79 96
45 46 103
45 47 96
45 48 108
45 49 96
45 50 100
45 51 105
45 52 94
45 53 93
45 54 92
45 55 97
45 56 95
45 57 100
45 58 95
45 59 102
45 60 94
45 61 99
45 62 108
45 63 101
45 64 93
45 65 95
45 66 109
45 67 99
45 68 100
45 69 104
45 70 109
45 71 99
45 72 92
45 73 103
45 74 94
45 75 93
45 76 97
45 77 106
45 78 107
45 79 93
46 47 97
46 48 93
46 49 107
46 50 100
46 51 98
46 52 99
46 53 96
46 54 101
46 55 101
46 56 100
46 57 95
46 58 91
46 59 109
46 60 98
46 61 97
46 62 89
46 63 96
46 64 109
46 65 95
46 66 103
46 67 114
46 68 91
46 69 99
46 70 104
46 71 93
46 72 98
46 73 102
46 74 101
46 75 106
46 76 99
46 77 99
46 78 100
46 79 100
47 48 96
47 49 94
47 50 105
47 51 107
47 52 103
47 53 96
47 54 101
47 55 93
47 56 97
47 57 108
47 58 105
47 59 95
47 60 100
47 61 95
47 62 98
47 63 101
47 64 96
47 65 96
47 66 100
47 67 99
47 68 108
47 69 101
47 70 107
47 71 97
47 72 101
47 73 106
47 74 102
47 75 100
47 76 103
47 77 106
47 78 99
47 79 96
48 49 104
48 50 100
48 51 104
48 52 106
48 53 109
48 54 97
48 55 104
48 56 93
48 57 102
48 58 100
48 59 101
48 60 102
48 61 102
48 62 102
48 63 103
48 64 102
48 65 99
48 66 98
48 67 106
48 68 94
48 69 105
48 70 97
48 71 102
48 72 102
48 73 100
48 74 105
48 75 105
48 76 104
48 77 104
48 78 98
48 79 101
49 50 103
49 51 96
49 52 104
49 53 104
49 54 101
49 55 99
49 56 106
49 57 107
49 58 108
49 59 98
49 60 97
49 61 95
49 62 99
49 63 102
49 64 103
49 65 94
49 66 100
49 67 105
49 68 102
49 69 100
49 70 99
49 71 93
49 72 100
49 73 96
49 74 106
49 75 100
49 76 98
49 77 105
49 78 110
49 79 106
50 51 94
50 52 92
50 53 93
50 54 108
50 55 96
50 56 98
50 57 89
50 58 102
50 59 96
50 60 96
50 61 104
50 62 100
50 63 98
50 64 90
50 65 98
50 66 96
50 67 100
50 68 102
50 69 102
50 70 105
50 71 97
50 72 98
50 73 107
50 74 94
50 75 104
50 76 102
50 77 101
50 78 102
50 79 99
51 52 107
51 53 102
51 54 100
51 55 100
51 56 100
51 57 99
51 58 98
51 59 96
51 60 100
51 61 109
51 62 96
51 63 95
51 64 96
51 65 100
51 66 94
51 67 103
51 68 104
51 69 97
51 70 100
51 71 93
51 72 104
51 73 98
51 74 104
51 75 101
51 76 98
51 77 100
51 78 91
51 79 97
52 53 97
52 54 105
52 55 103
52 56 89
52 57 98
52 58 106
52 59 98
52 60 104
52 61 101
52 62 103
52 63 99
52 64 105
52 65 90
52 66 105
52 67 114
52 68 90
52 69 93
52 70 104
52 71 107
52 72 100
52 73 92
52 74 89
52 75 103
52 76 94
52 77 101
52 78 92
52 79 98
53 54 104
53 55 105
53 56 96
53 57 97
53 58 95
53 59 96
53 60 99
53 61 91
53 62 103
53 63 99
53 64 97
53 65 91
53 66 98
53 67 106
53 68 107
53 69 106
53 70 91
53 71 92
53 72 110
53 73 98
53 74 91
53 75 97
53 76 100
53 77 98
53 78 97
53 79 96
54 55 94
54 56 104
54 57 97
54 58 103
54 59 103
54 60 89
54 61 98
54 62 103
54 63 102
54 64 112
54 65 98
54 66 96
54 67 106
54 68 103
54 69 101
54 70 106
54 71 100
54 72 103
54 73 110
54 74 102
54 75 89
54 76 95
54 77 104
54 78 103
54 79 105
55 56 106
55 57 104
55 58 107
55 59 110
55 60 110
55 61 98
55 62 102
55 63 97
55 64 99
55 65 102
55 66 98
55 67 103
55 68 95
55 69 101
55 70 87
55 71 102
55 72 96
55 73 101
55 74 95
55 75 89
55 76 100
55 77 95
55 78 102
55 79 105
56 57 94
56 58 104
56 59 101
56 60 103
56 61 98
56 62 95
56 63 99
56 64 102
56 65 93
56 66 90
56 67 103
56 68 103
56 69 98
56 70 96
56 71 94
56 72 105
56 73 101
56 74 102
56 75 96
56 76 105
56 77 96
56 78 104
56 79 104
57 58 99
57 59 103
57 60 105
57 61 101
57 62 105
57 63 105
57 64 111
57 65 95
57 66 95
57 67 104
57 68 99
57 69 97
57 70 97
57 71 105
57 72 97
57 73 100
57 74 94
57 75 92
57 76 107
57 77 107
57 78 105
57 79 106
58 59 107
58 60 107
58 61 92
58 62 93
58 63 99
58 64 100
58 65 104
58 66 96
58 67 101
58 68 104
58 69 107
58 70 94
58 71 105
58 72 92
58 73 96
58 74 96
58 75 103
58 76 107
58 77 104
58 78 100
58 79 95
59 60 104
59 61 99
59 62 97
59 63 103
59 64 103
59 65 103
59 66 99
59 67 103
59 68 106
59 69 104
59 70 95
59 71 94
59 72 103
59 73 99
59 74 90
59 75 101
59 76 92
59 77 105
59 78 100
59 79 106
60 61 88
60 62 106
60 63 98
60 64 98
60 65 95
60 66 91
60 67 103
60 68 93
60 69 98
60 70 98
60 71 100
60 72 108
60 73 97
60 74 107
60 75 91
60 76 110
60 77 98
60 78 107
60 79 101
61 62 105
61 63 97
61 64 108
61 65 97
61 66 100
61 67 103
61 68 96
61 69 95
61 70 93
61 71 101
61 72 100
61 73 89
61 74 105
61 75 104
61 76 102
61 77 95
61 78 98
61 79 95
62 63 94
62 64 102
62 65 95
62 66 102
62 67 93
62 68 104
62 69 94
62 70 103
62 71 95
62 72 98
62 73 101
62 74 100
62 75 101
62 76 105
62 77 102
62 78 99
62 79 102
63 64 100
63 65 90
63 66 102
63 67 100
63 68 99
63 69 97
63 70 96
63 71 97
63 72 99
63 73 87
63 74 98
63 75 98
63 76 98
63 77 103
63 78 95
63 79 109
64 65 87
64 66 101
64 67 104
64 68 96
64 69 102
64 70 103
64 71 96
64 72 104
64 73 99
64 74 97
64 75 100
64 76 98
64 77 96
64 78 109
64 79 94
65 66 97
65 67 96
65 68 97
65 69 95
65 70 89
65 71 105
65 72 102
65 73 106
65 74 99
65 75 95
65 76 96
65 77 103
65 78 102
65 79 103
66 67 105
66 68 96
66 69 95
66 70 103
66 71 96
66 72 103
66 73 104
66 74 87
66 75 107
66 76 97
66 77 105
66 78 97
66 79 96
67 68 103
67 69 99
67 70 97
67 71 101
67 72 104
67 73 97
67 74 94
67 75 94
67 76 98
67 77 102
67 78 99
67 79 110
68 69 93
68 70 100
68 71 93
68 72 95
68 73 98
68 74 106
68 75 104
68 76 93
68 77 104
68 78 100
68 79 94
69 70 105
69 71 102
69 72 99
69 73 103
69 74 98
69 75 102
69 76 107
69 77 98
69 78 94
69 79 106
70 71 99
70 72 102
70 73 95
70 74 105
70 75 103
70 76 100
70 77 96
70 78 90
70 79 98
71 72 97
71 73 97
71 74 85
71 75 108
71 76 103
71 77 93
71 78 97
71 79 93
72 73 96
72 74 98
72 75 97
72 76 97
72 77 108
72 78 101
72 79 96
73 74 103
73 75 99
73 76 96
73 77 95
73 78 95
73 79 99
74 75 104
74 76 98
74 77 93
74 78 92
74 79 109
75 76 99
75 77 99
75 78 96
75 79 99
76 77 95
76 78 115
76 79 104
77 78 97
77 79 99
78 79 90
1
0 1 2 3 4 5 6 7
