120
0 6 301
0 13 291
0 27 200
0 42 200
0 58 197
1 9 298
1 39 203
1 41 194
1 54 203
1 61 194
1 67 193
1 79 198
2 58 186
2 70 205
3 7 296
3 45 202
4 27 198
4 35 193
4 40 200
5 53 204
6 26 206
6 37 200
6 50 189
6 62 198
6 69 194
8 50 200
9 43 198
10 28 196
10 50 205
10 56 199
11 12 300
11 37 205
11 51 203
12 23 202
12 37 196
12 47 204
12 77 200
13 15 292
13 24 190
13 51 193
13 57 207
13 74 185
14 34 195
14 65 191
15 29 204
16 34 195
16 60 203
17 34 208
17 45 197
18 26 203
18 67 199
19 63 199
20 35 100
20 64 101
20 72 103
20 79 100
21 43 96
21 50 101
21 59 92
22 28 99
23 52 102
23 61 93
24 53 110
24 64 108
25 30 97
25 59 107
26 31 103
26 77 99
27 48 107
27 73 104
29 76 100
30 50 100
30 78 96
31 78 105
32 62 102
32 69 97
32 72 88
33 34 108
33 42 103
33 55 100
33 59 101
34 37 100
34 71 104
36 50 107
36 72 96
36 79 99
37 39 115
37 41 103
38 62 101
38 68 100
39 52 92
40 55 95
40 70 107
40 78 97
43 49 102
43 54 91
43 63 107
43 77 91
44 46 103
44 50 109
46 76 104
47 48 101
49 52 105
50 51 97
50 52 102
50 71 99
50 76 101
54 68 100
55 58 101
55 74 106
56 67 104
57 68 103
57 78 92
59 65 94
61 67 100
62 66 97
63 64 101
63 69 101
66 75 97
75 77 91
1
0 1 2 3 4 5 6 7 8 9 10 11 12 13 14 15 16 17 18 19
