350
0 2 312
0 4 301
0 9 194
0 18 201
0 20 208
0 25 197
0 34 201
0 37 202
0 43 194
0 50 199
0 53 194
0 54 208
0 55 201
0 57 196
0 58 202
0 62 194
1 21 198
1 23 192
1 25 204
1 34 190
1 36 203
1 39 202
1 42 193
1 48 203
1 56 199
1 57 196
1 63 191
1 65 197
1 66 195
1 72 201
1 76 207
1 77 200
2 3 297
2 17 200
2 18 187
2 30 209
2 68 195
2 76 200
3 4 298
3 26 202
3 36 204
3 42 201
3 55 199
3 59 195
3 63 206
3 72 201
3 79 202
4 5 298
4 15 201
4 61 195
4 74 206
4 77 197
5 6 208
5 10 198
5 14 195
5 36 199
5 64 207
5 69 196
6 14 103
6 27 110
6 28 100
6 34 93
6 57 96
6 60 101
7 18 101
7 20 105
7 44 103
7 51 97
7 57 100
7 58 97
7 67 92
8 13 102
8 15 105
8 28 104
8 58 102
8 59 98
8 78 104
9 32 104
9 46 94
9 62 106
9 66 102
10 11 96
10 35 103
10 56 101
10 75 97
11 23 96
11 54 94
11 75 107
12 24 104
12 48 97
12 50 102
12 55 91
12 75 101
13 20 108
13 32 92
13 47 94
13 50 93
13 51 98
13 57 93
13 64 104
13 79 104
14 23 103
14 71 109
14 75 99
15 18 101
15 20 110
15 22 94
15 38 97
15 41 95
15 42 100
15 48 93
15 56 96
15 58 99
15 65 103
15 71 104
15 76 101
16 20 87
16 35 104
16 44 97
16 51 103
16 54 96
16 55 98
16 56 96
16 65 101
16 69 92
16 75 97
17 30 98
17 65 104
17 70 109
18 20 99
18 25 99
18 35 101
18 42 104
18 51 98
18 57 100
18 59 92
18 62 91
19 20 94
19 32 93
19 33 109
19 34 104
19 41 100
19 53 98
19 59 93
20 33 93
20 59 95
20 60 94
21 23 104
21 31 99
21 33 98
21 38 90
21 53 104
21 54 93
21 59 99
21 72 96
22 29 100
22 33 102
22 41 97
22 62 101
22 69 98
22 70 98
23 32 106
23 50 99
23 59 100
23 71 103
24 56 99
24 61 103
24 63 91
24 71 101
24 74 101
24 77 106
25 27 104
25 35 96
25 36 109
25 40 99
25 41 102
25 46 96
25 54 98
25 55 99
25 56 107
26 28 93
26 31 101
26 33 96
26 35 101
26 40 95
26 44 103
26 52 93
26 55 99
26 57 106
26 73 98
26 74 105
26 76 95
27 29 94
27 37 99
27 39 98
27 43 96
27 46 99
27 55 98
27 65 104
27 66 94
27 75 94
28 31 103
28 45 91
28 47 94
29 37 103
29 62 92
29 65 100
30 36 103
30 38 107
30 40 104
30 61 95
30 76 105
30 78 105
31 60 111
31 72 90
31 73 101
31 79 104
32 34 101
32 37 106
32 46 100
32 55 96
32 57 98
32 61 107
32 62 104
32 67 103
32 73 100
33 36 106
33 51 96
33 67 98
33 77 101
34 45 105
34 48 91
34 51 97
34 61 92
34 68 99
35 43 107
35 60 98
35 61 101
35 69 107
35 76 100
35 77 93
36 44 91
36 45 95
36 46 95
36 48 90
36 50 98
36 51 102
36 66 96
36 74 98
36 75 103
37 40 94
37 41 95
37 52 97
37 60 98
37 62 95
38 43 103
38 52 101
38 53 96
38 61 96
38 73 99
38 75 99
38 78 93
39 43 96
39 46 94
39 65 105
40 60 99
40 73 101
41 59 96
41 64 100
41 65 98
41 74 101
41 75 99
41 76 101
42 46 99
42 74 99
43 65 105
44 45 98
44 54 97
45 53 106
45 54 105
45 64 99
45 78 101
46 53 107
46 61 104
46 62 99
46 72 89
47 48 96
47 51 114
47 55 90
47 56 102
47 57 103
47 59 103
47 67 94
48 50 97
49 50 90
49 52 96
49 60 96
49 64 101
50 52 100
50 56 105
50 60 98
50 75 101
50 79 93
51 63 100
51 69 107
51 79 95
52 56 98
52 72 104
52 75 95
53 59 100
53 68 89
53 75 91
53 77 95
54 63 102
54 64 100
54 65 92
54 70 94
54 73 104
55 57 103
55 79 97
56 58 97
56 59 102
56 71 96
56 74 99
56 75 109
56 79 103
57 64 100
57 67 97
57 68 96
57 70 95
57 74 105
58 66 103
59 60 99
59 61 100
59 78 104
60 68 98
60 70 101
60 75 101
60 78 100
62 69 100
62 74 100
62 77 101
63 65 97
63 76 95
64 71 105
66 71 97
68 79 95
69 73 100
70 72 101
74 75 99
1
0 1 2 3 4 5
