160
0 2 301
0 22 192
0 42 198
1 9 302
1 12 298
1 73 209
2 30 201
2 54 204
2 62 190
2 78 196
3 31 204
3 41 193
3 46 201
3 78 193
4 10 294
4 46 218
4 65 195
4 72 199
4 77 201
5 13 298
5 14 298
5 23 198
5 36 203
5 45 204
6 21 198
6 33 202
6 41 200
6 53 197
6 58 205
7 12 306
7 16 200
7 17 201
7 23 200
7 74 202
8 10 297
8 65 211
9 50 197
9 75 192
10 22 195
10 33 199
10 35 206
10 47 204
10 48 204
10 61 193
10 67 201
10 69 196
10 77 195
11 13 296
11 23 196
11 38 200
12 16 209
12 68 199
12 70 203
13 21 202
13 55 199
13 67 205
14 47 197
15 18 194
15 25 198
15 35 191
15 42 205
15 46 191
15 63 193
15 66 198
15 68 199
16 22 100
16 38 102
16 50 107
16 56 107
16 57 103
17 21 93
17 26 94
17 43 94
18 22 94
18 25 100
18 47 109
18 52 100
18 73 109
18 76 102
19 23 96
19 35 110
19 39 101
20 24 99
20 54 98
20 62 96
21 57 105
21 79 95
22 42 99
22 47 96
23 46 91
23 52 110
24 55 94
24 63 103
24 75 104
25 32 108
25 36 96
25 41 96
25 48 95
25 71 108
25 73 94
25 74 101
26 27 96
26 62 101
26 73 99
27 50 95
27 53 105
27 54 105
28 36 102
28 44 98
28 59 105
28 75 111
29 34 101
29 40 91
29 64 91
30 36 100
30 78 99
31 35 103
31 41 96
31 60 97
31 67 101
32 36 100
32 41 105
32 43 106
32 68 101
32 70 89
34 45 102
34 57 96
34 68 101
34 74 102
35 43 106
36 54 99
36 55 102
37 49 105
37 50 99
37 71 91
38 66 99
39 44 96
39 71 99
40 65 100
40 79 98
41 54 91
42 77 107
45 78 99
46 63 101
47 53 99
47 69 99
49 69 106
50 75 92
51 73 97
53 67 102
53 69 92
54 63 99
56 72 95
57 65 103
58 67 106
59 71 101
62 70 91
64 65 107
68 70 100
70 71 93
1
0 1 2 3 4 5 6 7 8 9 10 11 12 13 14 15
