3160
0 1 298
0 2 301
0 3 293
0 4 297
0 5 305
0 6 303
0 7 295
0 8 294
0 9 309
0 10 296
0 11 298
0 12 305
0 13 309
0 14 307
0 15 299
0 16 193
0 17 198
0 18 197
0 19 203
0 20 191
0 21 196
0 22 197
0 23 199
0 24 201
0 25 192
0 26 202
0 27 193
0 28 196
0 29 203
0 30 202
0 31 192
0 32 187
0 33 191
0 34 203
0 35 205
0 36 201
0 37 192
0 38 190
0 39 199
0 40 208
0 41 195
0 42 199
0 43 202
0 44 201
0 45 200
0 46 205
0 47 200
0 48 199
0 49 204
0 50 200
0 51 204
0 52 199
0 53 192
0 54 194
0 55 202
0 56 199
0 57 203
0 58 199
0 59 210
0 60 196
0 61 205
0 62 207
0 63 190
0 64 195
0 65 199
0 66 190
0 67 206
0 68 189
0 69 207
0 70 205
0 71 207
0 72 197
0 73 198
0 74 194
0 75 199
0 76 201
0 77 195
0 78 202
0 79 197
1 2 305
1 3 311
1 4 305
1 5 300
1 6 305
1 7 299
1 8 293
1 9 296
1 10 301
1 11 294
1 12 295
1 13 297
1 14 303
1 15 300
1 16 196
1 17 202
1 18 200
1 19 197
1 20 193
1 21 203
1 22 200
1 23 208
1 24 194
1 25 192
1 26 203
1 27 204
1 28 194
1 29 196
1 30 202
1 31 200
1 32 201
1 33 203
1 34 198
1 35 195
1 36 201
1 37 192
1 38 205
1 39 194
1 40 209
1 41 201
1 42 200
1 43 205
1 44 195
1 45 195
1 46 200
1 47 198
1 48 194
1 49 202
1 50 202
1 51 194
1 52 203
1 53 197
1 54 191
1 55 199
1 56 191
1 57 206
1 58 204
1 59 207
1 60 196
1 61 194
1 62 193
1 63 204
1 64 195
1 65 200
1 66 204
1 67 184
1 68 195
1 69 201
1 70 201
1 71 210
1 72 207
1 73 191
1 74 196
1 75 203
1 76 204
1 77 201
1 78 200
1 79 199
2 3 302
2 4 304
2 5 298
2 6 299
2 7 295
2 8 301
2 9 294
2 10 297
2 11 292
2 12 298
2 13 304
2 14 305
2 15 306
2 16 197
2 17 194
2 18 196
2 19 208
2 20 196
2 21 197
2 22 205
2 23 194
2 24 191
2 25 201
2 26 200
2 27 202
2 28 215
2 29 198
2 30 201
2 31 204
2 32 195
2 33 199
2 34 200
2 35 206
2 36 203
2 37 201
2 38 194
2 39 211
2 40 201
2 41 199
2 42 197
2 43 199
2 44 196
2 45 203
2 46 189
2 47 205
2 48 200
2 49 192
2 50 201
2 51 199
2 52 199
2 53 198
2 54 196
2 55 193
2 56 200
2 57 198
2 58 201
2 59 209
2 60 198
2 61 199
2 62 197
2 63 198
2 64 195
2 65 210
2 66 197
2 67 207
2 68 201
2 69 205
2 70 197
2 71 200
2 72 193
2 73 193
2 74 195
2 75 202
2 76 192
2 77 198
2 78 202
2 79 202
3 4 302
3 5 311
3 6 298
3 7 306
3 8 299
3 9 301
3 10 285
3 11 293
3 12 299
3 13 293
3 14 302
3 15 297
3 16 207
3 17 204
3 18 195
3 19 204
3 20 198
3 21 199
3 22 202
3 23 206
3 24 205
3 25 193
3 26 205
3 27 205
3 28 192
3 29 206
3 30 199
3 31 202
3 32 215
3 33 194
3 34 206
3 35 198
3 36 197
3 37 204
3 38 203
3 39 192
3 40 203
3 41 197
3 42 201
3 43 201
3 44 204
3 45 213
3 46 195
3 47 194
3 48 200
3 49 194
3 50 193
3 51 206
3 52 192
3 53 199
3 54 200
3 55 199
3 56 200
3 57 195
3 58 193
3 59 192
3 60 185
3 61 197
3 62 195
3 63 201
3 64 195
3 65 199
3 66 205
3 67 204
3 68 198
3 69 199
3 70 195
3 71 198
3 72 205
3 73 205
3 74 200
3 75 196
3 76 201
3 77 195
3 78 209
3 79 201
4 5 293
4 6 295
4 7 299
4 8 299
4 9 297
4 10 301
4 11 299
4 12 304
4 13 287
4 14 294
4 15 301
4 16 199
4 17 202
4 18 196
4 19 201
4 20 199
4 21 194
4 22 204
4 23 197
4 24 194
4 25 200
4 26 203
4 27 196
4 28 196
4 29 211
4 30 195
4 31 198
4 32 203
4 33 196
4 34 197
4 35 203
4 36 192
4 37 206
4 38 202
4 39 207
4 40 192
4 41 191
4 42 201
4 43 206
4 44 200
4 45 206
4 46 205
4 47 198
4 48 198
4 49 196
4 50 201
4 51 206
4 52 193
4 53 200
4 54 202
4 55 197
4 56 197
4 57 203
4 58 194
4 59 204
4 60 201
4 61 199
4 62 195
4 63 198
4 64 193
4 65 200
4 66 196
4 67 202
4 68 195
4 69 200
4 70 193
4 71 199
4 72 200
4 73 196
4 74 199
4 75 202
4 76 196
4 77 197
4 78 206
4 79 199
5 6 302
5 7 310
5 8 291
5 9 309
5 10 303
5 11 297
5 12 301
5 13 303
5 14 303
5 15 286
5 16 198
5 17 195
5 18 195
5 19 199
5 20 206
5 21 201
5 22 204
5 23 200
5 24 202
5 25 194
5 26 186
5 27 192
5 28 203
5 29 204
5 30 204
5 31 202
5 32 205
5 33 206
5 34 197
5 35 202
5 36 193
5 37 197
5 38 202
5 39 203
5 40 204
5 41 207
5 42 201
5 43 199
5 44 196
5 45 202
5 46 203
5 47 197
5 48 205
5 49 195
5 50 206
5 51 203
5 52 197
5 53 197
5 54 206
5 55 200
5 56 199
5 57 200
5 58 193
5 59 204
5 60 203
5 61 207
5 62 203
5 63 209
5 64 193
5 65 203
5 66 192
5 67 209
5 68 209
5 69 191
5 70 204
5 71 199
5 72 196
5 73 202
5 74 201
5 75 198
5 76 197
5 77 204
5 78 202
5 79 194
6 7 302
6 8 293
6 9 295
6 10 300
6 11 295
6 12 298
6 13 299
6 14 294
6 15 292
6 16 193
6 17 194
6 18 200
6 19 196
6 20 205
6 21 195
6 22 199
6 23 199
6 24 199
6 25 200
6 26 203
6 27 199
6 28 196
6 29 200
6 30 196
6 31 200
6 32 201
6 33 188
6 34 191
6 35 198
6 36 204
6 37 199
6 38 201
6 39 204
6 40 199
6 41 199
6 42 200
6 43 196
6 44 197
6 45 202
6 46 194
6 47 202
6 48 195
6 49 200
6 50 193
6 51 199
6 52 203
6 53 199
6 54 199
6 55 202
6 56 195
6 57 196
6 58 201
6 59 199
6 60 190
6 61 200
6 62 198
6 63 210
6 64 202
6 65 205
6 66 199
6 67 194
6 68 204
6 69 212
6 70 205
6 71 201
6 72 200
6 73 198
6 74 192
6 75 199
6 76 198
6 77 194
6 78 204
6 79 202
7 8 306
7 9 302
7 10 299
7 11 296
7 12 308
7 13 300
7 14 300
7 15 296
7 16 203
7 17 202
7 18 211
7 19 201
7 20 191
7 21 195
7 22 201
7 23 193
7 24 194
7 25 196
7 26 205
7 27 200
7 28 203
7 29 191
7 30 201
7 31 197
7 32 211
7 33 201
7 34 202
7 35 201
7 36 198
7 37 207
7 38 205
7 39 200
7 40 200
7 41 191
7 42 201
7 43 202
7 44 203
7 45 205
7 46 189
7 47 197
7 48 198
7 49 206
7 50 207
7 51 195
7 52 193
7 53 191
7 54 205
7 55 194
7 56 202
7 57 197
7 58 201
7 59 203
7 60 197
7 61 200
7 62 200
7 63 203
7 64 199
7 65 204
7 66 200
7 67 199
7 68 202
7 69 205
7 70 197
7 71 191
7 72 200
7 73 190
7 74 203
7 75 200
7 76 198
7 77 197
7 78 194
7 79 196
8 9 293
8 10 300
8 11 301
8 12 303
8 13 301
8 14 298
8 15 299
8 16 204
8 17 202
8 18 198
8 19 207
8 20 198
8 21 198
8 22 203
8 23 203
8 24 194
8 25 196
8 26 204
8 27 199
8 28 192
8 29 194
8 30 205
8 31 199
8 32 204
8 33 200
8 34 201
8 35 198
8 36 185
8 37 193
8 38 199
8 39 204
8 40 198
8 41 206
8 42 209
8 43 202
8 44 206
8 45 198
8 46 198
8 47 199
8 48 198
8 49 200
8 50 197
8 51 203
8 52 195
8 53 198
8 54 197
8 55 196
8 56 196
8 57 198
8 58 203
8 59 198
8 60 201
8 61 205
8 62 204
8 63 200
8 64 198
8 65 200
8 66 199
8 67 202
8 68 198
8 69 203
8 70 200
8 71 207
8 72 202
8 73 199
8 74 203
8 75 195
8 76 207
8 77 198
8 78 196
8 79 200
9 10 293
9 11 301
9 12 295
9 13 293
9 14 300
9 15 304
9 16 205
9 17 199
9 18 199
9 19 202
9 20 196
9 21 204
9 22 205
9 23 198
9 24 199
9 25 209
9 26 205
9 27 204
9 28 204
9 29 193
9 30 206
9 31 189
9 32 203
9 33 203
9 34 196
9 35 202
9 36 203
9 37 191
9 38 203
9 39 204
9 40 207
9 41 194
9 42 204
9 43 200
9 44 210
9 45 207
9 46 198
9 47 193
9 48 205
9 49 202
9 50 198
9 51 199
9 52 207
9 53 196
9 54 192
9 55 198
9 56 201
9 57 193
9 58 185
9 59 199
9 60 198
9 61 207
9 62 202
9 63 200
9 64 202
9 65 201
9 66 192
9 67 201
9 68 205
9 69 200
9 70 198
9 71 198
9 72 203
9 73 203
9 74 194
9 75 201
9 76 198
9 77 208
9 78 200
9 79 195
10 11 312
10 12 301
10 13 288
10 14 300
10 15 295
10 16 204
10 17 200
10 18 198
10 19 198
10 20 197
10 21 203
10 22 193
10 23 198
10 24 197
10 25 210
10 26 203
10 27 195
10 28 198
10 29 211
10 30 205
10 31 198
10 32 192
10 33 205
10 34 202
10 35 196
10 36 196
10 37 204
10 38 198
10 39 196
10 40 203
10 41 196
10 42 203
10 43 203
10 44 203
10 45 199
10 46 198
10 47 208
10 48 198
10 49 197
10 50 197
10 51 188
10 52 204
10 53 185
10 54 209
10 55 202
10 56 199
10 57 202
10 58 198
10 59 194
10 60 210
10 61 198
10 62 196
10 63 199
10 64 199
10 65 196
10 66 206
10 67 199
10 68 201
10 69 203
10 70 192
10 71 199
10 72 199
10 73 197
10 74 192
10 75 195
10 76 197
10 77 197
10 78 194
10 79 194
11 12 305
11 13 287
11 14 294
11 15 293
11 16 200
11 17 196
11 18 203
11 19 210
11 20 201
11 21 210
11 22 195
11 23 205
11 24 204
11 25 198
11 26 203
11 27 193
11 28 193
11 29 197
11 30 198
11 31 203
11 32 199
11 33 199
11 34 199
11 35 196
11 36 201
11 37 200
11 38 198
11 39 199
11 40 196
11 41 204
11 42 202
11 43 198
11 44 197
11 45 201
11 46 201
11 47 194
11 48 206
11 49 202
11 50 213
11 51 198
11 52 196
11 53 205
11 54 207
11 55 194
11 56 210
11 57 195
11 58 196
11 59 197
11 60 205
11 61 200
11 62 195
11 63 207
11 64 189
11 65 206
11 66 200
11 67 203
11 68 203
11 69 208
11 70 201
11 71 195
11 72 198
11 73 205
11 74 200
11 75 206
11 76 203
11 77 202
11 78 189
11 79 194
12 13 299
12 14 300
12 15 302
12 16 205
12 17 198
12 18 200
12 19 202
12 20 193
12 21 191
12 22 194
12 23 204
12 24 197
12 25 198
12 26 209
12 27 202
12 28 204
12 29 195
12 30 205
12 31 212
12 32 202
12 33 196
12 34 206
12 35 198
12 36 202
12 37 207
12 38 201
12 39 188
12 40 204
12 41 199
12 42 194
12 43 190
12 44 189
12 45 205
12 46 193
12 47 200
12 48 198
12 49 205
12 50 203
12 51 200
12 52 191
12 53 192
12 54 200
12 55 200
12 56 199
12 57 205
12 58 199
12 59 194
12 60 206
12 61 216
12 62 190
12 63 201
12 64 201
12 65 204
12 66 187
12 67 213
12 68 194
12 69 192
12 70 206
12 71 203
12 72 195
12 73 201
12 74 199
12 75 203
12 76 201
12 77 195
12 78 202
12 79 200
13 14 297
13 15 289
13 16 201
13 17 204
13 18 199
13 19 203
13 20 185
13 21 203
13 22 206
13 23 193
13 24 207
13 25 197
13 26 194
13 27 201
13 28 207
13 29 194
13 30 204
13 31 204
13 32 203
13 33 206
13 34 193
13 35 200
13 36 202
13 37 202
13 38 198
13 39 187
13 40 208
13 41 202
13 42 195
13 43 199
13 44 204
13 45 195
13 46 200
13 47 198
13 48 200
13 49 205
13 50 202
13 51 204
13 52 196
13 53 198
13 54 197
13 55 205
13 56 195
13 57 199
13 58 200
13 59 197
13 60 201
13 61 197
13 62 194
13 63 198
13 64 203
13 65 198
13 66 201
13 67 194
13 68 207
13 69 196
13 70 212
13 71 203
13 72 205
13 73 204
13 74 207
13 75 197
13 76 191
13 77 207
13 78 197
13 79 196
14 15 301
14 16 199
14 17 201
14 18 197
14 19 205
14 20 203
14 21 204
14 22 200
14 23 207
14 24 201
14 25 194
14 26 203
14 27 195
14 28 200
14 29 204
14 30 196
14 31 200
14 32 207
14 33 202
14 34 199
14 35 197
14 36 200
14 37 208
14 38 205
14 39 202
14 40 195
14 41 198
14 42 193
14 43 191
14 44 198
14 45 203
14 46 202
14 47 200
14 48 202
14 49 197
14 50 199
14 51 205
14 52 204
14 53 205
14 54 198
14 55 207
14 56 197
14 57 200
14 58 196
14 59 204
14 60 195
14 61 197
14 62 196
14 63 210
14 64 199
14 65 199
14 66 200
14 67 203
14 68 196
14 69 204
14 70 205
14 71 203
14 72 196
14 73 191
14 74 192
14 75 203
14 76 205
14 77 197
14 78 203
14 79 203
15 16 197
15 17 201
15 18 211
15 19 201
15 20 196
15 21 200
15 22 199
15 23 192
15 24 204
15 25 201
15 26 191
15 27 200
15 28 209
15 29 198
15 30 195
15 31 202
15 32 204
15 33 198
15 34 196
15 35 190
15 36 201
15 37 202
15 38 196
15 39 205
15 40 202
15 41 194
15 42 192
15 43 197
15 44 197
15 45 191
15 46 205
15 47 198
15 48 206
15 49 201
15 50 216
15 51 202
15 52 198
15 53 189
15 54 193
15 55 200
15 56 196
15 57 203
15 58 201
15 59 201
15 60 207
15 61 202
15 62 183
15 63 201
15 64 197
15 65 196
15 66 200
15 67 198
15 68 192
15 69 198
15 70 193
15 71 199
15 72 183
15 73 194
15 74 195
15 75 201
15 76 202
15 77 189
15 78 200
15 79 193
16 17 99
16 18 99
16 19 99
16 20 103
16 21 102
16 22 104
16 23 99
16 24 96
16 25 100
16 26 97
16 27 94
16 28 101
16 29 109
16 30 98
16 31 87
16 32 103
16 33 103
16 34 100
16 35 106
16 36 102
16 37 90
16 38 98
16 39 110
16 40 102
16 41 102
16 42 90
16 43 95
16 44 109
16 45 100
16 46 110
16 47 95
16 48 103
16 49 100
16 50 99
16 51 103
16 52 99
16 53 100
16 54 98
16 55 102
16 56 102
16 57 102
16 58 102
16 59 92
16 60 96
16 61 101
16 62 109
16 63 99
16 64 103
16 65 110
16 66 102
16 67 104
16 68 96
16 69 98
16 70 102
16 71 87
16 72 109
16 73 94
16 74 102
16 75 100
16 76 92
16 77 103
16 78 100
16 79 106
17 18 97
17 19 100
17 20 109
17 21 97
17 22 94
17 23 99
17 24 104
17 25 102
17 26 103
17 27 98
17 28 99
17 29 102
17 30 102
17 31 96
17 32 98
17 33 103
17 34 103
17 35 99
17 36 101
17 37 101
17 38 105
17 39 102
17 40 95
17 41 102
17 42 98
17 43 98
17 44 101
17 45 103
17 46 90
17 47 102
17 48 99
17 49 98
17 50 91
17 51 96
17 52 104
17 53 103
17 54 98
17 55 102
17 56 103
17 57 105
17 58 98
17 59 97
17 60 100
17 61 105
17 62 103
17 63 100
17 64 110
17 65 105
17 66 99
17 67 103
17 68 108
17 69 97
17 70 106
17 71 109
17 72 101
17 73 102
17 74 101
17 75 101
17 76 98
17 77 99
17 78 105
17 79 102
18 19 106
18 20 109
18 21 103
18 22 105
18 23 102
18 24 100
18 25 100
18 26 94
18 27 102
18 28 100
18 29 100
18 30 94
18 31 102
18 32 99
18 33 103
18 34 99
18 35 103
18 36 99
18 37 106
18 38 106
18 39 103
18 40 94
18 41 100
18 42 94
18 43 96
18 44 98
18 45 101
18 46 108
18 47 94
18 48 95
18 49 94
18 50 91
18 51 102
18 52 102
18 53 110
18 54 108
18 55 102
18 56 106
18 57 95
18 58 94
18 59 106
18 60 101
18 61 100
18 62 102
18 63 98
18 64 90
18 65 104
18 66 97
18 67 92
18 68 88
18 69 101
18 70 101
18 71 106
18 72 106
18 73 98
18 74 103
18 75 107
18 76 102
18 77 93
18 78 93
18 79 99
19 20 110
19 21 103
19 22 94
19 23 102
19 24 106
19 25 98
19 26 100
19 27 100
19 28 96
19 29 101
19 30 104
19 31 100
19 32 99
19 33 106
19 34 100
19 35 99
19 36 102
19 37 99
19 38 102
19 39 93
19 40 108
19 41 97
19 42 104
19 43 98
19 44 93
19 45 100
19 46 99
19 47 101
19 48 99
19 49 102
19 50 97
19 51 97
19 52 99
19 53 96
19 54 103
19 55 94
19 56 98
19 57 94
19 58 103
19 59 102
19 60 97
19 61 102
19 62 96
19 63 102
19 64 94
19 65 101
19 66 99
19 67 99
19 68 101
19 69 101
19 70 98
19 71 102
19 72 101
19 73 102
19 74 104
19 75 97
19 76 102
19 77 98
19 78 96
19 79 97
20 21 103
20 22 99
20 23 97
20 24 99
20 25 100
20 26 98
20 27 102
20 28 107
20 29 102
20 30 93
20 31 93
20 32 105
20 33 103
20 34 100
20 35 103
20 36 105
20 37 101
20 38 102
20 39 96
20 40 103
20 41 102
20 42 100
20 43 96
20 44 93
20 45 103
20 46 106
20 47 93
20 48 100
20 49 95
20 50 86
20 51 98
20 52 99
20 53 98
20 54 103
20 55 97
20 56 104
20 57 105
20 58 99
20 59 100
20 60 106
20 61 99
20 62 98
20 63 99
20 64 108
20 65 99
20 66 96
20 67 105
20 68 103
20 69 100
20 70 91
20 71 105
20 72 93
20 73 110
20 74 97
20 75 96
20 76 103
20 77 102
20 78 99
20 79 99
21 22 103
21 23 94
21 24 99
21 25 98
21 26 105
21 27 96
21 28 99
21 29 95
21 30 93
21 31 97
21 32 98
21 33 101
21 34 105
21 35 100
21 36 100
21 37 94
21 38 96
21 39 100
21 40 95
21 41 93
21 42 101
21 43 96
21 44 96
21 45 100
21 46 99
21 47 101
21 48 93
21 49 98
21 50 98
21 51 104
21 52 97
21 53 98
21 54 103
21 55 103
21 56 93
21 57 102
21 58 98
21 59 111
21 60 98
21 61 93
21 62 105
21 63 100
21 64 96
21 65 92
21 66 106
21 67 104
21 68 98
21 69 102
21 70 101
21 71 100
21 72 101
21 73 103
21 74 101
21 75 99
21 76 99
21 77 97
21 78 101
21 79 92
22 23 91
22 24 103
22 25 98
22 26 109
22 27 98
22 28 107
22 29 100
22 30 99
22 31 106
22 32 101
22 33 93
22 34 101
22 35 99
22 36 100
22 37 102
22 38 93
22 39 97
22 40 98
22 41 95
22 42 105
22 43 100
22 44 101
22 45 100
22 46 95
22 47 97
22 48 103
22 49 93
22 50 99
22 51 104
22 52 94
22 53 115
22 54 100
22 55 100
22 56 96
22 57 97
22 58 101
22 59 95
22 60 100
22 61 99
22 62 94
22 63 94
22 64 105
22 65 104
22 66 98
22 67 99
22 68 100
22 69 100
22 70 105
22 71 99
22 72 93
22 73 96
22 74 96
22 75 102
22 76 102
22 77 99
22 78 104
22 79 103
23 24 99
23 25 95
23 26 95
23 27 106
23 28 91
23 29 104
23 30 96
23 31 102
23 32 94
23 33 93
23 34 99
23 35 98
23 36 99
23 37 105
23 38 97
23 39 91
23 40 90
23 41 106
23 42 100
23 43 96
23 44 95
23 45 111
23 46 112
23 47 99
23 48 95
23 49 93
23 50 108
23 51 101
23 52 101
23 53 96
23 54 89
23 55 94
23 56 96
23 57 116
23 58 101
23 59 94
23 60 108
23 61 94
23 62 97
23 63 102
23 64 98
23 65 103
23 66 101
23 67 107
23 68 92
23 69 103
23 70 96
23 71 95
23 72 97
23 73 96
23 74 92
23 75 103
23 76 98
23 77 103
23 78 98
23 79 93
24 25 99
24 26 113
24 27 100
24 28 95
24 29 97
24 30 102
24 31 106
24 32 98
24 33 103
24 34 103
24 35 90
24 36 107
24 37 100
24 38 96
24 39 100
24 40 97
24 41 105
24 42 105
24 43 99
24 44 95
24 45 102
24 46 101
24 47 100
24 48 102
24 49 100
24 50 95
24 51 104
24 52 109
24 53 93
24 54 96
24 55 105
24 56 93
24 57 103
24 58 100
24 59 95
24 60 98
24 61 96
24 62 102
24 63 99
24 64 105
24 65 93
24 66 103
24 67 102
24 68 94
24 69 101
24 70 104
24 71 98
24 72 97
24 73 90
24 74 92
24 75 90
24 76 107
24 77 98
24 78 90
24 79 106
25 26 94
25 27 96
25 28 95
25 29 93
25 30 104
25 31 102
25 32 107
25 33 93
25 34 102
25 35 90
25 36 99
25 37 95
25 38 96
25 39 102
25 40 98
25 41 95
25 42 100
25 43 91
25 44 98
25 45 95
25 46 106
25 47 101
25 48 103
25 49 90
25 50 99
25 51 106
25 52 100
25 53 98
25 54 102
25 55 99
25 56 99
25 57 96
25 58 99
25 59 105
25 60 103
25 61 104
25 62 92
25 63 91
25 64 88
25 65 96
25 66 109
25 67 109
25 68 97
25 69 97
25 70 98
25 71 94
25 72 106
25 73 102
25 74 106
25 75 99
25 76 102
25 77 97
25 78 96
25 79 103
26 27 90
26 28 101
26 29 100
26 30 94
26 31 95
26 32 92
26 33 103
26 34 109
26 35 94
26 36 98
26 37 98
26 38 103
26 39 99
26 40 95
26 41 101
26 42 105
26 43 96
26 44 100
26 45 95
26 46 102
26 47 102
26 48 101
26 49 100
26 50 93
26 51 101
26 52 100
26 53 108
26 54 99
26 55 104
26 56 97
26 57 101
26 58 106
26 59 97
26 60 100
26 61 94
26 62 103
26 63 97
26 64 99
26 65 100
26 66 106
26 67 110
26 68 104
26 69 98
26 70 98
26 71 104
26 72 102
26 73 103
26 74 99
26 75 104
26 76 105
26 77 100
26 78 104
26 79 106
27 28 97
27 29 99
27 30 109
27 31 99
27 32 98
27 33 91
27 34 97
27 35 96
27 36 104
27 37 103
27 38 99
27 39 101
27 40 100
27 41 100
27 42 102
27 43 102
27 44 96
27 45 94
27 46 98
27 47 100
27 48 103
27 49 96
27 50 104
27 51 105
27 52 97
27 53 95
27 54 97
27 55 100
27 56 96
27 57 98
27 58 95
27 59 110
27 60 107
27 61 101
27 62 112
27 63 103
27 64 108
27 65 106
27 66 101
27 67 103
27 68 107
27 69 101
27 70 103
27 71 93
27 72 95
27 73 95
27 74 93
27 75 111
27 76 91
27 77 95
27 78 102
27 79 96
28 29 95
28 30 106
28 31 99
28 32 102
28 33 94
28 34 103
28 35 100
28 36 102
28 37 96
28 38 96
28 39 92
28 40 104
28 41 104
28 42 94
28 43 100
28 44 99
28 45 106
28 46 106
28 47 107
28 48 102
28 49 100
28 50 103
28 51 103
28 52 101
28 53 88
28 54 97
28 55 98
28 56 98
28 57 98
28 58 104
28 59 102
28 60 104
28 61 104
28 62 93
28 63 98
28 64 102
28 65 101
28 66 106
28 67 106
28 68 107
28 69 101
28 70 107
28 71 107
28 72 98
28 73 102
28 74 105
28 75 100
28 76 103
28 77 91
28 78 94
28 79 108
29 30 97
29 31 101
29 32 97
29 33 96
29 34 105
29 35 102
29 36 102
29 37 91
29 38 105
29 39 109
29 40 95
29 41 98
29 42 99
29 43 103
29 44 97
29 45 94
29 46 95
29 47 90
29 48 102
29 49 100
29 50 100
29 51 98
29 52 101
29 53 99
29 54 100
29 55 108
29 56 105
29 57 91
29 58 100
29 59 95
29 60 101
29 61 92
29 62 95
29 63 98
29 64 99
29 65 103
29 66 89
29 67 100
29 68 102
29 69 104
29 70 93
29 71 102
29 72 107
29 73 90
29 74 98
29 75 108
29 76 96
29 77 107
29 78 96
29 79 94
30 31 100
30 32 100
30 33 98
30 34 100
30 35 97
30 36 100
30 37 107
30 38 96
30 39 101
30 40 102
30 41 100
30 42 103
30 43 97
30 44 95
30 45 104
30 46 99
30 47 94
30 48 89
30 49 100
30 50 94
30 51 97
30 52 95
30 53 94
30 54 92
30 55 96
30 56 98
30 57 106
30 58 97
30 59 108
30 60 99
30 61 106
30 62 106
30 63 106
30 64 99
30 65 100
30 66 98
30 67 90
30 68 95
30 69 103
30 70 102
30 71 100
30 72 89
30 73 100
30 74 100
30 75 100
30 76 95
30 77 112
30 78 105
30 79 100
31 32 90
31 33 98
31 34 91
31 35 93
31 36 100
31 37 96
31 38 98
31 39 97
31 40 89
31 41 97
31 42 103
31 43 99
31 44 102
31 45 103
31 46 100
31 47 95
31 48 96
31 49 103
31 50 100
31 51 103
31 52 105
31 53 94
31 54 100
31 55 94
31 56 104
31 57 103
31 58 100
31 59 106
31 60 104
31 61 101
31 62 106
31 63 95
31 64 105
31 65 100
31 66 104
31 67 103
31 68 105
31 69 104
31 70 98
31 71 102
31 72 97
31 73 103
31 74 105
31 75 97
31 76 100
31 77 100
31 78 101
31 79 101
32 33 108
32 34 96
32 35 102
32 36 105
32 37 102
32 38 94
32 39 98
32 40 99
32 41 95
32 42 103
32 43 100
32 44 101
32 45 102
32 46 105
32 47 96
32 48 87
32 49 105
32 50 104
32 51 103
32 52 94
32 53 100
32 54 91
32 55 97
32 56 106
32 57 106
32 58 100
32 59 100
32 60 114
32 61 93
32 62 102
32 63 105
32 64 102
32 65 97
32 66 95
32 67 112
32 68 101
32 69 105
32 70 102
32 71 102
32 72 97
32 73 105
32 74 109
32 75 102
32 76 95
32 77 97
32 78 102
32 79 103
33 34 101
33 35 91
33 36 103
33 37 99
33 38 101
33 39 102
33 40 96
33 41 88
33 42 94
33 43 105
33 44 95
33 45 96
33 46 94
33 47 96
33 48 95
33 49 95
33 50 92
33 51 91
33 52 89
33 53 88
33 54 104
33 55 100
33 56 101
33 57 93
33 58 104
33 59 94
33 60 106
33 61 93
33 62 103
33 63 100
33 64 101
33 65 100
33 66 95
33 67 93
33 68 95
33 69 101
33 70 95
33 71 107
33 72 83
33 73 110
33 74 102
33 75 102
33 76 97
33 77 95
33 78 93
33 79 98
34 35 106
34 36 99
34 37 101
34 38 111
34 39 109
34 40 91
34 41 95
34 42 94
34 43 101
34 44 102
34 45 91
34 46 89
34 47 100
34 48 100
34 49 99
34 50 91
34 51 99
34 52 96
34 53 101
34 54 96
34 55 97
34 56 100
34 57 95
34 58 104
34 59 101
34 60 105
34 61 101
34 62 100
34 63 99
34 64 103
34 65 97
34 66 99
34 67 109
34 68 104
34 69 88
34 70 93
34 71 100
34 72 103
34 73 106
34 74 93
34 75 93
34 76 105
34 77 97
34 78 93
34 79 104
35 36 104
35 37 100
35 38 102
35 39 92
35 40 99
35 41 104
35 42 96
35 43 96
35 44 99
35 45 94
35 46 95
35 47 112
35 48 103
35 49 101
35 50 105
35 51 111
35 52 99
35 53 97
35 54 96
35 55 101
35 56 104
35 57 100
35 58 106
35 59 108
35 60 109
35 61 106
35 62 98
35 63 104
35 64 102
35 65 99
35 66 102
35 67 105
35 68 104
35 69 103
35 70 93
35 71 100
35 72 87
35 73 98
35 74 98
35 75 103
35 76 102
35 77 101
35 78 98
35 79 98
36 37 95
36 38 104
36 39 101
36 40 100
36 41 99
36 42 110
36 43 99
36 44 98
36 45 100
36 46 103
36 47 97
36 48 99
36 49 94
36 50 93
36 51 103
36 52 99
36 53 106
36 54 100
36 55 100
36 56 109
36 57 100
36 58 97
36 59 105
36 60 100
36 61 101
36 62 97
36 63 105
36 64 98
36 65 97
36 66 111
36 67 112
36 68 93
36 69 94
36 70 104
36 71 92
36 72 94
36 73 100
36 74 106
36 75 105
36 76 100
36 77 110
36 78 107
36 79 104
37 38 100
37 39 105
37 40 105
37 41 96
37 42 100
37 43 103
37 44 98
37 45 94
37 46 95
37 47 97
37 48 98
37 49 106
37 50 91
37 51 104
37 52 105
37 53 92
37 54 99
37 55 103
37 56 105
37 57 105
37 58 103
37 59 95
37 60 97
37 61 97
37 62 102
37 63 89
37 64 98
37 65 95
37 66 78
37 67 111
37 68 100
37 69 94
37 70 102
37 71 97
37 72 102
37 73 102
37 74 99
37 75 103
37 76 94
37 77 87
37 78 103
37 79 95
38 39 105
38 40 107
38 41 101
38 42 101
38 43 96
38 44 95
38 45 98
38 46 100
38 47 99
38 48 96
38 49 102
38 50 103
38 51 93
38 52 97
38 53 99
38 54 96
38 55 102
38 56 100
38 57 90
38 58 94
38 59 100
38 60 104
38 61 100
38 62 107
38 63 95
38 64 98
38 65 101
38 66 100
38 67 104
38 68 99
38 69 106
38 70 94
38 71 104
38 72 97
38 73 103
38 74 99
38 75 107
38 76 100
38 77 94
38 78 105
38 79 96
39 40 99
39 41 110
39 42 97
39 43 102
39 44 96
39 45 92
39 46 96
39 47 99
39 48 104
39 49 109
39 50 104
39 51 92
39 52 96
39 53 107
39 54 101
39 55 100
39 56 99
39 57 95
39 58 98
39 59 99
39 60 87
39 61 104
39 62 105
39 63 102
39 64 97
39 65 96
39 66 99
39 67 97
39 68 93
39 69 103
39 70 109
39 71 95
39 72 103
39 73 92
39 74 101
39 75 98
39 76 98
39 77 102
39 78 100
39 79 90
40 41 104
40 42 102
40 43 103
40 44 105
40 45 98
40 46 92
40 47 95
40 48 97
40 49 94
40 50 97
40 51 102
40 52 101
40 53 95
40 54 92
40 55 100
40 56 90
40 57 102
40 58 98
40 59 98
40 60 96
40 61 93
40 62 94
40 63 99
40 64 101
40 65 99
40 66 96
40 67 92
40 68 100
40 69 97
40 70 102
40 71 99
40 72 106
40 73 92
40 74 100
40 75 107
40 76 103
40 77 96
40 78 99
40 79 108
41 42 86
41 43 100
41 44 104
41 45 97
41 46 95
41 47 99
41 48 100
41 49 98
41 50 97
41 51 107
41 52 107
41 53 96
41 54 98
41 55 99
41 56 107
41 57 99
41 58 105
41 59 99
41 60 95
41 61 97
41 62 101
41 63 101
41 64 94
41 65 98
41 66 112
41 67 88
41 68 101
41 69 96
41 70 91
41 71 101
41 72 98
41 73 104
41 74 97
41 75 96
41 76 101
41 77 105
41 78 105
41 79 113
42 43 95
42 44 93
42 45 96
42 46 101
42 47 103
42 48 107
42 49 104
42 50 96
42 51 98
42 52 97
42 53 94
42 54 101
42 55 101
42 56 111
42 57 102
42 58 98
42 59 95
42 60 90
42 61 100
42 62 103
42 63 95
42 64 100
42 65 92
42 66 103
42 67 91
42 68 98
42 69 100
42 70 102
42 71 106
42 72 102
42 73 96
42 74 98
42 75 91
42 76 100
42 77 98
42 78 102
42 79 102
43 44 99
43 45 97
43 46 97
43 47 103
43 48 100
43 49 98
43 50 104
43 51 103
43 52 101
43 53 97
43 54 102
43 55 97
43 56 93
43 57 103
43 58 94
43 59 106
43 60 102
43 61 105
43 62 101
43 63 100
43 64 102
43 65 98
43 66 104
43 67 95
43 68 96
43 69 94
43 70 94
43 71 96
43 72 109
43 73 97
43 74 99
43 75 105
43 76 109
43 77 93
43 78 105
43 79 102
44 45 99
44 46 102
44 47 86
44 48 101
44 49 101
44 50 102
44 51 97
44 52 92
44 53 101
44 54 99
44 55 93
44 56 103
44 57 101
44 58 101
44 59 100
44 60 104
44 61 93
44 62 104
44 63 107
44 64 95
44 65 103
44 66 100
44 67 104
44 68 100
44 69 107
44 70 108
44 71 101
44 72 101
44 73 100
44 74 99
44 75 102
44 76 88
44 77 98
44 78 100
44 79 98
45 46 99
45 47 97
45 48 96
45 49 104
45 50 105
45 51 90
45 52 100
45 53 104
45 54 96
45 55 106
45 56 93
45 57 98
45 58 101
45 59 94
45 60 95
45 61 109
45 62 86
45 63 105
45 64 103
45 65 105
45 66 105
45 67 102
45 68 105
45 69 93
45 70 109
45 71 97
45 72 102
45 73 94
45 74 97
45 75 101
45 76 96
45 77 101
45 78 110
45 79 94
46 47 110
46 48 99
46 49 103
46 50 95
46 51 92
46 52 100
46 53 93
46 54 102
46 55 102
46 56 96
46 57 96
46 58 104
46 59 100
46 60 100
46 61 94
46 62 106
46 63 98
46 64 101
46 65 96
46 66 91
46 67 105
46 68 102
46 69 93
46 70 98
46 71 109
46 72 98
46 73 97
46 74 95
46 75 94
46 76 106
46 77 99
46 78 98
46 79 105
47 48 90
47 49 91
47 50 95
47 51 110
47 52 95
47 53 98
47 54 103
47 55 99
47 56 102
47 57 101
47 58 104
47 59 95
47 60 99
47 61 100
47 62 103
47 63 95
47 64 100
47 65 97
47 66 98
47 67 95
47 68 96
47 69 97
47 70 93
47 71 104
47 72 99
47 73 108
47 74 101
47 75 102
47 76 101
47 77 102
47 78 98
47 79 100
48 49 110
48 50 102
48 51 101
48 52 100
48 53 98
48 54 96
48 55 93
48 56 102
48 57 99
48 58 97
48 59 108
48 60 98
48 61 98
48 62 101
48 63 105
48 64 99
48 65 100
48 66 103
48 67 102
48 68 94
48 69 101
48 70 96
48 71 97
48 72 95
48 73 106
48 74 98
48 75 98
48 76 101
48 77 104
48 78 97
48 79 100
49 50 94
49 51 103
49 52 96
49 53 102
49 54 97
49 55 100
49 56 93
49 57 100
49 58 100
49 59 98
49 60 98
49 61 100
49 62 111
49 63 95
49 64 102
49 65 104
49 66 96
49 67 87
49 68 96
49 69 100
49 70 90
49 71 99
49 72 103
49 73 104
49 74 104
49 75 97
49 76 99
49 77 111
49 78 99
49 79 100
50 51 95
50 52 103
50 53 94
50 54 106
50 55 101
50 56 101
50 57 98
50 58 95
50 59 90
50 60 89
50 61 106
50 62 96
50 63 91
50 64 103
50 65 93
50 66 101
50 67 99
50 68 101
50 69 99
50 70 100
50 71 95
50 72 94
50 73 101
50 74 98
50 75 111
50 76 103
50 77 100
50 78 99
50 79 100
51 52 102
51 53 94
51 54 99
51 55 95
51 56 96
51 57 92
51 58 91
51 59 95
51 60 101
51 61 97
51 62 94
51 63 95
51 64 98
51 65 105
51 66 98
51 67 98
51 68 100
51 69 94
51 70 100
51 71 92
51 72 94
51 73 91
51 74 93
51 75 105
51 76 99
51 77 104
51 78 96
51 79 97
52 53 100
52 54 107
52 55 91
52 56 104
52 57 101
52 58 93
52 59 105
52 60 96
52 61 94
52 62 103
52 63 105
52 64 107
52 65 109
52 66 97
52 67 95
52 68 99
52 69 101
52 70 100
52 71 92
52 72 94
52 73 101
52 74 102
52 75 93
52 76 94
52 77 105
52 78 100
52 79 106
53 54 102
53 55 101
53 56 101
53 57 101
53 58 98
53 59 98
53 60 103
53 61 106
53 62 101
53 63 98
53 64 92
53 65 103
53 66 94
53 67 105
53 68 98
53 69 98
53 70 94
53 71 108
53 72 97
53 73 96
53 74 91
53 75 105
53 76 97
53 77 101
53 78 109
53 79 99
54 55 100
54 56 96
54 57 103
54 58 88
54 59 105
54 60 104
54 61 99
54 62 105
54 63 103
54 64 98
54 65 100
54 66 115
54 67 107
54 68 96
54 69 96
54 70 89
54 71 96
54 72 95
54 73 93
54 74 96
54 75 99
54 76 100
54 77 92
54 78 107
54 79 90
55 56 103
55 57 102
55 58 105
55 59 103
55 60 98
55 61 103
55 62 105
55 63 98
55 64 103
55 65 96
55 66 108
55 67 99
55 68 103
55 69 96
55 70 101
55 71 101
55 72 97
55 73 96
55 74 97
55 75 98
55 76 94
55 77 95
55 78 103
55 79 92
56 57 96
56 58 101
56 59 100
56 60 85
56 61 105
56 62 111
56 63 105
56 64 98
56 65 97
56 66 99
56 67 104
56 68 103
56 69 104
56 70 99
56 71 103
56 72 101
56 73 100
56 74 99
56 75 97
56 76 99
56 77 102
56 78 100
56 79 103
57 58 98
57 59 95
57 60 96
57 61 101
57 62 99
57 63 100
57 64 107
57 65 101
57 66 103
57 67 96
57 68 106
57 69 94
57 70 104
57 71 95
57 72 101
57 73 101
57 74 101
57 75 93
57 76 101
57 77 95
57 78 105
57 79 99
58 59 95
58 60 107
58 61 96
58 62 107
58 63 101
58 64 108
58 65 106
58 66 100
58 67 109
58 68 100
58 69 104
58 70 101
58 71 97
58 72 99
58 73 95
58 74 99
58 75 106
58 76 91
58 77 107
58 78 108
58 79 99
59 60 101
59 61 97
59 62 90
59 63 102
59 64 108
59 65 98
59 66 105
59 67 100
59 68 92
59 69 100
59 70 109
59 71 83
59 72 100
59 73 107
59 74 101
59 75 106
59 76 94
59 77 98
59 78 108
59 79 93
60 61 94
60 62 97
60 63 95
60 64 96
60 65 99
60 66 95
60 67 95
60 68 100
60 69 99
60 70 93
60 71 97
60 72 98
60 73 102
60 74 107
60 75 105
60 76 101
60 77 97
60 78 98
60 79 104
61 62 104
61 63 101
61 64 104
61 65 94
61 66 99
61 67 98
61 68 106
61 69 104
61 70 100
61 71 108
61 72 102
61 73 93
61 74 96
61 75 104
61 76 99
61 77 101
61 78 99
61 79 99
62 63 91
62 64 97
62 65 100
62 66 96
62 67 106
62 68 105
62 69 86
62 70 94
62 71 90
62 72 99
62 73 101
62 74 105
62 75 106
62 76 100
62 77 97
62 78 103
62 79 101
63 64 103
63 65 105
63 66 99
63 67 107
63 68 108
63 69 103
63 70 98
63 71 96
63 72 95
63 73 101
63 74 111
63 75 101
63 76 105
63 77 93
63 78 101
63 79 98
64 65 100
64 66 96
64 67 98
64 68 97
64 69 101
64 70 102
64 71 104
64 72 99
64 73 97
64 74 98
64 75 99
64 76 102
64 77 99
64 78 94
64 79 93
65 66 93
65 67 96
65 68 102
65 69 102
65 70 99
65 71 98
65 72 104
65 73 93
65 74 90
65 75 106
65 76 105
65 77 95
65 78 102
65 79 104
66 67 102
66 68 104
66 69 101
66 70 100
66 71 108
66 72 97
66 73 92
66 74 91
66 75 99
66 76 90
66 77 87
66 78 100
66 79 103
67 68 98
67 69 94
67 70 104
67 71 106
67 72 93
67 73 105
67 74 98
67 75 101
67 76 105
67 77 89
67 78 104
67 79 98
68 69 102
68 70 103
68 71 102
68 72 98
68 73 93
68 74 101
68 75 96
68 76 99
68 77 104
68 78 103
68 79 101
69 70 103
69 71 101
69 72 98
69 73 91
69 74 98
69 75 94
69 76 109
69 77 102
69 78 99
69 79 98
70 71 102
70 72 101
70 73 93
70 74 95
70 75 97
70 76 97
70 77 99
70 78 100
70 79 96
71 72 96
71 73 99
71 74 100
71 75 88
71 76 90
71 77 101
71 78 108
71 79 98
72 73 97
72 74 99
72 75 107
72 76 92
72 77 106
72 78 99
72 79 100
73 74 103
73 75 100
73 76 104
73 77 105
73 78 99
73 79 102
74 75 98
74 76 93
74 77 98
74 78 102
74 79 107
75 76 93
75 77 96
75 78 95
75 79 100
76 77 99
76 78 96
76 79 103
77 78 97
77 79 105
78 79 104
1
0 1 2 3 4 5 6 7 8 9 10 11 12 13 14 15
