350
0 8 304
0 9 292
0 11 300
0 19 300
0 22 197
0 24 195
0 34 202
0 41 212
0 43 194
0 45 198
0 46 209
0 65 203
0 66 196
0 68 199
1 4 306
1 9 300
1 29 198
1 38 202
1 39 201
1 49 202
1 65 199
1 68 200
1 72 197
2 14 299
2 23 195
2 31 201
2 32 203
2 35 192
2 46 201
2 53 203
2 67 204
2 72 196
3 12 299
3 18 296
3 22 200
3 24 203
3 32 192
3 60 199
3 64 197
3 65 196
4 9 298
4 20 209
4 30 196
4 46 198
4 51 207
4 66 195
4 72 195
4 74 202
4 75 205
5 9 301
5 14 297
5 21 199
5 27 202
5 40 196
5 65 196
5 68 192
5 71 194
6 15 299
6 17 294
6 27 199
6 36 207
6 49 202
6 53 204
6 73 194
6 75 204
7 8 301
7 12 301
7 17 306
7 28 206
7 37 202
7 42 206
7 66 197
7 72 205
7 74 200
8 20 207
8 38 189
8 39 193
8 41 198
8 44 195
8 53 204
8 61 203
8 74 206
8 76 202
8 77 207
9 14 297
9 16 306
9 21 185
9 22 198
9 32 198
9 35 195
9 47 201
9 49 201
9 52 197
9 70 202
10 34 199
10 79 197
11 21 204
11 22 208
11 25 206
11 29 196
11 30 197
11 47 203
11 64 212
11 77 205
12 19 299
12 24 201
12 27 195
12 32 202
12 36 193
12 37 202
12 39 198
12 53 202
12 54 199
12 61 198
12 69 207
13 23 197
13 29 197
13 31 205
13 33 198
13 36 189
13 37 200
13 46 202
13 58 197
13 62 204
13 68 212
14 28 200
14 40 200
14 45 195
14 56 192
14 74 200
14 79 194
15 17 295
15 35 197
15 41 203
15 52 202
15 61 189
15 74 206
16 28 195
16 31 205
16 34 201
16 74 203
16 76 195
16 79 194
17 25 208
17 30 205
17 52 201
18 26 195
18 34 198
18 40 200
18 41 211
18 50 198
18 52 204
18 64 196
19 24 196
19 28 205
19 36 199
19 37 206
19 44 203
19 48 202
19 62 203
19 79 195
20 23 101
20 42 100
20 66 95
20 74 104
21 25 100
21 32 100
21 33 107
21 36 106
21 58 92
21 61 106
21 77 106
22 27 100
22 40 101
22 42 101
22 44 99
22 56 107
22 64 106
22 67 100
22 72 95
23 29 87
23 41 99
23 46 98
23 52 96
23 54 97
23 62 105
23 63 98
23 67 102
23 68 97
23 73 97
24 42 100
24 73 96
24 77 96
25 36 88
25 42 98
25 44 97
25 51 99
25 71 99
25 72 103
26 27 98
26 28 104
26 47 115
26 54 106
26 76 98
27 28 97
27 38 99
27 46 111
27 49 100
27 67 95
28 31 90
28 33 102
28 50 99
28 57 96
28 63 95
29 31 92
29 32 101
29 39 103
29 50 95
29 53 109
29 68 104
29 70 94
29 78 95
30 43 103
30 64 104
30 66 95
32 34 102
32 37 101
32 46 99
32 69 97
33 37 93
33 47 104
33 69 99
33 70 95
34 41 110
34 51 98
34 61 100
34 62 98
35 42 100
35 55 102
35 62 93
35 64 100
35 66 94
35 69 101
35 71 94
36 44 100
36 46 104
36 52 106
36 57 105
36 78 93
37 44 97
37 47 99
37 53 99
37 73 95
37 74 101
38 57 99
38 64 107
38 67 94
39 50 93
39 60 95
39 62 108
39 74 96
39 75 102
40 48 92
40 51 110
40 53 92
40 58 108
40 61 91
40 76 98
41 44 103
41 51 102
41 57 98
41 66 104
41 67 95
41 70 101
42 44 94
42 48 99
42 49 97
42 66 98
43 53 93
43 54 91
43 71 94
43 74 96
43 76 106
44 52 104
44 55 104
45 60 97
45 67 99
45 69 111
45 78 96
46 52 98
46 79 102
47 50 100
47 62 95
47 75 101
47 76 104
47 77 95
48 54 103
48 65 104
48 75 108
49 50 99
49 51 95
49 52 102
49 67 95
51 57 92
51 59 100
51 73 98
51 76 94
52 53 104
52 66 96
52 67 110
52 70 103
53 54 106
53 55 103
53 63 97
53 70 104
54 57 103
54 58 102
54 60 106
54 64 93
54 65 99
54 68 98
55 67 103
56 75 106
57 62 100
57 68 93
58 66 100
58 68 99
58 73 102
59 62 97
59 74 100
59 77 102
60 74 105
60 78 100
61 64 89
62 72 99
62 75 94
65 71 101
66 69 108
66 76 100
68 69 91
68 73 103
68 76 118
69 75 93
70 79 93
71 77 102
73 77 102
73 78 104
73 79 99
75 78 97
76 77 98
1
0 1 2 3 4 5 6 7 8 9 10 11 12 13 14 15 16 17 18 19
