160
0 5 305
0 27 193
0 38 190
0 40 208
0 45 200
0 48 199
0 66 190
0 75 199
0 78 202
1 18 200
1 50 202
1 64 195
2 3 302
2 48 200
2 52 199
2 55 193
3 7 306
3 9 201
3 15 197
3 26 205
3 27 205
3 43 201
3 61 197
3 67 204
4 8 199
4 20 199
4 42 201
4 66 196
4 74 199
4 79 199
5 41 207
5 67 209
6 27 199
6 31 200
6 52 203
6 60 190
7 8 206
7 52 193
8 29 94
8 48 98
9 54 92
9 57 93
9 66 92
9 75 101
10 52 104
10 55 102
11 44 97
11 46 101
11 53 105
12 30 105
12 49 105
13 20 85
13 31 104
13 37 102
13 39 87
14 33 102
14 36 100
14 41 98
14 48 102
14 72 96
15 21 100
15 30 95
15 67 98
16 29 109
16 34 100
16 40 102
16 53 100
17 33 103
17 49 98
17 54 98
17 61 105
17 77 99
18 33 103
19 23 102
19 31 100
19 49 102
19 51 97
19 55 94
19 77 98
20 36 105
20 37 101
20 38 102
20 64 108
22 50 99
22 57 97
22 59 95
22 60 100
22 66 98
22 69 100
23 41 106
23 56 96
24 39 100
25 63 91
25 74 106
25 77 97
26 41 101
26 68 104
26 78 104
27 68 107
27 76 91
27 78 102
28 43 100
29 37 91
29 38 105
29 70 93
29 73 90
30 36 100
30 50 94
30 64 99
30 78 105
32 74 109
34 47 100
34 55 97
34 66 99
35 44 99
35 71 100
36 42 110
36 56 109
36 67 112
36 68 93
37 44 98
38 43 96
38 57 90
38 62 107
38 73 103
39 44 96
39 55 100
39 67 97
39 78 100
40 77 96
41 57 99
41 61 97
42 44 93
43 74 99
45 53 104
46 54 102
47 51 110
49 50 94
49 64 102
50 51 95
50 58 95
51 77 104
51 78 96
52 65 109
53 68 98
54 58 88
55 61 103
55 64 103
55 67 99
57 63 100
58 62 107
59 65 98
60 79 104
64 77 99
67 77 89
68 77 104
69 71 101
71 75 88
71 79 98
74 76 93
1
0 1 2 3 4 5 6 7
