350
0 5 307
0 7 294
0 15 202
0 26 194
0 29 200
0 36 199
0 39 202
0 44 198
0 49 191
0 57 202
0 66 196
1 2 305
1 10 204
1 22 205
1 60 191
1 66 195
2 14 198
2 23 202
2 35 198
2 52 200
2 69 202
2 79 197
3 7 302
3 10 208
3 33 212
3 58 203
3 63 204
3 68 207
4 19 202
4 21 197
4 24 203
4 44 198
4 57 204
5 28 203
5 57 198
5 63 203
6 18 201
6 28 201
6 34 201
6 69 205
6 72 193
7 10 197
7 15 201
7 18 197
7 28 200
7 35 195
7 47 204
7 48 200
7 51 200
7 52 201
7 59 199
7 68 206
7 70 194
7 71 195
7 75 194
8 19 104
8 42 107
8 56 101
8 57 94
8 64 110
8 67 98
8 70 102
8 78 98
8 79 104
9 15 94
9 26 105
9 31 105
9 36 99
9 37 95
9 61 93
9 74 100
9 76 103
9 77 96
10 21 107
10 25 106
10 31 100
10 32 102
10 34 98
10 39 95
10 49 109
10 59 100
10 79 96
11 15 97
11 28 94
11 31 106
11 55 94
11 57 98
11 58 106
11 62 96
11 67 110
12 15 94
12 23 105
12 26 100
12 35 101
12 39 97
12 45 94
12 49 105
12 50 100
12 57 92
12 58 110
12 60 90
12 66 109
12 68 103
12 70 108
12 77 92
13 16 100
13 23 92
13 26 107
13 78 94
14 18 107
14 20 107
14 30 99
14 40 107
14 58 92
15 31 100
15 34 100
15 63 97
15 67 95
15 73 106
15 77 105
16 55 100
16 57 99
16 70 109
16 72 100
16 74 102
17 20 100
17 21 100
17 35 106
17 53 100
17 55 98
17 59 100
18 54 101
18 55 98
18 76 104
19 24 99
19 26 97
19 39 95
19 53 99
19 57 102
19 67 100
20 25 101
20 32 93
20 35 98
20 40 113
20 50 99
20 52 94
20 62 108
20 63 97
21 22 104
21 23 100
21 46 97
21 61 99
21 71 98
21 74 101
21 78 97
21 79 101
22 43 99
22 59 101
23 32 105
23 35 99
23 46 96
23 52 103
23 53 98
23 54 97
23 68 105
24 27 110
24 38 98
24 42 91
24 45 99
24 58 99
25 44 108
25 54 95
25 58 96
25 72 93
26 30 99
26 33 96
26 47 106
26 52 104
26 53 98
26 54 91
26 58 97
26 59 104
27 29 109
27 36 95
27 41 98
27 54 102
27 60 103
27 71 97
27 79 91
28 36 92
29 34 102
29 39 99
29 46 97
29 48 94
29 54 100
29 70 101
29 71 108
29 73 99
29 79 100
30 36 100
30 42 93
30 44 99
30 47 102
30 49 100
30 54 99
30 58 95
30 65 103
30 71 91
30 75 97
31 34 96
31 40 106
31 44 98
31 48 101
32 35 102
32 44 100
32 50 94
33 41 104
33 44 104
33 57 103
33 61 103
33 73 94
33 76 106
34 45 97
34 57 90
34 79 98
35 36 98
35 42 107
35 58 97
35 62 100
35 67 99
35 79 94
36 45 98
36 52 115
36 61 103
36 66 108
36 75 100
37 38 103
37 47 91
37 51 98
37 61 99
37 71 98
37 75 89
38 43 92
38 47 106
38 53 102
38 56 99
39 41 98
39 61 110
39 62 89
39 66 104
39 69 102
40 57 97
40 65 98
40 67 103
40 74 100
41 68 100
41 70 111
41 71 100
41 76 103
42 43 101
42 50 99
42 59 94
42 70 98
42 75 100
42 76 103
43 44 104
43 47 101
43 56 104
43 57 103
44 49 97
44 52 93
44 63 110
44 70 100
44 74 102
45 48 103
45 66 96
45 76 99
46 50 97
46 59 96
46 66 94
46 71 87
46 77 104
46 78 104
47 48 101
47 67 94
47 68 100
48 53 97
48 69 102
48 76 96
49 58 115
49 64 91
49 69 98
49 73 93
49 77 101
49 78 99
50 52 94
50 58 93
50 71 97
50 75 109
51 56 106
51 65 100
51 76 105
52 54 100
52 56 100
52 65 103
52 79 103
53 54 95
53 64 99
53 66 105
53 68 101
53 71 106
53 79 100
54 55 97
54 60 102
54 62 104
54 77 102
55 64 93
55 66 104
55 74 98
56 76 107
56 79 104
57 58 97
57 77 91
58 59 93
58 64 92
58 69 96
58 73 102
59 66 99
59 79 100
60 68 101
60 76 106
62 66 99
62 73 100
63 65 100
64 66 100
64 72 102
65 75 98
65 79 98
66 67 95
66 69 103
66 72 104
66 73 91
67 70 97
67 74 96
70 72 92
70 75 100
71 76 104
72 75 96
72 78 98
73 74 92
1
0 1 2 3 4 5 6 7
