632
0 3 299
0 10 290
0 16 202
0 19 204
0 20 196
0 31 196
0 33 200
0 39 204
0 44 204
0 48 194
0 49 206
0 56 207
0 60 197
0 66 199
0 73 196
1 10 288
1 11 291
1 19 200
1 22 208
1 24 194
1 27 195
1 28 204
1 30 194
1 36 195
1 42 209
1 48 208
1 55 198
1 69 198
1 73 201
1 75 206
1 76 196
2 7 301
2 22 194
2 29 205
2 38 197
2 45 213
2 50 196
2 53 197
2 55 206
2 56 195
2 60 201
2 61 202
2 63 200
2 65 197
2 66 198
2 76 199
3 7 299
3 10 297
3 11 304
3 16 201
3 19 200
3 20 198
3 28 200
3 31 202
3 36 206
3 37 191
3 39 200
3 40 207
3 42 211
3 51 198
3 59 196
3 71 204
3 72 192
3 77 208
4 13 297
4 26 187
4 27 202
4 40 198
4 45 195
4 48 196
4 49 208
4 52 198
4 56 192
4 62 203
4 74 196
4 77 200
4 79 204
5 12 292
5 14 300
5 19 200
5 25 204
5 29 206
5 40 198
5 43 201
5 48 201
5 51 199
5 55 201
5 67 195
5 71 204
5 79 208
6 19 194
6 21 206
6 23 192
6 36 205
6 48 204
6 57 193
6 59 191
6 61 211
6 66 202
6 68 206
6 69 186
6 73 200
7 8 296
7 10 304
7 14 296
7 15 300
7 17 203
7 23 196
7 24 201
7 33 199
7 34 194
7 43 198
7 50 199
7 55 201
7 65 193
7 71 196
8 10 298
8 12 297
8 17 209
8 22 200
8 24 197
8 28 202
8 29 203
8 43 206
8 47 197
8 51 195
8 57 196
8 62 195
8 64 200
8 68 192
8 69 191
8 78 190
8 79 205
9 26 196
9 38 207
9 45 197
9 56 198
9 68 198
9 69 208
9 77 201
10 21 203
10 22 194
10 29 199
10 35 198
10 37 203
10 47 189
10 49 203
10 60 196
10 62 209
10 63 201
10 65 205
10 68 205
10 69 198
10 71 201
10 74 203
10 78 205
11 16 192
11 17 195
11 22 204
11 26 201
11 30 198
11 31 205
11 39 198
11 48 197
11 51 200
11 53 198
11 55 202
11 61 202
11 66 202
11 70 205
11 74 197
11 75 202
11 78 195
12 17 200
12 19 198
12 23 198
12 26 198
12 28 200
12 42 201
12 47 202
12 54 198
12 55 191
12 64 196
12 65 196
12 68 192
12 69 207
12 74 195
12 77 198
13 21 194
13 25 200
13 37 197
13 49 207
13 50 206
13 52 195
13 62 195
13 69 208
13 76 199
14 16 197
14 21 201
14 22 204
14 24 203
14 33 201
14 41 206
14 49 204
14 53 199
14 54 208
14 59 202
14 60 202
14 61 199
14 64 204
14 67 203
14 74 202
14 76 205
15 20 205
15 28 193
15 30 195
15 36 191
15 37 195
15 38 195
15 44 209
15 45 209
15 47 194
15 49 202
15 52 202
15 55 199
15 59 207
15 62 198
15 66 199
15 72 204
15 73 202
16 18 82
16 19 100
16 25 96
16 29 99
16 38 99
16 40 92
16 41 104
16 47 100
16 60 94
16 63 94
16 68 101
16 69 99
16 72 97
17 25 93
17 35 97
17 38 97
17 65 99
17 67 91
17 72 103
17 75 97
17 77 94
18 19 105
18 20 91
18 24 101
18 37 100
18 41 103
18 49 99
18 51 98
18 57 98
18 61 99
18 74 102
18 75 103
18 76 106
18 77 96
19 26 95
19 34 101
19 37 104
19 39 101
19 53 100
19 56 109
19 69 99
19 70 105
19 71 97
19 76 98
19 79 104
20 25 97
20 27 103
20 28 93
20 33 101
20 40 101
20 41 93
20 42 103
20 50 92
20 53 98
20 55 95
20 56 92
20 69 102
20 78 102
21 30 100
21 32 105
21 38 93
21 44 102
21 53 101
21 54 91
21 55 97
21 63 105
21 72 99
21 73 92
22 28 101
22 32 94
22 34 102
22 38 99
22 40 99
22 41 98
22 43 95
22 44 110
22 52 100
22 54 95
22 57 99
22 59 93
22 60 105
22 63 97
22 68 101
22 76 104
22 78 101
23 24 98
23 26 109
23 34 102
23 43 94
23 49 96
23 50 103
23 53 93
23 61 96
23 63 108
23 71 102
23 72 102
23 76 94
24 36 102
24 37 100
24 38 98
24 39 98
24 41 94
24 42 91
24 46 104
24 61 94
24 67 117
25 28 101
25 37 95
25 38 104
25 50 102
25 59 102
25 71 96
25 73 107
25 76 100
25 77 101
26 36 98
26 38 98
26 41 97
26 52 96
26 65 96
26 67 93
26 70 101
26 71 102
26 73 101
26 79 95
27 33 108
27 45 97
27 47 99
27 51 97
27 58 104
27 69 95
27 71 99
27 73 109
27 75 112
27 76 104
27 78 92
28 42 108
28 45 104
28 48 96
28 53 96
28 57 99
28 61 109
28 69 107
28 75 99
28 79 99
29 34 96
29 60 105
29 61 98
29 62 96
29 63 109
29 69 90
29 71 102
29 74 102
29 75 103
30 31 97
30 32 94
30 33 101
30 51 99
30 53 94
30 55 96
30 57 94
30 58 96
30 59 99
30 62 103
30 76 98
30 79 101
31 36 92
31 46 97
31 58 99
31 64 100
31 74 108
31 75 101
31 77 106
32 36 95
32 43 108
32 44 102
32 46 98
32 48 99
32 57 101
32 61 99
32 64 113
32 70 98
32 74 97
32 75 99
32 76 102
32 78 102
33 37 104
33 38 105
33 42 109
33 49 96
33 51 98
33 56 97
33 62 100
33 65 101
33 70 97
33 77 92
33 78 100
34 39 101
34 46 106
34 55 107
34 56 103
34 58 95
35 44 88
35 57 108
35 60 94
35 70 102
35 79 100
36 38 102
36 42 108
36 44 88
36 46 99
36 50 99
36 54 103
36 60 102
36 61 101
36 67 98
36 70 102
36 78 101
37 38 105
37 39 94
37 53 98
37 69 102
37 77 96
38 45 101
38 63 106
38 70 107
38 74 101
38 75 94
38 76 96
38 78 92
39 50 96
39 60 93
39 68 89
39 72 96
40 43 104
40 49 92
40 50 105
40 57 103
40 58 87
40 63 106
40 66 103
41 42 102
41 48 99
41 51 103
41 52 99
41 63 101
41 69 100
41 70 96
41 79 103
42 43 94
42 46 94
42 47 100
42 53 101
42 55 97
42 56 98
42 58 95
42 62 101
42 67 108
42 68 94
42 72 102
42 73 94
42 79 97
43 44 100
43 45 94
43 49 103
43 58 98
43 63 99
43 66 97
43 72 100
43 74 90
44 45 94
44 47 99
44 64 101
44 66 99
44 69 93
44 72 100
44 77 100
45 51 102
45 59 91
45 61 96
45 64 104
45 67 105
45 71 101
45 76 102
46 57 87
46 58 103
46 62 104
46 75 101
47 55 99
47 58 104
47 60 107
47 63 98
47 65 101
47 74 94
48 50 98
48 54 107
48 59 96
48 64 96
48 65 99
48 69 109
48 79 99
49 54 104
49 58 99
49 61 100
49 62 102
49 66 95
49 71 98
49 72 105
49 79 102
50 59 103
50 61 86
50 67 95
50 75 101
51 53 99
51 55 106
51 59 102
51 61 102
51 67 94
51 68 103
51 74 102
52 53 108
52 57 92
52 67 99
52 74 100
52 76 95
53 57 98
53 58 97
53 70 94
53 72 101
54 55 101
54 59 107
54 60 103
54 64 106
54 65 98
54 71 96
54 72 91
54 76 99
55 57 88
55 63 101
56 59 96
56 64 98
56 66 101
56 67 106
56 72 103
56 73 98
56 79 115
57 59 98
57 62 93
57 63 98
57 65 113
57 76 100
57 77 91
57 79 98
58 61 95
59 67 105
59 68 92
59 71 95
59 73 97
60 62 97
60 64 109
60 72 107
60 73 96
60 77 104
60 79 106
61 78 95
62 64 99
62 69 98
62 74 105
62 76 98
63 70 100
64 65 102
64 66 100
64 68 96
64 70 100
64 72 109
65 66 96
65 70 92
65 73 101
66 75 107
67 69 87
67 75 98
68 69 101
68 70 104
68 72 92
68 75 98
68 77 101
69 72 98
69 74 100
71 77 102
71 78 96
72 73 90
72 79 104
73 74 106
73 75 106
74 75 105
74 76 95
74 79 93
75 76 102
75 78 99
75 79 96
76 77 92
78 79 105
1
0 1 2 3 4 5 6 7 8 9 10 11 12 13 14 15
