350
0 3 302
0 7 296
0 9 202
0 12 201
0 18 200
0 19 200
0 24 200
0 33 207
0 41 203
0 46 190
0 48 199
0 49 202
0 50 206
0 55 197
0 60 199
0 63 202
0 64 198
0 77 200
1 5 293
1 18 203
1 28 202
1 29 194
1 41 198
1 44 200
1 58 197
1 61 197
1 63 194
1 78 207
2 3 302
2 25 197
2 30 202
2 37 200
2 42 209
2 55 205
2 56 196
2 57 204
2 60 204
2 62 204
2 65 200
3 8 201
3 9 203
3 10 198
3 33 203
3 66 199
4 6 293
4 20 201
4 25 196
4 30 202
4 31 199
4 43 196
4 54 203
5 6 306
5 14 207
5 15 201
5 20 200
5 21 199
5 45 203
5 51 193
5 60 204
5 61 199
5 63 199
5 67 209
6 12 200
6 24 203
6 31 192
6 34 200
6 40 195
6 56 203
6 66 198
6 70 205
6 71 186
6 76 192
7 21 197
7 38 207
7 42 205
7 60 197
7 77 210
8 9 103
8 28 95
8 31 104
8 41 105
8 69 103
8 72 98
9 15 93
9 23 102
9 31 106
9 33 106
9 37 99
9 38 96
9 58 97
9 59 109
9 62 97
9 74 100
10 13 100
10 15 104
10 22 102
10 25 109
10 38 96
10 62 101
11 26 105
11 41 94
11 57 105
12 15 97
12 35 98
12 42 97
12 46 99
12 55 97
12 74 106
13 17 110
13 52 104
13 53 93
13 61 102
14 15 95
14 23 95
14 24 101
14 40 98
14 60 93
14 61 101
15 38 103
15 61 103
15 71 98
15 74 99
15 77 101
16 17 98
16 20 100
16 23 102
16 27 103
16 37 94
16 50 101
16 53 103
16 54 106
16 55 97
16 58 105
16 74 105
17 19 96
17 42 105
17 44 109
17 53 106
17 54 99
17 57 95
17 58 98
17 64 103
17 69 108
18 21 95
18 33 100
18 48 98
18 51 102
18 57 96
18 71 110
19 24 97
19 27 101
19 43 106
19 46 99
19 53 92
19 69 104
19 76 109
20 32 91
20 37 104
20 48 89
20 58 109
21 36 99
22 37 94
22 55 100
22 69 105
22 77 100
23 30 101
23 38 101
23 45 101
23 50 96
23 61 97
23 78 108
24 39 95
24 51 99
24 52 105
24 57 102
25 31 101
25 36 97
25 37 97
25 56 106
25 63 98
25 71 102
25 73 106
26 31 102
26 41 106
26 44 100
26 54 94
26 63 100
26 77 96
27 31 102
27 35 106
27 41 109
27 43 91
27 54 97
27 61 94
27 70 90
28 32 111
28 34 92
28 38 100
28 74 105
28 78 95
29 37 92
29 40 103
29 43 105
29 47 103
29 53 102
29 61 104
29 64 100
29 70 97
29 72 99
29 79 101
30 47 94
30 64 97
30 74 94
31 32 97
31 35 100
31 45 100
31 49 98
31 61 105
31 65 104
31 71 92
31 79 110
32 47 97
32 51 96
32 65 98
32 70 102
33 35 98
33 39 98
33 67 101
34 39 102
34 42 103
34 60 100
34 72 101
35 49 92
35 52 105
35 57 100
35 64 106
35 71 100
35 79 92
36 54 83
36 56 92
36 74 99
37 46 103
37 51 96
37 56 97
37 68 95
38 43 104
38 61 97
39 40 108
39 50 93
39 55 98
39 59 105
39 61 100
39 62 98
39 64 105
40 50 99
40 65 96
40 73 98
41 44 100
41 63 96
42 49 92
42 58 96
42 63 98
43 66 108
44 50 91
44 69 90
44 70 100
45 51 94
45 65 98
46 47 101
46 52 110
46 53 101
46 55 90
46 56 94
46 57 99
46 70 96
47 51 105
47 58 96
47 63 102
47 71 96
48 59 107
48 60 107
48 62 111
48 75 101
49 55 102
49 56 99
49 68 98
49 78 102
50 51 104
50 52 105
50 59 105
50 70 104
51 62 100
51 63 96
51 66 96
51 73 105
52 58 99
52 68 102
52 72 91
52 74 97
53 56 103
53 58 96
53 64 99
53 65 96
54 56 104
54 57 104
54 77 99
56 73 102
56 75 93
56 79 97
57 58 101
57 59 94
57 60 101
57 70 99
57 77 107
58 63 99
58 64 98
58 74 91
58 76 103
59 63 95
59 71 100
59 73 109
60 64 96
60 65 98
61 62 105
61 64 89
61 65 103
61 67 99
62 70 98
62 74 95
62 77 98
63 66 105
63 67 97
63 68 99
63 71 116
63 78 86
64 65 97
64 72 89
65 73 94
65 75 104
65 77 96
66 68 98
66 77 99
67 75 95
67 77 99
68 76 104
69 73 99
71 74 97
71 78 105
72 73 103
75 76 104
1
0 1 2 3 4 5 6 7
