632
0 6 305
0 8 292
0 10 298
0 14 300
0 19 304
0 21 199
0 23 200
0 26 200
0 29 200
0 33 201
0 38 205
0 39 200
0 44 195
0 48 198
0 52 194
0 57 200
0 58 192
0 61 203
0 65 198
0 67 204
1 3 299
1 6 306
1 7 300
1 14 305
1 16 300
1 19 302
1 31 198
1 34 197
1 35 203
1 46 192
1 47 205
1 55 200
1 56 198
1 59 199
1 61 206
1 63 204
1 64 199
2 3 303
2 9 298
2 10 311
2 20 196
2 26 199
2 31 195
2 42 199
2 63 194
3 7 300
3 8 298
3 9 299
3 10 296
3 11 299
3 14 304
3 17 307
3 24 198
3 36 195
3 37 199
3 39 203
3 45 193
3 59 193
3 60 188
3 65 202
3 70 199
3 73 202
3 74 193
4 15 310
4 17 305
4 18 311
4 30 201
4 36 197
4 45 197
4 54 201
4 59 199
4 66 206
4 73 192
4 77 207
5 17 300
5 32 198
5 41 201
5 44 192
5 50 194
5 52 207
5 57 209
5 67 209
5 68 200
5 70 209
5 73 198
5 76 207
6 7 302
6 14 295
6 17 304
6 22 195
6 36 200
6 39 198
6 44 199
6 47 191
6 53 201
6 66 210
6 67 201
6 72 197
7 14 305
7 23 204
7 29 201
7 30 202
7 31 198
7 35 191
7 37 202
7 39 199
7 46 203
7 53 198
7 55 194
7 64 195
7 65 201
7 67 202
7 74 202
7 78 193
8 14 300
8 20 200
8 24 201
8 26 203
8 27 194
8 33 200
8 37 208
8 39 200
8 43 200
8 45 197
8 47 205
8 58 201
8 65 186
8 68 204
8 70 198
8 72 198
8 73 202
8 76 214
9 16 305
9 18 310
9 21 203
9 25 196
9 27 199
9 37 195
9 38 204
9 48 200
9 50 200
9 60 202
9 64 201
9 77 195
10 22 201
10 44 202
10 51 208
10 53 199
10 54 203
10 56 202
10 59 203
10 69 196
10 74 201
10 75 200
10 76 196
10 77 193
10 79 191
11 19 295
11 24 193
11 25 200
11 32 201
11 36 205
11 40 200
11 43 192
11 44 195
11 48 213
11 49 210
11 52 204
11 57 195
11 60 202
11 67 213
11 70 197
11 72 205
11 79 195
12 16 303
12 32 197
12 35 202
12 41 200
12 47 203
12 57 198
12 59 196
12 61 201
12 62 199
12 64 199
12 72 210
12 76 197
12 77 201
12 79 207
13 16 292
13 21 205
13 38 211
13 45 195
13 51 204
13 54 195
13 57 201
13 63 203
13 69 202
13 75 197
13 79 199
14 22 201
14 29 191
14 31 203
14 37 200
14 38 210
14 40 197
14 42 198
14 43 196
14 45 199
14 50 207
14 58 200
14 62 203
14 67 194
14 70 204
14 79 193
15 17 297
15 32 203
15 44 206
15 46 199
15 48 204
15 49 203
15 54 203
15 55 205
15 68 192
15 70 192
15 74 206
15 76 203
15 77 201
16 17 305
16 22 195
16 27 201
16 28 202
16 36 198
16 41 198
16 52 200
16 55 190
16 61 203
16 72 206
16 75 200
16 79 195
17 21 203
17 27 199
17 36 200
17 48 203
17 53 202
17 54 200
17 63 197
17 65 204
17 67 205
17 69 203
18 21 198
18 52 203
18 56 188
18 59 206
18 64 196
18 69 203
18 72 192
18 76 201
19 23 196
19 26 198
19 41 200
19 42 202
19 63 195
19 69 199
20 21 103
20 22 95
20 23 99
20 27 112
20 30 95
20 31 94
20 35 98
20 40 98
20 41 93
20 43 99
20 62 98
20 63 97
20 66 96
20 70 87
20 73 97
20 75 91
20 77 99
20 79 93
21 26 97
21 28 93
21 32 95
21 33 102
21 34 92
21 41 98
21 45 93
21 66 103
21 67 94
22 23 104
22 27 89
22 28 98
22 33 99
22 36 91
22 37 95
22 38 98
22 41 94
22 42 106
22 45 101
22 66 95
22 72 103
22 75 110
22 76 96
22 77 100
23 26 106
23 28 91
23 32 101
23 38 98
23 41 102
23 42 101
23 43 99
23 45 98
23 48 97
23 50 107
23 52 101
23 62 100
23 70 96
23 75 104
23 76 96
24 26 101
24 33 107
24 42 104
24 44 102
24 45 92
24 55 107
24 59 90
24 64 103
24 71 106
24 75 102
24 78 98
25 32 111
25 37 100
25 61 93
25 62 96
25 63 109
25 64 105
26 35 92
26 41 98
26 42 104
26 54 99
26 56 100
26 58 101
26 62 102
26 64 95
26 65 94
26 68 101
26 71 110
26 76 109
26 78 103
27 32 101
27 44 94
27 46 102
27 48 103
27 50 98
27 52 96
27 53 106
27 57 110
27 67 99
27 71 92
27 72 103
28 34 100
28 36 96
28 37 102
28 44 98
28 55 96
28 56 100
28 60 95
28 69 111
28 72 107
28 74 102
28 75 104
28 78 102
28 79 90
29 39 97
29 41 97
29 48 104
29 52 92
29 63 100
29 64 103
29 66 88
29 70 101
29 79 98
30 34 103
30 35 108
30 36 96
30 39 101
30 43 104
30 44 94
30 51 101
30 52 104
30 74 96
31 34 104
31 35 112
31 41 99
31 42 97
31 43 99
31 44 104
31 46 96
31 47 94
31 60 104
31 67 103
31 69 96
31 70 91
31 73 107
31 77 103
32 40 103
32 48 98
32 61 98
32 68 100
32 77 96
33 35 96
33 36 95
33 37 99
33 50 97
33 53 105
33 60 99
33 67 99
34 35 101
34 49 90
34 50 99
34 54 89
34 73 97
35 36 109
35 44 97
35 49 87
35 53 100
35 56 104
35 62 105
35 67 99
35 73 97
35 74 108
35 77 97
35 79 93
36 39 103
36 42 105
36 50 100
36 70 97
36 71 98
36 77 96
36 78 108
37 44 104
37 49 99
37 65 99
37 68 99
37 69 93
38 42 99
38 44 94
38 63 106
38 64 100
38 68 92
38 71 103
39 41 97
39 45 109
39 55 92
39 58 94
39 63 98
39 75 106
40 46 107
40 50 90
40 54 97
40 57 95
40 60 106
40 67 103
40 73 98
41 45 82
41 54 107
41 55 104
41 58 92
41 63 107
41 65 102
42 46 96
42 51 102
42 53 101
42 55 101
42 57 102
42 60 106
42 62 102
42 67 97
42 68 94
42 77 94
43 44 103
43 46 94
43 48 90
43 50 98
43 62 90
43 63 106
43 71 108
43 76 102
43 78 97
44 52 98
44 53 95
44 59 93
44 60 98
44 64 93
44 66 97
44 67 92
44 79 96
45 46 83
45 49 107
45 61 96
45 64 97
45 66 110
45 69 100
45 70 113
45 73 96
45 74 104
46 53 103
46 59 93
46 60 99
46 71 95
47 50 99
47 51 96
47 58 100
47 64 97
47 72 102
47 77 107
47 78 110
47 79 98
48 52 104
48 59 99
48 62 103
48 64 96
48 69 99
48 71 95
48 72 101
48 79 99
49 51 119
49 53 97
49 62 105
49 63 103
49 64 92
49 70 104
49 71 102
49 78 100
50 51 98
50 54 106
50 57 91
50 60 90
50 66 101
50 68 99
50 71 96
50 77 93
51 55 102
51 58 100
51 64 101
51 71 100
51 75 99
51 79 97
52 54 105
52 56 96
52 57 99
52 60 92
52 68 104
52 77 103
52 79 99
53 55 99
53 59 96
53 63 102
53 69 102
53 76 102
54 64 105
54 74 95
54 78 108
55 56 108
55 62 98
55 65 101
55 75 98
55 78 101
56 62 98
56 64 100
56 71 92
56 74 91
56 79 102
57 61 88
57 66 99
57 73 94
57 75 103
58 66 100
58 67 102
58 68 94
58 72 94
58 74 101
58 75 96
58 77 101
59 62 102
59 63 99
59 65 92
59 66 105
59 67 108
59 68 95
59 70 101
59 75 98
59 78 94
60 62 96
60 67 97
60 70 101
60 75 96
61 72 104
61 78 99
62 75 95
62 76 100
62 77 104
63 64 100
63 73 108
63 74 99
64 71 91
64 72 111
64 73 104
64 74 98
64 77 104
65 76 98
65 77 96
66 71 103
66 73 102
67 73 99
67 76 94
67 77 104
68 69 99
68 73 95
68 78 101
69 70 99
69 77 97
70 77 99
71 72 97
72 78 97
73 78 101
74 78 102
76 77 98
76 78 98
77 79 101
78 79 99
1
0 1 2 3 4 5 6 7 8 9 10 11 12 13 14 15 16 17 18 19
