160
0 5 293
0 14 298
0 30 198
0 57 201
1 44 197
1 56 196
1 75 205
2 39 202
2 45 203
2 76 199
3 7 299
3 11 303
3 60 194
3 76 192
4 16 304
4 33 206
4 48 190
5 16 295
5 20 202
5 48 201
6 13 297
6 20 195
6 26 193
6 41 195
6 68 193
7 9 298
7 29 205
7 37 205
7 42 197
7 43 200
7 45 199
8 32 197
8 35 204
8 47 200
9 26 203
9 35 206
9 46 203
9 49 199
9 59 206
10 14 302
10 28 195
10 30 205
10 32 195
10 63 210
11 33 207
11 62 204
12 20 202
12 70 200
13 34 208
13 58 200
14 17 293
14 22 202
14 33 205
14 48 192
14 68 198
15 32 198
15 43 206
15 61 188
16 54 202
16 68 205
17 25 197
17 28 190
18 29 214
18 30 186
18 35 199
18 38 197
18 57 194
18 70 201
19 45 198
19 48 195
19 58 195
19 60 195
20 25 111
20 51 94
20 58 105
21 33 108
22 35 109
23 25 100
23 30 100
23 39 97
24 34 93
24 47 111
24 63 96
25 28 98
25 54 97
25 69 94
25 75 105
26 57 100
27 39 102
27 40 100
27 56 101
27 67 103
27 76 99
28 40 103
28 45 103
28 70 93
29 65 96
29 71 102
29 72 94
29 78 95
30 34 107
30 37 98
30 44 97
30 54 100
30 67 111
30 68 92
30 69 98
31 49 98
32 34 106
32 54 96
32 62 98
32 66 98
32 76 97
33 49 93
33 56 108
33 76 90
33 77 90
34 58 91
35 74 95
35 76 102
36 38 98
36 70 93
40 46 103
41 59 95
43 44 101
43 52 95
43 79 96
44 66 94
45 79 96
47 53 93
47 60 103
48 63 107
49 51 105
50 54 102
50 56 104
52 54 91
52 57 108
52 72 105
53 62 101
54 73 103
55 59 98
55 62 101
55 71 96
55 76 101
56 74 98
56 76 95
56 78 100
58 74 105
60 74 108
61 67 100
61 70 96
63 71 107
64 67 94
64 75 102
65 78 100
66 70 98
71 74 92
73 77 100
73 78 94
74 76 100
1
0 1 2 3 4 5 6 7 8 9 10 11 12 13 14 15 16 17 18 19
