632
0 13 203
0 34 200
0 40 202
0 44 203
0 47 199
0 48 196
0 49 198
0 52 208
0 57 203
0 63 192
0 64 202
0 66 200
0 67 203
0 69 195
0 70 185
0 71 200
0 73 199
0 77 197
0 78 194
0 79 197
1 2 300
1 3 301
1 8 202
1 12 206
1 14 201
1 19 198
1 41 198
1 43 200
1 56 201
1 60 202
1 63 205
1 68 200
1 74 205
1 78 204
2 12 197
2 21 200
2 24 199
2 29 190
2 32 197
2 34 214
2 48 198
2 49 200
2 53 198
2 57 191
2 58 205
2 62 195
2 64 203
2 65 201
2 79 196
3 17 204
3 20 193
3 23 200
3 26 205
3 29 201
3 30 198
3 31 193
3 32 202
3 41 203
3 42 208
3 47 193
3 51 207
3 52 193
3 53 201
3 55 198
3 57 196
3 59 203
3 62 203
3 63 204
3 69 191
3 75 205
4 6 298
4 12 198
4 13 200
4 14 203
4 15 207
4 19 198
4 22 199
4 25 203
4 42 189
4 44 198
4 46 201
4 51 186
4 60 206
4 61 202
4 64 210
4 68 202
4 74 203
4 79 197
5 20 197
5 26 195
5 28 203
5 30 203
5 32 205
5 35 192
5 41 200
5 50 200
5 55 203
5 56 194
5 60 195
5 62 210
5 70 195
5 75 193
5 76 192
6 16 199
6 19 203
6 20 197
6 24 190
6 26 188
6 27 203
6 34 199
6 35 192
6 43 201
6 45 201
6 47 203
6 52 210
6 62 197
6 63 210
6 64 195
6 66 192
6 69 196
7 10 195
7 18 197
7 20 199
7 24 200
7 38 201
7 41 206
7 49 202
7 53 203
7 59 201
7 61 204
7 66 200
7 68 197
7 71 202
7 74 195
7 77 200
8 10 92
8 17 101
8 18 96
8 22 103
8 24 97
8 37 93
8 38 105
8 39 95
8 40 104
8 43 99
8 44 97
8 67 109
8 72 100
9 11 99
9 12 102
9 18 92
9 20 97
9 22 96
9 35 100
9 46 105
9 62 102
9 75 105
9 77 95
9 79 100
10 34 97
10 42 97
10 44 96
10 51 99
10 52 105
10 53 103
10 55 102
10 70 93
10 71 98
11 25 100
11 30 91
11 33 96
11 54 103
11 57 102
11 59 96
11 71 100
11 73 94
11 78 96
12 17 96
12 21 96
12 27 100
12 28 104
12 41 98
12 49 105
12 53 95
12 55 108
12 56 97
12 62 98
12 66 99
12 70 99
12 71 96
12 78 102
12 79 103
13 14 101
13 16 90
13 24 101
13 28 101
13 31 92
13 34 99
13 39 102
13 50 103
13 53 106
13 57 88
13 59 101
13 61 103
13 63 104
13 64 96
13 79 101
14 15 105
14 21 101
14 23 97
14 42 91
14 54 104
14 63 97
14 71 101
14 79 95
15 17 98
15 20 103
15 21 97
15 23 100
15 27 99
15 29 100
15 34 102
15 52 97
15 54 95
15 57 99
15 60 100
15 61 101
15 64 94
15 72 106
15 77 91
15 78 93
16 21 100
16 23 99
16 25 101
16 29 99
16 32 105
16 34 105
16 41 102
16 44 102
16 53 105
16 70 97
16 73 106
16 76 106
16 77 97
16 79 98
17 22 97
17 28 106
17 31 99
17 46 93
17 50 95
17 61 102
17 76 101
18 26 104
18 33 100
18 36 100
18 41 97
18 43 93
18 49 102
18 51 100
18 56 92
18 74 103
19 39 91
19 47 97
19 55 95
19 64 110
19 71 108
19 73 107
20 29 97
20 31 101
20 41 102
20 43 104
20 44 106
20 50 103
20 59 95
20 65 106
20 69 98
20 71 99
20 73 98
21 26 100
21 27 98
21 30 94
21 33 100
21 38 92
21 50 102
21 52 106
21 57 112
21 63 101
21 68 98
21 73 99
21 75 92
22 28 96
22 31 97
22 36 103
22 38 100
22 42 98
22 45 93
22 46 96
22 50 93
22 52 106
22 53 94
22 59 99
22 67 105
22 74 96
23 29 106
23 32 103
23 34 97
23 44 98
23 45 97
23 51 99
23 53 101
23 55 99
23 67 98
23 73 92
24 28 99
24 29 92
24 30 99
24 32 104
24 33 98
24 38 101
24 48 100
24 54 97
24 57 96
24 68 101
24 70 97
24 71 101
24 76 104
25 40 103
25 44 98
25 47 104
25 52 102
25 55 96
25 57 107
25 61 97
25 63 100
26 28 100
26 33 99
26 34 98
26 35 108
26 38 97
26 39 94
26 40 97
26 46 100
26 51 103
26 57 104
26 60 98
26 66 103
26 68 101
26 71 95
26 72 96
27 33 90
27 35 106
27 38 98
27 43 93
27 47 101
27 50 116
27 58 104
27 62 98
27 65 98
27 66 92
27 68 96
27 73 103
27 77 93
28 32 99
28 39 98
28 40 100
28 52 92
28 53 96
28 56 105
28 59 95
28 65 95
28 68 99
28 71 98
28 74 95
29 42 102
29 48 109
29 49 105
29 51 93
29 53 98
29 56 95
29 62 94
29 63 105
29 68 103
29 72 98
29 78 92
30 34 100
30 46 98
30 63 96
31 35 98
31 36 97
31 39 90
31 44 98
31 45 98
31 49 98
31 52 94
31 53 98
31 54 95
31 62 92
31 64 96
31 65 99
31 71 94
32 33 95
32 41 97
32 45 101
32 52 100
32 54 99
32 67 99
32 71 89
33 35 101
33 42 98
33 47 96
33 50 107
33 52 98
33 62 105
33 70 104
33 78 103
34 35 113
34 37 103
34 38 92
34 44 108
34 48 94
34 49 90
34 57 94
34 61 93
34 66 104
34 68 104
34 71 108
35 40 100
35 46 106
35 47 102
35 51 103
35 60 101
35 65 93
35 68 109
35 74 96
36 43 105
36 47 95
36 50 103
36 62 99
36 63 96
36 69 104
36 76 101
37 45 95
37 48 96
37 49 95
37 51 98
37 53 102
37 54 103
37 57 92
37 65 98
37 75 90
37 77 100
38 42 97
38 44 104
38 50 103
38 69 102
38 71 103
38 77 103
38 79 95
39 47 99
39 58 91
39 60 100
39 64 101
39 65 100
39 67 104
39 69 91
39 73 99
39 77 100
40 42 97
40 47 109
40 50 92
40 57 99
40 58 99
40 63 101
40 65 95
40 66 112
40 69 103
40 71 108
40 72 95
41 42 100
41 44 99
41 48 95
41 56 100
41 63 98
41 64 91
41 69 95
41 74 102
41 79 105
42 44 103
42 50 93
42 57 94
42 72 97
43 44 111
43 47 107
43 50 106
43 58 116
43 61 108
43 66 98
43 68 96
43 75 104
44 46 103
44 52 101
44 63 97
44 70 99
44 76 93
44 77 91
45 53 95
45 59 93
45 69 99
45 75 93
46 47 96
46 49 100
46 58 100
46 61 105
46 65 106
46 74 103
46 78 101
47 48 100
47 50 92
47 51 105
47 60 98
47 64 103
47 68 96
47 74 99
48 53 107
48 57 94
48 62 106
48 63 91
48 67 94
49 53 92
49 55 97
49 60 96
49 61 93
49 62 95
49 64 107
49 67 101
49 70 101
49 77 98
49 78 104
50 66 95
50 67 92
50 69 100
50 74 104
50 75 100
51 56 89
51 59 98
51 61 103
51 66 95
51 71 102
51 73 98
52 53 103
52 64 105
52 65 97
52 68 99
52 71 99
52 74 104
53 54 104
53 57 101
53 58 97
53 64 91
53 66 99
53 79 93
54 57 99
54 61 95
54 72 95
54 75 106
54 76 94
55 58 92
55 61 100
55 66 106
55 68 97
55 70 96
55 72 96
55 74 105
55 75 99
55 76 102
56 58 103
56 59 97
56 61 96
56 66 105
56 68 100
56 69 100
56 76 99
56 79 110
57 61 107
57 67 95
57 74 110
58 60 97
58 61 97
58 66 99
58 68 105
58 77 103
59 62 92
59 64 100
60 67 94
60 71 102
60 75 100
61 64 98
61 65 110
61 71 100
61 75 110
62 72 108
62 77 93
63 69 97
64 66 101
64 67 99
64 71 105
64 74 104
64 76 97
65 66 100
65 72 109
65 77 103
66 70 98
66 73 96
66 79 100
67 72 91
67 77 98
68 70 100
68 71 95
68 75 93
69 71 98
69 75 105
69 79 106
70 77 96
71 73 100
71 74 104
72 76 101
73 75 101
73 76 99
74 79 98
75 76 103
76 77 104
76 79 101
1
0 1 2 3 4 5 6 7
