160
0 5 297
0 8 306
0 12 300
0 53 194
0 56 200
0 61 201
0 65 202
0 69 185
0 75 200
0 77 200
1 32 196
1 37 199
1 43 200
1 62 206
1 70 197
2 64 197
2 66 195
3 22 199
3 42 199
3 66 207
4 6 308
4 9 291
4 28 209
4 30 205
4 73 204
5 33 200
5 36 196
5 40 201
5 46 191
5 47 198
5 78 200
6 46 192
6 49 205
6 51 198
7 37 199
7 42 204
7 69 196
8 23 200
8 24 200
8 28 204
8 40 206
9 21 203
9 38 202
9 70 196
9 76 198
10 30 204
10 72 201
11 12 304
11 27 203
11 40 196
11 55 203
11 60 204
12 22 195
13 18 293
13 69 204
13 78 203
14 15 302
14 20 197
14 68 206
14 71 204
14 73 202
15 38 197
16 21 197
16 35 201
16 42 196
16 47 193
16 54 200
16 57 202
16 60 196
17 42 205
17 65 213
17 74 197
18 23 193
18 38 200
18 41 205
18 49 195
18 52 206
18 60 196
19 25 205
19 33 204
19 46 194
20 24 100
20 39 102
20 50 110
20 53 98
20 65 97
21 37 97
22 39 105
22 48 97
22 57 98
24 25 106
24 52 92
24 60 103
25 46 98
26 37 103
26 47 103
26 78 91
26 79 101
27 39 96
27 43 100
27 65 93
28 32 105
28 33 102
28 42 97
28 59 91
28 66 99
29 54 96
30 40 104
30 43 107
31 54 99
31 76 93
31 78 100
32 39 97
33 73 100
34 37 92
34 38 99
34 70 102
35 69 97
36 49 112
36 53 104
36 58 100
37 65 104
37 73 101
38 65 101
38 73 105
38 78 98
39 63 106
41 57 98
41 74 96
43 48 105
43 56 99
43 57 96
44 52 98
44 54 93
45 61 92
47 51 96
47 66 94
48 74 99
48 77 105
49 53 110
49 58 95
50 51 99
50 59 107
51 60 110
53 55 97
53 58 95
54 68 97
54 75 109
55 61 103
57 64 101
59 67 94
59 76 104
61 68 107
63 67 93
64 70 103
67 71 106
70 72 100
70 77 107
71 74 101
73 78 97
1
0 1 2 3 4 5 6 7 8 9 10 11 12 13 14 15 16 17 18 19
