160
0 14 197
0 19 197
0 27 200
0 42 196
0 49 196
0 52 200
0 54 199
0 57 205
0 67 197
0 71 207
1 49 192
1 78 199
2 24 203
2 33 195
2 54 197
2 57 197
2 65 198
2 72 201
2 79 198
3 46 195
3 58 200
3 75 202
4 9 192
4 29 199
4 42 192
5 17 206
5 42 200
5 56 195
5 73 199
5 78 204
6 24 103
7 18 105
7 40 95
7 52 99
8 40 99
8 46 105
8 52 101
9 15 100
9 59 103
9 78 101
10 11 102
10 40 97
10 57 99
11 31 100
11 34 108
11 56 101
11 73 94
11 76 102
12 18 100
12 20 102
12 56 83
12 75 109
13 32 98
13 40 98
14 25 101
14 71 96
15 16 98
15 27 95
15 39 92
15 40 95
15 48 108
15 51 102
15 69 97
15 77 94
16 33 94
16 43 95
16 68 104
16 79 98
17 40 88
17 42 90
17 61 99
17 66 97
18 36 91
18 52 104
18 58 99
19 27 93
19 28 104
19 41 91
19 70 101
19 77 102
20 28 108
20 65 99
20 66 97
20 68 95
21 31 106
22 44 95
22 54 107
22 78 93
23 75 104
23 77 103
24 39 95
24 52 99
25 26 93
25 56 97
25 57 99
26 44 98
26 47 101
26 49 102
27 35 94
27 37 107
27 43 100
27 70 102
29 69 101
30 37 94
30 55 99
30 77 108
31 73 99
32 49 98
32 60 107
32 70 93
33 50 97
33 56 98
33 58 97
33 59 99
34 37 100
34 50 106
35 74 111
36 43 99
36 64 105
37 58 97
37 73 101
38 52 92
40 59 101
40 70 99
40 72 110
41 45 92
41 51 99
44 45 102
44 56 105
44 63 98
44 73 93
44 75 90
45 56 98
45 62 88
46 72 101
47 72 90
48 50 97
48 62 85
48 69 94
49 59 105
49 71 99
49 72 97
50 60 108
50 73 100
51 68 101
51 71 94
52 63 92
52 65 105
53 57 99
53 61 93
53 71 102
55 71 102
59 61 102
59 62 102
60 62 108
61 71 95
61 78 100
62 74 88
64 71 94
66 73 95
1
0 1 2 3 4 5
