120
0 6 200
0 25 200
0 29 198
0 46 206
0 55 198
0 62 209
0 63 196
0 66 193
1 40 203
2 55 204
2 60 199
2 69 209
3 39 204
4 6 204
4 61 200
4 67 198
5 10 198
5 13 201
5 19 206
5 29 202
5 55 190
5 70 208
6 7 99
6 11 102
6 13 93
6 20 102
6 29 98
6 38 96
6 48 99
6 77 105
6 78 92
7 25 103
7 32 101
7 41 102
7 77 106
8 34 109
8 53 95
9 65 92
9 69 92
9 70 106
10 61 96
10 64 110
10 70 107
10 71 94
11 13 98
12 62 97
12 72 97
13 44 92
13 51 105
13 61 108
14 56 107
14 72 97
15 37 103
15 74 104
16 66 95
17 61 99
18 46 96
18 55 102
19 43 93
19 58 103
19 60 97
20 69 96
21 51 98
21 78 94
22 27 110
22 29 102
22 60 98
23 52 101
23 57 96
24 39 96
25 52 106
25 67 105
25 68 107
25 79 101
26 39 101
27 50 100
27 66 100
28 74 108
28 77 106
30 47 96
31 54 100
31 65 84
33 52 99
33 63 102
34 55 95
34 73 102
35 40 103
35 66 108
35 76 100
36 78 98
37 43 111
37 46 97
37 48 109
38 73 96
39 45 102
39 55 105
40 42 103
40 60 100
41 47 98
41 48 100
41 64 99
41 71 105
42 49 95
42 54 101
42 55 102
42 63 106
43 57 98
44 65 90
44 68 103
45 66 96
46 56 98
50 60 98
52 59 101
58 66 102
58 75 103
59 73 106
61 69 107
64 75 104
69 75 101
72 76 104
1
0 1 2 3 4 5
