3160
0 1 295
0 2 301
0 3 308
0 4 304
0 5 303
0 6 301
0 7 293
0 8 300
0 9 306
0 10 297
0 11 300
0 12 302
0 13 299
0 14 299
0 15 293
0 16 190
0 17 200
0 18 203
0 19 206
0 20 200
0 21 197
0 22 195
0 23 202
0 24 198
0 25 192
0 26 204
0 27 202
0 28 202
0 29 206
0 30 194
0 31 205
0 32 193
0 33 194
0 34 197
0 35 195
0 36 207
0 37 193
0 38 204
0 39 206
0 40 196
0 41 203
0 42 202
0 43 205
0 44 198
0 45 200
0 46 197
0 47 203
0 48 201
0 49 204
0 50 201
0 51 194
0 52 203
0 53 194
0 54 205
0 55 201
0 56 194
0 57 199
0 58 202
0 59 195
0 60 198
0 61 204
0 62 196
0 63 189
0 64 208
0 65 199
0 66 194
0 67 188
0 68 193
0 69 197
0 70 214
0 71 194
0 72 200
0 73 198
0 74 196
0 75 203
0 76 204
0 77 194
0 78 203
0 79 190
1 2 290
1 3 300
1 4 295
1 5 307
1 6 304
1 7 301
1 8 297
1 9 302
1 10 303
1 11 300
1 12 297
1 13 305
1 14 301
1 15 304
1 16 205
1 17 200
1 18 199
1 19 205
1 20 210
1 21 201
1 22 196
1 23 200
1 24 186
1 25 202
1 26 196
1 27 195
1 28 197
1 29 203
1 30 202
1 31 199
1 32 199
1 33 203
1 34 201
1 35 201
1 36 198
1 37 193
1 38 195
1 39 202
1 40 199
1 41 203
1 42 205
1 43 195
1 44 200
1 45 192
1 46 203
1 47 206
1 48 222
1 49 198
1 50 200
1 51 198
1 52 198
1 53 195
1 54 199
1 55 199
1 56 194
1 57 193
1 58 198
1 59 194
1 60 206
1 61 208
1 62 203
1 63 200
1 64 196
1 65 200
1 66 203
1 67 198
1 68 200
1 69 188
1 70 190
1 71 202
1 72 208
1 73 205
1 74 204
1 75 202
1 76 196
1 77 194
1 78 198
1 79 209
2 3 301
2 4 298
2 5 298
2 6 299
2 7 295
2 8 301
2 9 301
2 10 294
2 11 307
2 12 303
2 13 296
2 14 305
2 15 307
2 16 210
2 17 199
2 18 195
2 19 198
2 20 197
2 21 197
2 22 199
2 23 197
2 24 198
2 25 197
2 26 202
2 27 202
2 28 200
2 29 201
2 30 193
2 31 200
2 32 195
2 33 202
2 34 198
2 35 202
2 36 194
2 37 205
2 38 202
2 39 199
2 40 199
2 41 203
2 42 200
2 43 202
2 44 195
2 45 197
2 46 189
2 47 201
2 48 210
2 49 201
2 50 203
2 51 203
2 52 197
2 53 200
2 54 203
2 55 199
2 56 203
2 57 213
2 58 204
2 59 207
2 60 203
2 61 200
2 62 201
2 63 204
2 64 198
2 65 195
2 66 196
2 67 200
2 68 198
2 69 203
2 70 205
2 71 207
2 72 211
2 73 200
2 74 203
2 75 195
2 76 198
2 77 189
2 78 209
2 79 199
3 4 297
3 5 302
3 6 296
3 7 297
3 8 297
3 9 296
3 10 295
3 11 300
3 12 304
3 13 302
3 14 299
3 15 302
3 16 201
3 17 200
3 18 204
3 19 191
3 20 200
3 21 202
3 22 197
3 23 196
3 24 196
3 25 201
3 26 203
3 27 207
3 28 194
3 29 195
3 30 196
3 31 201
3 32 201
3 33 203
3 34 194
3 35 199
3 36 193
3 37 203
3 38 202
3 39 196
3 40 207
3 41 201
3 42 205
3 43 199
3 44 198
3 45 204
3 46 196
3 47 193
3 48 194
3 49 201
3 50 201
3 51 201
3 52 197
3 53 201
3 54 199
3 55 190
3 56 190
3 57 201
3 58 202
3 59 203
3 60 191
3 61 196
3 62 191
3 63 207
3 64 197
3 65 197
3 66 208
3 67 200
3 68 197
3 69 211
3 70 195
3 71 203
3 72 196
3 73 196
3 74 192
3 75 198
3 76 191
3 77 200
3 78 200
3 79 194
4 5 309
4 6 307
4 7 294
4 8 295
4 9 310
4 10 308
4 11 301
4 12 300
4 13 301
4 14 299
4 15 297
4 16 201
4 17 201
4 18 199
4 19 197
4 20 201
4 21 194
4 22 196
4 23 202
4 24 198
4 25 198
4 26 196
4 27 197
4 28 185
4 29 197
4 30 195
4 31 195
4 32 189
4 33 202
4 34 194
4 35 207
4 36 200
4 37 196
4 38 195
4 39 200
4 40 199
4 41 207
4 42 200
4 43 198
4 44 195
4 45 204
4 46 210
4 47 196
4 48 200
4 49 195
4 50 193
4 51 206
4 52 200
4 53 200
4 54 197
4 55 203
4 56 205
4 57 202
4 58 200
4 59 198
4 60 190
4 61 194
4 62 213
4 63 191
4 64 196
4 65 203
4 66 193
4 67 198
4 68 206
4 69 195
4 70 191
4 71 198
4 72 206
4 73 199
4 74 197
4 75 201
4 76 196
4 77 204
4 78 189
4 79 192
5 6 299
5 7 304
5 8 304
5 9 296
5 10 301
5 11 298
5 12 304
5 13 302
5 14 302
5 15 297
5 16 203
5 17 189
5 18 192
5 19 194
5 20 200
5 21 200
5 22 198
5 23 201
5 24 204
5 25 213
5 26 207
5 27 198
5 28 193
5 29 194
5 30 190
5 31 197
5 32 201
5 33 201
5 34 194
5 35 197
5 36 200
5 37 193
5 38 192
5 39 199
5 40 198
5 41 190
5 42 200
5 43 196
5 44 200
5 45 200
5 46 201
5 47 193
5 48 194
5 49 200
5 50 199
5 51 203
5 52 197
5 53 197
5 54 195
5 55 208
5 56 208
5 57 201
5 58 203
5 59 202
5 60 202
5 61 199
5 62 206
5 63 201
5 64 194
5 65 203
5 66 212
5 67 201
5 68 195
5 69 198
5 70 193
5 71 202
5 72 191
5 73 206
5 74 197
5 75 193
5 76 204
5 77 201
5 78 200
5 79 202
6 7 295
6 8 297
6 9 303
6 10 296
6 11 289
6 12 301
6 13 296
6 14 298
6 15 294
6 16 198
6 17 201
6 18 196
6 19 197
6 20 197
6 21 200
6 22 194
6 23 204
6 24 203
6 25 199
6 26 197
6 27 187
6 28 205
6 29 203
6 30 206
6 31 195
6 32 210
6 33 201
6 34 191
6 35 191
6 36 193
6 37 197
6 38 199
6 39 203
6 40 193
6 41 200
6 42 195
6 43 201
6 44 200
6 45 189
6 46 204
6 47 193
6 48 205
6 49 194
6 50 196
6 51 198
6 52 199
6 53 185
6 54 198
6 55 210
6 56 196
6 57 198
6 58 202
6 59 202
6 60 205
6 61 206
6 62 205
6 63 202
6 64 198
6 65 201
6 66 197
6 67 198
6 68 193
6 69 191
6 70 196
6 71 203
6 72 204
6 73 193
6 74 201
6 75 209
6 76 203
6 77 200
6 78 203
6 79 198
7 8 299
7 9 295
7 10 289
7 11 305
7 12 298
7 13 305
7 14 299
7 15 304
7 16 204
7 17 194
7 18 196
7 19 205
7 20 205
7 21 199
7 22 195
7 23 193
7 24 208
7 25 200
7 26 197
7 27 201
7 28 197
7 29 191
7 30 196
7 31 203
7 32 202
7 33 199
7 34 203
7 35 203
7 36 204
7 37 199
7 38 202
7 39 192
7 40 207
7 41 199
7 42 201
7 43 196
7 44 201
7 45 197
7 46 197
7 47 198
7 48 200
7 49 204
7 50 195
7 51 210
7 52 199
7 53 210
7 54 198
7 55 195
7 56 197
7 57 204
7 58 199
7 59 199
7 60 200
7 61 198
7 62 198
7 63 199
7 64 192
7 65 200
7 66 195
7 67 201
7 68 196
7 69 203
7 70 200
7 71 194
7 72 196
7 73 200
7 74 199
7 75 203
7 76 205
7 77 202
7 78 205
7 79 193
8 9 299
8 10 299
8 11 302
8 12 303
8 13 298
8 14 297
8 15 300
8 16 211
8 17 188
8 18 205
8 19 196
8 20 201
8 21 199
8 22 199
8 23 195
8 24 198
8 25 196
8 26 200
8 27 197
8 28 199
8 29 199
8 30 195
8 31 199
8 32 204
8 33 201
8 34 199
8 35 201
8 36 207
8 37 191
8 38 199
8 39 198
8 40 199
8 41 206
8 42 204
8 43 199
8 44 200
8 45 194
8 46 197
8 47 204
8 48 202
8 49 199
8 50 193
8 51 202
8 52 199
8 53 196
8 54 196
8 55 196
8 56 198
8 57 201
8 58 200
8 59 200
8 60 197
8 61 195
8 62 205
8 63 202
8 64 198
8 65 194
8 66 200
8 67 200
8 68 198
8 69 203
8 70 196
8 71 211
8 72 205
8 73 202
8 74 190
8 75 209
8 76 193
8 77 195
8 78 191
8 79 195
9 10 309
9 11 291
9 12 298
9 13 299
9 14 298
9 15 282
9 16 203
9 17 200
9 18 197
9 19 204
9 20 203
9 21 204
9 22 207
9 23 202
9 24 203
9 25 199
9 26 204
9 27 197
9 28 206
9 29 201
9 30 196
9 31 204
9 32 199
9 33 206
9 34 192
9 35 206
9 36 201
9 37 208
9 38 192
9 39 198
9 40 190
9 41 200
9 42 198
9 43 206
9 44 194
9 45 198
9 46 190
9 47 193
9 48 206
9 49 206
9 50 204
9 51 204
9 52 211
9 53 203
9 54 199
9 55 201
9 56 194
9 57 205
9 58 202
9 59 204
9 60 197
9 61 198
9 62 201
9 63 199
9 64 201
9 65 201
9 66 200
9 67 195
9 68 193
9 69 200
9 70 193
9 71 202
9 72 193
9 73 202
9 74 194
9 75 205
9 76 203
9 77 210
9 78 200
9 79 195
10 11 309
10 12 301
10 13 299
10 14 296
10 15 293
10 16 202
10 17 203
10 18 204
10 19 208
10 20 195
10 21 202
10 22 197
10 23 202
10 24 210
10 25 195
10 26 198
10 27 203
10 28 198
10 29 206
10 30 207
10 31 191
10 32 199
10 33 196
10 34 197
10 35 203
10 36 201
10 37 192
10 38 196
10 39 202
10 40 203
10 41 196
10 42 205
10 43 205
10 44 196
10 45 193
10 46 209
10 47 197
10 48 202
10 49 198
10 50 205
10 51 194
10 52 206
10 53 198
10 54 194
10 55 204
10 56 194
10 57 194
10 58 203
10 59 195
10 60 199
10 61 207
10 62 204
10 63 195
10 64 198
10 65 195
10 66 200
10 67 196
10 68 194
10 69 203
10 70 195
10 71 199
10 72 201
10 73 196
10 74 195
10 75 201
10 76 198
10 77 210
10 78 201
10 79 192
11 12 308
11 13 296
11 14 293
11 15 300
11 16 197
11 17 203
11 18 207
11 19 205
11 20 196
11 21 197
11 22 196
11 23 198
11 24 195
11 25 199
11 26 195
11 27 206
11 28 196
11 29 195
11 30 194
11 31 200
11 32 196
11 33 202
11 34 201
11 35 197
11 36 195
11 37 200
11 38 204
11 39 201
11 40 200
11 41 204
11 42 206
11 43 194
11 44 200
11 45 206
11 46 191
11 47 196
11 48 210
11 49 203
11 50 205
11 51 202
11 52 194
11 53 196
11 54 188
11 55 198
11 56 206
11 57 195
11 58 196
11 59 197
11 60 200
11 61 209
11 62 194
11 63 203
11 64 197
11 65 202
11 66 198
11 67 197
11 68 196
11 69 208
11 70 202
11 71 200
11 72 197
11 73 203
11 74 205
11 75 204
11 76 199
11 77 200
11 78 208
11 79 204
12 13 300
12 14 302
12 15 302
12 16 200
12 17 202
12 18 197
12 19 203
12 20 197
12 21 202
12 22 209
12 23 202
12 24 202
12 25 201
12 26 197
12 27 203
12 28 201
12 29 208
12 30 191
12 31 202
12 32 201
12 33 199
12 34 203
12 35 201
12 36 195
12 37 198
12 38 211
12 39 191
12 40 200
12 41 195
12 42 201
12 43 206
12 44 201
12 45 192
12 46 206
12 47 204
12 48 200
12 49 194
12 50 204
12 51 210
12 52 193
12 53 190
12 54 196
12 55 202
12 56 202
12 57 202
12 58 195
12 59 203
12 60 201
12 61 202
12 62 197
12 63 197
12 64 199
12 65 198
12 66 199
12 67 189
12 68 202
12 69 202
12 70 198
12 71 200
12 72 201
12 73 202
12 74 193
12 75 196
12 76 199
12 77 189
12 78 205
12 79 200
13 14 305
13 15 298
13 16 203
13 17 201
13 18 198
13 19 195
13 20 191
13 21 200
13 22 201
13 23 204
13 24 199
13 25 196
13 26 204
13 27 192
13 28 199
13 29 206
13 30 202
13 31 199
13 32 198
13 33 206
13 34 195
13 35 196
13 36 202
13 37 196
13 38 200
13 39 210
13 40 199
13 41 207
13 42 192
13 43 195
13 44 201
13 45 199
13 46 192
13 47 191
13 48 197
13 49 196
13 50 199
13 51 208
13 52 201
13 53 201
13 54 197
13 55 206
13 56 200
13 57 204
13 58 200
13 59 192
13 60 202
13 61 194
13 62 205
13 63 200
13 64 192
13 65 192
13 66 197
13 67 205
13 68 197
13 69 206
13 70 202
13 71 200
13 72 188
13 73 187
13 74 203
13 75 195
13 76 199
13 77 199
13 78 210
13 79 206
14 15 293
14 16 199
14 17 197
14 18 206
14 19 194
14 20 213
14 21 194
14 22 200
14 23 203
14 24 198
14 25 196
14 26 202
14 27 196
14 28 194
14 29 195
14 30 199
14 31 208
14 32 204
14 33 196
14 34 199
14 35 202
14 36 190
14 37 198
14 38 201
14 39 201
14 40 205
14 41 200
14 42 201
14 43 204
14 44 198
14 45 207
14 46 200
14 47 203
14 48 208
14 49 200
14 50 192
14 51 193
14 52 204
14 53 199
14 54 198
14 55 212
14 56 197
14 57 198
14 58 196
14 59 199
14 60 201
14 61 195
14 62 198
14 63 196
14 64 203
14 65 201
14 66 200
14 67 191
14 68 201
14 69 198
14 70 196
14 71 201
14 72 191
14 73 202
14 74 207
14 75 192
14 76 200
14 77 196
14 78 194
14 79 207
15 16 190
15 17 199
15 18 203
15 19 200
15 20 202
15 21 202
15 22 200
15 23 197
15 24 198
15 25 205
15 26 202
15 27 200
15 28 200
15 29 196
15 30 202
15 31 191
15 32 193
15 33 189
15 34 198
15 35 191
15 36 201
15 37 200
15 38 198
15 39 201
15 40 193
15 41 199
15 42 191
15 43 199
15 44 200
15 45 199
15 46 199
15 47 197
15 48 205
15 49 205
15 50 200
15 51 195
15 52 196
15 53 203
15 54 200
15 55 208
15 56 192
15 57 208
15 58 199
15 59 206
15 60 190
15 61 197
15 62 202
15 63 193
15 64 205
15 65 196
15 66 195
15 67 207
15 68 201
15 69 191
15 70 208
15 71 199
15 72 197
15 73 195
15 74 205
15 75 195
15 76 197
15 77 193
15 78 204
15 79 194
16 17 107
16 18 101
16 19 96
16 20 107
16 21 103
16 22 93
16 23 90
16 24 96
16 25 95
16 26 94
16 27 102
16 28 100
16 29 91
16 30 99
16 31 106
16 32 103
16 33 96
16 34 99
16 35 96
16 36 101
16 37 94
16 38 97
16 39 98
16 40 96
16 41 101
16 42 98
16 43 105
16 44 91
16 45 103
16 46 95
16 47 103
16 48 104
16 49 98
16 50 96
16 51 109
16 52 94
16 53 99
16 54 97
16 55 103
16 56 99
16 57 108
16 58 92
16 59 94
16 60 98
16 61 100
16 62 101
16 63 107
16 64 97
16 65 108
16 66 97
16 67 103
16 68 100
16 69 103
16 70 86
16 71 100
16 72 102
16 73 104
16 74 105
16 75 98
16 76 101
16 77 98
16 78 106
16 79 100
17 18 99
17 19 95
17 20 98
17 21 94
17 22 101
17 23 99
17 24 98
17 25 102
17 26 101
17 27 100
17 28 95
17 29 104
17 30 105
17 31 89
17 32 100
17 33 100
17 34 103
17 35 97
17 36 98
17 37 100
17 38 96
17 39 100
17 40 99
17 41 101
17 42 104
17 43 89
17 44 96
17 45 105
17 46 97
17 47 96
17 48 97
17 49 113
17 50 103
17 51 107
17 52 107
17 53 96
17 54 102
17 55 99
17 56 98
17 57 101
17 58 95
17 59 106
17 60 95
17 61 108
17 62 106
17 63 102
17 64 97
17 65 98
17 66 97
17 67 103
17 68 101
17 69 105
17 70 99
17 71 100
17 72 91
17 73 103
17 74 111
17 75 95
17 76 103
17 77 98
17 78 108
17 79 95
18 19 101
18 20 97
18 21 104
18 22 94
18 23 106
18 24 104
18 25 101
18 26 98
18 27 99
18 28 99
18 29 100
18 30 100
18 31 104
18 32 95
18 33 107
18 34 107
18 35 99
18 36 96
18 37 97
18 38 98
18 39 108
18 40 101
18 41 101
18 42 98
18 43 99
18 44 105
18 45 111
18 46 97
18 47 98
18 48 97
18 49 94
18 50 94
18 51 105
18 52 97
18 53 108
18 54 97
18 55 99
18 56 92
18 57 105
18 58 100
18 59 98
18 60 104
18 61 102
18 62 91
18 63 105
18 64 94
18 65 103
18 66 108
18 67 93
18 68 97
18 69 99
18 70 101
18 71 98
18 72 97
18 73 105
18 74 106
18 75 104
18 76 106
18 77 97
18 78 97
18 79 101
19 20 102
19 21 103
19 22 101
19 23 95
19 24 96
19 25 96
19 26 103
19 27 98
19 28 93
19 29 111
19 30 105
19 31 99
19 32 100
19 33 99
19 34 92
19 35 95
19 36 103
19 37 101
19 38 102
19 39 101
19 40 97
19 41 100
19 42 100
19 43 95
19 44 104
19 45 100
19 46 109
19 47 95
19 48 95
19 49 100
19 50 100
19 51 105
19 52 106
19 53 101
19 54 106
19 55 97
19 56 114
19 57 103
19 58 100
19 59 101
19 60 107
19 61 104
19 62 101
19 63 102
19 64 100
19 65 109
19 66 96
19 67 95
19 68 107
19 69 104
19 70 103
19 71 100
19 72 95
19 73 106
19 74 107
19 75 101
19 76 104
19 77 102
19 78 99
19 79 104
20 21 110
20 22 107
20 23 100
20 24 99
20 25 93
20 26 98
20 27 96
20 28 98
20 29 100
20 30 102
20 31 99
20 32 104
20 33 110
20 34 97
20 35 99
20 36 104
20 37 98
20 38 100
20 39 92
20 40 104
20 41 90
20 42 103
20 43 100
20 44 101
20 45 100
20 46 94
20 47 102
20 48 108
20 49 96
20 50 95
20 51 98
20 52 105
20 53 99
20 54 102
20 55 95
20 56 94
20 57 98
20 58 98
20 59 104
20 60 104
20 61 90
20 62 98
20 63 98
20 64 91
20 65 103
20 66 87
20 67 99
20 68 108
20 69 104
20 70 101
20 71 104
20 72 105
20 73 102
20 74 100
20 75 102
20 76 100
20 77 98
20 78 90
20 79 100
21 22 102
21 23 104
21 24 100
21 25 101
21 26 97
21 27 98
21 28 99
21 29 106
21 30 109
21 31 102
21 32 95
21 33 102
21 34 103
21 35 105
21 36 95
21 37 95
21 38 100
21 39 104
21 40 94
21 41 101
21 42 92
21 43 95
21 44 101
21 45 93
21 46 87
21 47 94
21 48 106
21 49 104
21 50 98
21 51 101
21 52 106
21 53 100
21 54 97
21 55 100
21 56 93
21 57 107
21 58 105
21 59 102
21 60 99
21 61 108
21 62 93
21 63 103
21 64 103
21 65 101
21 66 98
21 67 99
21 68 96
21 69 101
21 70 106
21 71 102
21 72 101
21 73 90
21 74 94
21 75 108
21 76 95
21 77 99
21 78 102
21 79 107
22 23 109
22 24 95
22 25 100
22 26 92
22 27 105
22 28 95
22 29 97
22 30 112
22 31 98
22 32 96
22 33 90
22 34 105
22 35 99
22 36 100
22 37 105
22 38 96
22 39 99
22 40 103
22 41 107
22 42 96
22 43 100
22 44 105
22 45 95
22 46 102
22 47 103
22 48 96
22 49 102
22 50 84
22 51 98
22 52 106
22 53 101
22 54 95
22 55 96
22 56 103
22 57 97
22 58 96
22 59 101
22 60 101
22 61 99
22 62 101
22 63 102
22 64 99
22 65 102
22 66 96
22 67 99
22 68 92
22 69 97
22 70 97
22 71 102
22 72 104
22 73 101
22 74 91
22 75 101
22 76 98
22 77 92
22 78 106
22 79 96
23 24 98
23 25 105
23 26 97
23 27 97
23 28 104
23 29 102
23 30 94
23 31 107
23 32 98
23 33 98
23 34 100
23 35 92
23 36 94
23 37 106
23 38 106
23 39 95
23 40 104
23 41 91
23 42 102
23 43 92
23 44 98
23 45 108
23 46 111
23 47 101
23 48 104
23 49 106
23 50 105
23 51 103
23 52 98
23 53 100
23 54 109
23 55 104
23 56 89
23 57 99
23 58 98
23 59 105
23 60 91
23 61 100
23 62 97
23 63 92
23 64 92
23 65 99
23 66 100
23 67 95
23 68 109
23 69 96
23 70 100
23 71 94
23 72 97
23 73 99
23 74 102
23 75 93
23 76 89
23 77 97
23 78 100
23 79 97
24 25 103
24 26 102
24 27 102
24 28 99
24 29 100
24 30 89
24 31 102
24 32 100
24 33 92
24 34 102
24 35 98
24 36 96
24 37 100
24 38 93
24 39 98
24 40 101
24 41 95
24 42 103
24 43 96
24 44 101
24 45 103
24 46 92
24 47 102
24 48 97
24 49 109
24 50 97
24 51 102
24 52 98
24 53 104
24 54 100
24 55 105
24 56 100
24 57 93
24 58 99
24 59 98
24 60 99
24 61 103
24 62 104
24 63 100
24 64 105
24 65 102
24 66 92
24 67 93
24 68 93
24 69 106
24 70 98
24 71 104
24 72 98
24 73 107
24 74 100
24 75 98
24 76 96
24 77 104
24 78 99
24 79 98
25 26 99
25 27 102
25 28 101
25 29 103
25 30 107
25 31 99
25 32 102
25 33 101
25 34 93
25 35 94
25 36 102
25 37 96
25 38 93
25 39 100
25 40 95
25 41 100
25 42 85
25 43 103
25 44 96
25 45 98
25 46 100
25 47 90
25 48 96
25 49 106
25 50 106
25 51 98
25 52 101
25 53 95
25 54 95
25 55 102
25 56 104
25 57 94
25 58 104
25 59 104
25 60 95
25 61 100
25 62 96
25 63 97
25 64 99
25 65 93
25 66 109
25 67 110
25 68 98
25 69 99
25 70 96
25 71 102
25 72 105
25 73 92
25 74 92
25 75 98
25 76 102
25 77 99
25 78 99
25 79 99
26 27 96
26 28 101
26 29 92
26 30 102
26 31 97
26 32 103
26 33 93
26 34 101
26 35 108
26 36 88
26 37 103
26 38 101
26 39 95
26 40 103
26 41 106
26 42 100
26 43 109
26 44 101
26 45 105
26 46 112
26 47 106
26 48 89
26 49 113
26 50 104
26 51 97
26 52 95
26 53 98
26 54 100
26 55 95
26 56 102
26 57 103
26 58 100
26 59 96
26 60 100
26 61 105
26 62 98
26 63 105
26 64 98
26 65 108
26 66 101
26 67 100
26 68 92
26 69 102
26 70 103
26 71 101
26 72 103
26 73 98
26 74 106
26 75 96
26 76 97
26 77 104
26 78 92
26 79 98
27 28 103
27 29 101
27 30 100
27 31 90
27 32 93
27 33 107
27 34 93
27 35 98
27 36 89
27 37 100
27 38 99
27 39 92
27 40 101
27 41 97
27 42 93
27 43 99
27 44 94
27 45 109
27 46 97
27 47 95
27 48 104
27 49 100
27 50 98
27 51 86
27 52 103
27 53 101
27 54 99
27 55 104
27 56 98
27 57 101
27 58 91
27 59 102
27 60 98
27 61 102
27 62 95
27 63 101
27 64 103
27 65 93
27 66 95
27 67 100
27 68 98
27 69 95
27 70 105
27 71 107
27 72 100
27 73 97
27 74 104
27 75 107
27 76 95
27 77 95
27 78 101
27 79 97
28 29 103
28 30 94
28 31 101
28 32 96
28 33 98
28 34 98
28 35 101
28 36 105
28 37 86
28 38 97
28 39 99
28 40 100
28 41 107
28 42 94
28 43 97
28 44 99
28 45 99
28 46 105
28 47 92
28 48 99
28 49 103
28 50 92
28 51 101
28 52 103
28 53 97
28 54 98
28 55 102
28 56 103
28 57 101
28 58 97
28 59 101
28 60 99
28 61 107
28 62 92
28 63 94
28 64 100
28 65 97
28 66 103
28 67 104
28 68 99
28 69 94
28 70 108
28 71 94
28 72 97
28 73 95
28 74 103
28 75 98
28 76 97
28 77 89
28 78 94
28 79 99
29 30 104
29 31 103
29 32 98
29 33 100
29 34 97
29 35 101
29 36 94
29 37 98
29 38 103
29 39 102
29 40 101
29 41 96
29 42 110
29 43 96
29 44 104
29 45 97
29 46 97
29 47 106
29 48 97
29 49 101
29 50 107
29 51 100
29 52 96
29 53 109
29 54 97
29 55 101
29 56 102
29 57 98
29 58 90
29 59 102
29 60 100
29 61 101
29 62 109
29 63 91
29 64 98
29 65 94
29 66 102
29 67 109
29 68 104
29 69 107
29 70 104
29 71 102
29 72 96
29 73 102
29 74 95
29 75 95
29 76 95
29 77 103
29 78 99
29 79 101
30 31 115
30 32 94
30 33 102
30 34 106
30 35 106
30 36 103
30 37 99
30 38 103
30 39 102
30 40 102
30 41 97
30 42 95
30 43 105
30 44 95
30 45 94
30 46 100
30 47 98
30 48 106
30 49 98
30 50 100
30 51 95
30 52 97
30 53 92
30 54 101
30 55 106
30 56 100
30 57 103
30 58 91
30 59 100
30 60 91
30 61 97
30 62 97
30 63 95
30 64 91
30 65 95
30 66 93
30 67 103
30 68 96
30 69 104
30 70 104
30 71 102
30 72 108
30 73 98
30 74 103
30 75 100
30 76 96
30 77 103
30 78 95
30 79 100
31 32 97
31 33 98
31 34 100
31 35 102
31 36 103
31 37 98
31 38 95
31 39 102
31 40 110
31 41 101
31 42 99
31 43 104
31 44 86
31 45 98
31 46 99
31 47 99
31 48 105
31 49 101
31 50 93
31 51 107
31 52 95
31 53 103
31 54 101
31 55 98
31 56 92
31 57 103
31 58 100
31 59 106
31 60 96
31 61 96
31 62 101
31 63 100
31 64 101
31 65 104
31 66 100
31 67 92
31 68 100
31 69 97
31 70 91
31 71 100
31 72 95
31 73 91
31 74 100
31 75 102
31 76 105
31 77 86
31 78 95
31 79 102
32 33 93
32 34 100
32 35 100
32 36 98
32 37 102
32 38 92
32 39 99
32 40 95
32 41 99
32 42 103
32 43 102
32 44 105
32 45 98
32 46 97
32 47 104
32 48 104
32 49 100
32 50 96
32 51 100
32 52 93
32 53 97
32 54 98
32 55 105
32 56 101
32 57 96
32 58 108
32 59 95
32 60 94
32 61 100
32 62 98
32 63 94
32 64 106
32 65 98
32 66 99
32 67 94
32 68 96
32 69 99
32 70 99
32 71 102
32 72 93
32 73 95
32 74 93
32 75 93
32 76 101
32 77 95
32 78 93
32 79 95
33 34 100
33 35 105
33 36 105
33 37 101
33 38 104
33 39 94
33 40 112
33 41 96
33 42 92
33 43 90
33 44 86
33 45 97
33 46 112
33 47 101
33 48 99
33 49 105
33 50 106
33 51 91
33 52 104
33 53 96
33 54 103
33 55 95
33 56 95
33 57 91
33 58 99
33 59 92
33 60 92
33 61 99
33 62 111
33 63 93
33 64 96
33 65 95
33 66 101
33 67 101
33 68 103
33 69 101
33 70 103
33 71 94
33 72 103
33 73 100
33 74 96
33 75 105
33 76 99
33 77 95
33 78 97
33 79 100
34 35 98
34 36 107
34 37 103
34 38 100
34 39 99
34 40 97
34 41 96
34 42 106
34 43 107
34 44 96
34 45 104
34 46 101
34 47 92
34 48 100
34 49 103
34 50 100
34 51 94
34 52 98
34 53 99
34 54 102
34 55 92
34 56 107
34 57 104
34 58 102
34 59 106
34 60 99
34 61 101
34 62 108
34 63 95
34 64 97
34 65 91
34 66 99
34 67 103
34 68 101
34 69 105
34 70 88
34 71 104
34 72 105
34 73 102
34 74 99
34 75 94
34 76 99
34 77 95
34 78 99
34 79 99
35 36 107
35 37 106
35 38 97
35 39 97
35 40 94
35 41 103
35 42 103
35 43 102
35 44 100
35 45 104
35 46 93
35 47 98
35 48 97
35 49 102
35 50 100
35 51 103
35 52 99
35 53 99
35 54 111
35 55 99
35 56 107
35 57 99
35 58 106
35 59 99
35 60 103
35 61 99
35 62 92
35 63 108
35 64 95
35 65 98
35 66 94
35 67 98
35 68 106
35 69 103
35 70 94
35 71 99
35 72 100
35 73 99
35 74 101
35 75 104
35 76 100
35 77 99
35 78 97
35 79 88
36 37 106
36 38 102
36 39 88
36 40 105
36 41 94
36 42 97
36 43 102
36 44 104
36 45 98
36 46 94
36 47 105
36 48 89
36 49 97
36 50 101
36 51 102
36 52 101
36 53 103
36 54 93
36 55 89
36 56 91
36 57 102
36 58 103
36 59 90
36 60 103
36 61 94
36 62 102
36 63 104
36 64 106
36 65 106
36 66 105
36 67 102
36 68 100
36 69 95
36 70 102
36 71 100
36 72 93
36 73 104
36 74 102
36 75 101
36 76 105
36 77 97
36 78 92
36 79 100
37 38 104
37 39 98
37 40 103
37 41 100
37 42 111
37 43 100
37 44 91
37 45 96
37 46 96
37 47 106
37 48 112
37 49 96
37 50 98
37 51 98
37 52 99
37 53 99
37 54 98
37 55 103
37 56 96
37 57 99
37 58 97
37 59 101
37 60 103
37 61 95
37 62 102
37 63 102
37 64 96
37 65 104
37 66 105
37 67 99
37 68 88
37 69 96
37 70 99
37 71 93
37 72 102
37 73 96
37 74 104
37 75 106
37 76 95
37 77 99
37 78 96
37 79 93
38 39 102
38 40 97
38 41 97
38 42 103
38 43 107
38 44 94
38 45 94
38 46 101
38 47 103
38 48 106
38 49 104
38 50 107
38 51 91
38 52 99
38 53 98
38 54 97
38 55 102
38 56 105
38 57 93
38 58 96
38 59 99
38 60 106
38 61 109
38 62 100
38 63 94
38 64 99
38 65 102
38 66 103
38 67 98
38 68 95
38 69 97
38 70 97
38 71 96
38 72 109
38 73 91
38 74 110
38 75 99
38 76 98
38 77 100
38 78 101
38 79 93
39 40 106
39 41 110
39 42 102
39 43 103
39 44 104
39 45 99
39 46 101
39 47 103
39 48 85
39 49 93
39 50 90
39 51 100
39 52 92
39 53 93
39 54 92
39 55 98
39 56 102
39 57 93
39 58 100
39 59 98
39 60 99
39 61 99
39 62 101
39 63 98
39 64 104
39 65 100
39 66 100
39 67 99
39 68 96
39 69 102
39 70 98
39 71 98
39 72 99
39 73 103
39 74 94
39 75 105
39 76 84
39 77 110
39 78 101
39 79 104
40 41 103
40 42 94
40 43 99
40 44 104
40 45 98
40 46 97
40 47 89
40 48 100
40 49 100
40 50 104
40 51 101
40 52 104
40 53 100
40 54 100
40 55 101
40 56 96
40 57 104
40 58 105
40 59 91
40 60 97
40 61 102
40 62 94
40 63 102
40 64 103
40 65 94
40 66 111
40 67 105
40 68 107
40 69 98
40 70 105
40 71 100
40 72 97
40 73 98
40 74 91
40 75 93
40 76 90
40 77 94
40 78 99
40 79 103
41 42 91
41 43 96
41 44 92
41 45 94
41 46 96
41 47 105
41 48 98
41 49 100
41 50 92
41 51 92
41 52 96
41 53 104
41 54 102
41 55 98
41 56 100
41 57 97
41 58 95
41 59 97
41 60 101
41 61 100
41 62 96
41 63 95
41 64 98
41 65 101
41 66 113
41 67 90
41 68 102
41 69 103
41 70 95
41 71 99
41 72 104
41 73 107
41 74 104
41 75 96
41 76 98
41 77 95
41 78 103
41 79 100
42 43 103
42 44 103
42 45 103
42 46 98
42 47 94
42 48 104
42 49 102
42 50 103
42 51 92
42 52 106
42 53 98
42 54 98
42 55 95
42 56 90
42 57 95
42 58 108
42 59 103
42 60 100
42 61 87
42 62 102
42 63 104
42 64 97
42 65 99
42 66 93
42 67 103
42 68 92
42 69 95
42 70 103
42 71 101
42 72 110
42 73 95
42 74 101
42 75 96
42 76 94
42 77 92
42 78 104
42 79 104
43 44 100
43 45 103
43 46 102
43 47 103
43 48 91
43 49 99
43 50 98
43 51 96
43 52 100
43 53 93
43 54 97
43 55 100
43 56 110
43 57 100
43 58 99
43 59 96
43 60 102
43 61 101
43 62 101
43 63 107
43 64 98
43 65 99
43 66 95
43 67 108
43 68 94
43 69 99
43 70 103
43 71 102
43 72 107
43 73 94
43 74 95
43 75 103
43 76 95
43 77 103
43 78 96
43 79 99
44 45 90
44 46 103
44 47 95
44 48 112
44 49 99
44 50 99
44 51 104
44 52 101
44 53 100
44 54 115
44 55 100
44 56 95
44 57 94
44 58 111
44 59 97
44 60 96
44 61 102
44 62 106
44 63 93
44 64 100
44 65 105
44 66 100
44 67 97
44 68 102
44 69 99
44 70 98
44 71 98
44 72 89
44 73 103
44 74 92
44 75 103
44 76 104
44 77 105
44 78 109
44 79 105
45 46 90
45 47 108
45 48 94
45 49 101
45 50 105
45 51 102
45 52 91
45 53 104
45 54 99
45 55 93
45 56 104
45 57 105
45 58 101
45 59 102
45 60 100
45 61 101
45 62 106
45 63 101
45 64 86
45 65 105
45 66 101
45 67 98
45 68 98
45 69 98
45 70 100
45 71 109
45 72 93
45 73 92
45 74 90
45 75 110
45 76 108
45 77 101
45 78 102
45 79 101
46 47 90
46 48 96
46 49 106
46 50 103
46 51 95
46 52 94
46 53 97
46 54 99
46 55 104
46 56 115
46 57 99
46 58 95
46 59 106
46 60 103
46 61 96
46 62 99
46 63 96
46 64 94
46 65 102
46 66 106
46 67 102
46 68 107
46 69 98
46 70 102
46 71 103
46 72 97
46 73 100
46 74 100
46 75 101
46 76 88
46 77 105
46 78 91
46 79 101
47 48 98
47 49 100
47 50 96
47 51 100
47 52 101
47 53 102
47 54 102
47 55 92
47 56 97
47 57 104
47 58 105
47 59 101
47 60 96
47 61 98
47 62 110
47 63 104
47 64 100
47 65 99
47 66 98
47 67 92
47 68 102
47 69 96
47 70 109
47 71 98
47 72 96
47 73 106
47 74 100
47 75 110
47 76 93
47 77 97
47 78 96
47 79 96
48 49 104
48 50 107
48 51 90
48 52 95
48 53 102
48 54 98
48 55 91
48 56 95
48 57 99
48 58 107
48 59 97
48 60 101
48 61 98
48 62 99
48 63 97
48 64 93
48 65 108
48 66 101
48 67 108
48 68 97
48 69 104
48 70 104
48 71 91
48 72 98
48 73 101
48 74 101
48 75 109
48 76 98
48 77 94
48 78 94
48 79 100
49 50 95
49 51 94
49 52 96
49 53 107
49 54 99
49 55 98
49 56 99
49 57 103
49 58 97
49 59 105
49 60 105
49 61 101
49 62 102
49 63 91
49 64 108
49 65 95
49 66 99
49 67 99
49 68 101
49 69 93
49 70 102
49 71 105
49 72 99
49 73 100
49 74 107
49 75 104
49 76 97
49 77 99
49 78 106
49 79 111
50 51 110
50 52 99
50 53 100
50 54 94
50 55 97
50 56 89
50 57 98
50 58 105
50 59 101
50 60 97
50 61 93
50 62 100
50 63 97
50 64 100
50 65 102
50 66 95
50 67 99
50 68 97
50 69 111
50 70 96
50 71 98
50 72 98
50 73 101
50 74 106
50 75 94
50 76 99
50 77 96
50 78 99
50 79 96
51 52 97
51 53 109
51 54 103
51 55 96
51 56 90
51 57 111
51 58 105
51 59 98
51 60 95
51 61 108
51 62 87
51 63 109
51 64 102
51 65 101
51 66 100
51 67 101
51 68 98
51 69 94
51 70 97
51 71 100
51 72 97
51 73 104
51 74 94
51 75 110
51 76 97
51 77 105
51 78 97
51 79 103
52 53 112
52 54 99
52 55 97
52 56 94
52 57 102
52 58 99
52 59 96
52 60 100
52 61 97
52 62 101
52 63 114
52 64 99
52 65 92
52 66 101
52 67 97
52 68 99
52 69 98
52 70 104
52 71 98
52 72 93
52 73 101
52 74 100
52 75 99
52 76 87
52 77 109
52 78 107
52 79 95
53 54 101
53 55 103
53 56 110
53 57 112
53 58 98
53 59 100
53 60 99
53 61 101
53 62 106
53 63 98
53 64 98
53 65 97
53 66 94
53 67 110
53 68 103
53 69 101
53 70 102
53 71 107
53 72 102
53 73 107
53 74 96
53 75 94
53 76 92
53 77 103
53 78 110
53 79 100
54 55 98
54 56 93
54 57 95
54 58 106
54 59 105
54 60 93
54 61 101
54 62 94
54 63 104
54 64 108
54 65 105
54 66 95
54 67 102
54 68 100
54 69 105
54 70 94
54 71 96
54 72 107
54 73 94
54 74 97
54 75 100
54 76 106
54 77 92
54 78 91
54 79 97
55 56 93
55 57 91
55 58 102
55 59 99
55 60 105
55 61 102
55 62 102
55 63 97
55 64 100
55 65 101
55 66 98
55 67 101
55 68 104
55 69 92
55 70 97
55 71 99
55 72 101
55 73 105
55 74 103
55 75 99
55 76 100
55 77 90
55 78 101
55 79 92
56 57 108
56 58 99
56 59 97
56 60 102
56 61 110
56 62 96
56 63 95
56 64 106
56 65 100
56 66 103
56 67 99
56 68 100
56 69 101
56 70 90
56 71 102
56 72 98
56 73 104
56 74 98
56 75 99
56 76 94
56 77 109
56 78 86
56 79 93
57 58 96
57 59 93
57 60 102
57 61 98
57 62 97
57 63 94
57 64 96
57 65 94
57 66 101
57 67 98
57 68 98
57 69 104
57 70 102
57 71 97
57 72 93
57 73 101
57 74 104
57 75 104
57 76 102
57 77 99
57 78 96
57 79 107
58 59 97
58 60 97
58 61 103
58 62 100
58 63 95
58 64 105
58 65 85
58 66 86
58 67 92
58 68 93
58 69 97
58 70 103
58 71 98
58 72 106
58 73 99
58 74 102
58 75 107
58 76 106
58 77 93
58 78 102
58 79 104
59 60 109
59 61 92
59 62 95
59 63 103
59 64 99
59 65 111
59 66 94
59 67 100
59 68 107
59 69 101
59 70 94
59 71 103
59 72 104
59 73 93
59 74 95
59 75 100
59 76 100
59 77 98
59 78 103
59 79 102
60 61 102
60 62 94
60 63 97
60 64 85
60 65 97
60 66 94
60 67 98
60 68 110
60 69 100
60 70 106
60 71 97
60 72 96
60 73 103
60 74 93
60 75 97
60 76 95
60 77 98
60 78 97
60 79 99
61 62 98
61 63 97
61 64 92
61 65 102
61 66 94
61 67 100
61 68 95
61 69 99
61 70 98
61 71 102
61 72 106
61 73 101
61 74 102
61 75 103
61 76 98
61 77 101
61 78 103
61 79 98
62 63 104
62 64 102
62 65 96
62 66 99
62 67 100
62 68 101
62 69 103
62 70 102
62 71 98
62 72 101
62 73 104
62 74 107
62 75 111
62 76 104
62 77 105
62 78 100
62 79 92
63 64 99
63 65 93
63 66 99
63 67 91
63 68 98
63 69 94
63 70 100
63 71 97
63 72 102
63 73 99
63 74 99
63 75 96
63 76 99
63 77 96
63 78 103
63 79 107
64 65 100
64 66 99
64 67 105
64 68 105
64 69 99
64 70 103
64 71 91
64 72 107
64 73 100
64 74 93
64 75 102
64 76 107
64 77 98
64 78 101
64 79 107
65 66 96
65 67 104
65 68 101
65 69 93
65 70 107
65 71 101
65 72 98
65 73 98
65 74 92
65 75 98
65 76 94
65 77 100
65 78 92
65 79 103
66 67 114
66 68 115
66 69 92
66 70 99
66 71 94
66 72 105
66 73 100
66 74 94
66 75 106
66 76 91
66 77 93
66 78 101
66 79 96
67 68 97
67 69 97
67 70 100
67 71 96
67 72 94
67 73 107
67 74 92
67 75 98
67 76 101
67 77 94
67 78 102
67 79 93
68 69 94
68 70 103
68 71 105
68 72 99
68 73 102
68 74 101
68 75 102
68 76 92
68 77 100
68 78 106
68 79 97
69 70 108
69 71 99
69 72 102
69 73 101
69 74 96
69 75 105
69 76 103
69 77 105
69 78 100
69 79 102
70 71 96
70 72 96
70 73 105
70 74 98
70 75 93
70 76 95
70 77 108
70 78 95
70 79 106
71 72 92
71 73 110
71 74 90
71 75 93
71 76 93
71 77 105
71 78 100
71 79 100
72 73 93
72 74 96
72 75 99
72 76 101
72 77 100
72 78 109
72 79 113
73 74 101
73 75 96
73 76 100
73 77 105
73 78 102
73 79 97
74 75 95
74 76 95
74 77 101
74 78 97
74 79 99
75 76 100
75 77 92
75 78 104
75 79 95
76 77 96
76 78 96
76 79 99
77 78 106
77 79 106
78 79 95
1
0 1 2 3 4 5 6 7 8 9 10 11 12 13 14 15
