3160
0 1 301
0 2 300
0 3 302
0 4 299
0 5 300
0 6 206
0 7 196
0 8 201
0 9 202
0 10 201
0 11 200
0 12 201
0 13 194
0 14 201
0 15 196
0 16 196
0 17 199
0 18 200
0 19 200
0 20 196
0 21 203
0 22 199
0 23 211
0 24 200
0 25 197
0 26 209
0 27 203
0 28 199
0 29 201
0 30 203
0 31 198
0 32 196
0 33 207
0 34 210
0 35 202
0 36 193
0 37 200
0 38 194
0 39 204
0 40 206
0 41 203
0 42 193
0 43 196
0 44 203
0 45 198
0 46 190
0 47 192
0 48 199
0 49 202
0 50 206
0 51 197
0 52 196
0 53 201
0 54 200
0 55 197
0 56 192
0 57 193
0 58 210
0 59 206
0 60 199
0 61 201
0 62 195
0 63 202
0 64 198
0 65 192
0 66 197
0 67 201
0 68 196
0 69 197
0 70 200
0 71 198
0 72 199
0 73 195
0 74 190
0 75 210
0 76 202
0 77 200
0 78 206
0 79 200
1 2 295
1 3 298
1 4 300
1 5 293
1 6 210
1 7 196
1 8 205
1 9 205
1 10 203
1 11 196
1 12 207
1 13 198
1 14 204
1 15 199
1 16 200
1 17 201
1 18 203
1 19 194
1 20 202
1 21 210
1 22 201
1 23 192
1 24 202
1 25 201
1 26 202
1 27 199
1 28 202
1 29 194
1 30 196
1 31 192
1 32 198
1 33 198
1 34 198
1 35 205
1 36 201
1 37 202
1 38 198
1 39 201
1 40 200
1 41 198
1 42 206
1 43 200
1 44 200
1 45 197
1 46 194
1 47 201
1 48 198
1 49 196
1 50 204
1 51 198
1 52 189
1 53 199
1 54 207
1 55 195
1 56 193
1 57 210
1 58 197
1 59 202
1 60 207
1 61 197
1 62 198
1 63 194
1 64 200
1 65 207
1 66 200
1 67 202
1 68 206
1 69 208
1 70 198
1 71 201
1 72 198
1 73 202
1 74 195
1 75 197
1 76 198
1 77 204
1 78 207
1 79 196
2 3 302
2 4 298
2 5 297
2 6 195
2 7 205
2 8 209
2 9 204
2 10 195
2 11 201
2 12 198
2 13 203
2 14 205
2 15 203
2 16 203
2 17 196
2 18 193
2 19 208
2 20 204
2 21 198
2 22 201
2 23 206
2 24 198
2 25 197
2 26 199
2 27 205
2 28 194
2 29 197
2 30 202
2 31 193
2 32 200
2 33 201
2 34 207
2 35 194
2 36 201
2 37 200
2 38 199
2 39 198
2 40 202
2 41 198
2 42 209
2 43 203
2 44 198
2 45 205
2 46 192
2 47 200
2 48 197
2 49 187
2 50 196
2 51 205
2 52 201
2 53 204
2 54 193
2 55 205
2 56 196
2 57 204
2 58 190
2 59 199
2 60 204
2 61 200
2 62 204
2 63 195
2 64 203
2 65 200
2 66 193
2 67 204
2 68 198
2 69 199
2 70 197
2 71 210
2 72 204
2 73 191
2 74 193
2 75 204
2 76 198
2 77 200
2 78 199
2 79 197
3 4 286
3 5 301
3 6 196
3 7 205
3 8 201
3 9 203
3 10 198
3 11 196
3 12 202
3 13 203
3 14 200
3 15 200
3 16 206
3 17 204
3 18 194
3 19 203
3 20 206
3 21 202
3 22 192
3 23 207
3 24 202
3 25 202
3 26 195
3 27 189
3 28 202
3 29 208
3 30 205
3 31 203
3 32 206
3 33 203
3 34 193
3 35 197
3 36 203
3 37 188
3 38 203
3 39 191
3 40 192
3 41 198
3 42 204
3 43 204
3 44 197
3 45 191
3 46 204
3 47 197
3 48 198
3 49 201
3 50 207
3 51 204
3 52 204
3 53 197
3 54 195
3 55 194
3 56 200
3 57 198
3 58 199
3 59 199
3 60 203
3 61 191
3 62 212
3 63 203
3 64 203
3 65 202
3 66 199
3 67 205
3 68 203
3 69 197
3 70 202
3 71 203
3 72 196
3 73 200
3 74 203
3 75 202
3 76 200
3 77 205
3 78 200
3 79 212
4 5 299
4 6 193
4 7 198
4 8 202
4 9 199
4 10 202
4 11 197
4 12 202
4 13 200
4 14 194
4 15 194
4 16 194
4 17 199
4 18 199
4 19 195
4 20 201
4 21 196
4 22 203
4 23 190
4 24 200
4 25 196
4 26 204
4 27 192
4 28 204
4 29 194
4 30 202
4 31 199
4 32 204
4 33 200
4 34 198
4 35 196
4 36 200
4 37 197
4 38 196
4 39 200
4 40 196
4 41 195
4 42 192
4 43 196
4 44 200
4 45 194
4 46 200
4 47 194
4 48 200
4 49 208
4 50 199
4 51 205
4 52 198
4 53 213
4 54 203
4 55 197
4 56 204
4 57 192
4 58 203
4 59 203
4 60 210
4 61 198
4 62 202
4 63 193
4 64 207
4 65 201
4 66 198
4 67 207
4 68 209
4 69 207
4 70 200
4 71 206
4 72 193
4 73 193
4 74 198
4 75 193
4 76 199
4 77 200
4 78 202
4 79 193
5 6 206
5 7 207
5 8 200
5 9 196
5 10 202
5 11 205
5 12 199
5 13 193
5 14 207
5 15 201
5 16 199
5 17 198
5 18 198
5 19 197
5 20 200
5 21 199
5 22 195
5 23 197
5 24 194
5 25 200
5 26 204
5 27 197
5 28 207
5 29 194
5 30 203
5 31 207
5 32 202
5 33 199
5 34 191
5 35 202
5 36 201
5 37 201
5 38 202
5 39 201
5 40 202
5 41 200
5 42 208
5 43 195
5 44 200
5 45 203
5 46 197
5 47 193
5 48 185
5 49 204
5 50 204
5 51 193
5 52 202
5 53 197
5 54 207
5 55 206
5 56 204
5 57 201
5 58 203
5 59 187
5 60 204
5 61 199
5 62 201
5 63 199
5 64 205
5 65 202
5 66 207
5 67 209
5 68 198
5 69 200
5 70 199
5 71 188
5 72 196
5 73 205
5 74 195
5 75 210
5 76 199
5 77 190
5 78 205
5 79 199
6 7 97
6 8 99
6 9 105
6 10 100
6 11 100
6 12 100
6 13 91
6 14 102
6 15 97
6 16 99
6 17 97
6 18 103
6 19 98
6 20 89
6 21 98
6 22 95
6 23 101
6 24 103
6 25 104
6 26 93
6 27 98
6 28 101
6 29 99
6 30 112
6 31 92
6 32 100
6 33 102
6 34 100
6 35 96
6 36 102
6 37 93
6 38 103
6 39 101
6 40 95
6 41 88
6 42 97
6 43 103
6 44 103
6 45 93
6 46 86
6 47 100
6 48 98
6 49 93
6 50 90
6 51 106
6 52 105
6 53 101
6 54 114
6 55 92
6 56 103
6 57 87
6 58 105
6 59 98
6 60 108
6 61 97
6 62 90
6 63 101
6 64 107
6 65 101
6 66 98
6 67 105
6 68 97
6 69 94
6 70 105
6 71 86
6 72 105
6 73 95
6 74 97
6 75 96
6 76 92
6 77 107
6 78 101
6 79 89
7 8 96
7 9 105
7 10 110
7 11 91
7 12 102
7 13 91
7 14 100
7 15 97
7 16 103
7 17 97
7 18 92
7 19 101
7 20 103
7 21 97
7 22 94
7 23 94
7 24 96
7 25 98
7 26 102
7 27 103
7 28 97
7 29 108
7 30 98
7 31 105
7 32 99
7 33 95
7 34 100
7 35 99
7 36 99
7 37 90
7 38 107
7 39 97
7 40 100
7 41 97
7 42 105
7 43 108
7 44 99
7 45 91
7 46 99
7 47 95
7 48 107
7 49 101
7 50 94
7 51 95
7 52 105
7 53 103
7 54 106
7 55 111
7 56 100
7 57 99
7 58 98
7 59 90
7 60 97
7 61 107
7 62 106
7 63 102
7 64 87
7 65 101
7 66 103
7 67 108
7 68 104
7 69 99
7 70 96
7 71 101
7 72 101
7 73 99
7 74 103
7 75 103
7 76 95
7 77 110
7 78 102
7 79 97
8 9 103
8 10 101
8 11 96
8 12 102
8 13 93
8 14 97
8 15 101
8 16 103
8 17 99
8 18 113
8 19 108
8 20 94
8 21 100
8 22 108
8 23 93
8 24 103
8 25 104
8 26 97
8 27 102
8 28 95
8 29 106
8 30 92
8 31 104
8 32 97
8 33 102
8 34 99
8 35 100
8 36 95
8 37 107
8 38 98
8 39 102
8 40 90
8 41 105
8 42 100
8 43 103
8 44 97
8 45 89
8 46 96
8 47 93
8 48 94
8 49 97
8 50 93
8 51 99
8 52 99
8 53 103
8 54 96
8 55 100
8 56 98
8 57 108
8 58 107
8 59 97
8 60 98
8 61 106
8 62 96
8 63 97
8 64 97
8 65 103
8 66 106
8 67 102
8 68 95
8 69 103
8 70 105
8 71 99
8 72 98
8 73 100
8 74 101
8 75 100
8 76 107
8 77 96
8 78 93
8 79 97
9 10 106
9 11 103
9 12 107
9 13 92
9 14 97
9 15 93
9 16 93
9 17 95
9 18 109
9 19 99
9 20 100
9 21 96
9 22 98
9 23 102
9 24 96
9 25 105
9 26 102
9 27 94
9 28 98
9 29 101
9 30 100
9 31 106
9 32 99
9 33 106
9 34 98
9 35 98
9 36 103
9 37 99
9 38 96
9 39 98
9 40 89
9 41 94
9 42 98
9 43 95
9 44 101
9 45 99
9 46 94
9 47 106
9 48 98
9 49 101
9 50 104
9 51 101
9 52 93
9 53 89
9 54 98
9 55 100
9 56 97
9 57 103
9 58 97
9 59 109
9 60 94
9 61 94
9 62 97
9 63 103
9 64 97
9 65 102
9 66 98
9 67 94
9 68 93
9 69 106
9 70 107
9 71 96
9 72 98
9 73 94
9 74 100
9 75 105
9 76 102
9 77 101
9 78 110
9 79 100
10 11 97
10 12 102
10 13 100
10 14 101
10 15 104
10 16 108
10 17 104
10 18 106
10 19 99
10 20 101
10 21 97
10 22 102
10 23 96
10 24 101
10 25 109
10 26 92
10 27 105
10 28 97
10 29 99
10 30 94
10 31 101
10 32 100
10 33 98
10 34 103
10 35 85
10 36 93
10 37 96
10 38 96
10 39 102
10 40 99
10 41 95
10 42 108
10 43 101
10 44 89
10 45 101
10 46 97
10 47 99
10 48 89
10 49 89
10 50 101
10 51 105
10 52 105
10 53 105
10 54 98
10 55 97
10 56 95
10 57 97
10 58 102
10 59 95
10 60 100
10 61 94
10 62 101
10 63 98
10 64 91
10 65 95
10 66 108
10 67 104
10 68 101
10 69 105
10 70 107
10 71 105
10 72 97
10 73 104
10 74 88
10 75 101
10 76 103
10 77 107
10 78 104
10 79 97
11 12 99
11 13 94
11 14 106
11 15 110
11 16 96
11 17 94
11 18 90
11 19 91
11 20 97
11 21 95
11 22 105
11 23 96
11 24 96
11 25 91
11 26 105
11 27 102
11 28 111
11 29 91
11 30 91
11 31 100
11 32 106
11 33 112
11 34 94
11 35 100
11 36 92
11 37 89
11 38 93
11 39 102
11 40 101
11 41 94
11 42 97
11 43 93
11 44 96
11 45 100
11 46 96
11 47 96
11 48 101
11 49 106
11 50 105
11 51 97
11 52 106
11 53 92
11 54 100
11 55 102
11 56 93
11 57 105
11 58 94
11 59 101
11 60 100
11 61 99
11 62 105
11 63 96
11 64 103
11 65 110
11 66 104
11 67 108
11 68 101
11 69 93
11 70 87
11 71 108
11 72 98
11 73 100
11 74 98
11 75 97
11 76 101
11 77 99
11 78 97
11 79 95
12 13 95
12 14 101
12 15 97
12 16 104
12 17 92
12 18 97
12 19 104
12 20 109
12 21 104
12 22 94
12 23 99
12 24 105
12 25 103
12 26 83
12 27 94
12 28 99
12 29 97
12 30 102
12 31 99
12 32 94
12 33 95
12 34 101
12 35 98
12 36 106
12 37 100
12 38 107
12 39 108
12 40 99
12 41 107
12 42 97
12 43 99
12 44 100
12 45 94
12 46 99
12 47 97
12 48 93
12 49 96
12 50 96
12 51 94
12 52 99
12 53 103
12 54 97
12 55 97
12 56 101
12 57 103
12 58 88
12 59 105
12 60 103
12 61 92
12 62 102
12 63 100
12 64 98
12 65 101
12 66 104
12 67 100
12 68 100
12 69 98
12 70 91
12 71 92
12 72 107
12 73 95
12 74 106
12 75 103
12 76 105
12 77 102
12 78 101
12 79 103
13 14 94
13 15 98
13 16 98
13 17 110
13 18 106
13 19 95
13 20 95
13 21 107
13 22 99
13 23 104
13 24 90
13 25 104
13 26 101
13 27 101
13 28 89
13 29 97
13 30 100
13 31 96
13 32 95
13 33 93
13 34 96
13 35 94
13 36 107
13 37 96
13 38 96
13 39 94
13 40 94
13 41 102
13 42 97
13 43 102
13 44 92
13 45 100
13 46 97
13 47 92
13 48 110
13 49 112
13 50 103
13 51 95
13 52 104
13 53 93
13 54 101
13 55 92
13 56 98
13 57 94
13 58 97
13 59 97
13 60 99
13 61 102
13 62 93
13 63 97
13 64 106
13 65 96
13 66 97
13 67 102
13 68 109
13 69 96
13 70 98
13 71 92
13 72 99
13 73 106
13 74 103
13 75 100
13 76 103
13 77 99
13 78 106
13 79 99
14 15 95
14 16 110
14 17 99
14 18 106
14 19 95
14 20 100
14 21 106
14 22 103
14 23 95
14 24 101
14 25 90
14 26 97
14 27 103
14 28 111
14 29 97
14 30 93
14 31 101
14 32 95
14 33 106
14 34 95
14 35 92
14 36 95
14 37 102
14 38 99
14 39 97
14 40 98
14 41 92
14 42 94
14 43 103
14 44 100
14 45 100
14 46 95
14 47 101
14 48 97
14 49 98
14 50 101
14 51 103
14 52 94
14 53 95
14 54 102
14 55 107
14 56 99
14 57 100
14 58 95
14 59 101
14 60 93
14 61 101
14 62 89
14 63 101
14 64 103
14 65 106
14 66 91
14 67 98
14 68 102
14 69 106
14 70 95
14 71 98
14 72 103
14 73 93
14 74 93
14 75 98
14 76 100
14 77 97
14 78 104
14 79 104
15 16 101
15 17 94
15 18 98
15 19 97
15 20 101
15 21 97
15 22 105
15 23 101
15 24 92
15 25 99
15 26 107
15 27 102
15 28 92
15 29 109
15 30 105
15 31 93
15 32 102
15 33 94
15 34 101
15 35 94
15 36 99
15 37 101
15 38 103
15 39 104
15 40 110
15 41 100
15 42 109
15 43 102
15 44 98
15 45 101
15 46 102
15 47 100
15 48 100
15 49 98
15 50 99
15 51 98
15 52 107
15 53 98
15 54 107
15 55 103
15 56 97
15 57 106
15 58 93
15 59 99
15 60 101
15 61 103
15 62 104
15 63 93
15 64 100
15 65 109
15 66 91
15 67 97
15 68 100
15 69 104
15 70 100
15 71 98
15 72 94
15 73 104
15 74 99
15 75 98
15 76 103
15 77 101
15 78 96
15 79 102
16 17 98
16 18 102
16 19 96
16 20 100
16 21 102
16 22 102
16 23 102
16 24 95
16 25 100
16 26 96
16 27 103
16 28 99
16 29 108
16 30 89
16 31 105
16 32 97
16 33 108
16 34 106
16 35 105
16 36 100
16 37 94
16 38 100
16 39 96
16 40 105
16 41 86
16 42 93
16 43 105
16 44 94
16 45 99
16 46 103
16 47 98
16 48 102
16 49 104
16 50 101
16 51 107
16 52 97
16 53 103
16 54 106
16 55 97
16 56 105
16 57 100
16 58 105
16 59 91
16 60 94
16 61 101
16 62 91
16 63 102
16 64 105
16 65 104
16 66 95
16 67 96
16 68 103
16 69 96
16 70 93
16 71 94
16 72 97
16 73 92
16 74 105
16 75 104
16 76 103
16 77 102
16 78 99
16 79 99
17 18 103
17 19 96
17 20 100
17 21 104
17 22 97
17 23 99
17 24 101
17 25 108
17 26 101
17 27 96
17 28 97
17 29 100
17 30 102
17 31 106
17 32 111
17 33 98
17 34 111
17 35 102
17 36 98
17 37 92
17 38 110
17 39 97
17 40 99
17 41 101
17 42 105
17 43 88
17 44 109
17 45 103
17 46 98
17 47 94
17 48 106
17 49 96
17 50 105
17 51 103
17 52 100
17 53 106
17 54 99
17 55 99
17 56 103
17 57 95
17 58 98
17 59 102
17 60 91
17 61 99
17 62 102
17 63 96
17 64 103
17 65 96
17 66 101
17 67 104
17 68 102
17 69 108
17 70 101
17 71 107
17 72 104
17 73 103
17 74 99
17 75 88
17 76 98
17 77 106
17 78 90
17 79 98
18 19 101
18 20 102
18 21 95
18 22 111
18 23 101
18 24 105
18 25 96
18 26 97
18 27 104
18 28 102
18 29 90
18 30 107
18 31 97
18 32 101
18 33 100
18 34 100
18 35 97
18 36 109
18 37 96
18 38 92
18 39 96
18 40 99
18 41 97
18 42 100
18 43 91
18 44 108
18 45 93
18 46 108
18 47 107
18 48 98
18 49 111
18 50 103
18 51 102
18 52 102
18 53 102
18 54 98
18 55 102
18 56 101
18 57 96
18 58 101
18 59 105
18 60 111
18 61 97
18 62 102
18 63 98
18 64 94
18 65 113
18 66 99
18 67 104
18 68 100
18 69 103
18 70 93
18 71 110
18 72 105
18 73 105
18 74 104
18 75 100
18 76 100
18 77 93
18 78 93
18 79 105
19 20 100
19 21 111
19 22 95
19 23 102
19 24 97
19 25 100
19 26 103
19 27 101
19 28 111
19 29 101
19 30 100
19 31 102
19 32 93
19 33 95
19 34 103
19 35 105
19 36 108
19 37 92
19 38 99
19 39 96
19 40 102
19 41 98
19 42 90
19 43 106
19 44 99
19 45 96
19 46 99
19 47 101
19 48 96
19 49 98
19 50 99
19 51 100
19 52 109
19 53 92
19 54 91
19 55 101
19 56 105
19 57 95
19 58 103
19 59 97
19 60 99
19 61 102
19 62 102
19 63 103
19 64 100
19 65 96
19 66 97
19 67 108
19 68 103
19 69 104
19 70 101
19 71 103
19 72 92
19 73 100
19 74 89
19 75 103
19 76 109
19 77 102
19 78 95
19 79 105
20 21 96
20 22 104
20 23 104
20 24 93
20 25 100
20 26 89
20 27 109
20 28 101
20 29 96
20 30 101
20 31 97
20 32 91
20 33 101
20 34 102
20 35 94
20 36 108
20 37 104
20 38 109
20 39 97
20 40 105
20 41 93
20 42 98
20 43 99
20 44 103
20 45 106
20 46 96
20 47 98
20 48 89
20 49 98
20 50 97
20 51 102
20 52 94
20 53 103
20 54 106
20 55 103
20 56 97
20 57 102
20 58 109
20 59 92
20 60 100
20 61 105
20 62 93
20 63 98
20 64 106
20 65 95
20 66 93
20 67 104
20 68 99
20 69 92
20 70 105
20 71 89
20 72 106
20 73 98
20 74 97
20 75 97
20 76 96
20 77 102
20 78 100
20 79 113
21 22 101
21 23 104
21 24 97
21 25 110
21 26 103
21 27 100
21 28 94
21 29 98
21 30 105
21 31 103
21 32 94
21 33 104
21 34 92
21 35 103
21 36 99
21 37 106
21 38 107
21 39 97
21 40 89
21 41 99
21 42 101
21 43 100
21 44 102
21 45 102
21 46 100
21 47 95
21 48 90
21 49 104
21 50 101
21 51 97
21 52 92
21 53 101
21 54 98
21 55 103
21 56 103
21 57 97
21 58 99
21 59 108
21 60 103
21 61 100
21 62 94
21 63 104
21 64 92
21 65 101
21 66 104
21 67 91
21 68 104
21 69 100
21 70 107
21 71 105
21 72 97
21 73 104
21 74 97
21 75 103
21 76 102
21 77 96
21 78 98
21 79 100
22 23 105
22 24 97
22 25 98
22 26 98
22 27 94
22 28 96
22 29 95
22 30 95
22 31 108
22 32 101
22 33 97
22 34 100
22 35 101
22 36 93
22 37 94
22 38 90
22 39 104
22 40 94
22 41 99
22 42 90
22 43 97
22 44 90
22 45 95
22 46 98
22 47 98
22 48 105
22 49 98
22 50 104
22 51 96
22 52 99
22 53 98
22 54 101
22 55 100
22 56 97
22 57 98
22 58 107
22 59 102
22 60 105
22 61 102
22 62 101
22 63 100
22 64 111
22 65 92
22 66 98
22 67 90
22 68 103
22 69 105
22 70 102
22 71 97
22 72 103
22 73 102
22 74 99
22 75 101
22 76 96
22 77 100
22 78 104
22 79 87
23 24 95
23 25 99
23 26 108
23 27 101
23 28 92
23 29 100
23 30 101
23 31 105
23 32 96
23 33 109
23 34 96
23 35 92
23 36 100
23 37 102
23 38 101
23 39 99
23 40 102
23 41 102
23 42 95
23 43 95
23 44 94
23 45 101
23 46 102
23 47 100
23 48 101
23 49 102
23 50 96
23 51 100
23 52 104
23 53 100
23 54 103
23 55 102
23 56 103
23 57 103
23 58 97
23 59 101
23 60 104
23 61 97
23 62 104
23 63 98
23 64 96
23 65 112
23 66 103
23 67 98
23 68 99
23 69 99
23 70 101
23 71 95
23 72 97
23 73 95
23 74 102
23 75 104
23 76 96
23 77 95
23 78 108
23 79 98
24 25 104
24 26 97
24 27 83
24 28 103
24 29 99
24 30 91
24 31 89
24 32 90
24 33 99
24 34 95
24 35 102
24 36 97
24 37 102
24 38 96
24 39 95
24 40 97
24 41 102
24 42 88
24 43 99
24 44 105
24 45 109
24 46 97
24 47 96
24 48 95
24 49 95
24 50 98
24 51 99
24 52 105
24 53 99
24 54 102
24 55 96
24 56 102
24 57 102
24 58 99
24 59 93
24 60 101
24 61 105
24 62 95
24 63 95
24 64 100
24 65 96
24 66 93
24 67 94
24 68 104
24 69 84
24 70 98
24 71 98
24 72 88
24 73 90
24 74 90
24 75 109
24 76 104
24 77 102
24 78 105
24 79 109
25 26 101
25 27 100
25 28 102
25 29 103
25 30 99
25 31 101
25 32 92
25 33 96
25 34 95
25 35 96
25 36 97
25 37 97
25 38 108
25 39 100
25 40 93
25 41 98
25 42 102
25 43 100
25 44 103
25 45 99
25 46 103
25 47 99
25 48 89
25 49 106
25 50 92
25 51 98
25 52 96
25 53 104
25 54 98
25 55 103
25 56 106
25 57 94
25 58 94
25 59 94
25 60 100
25 61 93
25 62 93
25 63 98
25 64 100
25 65 100
25 66 99
25 67 98
25 68 104
25 69 91
25 70 113
25 71 102
25 72 95
25 73 106
25 74 93
25 75 105
25 76 102
25 77 103
25 78 99
25 79 106
26 27 106
26 28 99
26 29 101
26 30 101
26 31 102
26 32 93
26 33 97
26 34 106
26 35 97
26 36 102
26 37 96
26 38 94
26 39 97
26 40 104
26 41 106
26 42 102
26 43 96
26 44 100
26 45 101
26 46 98
26 47 95
26 48 96
26 49 96
26 50 104
26 51 104
26 52 96
26 53 105
26 54 94
26 55 98
26 56 97
26 57 94
26 58 110
26 59 100
26 60 97
26 61 95
26 62 96
26 63 100
26 64 95
26 65 101
26 66 97
26 67 101
26 68 94
26 69 97
26 70 105
26 71 98
26 72 93
26 73 107
26 74 101
26 75 93
26 76 100
26 77 96
26 78 97
26 79 102
27 28 104
27 29 98
27 30 96
27 31 102
27 32 94
27 33 112
27 34 107
27 35 106
27 36 99
27 37 103
27 38 101
27 39 108
27 40 94
27 41 109
27 42 105
27 43 91
27 44 97
27 45 95
27 46 97
27 47 90
27 48 98
27 49 106
27 50 97
27 51 104
27 52 97
27 53 94
27 54 97
27 55 99
27 56 99
27 57 93
27 58 104
27 59 98
27 60 93
27 61 94
27 62 99
27 63 93
27 64 105
27 65 102
27 66 100
27 67 98
27 68 96
27 69 102
27 70 90
27 71 103
27 72 95
27 73 102
27 74 105
27 75 96
27 76 95
27 77 100
27 78 100
27 79 101
28 29 100
28 30 110
28 31 106
28 32 111
28 33 97
28 34 92
28 35 101
28 36 93
28 37 105
28 38 100
28 39 100
28 40 100
28 41 99
28 42 105
28 43 89
28 44 95
28 45 102
28 46 102
28 47 95
28 48 98
28 49 106
28 50 106
28 51 90
28 52 101
28 53 96
28 54 103
28 55 96
28 56 99
28 57 97
28 58 97
28 59 101
28 60 94
28 61 86
28 62 99
28 63 92
28 64 99
28 65 100
28 66 98
28 67 97
28 68 97
28 69 106
28 70 97
28 71 99
28 72 93
28 73 96
28 74 105
28 75 107
28 76 107
28 77 92
28 78 95
28 79 95
29 30 98
29 31 105
29 32 98
29 33 93
29 34 96
29 35 105
29 36 104
29 37 92
29 38 100
29 39 100
29 40 103
29 41 102
29 42 98
29 43 105
29 44 102
29 45 89
29 46 97
29 47 103
29 48 104
29 49 103
29 50 96
29 51 104
29 52 108
29 53 102
29 54 100
29 55 98
29 56 96
29 57 101
29 58 107
29 59 104
29 60 100
29 61 104
29 62 105
29 63 107
29 64 100
29 65 102
29 66 96
29 67 91
29 68 99
29 69 114
29 70 97
29 71 101
29 72 99
29 73 108
29 74 106
29 75 106
29 76 105
29 77 104
29 78 99
29 79 101
30 31 93
30 32 110
30 33 90
30 34 95
30 35 97
30 36 103
30 37 91
30 38 102
30 39 102
30 40 109
30 41 104
30 42 98
30 43 96
30 44 98
30 45 105
30 46 103
30 47 94
30 48 93
30 49 96
30 50 96
30 51 97
30 52 104
30 53 101
30 54 110
30 55 100
30 56 100
30 57 99
30 58 98
30 59 105
30 60 99
30 61 105
30 62 104
30 63 108
30 64 97
30 65 99
30 66 93
30 67 100
30 68 100
30 69 98
30 70 104
30 71 101
30 72 107
30 73 104
30 74 94
30 75 95
30 76 92
30 77 96
30 78 103
30 79 99
31 32 97
31 33 94
31 34 100
31 35 100
31 36 100
31 37 94
31 38 107
31 39 104
31 40 94
31 41 98
31 42 89
31 43 94
31 44 99
31 45 100
31 46 94
31 47 102
31 48 104
31 49 98
31 50 98
31 51 103
31 52 101
31 53 105
31 54 99
31 55 99
31 56 95
31 57 101
31 58 102
31 59 95
31 60 105
31 61 105
31 62 107
31 63 90
31 64 101
31 65 104
31 66 99
31 67 101
31 68 105
31 69 99
31 70 95
31 71 92
31 72 95
31 73 99
31 74 100
31 75 94
31 76 94
31 77 97
31 78 97
31 79 110
32 33 104
32 34 98
32 35 94
32 36 96
32 37 94
32 38 99
32 39 104
32 40 99
32 41 105
32 42 101
32 43 99
32 44 97
32 45 101
32 46 100
32 47 97
32 48 94
32 49 93
32 50 106
32 51 96
32 52 107
32 53 100
32 54 97
32 55 100
32 56 93
32 57 100
32 58 101
32 59 100
32 60 96
32 61 98
32 62 94
32 63 101
32 64 99
32 65 98
32 66 92
32 67 102
32 68 103
32 69 102
32 70 102
32 71 90
32 72 97
32 73 100
32 74 100
32 75 99
32 76 100
32 77 101
32 78 88
32 79 107
33 34 93
33 35 98
33 36 102
33 37 100
33 38 106
33 39 98
33 40 95
33 41 101
33 42 89
33 43 100
33 44 102
33 45 93
33 46 108
33 47 104
33 48 96
33 49 101
33 50 102
33 51 100
33 52 99
33 53 97
33 54 99
33 55 93
33 56 91
33 57 92
33 58 101
33 59 98
33 60 102
33 61 95
33 62 96
33 63 104
33 64 107
33 65 100
33 66 102
33 67 101
33 68 102
33 69 105
33 70 107
33 71 109
33 72 100
33 73 100
33 74 101
33 75 104
33 76 96
33 77 98
33 78 98
33 79 100
34 35 100
34 36 102
34 37 101
34 38 97
34 39 102
34 40 98
34 41 92
34 42 103
34 43 90
34 44 105
34 45 99
34 46 97
34 47 97
34 48 95
34 49 101
34 50 98
34 51 97
34 52 99
34 53 104
34 54 108
34 55 100
34 56 111
34 57 101
34 58 99
34 59 101
34 60 100
34 61 98
34 62 105
34 63 99
34 64 106
34 65 103
34 66 107
34 67 105
34 68 92
34 69 95
34 70 98
34 71 93
34 72 101
34 73 101
34 74 101
34 75 96
34 76 97
34 77 107
34 78 97
34 79 88
35 36 99
35 37 99
35 38 101
35 39 93
35 40 100
35 41 96
35 42 93
35 43 94
35 44 102
35 45 102
35 46 100
35 47 101
35 48 101
35 49 92
35 50 95
35 51 107
35 52 105
35 53 97
35 54 96
35 55 94
35 56 105
35 57 100
35 58 105
35 59 99
35 60 97
35 61 97
35 62 109
35 63 98
35 64 106
35 65 107
35 66 101
35 67 99
35 68 104
35 69 88
35 70 103
35 71 100
35 72 95
35 73 98
35 74 104
35 75 97
35 76 94
35 77 94
35 78 97
35 79 92
36 37 103
36 38 102
36 39 104
36 40 98
36 41 111
36 42 105
36 43 97
36 44 101
36 45 106
36 46 111
36 47 96
36 48 95
36 49 103
36 50 94
36 51 94
36 52 96
36 53 101
36 54 83
36 55 106
36 56 92
36 57 99
36 58 96
36 59 103
36 60 91
36 61 101
36 62 93
36 63 91
36 64 89
36 65 98
36 66 100
36 67 95
36 68 95
36 69 105
36 70 101
36 71 104
36 72 101
36 73 95
36 74 99
36 75 101
36 76 94
36 77 111
36 78 94
36 79 98
37 38 101
37 39 104
37 40 99
37 41 97
37 42 107
37 43 99
37 44 95
37 45 102
37 46 103
37 47 96
37 48 99
37 49 98
37 50 88
37 51 96
37 52 102
37 53 94
37 54 108
37 55 110
37 56 97
37 57 103
37 58 108
37 59 96
37 60 99
37 61 95
37 62 92
37 63 99
37 64 100
37 65 101
37 66 95
37 67 102
37 68 95
37 69 100
37 70 95
37 71 107
37 72 103
37 73 97
37 74 99
37 75 104
37 76 96
37 77 106
37 78 102
37 79 98
38 39 98
38 40 101
38 41 105
38 42 105
38 43 104
38 44 107
38 45 103
38 46 96
38 47 100
38 48 100
38 49 104
38 50 102
38 51 109
38 52 98
38 53 104
38 54 103
38 55 93
38 56 95
38 57 93
38 58 101
38 59 109
38 60 101
38 61 97
38 62 97
38 63 96
38 64 98
38 65 91
38 66 100
38 67 101
38 68 104
38 69 104
38 70 95
38 71 109
38 72 97
38 73 100
38 74 104
38 75 102
38 76 100
38 77 103
38 78 94
38 79 97
39 40 108
39 41 95
39 42 104
39 43 93
39 44 100
39 45 101
39 46 98
39 47 104
39 48 93
39 49 98
39 50 93
39 51 100
39 52 99
39 53 101
39 54 104
39 55 98
39 56 103
39 57 94
39 58 107
39 59 105
39 60 95
39 61 100
39 62 98
39 63 102
39 64 105
39 65 98
39 66 94
39 67 98
39 68 104
39 69 101
39 70 101
39 71 101
39 72 110
39 73 103
39 74 96
39 75 104
39 76 104
39 77 95
39 78 98
39 79 109
40 41 94
40 42 101
40 43 98
40 44 99
40 45 101
40 46 93
40 47 103
40 48 87
40 49 100
40 50 99
40 51 98
40 52 92
40 53 111
40 54 104
40 55 101
40 56 98
40 57 96
40 58 97
40 59 108
40 60 108
40 61 102
40 62 108
40 63 96
40 64 103
40 65 96
40 66 103
40 67 106
40 68 103
40 69 97
40 70 100
40 71 98
40 72 93
40 73 98
40 74 104
40 75 100
40 76 99
40 77 101
40 78 91
40 79 98
41 42 109
41 43 98
41 44 100
41 45 106
41 46 99
41 47 98
41 48 92
41 49 97
41 50 95
41 51 109
41 52 98
41 53 102
41 54 93
41 55 104
41 56 100
41 57 99
41 58 100
41 59 94
41 60 97
41 61 89
41 62 99
41 63 96
41 64 96
41 65 95
41 66 99
41 67 93
41 68 101
41 69 97
41 70 97
41 71 83
41 72 99
41 73 93
41 74 95
41 75 101
41 76 106
41 77 98
41 78 105
41 79 99
42 43 113
42 44 100
42 45 94
42 46 90
42 47 96
42 48 101
42 49 92
42 50 94
42 51 98
42 52 94
42 53 97
42 54 99
42 55 104
42 56 98
42 57 97
42 58 96
42 59 101
42 60 105
42 61 102
42 62 92
42 63 98
42 64 101
42 65 103
42 66 91
42 67 106
42 68 89
42 69 103
42 70 110
42 71 93
42 72 99
42 73 96
42 74 90
42 75 92
42 76 102
42 77 110
42 78 107
42 79 102
43 44 103
43 45 105
43 46 97
43 47 101
43 48 92
43 49 104
43 50 102
43 51 96
43 52 102
43 53 102
43 54 102
43 55 106
43 56 105
43 57 99
43 58 93
43 59 105
43 60 94
43 61 96
43 62 99
43 63 95
43 64 86
43 65 99
43 66 108
43 67 98
43 68 102
43 69 94
43 70 105
43 71 100
43 72 96
43 73 92
43 74 93
43 75 100
43 76 96
43 77 99
43 78 92
43 79 96
44 45 97
44 46 107
44 47 95
44 48 98
44 49 102
44 50 91
44 51 102
44 52 98
44 53 107
44 54 103
44 55 93
44 56 103
44 57 102
44 58 104
44 59 90
44 60 108
44 61 103
44 62 95
44 63 101
44 64 99
44 65 90
44 66 92
44 67 100
44 68 101
44 69 90
44 70 100
44 71 90
44 72 96
44 73 104
44 74 91
44 75 94
44 76 99
44 77 102
44 78 95
44 79 107
45 46 103
45 47 91
45 48 101
45 49 110
45 50 101
45 51 94
45 52 102
45 53 93
45 54 104
45 55 101
45 56 98
45 57 100
45 58 104
45 59 102
45 60 100
45 61 105
45 62 96
45 63 95
45 64 98
45 65 98
45 66 101
45 67 99
45 68 101
45 69 103
45 70 106
45 71 96
45 72 108
45 73 90
45 74 94
45 75 102
45 76 109
45 77 96
45 78 111
45 79 105
46 47 101
46 48 100
46 49 110
46 50 102
46 51 100
46 52 110
46 53 101
46 54 98
46 55 90
46 56 94
46 57 99
46 58 101
46 59 104
46 60 103
46 61 103
46 62 104
46 63 105
46 64 106
46 65 102
46 66 104
46 67 98
46 68 95
46 69 99
46 70 96
46 71 101
46 72 101
46 73 94
46 74 111
46 75 98
46 76 102
46 77 106
46 78 101
46 79 99
47 48 105
47 49 100
47 50 103
47 51 105
47 52 102
47 53 101
47 54 104
47 55 94
47 56 109
47 57 104
47 58 96
47 59 95
47 60 94
47 61 105
47 62 98
47 63 102
47 64 102
47 65 101
47 66 98
47 67 102
47 68 96
47 69 96
47 70 103
47 71 96
47 72 96
47 73 97
47 74 100
47 75 107
47 76 97
47 77 97
47 78 102
47 79 88
48 49 104
48 50 100
48 51 102
48 52 100
48 53 107
48 54 98
48 55 97
48 56 95
48 57 93
48 58 106
48 59 107
48 60 107
48 61 96
48 62 111
48 63 106
48 64 93
48 65 96
48 66 102
48 67 93
48 68 98
48 69 102
48 70 99
48 71 100
48 72 94
48 73 100
48 74 107
48 75 101
48 76 97
48 77 96
48 78 103
48 79 96
49 50 106
49 51 93
49 52 108
49 53 97
49 54 101
49 55 102
49 56 99
49 57 102
49 58 104
49 59 98
49 60 97
49 61 90
49 62 100
49 63 95
49 64 103
49 65 95
49 66 110
49 67 106
49 68 98
49 69 113
49 70 100
49 71 103
49 72 99
49 73 98
49 74 98
49 75 99
49 76 109
49 77 100
49 78 102
49 79 105
50 51 104
50 52 105
50 53 99
50 54 102
50 55 93
50 56 104
50 57 94
50 58 92
50 59 105
50 60 97
50 61 108
50 62 97
50 63 95
50 64 94
50 65 92
50 66 110
50 67 90
50 68 106
50 69 101
50 70 104
50 71 88
50 72 95
50 73 111
50 74 99
50 75 96
50 76 102
50 77 95
50 78 101
50 79 97
51 52 100
51 53 100
51 54 96
51 55 99
51 56 107
51 57 93
51 58 105
51 59 98
51 60 108
51 61 101
51 62 100
51 63 96
51 64 93
51 65 95
51 66 96
51 67 102
51 68 98
51 69 99
51 70 93
51 71 94
51 72 93
51 73 105
51 74 93
51 75 100
51 76 98
51 77 105
51 78 102
51 79 111
52 53 102
52 54 94
52 55 95
52 56 97
52 57 103
52 58 99
52 59 92
52 60 104
52 61 92
52 62 98
52 63 104
52 64 104
52 65 110
52 66 102
52 67 89
52 68 102
52 69 105
52 70 108
52 71 91
52 72 91
52 73 97
52 74 97
52 75 103
52 76 105
52 77 103
52 78 105
52 79 106
53 54 91
53 55 100
53 56 103
53 57 91
53 58 96
53 59 109
53 60 103
53 61 101
53 62 97
53 63 105
53 64 99
53 65 96
53 66 115
53 67 95
53 68 91
53 69 102
53 70 100
53 71 99
53 72 97
53 73 98
53 74 108
53 75 104
53 76 93
53 77 105
53 78 99
53 79 106
54 55 106
54 56 104
54 57 104
54 58 98
54 59 104
54 60 97
54 61 99
54 62 95
54 63 94
54 64 95
54 65 99
54 66 93
54 67 94
54 68 96
54 69 91
54 70 103
54 71 106
54 72 105
54 73 98
54 74 100
54 75 92
54 76 93
54 77 99
54 78 103
54 79 93
55 56 102
55 57 99
55 58 102
55 59 97
55 60 103
55 61 107
55 62 98
55 63 100
55 64 89
55 65 102
55 66 93
55 67 101
55 68 93
55 69 94
55 70 100
55 71 96
55 72 103
55 73 96
55 74 89
55 75 100
55 76 102
55 77 89
55 78 104
55 79 101
56 57 101
56 58 102
56 59 106
56 60 109
56 61 104
56 62 99
56 63 98
56 64 98
56 65 97
56 66 102
56 67 103
56 68 98
56 69 100
56 70 113
56 71 98
56 72 104
56 73 102
56 74 103
56 75 93
56 76 98
56 77 106
56 78 104
56 79 97
57 58 101
57 59 94
57 60 101
57 61 109
57 62 101
57 63 98
57 64 98
57 65 100
57 66 103
57 67 106
57 68 100
57 69 94
57 70 99
57 71 101
57 72 90
57 73 100
57 74 98
57 75 95
57 76 99
57 77 107
57 78 101
57 79 96
58 59 95
58 60 103
58 61 101
58 62 104
58 63 99
58 64 98
58 65 105
58 66 100
58 67 104
58 68 102
58 69 102
58 70 94
58 71 104
58 72 96
58 73 99
58 74 91
58 75 97
58 76 103
58 77 104
58 78 105
58 79 99
59 60 102
59 61 101
59 62 100
59 63 95
59 64 99
59 65 106
59 66 99
59 67 112
59 68 111
59 69 107
59 70 98
59 71 100
59 72 95
59 73 109
59 74 90
59 75 94
59 76 89
59 77 95
59 78 99
59 79 96
60 61 90
60 62 98
60 63 103
60 64 96
60 65 98
60 66 101
60 67 105
60 68 97
60 69 108
60 70 103
60 71 95
60 72 109
60 73 104
60 74 96
60 75 95
60 76 93
60 77 104
60 78 99
60 79 103
61 62 105
61 63 104
61 64 89
61 65 103
61 66 97
61 67 99
61 68 95
61 69 103
61 70 103
61 71 108
61 72 106
61 73 107
61 74 96
61 75 100
61 76 104
61 77 93
61 78 95
61 79 99
62 63 106
62 64 101
62 65 98
62 66 100
62 67 103
62 68 106
62 69 101
62 70 98
62 71 94
62 72 98
62 73 99
62 74 95
62 75 97
62 76 96
62 77 98
62 78 97
62 79 103
63 64 102
63 65 108
63 66 105
63 67 97
63 68 99
63 69 103
63 70 100
63 71 116
63 72 100
63 73 102
63 74 100
63 75 99
63 76 109
63 77 99
63 78 86
63 79 100
64 65 97
64 66 97
64 67 103
64 68 100
64 69 107
64 70 93
64 71 97
64 72 89
64 73 95
64 74 101
64 75 97
64 76 108
64 77 96
64 78 102
64 79 103
65 66 97
65 67 98
65 68 102
65 69 99
65 70 98
65 71 102
65 72 112
65 73 94
65 74 102
65 75 104
65 76 103
65 77 96
65 78 107
65 79 101
66 67 94
66 68 98
66 69 101
66 70 109
66 71 105
66 72 97
66 73 99
66 74 103
66 75 103
66 76 104
66 77 99
66 78 106
66 79 108
67 68 107
67 69 106
67 70 108
67 71 104
67 72 97
67 73 106
67 74 101
67 75 95
67 76 103
67 77 99
67 78 101
67 79 103
68 69 101
68 70 101
68 71 103
68 72 99
68 73 104
68 74 94
68 75 101
68 76 104
68 77 102
68 78 103
68 79 97
69 70 101
69 71 98
69 72 108
69 73 99
69 74 100
69 75 108
69 76 95
69 77 104
69 78 101
69 79 102
70 71 105
70 72 95
70 73 95
70 74 90
70 75 101
70 76 101
70 77 93
70 78 85
70 79 94
71 72 107
71 73 91
71 74 97
71 75 99
71 76 96
71 77 104
71 78 105
71 79 109
72 73 103
72 74 97
72 75 100
72 76 112
72 77 90
72 78 102
72 79 89
73 74 96
73 75 106
73 76 108
73 77 101
73 78 100
73 79 100
74 75 103
74 76 100
74 77 98
74 78 100
74 79 100
75 76 104
75 77 100
75 78 102
75 79 99
76 77 93
76 78 101
76 79 106
77 78 104
77 79 101
78 79 96
1
0 1 2 3 4 5
