160
0 10 193
0 22 205
0 44 204
0 52 200
1 4 297
1 34 195
1 35 192
1 40 199
1 50 188
1 51 197
1 53 209
2 17 196
2 39 199
3 33 204
3 42 198
3 72 197
4 29 209
4 45 203
5 8 193
5 45 199
5 77 200
6 23 98
6 42 104
6 67 98
7 22 100
7 24 89
7 36 97
7 64 101
8 35 105
8 40 100
8 65 98
8 67 103
8 68 105
9 13 107
9 18 100
9 44 105
9 57 93
9 62 104
10 12 93
10 33 104
10 41 105
10 65 108
10 70 95
10 74 103
11 21 106
11 51 106
11 59 104
12 35 101
12 36 93
13 14 101
13 22 108
13 32 95
13 69 96
14 40 111
14 43 98
14 73 108
14 77 99
15 21 99
15 38 96
15 54 106
16 26 100
16 36 92
16 42 107
16 58 98
17 38 97
17 47 93
17 50 108
17 59 98
18 43 96
18 57 105
18 73 93
19 22 106
19 74 92
19 75 98
20 29 100
20 33 95
20 71 97
21 55 97
21 77 99
22 25 98
23 48 99
23 71 100
24 37 100
24 39 90
24 74 100
25 30 100
25 39 97
25 56 107
26 28 100
26 51 92
26 61 98
26 68 98
26 69 97
26 74 100
26 78 108
27 41 96
27 70 101
27 71 101
29 47 94
29 55 97
29 65 96
31 41 96
31 60 99
32 69 95
32 78 105
33 70 93
34 57 97
34 69 103
34 71 110
35 53 100
36 45 93
36 48 89
36 71 92
37 42 100
37 51 103
37 58 106
38 50 96
38 61 96
39 64 99
40 51 97
40 58 101
40 66 101
42 51 86
42 77 97
43 54 96
43 65 95
44 48 93
44 57 99
44 61 101
44 73 118
44 78 100
46 61 108
47 59 99
48 63 93
49 66 96
51 56 99
51 74 102
51 79 94
52 66 98
52 67 100
54 66 95
55 62 103
57 59 99
58 65 97
58 67 105
59 60 103
61 68 98
61 79 108
62 69 92
63 71 98
64 66 98
65 66 94
65 71 98
65 78 92
66 77 100
67 71 96
69 76 97
71 77 98
75 77 107
76 79 94
1
0 1 2 3 4 5
