120
0 19 202
0 45 196
0 55 196
0 57 205
1 23 201
1 45 201
1 64 198
1 78 203
2 32 194
2 54 200
2 60 204
3 43 193
3 54 201
3 64 207
4 54 196
5 19 198
6 48 98
7 42 93
7 57 106
7 74 95
8 12 97
8 40 96
8 51 106
8 78 105
9 43 105
10 33 102
11 19 96
13 16 97
13 45 95
14 56 99
14 74 94
15 43 94
16 39 94
16 43 110
17 33 97
17 65 99
18 73 102
19 24 100
19 35 102
19 47 109
19 58 107
19 73 95
19 78 99
20 27 100
20 38 97
20 57 102
20 58 104
20 59 107
21 26 99
21 29 102
21 70 106
22 51 98
22 55 106
22 59 101
23 62 106
24 51 104
24 52 96
24 68 101
25 44 108
25 74 111
26 55 105
27 31 95
27 35 104
27 46 100
27 62 100
28 30 95
28 32 98
28 33 107
28 40 101
28 54 99
28 58 102
28 69 113
29 45 98
29 66 98
30 35 93
31 32 97
31 76 105
32 33 105
33 78 103
34 37 100
35 73 113
36 37 91
36 38 105
36 75 100
36 76 97
37 74 101
39 62 97
39 79 102
40 45 97
40 71 106
41 79 88
42 49 105
42 70 94
43 54 94
43 61 102
44 53 102
44 58 103
44 61 103
44 69 96
44 74 104
44 76 100
45 67 90
46 75 99
47 62 102
48 56 104
50 56 102
50 73 105
53 78 97
54 72 103
56 69 99
57 63 88
57 72 95
59 68 95
59 69 107
59 75 109
60 61 109
63 78 91
65 71 109
69 70 100
76 77 101
1
0 1 2 3 4 5
