632
0 4 297
0 5 305
0 6 203
0 7 195
0 10 196
0 11 198
0 20 191
0 23 199
0 24 201
0 26 202
0 27 193
0 28 196
0 29 203
0 38 190
0 40 208
0 41 195
0 45 200
0 48 199
0 53 192
0 64 195
0 66 190
0 69 207
0 73 198
0 75 199
0 78 202
1 9 196
1 18 200
1 19 197
1 40 209
1 41 201
1 46 200
1 50 202
1 52 203
1 54 191
1 59 207
1 64 195
1 75 203
1 77 201
2 3 302
2 6 199
2 8 201
2 13 204
2 24 191
2 29 198
2 31 204
2 33 199
2 39 211
2 48 200
2 52 199
2 54 196
2 55 193
2 56 200
2 59 209
2 60 198
2 61 199
2 64 195
2 68 201
2 71 200
3 7 206
3 9 201
3 11 193
3 15 197
3 18 195
3 20 198
3 26 205
3 27 205
3 34 206
3 39 192
3 42 201
3 43 201
3 45 213
3 48 200
3 51 206
3 61 197
3 65 199
3 67 204
3 72 205
3 74 200
4 8 199
4 16 199
4 20 199
4 31 198
4 34 197
4 36 192
4 38 202
4 39 207
4 41 191
4 42 201
4 45 206
4 57 203
4 66 196
4 74 199
4 77 197
4 79 199
5 8 191
5 9 209
5 15 186
5 26 186
5 31 202
5 35 202
5 38 202
5 40 204
5 41 207
5 43 199
5 54 206
5 61 207
5 67 209
5 69 191
5 70 204
5 72 196
5 79 194
6 14 94
6 18 100
6 21 95
6 27 99
6 28 96
6 30 96
6 31 100
6 36 104
6 38 101
6 39 104
6 42 100
6 44 97
6 45 102
6 47 102
6 49 100
6 51 99
6 52 103
6 55 102
6 60 90
6 62 98
6 64 102
6 67 94
6 72 100
6 73 98
6 74 92
7 8 106
7 12 108
7 13 100
7 23 93
7 29 91
7 34 102
7 38 105
7 44 103
7 46 89
7 51 95
7 52 93
7 61 100
8 10 100
8 26 104
8 29 94
8 30 105
8 31 99
8 40 98
8 44 106
8 45 98
8 48 98
8 57 98
8 69 103
8 79 100
9 14 100
9 23 98
9 24 99
9 25 109
9 29 93
9 31 89
9 54 92
9 57 93
9 59 99
9 60 98
9 66 92
9 75 101
9 77 108
10 16 104
10 19 98
10 27 95
10 28 98
10 32 92
10 42 103
10 44 103
10 52 104
10 55 102
10 66 106
11 16 100
11 20 101
11 22 95
11 25 98
11 44 97
11 46 101
11 53 105
11 70 101
12 21 91
12 25 98
12 28 104
12 30 105
12 31 112
12 33 96
12 34 106
12 37 107
12 38 101
12 47 100
12 49 105
12 51 100
12 56 99
12 58 99
12 61 116
12 66 87
12 71 103
12 74 99
12 77 95
13 20 85
13 31 104
13 34 93
13 35 100
13 36 102
13 37 102
13 39 87
13 41 102
13 51 104
13 64 103
13 68 107
13 71 103
13 72 105
13 79 96
14 21 104
14 22 100
14 26 103
14 30 96
14 31 100
14 33 102
14 35 97
14 36 100
14 41 98
14 46 102
14 48 102
14 72 96
14 74 92
14 75 103
14 78 103
15 21 100
15 22 99
15 27 100
15 28 109
15 30 95
15 36 101
15 41 94
15 44 97
15 51 102
15 53 89
15 56 96
15 58 101
15 63 101
15 67 98
15 68 92
15 75 101
15 76 102
15 77 89
16 19 99
16 21 102
16 27 94
16 29 109
16 33 103
16 34 100
16 37 90
16 40 102
16 45 100
16 47 95
16 53 100
16 55 102
16 57 102
16 60 96
16 65 110
17 19 100
17 20 109
17 25 102
17 31 96
17 32 98
17 33 103
17 35 99
17 38 105
17 39 102
17 49 98
17 50 91
17 51 96
17 54 98
17 56 103
17 61 105
17 64 110
17 73 102
17 76 98
17 77 99
18 19 106
18 23 102
18 33 103
18 41 100
18 49 94
18 50 91
18 55 102
18 63 98
18 64 90
18 67 92
18 68 88
18 73 98
18 76 102
18 78 93
19 20 110
19 23 102
19 28 96
19 31 100
19 36 102
19 38 102
19 43 98
19 47 101
19 49 102
19 50 97
19 51 97
19 55 94
19 59 102
19 61 102
19 76 102
19 77 98
19 78 96
20 23 97
20 24 99
20 28 107
20 36 105
20 37 101
20 38 102
20 43 96
20 59 100
20 64 108
20 66 96
20 75 96
21 28 99
21 34 105
21 38 96
21 46 99
21 69 102
21 74 101
22 33 93
22 36 100
22 37 102
22 44 101
22 50 99
22 55 100
22 57 97
22 59 95
22 60 100
22 61 99
22 64 105
22 66 98
22 68 100
22 69 100
22 79 103
23 34 99
23 41 106
23 47 99
23 52 101
23 56 96
23 57 116
23 58 101
23 60 108
23 63 102
23 66 101
23 71 95
24 28 95
24 38 96
24 39 100
24 43 99
24 47 100
24 51 104
24 56 93
24 68 94
24 76 107
25 26 94
25 30 104
25 32 107
25 52 100
25 55 99
25 58 99
25 63 91
25 67 109
25 68 97
25 74 106
25 77 97
25 78 96
25 79 103
26 27 90
26 40 95
26 41 101
26 68 104
26 78 104
27 28 97
27 29 99
27 36 104
27 41 100
27 54 97
27 61 101
27 62 112
27 65 106
27 68 107
27 70 103
27 76 91
27 78 102
28 37 96
28 43 100
28 46 106
28 54 97
28 69 101
28 73 102
29 36 102
29 37 91
29 38 105
29 42 99
29 59 95
29 65 103
29 70 93
29 73 90
29 75 108
30 36 100
30 42 103
30 47 94
30 50 94
30 52 95
30 64 99
30 78 105
30 79 100
31 40 89
31 53 94
31 55 94
31 57 103
31 75 97
32 37 102
32 39 98
32 42 103
32 47 96
32 64 102
32 69 105
32 70 102
32 71 102
32 72 97
32 74 109
32 76 95
33 38 101
33 48 95
33 56 101
33 65 100
33 78 93
34 40 91
34 47 100
34 49 99
34 51 99
34 53 101
34 55 97
34 66 99
34 69 88
34 77 97
34 78 93
35 38 102
35 44 99
35 49 101
35 56 104
35 58 106
35 63 104
35 68 104
35 71 100
36 37 95
36 42 110
36 43 99
36 56 109
36 57 100
36 62 97
36 65 97
36 67 112
36 68 93
36 74 106
37 44 98
37 56 105
37 64 98
38 41 101
38 42 101
38 43 96
38 53 99
38 56 100
38 57 90
38 62 107
38 73 103
39 44 96
39 46 96
39 52 96
39 55 100
39 57 95
39 58 98
39 62 105
39 67 97
39 78 100
40 54 92
40 55 100
40 62 94
40 71 99
40 75 107
40 77 96
41 55 99
41 57 99
41 61 97
41 67 88
41 69 96
41 71 101
41 74 97
41 79 113
42 44 93
42 47 103
42 59 95
42 64 100
42 66 103
42 70 102
42 75 91
42 76 100
43 54 102
43 62 101
43 72 109
43 74 99
43 79 102
44 52 92
44 57 101
44 63 107
44 65 103
44 74 99
44 77 98
45 50 105
45 53 104
45 64 103
45 73 94
45 76 96
46 48 99
46 54 102
46 66 91
46 67 105
46 74 95
46 77 99
47 50 95
47 51 110
47 57 101
47 62 103
47 64 100
48 52 100
48 57 99
48 70 96
48 79 100
49 50 94
49 63 95
49 64 102
49 74 104
49 79 100
50 51 95
50 55 101
50 58 95
50 61 106
50 72 94
50 74 98
51 56 96
51 58 91
51 62 94
51 63 95
51 73 91
51 77 104
51 78 96
52 54 107
52 56 104
52 65 109
52 67 95
52 79 106
53 57 101
53 61 106
53 62 101
53 63 98
53 68 98
53 69 98
53 78 109
54 56 96
54 58 88
54 65 100
54 69 96
54 70 89
54 72 95
54 77 92
55 57 102
55 59 103
55 61 103
55 64 103
55 66 108
55 67 99
55 76 94
56 59 100
56 70 99
56 73 100
57 63 100
58 62 107
58 64 108
58 78 108
59 60 101
59 64 108
59 65 98
59 73 107
59 78 108
60 77 97
60 79 104
61 70 100
62 66 96
62 67 106
64 69 101
64 77 99
65 71 98
65 72 104
66 74 91
66 75 99
66 76 90
67 77 89
68 74 101
68 77 104
69 71 101
69 78 99
69 79 98
71 75 88
71 79 98
72 75 107
72 77 106
72 78 99
74 76 93
74 78 102
75 76 93
75 79 100
1
0 1 2 3 4 5
