3160
0 1 301
0 2 292
0 3 304
0 4 298
0 5 295
0 6 303
0 7 297
0 8 299
0 9 299
0 10 299
0 11 299
0 12 295
0 13 299
0 14 307
0 15 305
0 16 201
0 17 200
0 18 199
0 19 196
0 20 199
0 21 201
0 22 198
0 23 195
0 24 202
0 25 203
0 26 198
0 27 208
0 28 200
0 29 193
0 30 197
0 31 199
0 32 200
0 33 198
0 34 190
0 35 197
0 36 204
0 37 204
0 38 199
0 39 201
0 40 208
0 41 198
0 42 202
0 43 200
0 44 193
0 45 189
0 46 205
0 47 200
0 48 201
0 49 202
0 50 203
0 51 198
0 52 202
0 53 208
0 54 202
0 55 201
0 56 201
0 57 193
0 58 201
0 59 198
0 60 198
0 61 203
0 62 206
0 63 202
0 64 210
0 65 196
0 66 196
0 67 200
0 68 197
0 69 199
0 70 206
0 71 197
0 72 201
0 73 200
0 74 203
0 75 199
0 76 197
0 77 210
0 78 204
0 79 205
1 2 304
1 3 303
1 4 302
1 5 295
1 6 302
1 7 296
1 8 291
1 9 299
1 10 294
1 11 307
1 12 304
1 13 299
1 14 298
1 15 303
1 16 206
1 17 197
1 18 196
1 19 206
1 20 196
1 21 198
1 22 199
1 23 204
1 24 208
1 25 197
1 26 193
1 27 205
1 28 209
1 29 201
1 30 201
1 31 205
1 32 203
1 33 192
1 34 200
1 35 192
1 36 205
1 37 199
1 38 209
1 39 197
1 40 207
1 41 202
1 42 200
1 43 204
1 44 195
1 45 198
1 46 197
1 47 207
1 48 193
1 49 206
1 50 196
1 51 200
1 52 188
1 53 204
1 54 196
1 55 199
1 56 201
1 57 209
1 58 205
1 59 203
1 60 196
1 61 199
1 62 195
1 63 196
1 64 205
1 65 193
1 66 197
1 67 203
1 68 202
1 69 195
1 70 203
1 71 204
1 72 204
1 73 205
1 74 206
1 75 200
1 76 209
1 77 194
1 78 192
1 79 197
2 3 287
2 4 303
2 5 300
2 6 302
2 7 294
2 8 299
2 9 298
2 10 307
2 11 300
2 12 301
2 13 300
2 14 305
2 15 297
2 16 198
2 17 196
2 18 199
2 19 187
2 20 193
2 21 204
2 22 201
2 23 204
2 24 198
2 25 201
2 26 190
2 27 199
2 28 203
2 29 185
2 30 200
2 31 196
2 32 205
2 33 198
2 34 199
2 35 203
2 36 204
2 37 202
2 38 197
2 39 188
2 40 200
2 41 199
2 42 203
2 43 204
2 44 194
2 45 195
2 46 200
2 47 202
2 48 198
2 49 200
2 50 199
2 51 195
2 52 195
2 53 201
2 54 201
2 55 202
2 56 192
2 57 202
2 58 198
2 59 197
2 60 199
2 61 198
2 62 202
2 63 201
2 64 206
2 65 200
2 66 206
2 67 194
2 68 203
2 69 200
2 70 194
2 71 192
2 72 199
2 73 206
2 74 200
2 75 203
2 76 200
2 77 201
2 78 205
2 79 195
3 4 298
3 5 299
3 6 297
3 7 307
3 8 292
3 9 303
3 10 300
3 11 291
3 12 293
3 13 311
3 14 301
3 15 297
3 16 196
3 17 206
3 18 196
3 19 199
3 20 204
3 21 190
3 22 201
3 23 203
3 24 202
3 25 201
3 26 206
3 27 202
3 28 203
3 29 196
3 30 198
3 31 192
3 32 197
3 33 202
3 34 197
3 35 204
3 36 197
3 37 203
3 38 198
3 39 198
3 40 193
3 41 206
3 42 204
3 43 203
3 44 196
3 45 202
3 46 204
3 47 198
3 48 203
3 49 208
3 50 208
3 51 196
3 52 198
3 53 197
3 54 198
3 55 187
3 56 210
3 57 202
3 58 203
3 59 193
3 60 209
3 61 201
3 62 204
3 63 193
3 64 207
3 65 202
3 66 201
3 67 200
3 68 202
3 69 199
3 70 196
3 71 198
3 72 204
3 73 192
3 74 203
3 75 205
3 76 202
3 77 191
3 78 195
3 79 197
4 5 295
4 6 294
4 7 303
4 8 288
4 9 312
4 10 298
4 11 298
4 12 295
4 13 306
4 14 305
4 15 304
4 16 193
4 17 207
4 18 199
4 19 199
4 20 189
4 21 200
4 22 192
4 23 199
4 24 192
4 25 200
4 26 197
4 27 197
4 28 196
4 29 200
4 30 200
4 31 202
4 32 197
4 33 197
4 34 213
4 35 200
4 36 200
4 37 202
4 38 191
4 39 200
4 40 194
4 41 198
4 42 201
4 43 203
4 44 202
4 45 204
4 46 198
4 47 196
4 48 204
4 49 201
4 50 206
4 51 196
4 52 192
4 53 202
4 54 190
4 55 202
4 56 189
4 57 201
4 58 197
4 59 201
4 60 205
4 61 203
4 62 201
4 63 205
4 64 200
4 65 191
4 66 192
4 67 199
4 68 206
4 69 199
4 70 201
4 71 200
4 72 204
4 73 201
4 74 200
4 75 201
4 76 198
4 77 204
4 78 197
4 79 207
5 6 296
5 7 293
5 8 296
5 9 299
5 10 303
5 11 303
5 12 301
5 13 309
5 14 302
5 15 310
5 16 197
5 17 196
5 18 201
5 19 200
5 20 197
5 21 191
5 22 197
5 23 199
5 24 203
5 25 196
5 26 204
5 27 195
5 28 202
5 29 206
5 30 197
5 31 200
5 32 200
5 33 202
5 34 203
5 35 201
5 36 200
5 37 194
5 38 196
5 39 201
5 40 202
5 41 195
5 42 195
5 43 205
5 44 201
5 45 200
5 46 199
5 47 211
5 48 204
5 49 203
5 50 196
5 51 205
5 52 195
5 53 201
5 54 203
5 55 200
5 56 191
5 57 193
5 58 203
5 59 200
5 60 191
5 61 204
5 62 198
5 63 198
5 64 203
5 65 199
5 66 200
5 67 200
5 68 201
5 69 194
5 70 194
5 71 193
5 72 200
5 73 209
5 74 194
5 75 200
5 76 195
5 77 193
5 78 196
5 79 196
6 7 297
6 8 298
6 9 307
6 10 298
6 11 303
6 12 298
6 13 304
6 14 307
6 15 297
6 16 191
6 17 198
6 18 207
6 19 202
6 20 203
6 21 204
6 22 202
6 23 204
6 24 199
6 25 206
6 26 198
6 27 205
6 28 198
6 29 195
6 30 204
6 31 206
6 32 199
6 33 199
6 34 205
6 35 199
6 36 202
6 37 203
6 38 194
6 39 202
6 40 202
6 41 201
6 42 194
6 43 196
6 44 201
6 45 203
6 46 205
6 47 208
6 48 198
6 49 201
6 50 201
6 51 203
6 52 190
6 53 206
6 54 202
6 55 203
6 56 194
6 57 208
6 58 203
6 59 194
6 60 195
6 61 209
6 62 194
6 63 200
6 64 197
6 65 201
6 66 196
6 67 201
6 68 202
6 69 204
6 70 200
6 71 202
6 72 189
6 73 207
6 74 198
6 75 203
6 76 196
6 77 204
6 78 204
6 79 188
7 8 296
7 9 308
7 10 302
7 11 301
7 12 303
7 13 298
7 14 293
7 15 298
7 16 206
7 17 196
7 18 196
7 19 195
7 20 190
7 21 197
7 22 204
7 23 195
7 24 198
7 25 201
7 26 196
7 27 196
7 28 189
7 29 205
7 30 199
7 31 199
7 32 200
7 33 202
7 34 197
7 35 196
7 36 192
7 37 197
7 38 191
7 39 193
7 40 189
7 41 205
7 42 206
7 43 200
7 44 193
7 45 196
7 46 198
7 47 202
7 48 204
7 49 197
7 50 198
7 51 198
7 52 199
7 53 194
7 54 205
7 55 202
7 56 197
7 57 202
7 58 198
7 59 198
7 60 194
7 61 201
7 62 198
7 63 206
7 64 203
7 65 203
7 66 195
7 67 191
7 68 199
7 69 198
7 70 203
7 71 201
7 72 197
7 73 195
7 74 200
7 75 202
7 76 197
7 77 197
7 78 200
7 79 200
8 9 292
8 10 291
8 11 300
8 12 305
8 13 305
8 14 300
8 15 304
8 16 203
8 17 203
8 18 207
8 19 205
8 20 202
8 21 202
8 22 195
8 23 206
8 24 211
8 25 196
8 26 212
8 27 205
8 28 206
8 29 197
8 30 192
8 31 203
8 32 200
8 33 199
8 34 196
8 35 204
8 36 194
8 37 203
8 38 201
8 39 205
8 40 196
8 41 202
8 42 197
8 43 206
8 44 205
8 45 197
8 46 189
8 47 203
8 48 205
8 49 195
8 50 193
8 51 197
8 52 201
8 53 202
8 54 198
8 55 200
8 56 200
8 57 200
8 58 195
8 59 198
8 60 196
8 61 203
8 62 206
8 63 186
8 64 196
8 65 197
8 66 196
8 67 198
8 68 200
8 69 200
8 70 197
8 71 194
8 72 190
8 73 195
8 74 193
8 75 197
8 76 200
8 77 202
8 78 197
8 79 196
9 10 289
9 11 295
9 12 298
9 13 296
9 14 299
9 15 309
9 16 201
9 17 204
9 18 201
9 19 193
9 20 201
9 21 201
9 22 194
9 23 205
9 24 204
9 25 202
9 26 199
9 27 202
9 28 203
9 29 196
9 30 197
9 31 196
9 32 201
9 33 200
9 34 206
9 35 195
9 36 185
9 37 192
9 38 206
9 39 195
9 40 206
9 41 196
9 42 202
9 43 197
9 44 202
9 45 193
9 46 200
9 47 203
9 48 208
9 49 204
9 50 202
9 51 200
9 52 199
9 53 192
9 54 197
9 55 196
9 56 201
9 57 201
9 58 195
9 59 199
9 60 193
9 61 209
9 62 200
9 63 202
9 64 195
9 65 204
9 66 204
9 67 191
9 68 198
9 69 197
9 70 201
9 71 193
9 72 204
9 73 191
9 74 204
9 75 199
9 76 201
9 77 195
9 78 205
9 79 199
10 11 303
10 12 307
10 13 300
10 14 305
10 15 300
10 16 200
10 17 202
10 18 197
10 19 190
10 20 190
10 21 195
10 22 201
10 23 201
10 24 205
10 25 204
10 26 199
10 27 193
10 28 195
10 29 200
10 30 197
10 31 196
10 32 200
10 33 198
10 34 199
10 35 202
10 36 197
10 37 194
10 38 206
10 39 201
10 40 200
10 41 197
10 42 200
10 43 200
10 44 201
10 45 203
10 46 209
10 47 199
10 48 195
10 49 199
10 50 205
10 51 195
10 52 197
10 53 192
10 54 199
10 55 210
10 56 206
10 57 206
10 58 206
10 59 201
10 60 199
10 61 208
10 62 201
10 63 195
10 64 197
10 65 205
10 66 201
10 67 197
10 68 193
10 69 193
10 70 200
10 71 206
10 72 197
10 73 192
10 74 207
10 75 202
10 76 196
10 77 205
10 78 193
10 79 202
11 12 302
11 13 300
11 14 299
11 15 296
11 16 209
11 17 191
11 18 209
11 19 198
11 20 194
11 21 200
11 22 199
11 23 199
11 24 194
11 25 199
11 26 205
11 27 199
11 28 207
11 29 195
11 30 197
11 31 198
11 32 196
11 33 195
11 34 209
11 35 198
11 36 202
11 37 198
11 38 192
11 39 209
11 40 194
11 41 201
11 42 201
11 43 198
11 44 190
11 45 192
11 46 194
11 47 209
11 48 194
11 49 207
11 50 201
11 51 208
11 52 206
11 53 200
11 54 197
11 55 196
11 56 198
11 57 211
11 58 210
11 59 214
11 60 204
11 61 196
11 62 195
11 63 188
11 64 193
11 65 195
11 66 204
11 67 206
11 68 198
11 69 194
11 70 191
11 71 199
11 72 198
11 73 201
11 74 201
11 75 193
11 76 204
11 77 195
11 78 209
11 79 206
12 13 296
12 14 300
12 15 303
12 16 202
12 17 195
12 18 190
12 19 198
12 20 201
12 21 200
12 22 201
12 23 193
12 24 194
12 25 201
12 26 195
12 27 195
12 28 211
12 29 198
12 30 211
12 31 197
12 32 201
12 33 195
12 34 200
12 35 196
12 36 198
12 37 204
12 38 205
12 39 189
12 40 201
12 41 213
12 42 204
12 43 200
12 44 198
12 45 193
12 46 197
12 47 203
12 48 198
12 49 197
12 50 186
12 51 201
12 52 202
12 53 196
12 54 202
12 55 203
12 56 196
12 57 198
12 58 205
12 59 195
12 60 203
12 61 192
12 62 198
12 63 198
12 64 204
12 65 200
12 66 205
12 67 195
12 68 202
12 69 206
12 70 197
12 71 198
12 72 193
12 73 199
12 74 198
12 75 208
12 76 196
12 77 197
12 78 204
12 79 204
13 14 292
13 15 294
13 16 200
13 17 202
13 18 205
13 19 203
13 20 206
13 21 198
13 22 202
13 23 202
13 24 196
13 25 204
13 26 204
13 27 198
13 28 205
13 29 201
13 30 195
13 31 200
13 32 208
13 33 202
13 34 202
13 35 196
13 36 198
13 37 188
13 38 203
13 39 204
13 40 196
13 41 199
13 42 190
13 43 198
13 44 203
13 45 205
13 46 198
13 47 197
13 48 201
13 49 200
13 50 199
13 51 194
13 52 196
13 53 204
13 54 204
13 55 196
13 56 206
13 57 202
13 58 193
13 59 204
13 60 201
13 61 203
13 62 203
13 63 197
13 64 202
13 65 201
13 66 206
13 67 195
13 68 189
13 69 199
13 70 202
13 71 196
13 72 198
13 73 205
13 74 200
13 75 199
13 76 202
13 77 206
13 78 197
13 79 195
14 15 304
14 16 204
14 17 196
14 18 199
14 19 202
14 20 206
14 21 195
14 22 201
14 23 211
14 24 198
14 25 198
14 26 197
14 27 199
14 28 197
14 29 211
14 30 188
14 31 196
14 32 201
14 33 197
14 34 200
14 35 207
14 36 195
14 37 201
14 38 201
14 39 202
14 40 200
14 41 202
14 42 204
14 43 192
14 44 200
14 45 197
14 46 204
14 47 200
14 48 190
14 49 193
14 50 200
14 51 194
14 52 199
14 53 203
14 54 206
14 55 192
14 56 191
14 57 211
14 58 195
14 59 202
14 60 194
14 61 196
14 62 198
14 63 206
14 64 200
14 65 204
14 66 203
14 67 200
14 68 196
14 69 202
14 70 194
14 71 205
14 72 191
14 73 196
14 74 196
14 75 204
14 76 192
14 77 196
14 78 196
14 79 203
15 16 201
15 17 200
15 18 199
15 19 194
15 20 200
15 21 187
15 22 209
15 23 208
15 24 207
15 25 199
15 26 197
15 27 205
15 28 209
15 29 202
15 30 197
15 31 199
15 32 194
15 33 203
15 34 202
15 35 201
15 36 202
15 37 200
15 38 195
15 39 199
15 40 202
15 41 201
15 42 201
15 43 194
15 44 206
15 45 192
15 46 202
15 47 195
15 48 195
15 49 201
15 50 192
15 51 198
15 52 202
15 53 200
15 54 204
15 55 211
15 56 199
15 57 199
15 58 192
15 59 203
15 60 200
15 61 197
15 62 203
15 63 200
15 64 192
15 65 196
15 66 199
15 67 199
15 68 198
15 69 201
15 70 201
15 71 206
15 72 203
15 73 193
15 74 195
15 75 203
15 76 203
15 77 194
15 78 204
15 79 200
16 17 100
16 18 102
16 19 102
16 20 105
16 21 104
16 22 96
16 23 100
16 24 107
16 25 100
16 26 97
16 27 94
16 28 93
16 29 100
16 30 99
16 31 102
16 32 110
16 33 104
16 34 101
16 35 101
16 36 105
16 37 101
16 38 107
16 39 95
16 40 101
16 41 97
16 42 98
16 43 107
16 44 107
16 45 92
16 46 106
16 47 90
16 48 96
16 49 103
16 50 102
16 51 98
16 52 93
16 53 98
16 54 89
16 55 95
16 56 108
16 57 97
16 58 100
16 59 91
16 60 95
16 61 102
16 62 99
16 63 101
16 64 100
16 65 105
16 66 99
16 67 95
16 68 96
16 69 95
16 70 105
16 71 106
16 72 99
16 73 106
16 74 101
16 75 100
16 76 102
16 77 89
16 78 114
16 79 97
17 18 102
17 19 112
17 20 97
17 21 100
17 22 100
17 23 109
17 24 99
17 25 94
17 26 92
17 27 104
17 28 92
17 29 100
17 30 103
17 31 94
17 32 100
17 33 96
17 34 92
17 35 105
17 36 103
17 37 99
17 38 101
17 39 99
17 40 100
17 41 98
17 42 92
17 43 101
17 44 98
17 45 105
17 46 105
17 47 100
17 48 101
17 49 101
17 50 82
17 51 96
17 52 95
17 53 92
17 54 98
17 55 88
17 56 90
17 57 90
17 58 99
17 59 96
17 60 103
17 61 99
17 62 97
17 63 103
17 64 92
17 65 102
17 66 103
17 67 102
17 68 95
17 69 89
17 70 83
17 71 101
17 72 102
17 73 112
17 74 103
17 75 103
17 76 98
17 77 98
17 78 96
17 79 94
18 19 100
18 20 93
18 21 100
18 22 100
18 23 104
18 24 102
18 25 94
18 26 103
18 27 94
18 28 96
18 29 100
18 30 103
18 31 98
18 32 92
18 33 92
18 34 96
18 35 101
18 36 93
18 37 102
18 38 99
18 39 93
18 40 104
18 41 97
18 42 96
18 43 104
18 44 96
18 45 106
18 46 98
18 47 100
18 48 97
18 49 109
18 50 92
18 51 108
18 52 97
18 53 90
18 54 97
18 55 102
18 56 98
18 57 103
18 58 104
18 59 95
18 60 105
18 61 101
18 62 103
18 63 100
18 64 94
18 65 102
18 66 101
18 67 95
18 68 102
18 69 99
18 70 95
18 71 104
18 72 101
18 73 103
18 74 101
18 75 101
18 76 100
18 77 96
18 78 98
18 79 91
19 20 97
19 21 103
19 22 96
19 23 98
19 24 94
19 25 95
19 26 101
19 27 98
19 28 98
19 29 95
19 30 103
19 31 98
19 32 102
19 33 99
19 34 109
19 35 98
19 36 101
19 37 101
19 38 94
19 39 116
19 40 93
19 41 91
19 42 95
19 43 94
19 44 102
19 45 95
19 46 99
19 47 94
19 48 96
19 49 99
19 50 99
19 51 99
19 52 95
19 53 95
19 54 95
19 55 96
19 56 98
19 57 102
19 58 99
19 59 93
19 60 102
19 61 91
19 62 99
19 63 97
19 64 97
19 65 110
19 66 105
19 67 96
19 68 100
19 69 100
19 70 93
19 71 100
19 72 102
19 73 102
19 74 99
19 75 104
19 76 101
19 77 103
19 78 107
19 79 97
20 21 104
20 22 105
20 23 96
20 24 100
20 25 95
20 26 105
20 27 96
20 28 94
20 29 96
20 30 98
20 31 103
20 32 97
20 33 99
20 34 100
20 35 97
20 36 104
20 37 101
20 38 97
20 39 107
20 40 106
20 41 92
20 42 106
20 43 105
20 44 101
20 45 104
20 46 94
20 47 105
20 48 97
20 49 92
20 50 96
20 51 99
20 52 98
20 53 106
20 54 94
20 55 96
20 56 100
20 57 103
20 58 103
20 59 99
20 60 94
20 61 97
20 62 95
20 63 90
20 64 100
20 65 98
20 66 99
20 67 106
20 68 100
20 69 101
20 70 94
20 71 100
20 72 105
20 73 91
20 74 100
20 75 99
20 76 95
20 77 93
20 78 105
20 79 95
21 22 105
21 23 95
21 24 89
21 25 104
21 26 101
21 27 107
21 28 93
21 29 102
21 30 90
21 31 97
21 32 96
21 33 93
21 34 108
21 35 100
21 36 96
21 37 92
21 38 93
21 39 97
21 40 98
21 41 107
21 42 107
21 43 97
21 44 101
21 45 94
21 46 101
21 47 102
21 48 108
21 49 99
21 50 102
21 51 104
21 52 106
21 53 100
21 54 104
21 55 103
21 56 107
21 57 101
21 58 95
21 59 95
21 60 107
21 61 96
21 62 92
21 63 104
21 64 94
21 65 98
21 66 102
21 67 97
21 68 100
21 69 97
21 70 102
21 71 105
21 72 97
21 73 94
21 74 108
21 75 100
21 76 94
21 77 106
21 78 103
21 79 102
22 23 98
22 24 105
22 25 98
22 26 97
22 27 95
22 28 99
22 29 110
22 30 102
22 31 105
22 32 93
22 33 96
22 34 107
22 35 100
22 36 101
22 37 106
22 38 103
22 39 103
22 40 91
22 41 102
22 42 95
22 43 101
22 44 92
22 45 98
22 46 92
22 47 101
22 48 92
22 49 105
22 50 98
22 51 102
22 52 96
22 53 94
22 54 89
22 55 99
22 56 97
22 57 98
22 58 95
22 59 94
22 60 97
22 61 108
22 62 104
22 63 99
22 64 102
22 65 89
22 66 95
22 67 102
22 68 98
22 69 100
22 70 94
22 71 107
22 72 97
22 73 98
22 74 103
22 75 104
22 76 102
22 77 103
22 78 96
22 79 97
23 24 95
23 25 98
23 26 102
23 27 105
23 28 105
23 29 101
23 30 104
23 31 97
23 32 105
23 33 102
23 34 94
23 35 93
23 36 95
23 37 98
23 38 96
23 39 106
23 40 92
23 41 102
23 42 100
23 43 102
23 44 103
23 45 104
23 46 97
23 47 99
23 48 102
23 49 95
23 50 97
23 51 88
23 52 104
23 53 92
23 54 99
23 55 117
23 56 116
23 57 93
23 58 100
23 59 96
23 60 99
23 61 108
23 62 102
23 63 101
23 64 92
23 65 99
23 66 100
23 67 103
23 68 98
23 69 92
23 70 101
23 71 99
23 72 100
23 73 103
23 74 96
23 75 91
23 76 92
23 77 101
23 78 97
23 79 101
24 25 103
24 26 98
24 27 102
24 28 99
24 29 96
24 30 107
24 31 96
24 32 98
24 33 106
24 34 101
24 35 98
24 36 99
24 37 109
24 38 102
24 39 102
24 40 98
24 41 100
24 42 101
24 43 105
24 44 100
24 45 103
24 46 89
24 47 95
24 48 100
24 49 93
24 50 94
24 51 98
24 52 105
24 53 104
24 54 94
24 55 99
24 56 100
24 57 101
24 58 100
24 59 108
24 60 104
24 61 107
24 62 97
24 63 104
24 64 106
24 65 104
24 66 100
24 67 101
24 68 101
24 69 96
24 70 100
24 71 99
24 72 105
24 73 99
24 74 105
24 75 97
24 76 94
24 77 98
24 78 94
24 79 102
25 26 91
25 27 97
25 28 91
25 29 109
25 30 96
25 31 104
25 32 100
25 33 97
25 34 101
25 35 103
25 36 102
25 37 103
25 38 98
25 39 104
25 40 98
25 41 99
25 42 96
25 43 103
25 44 108
25 45 98
25 46 98
25 47 104
25 48 95
25 49 96
25 50 103
25 51 101
25 52 102
25 53 105
25 54 108
25 55 96
25 56 98
25 57 105
25 58 101
25 59 101
25 60 90
25 61 97
25 62 99
25 63 104
25 64 101
25 65 100
25 66 98
25 67 105
25 68 104
25 69 105
25 70 107
25 71 93
25 72 99
25 73 96
25 74 99
25 75 100
25 76 93
25 77 92
25 78 95
25 79 97
26 27 96
26 28 103
26 29 89
26 30 95
26 31 101
26 32 99
26 33 106
26 34 98
26 35 103
26 36 104
26 37 104
26 38 103
26 39 103
26 40 101
26 41 90
26 42 100
26 43 105
26 44 104
26 45 102
26 46 99
26 47 100
26 48 92
26 49 101
26 50 98
26 51 99
26 52 103
26 53 93
26 54 95
26 55 106
26 56 93
26 57 92
26 58 90
26 59 112
26 60 93
26 61 96
26 62 106
26 63 99
26 64 100
26 65 107
26 66 90
26 67 98
26 68 106
26 69 107
26 70 105
26 71 103
26 72 105
26 73 103
26 74 107
26 75 97
26 76 97
26 77 93
26 78 93
26 79 104
27 28 94
27 29 92
27 30 102
27 31 94
27 32 100
27 33 110
27 34 106
27 35 102
27 36 103
27 37 96
27 38 99
27 39 90
27 40 91
27 41 106
27 42 106
27 43 92
27 44 94
27 45 103
27 46 106
27 47 94
27 48 100
27 49 102
27 50 112
27 51 101
27 52 98
27 53 98
27 54 101
27 55 93
27 56 99
27 57 97
27 58 96
27 59 104
27 60 94
27 61 94
27 62 86
27 63 98
27 64 104
27 65 96
27 66 98
27 67 104
27 68 98
27 69 97
27 70 105
27 71 92
27 72 94
27 73 107
27 74 103
27 75 103
27 76 97
27 77 92
27 78 105
27 79 103
28 29 109
28 30 108
28 31 96
28 32 100
28 33 95
28 34 98
28 35 102
28 36 98
28 37 105
28 38 112
28 39 91
28 40 101
28 41 97
28 42 101
28 43 91
28 44 97
28 45 93
28 46 102
28 47 103
28 48 101
28 49 99
28 50 101
28 51 91
28 52 99
28 53 99
28 54 98
28 55 110
28 56 97
28 57 103
28 58 115
28 59 89
28 60 107
28 61 95
28 62 97
28 63 95
28 64 100
28 65 102
28 66 97
28 67 99
28 68 101
28 69 100
28 70 107
28 71 92
28 72 106
28 73 105
28 74 95
28 75 95
28 76 103
28 77 104
28 78 97
28 79 106
29 30 98
29 31 109
29 32 109
29 33 104
29 34 109
29 35 101
29 36 95
29 37 105
29 38 103
29 39 105
29 40 102
29 41 105
29 42 96
29 43 107
29 44 91
29 45 95
29 46 102
29 47 96
29 48 102
29 49 104
29 50 97
29 51 102
29 52 97
29 53 96
29 54 92
29 55 106
29 56 106
29 57 93
29 58 112
29 59 109
29 60 100
29 61 100
29 62 93
29 63 99
29 64 105
29 65 107
29 66 99
29 67 103
29 68 88
29 69 103
29 70 103
29 71 98
29 72 100
29 73 93
29 74 101
29 75 97
29 76 95
29 77 105
29 78 99
29 79 105
30 31 91
30 32 94
30 33 96
30 34 95
30 35 102
30 36 104
30 37 98
30 38 98
30 39 101
30 40 100
30 41 90
30 42 100
30 43 106
30 44 96
30 45 92
30 46 104
30 47 97
30 48 98
30 49 102
30 50 96
30 51 102
30 52 106
30 53 112
30 54 97
30 55 97
30 56 101
30 57 97
30 58 96
30 59 112
30 60 104
30 61 103
30 62 94
30 63 88
30 64 98
30 65 98
30 66 96
30 67 101
30 68 98
30 69 105
30 70 109
30 71 100
30 72 103
30 73 106
30 74 97
30 75 102
30 76 98
30 77 101
30 78 105
30 79 96
31 32 102
31 33 92
31 34 100
31 35 100
31 36 101
31 37 109
31 38 99
31 39 100
31 40 101
31 41 96
31 42 96
31 43 96
31 44 98
31 45 94
31 46 98
31 47 105
31 48 96
31 49 107
31 50 95
31 51 98
31 52 97
31 53 107
31 54 97
31 55 99
31 56 102
31 57 101
31 58 105
31 59 103
31 60 96
31 61 109
31 62 95
31 63 105
31 64 100
31 65 104
31 66 104
31 67 90
31 68 100
31 69 93
31 70 104
31 71 99
31 72 97
31 73 96
31 74 107
31 75 88
31 76 107
31 77 101
31 78 91
31 79 98
32 33 99
32 34 105
32 35 99
32 36 93
32 37 100
32 38 102
32 39 103
32 40 95
32 41 94
32 42 103
32 43 92
32 44 107
32 45 105
32 46 98
32 47 97
32 48 105
32 49 104
32 50 106
32 51 92
32 52 102
32 53 100
32 54 98
32 55 106
32 56 108
32 57 93
32 58 105
32 59 110
32 60 94
32 61 101
32 62 102
32 63 97
32 64 98
32 65 96
32 66 95
32 67 102
32 68 98
32 69 103
32 70 84
32 71 99
32 72 101
32 73 93
32 74 103
32 75 99
32 76 99
32 77 88
32 78 94
32 79 103
33 34 105
33 35 106
33 36 90
33 37 101
33 38 103
33 39 103
33 40 102
33 41 106
33 42 99
33 43 100
33 44 101
33 45 94
33 46 103
33 47 96
33 48 96
33 49 99
33 50 98
33 51 104
33 52 100
33 53 101
33 54 102
33 55 102
33 56 98
33 57 108
33 58 98
33 59 107
33 60 92
33 61 101
33 62 100
33 63 105
33 64 94
33 65 101
33 66 102
33 67 104
33 68 105
33 69 102
33 70 101
33 71 96
33 72 109
33 73 97
33 74 104
33 75 105
33 76 94
33 77 99
33 78 97
33 79 104
34 35 99
34 36 92
34 37 103
34 38 96
34 39 98
34 40 97
34 41 104
34 42 102
34 43 98
34 44 98
34 45 106
34 46 97
34 47 106
34 48 97
34 49 97
34 50 97
34 51 94
34 52 104
34 53 99
34 54 100
34 55 95
34 56 100
34 57 99
34 58 97
34 59 100
34 60 93
34 61 97
34 62 94
34 63 102
34 64 93
34 65 103
34 66 100
34 67 108
34 68 99
34 69 102
34 70 95
34 71 93
34 72 98
34 73 102
34 74 98
34 75 97
34 76 112
34 77 107
34 78 103
34 79 102
35 36 102
35 37 101
35 38 101
35 39 101
35 40 103
35 41 93
35 42 96
35 43 95
35 44 113
35 45 90
35 46 101
35 47 101
35 48 99
35 49 105
35 50 108
35 51 92
35 52 98
35 53 97
35 54 105
35 55 104
35 56 97
35 57 103
35 58 93
35 59 105
35 60 98
35 61 97
35 62 100
35 63 104
35 64 102
35 65 102
35 66 87
35 67 89
35 68 101
35 69 100
35 70 103
35 71 96
35 72 101
35 73 100
35 74 100
35 75 103
35 76 103
35 77 99
35 78 99
35 79 97
36 37 109
36 38 96
36 39 97
36 40 96
36 41 97
36 42 106
36 43 100
36 44 100
36 45 106
36 46 98
36 47 104
36 48 97
36 49 102
36 50 108
36 51 94
36 52 96
36 53 106
36 54 97
36 55 88
36 56 102
36 57 105
36 58 98
36 59 97
36 60 93
36 61 107
36 62 99
36 63 102
36 64 100
36 65 97
36 66 106
36 67 93
36 68 104
36 69 99
36 70 96
36 71 103
36 72 110
36 73 106
36 74 108
36 75 93
36 76 99
36 77 97
36 78 98
36 79 101
37 38 99
37 39 99
37 40 106
37 41 107
37 42 90
37 43 92
37 44 101
37 45 100
37 46 91
37 47 96
37 48 97
37 49 98
37 50 102
37 51 108
37 52 97
37 53 103
37 54 95
37 55 107
37 56 102
37 57 102
37 58 97
37 59 96
37 60 107
37 61 106
37 62 100
37 63 95
37 64 106
37 65 101
37 66 102
37 67 105
37 68 97
37 69 94
37 70 102
37 71 98
37 72 99
37 73 101
37 74 93
37 75 96
37 76 96
37 77 102
37 78 90
37 79 96
38 39 101
38 40 94
38 41 97
38 42 108
38 43 100
38 44 102
38 45 100
38 46 99
38 47 95
38 48 93
38 49 103
38 50 91
38 51 104
38 52 102
38 53 104
38 54 93
38 55 97
38 56 104
38 57 97
38 58 96
38 59 97
38 60 99
38 61 98
38 62 101
38 63 98
38 64 98
38 65 104
38 66 98
38 67 99
38 68 98
38 69 107
38 70 105
38 71 99
38 72 100
38 73 95
38 74 102
38 75 99
38 76 101
38 77 100
38 78 101
38 79 91
39 40 89
39 41 112
39 42 85
39 43 96
39 44 98
39 45 94
39 46 97
39 47 104
39 48 100
39 49 105
39 50 102
39 51 105
39 52 103
39 53 104
39 54 93
39 55 94
39 56 101
39 57 100
39 58 93
39 59 104
39 60 89
39 61 99
39 62 93
39 63 96
39 64 105
39 65 99
39 66 102
39 67 103
39 68 101
39 69 103
39 70 95
39 71 97
39 72 99
39 73 99
39 74 106
39 75 94
39 76 100
39 77 93
39 78 107
39 79 97
40 41 107
40 42 88
40 43 99
40 44 101
40 45 104
40 46 95
40 47 100
40 48 98
40 49 96
40 50 98
40 51 99
40 52 98
40 53 91
40 54 101
40 55 102
40 56 87
40 57 100
40 58 97
40 59 111
40 60 101
40 61 96
40 62 106
40 63 104
40 64 91
40 65 98
40 66 101
40 67 97
40 68 105
40 69 99
40 70 95
40 71 109
40 72 98
40 73 95
40 74 90
40 75 100
40 76 100
40 77 99
40 78 100
40 79 102
41 42 101
41 43 107
41 44 93
41 45 101
41 46 100
41 47 101
41 48 103
41 49 102
41 50 98
41 51 98
41 52 106
41 53 93
41 54 97
41 55 97
41 56 94
41 57 102
41 58 101
41 59 104
41 60 95
41 61 99
41 62 98
41 63 105
41 64 102
41 65 105
41 66 91
41 67 95
41 68 103
41 69 92
41 70 89
41 71 94
41 72 102
41 73 107
41 74 105
41 75 103
41 76 93
41 77 98
41 78 98
41 79 94
42 43 106
42 44 99
42 45 97
42 46 94
42 47 104
42 48 99
42 49 95
42 50 101
42 51 102
42 52 97
42 53 99
42 54 88
42 55 101
42 56 103
42 57 99
42 58 99
42 59 102
42 60 109
42 61 94
42 62 109
42 63 97
42 64 99
42 65 103
42 66 97
42 67 103
42 68 96
42 69 93
42 70 98
42 71 111
42 72 111
42 73 99
42 74 100
42 75 100
42 76 82
42 77 95
42 78 92
42 79 90
43 44 90
43 45 100
43 46 101
43 47 88
43 48 98
43 49 94
43 50 102
43 51 99
43 52 105
43 53 94
43 54 105
43 55 102
43 56 103
43 57 105
43 58 89
43 59 103
43 60 89
43 61 99
43 62 101
43 63 93
43 64 96
43 65 107
43 66 95
43 67 99
43 68 100
43 69 97
43 70 98
43 71 106
43 72 102
43 73 108
43 74 102
43 75 103
43 76 94
43 77 98
43 78 95
43 79 102
44 45 103
44 46 96
44 47 105
44 48 107
44 49 106
44 50 106
44 51 95
44 52 96
44 53 104
44 54 102
44 55 100
44 56 98
44 57 92
44 58 99
44 59 108
44 60 96
44 61 101
44 62 111
44 63 98
44 64 104
44 65 101
44 66 99
44 67 94
44 68 97
44 69 96
44 70 104
44 71 106
44 72 97
44 73 90
44 74 93
44 75 104
44 76 104
44 77 91
44 78 93
44 79 107
45 46 94
45 47 100
45 48 92
45 49 102
45 50 98
45 51 102
45 52 95
45 53 101
45 54 97
45 55 101
45 56 109
45 57 101
45 58 95
45 59 93
45 60 92
45 61 103
45 62 96
45 63 101
45 64 105
45 65 95
45 66 97
45 67 103
45 68 103
45 69 108
45 70 110
45 71 96
45 72 96
45 73 111
45 74 97
45 75 99
45 76 88
45 77 98
45 78 102
45 79 110
46 47 95
46 48 100
46 49 107
46 50 96
46 51 95
46 52 102
46 53 102
46 54 100
46 55 95
46 56 102
46 57 96
46 58 90
46 59 103
46 60 96
46 61 96
46 62 95
46 63 102
46 64 101
46 65 97
46 66 103
46 67 100
46 68 96
46 69 100
46 70 98
46 71 98
46 72 98
46 73 106
46 74 101
46 75 100
46 76 100
46 77 100
46 78 99
46 79 96
47 48 96
47 49 101
47 50 108
47 51 99
47 52 97
47 53 98
47 54 99
47 55 90
47 56 99
47 57 96
47 58 88
47 59 101
47 60 99
47 61 105
47 62 94
47 63 102
47 64 92
47 65 101
47 66 108
47 67 96
47 68 104
47 69 106
47 70 100
47 71 99
47 72 102
47 73 103
47 74 101
47 75 101
47 76 92
47 77 96
47 78 110
47 79 100
48 49 102
48 50 98
48 51 96
48 52 108
48 53 106
48 54 101
48 55 101
48 56 110
48 57 100
48 58 105
48 59 96
48 60 96
48 61 98
48 62 106
48 63 108
48 64 110
48 65 103
48 66 109
48 67 92
48 68 95
48 69 96
48 70 100
48 71 105
48 72 98
48 73 97
48 74 101
48 75 100
48 76 92
48 77 103
48 78 92
48 79 97
49 50 97
49 51 104
49 52 95
49 53 100
49 54 102
49 55 102
49 56 90
49 57 108
49 58 95
49 59 103
49 60 97
49 61 91
49 62 99
49 63 95
49 64 95
49 65 94
49 66 108
49 67 98
49 68 103
49 69 105
49 70 92
49 71 101
49 72 105
49 73 94
49 74 101
49 75 92
49 76 98
49 77 114
49 78 99
49 79 102
50 51 101
50 52 100
50 53 103
50 54 95
50 55 90
50 56 105
50 57 109
50 58 106
50 59 97
50 60 97
50 61 103
50 62 105
50 63 97
50 64 90
50 65 101
50 66 92
50 67 95
50 68 100
50 69 102
50 70 97
50 71 104
50 72 102
50 73 99
50 74 106
50 75 99
50 76 97
50 77 96
50 78 105
50 79 97
51 52 103
51 53 101
51 54 99
51 55 94
51 56 106
51 57 100
51 58 98
51 59 95
51 60 104
51 61 100
51 62 99
51 63 99
51 64 101
51 65 106
51 66 94
51 67 93
51 68 97
51 69 98
51 70 93
51 71 103
51 72 104
51 73 100
51 74 97
51 75 107
51 76 103
51 77 90
51 78 93
51 79 101
52 53 95
52 54 103
52 55 97
52 56 97
52 57 106
52 58 104
52 59 97
52 60 101
52 61 105
52 62 99
52 63 101
52 64 98
52 65 102
52 66 94
52 67 102
52 68 105
52 69 103
52 70 104
52 71 104
52 72 107
52 73 105
52 74 99
52 75 98
52 76 96
52 77 107
52 78 94
52 79 102
53 54 92
53 55 96
53 56 99
53 57 101
53 58 111
53 59 99
53 60 105
53 61 106
53 62 100
53 63 98
53 64 93
53 65 102
53 66 102
53 67 102
53 68 95
53 69 97
53 70 96
53 71 95
53 72 100
53 73 97
53 74 93
53 75 98
53 76 93
53 77 101
53 78 94
53 79 110
54 55 102
54 56 104
54 57 104
54 58 102
54 59 99
54 60 96
54 61 107
54 62 97
54 63 101
54 64 100
54 65 99
54 66 101
54 67 97
54 68 102
54 69 99
54 70 103
54 71 102
54 72 103
54 73 102
54 74 98
54 75 108
54 76 97
54 77 104
54 78 102
54 79 107
55 56 96
55 57 104
55 58 99
55 59 101
55 60 96
55 61 96
55 62 99
55 63 101
55 64 106
55 65 97
55 66 97
55 67 93
55 68 101
55 69 98
55 70 100
55 71 105
55 72 102
55 73 100
55 74 97
55 75 98
55 76 92
55 77 107
55 78 97
55 79 93
56 57 104
56 58 98
56 59 94
56 60 94
56 61 102
56 62 97
56 63 103
56 64 95
56 65 106
56 66 103
56 67 96
56 68 106
56 69 93
56 70 101
56 71 107
56 72 102
56 73 109
56 74 100
56 75 111
56 76 98
56 77 100
56 78 102
56 79 101
57 58 100
57 59 100
57 60 92
57 61 108
57 62 97
57 63 97
57 64 103
57 65 100
57 66 106
57 67 103
57 68 107
57 69 91
57 70 100
57 71 93
57 72 109
57 73 97
57 74 105
57 75 98
57 76 95
57 77 104
57 78 99
57 79 96
58 59 93
58 60 100
58 61 101
58 62 101
58 63 102
58 64 103
58 65 93
58 66 95
58 67 94
58 68 100
58 69 103
58 70 102
58 71 96
58 72 83
58 73 107
58 74 104
58 75 104
58 76 91
58 77 100
58 78 99
58 79 95
59 60 99
59 61 90
59 62 86
59 63 105
59 64 107
59 65 97
59 66 102
59 67 95
59 68 92
59 69 94
59 70 102
59 71 93
59 72 102
59 73 105
59 74 92
59 75 94
59 76 94
59 77 102
59 78 97
59 79 106
60 61 97
60 62 94
60 63 100
60 64 109
60 65 100
60 66 95
60 67 100
60 68 102
60 69 105
60 70 98
60 71 100
60 72 100
60 73 96
60 74 109
60 75 108
60 76 111
60 77 103
60 78 90
60 79 100
61 62 106
61 63 109
61 64 106
61 65 95
61 66 98
61 67 100
61 68 96
61 69 104
61 70 92
61 71 103
61 72 99
61 73 99
61 74 96
61 75 105
61 76 99
61 77 93
61 78 106
61 79 101
62 63 108
62 64 101
62 65 106
62 66 98
62 67 107
62 68 104
62 69 99
62 70 94
62 71 102
62 72 97
62 73 94
62 74 106
62 75 92
62 76 99
62 77 97
62 78 102
62 79 99
63 64 103
63 65 101
63 66 96
63 67 100
63 68 93
63 69 101
63 70 104
63 71 94
63 72 103
63 73 98
63 74 104
63 75 99
63 76 100
63 77 104
63 78 101
63 79 104
64 65 105
64 66 97
64 67 103
64 68 102
64 69 94
64 70 109
64 71 97
64 72 97
64 73 98
64 74 101
64 75 106
64 76 106
64 77 103
64 78 92
64 79 96
65 66 105
65 67 101
65 68 94
65 69 101
65 70 88
65 71 105
65 72 99
65 73 91
65 74 96
65 75 101
65 76 97
65 77 98
65 78 97
65 79 105
66 67 99
66 68 98
66 69 90
66 70 96
66 71 100
66 72 101
66 73 93
66 74 104
66 75 102
66 76 101
66 77 97
66 78 106
66 79 103
67 68 100
67 69 104
67 70 98
67 71 94
67 72 108
67 73 104
67 74 103
67 75 99
67 76 98
67 77 100
67 78 98
67 79 102
68 69 104
68 70 106
68 71 93
68 72 109
68 73 106
68 74 95
68 75 100
68 76 95
68 77 97
68 78 100
68 79 101
69 70 107
69 71 108
69 72 106
69 73 98
69 74 100
69 75 95
69 76 97
69 77 103
69 78 105
69 79 86
70 71 102
70 72 100
70 73 102
70 74 96
70 75 98
70 76 95
70 77 106
70 78 107
70 79 113
71 72 106
71 73 102
71 74 101
71 75 101
71 76 98
71 77 91
71 78 109
71 79 87
72 73 93
72 74 101
72 75 105
72 76 102
72 77 101
72 78 98
72 79 103
73 74 97
73 75 90
73 76 99
73 77 96
73 78 90
73 79 100
74 75 98
74 76 100
74 77 107
74 78 98
74 79 94
75 76 99
75 77 106
75 78 101
75 79 97
76 77 97
76 78 104
76 79 108
77 78 99
77 79 92
78 79 93
1
0 1 2 3 4 5 6 7 8 9 10 11 12 13 14 15
