632
0 9 199
0 14 203
0 18 198
0 20 203
0 22 204
0 23 196
0 28 196
0 30 198
0 31 197
0 33 191
0 35 194
0 36 205
0 39 199
0 42 207
0 47 193
0 48 200
0 51 197
0 54 209
0 59 203
0 62 197
0 65 191
0 66 199
0 71 197
0 72 202
0 78 200
0 79 213
1 5 301
1 9 204
1 14 189
1 23 203
1 27 198
1 29 198
1 30 194
1 31 197
1 41 196
1 46 192
1 51 202
1 52 196
1 57 198
1 60 198
1 64 195
1 67 203
1 68 194
1 70 198
1 79 195
2 8 199
2 12 201
2 14 193
2 18 205
2 25 207
2 39 199
2 40 196
2 56 203
3 6 305
3 10 207
3 23 203
3 27 207
3 29 204
3 31 194
3 36 203
3 50 203
3 59 197
3 65 202
3 69 200
3 71 190
3 72 201
3 77 205
4 6 296
4 9 201
4 15 198
4 21 199
4 25 202
4 31 199
4 33 202
4 36 194
4 45 205
4 51 197
4 56 190
4 60 206
4 64 200
4 67 205
4 68 196
5 10 205
5 18 189
5 26 203
5 36 199
5 38 195
5 43 199
5 44 200
5 56 195
5 63 202
5 68 208
5 76 196
5 77 200
6 7 292
6 16 190
6 17 204
6 22 207
6 25 199
6 30 195
6 31 201
6 33 202
6 44 211
6 45 203
6 51 197
6 68 194
6 69 222
6 73 199
6 74 199
6 75 206
6 76 195
6 77 203
6 79 205
7 9 202
7 18 200
7 19 202
7 21 194
7 28 197
7 34 198
7 35 193
7 37 196
7 38 207
7 41 198
7 46 201
7 50 196
7 51 188
7 61 199
7 62 199
7 68 199
7 71 189
7 77 197
7 78 200
8 11 97
8 12 102
8 21 103
8 24 100
8 25 105
8 27 97
8 29 109
8 31 99
8 36 93
8 37 97
8 42 100
8 43 95
8 48 104
8 50 98
8 55 90
8 62 101
8 66 102
8 74 96
8 76 99
9 13 99
9 18 111
9 26 105
9 46 91
9 48 103
9 49 104
9 50 101
9 52 95
9 54 95
9 64 101
9 67 94
9 68 101
10 15 106
10 30 98
10 34 102
10 55 101
10 56 104
10 62 96
10 65 97
10 68 92
10 75 112
10 76 99
10 78 100
11 17 98
11 19 104
11 31 92
11 37 100
11 45 103
11 46 97
11 47 91
11 54 103
11 62 106
11 63 93
11 73 108
12 13 97
12 16 95
12 17 98
12 22 101
12 24 105
12 29 97
12 32 95
12 41 103
12 51 101
12 53 104
12 55 93
12 56 97
12 64 102
12 71 105
12 73 112
13 17 90
13 28 100
13 29 110
13 32 94
13 41 100
13 43 93
13 44 102
13 62 96
13 63 101
13 66 99
13 68 97
13 73 98
13 76 106
13 77 87
13 78 110
14 19 104
14 24 99
14 28 100
14 35 101
14 41 101
14 42 103
14 46 96
14 61 87
14 69 103
14 71 99
15 26 100
15 28 96
15 36 104
15 44 100
15 45 103
15 47 100
15 59 96
15 61 95
15 62 101
15 63 110
16 18 99
16 26 97
16 30 101
16 49 87
16 54 96
16 55 104
16 67 101
16 71 103
16 74 94
16 77 100
16 79 105
17 21 98
17 26 95
17 32 95
17 34 95
17 58 98
17 64 97
17 66 104
17 70 101
18 20 104
18 23 107
18 25 108
18 34 90
18 39 113
18 44 103
18 48 100
18 54 107
18 58 100
18 60 105
18 61 100
18 66 100
18 69 95
18 73 103
18 78 112
19 34 104
19 37 96
19 45 95
19 48 104
19 54 100
19 62 105
19 70 104
19 72 93
19 73 107
20 25 98
20 37 94
20 39 96
20 47 101
20 53 96
20 54 106
20 58 102
20 60 102
20 62 104
20 71 104
20 74 102
20 78 104
21 34 98
21 41 100
21 43 108
21 55 100
21 61 90
21 71 96
21 76 108
22 27 99
22 29 104
22 32 100
22 34 105
22 37 99
22 41 101
22 45 95
22 46 89
22 52 106
22 54 93
22 55 96
22 61 101
22 66 97
22 67 102
22 69 96
22 75 89
22 76 111
23 29 100
23 33 97
23 35 98
23 37 101
23 47 104
23 56 101
23 60 103
23 64 100
23 66 103
23 77 103
24 30 100
24 34 102
24 35 96
24 47 101
24 49 97
24 52 98
24 63 100
24 74 95
24 76 98
24 78 102
25 26 104
25 31 100
25 38 100
25 46 95
25 47 99
25 53 98
25 66 98
25 67 104
25 68 89
25 69 92
25 78 105
26 31 94
26 36 97
26 40 90
26 44 103
26 48 104
26 49 96
26 50 96
26 51 99
26 53 89
26 54 99
26 61 91
26 63 97
26 66 100
26 69 105
26 71 100
26 72 102
26 75 105
26 76 93
27 37 107
27 41 97
27 52 101
27 59 100
27 68 96
27 74 101
27 77 100
27 79 110
28 32 101
28 40 96
28 46 115
28 47 96
28 48 111
28 55 100
28 59 105
28 78 106
29 33 103
29 34 104
29 41 95
29 43 104
29 44 103
29 46 101
29 48 109
29 53 96
29 64 88
29 68 103
29 71 100
29 73 98
29 76 97
30 41 99
30 44 98
30 48 97
30 49 100
30 51 105
30 52 100
30 58 94
30 59 99
30 66 103
30 78 92
31 38 109
31 44 97
31 45 104
31 50 112
31 53 111
31 55 103
31 56 99
31 63 102
31 65 98
31 66 94
31 67 101
31 70 104
31 77 102
31 78 96
32 33 102
32 36 100
32 40 97
32 41 102
32 45 96
32 47 105
32 48 107
32 51 95
32 56 103
32 72 101
32 74 95
32 75 91
32 78 101
33 39 98
33 41 113
33 43 109
33 46 103
33 53 107
33 64 97
33 66 100
33 78 96
33 79 105
34 36 104
34 53 97
34 54 102
34 59 96
34 61 99
34 62 106
34 65 101
34 67 107
34 72 103
34 75 91
34 77 103
35 36 109
35 41 104
35 50 111
35 52 100
35 59 97
35 62 91
35 69 101
35 72 91
35 78 96
36 38 105
36 68 97
36 70 100
36 72 97
36 73 108
36 79 104
37 50 106
37 53 89
37 54 99
37 56 96
37 60 100
37 61 104
37 62 104
37 73 103
37 74 103
38 41 92
38 47 99
38 50 94
38 56 100
39 41 98
39 53 86
39 59 95
39 60 96
39 63 104
39 64 99
39 69 94
39 75 97
39 76 104
39 79 106
40 50 103
40 52 99
40 54 99
40 64 98
40 65 102
40 74 96
40 78 98
41 43 97
41 48 101
41 54 101
41 59 101
41 64 102
41 67 110
42 46 99
42 48 94
42 50 100
42 53 104
42 55 96
42 57 100
42 59 94
42 69 86
42 72 101
42 74 107
43 48 99
43 61 95
43 66 105
43 71 108
43 72 94
43 79 96
44 50 95
44 54 97
44 64 95
44 67 104
44 72 100
45 50 94
45 51 101
45 64 99
45 74 105
45 75 104
45 76 102
46 48 107
46 52 92
46 54 97
46 58 106
46 59 105
46 64 99
47 48 98
47 53 102
47 56 103
47 69 91
47 70 97
48 62 105
48 70 100
48 72 102
48 74 95
48 78 99
48 79 92
49 52 100
49 54 101
49 61 93
49 68 106
50 51 96
50 52 88
50 53 98
50 58 100
50 59 99
50 68 103
50 71 101
50 76 102
51 55 109
51 57 102
51 67 97
51 75 99
51 77 94
51 78 103
52 63 92
52 68 96
52 70 103
52 71 95
52 78 94
53 57 100
53 61 102
53 70 97
53 71 94
54 56 109
54 64 101
54 65 98
54 66 109
54 69 103
54 74 90
55 72 89
56 58 115
56 59 95
56 65 92
56 66 107
56 67 104
56 71 106
57 59 103
57 60 101
57 65 97
57 70 99
58 62 99
58 74 99
59 60 92
59 70 101
59 71 98
59 74 103
60 62 100
60 64 102
60 65 94
60 68 99
60 73 99
60 75 103
61 66 101
61 71 104
61 75 95
62 71 102
62 72 103
62 76 107
63 72 103
63 73 94
63 78 105
64 75 102
65 72 95
65 75 103
65 78 107
66 74 98
66 77 98
67 74 101
68 70 101
68 74 99
68 77 94
69 74 103
69 75 99
69 76 101
69 79 103
70 78 101
71 72 100
71 76 101
72 73 103
72 75 111
72 78 96
73 75 107
73 78 103
74 78 96
1
0 1 2 3 4 5 6 7
