3160
0 1 309
0 2 302
0 3 300
0 4 304
0 5 301
0 6 301
0 7 303
0 8 199
0 9 196
0 10 200
0 11 197
0 12 191
0 13 191
0 14 200
0 15 192
0 16 201
0 17 197
0 18 207
0 19 199
0 20 200
0 21 200
0 22 201
0 23 202
0 24 198
0 25 197
0 26 205
0 27 200
0 28 201
0 29 198
0 30 197
0 31 190
0 32 198
0 33 205
0 34 192
0 35 199
0 36 200
0 37 195
0 38 202
0 39 197
0 40 197
0 41 201
0 42 200
0 43 194
0 44 198
0 45 203
0 46 197
0 47 199
0 48 200
0 49 196
0 50 206
0 51 194
0 52 195
0 53 199
0 54 198
0 55 195
0 56 201
0 57 195
0 58 197
0 59 200
0 60 192
0 61 201
0 62 199
0 63 195
0 64 195
0 65 197
0 66 200
0 67 213
0 68 203
0 69 193
0 70 205
0 71 203
0 72 198
0 73 200
0 74 198
0 75 200
0 76 198
0 77 193
0 78 204
0 79 200
1 2 308
1 3 297
1 4 314
1 5 304
1 6 302
1 7 297
1 8 201
1 9 198
1 10 209
1 11 201
1 12 209
1 13 195
1 14 199
1 15 196
1 16 202
1 17 196
1 18 194
1 19 192
1 20 201
1 21 205
1 22 197
1 23 195
1 24 200
1 25 204
1 26 207
1 27 205
1 28 201
1 29 198
1 30 198
1 31 197
1 32 197
1 33 201
1 34 208
1 35 200
1 36 200
1 37 189
1 38 208
1 39 203
1 40 200
1 41 194
1 42 193
1 43 193
1 44 206
1 45 207
1 46 199
1 47 205
1 48 193
1 49 192
1 50 193
1 51 202
1 52 202
1 53 203
1 54 203
1 55 200
1 56 208
1 57 213
1 58 198
1 59 202
1 60 202
1 61 194
1 62 203
1 63 204
1 64 197
1 65 190
1 66 206
1 67 193
1 68 190
1 69 201
1 70 195
1 71 195
1 72 201
1 73 203
1 74 200
1 75 201
1 76 206
1 77 204
1 78 199
1 79 198
2 3 295
2 4 299
2 5 305
2 6 295
2 7 299
2 8 198
2 9 196
2 10 201
2 11 196
2 12 207
2 13 202
2 14 204
2 15 193
2 16 204
2 17 201
2 18 205
2 19 203
2 20 189
2 21 194
2 22 199
2 23 196
2 24 192
2 25 193
2 26 198
2 27 198
2 28 201
2 29 204
2 30 206
2 31 201
2 32 205
2 33 207
2 34 208
2 35 199
2 36 204
2 37 199
2 38 197
2 39 196
2 40 199
2 41 200
2 42 199
2 43 195
2 44 202
2 45 198
2 46 190
2 47 203
2 48 189
2 49 194
2 50 207
2 51 204
2 52 200
2 53 194
2 54 199
2 55 199
2 56 189
2 57 201
2 58 186
2 59 196
2 60 200
2 61 193
2 62 202
2 63 197
2 64 201
2 65 203
2 66 194
2 67 201
2 68 197
2 69 206
2 70 205
2 71 202
2 72 198
2 73 198
2 74 205
2 75 205
2 76 195
2 77 198
2 78 199
2 79 193
3 4 296
3 5 299
3 6 302
3 7 296
3 8 198
3 9 215
3 10 203
3 11 198
3 12 204
3 13 207
3 14 193
3 15 200
3 16 195
3 17 201
3 18 205
3 19 203
3 20 197
3 21 199
3 22 199
3 23 202
3 24 195
3 25 210
3 26 198
3 27 194
3 28 193
3 29 204
3 30 191
3 31 207
3 32 201
3 33 194
3 34 198
3 35 198
3 36 203
3 37 199
3 38 201
3 39 195
3 40 194
3 41 199
3 42 197
3 43 198
3 44 200
3 45 202
3 46 198
3 47 205
3 48 196
3 49 196
3 50 209
3 51 191
3 52 201
3 53 191
3 54 196
3 55 215
3 56 194
3 57 209
3 58 200
3 59 206
3 60 201
3 61 200
3 62 197
3 63 201
3 64 199
3 65 195
3 66 202
3 67 210
3 68 203
3 69 203
3 70 196
3 71 193
3 72 194
3 73 189
3 74 200
3 75 195
3 76 198
3 77 203
3 78 205
3 79 191
4 5 295
4 6 307
4 7 283
4 8 203
4 9 199
4 10 197
4 11 205
4 12 196
4 13 192
4 14 190
4 15 199
4 16 207
4 17 198
4 18 196
4 19 194
4 20 212
4 21 212
4 22 197
4 23 201
4 24 208
4 25 199
4 26 198
4 27 198
4 28 197
4 29 199
4 30 202
4 31 198
4 32 204
4 33 190
4 34 209
4 35 193
4 36 198
4 37 195
4 38 198
4 39 203
4 40 200
4 41 200
4 42 203
4 43 201
4 44 197
4 45 197
4 46 202
4 47 202
4 48 204
4 49 206
4 50 206
4 51 197
4 52 205
4 53 208
4 54 196
4 55 197
4 56 201
4 57 192
4 58 205
4 59 204
4 60 194
4 61 209
4 62 199
4 63 203
4 64 201
4 65 197
4 66 202
4 67 202
4 68 199
4 69 206
4 70 200
4 71 206
4 72 203
4 73 192
4 74 205
4 75 204
4 76 197
4 77 195
4 78 203
4 79 205
5 6 296
5 7 298
5 8 196
5 9 194
5 10 203
5 11 197
5 12 204
5 13 196
5 14 200
5 15 199
5 16 205
5 17 204
5 18 196
5 19 196
5 20 203
5 21 206
5 22 198
5 23 195
5 24 198
5 25 197
5 26 203
5 27 199
5 28 201
5 29 196
5 30 199
5 31 206
5 32 195
5 33 205
5 34 191
5 35 206
5 36 199
5 37 204
5 38 199
5 39 199
5 40 205
5 41 204
5 42 204
5 43 207
5 44 207
5 45 200
5 46 199
5 47 197
5 48 208
5 49 201
5 50 199
5 51 196
5 52 201
5 53 204
5 54 193
5 55 194
5 56 193
5 57 202
5 58 197
5 59 206
5 60 202
5 61 214
5 62 200
5 63 200
5 64 195
5 65 203
5 66 202
5 67 199
5 68 200
5 69 193
5 70 193
5 71 200
5 72 195
5 73 193
5 74 199
5 75 197
5 76 200
5 77 197
5 78 203
5 79 187
6 7 295
6 8 205
6 9 208
6 10 202
6 11 191
6 12 205
6 13 195
6 14 199
6 15 196
6 16 200
6 17 208
6 18 210
6 19 207
6 20 205
6 21 198
6 22 194
6 23 204
6 24 198
6 25 197
6 26 206
6 27 193
6 28 203
6 29 201
6 30 196
6 31 195
6 32 193
6 33 216
6 34 202
6 35 204
6 36 199
6 37 200
6 38 198
6 39 201
6 40 196
6 41 197
6 42 205
6 43 198
6 44 206
6 45 196
6 46 203
6 47 202
6 48 202
6 49 204
6 50 189
6 51 204
6 52 196
6 53 203
6 54 205
6 55 201
6 56 189
6 57 197
6 58 197
6 59 204
6 60 200
6 61 197
6 62 198
6 63 198
6 64 199
6 65 199
6 66 206
6 67 195
6 68 207
6 69 194
6 70 202
6 71 189
6 72 197
6 73 205
6 74 198
6 75 194
6 76 201
6 77 209
6 78 196
6 79 200
7 8 194
7 9 200
7 10 193
7 11 212
7 12 195
7 13 199
7 14 194
7 15 207
7 16 197
7 17 205
7 18 200
7 19 201
7 20 203
7 21 206
7 22 196
7 23 194
7 24 200
7 25 210
7 26 194
7 27 203
7 28 201
7 29 214
7 30 201
7 31 210
7 32 199
7 33 206
7 34 212
7 35 195
7 36 211
7 37 194
7 38 199
7 39 204
7 40 203
7 41 207
7 42 200
7 43 204
7 44 195
7 45 205
7 46 204
7 47 197
7 48 200
7 49 202
7 50 205
7 51 203
7 52 197
7 53 194
7 54 206
7 55 198
7 56 195
7 57 201
7 58 200
7 59 203
7 60 194
7 61 198
7 62 197
7 63 196
7 64 204
7 65 198
7 66 196
7 67 200
7 68 207
7 69 204
7 70 199
7 71 204
7 72 199
7 73 201
7 74 211
7 75 195
7 76 200
7 77 197
7 78 195
7 79 187
8 9 110
8 10 101
8 11 103
8 12 105
8 13 98
8 14 107
8 15 109
8 16 113
8 17 108
8 18 100
8 19 96
8 20 106
8 21 94
8 22 93
8 23 108
8 24 102
8 25 97
8 26 89
8 27 102
8 28 102
8 29 103
8 30 107
8 31 96
8 32 101
8 33 91
8 34 107
8 35 100
8 36 100
8 37 102
8 38 95
8 39 99
8 40 99
8 41 98
8 42 94
8 43 92
8 44 103
8 45 104
8 46 93
8 47 100
8 48 110
8 49 102
8 50 100
8 51 106
8 52 102
8 53 103
8 54 95
8 55 102
8 56 103
8 57 99
8 58 92
8 59 104
8 60 103
8 61 98
8 62 100
8 63 104
8 64 100
8 65 104
8 66 98
8 67 102
8 68 98
8 69 103
8 70 93
8 71 96
8 72 95
8 73 110
8 74 105
8 75 99
8 76 99
8 77 111
8 78 92
8 79 101
9 10 94
9 11 99
9 12 111
9 13 98
9 14 99
9 15 92
9 16 100
9 17 103
9 18 96
9 19 95
9 20 93
9 21 102
9 22 91
9 23 104
9 24 101
9 25 105
9 26 108
9 27 102
9 28 103
9 29 95
9 30 98
9 31 100
9 32 98
9 33 102
9 34 98
9 35 99
9 36 107
9 37 98
9 38 93
9 39 99
9 40 101
9 41 105
9 42 99
9 43 98
9 44 98
9 45 90
9 46 92
9 47 103
9 48 94
9 49 88
9 50 110
9 51 107
9 52 89
9 53 100
9 54 95
9 55 102
9 56 98
9 57 108
9 58 106
9 59 100
9 60 105
9 61 93
9 62 104
9 63 94
9 64 107
9 65 103
9 66 101
9 67 99
9 68 103
9 69 103
9 70 103
9 71 103
9 72 106
9 73 99
9 74 100
9 75 97
9 76 90
9 77 100
9 78 102
9 79 100
10 11 103
10 12 96
10 13 104
10 14 93
10 15 101
10 16 104
10 17 98
10 18 100
10 19 102
10 20 96
10 21 108
10 22 82
10 23 93
10 24 105
10 25 89
10 26 93
10 27 94
10 28 96
10 29 95
10 30 104
10 31 104
10 32 103
10 33 97
10 34 99
10 35 87
10 36 113
10 37 96
10 38 93
10 39 110
10 40 111
10 41 95
10 42 96
10 43 100
10 44 106
10 45 99
10 46 102
10 47 96
10 48 99
10 49 99
10 50 105
10 51 95
10 52 107
10 53 95
10 54 105
10 55 99
10 56 99
10 57 91
10 58 95
10 59 91
10 60 99
10 61 99
10 62 98
10 63 100
10 64 95
10 65 100
10 66 103
10 67 96
10 68 97
10 69 101
10 70 102
10 71 100
10 72 106
10 73 99
10 74 96
10 75 95
10 76 99
10 77 102
10 78 89
10 79 104
11 12 100
11 13 97
11 14 104
11 15 101
11 16 90
11 17 101
11 18 97
11 19 107
11 20 99
11 21 96
11 22 92
11 23 96
11 24 96
11 25 99
11 26 103
11 27 101
11 28 99
11 29 109
11 30 96
11 31 98
11 32 97
11 33 99
11 34 101
11 35 101
11 36 95
11 37 105
11 38 95
11 39 87
11 40 100
11 41 100
11 42 111
11 43 107
11 44 102
11 45 99
11 46 94
11 47 100
11 48 101
11 49 100
11 50 96
11 51 103
11 52 106
11 53 100
11 54 101
11 55 100
11 56 96
11 57 108
11 58 98
11 59 105
11 60 98
11 61 93
11 62 101
11 63 99
11 64 97
11 65 103
11 66 100
11 67 100
11 68 101
11 69 102
11 70 102
11 71 98
11 72 97
11 73 105
11 74 97
11 75 107
11 76 104
11 77 105
11 78 111
11 79 98
12 13 102
12 14 95
12 15 102
12 16 103
12 17 108
12 18 109
12 19 97
12 20 106
12 21 114
12 22 99
12 23 102
12 24 97
12 25 96
12 26 94
12 27 110
12 28 102
12 29 100
12 30 100
12 31 94
12 32 97
12 33 104
12 34 102
12 35 104
12 36 98
12 37 96
12 38 102
12 39 97
12 40 102
12 41 100
12 42 102
12 43 102
12 44 95
12 45 101
12 46 96
12 47 104
12 48 89
12 49 97
12 50 106
12 51 109
12 52 94
12 53 106
12 54 101
12 55 99
12 56 97
12 57 100
12 58 103
12 59 102
12 60 103
12 61 96
12 62 108
12 63 93
12 64 100
12 65 96
12 66 99
12 67 96
12 68 102
12 69 100
12 70 105
12 71 100
12 72 96
12 73 97
12 74 100
12 75 95
12 76 100
12 77 100
12 78 100
12 79 104
13 14 100
13 15 92
13 16 97
13 17 105
13 18 93
13 19 102
13 20 95
13 21 93
13 22 105
13 23 99
13 24 90
13 25 94
13 26 99
13 27 103
13 28 99
13 29 102
13 30 94
13 31 100
13 32 93
13 33 99
13 34 99
13 35 91
13 36 96
13 37 95
13 38 102
13 39 99
13 40 98
13 41 106
13 42 104
13 43 108
13 44 90
13 45 113
13 46 101
13 47 99
13 48 97
13 49 97
13 50 99
13 51 93
13 52 89
13 53 87
13 54 93
13 55 105
13 56 99
13 57 107
13 58 97
13 59 97
13 60 99
13 61 105
13 62 101
13 63 93
13 64 102
13 65 97
13 66 97
13 67 101
13 68 93
13 69 93
13 70 96
13 71 107
13 72 100
13 73 103
13 74 85
13 75 98
13 76 99
13 77 104
13 78 103
13 79 93
14 15 109
14 16 97
14 17 95
14 18 89
14 19 103
14 20 91
14 21 99
14 22 102
14 23 111
14 24 93
14 25 109
14 26 104
14 27 100
14 28 103
14 29 94
14 30 101
14 31 97
14 32 107
14 33 93
14 34 95
14 35 96
14 36 98
14 37 100
14 38 98
14 39 94
14 40 97
14 41 95
14 42 99
14 43 99
14 44 103
14 45 99
14 46 97
14 47 104
14 48 104
14 49 95
14 50 109
14 51 106
14 52 96
14 53 98
14 54 98
14 55 88
14 56 103
14 57 96
14 58 103
14 59 100
14 60 101
14 61 96
14 62 101
14 63 105
14 64 104
14 65 91
14 66 109
14 67 100
14 68 103
14 69 98
14 70 97
14 71 89
14 72 93
14 73 102
14 74 97
14 75 92
14 76 99
14 77 95
14 78 103
14 79 104
15 16 97
15 17 102
15 18 100
15 19 104
15 20 95
15 21 96
15 22 90
15 23 98
15 24 96
15 25 98
15 26 99
15 27 98
15 28 96
15 29 104
15 30 115
15 31 101
15 32 104
15 33 110
15 34 101
15 35 107
15 36 98
15 37 93
15 38 85
15 39 103
15 40 103
15 41 96
15 42 93
15 43 102
15 44 94
15 45 100
15 46 95
15 47 98
15 48 103
15 49 107
15 50 105
15 51 105
15 52 103
15 53 94
15 54 100
15 55 104
15 56 97
15 57 103
15 58 102
15 59 96
15 60 110
15 61 95
15 62 98
15 63 114
15 64 99
15 65 99
15 66 102
15 67 102
15 68 104
15 69 96
15 70 91
15 71 97
15 72 106
15 73 104
15 74 102
15 75 96
15 76 109
15 77 95
15 78 102
15 79 101
16 17 99
16 18 96
16 19 102
16 20 101
16 21 93
16 22 101
16 23 98
16 24 99
16 25 102
16 26 98
16 27 98
16 28 98
16 29 102
16 30 95
16 31 100
16 32 97
16 33 101
16 34 95
16 35 94
16 36 103
16 37 107
16 38 99
16 39 98
16 40 97
16 41 100
16 42 91
16 43 94
16 44 103
16 45 105
16 46 104
16 47 99
16 48 104
16 49 106
16 50 97
16 51 91
16 52 94
16 53 100
16 54 105
16 55 106
16 56 101
16 57 98
16 58 98
16 59 106
16 60 103
16 61 105
16 62 96
16 63 93
16 64 106
16 65 98
16 66 101
16 67 96
16 68 102
16 69 93
16 70 97
16 71 99
16 72 94
16 73 102
16 74 99
16 75 99
16 76 99
16 77 95
16 78 92
16 79 103
17 18 100
17 19 110
17 20 94
17 21 98
17 22 99
17 23 98
17 24 98
17 25 100
17 26 96
17 27 91
17 28 108
17 29 99
17 30 96
17 31 101
17 32 94
17 33 103
17 34 108
17 35 106
17 36 101
17 37 97
17 38 99
17 39 95
17 40 97
17 41 95
17 42 109
17 43 100
17 44 106
17 45 97
17 46 100
17 47 96
17 48 98
17 49 96
17 50 94
17 51 99
17 52 97
17 53 98
17 54 99
17 55 95
17 56 105
17 57 99
17 58 104
17 59 106
17 60 97
17 61 96
17 62 101
17 63 112
17 64 109
17 65 105
17 66 100
17 67 101
17 68 100
17 69 99
17 70 98
17 71 101
17 72 103
17 73 93
17 74 104
17 75 94
17 76 105
17 77 90
17 78 106
17 79 103
18 19 117
18 20 105
18 21 106
18 22 93
18 23 94
18 24 102
18 25 93
18 26 103
18 27 89
18 28 106
18 29 113
18 30 101
18 31 108
18 32 104
18 33 96
18 34 104
18 35 95
18 36 106
18 37 106
18 38 105
18 39 94
18 40 103
18 41 96
18 42 89
18 43 91
18 44 95
18 45 116
18 46 95
18 47 96
18 48 97
18 49 99
18 50 90
18 51 98
18 52 101
18 53 105
18 54 100
18 55 97
18 56 101
18 57 102
18 58 105
18 59 93
18 60 98
18 61 100
18 62 105
18 63 106
18 64 95
18 65 90
18 66 112
18 67 99
18 68 99
18 69 106
18 70 99
18 71 101
18 72 105
18 73 104
18 74 98
18 75 99
18 76 103
18 77 101
18 78 99
18 79 101
19 20 94
19 21 104
19 22 94
19 23 105
19 24 101
19 25 99
19 26 99
19 27 94
19 28 98
19 29 96
19 30 87
19 31 105
19 32 92
19 33 98
19 34 99
19 35 93
19 36 104
19 37 100
19 38 99
19 39 103
19 40 94
19 41 109
19 42 101
19 43 97
19 44 94
19 45 110
19 46 107
19 47 108
19 48 103
19 49 99
19 50 105
19 51 102
19 52 106
19 53 106
19 54 107
19 55 102
19 56 98
19 57 110
19 58 106
19 59 102
19 60 104
19 61 102
19 62 100
19 63 99
19 64 96
19 65 102
19 66 98
19 67 101
19 68 99
19 69 98
19 70 94
19 71 99
19 72 97
19 73 98
19 74 109
19 75 109
19 76 96
19 77 100
19 78 102
19 79 92
20 21 101
20 22 105
20 23 102
20 24 101
20 25 93
20 26 100
20 27 104
20 28 107
20 29 91
20 30 109
20 31 105
20 32 100
20 33 98
20 34 106
20 35 100
20 36 98
20 37 91
20 38 93
20 39 105
20 40 104
20 41 104
20 42 95
20 43 100
20 44 106
20 45 98
20 46 89
20 47 105
20 48 102
20 49 101
20 50 97
20 51 98
20 52 97
20 53 98
20 54 99
20 55 101
20 56 99
20 57 100
20 58 105
20 59 98
20 60 100
20 61 98
20 62 92
20 63 103
20 64 101
20 65 97
20 66 108
20 67 98
20 68 109
20 69 99
20 70 100
20 71 101
20 72 103
20 73 96
20 74 106
20 75 105
20 76 105
20 77 106
20 78 96
20 79 100
21 22 104
21 23 107
21 24 98
21 25 99
21 26 106
21 27 101
21 28 107
21 29 99
21 30 94
21 31 97
21 32 103
21 33 104
21 34 88
21 35 109
21 36 97
21 37 99
21 38 109
21 39 95
21 40 92
21 41 104
21 42 105
21 43 96
21 44 96
21 45 104
21 46 110
21 47 95
21 48 94
21 49 97
21 50 101
21 51 104
21 52 99
21 53 94
21 54 98
21 55 98
21 56 99
21 57 85
21 58 107
21 59 92
21 60 101
21 61 101
21 62 103
21 63 99
21 64 92
21 65 100
21 66 112
21 67 100
21 68 104
21 69 100
21 70 105
21 71 92
21 72 105
21 73 106
21 74 99
21 75 100
21 76 98
21 77 95
21 78 106
21 79 100
22 23 100
22 24 93
22 25 100
22 26 103
22 27 101
22 28 99
22 29 108
22 30 103
22 31 95
22 32 99
22 33 94
22 34 107
22 35 99
22 36 100
22 37 105
22 38 104
22 39 96
22 40 105
22 41 98
22 42 92
22 43 99
22 44 105
22 45 97
22 46 103
22 47 97
22 48 93
22 49 100
22 50 97
22 51 98
22 52 98
22 53 104
22 54 102
22 55 95
22 56 100
22 57 95
22 58 107
22 59 100
22 60 103
22 61 104
22 62 102
22 63 104
22 64 91
22 65 95
22 66 98
22 67 100
22 68 94
22 69 107
22 70 101
22 71 98
22 72 104
22 73 99
22 74 101
22 75 92
22 76 100
22 77 96
22 78 98
22 79 100
23 24 100
23 25 109
23 26 102
23 27 100
23 28 104
23 29 98
23 30 111
23 31 94
23 32 96
23 33 99
23 34 101
23 35 100
23 36 102
23 37 95
23 38 96
23 39 99
23 40 99
23 41 100
23 42 108
23 43 96
23 44 103
23 45 97
23 46 98
23 47 97
23 48 93
23 49 100
23 50 97
23 51 101
23 52 102
23 53 87
23 54 99
23 55 95
23 56 103
23 57 103
23 58 99
23 59 100
23 60 97
23 61 93
23 62 103
23 63 100
23 64 94
23 65 105
23 66 103
23 67 94
23 68 103
23 69 108
23 70 98
23 71 98
23 72 100
23 73 101
23 74 102
23 75 105
23 76 105
23 77 104
23 78 102
23 79 96
24 25 95
24 26 97
24 27 100
24 28 98
24 29 100
24 30 104
24 31 100
24 32 98
24 33 98
24 34 96
24 35 101
24 36 93
24 37 98
24 38 103
24 39 92
24 40 102
24 41 100
24 42 97
24 43 102
24 44 101
24 45 103
24 46 100
24 47 101
24 48 96
24 49 101
24 50 91
24 51 99
24 52 102
24 53 110
24 54 96
24 55 99
24 56 101
24 57 106
24 58 100
24 59 99
24 60 100
24 61 98
24 62 105
24 63 96
24 64 108
24 65 102
24 66 95
24 67 102
24 68 92
24 69 104
24 70 95
24 71 102
24 72 105
24 73 99
24 74 103
24 75 99
24 76 109
24 77 98
24 78 100
24 79 92
25 26 100
25 27 96
25 28 107
25 29 92
25 30 97
25 31 89
25 32 96
25 33 101
25 34 92
25 35 99
25 36 99
25 37 94
25 38 102
25 39 97
25 40 100
25 41 105
25 42 104
25 43 103
25 44 100
25 45 96
25 46 103
25 47 98
25 48 108
25 49 91
25 50 100
25 51 91
25 52 100
25 53 99
25 54 108
25 55 104
25 56 95
25 57 97
25 58 94
25 59 107
25 60 94
25 61 105
25 62 96
25 63 100
25 64 108
25 65 105
25 66 106
25 67 88
25 68 100
25 69 105
25 70 97
25 71 97
25 72 98
25 73 96
25 74 104
25 75 89
25 76 100
25 77 97
25 78 103
25 79 99
26 27 96
26 28 102
26 29 99
26 30 98
26 31 103
26 32 99
26 33 99
26 34 105
26 35 102
26 36 101
26 37 101
26 38 98
26 39 99
26 40 88
26 41 100
26 42 96
26 43 102
26 44 95
26 45 114
26 46 104
26 47 103
26 48 99
26 49 102
26 50 99
26 51 111
26 52 94
26 53 97
26 54 100
26 55 97
26 56 100
26 57 97
26 58 95
26 59 93
26 60 97
26 61 101
26 62 93
26 63 101
26 64 106
26 65 98
26 66 93
26 67 92
26 68 109
26 69 94
26 70 114
26 71 101
26 72 94
26 73 104
26 74 103
26 75 99
26 76 96
26 77 99
26 78 97
26 79 104
27 28 107
27 29 100
27 30 103
27 31 105
27 32 104
27 33 94
27 34 103
27 35 103
27 36 109
27 37 101
27 38 106
27 39 104
27 40 98
27 41 102
27 42 100
27 43 103
27 44 109
27 45 100
27 46 99
27 47 98
27 48 107
27 49 104
27 50 103
27 51 105
27 52 101
27 53 101
27 54 106
27 55 103
27 56 102
27 57 107
27 58 102
27 59 99
27 60 102
27 61 100
27 62 92
27 63 99
27 64 100
27 65 99
27 66 102
27 67 96
27 68 102
27 69 100
27 70 94
27 71 95
27 72 104
27 73 104
27 74 96
27 75 97
27 76 106
27 77 114
27 78 101
27 79 109
28 29 98
28 30 95
28 31 98
28 32 96
28 33 95
28 34 95
28 35 95
28 36 99
28 37 96
28 38 92
28 39 105
28 40 95
28 41 91
28 42 104
28 43 101
28 44 97
28 45 97
28 46 99
28 47 102
28 48 102
28 49 110
28 50 97
28 51 96
28 52 90
28 53 103
28 54 96
28 55 100
28 56 97
28 57 104
28 58 86
28 59 95
28 60 92
28 61 98
28 62 99
28 63 102
28 64 101
28 65 97
28 66 95
28 67 97
28 68 107
28 69 105
28 70 102
28 71 101
28 72 102
28 73 94
28 74 101
28 75 101
28 76 97
28 77 99
28 78 97
28 79 104
29 30 98
29 31 94
29 32 103
29 33 100
29 34 101
29 35 95
29 36 95
29 37 106
29 38 95
29 39 103
29 40 95
29 41 100
29 42 97
29 43 102
29 44 113
29 45 109
29 46 102
29 47 92
29 48 92
29 49 101
29 50 93
29 51 103
29 52 109
29 53 100
29 54 107
29 55 95
29 56 100
29 57 99
29 58 96
29 59 102
29 60 101
29 61 92
29 62 101
29 63 99
29 64 107
29 65 104
29 66 99
29 67 101
29 68 97
29 69 104
29 70 95
29 71 99
29 72 97
29 73 101
29 74 95
29 75 91
29 76 100
29 77 96
29 78 102
29 79 108
30 31 96
30 32 95
30 33 101
30 34 104
30 35 97
30 36 98
30 37 111
30 38 96
30 39 101
30 40 99
30 41 107
30 42 95
30 43 99
30 44 96
30 45 100
30 46 92
30 47 101
30 48 98
30 49 101
30 50 100
30 51 97
30 52 97
30 53 103
30 54 94
30 55 109
30 56 90
30 57 97
30 58 101
30 59 98
30 60 104
30 61 98
30 62 105
30 63 95
30 64 115
30 65 106
30 66 105
30 67 96
30 68 103
30 69 107
30 70 98
30 71 100
30 72 102
30 73 99
30 74 96
30 75 98
30 76 99
30 77 97
30 78 96
30 79 109
31 32 104
31 33 109
31 34 102
31 35 96
31 36 92
31 37 97
31 38 105
31 39 98
31 40 99
31 41 97
31 42 106
31 43 101
31 44 102
31 45 99
31 46 97
31 47 104
31 48 101
31 49 94
31 50 95
31 51 93
31 52 96
31 53 106
31 54 98
31 55 93
31 56 94
31 57 95
31 58 97
31 59 99
31 60 96
31 61 96
31 62 105
31 63 105
31 64 100
31 65 98
31 66 91
31 67 100
31 68 94
31 69 95
31 70 96
31 71 93
31 72 96
31 73 98
31 74 99
31 75 98
31 76 93
31 77 108
31 78 105
31 79 96
32 33 96
32 34 88
32 35 102
32 36 110
32 37 86
32 38 103
32 39 96
32 40 101
32 41 114
32 42 109
32 43 98
32 44 91
32 45 106
32 46 107
32 47 100
32 48 105
32 49 98
32 50 83
32 51 95
32 52 102
32 53 101
32 54 101
32 55 99
32 56 103
32 57 99
32 58 98
32 59 102
32 60 98
32 61 101
32 62 102
32 63 95
32 64 92
32 65 90
32 66 100
32 67 100
32 68 92
32 69 97
32 70 104
32 71 91
32 72 88
32 73 98
32 74 96
32 75 100
32 76 101
32 77 101
32 78 98
32 79 108
33 34 108
33 35 108
33 36 87
33 37 93
33 38 97
33 39 98
33 40 100
33 41 98
33 42 103
33 43 109
33 44 99
33 45 101
33 46 101
33 47 104
33 48 93
33 49 104
33 50 94
33 51 93
33 52 99
33 53 100
33 54 96
33 55 100
33 56 95
33 57 102
33 58 101
33 59 101
33 60 87
33 61 100
33 62 102
33 63 97
33 64 105
33 65 96
33 66 99
33 67 110
33 68 104
33 69 98
33 70 102
33 71 109
33 72 104
33 73 96
33 74 103
33 75 103
33 76 106
33 77 99
33 78 101
33 79 106
34 35 95
34 36 93
34 37 100
34 38 101
34 39 96
34 40 96
34 41 98
34 42 100
34 43 98
34 44 99
34 45 98
34 46 103
34 47 104
34 48 94
34 49 106
34 50 100
34 51 101
34 52 102
34 53 106
34 54 100
34 55 99
34 56 97
34 57 100
34 58 92
34 59 99
34 60 94
34 61 102
34 62 102
34 63 101
34 64 99
34 65 97
34 66 90
34 67 101
34 68 100
34 69 101
34 70 98
34 71 104
34 72 107
34 73 90
34 74 99
34 75 100
34 76 99
34 77 93
34 78 93
34 79 110
35 36 95
35 37 100
35 38 96
35 39 95
35 40 103
35 41 95
35 42 101
35 43 96
35 44 107
35 45 97
35 46 99
35 47 97
35 48 98
35 49 104
35 50 108
35 51 98
35 52 94
35 53 88
35 54 94
35 55 106
35 56 100
35 57 102
35 58 91
35 59 96
35 60 97
35 61 104
35 62 103
35 63 101
35 64 98
35 65 98
35 66 101
35 67 101
35 68 94
35 69 94
35 70 93
35 71 105
35 72 100
35 73 100
35 74 105
35 75 97
35 76 101
35 77 107
35 78 106
35 79 99
36 37 109
36 38 101
36 39 104
36 40 101
36 41 95
36 42 104
36 43 107
36 44 97
36 45 103
36 46 96
36 47 108
36 48 97
36 49 101
36 50 107
36 51 100
36 52 102
36 53 100
36 54 103
36 55 92
36 56 100
36 57 101
36 58 100
36 59 111
36 60 101
36 61 101
36 62 99
36 63 106
36 64 100
36 65 100
36 66 103
36 67 103
36 68 103
36 69 99
36 70 92
36 71 93
36 72 96
36 73 94
36 74 102
36 75 108
36 76 113
36 77 93
36 78 99
36 79 99
37 38 100
37 39 115
37 40 99
37 41 103
37 42 100
37 43 103
37 44 96
37 45 104
37 46 104
37 47 95
37 48 98
37 49 94
37 50 97
37 51 111
37 52 94
37 53 100
37 54 102
37 55 96
37 56 94
37 57 96
37 58 107
37 59 104
37 60 109
37 61 100
37 62 102
37 63 103
37 64 92
37 65 93
37 66 101
37 67 88
37 68 102
37 69 101
37 70 96
37 71 98
37 72 95
37 73 92
37 74 97
37 75 104
37 76 95
37 77 103
37 78 96
37 79 96
38 39 94
38 40 102
38 41 102
38 42 98
38 43 97
38 44 101
38 45 100
38 46 93
38 47 98
38 48 96
38 49 92
38 50 102
38 51 94
38 52 98
38 53 99
38 54 97
38 55 99
38 56 92
38 57 97
38 58 103
38 59 91
38 60 100
38 61 105
38 62 101
38 63 99
38 64 108
38 65 99
38 66 108
38 67 106
38 68 100
38 69 99
38 70 97
38 71 109
38 72 97
38 73 108
38 74 104
38 75 102
38 76 107
38 77 100
38 78 100
38 79 96
39 40 93
39 41 86
39 42 97
39 43 93
39 44 100
39 45 102
39 46 93
39 47 103
39 48 99
39 49 98
39 50 96
39 51 102
39 52 92
39 53 104
39 54 96
39 55 104
39 56 100
39 57 107
39 58 95
39 59 98
39 60 103
39 61 100
39 62 102
39 63 94
39 64 103
39 65 103
39 66 95
39 67 107
39 68 100
39 69 101
39 70 98
39 71 100
39 72 100
39 73 100
39 74 108
39 75 102
39 76 98
39 77 94
39 78 97
39 79 97
40 41 97
40 42 99
40 43 105
40 44 93
40 45 98
40 46 101
40 47 102
40 48 102
40 49 105
40 50 108
40 51 102
40 52 89
40 53 103
40 54 91
40 55 95
40 56 107
40 57 98
40 58 99
40 59 102
40 60 103
40 61 99
40 62 101
40 63 109
40 64 110
40 65 100
40 66 102
40 67 93
40 68 97
40 69 98
40 70 107
40 71 100
40 72 97
40 73 93
40 74 108
40 75 99
40 76 104
40 77 91
40 78 97
40 79 97
41 42 99
41 43 97
41 44 105
41 45 101
41 46 108
41 47 102
41 48 98
41 49 105
41 50 96
41 51 97
41 52 92
41 53 110
41 54 104
41 55 103
41 56 102
41 57 103
41 58 102
41 59 106
41 60 103
41 61 96
41 62 107
41 63 99
41 64 95
41 65 96
41 66 91
41 67 96
41 68 100
41 69 103
41 70 98
41 71 97
41 72 106
41 73 93
41 74 98
41 75 102
41 76 109
41 77 100
41 78 104
41 79 100
42 43 94
42 44 92
42 45 99
42 46 103
42 47 100
42 48 100
42 49 99
42 50 108
42 51 103
42 52 103
42 53 98
42 54 95
42 55 103
42 56 105
42 57 98
42 58 99
42 59 102
42 60 95
42 61 106
42 62 108
42 63 104
42 64 102
42 65 105
42 66 101
42 67 98
42 68 98
42 69 98
42 70 98
42 71 102
42 72 106
42 73 106
42 74 102
42 75 103
42 76 104
42 77 104
42 78 101
42 79 99
43 44 100
43 45 100
43 46 94
43 47 103
43 48 96
43 49 102
43 50 95
43 51 104
43 52 90
43 53 97
43 54 91
43 55 100
43 56 104
43 57 101
43 58 99
43 59 98
43 60 94
43 61 95
43 62 93
43 63 107
43 64 112
43 65 100
43 66 98
43 67 102
43 68 93
43 69 101
43 70 98
43 71 102
43 72 105
43 73 100
43 74 108
43 75 105
43 76 101
43 77 91
43 78 102
43 79 91
44 45 108
44 46 103
44 47 100
44 48 103
44 49 101
44 50 109
44 51 92
44 52 104
44 53 94
44 54 104
44 55 104
44 56 103
44 57 100
44 58 105
44 59 101
44 60 99
44 61 104
44 62 102
44 63 102
44 64 95
44 65 102
44 66 101
44 67 102
44 68 93
44 69 93
44 70 95
44 71 98
44 72 108
44 73 93
44 74 99
44 75 100
44 76 98
44 77 97
44 78 94
44 79 107
45 46 91
45 47 98
45 48 100
45 49 91
45 50 97
45 51 102
45 52 101
45 53 101
45 54 97
45 55 90
45 56 106
45 57 95
45 58 102
45 59 101
45 60 96
45 61 95
45 62 106
45 63 100
45 64 97
45 65 100
45 66 96
45 67 101
45 68 102
45 69 94
45 70 100
45 71 98
45 72 101
45 73 111
45 74 95
45 75 95
45 76 107
45 77 92
45 78 100
45 79 96
46 47 93
46 48 109
46 49 105
46 50 100
46 51 94
46 52 100
46 53 98
46 54 94
46 55 96
46 56 99
46 57 97
46 58 104
46 59 96
46 60 94
46 61 104
46 62 105
46 63 107
46 64 95
46 65 99
46 66 93
46 67 99
46 68 103
46 69 101
46 70 107
46 71 94
46 72 101
46 73 94
46 74 100
46 75 95
46 76 104
46 77 103
46 78 98
46 79 99
47 48 101
47 49 92
47 50 99
47 51 104
47 52 102
47 53 107
47 54 101
47 55 103
47 56 106
47 57 98
47 58 99
47 59 88
47 60 100
47 61 87
47 62 93
47 63 101
47 64 101
47 65 99
47 66 92
47 67 99
47 68 103
47 69 98
47 70 100
47 71 95
47 72 97
47 73 108
47 74 108
47 75 95
47 76 99
47 77 99
47 78 103
47 79 108
48 49 98
48 50 90
48 51 92
48 52 107
48 53 99
48 54 107
48 55 102
48 56 102
48 57 100
48 58 103
48 59 105
48 60 91
48 61 102
48 62 102
48 63 93
48 64 98
48 65 101
48 66 99
48 67 98
48 68 95
48 69 108
48 70 101
48 71 101
48 72 89
48 73 102
48 74 104
48 75 95
48 76 100
48 77 102
48 78 107
48 79 99
49 50 98
49 51 97
49 52 105
49 53 100
49 54 101
49 55 103
49 56 98
49 57 102
49 58 90
49 59 99
49 60 107
49 61 101
49 62 101
49 63 97
49 64 105
49 65 106
49 66 93
49 67 98
49 68 105
49 69 104
49 70 92
49 71 98
49 72 98
49 73 103
49 74 109
49 75 103
49 76 102
49 77 102
49 78 103
49 79 104
50 51 97
50 52 102
50 53 98
50 54 97
50 55 103
50 56 101
50 57 98
50 58 99
50 59 99
50 60 99
50 61 96
50 62 93
50 63 103
50 64 97
50 65 98
50 66 101
50 67 97
50 68 111
50 69 102
50 70 103
50 71 99
50 72 95
50 73 93
50 74 105
50 75 100
50 76 101
50 77 95
50 78 102
50 79 90
51 52 94
51 53 91
51 54 91
51 55 96
51 56 100
51 57 105
51 58 100
51 59 97
51 60 94
51 61 93
51 62 104
51 63 99
51 64 92
51 65 93
51 66 94
51 67 93
51 68 95
51 69 99
51 70 104
51 71 97
51 72 98
51 73 95
51 74 90
51 75 108
51 76 88
51 77 100
51 78 91
51 79 106
52 53 104
52 54 108
52 55 105
52 56 91
52 57 99
52 58 94
52 59 100
52 60 107
52 61 105
52 62 99
52 63 109
52 64 97
52 65 97
52 66 109
52 67 104
52 68 101
52 69 99
52 70 98
52 71 106
52 72 93
52 73 100
52 74 101
52 75 91
52 76 102
52 77 95
52 78 101
52 79 98
53 54 100
53 55 105
53 56 102
53 57 99
53 58 95
53 59 99
53 60 102
53 61 107
53 62 104
53 63 89
53 64 97
53 65 95
53 66 99
53 67 107
53 68 98
53 69 99
53 70 104
53 71 94
53 72 96
53 73 102
53 74 91
53 75 105
53 76 98
53 77 96
53 78 99
53 79 103
54 55 112
54 56 100
54 57 99
54 58 103
54 59 105
54 60 104
54 61 106
54 62 96
54 63 103
54 64 96
54 65 104
54 66 96
54 67 94
54 68 100
54 69 91
54 70 89
54 71 103
54 72 100
54 73 103
54 74 103
54 75 88
54 76 102
54 77 95
54 78 106
54 79 103
55 56 95
55 57 92
55 58 101
55 59 100
55 60 92
55 61 99
55 62 91
55 63 92
55 64 100
55 65 104
55 66 94
55 67 85
55 68 101
55 69 101
55 70 106
55 71 103
55 72 101
55 73 100
55 74 106
55 75 103
55 76 104
55 77 107
55 78 93
55 79 96
56 57 104
56 58 100
56 59 99
56 60 98
56 61 100
56 62 102
56 63 95
56 64 100
56 65 103
56 66 92
56 67 104
56 68 109
56 69 99
56 70 101
56 71 97
56 72 104
56 73 102
56 74 99
56 75 105
56 76 103
56 77 103
56 78 90
56 79 103
57 58 97
57 59 99
57 60 99
57 61 94
57 62 106
57 63 105
57 64 99
57 65 107
57 66 109
57 67 92
57 68 103
57 69 94
57 70 101
57 71 96
57 72 93
57 73 101
57 74 93
57 75 94
57 76 94
57 77 98
57 78 92
57 79 88
58 59 98
58 60 98
58 61 95
58 62 101
58 63 97
58 64 106
58 65 100
58 66 103
58 67 98
58 68 104
58 69 99
58 70 102
58 71 101
58 72 92
58 73 96
58 74 107
58 75 104
58 76 99
58 77 93
58 78 97
58 79 96
59 60 96
59 61 102
59 62 101
59 63 102
59 64 103
59 65 94
59 66 106
59 67 95
59 68 107
59 69 100
59 70 93
59 71 99
59 72 98
59 73 106
59 74 97
59 75 102
59 76 99
59 77 95
59 78 110
59 79 103
60 61 97
60 62 91
60 63 101
60 64 109
60 65 95
60 66 105
60 67 93
60 68 103
60 69 99
60 70 98
60 71 107
60 72 94
60 73 99
60 74 92
60 75 109
60 76 95
60 77 95
60 78 107
60 79 100
61 62 96
61 63 95
61 64 98
61 65 102
61 66 95
61 67 100
61 68 98
61 69 95
61 70 98
61 71 98
61 72 99
61 73 98
61 74 102
61 75 100
61 76 100
61 77 108
61 78 104
61 79 100
62 63 93
62 64 98
62 65 95
62 66 97
62 67 107
62 68 101
62 69 103
62 70 108
62 71 103
62 72 85
62 73 108
62 74 86
62 75 100
62 76 107
62 77 98
62 78 97
62 79 99
63 64 101
63 65 98
63 66 89
63 67 95
63 68 97
63 69 101
63 70 91
63 71 99
63 72 106
63 73 107
63 74 91
63 75 93
63 76 105
63 77 102
63 78 104
63 79 89
64 65 100
64 66 96
64 67 100
64 68 96
64 69 104
64 70 106
64 71 101
64 72 92
64 73 100
64 74 99
64 75 109
64 76 98
64 77 96
64 78 97
64 79 106
65 66 104
65 67 101
65 68 117
65 69 95
65 70 105
65 71 100
65 72 109
65 73 100
65 74 103
65 75 99
65 76 97
65 77 102
65 78 100
65 79 91
66 67 99
66 68 99
66 69 106
66 70 92
66 71 102
66 72 106
66 73 93
66 74 103
66 75 97
66 76 101
66 77 105
66 78 95
66 79 99
67 68 101
67 69 108
67 70 106
67 71 110
67 72 101
67 73 92
67 74 96
67 75 99
67 76 85
67 77 98
67 78 92
67 79 95
68 69 98
68 70 98
68 71 99
68 72 103
68 73 107
68 74 99
68 75 108
68 76 103
68 77 99
68 78 104
68 79 101
69 70 97
69 71 104
69 72 111
69 73 99
69 74 101
69 75 112
69 76 103
69 77 91
69 78 103
69 79 94
70 71 106
70 72 94
70 73 98
70 74 93
70 75 94
70 76 95
70 77 97
70 78 93
70 79 104
71 72 103
71 73 94
71 74 99
71 75 107
71 76 93
71 77 100
71 78 112
71 79 99
72 73 101
72 74 97
72 75 102
72 76 104
72 77 95
72 78 103
72 79 100
73 74 105
73 75 100
73 76 101
73 77 101
73 78 97
73 79 99
74 75 96
74 76 103
74 77 100
74 78 102
74 79 87
75 76 102
75 77 91
75 78 100
75 79 93
76 77 101
76 78 104
76 79 94
77 78 97
77 79 98
78 79 108
1
0 1 2 3 4 5 6 7
