160
0 34 200
0 40 202
0 48 196
0 49 198
0 67 203
0 78 194
1 19 198
1 43 200
1 74 205
2 53 198
2 58 205
2 62 195
2 65 201
3 20 193
3 30 198
3 42 208
4 6 298
4 46 201
4 61 202
5 26 195
5 62 210
5 75 193
6 45 201
6 62 197
7 24 200
7 49 202
7 66 200
7 68 197
7 77 200
8 17 201
8 38 205
8 39 195
9 18 192
9 22 196
9 62 202
9 77 195
10 52 205
10 53 203
10 55 202
10 71 198
11 33 196
11 71 200
12 27 200
12 70 199
13 14 301
13 34 199
13 39 202
13 50 203
13 59 201
13 64 196
14 23 197
14 63 197
15 34 202
15 60 200
15 61 201
16 23 99
16 25 101
16 76 106
17 22 97
17 76 101
18 36 100
18 43 93
18 49 102
19 55 95
19 71 108
20 29 97
20 50 103
21 33 100
22 31 97
22 36 103
22 38 100
22 42 98
22 45 93
22 50 93
22 53 94
22 74 96
23 32 103
23 73 92
24 28 99
24 30 99
24 48 100
24 70 97
24 71 101
25 44 98
25 52 102
26 28 100
26 71 95
27 35 106
27 38 98
27 65 98
27 66 92
27 73 103
27 77 93
28 52 92
29 49 105
29 53 98
29 68 103
29 72 98
31 44 98
31 49 98
31 53 98
31 54 95
31 62 92
32 33 95
32 45 101
32 67 99
33 42 98
33 78 103
34 61 93
34 66 104
34 68 104
34 71 108
37 45 95
37 49 95
37 65 98
39 60 100
39 65 100
39 69 91
40 47 109
40 57 99
40 63 101
40 71 108
41 42 100
41 56 100
41 63 98
41 74 102
42 44 103
42 50 93
43 44 111
43 47 107
43 50 106
45 53 95
45 75 93
46 49 100
46 58 100
47 51 105
47 60 98
48 57 94
49 53 92
49 62 95
49 77 98
51 66 95
51 73 98
52 65 97
53 66 99
53 79 93
55 61 100
56 58 103
57 74 110
58 68 105
59 62 92
62 77 93
63 69 97
64 67 99
65 72 109
70 77 96
71 74 104
74 79 98
76 77 104
76 79 101
1
0 1 2 3 4 5 6 7 8 9 10 11 12 13 14 15
