3174
0 24 1
0 25 1
0 26 1
0 27 1
0 28 1
0 29 1
0 30 1
0 31 1
0 32 1
0 33 1
0 34 1
0 35 1
0 36 1
0 37 1
0 38 1
0 39 1
0 40 1
0 41 1
0 42 1
0 43 1
0 44 1
0 45 1
0 46 1
1 24 1
1 46 1
2 24 1
2 25 1
3 25 1
3 26 1
4 26 1
4 27 1
5 27 1
5 28 1
6 28 1
6 29 1
7 29 1
7 30 1
8 30 1
8 31 1
9 31 1
9 32 1
10 32 1
10 33 1
11 33 1
11 34 1
12 34 1
12 35 1
13 35 1
13 36 1
14 36 1
14 37 1
15 37 1
15 38 1
16 38 1
16 39 1
17 39 1
17 40 1
18 40 1
18 41 1
19 41 1
19 42 1
20 42 1
20 43 1
21 43 1
21 44 1
22 44 1
22 45 1
23 45 1
23 46 1
47 24 1
47 25 1
47 26 1
47 27 1
47 28 1
47 29 1
47 30 1
47 31 1
47 32 1
47 33 1
47 34 1
47 35 1
47 36 1
47 37 1
47 38 1
47 39 1
47 40 1
47 41 1
47 42 1
47 43 1
47 44 1
47 45 1
47 46 1
48 24 1
48 46 1
49 24 1
49 25 1
50 25 1
50 26 1
51 26 1
51 27 1
52 27 1
52 28 1
53 28 1
53 29 1
54 29 1
54 30 1
55 30 1
55 31 1
56 31 1
56 32 1
57 32 1
57 33 1
58 33 1
58 34 1
59 34 1
59 35 1
60 35 1
60 36 1
61 36 1
61 37 1
62 37 1
62 38 1
63 38 1
63 39 1
64 39 1
64 40 1
65 40 1
65 41 1
66 41 1
66 42 1
67 42 1
67 43 1
68 43 1
68 44 1
69 44 1
69 45 1
70 45 1
70 46 1
47 71 1
47 72 1
47 73 1
47 74 1
47 75 1
47 76 1
47 77 1
47 78 1
47 79 1
47 80 1
47 81 1
47 82 1
47 83 1
47 84 1
47 85 1
47 86 1
47 87 1
47 88 1
47 89 1
47 90 1
47 91 1
47 92 1
47 93 1
48 71 1
48 93 1
49 71 1
49 72 1
50 72 1
50 73 1
51 73 1
51 74 1
52 74 1
52 75 1
53 75 1
53 76 1
54 76 1
54 77 1
55 77 1
55 78 1
56 78 1
56 79 1
57 79 1
57 80 1
58 80 1
58 81 1
59 81 1
59 82 1
60 82 1
60 83 1
61 83 1
61 84 1
62 84 1
62 85 1
63 85 1
63 86 1
64 86 1
64 87 1
65 87 1
65 88 1
66 88 1
66 89 1
67 89 1
67 90 1
68 90 1
68 91 1
69 91 1
69 92 1
70 92 1
70 93 1
94 71 1
94 72 1
94 73 1
94 74 1
94 75 1
94 76 1
94 77 1
94 78 1
94 79 1
94 80 1
94 81 1
94 82 1
94 83 1
94 84 1
94 85 1
94 86 1
94 87 1
94 88 1
94 89 1
94 90 1
94 91 1
94 92 1
94 93 1
95 71 1
95 93 1
96 71 1
96 72 1
97 72 1
97 73 1
98 73 1
98 74 1
99 74 1
99 75 1
100 75 1
100 76 1
101 76 1
101 77 1
102 77 1
102 78 1
103 78 1
103 79 1
104 79 1
104 80 1
105 80 1
105 81 1
106 81 1
106 82 1
107 82 1
107 83 1
108 83 1
108 84 1
109 84 1
109 85 1
110 85 1
110 86 1
111 86 1
111 87 1
112 87 1
112 88 1
113 88 1
113 89 1
114 89 1
114 90 1
115 90 1
115 91 1
116 91 1
116 92 1
117 92 1
117 93 1
94 118 1
94 119 1
94 120 1
94 121 1
94 122 1
94 123 1
94 124 1
94 125 1
94 126 1
94 127 1
94 128 1
94 129 1
94 130 1
94 131 1
94 132 1
94 133 1
94 134 1
94 135 1
94 136 1
94 137 1
94 138 1
94 139 1
94 140 1
95 118 1
95 140 1
96 118 1
96 119 1
97 119 1
97 120 1
98 120 1
98 121 1
99 121 1
99 122 1
100 122 1
100 123 1
101 123 1
101 124 1
102 124 1
102 125 1
103 125 1
103 126 1
104 126 1
104 127 1
105 127 1
105 128 1
106 128 1
106 129 1
107 129 1
107 130 1
108 130 1
108 131 1
109 131 1
109 132 1
110 132 1
110 133 1
111 133 1
111 134 1
112 134 1
112 135 1
113 135 1
113 136 1
114 136 1
114 137 1
115 137 1
115 138 1
116 138 1
116 139 1
117 139 1
117 140 1
141 118 1
141 119 1
141 120 1
141 121 1
141 122 1
141 123 1
141 124 1
141 125 1
141 126 1
141 127 1
141 128 1
141 129 1
141 130 1
141 131 1
141 132 1
141 133 1
141 134 1
141 135 1
141 136 1
141 137 1
141 138 1
141 139 1
141 140 1
142 118 1
142 140 1
143 118 1
143 119 1
144 119 1
144 120 1
145 120 1
145 121 1
146 121 1
146 122 1
147 122 1
147 123 1
148 123 1
148 124 1
149 124 1
149 125 1
150 125 1
150 126 1
151 126 1
151 127 1
152 127 1
152 128 1
153 128 1
153 129 1
154 129 1
154 130 1
155 130 1
155 131 1
156 131 1
156 132 1
157 132 1
157 133 1
158 133 1
158 134 1
159 134 1
159 135 1
160 135 1
160 136 1
161 136 1
161 137 1
162 137 1
162 138 1
163 138 1
163 139 1
164 139 1
164 140 1
141 165 1
141 166 1
141 167 1
141 168 1
141 169 1
141 170 1
141 171 1
141 172 1
141 173 1
141 174 1
141 175 1
141 176 1
141 177 1
141 178 1
141 179 1
141 180 1
141 181 1
141 182 1
141 183 1
141 184 1
141 185 1
141 186 1
141 187 1
142 165 1
142 187 1
143 165 1
143 166 1
144 166 1
144 167 1
145 167 1
145 168 1
146 168 1
146 169 1
147 169 1
147 170 1
148 170 1
148 171 1
149 171 1
149 172 1
150 172 1
150 173 1
151 173 1
151 174 1
152 174 1
152 175 1
153 175 1
153 176 1
154 176 1
154 177 1
155 177 1
155 178 1
156 178 1
156 179 1
157 179 1
157 180 1
158 180 1
158 181 1
159 181 1
159 182 1
160 182 1
160 183 1
161 183 1
161 184 1
162 184 1
162 185 1
163 185 1
163 186 1
164 186 1
164 187 1
188 165 1
188 166 1
188 167 1
188 168 1
188 169 1
188 170 1
188 171 1
188 172 1
188 173 1
188 174 1
188 175 1
188 176 1
188 177 1
188 178 1
188 179 1
188 180 1
188 181 1
188 182 1
188 183 1
188 184 1
188 185 1
188 186 1
188 187 1
189 165 1
189 187 1
190 165 1
190 166 1
191 166 1
191 167 1
192 167 1
192 168 1
193 168 1
193 169 1
194 169 1
194 170 1
195 170 1
195 171 1
196 171 1
196 172 1
197 172 1
197 173 1
198 173 1
198 174 1
199 174 1
199 175 1
200 175 1
200 176 1
201 176 1
201 177 1
202 177 1
202 178 1
203 178 1
203 179 1
204 179 1
204 180 1
205 180 1
205 181 1
206 181 1
206 182 1
207 182 1
207 183 1
208 183 1
208 184 1
209 184 1
209 185 1
210 185 1
210 186 1
211 186 1
211 187 1
188 212 1
188 213 1
188 214 1
188 215 1
188 216 1
188 217 1
188 218 1
188 219 1
188 220 1
188 221 1
188 222 1
188 223 1
188 224 1
188 225 1
188 226 1
188 227 1
188 228 1
188 229 1
188 230 1
188 231 1
188 232 1
188 233 1
188 234 1
189 212 1
189 234 1
190 212 1
190 213 1
191 213 1
191 214 1
192 214 1
192 215 1
193 215 1
193 216 1
194 216 1
194 217 1
195 217 1
195 218 1
196 218 1
196 219 1
197 219 1
197 220 1
198 220 1
198 221 1
199 221 1
199 222 1
200 222 1
200 223 1
201 223 1
201 224 1
202 224 1
202 225 1
203 225 1
203 226 1
204 226 1
204 227 1
205 227 1
205 228 1
206 228 1
206 229 1
207 229 1
207 230 1
208 230 1
208 231 1
209 231 1
209 232 1
210 232 1
210 233 1
211 233 1
211 234 1
235 212 1
235 213 1
235 214 1
235 215 1
235 216 1
235 217 1
235 218 1
235 219 1
235 220 1
235 221 1
235 222 1
235 223 1
235 224 1
235 225 1
235 226 1
235 227 1
235 228 1
235 229 1
235 230 1
235 231 1
235 232 1
235 233 1
235 234 1
236 212 1
236 234 1
237 212 1
237 213 1
238 213 1
238 214 1
239 214 1
239 215 1
240 215 1
240 216 1
241 216 1
241 217 1
242 217 1
242 218 1
243 218 1
243 219 1
244 219 1
244 220 1
245 220 1
245 221 1
246 221 1
246 222 1
247 222 1
247 223 1
248 223 1
248 224 1
249 224 1
249 225 1
250 225 1
250 226 1
251 226 1
251 227 1
252 227 1
252 228 1
253 228 1
253 229 1
254 229 1
254 230 1
255 230 1
255 231 1
256 231 1
256 232 1
257 232 1
257 233 1
258 233 1
258 234 1
235 259 1
235 260 1
235 261 1
235 262 1
235 263 1
235 264 1
235 265 1
235 266 1
235 267 1
235 268 1
235 269 1
235 270 1
235 271 1
235 272 1
235 273 1
235 274 1
235 275 1
235 276 1
235 277 1
235 278 1
235 279 1
235 280 1
235 281 1
236 259 1
236 281 1
237 259 1
237 260 1
238 260 1
238 261 1
239 261 1
239 262 1
240 262 1
240 263 1
241 263 1
241 264 1
242 264 1
242 265 1
243 265 1
243 266 1
244 266 1
244 267 1
245 267 1
245 268 1
246 268 1
246 269 1
247 269 1
247 270 1
248 270 1
248 271 1
249 271 1
249 272 1
250 272 1
250 273 1
251 273 1
251 274 1
252 274 1
252 275 1
253 275 1
253 276 1
254 276 1
254 277 1
255 277 1
255 278 1
256 278 1
256 279 1
257 279 1
257 280 1
258 280 1
258 281 1
282 259 1
282 260 1
282 261 1
282 262 1
282 263 1
282 264 1
282 265 1
282 266 1
282 267 1
282 268 1
282 269 1
282 270 1
282 271 1
282 272 1
282 273 1
282 274 1
282 275 1
282 276 1
282 277 1
282 278 1
282 279 1
282 280 1
282 281 1
283 259 1
283 281 1
284 259 1
284 260 1
285 260 1
285 261 1
286 261 1
286 262 1
287 262 1
287 263 1
288 263 1
288 264 1
289 264 1
289 265 1
290 265 1
290 266 1
291 266 1
291 267 1
292 267 1
292 268 1
293 268 1
293 269 1
294 269 1
294 270 1
295 270 1
295 271 1
296 271 1
296 272 1
297 272 1
297 273 1
298 273 1
298 274 1
299 274 1
299 275 1
300 275 1
300 276 1
301 276 1
301 277 1
302 277 1
302 278 1
303 278 1
303 279 1
304 279 1
304 280 1
305 280 1
305 281 1
282 306 1
282 307 1
282 308 1
282 309 1
282 310 1
282 311 1
282 312 1
282 313 1
282 314 1
282 315 1
282 316 1
282 317 1
282 318 1
282 319 1
282 320 1
282 321 1
282 322 1
282 323 1
282 324 1
282 325 1
282 326 1
282 327 1
282 328 1
283 306 1
283 328 1
284 306 1
284 307 1
285 307 1
285 308 1
286 308 1
286 309 1
287 309 1
287 310 1
288 310 1
288 311 1
289 311 1
289 312 1
290 312 1
290 313 1
291 313 1
291 314 1
292 314 1
292 315 1
293 315 1
293 316 1
294 316 1
294 317 1
295 317 1
295 318 1
296 318 1
296 319 1
297 319 1
297 320 1
298 320 1
298 321 1
299 321 1
299 322 1
300 322 1
300 323 1
301 323 1
301 324 1
302 324 1
302 325 1
303 325 1
303 326 1
304 326 1
304 327 1
305 327 1
305 328 1
329 306 1
329 307 1
329 308 1
329 309 1
329 310 1
329 311 1
329 312 1
329 313 1
329 314 1
329 315 1
329 316 1
329 317 1
329 318 1
329 319 1
329 320 1
329 321 1
329 322 1
329 323 1
329 324 1
329 325 1
329 326 1
329 327 1
329 328 1
330 306 1
330 328 1
331 306 1
331 307 1
332 307 1
332 308 1
333 308 1
333 309 1
334 309 1
334 310 1
335 310 1
335 311 1
336 311 1
336 312 1
337 312 1
337 313 1
338 313 1
338 314 1
339 314 1
339 315 1
340 315 1
340 316 1
341 316 1
341 317 1
342 317 1
342 318 1
343 318 1
343 319 1
344 319 1
344 320 1
345 320 1
345 321 1
346 321 1
346 322 1
347 322 1
347 323 1
348 323 1
348 324 1
349 324 1
349 325 1
350 325 1
350 326 1
351 326 1
351 327 1
352 327 1
352 328 1
329 353 1
329 354 1
329 355 1
329 356 1
329 357 1
329 358 1
329 359 1
329 360 1
329 361 1
329 362 1
329 363 1
329 364 1
329 365 1
329 366 1
329 367 1
329 368 1
329 369 1
329 370 1
329 371 1
329 372 1
329 373 1
329 374 1
329 375 1
330 353 1
330 375 1
331 353 1
331 354 1
332 354 1
332 355 1
333 355 1
333 356 1
334 356 1
334 357 1
335 357 1
335 358 1
336 358 1
336 359 1
337 359 1
337 360 1
338 360 1
338 361 1
339 361 1
339 362 1
340 362 1
340 363 1
341 363 1
341 364 1
342 364 1
342 365 1
343 365 1
343 366 1
344 366 1
344 367 1
345 367 1
345 368 1
346 368 1
346 369 1
347 369 1
347 370 1
348 370 1
348 371 1
349 371 1
349 372 1
350 372 1
350 373 1
351 373 1
351 374 1
352 374 1
352 375 1
376 353 1
376 354 1
376 355 1
376 356 1
376 357 1
376 358 1
376 359 1
376 360 1
376 361 1
376 362 1
376 363 1
376 364 1
376 365 1
376 366 1
376 367 1
376 368 1
376 369 1
376 370 1
376 371 1
376 372 1
376 373 1
376 374 1
376 375 1
377 353 1
377 375 1
378 353 1
378 354 1
379 354 1
379 355 1
380 355 1
380 356 1
381 356 1
381 357 1
382 357 1
382 358 1
383 358 1
383 359 1
384 359 1
384 360 1
385 360 1
385 361 1
386 361 1
386 362 1
387 362 1
387 363 1
388 363 1
388 364 1
389 364 1
389 365 1
390 365 1
390 366 1
391 366 1
391 367 1
392 367 1
392 368 1
393 368 1
393 369 1
394 369 1
394 370 1
395 370 1
395 371 1
396 371 1
396 372 1
397 372 1
397 373 1
398 373 1
398 374 1
399 374 1
399 375 1
376 400 1
376 401 1
376 402 1
376 403 1
376 404 1
376 405 1
376 406 1
376 407 1
376 408 1
376 409 1
376 410 1
376 411 1
376 412 1
376 413 1
376 414 1
376 415 1
376 416 1
376 417 1
376 418 1
376 419 1
376 420 1
376 421 1
376 422 1
377 400 1
377 422 1
378 400 1
378 401 1
379 401 1
379 402 1
380 402 1
380 403 1
381 403 1
381 404 1
382 404 1
382 405 1
383 405 1
383 406 1
384 406 1
384 407 1
385 407 1
385 408 1
386 408 1
386 409 1
387 409 1
387 410 1
388 410 1
388 411 1
389 411 1
389 412 1
390 412 1
390 413 1
391 413 1
391 414 1
392 414 1
392 415 1
393 415 1
393 416 1
394 416 1
394 417 1
395 417 1
395 418 1
396 418 1
396 419 1
397 419 1
397 420 1
398 420 1
398 421 1
399 421 1
399 422 1
423 400 1
423 401 1
423 402 1
423 403 1
423 404 1
423 405 1
423 406 1
423 407 1
423 408 1
423 409 1
423 410 1
423 411 1
423 412 1
423 413 1
423 414 1
423 415 1
423 416 1
423 417 1
423 418 1
423 419 1
423 420 1
423 421 1
423 422 1
424 400 1
424 422 1
425 400 1
425 401 1
426 401 1
426 402 1
427 402 1
427 403 1
428 403 1
428 404 1
429 404 1
429 405 1
430 405 1
430 406 1
431 406 1
431 407 1
432 407 1
432 408 1
433 408 1
433 409 1
434 409 1
434 410 1
435 410 1
435 411 1
436 411 1
436 412 1
437 412 1
437 413 1
438 413 1
438 414 1
439 414 1
439 415 1
440 415 1
440 416 1
441 416 1
441 417 1
442 417 1
442 418 1
443 418 1
443 419 1
444 419 1
444 420 1
445 420 1
445 421 1
446 421 1
446 422 1
423 447 1
423 448 1
423 449 1
423 450 1
423 451 1
423 452 1
423 453 1
423 454 1
423 455 1
423 456 1
423 457 1
423 458 1
423 459 1
423 460 1
423 461 1
423 462 1
423 463 1
423 464 1
423 465 1
423 466 1
423 467 1
423 468 1
423 469 1
424 447 1
424 469 1
425 447 1
425 448 1
426 448 1
426 449 1
427 449 1
427 450 1
428 450 1
428 451 1
429 451 1
429 452 1
430 452 1
430 453 1
431 453 1
431 454 1
432 454 1
432 455 1
433 455 1
433 456 1
434 456 1
434 457 1
435 457 1
435 458 1
436 458 1
436 459 1
437 459 1
437 460 1
438 460 1
438 461 1
439 461 1
439 462 1
440 462 1
440 463 1
441 463 1
441 464 1
442 464 1
442 465 1
443 465 1
443 466 1
444 466 1
444 467 1
445 467 1
445 468 1
446 468 1
446 469 1
470 447 1
470 448 1
470 449 1
470 450 1
470 451 1
470 452 1
470 453 1
470 454 1
470 455 1
470 456 1
470 457 1
470 458 1
470 459 1
470 460 1
470 461 1
470 462 1
470 463 1
470 464 1
470 465 1
470 466 1
470 467 1
470 468 1
470 469 1
471 447 1
471 469 1
472 447 1
472 448 1
473 448 1
473 449 1
474 449 1
474 450 1
475 450 1
475 451 1
476 451 1
476 452 1
477 452 1
477 453 1
478 453 1
478 454 1
479 454 1
479 455 1
480 455 1
480 456 1
481 456 1
481 457 1
482 457 1
482 458 1
483 458 1
483 459 1
484 459 1
484 460 1
485 460 1
485 461 1
486 461 1
486 462 1
487 462 1
487 463 1
488 463 1
488 464 1
489 464 1
489 465 1
490 465 1
490 466 1
491 466 1
491 467 1
492 467 1
492 468 1
493 468 1
493 469 1
470 494 1
470 495 1
470 496 1
470 497 1
470 498 1
470 499 1
470 500 1
470 501 1
470 502 1
470 503 1
470 504 1
470 505 1
470 506 1
470 507 1
470 508 1
470 509 1
470 510 1
470 511 1
470 512 1
470 513 1
470 514 1
470 515 1
470 516 1
471 494 1
471 516 1
472 494 1
472 495 1
473 495 1
473 496 1
474 496 1
474 497 1
475 497 1
475 498 1
476 498 1
476 499 1
477 499 1
477 500 1
478 500 1
478 501 1
479 501 1
479 502 1
480 502 1
480 503 1
481 503 1
481 504 1
482 504 1
482 505 1
483 505 1
483 506 1
484 506 1
484 507 1
485 507 1
485 508 1
486 508 1
486 509 1
487 509 1
487 510 1
488 510 1
488 511 1
489 511 1
489 512 1
490 512 1
490 513 1
491 513 1
491 514 1
492 514 1
492 515 1
493 515 1
493 516 1
517 494 1
517 495 1
517 496 1
517 497 1
517 498 1
517 499 1
517 500 1
517 501 1
517 502 1
517 503 1
517 504 1
517 505 1
517 506 1
517 507 1
517 508 1
517 509 1
517 510 1
517 511 1
517 512 1
517 513 1
517 514 1
517 515 1
517 516 1
518 494 1
518 516 1
519 494 1
519 495 1
520 495 1
520 496 1
521 496 1
521 497 1
522 497 1
522 498 1
523 498 1
523 499 1
524 499 1
524 500 1
525 500 1
525 501 1
526 501 1
526 502 1
527 502 1
527 503 1
528 503 1
528 504 1
529 504 1
529 505 1
530 505 1
530 506 1
531 506 1
531 507 1
532 507 1
532 508 1
533 508 1
533 509 1
534 509 1
534 510 1
535 510 1
535 511 1
536 511 1
536 512 1
537 512 1
537 513 1
538 513 1
538 514 1
539 514 1
539 515 1
540 515 1
540 516 1
517 541 1
517 542 1
517 543 1
517 544 1
517 545 1
517 546 1
517 547 1
517 548 1
517 549 1
517 550 1
517 551 1
517 552 1
517 553 1
517 554 1
517 555 1
517 556 1
517 557 1
517 558 1
517 559 1
517 560 1
517 561 1
517 562 1
517 563 1
518 541 1
518 563 1
519 541 1
519 542 1
520 542 1
520 543 1
521 543 1
521 544 1
522 544 1
522 545 1
523 545 1
523 546 1
524 546 1
524 547 1
525 547 1
525 548 1
526 548 1
526 549 1
527 549 1
527 550 1
528 550 1
528 551 1
529 551 1
529 552 1
530 552 1
530 553 1
531 553 1
531 554 1
532 554 1
532 555 1
533 555 1
533 556 1
534 556 1
534 557 1
535 557 1
535 558 1
536 558 1
536 559 1
537 559 1
537 560 1
538 560 1
538 561 1
539 561 1
539 562 1
540 562 1
540 563 1
564 541 1
564 542 1
564 543 1
564 544 1
564 545 1
564 546 1
564 547 1
564 548 1
564 549 1
564 550 1
564 551 1
564 552 1
564 553 1
564 554 1
564 555 1
564 556 1
564 557 1
564 558 1
564 559 1
564 560 1
564 561 1
564 562 1
564 563 1
565 541 1
565 563 1
566 541 1
566 542 1
567 542 1
567 543 1
568 543 1
568 544 1
569 544 1
569 545 1
570 545 1
570 546 1
571 546 1
571 547 1
572 547 1
572 548 1
573 548 1
573 549 1
574 549 1
574 550 1
575 550 1
575 551 1
576 551 1
576 552 1
577 552 1
577 553 1
578 553 1
578 554 1
579 554 1
579 555 1
580 555 1
580 556 1
581 556 1
581 557 1
582 557 1
582 558 1
583 558 1
583 559 1
584 559 1
584 560 1
585 560 1
585 561 1
586 561 1
586 562 1
587 562 1
587 563 1
564 588 1
564 589 1
564 590 1
564 591 1
564 592 1
564 593 1
564 594 1
564 595 1
564 596 1
564 597 1
564 598 1
564 599 1
564 600 1
564 601 1
564 602 1
564 603 1
564 604 1
564 605 1
564 606 1
564 607 1
564 608 1
564 609 1
564 610 1
565 588 1
565 610 1
566 588 1
566 589 1
567 589 1
567 590 1
568 590 1
568 591 1
569 591 1
569 592 1
570 592 1
570 593 1
571 593 1
571 594 1
572 594 1
572 595 1
573 595 1
573 596 1
574 596 1
574 597 1
575 597 1
575 598 1
576 598 1
576 599 1
577 599 1
577 600 1
578 600 1
578 601 1
579 601 1
579 602 1
580 602 1
580 603 1
581 603 1
581 604 1
582 604 1
582 605 1
583 605 1
583 606 1
584 606 1
584 607 1
585 607 1
585 608 1
586 608 1
586 609 1
587 609 1
587 610 1
611 588 1
611 589 1
611 590 1
611 591 1
611 592 1
611 593 1
611 594 1
611 595 1
611 596 1
611 597 1
611 598 1
611 599 1
611 600 1
611 601 1
611 602 1
611 603 1
611 604 1
611 605 1
611 606 1
611 607 1
611 608 1
611 609 1
611 610 1
612 588 1
612 610 1
613 588 1
613 589 1
614 589 1
614 590 1
615 590 1
615 591 1
616 591 1
616 592 1
617 592 1
617 593 1
618 593 1
618 594 1
619 594 1
619 595 1
620 595 1
620 596 1
621 596 1
621 597 1
622 597 1
622 598 1
623 598 1
623 599 1
624 599 1
624 600 1
625 600 1
625 601 1
626 601 1
626 602 1
627 602 1
627 603 1
628 603 1
628 604 1
629 604 1
629 605 1
630 605 1
630 606 1
631 606 1
631 607 1
632 607 1
632 608 1
633 608 1
633 609 1
634 609 1
634 610 1
611 635 1
611 636 1
611 637 1
611 638 1
611 639 1
611 640 1
611 641 1
611 642 1
611 643 1
611 644 1
611 645 1
611 646 1
611 647 1
611 648 1
611 649 1
611 650 1
611 651 1
611 652 1
611 653 1
611 654 1
611 655 1
611 656 1
611 657 1
612 635 1
612 657 1
613 635 1
613 636 1
614 636 1
614 637 1
615 637 1
615 638 1
616 638 1
616 639 1
617 639 1
617 640 1
618 640 1
618 641 1
619 641 1
619 642 1
620 642 1
620 643 1
621 643 1
621 644 1
622 644 1
622 645 1
623 645 1
623 646 1
624 646 1
624 647 1
625 647 1
625 648 1
626 648 1
626 649 1
627 649 1
627 650 1
628 650 1
628 651 1
629 651 1
629 652 1
630 652 1
630 653 1
631 653 1
631 654 1
632 654 1
632 655 1
633 655 1
633 656 1
634 656 1
634 657 1
658 635 1
658 636 1
658 637 1
658 638 1
658 639 1
658 640 1
658 641 1
658 642 1
658 643 1
658 644 1
658 645 1
658 646 1
658 647 1
658 648 1
658 649 1
658 650 1
658 651 1
658 652 1
658 653 1
658 654 1
658 655 1
658 656 1
658 657 1
659 635 1
659 657 1
660 635 1
660 636 1
661 636 1
661 637 1
662 637 1
662 638 1
663 638 1
663 639 1
664 639 1
664 640 1
665 640 1
665 641 1
666 641 1
666 642 1
667 642 1
667 643 1
668 643 1
668 644 1
669 644 1
669 645 1
670 645 1
670 646 1
671 646 1
671 647 1
672 647 1
672 648 1
673 648 1
673 649 1
674 649 1
674 650 1
675 650 1
675 651 1
676 651 1
676 652 1
677 652 1
677 653 1
678 653 1
678 654 1
679 654 1
679 655 1
680 655 1
680 656 1
681 656 1
681 657 1
658 682 1
658 683 1
658 684 1
658 685 1
658 686 1
658 687 1
658 688 1
658 689 1
658 690 1
658 691 1
658 692 1
658 693 1
658 694 1
658 695 1
658 696 1
658 697 1
658 698 1
658 699 1
658 700 1
658 701 1
658 702 1
658 703 1
658 704 1
659 682 1
659 704 1
660 682 1
660 683 1
661 683 1
661 684 1
662 684 1
662 685 1
663 685 1
663 686 1
664 686 1
664 687 1
665 687 1
665 688 1
666 688 1
666 689 1
667 689 1
667 690 1
668 690 1
668 691 1
669 691 1
669 692 1
670 692 1
670 693 1
671 693 1
671 694 1
672 694 1
672 695 1
673 695 1
673 696 1
674 696 1
674 697 1
675 697 1
675 698 1
676 698 1
676 699 1
677 699 1
677 700 1
678 700 1
678 701 1
679 701 1
679 702 1
680 702 1
680 703 1
681 703 1
681 704 1
705 682 1
705 683 1
705 684 1
705 685 1
705 686 1
705 687 1
705 688 1
705 689 1
705 690 1
705 691 1
705 692 1
705 693 1
705 694 1
705 695 1
705 696 1
705 697 1
705 698 1
705 699 1
705 700 1
705 701 1
705 702 1
705 703 1
705 704 1
706 682 1
706 704 1
707 682 1
707 683 1
708 683 1
708 684 1
709 684 1
709 685 1
710 685 1
710 686 1
711 686 1
711 687 1
712 687 1
712 688 1
713 688 1
713 689 1
714 689 1
714 690 1
715 690 1
715 691 1
716 691 1
716 692 1
717 692 1
717 693 1
718 693 1
718 694 1
719 694 1
719 695 1
720 695 1
720 696 1
721 696 1
721 697 1
722 697 1
722 698 1
723 698 1
723 699 1
724 699 1
724 700 1
725 700 1
725 701 1
726 701 1
726 702 1
727 702 1
727 703 1
728 703 1
728 704 1
705 729 1
705 730 1
705 731 1
705 732 1
705 733 1
705 734 1
705 735 1
705 736 1
705 737 1
705 738 1
705 739 1
705 740 1
705 741 1
705 742 1
705 743 1
705 744 1
705 745 1
705 746 1
705 747 1
705 748 1
705 749 1
705 750 1
705 751 1
706 729 1
706 751 1
707 729 1
707 730 1
708 730 1
708 731 1
709 731 1
709 732 1
710 732 1
710 733 1
711 733 1
711 734 1
712 734 1
712 735 1
713 735 1
713 736 1
714 736 1
714 737 1
715 737 1
715 738 1
716 738 1
716 739 1
717 739 1
717 740 1
718 740 1
718 741 1
719 741 1
719 742 1
720 742 1
720 743 1
721 743 1
721 744 1
722 744 1
722 745 1
723 745 1
723 746 1
724 746 1
724 747 1
725 747 1
725 748 1
726 748 1
726 749 1
727 749 1
727 750 1
728 750 1
728 751 1
752 729 1
752 730 1
752 731 1
752 732 1
752 733 1
752 734 1
752 735 1
752 736 1
752 737 1
752 738 1
752 739 1
752 740 1
752 741 1
752 742 1
752 743 1
752 744 1
752 745 1
752 746 1
752 747 1
752 748 1
752 749 1
752 750 1
752 751 1
753 729 1
753 751 1
754 729 1
754 730 1
755 730 1
755 731 1
756 731 1
756 732 1
757 732 1
757 733 1
758 733 1
758 734 1
759 734 1
759 735 1
760 735 1
760 736 1
761 736 1
761 737 1
762 737 1
762 738 1
763 738 1
763 739 1
764 739 1
764 740 1
765 740 1
765 741 1
766 741 1
766 742 1
767 742 1
767 743 1
768 743 1
768 744 1
769 744 1
769 745 1
770 745 1
770 746 1
771 746 1
771 747 1
772 747 1
772 748 1
773 748 1
773 749 1
774 749 1
774 750 1
775 750 1
775 751 1
752 776 1
752 777 1
752 778 1
752 779 1
752 780 1
752 781 1
752 782 1
752 783 1
752 784 1
752 785 1
752 786 1
752 787 1
752 788 1
752 789 1
752 790 1
752 791 1
752 792 1
752 793 1
752 794 1
752 795 1
752 796 1
752 797 1
752 798 1
753 776 1
753 798 1
754 776 1
754 777 1
755 777 1
755 778 1
756 778 1
756 779 1
757 779 1
757 780 1
758 780 1
758 781 1
759 781 1
759 782 1
760 782 1
760 783 1
761 783 1
761 784 1
762 784 1
762 785 1
763 785 1
763 786 1
764 786 1
764 787 1
765 787 1
765 788 1
766 788 1
766 789 1
767 789 1
767 790 1
768 790 1
768 791 1
769 791 1
769 792 1
770 792 1
770 793 1
771 793 1
771 794 1
772 794 1
772 795 1
773 795 1
773 796 1
774 796 1
774 797 1
775 797 1
775 798 1
799 776 1
799 777 1
799 778 1
799 779 1
799 780 1
799 781 1
799 782 1
799 783 1
799 784 1
799 785 1
799 786 1
799 787 1
799 788 1
799 789 1
799 790 1
799 791 1
799 792 1
799 793 1
799 794 1
799 795 1
799 796 1
799 797 1
799 798 1
800 776 1
800 798 1
801 776 1
801 777 1
802 777 1
802 778 1
803 778 1
803 779 1
804 779 1
804 780 1
805 780 1
805 781 1
806 781 1
806 782 1
807 782 1
807 783 1
808 783 1
808 784 1
809 784 1
809 785 1
810 785 1
810 786 1
811 786 1
811 787 1
812 787 1
812 788 1
813 788 1
813 789 1
814 789 1
814 790 1
815 790 1
815 791 1
816 791 1
816 792 1
817 792 1
817 793 1
818 793 1
818 794 1
819 794 1
819 795 1
820 795 1
820 796 1
821 796 1
821 797 1
822 797 1
822 798 1
799 823 1
799 824 1
799 825 1
799 826 1
799 827 1
799 828 1
799 829 1
799 830 1
799 831 1
799 832 1
799 833 1
799 834 1
799 835 1
799 836 1
799 837 1
799 838 1
799 839 1
799 840 1
799 841 1
799 842 1
799 843 1
799 844 1
799 845 1
800 823 1
800 845 1
801 823 1
801 824 1
802 824 1
802 825 1
803 825 1
803 826 1
804 826 1
804 827 1
805 827 1
805 828 1
806 828 1
806 829 1
807 829 1
807 830 1
808 830 1
808 831 1
809 831 1
809 832 1
810 832 1
810 833 1
811 833 1
811 834 1
812 834 1
812 835 1
813 835 1
813 836 1
814 836 1
814 837 1
815 837 1
815 838 1
816 838 1
816 839 1
817 839 1
817 840 1
818 840 1
818 841 1
819 841 1
819 842 1
820 842 1
820 843 1
821 843 1
821 844 1
822 844 1
822 845 1
846 823 1
846 824 1
846 825 1
846 826 1
846 827 1
846 828 1
846 829 1
846 830 1
846 831 1
846 832 1
846 833 1
846 834 1
846 835 1
846 836 1
846 837 1
846 838 1
846 839 1
846 840 1
846 841 1
846 842 1
846 843 1
846 844 1
846 845 1
847 823 1
847 845 1
848 823 1
848 824 1
849 824 1
849 825 1
850 825 1
850 826 1
851 826 1
851 827 1
852 827 1
852 828 1
853 828 1
853 829 1
854 829 1
854 830 1
855 830 1
855 831 1
856 831 1
856 832 1
857 832 1
857 833 1
858 833 1
858 834 1
859 834 1
859 835 1
860 835 1
860 836 1
861 836 1
861 837 1
862 837 1
862 838 1
863 838 1
863 839 1
864 839 1
864 840 1
865 840 1
865 841 1
866 841 1
866 842 1
867 842 1
867 843 1
868 843 1
868 844 1
869 844 1
869 845 1
846 870 1
846 871 1
846 872 1
846 873 1
846 874 1
846 875 1
846 876 1
846 877 1
846 878 1
846 879 1
846 880 1
846 881 1
846 882 1
846 883 1
846 884 1
846 885 1
846 886 1
846 887 1
846 888 1
846 889 1
846 890 1
846 891 1
846 892 1
847 870 1
847 892 1
848 870 1
848 871 1
849 871 1
849 872 1
850 872 1
850 873 1
851 873 1
851 874 1
852 874 1
852 875 1
853 875 1
853 876 1
854 876 1
854 877 1
855 877 1
855 878 1
856 878 1
856 879 1
857 879 1
857 880 1
858 880 1
858 881 1
859 881 1
859 882 1
860 882 1
860 883 1
861 883 1
861 884 1
862 884 1
862 885 1
863 885 1
863 886 1
864 886 1
864 887 1
865 887 1
865 888 1
866 888 1
866 889 1
867 889 1
867 890 1
868 890 1
868 891 1
869 891 1
869 892 1
893 870 1
893 871 1
893 872 1
893 873 1
893 874 1
893 875 1
893 876 1
893 877 1
893 878 1
893 879 1
893 880 1
893 881 1
893 882 1
893 883 1
893 884 1
893 885 1
893 886 1
893 887 1
893 888 1
893 889 1
893 890 1
893 891 1
893 892 1
894 870 1
894 892 1
895 870 1
895 871 1
896 871 1
896 872 1
897 872 1
897 873 1
898 873 1
898 874 1
899 874 1
899 875 1
900 875 1
900 876 1
901 876 1
901 877 1
902 877 1
902 878 1
903 878 1
903 879 1
904 879 1
904 880 1
905 880 1
905 881 1
906 881 1
906 882 1
907 882 1
907 883 1
908 883 1
908 884 1
909 884 1
909 885 1
910 885 1
910 886 1
911 886 1
911 887 1
912 887 1
912 888 1
913 888 1
913 889 1
914 889 1
914 890 1
915 890 1
915 891 1
916 891 1
916 892 1
893 917 1
893 918 1
893 919 1
893 920 1
893 921 1
893 922 1
893 923 1
893 924 1
893 925 1
893 926 1
893 927 1
893 928 1
893 929 1
893 930 1
893 931 1
893 932 1
893 933 1
893 934 1
893 935 1
893 936 1
893 937 1
893 938 1
893 939 1
894 917 1
894 939 1
895 917 1
895 918 1
896 918 1
896 919 1
897 919 1
897 920 1
898 920 1
898 921 1
899 921 1
899 922 1
900 922 1
900 923 1
901 923 1
901 924 1
902 924 1
902 925 1
903 925 1
903 926 1
904 926 1
904 927 1
905 927 1
905 928 1
906 928 1
906 929 1
907 929 1
907 930 1
908 930 1
908 931 1
909 931 1
909 932 1
910 932 1
910 933 1
911 933 1
911 934 1
912 934 1
912 935 1
913 935 1
913 936 1
914 936 1
914 937 1
915 937 1
915 938 1
916 938 1
916 939 1
940 917 1
940 918 1
940 919 1
940 920 1
940 921 1
940 922 1
940 923 1
940 924 1
940 925 1
940 926 1
940 927 1
940 928 1
940 929 1
940 930 1
940 931 1
940 932 1
940 933 1
940 934 1
940 935 1
940 936 1
940 937 1
940 938 1
940 939 1
941 917 1
941 939 1
942 917 1
942 918 1
943 918 1
943 919 1
944 919 1
944 920 1
945 920 1
945 921 1
946 921 1
946 922 1
947 922 1
947 923 1
948 923 1
948 924 1
949 924 1
949 925 1
950 925 1
950 926 1
951 926 1
951 927 1
952 927 1
952 928 1
953 928 1
953 929 1
954 929 1
954 930 1
955 930 1
955 931 1
956 931 1
956 932 1
957 932 1
957 933 1
958 933 1
958 934 1
959 934 1
959 935 1
960 935 1
960 936 1
961 936 1
961 937 1
962 937 1
962 938 1
963 938 1
963 939 1
940 964 1
940 965 1
940 966 1
940 967 1
940 968 1
940 969 1
940 970 1
940 971 1
940 972 1
940 973 1
940 974 1
940 975 1
940 976 1
940 977 1
940 978 1
940 979 1
940 980 1
940 981 1
940 982 1
940 983 1
940 984 1
940 985 1
940 986 1
941 964 1
941 986 1
942 964 1
942 965 1
943 965 1
943 966 1
944 966 1
944 967 1
945 967 1
945 968 1
946 968 1
946 969 1
947 969 1
947 970 1
948 970 1
948 971 1
949 971 1
949 972 1
950 972 1
950 973 1
951 973 1
951 974 1
952 974 1
952 975 1
953 975 1
953 976 1
954 976 1
954 977 1
955 977 1
955 978 1
956 978 1
956 979 1
957 979 1
957 980 1
958 980 1
958 981 1
959 981 1
959 982 1
960 982 1
960 983 1
961 983 1
961 984 1
962 984 1
962 985 1
963 985 1
963 986 1
987 964 1
987 965 1
987 966 1
987 967 1
987 968 1
987 969 1
987 970 1
987 971 1
987 972 1
987 973 1
987 974 1
987 975 1
987 976 1
987 977 1
987 978 1
987 979 1
987 980 1
987 981 1
987 982 1
987 983 1
987 984 1
987 985 1
987 986 1
988 964 1
988 986 1
989 964 1
989 965 1
990 965 1
990 966 1
991 966 1
991 967 1
992 967 1
992 968 1
993 968 1
993 969 1
994 969 1
994 970 1
995 970 1
995 971 1
996 971 1
996 972 1
997 972 1
997 973 1
998 973 1
998 974 1
999 974 1
999 975 1
1000 975 1
1000 976 1
1001 976 1
1001 977 1
1002 977 1
1002 978 1
1003 978 1
1003 979 1
1004 979 1
1004 980 1
1005 980 1
1005 981 1
1006 981 1
1006 982 1
1007 982 1
1007 983 1
1008 983 1
1008 984 1
1009 984 1
1009 985 1
1010 985 1
1010 986 1
987 1011 1
987 1012 1
987 1013 1
987 1014 1
987 1015 1
987 1016 1
987 1017 1
987 1018 1
987 1019 1
987 1020 1
987 1021 1
987 1022 1
987 1023 1
987 1024 1
987 1025 1
987 1026 1
987 1027 1
987 1028 1
987 1029 1
987 1030 1
987 1031 1
987 1032 1
987 1033 1
988 1011 1
988 1033 1
989 1011 1
989 1012 1
990 1012 1
990 1013 1
991 1013 1
991 1014 1
992 1014 1
992 1015 1
993 1015 1
993 1016 1
994 1016 1
994 1017 1
995 1017 1
995 1018 1
996 1018 1
996 1019 1
997 1019 1
997 1020 1
998 1020 1
998 1021 1
999 1021 1
999 1022 1
1000 1022 1
1000 1023 1
1001 1023 1
1001 1024 1
1002 1024 1
1002 1025 1
1003 1025 1
1003 1026 1
1004 1026 1
1004 1027 1
1005 1027 1
1005 1028 1
1006 1028 1
1006 1029 1
1007 1029 1
1007 1030 1
1008 1030 1
1008 1031 1
1009 1031 1
1009 1032 1
1010 1032 1
1010 1033 1
1034 1011 1
1034 1012 1
1034 1013 1
1034 1014 1
1034 1015 1
1034 1016 1
1034 1017 1
1034 1018 1
1034 1019 1
1034 1020 1
1034 1021 1
1034 1022 1
1034 1023 1
1034 1024 1
1034 1025 1
1034 1026 1
1034 1027 1
1034 1028 1
1034 1029 1
1034 1030 1
1034 1031 1
1034 1032 1
1034 1033 1
1035 1011 1
1035 1033 1
1036 1011 1
1036 1012 1
1037 1012 1
1037 1013 1
1038 1013 1
1038 1014 1
1039 1014 1
1039 1015 1
1040 1015 1
1040 1016 1
1041 1016 1
1041 1017 1
1042 1017 1
1042 1018 1
1043 1018 1
1043 1019 1
1044 1019 1
1044 1020 1
1045 1020 1
1045 1021 1
1046 1021 1
1046 1022 1
1047 1022 1
1047 1023 1
1048 1023 1
1048 1024 1
1049 1024 1
1049 1025 1
1050 1025 1
1050 1026 1
1051 1026 1
1051 1027 1
1052 1027 1
1052 1028 1
1053 1028 1
1053 1029 1
1054 1029 1
1054 1030 1
1055 1030 1
1055 1031 1
1056 1031 1
1056 1032 1
1057 1032 1
1057 1033 1
1034 1058 1
1034 1059 1
1034 1060 1
1034 1061 1
1034 1062 1
1034 1063 1
1034 1064 1
1034 1065 1
1034 1066 1
1034 1067 1
1034 1068 1
1034 1069 1
1034 1070 1
1034 1071 1
1034 1072 1
1034 1073 1
1034 1074 1
1034 1075 1
1034 1076 1
1034 1077 1
1034 1078 1
1034 1079 1
1034 1080 1
1035 1058 1
1035 1080 1
1036 1058 1
1036 1059 1
1037 1059 1
1037 1060 1
1038 1060 1
1038 1061 1
1039 1061 1
1039 1062 1
1040 1062 1
1040 1063 1
1041 1063 1
1041 1064 1
1042 1064 1
1042 1065 1
1043 1065 1
1043 1066 1
1044 1066 1
1044 1067 1
1045 1067 1
1045 1068 1
1046 1068 1
1046 1069 1
1047 1069 1
1047 1070 1
1048 1070 1
1048 1071 1
1049 1071 1
1049 1072 1
1050 1072 1
1050 1073 1
1051 1073 1
1051 1074 1
1052 1074 1
1052 1075 1
1053 1075 1
1053 1076 1
1054 1076 1
1054 1077 1
1055 1077 1
1055 1078 1
1056 1078 1
1056 1079 1
1057 1079 1
1057 1080 1
0 1058 1
0 1059 1
0 1060 1
0 1061 1
0 1062 1
0 1063 1
0 1064 1
0 1065 1
0 1066 1
0 1067 1
0 1068 1
0 1069 1
0 1070 1
0 1071 1
0 1072 1
0 1073 1
0 1074 1
0 1075 1
0 1076 1
0 1077 1
0 1078 1
0 1079 1
0 1080 1
1 1058 1
1 1080 1
2 1058 1
2 1059 1
3 1059 1
3 1060 1
4 1060 1
4 1061 1
5 1061 1
5 1062 1
6 1062 1
6 1063 1
7 1063 1
7 1064 1
8 1064 1
8 1065 1
9 1065 1
9 1066 1
10 1066 1
10 1067 1
11 1067 1
11 1068 1
12 1068 1
12 1069 1
13 1069 1
13 1070 1
14 1070 1
14 1071 1
15 1071 1
15 1072 1
16 1072 1
16 1073 1
17 1073 1
17 1074 1
18 1074 1
18 1075 1
19 1075 1
19 1076 1
20 1076 1
20 1077 1
21 1077 1
21 1078 1
22 1078 1
22 1079 1
23 1079 1
23 1080 1
1
0 1 2 3 4 5 6 7 8 9 10 11 12 13 14 15 16 17 18 19 20 21 22 23 47 48 49 50 51 52 53 54 55 56 57 58 59 60 61 62 63 64 65 66 67 68 69 70 94 95 96 97 98 99 100 101 102 103 104 105 106 107 108 109 110 111 112 113 114 115 116 117 141 142 143 144 145 146 147 148 149 150 151 152 153 154 155 156 157 158 159 160 161 162 163 164 188 189 190 191 192 193 194 195 196 197 198 199 200 201 202 203 204 205 206 207 208 209 210 211 235 236 237 238 239 240 241 242 243 244 245 246 247 248 249 250 251 252 253 254 255 256 257 258 282 283 284 285 286 287 288 289 290 291 292 293 294 295 296 297 298 299 300 301 302 303 304 305 329 330 331 332 333 334 335 336 337 338 339 340 341 342 343 344 345 346 347 348 349 350 351 352 376 377 378 379 380 381 382 383 384 385 386 387 388 389 390 391 392 393 394 395 396 397 398 399 423 424 425 426 427 428 429 430 431 432 433 434 435 436 437 438 439 440 441 442 443 444 445 446 470 471 472 473 474 475 476 477 478 479 480 481 482 483 484 485 486 487 488 489 490 491 492 493 517 518 519 520 521 522 523 524 525 526 527 528 529 530 531 532 533 534 535 536 537 538 539 540 564 565 566 567 568 569 570 571 572 573 574 575 576 577 578 579 580 581 582 583 584 585 586 587 611 612 613 614 615 616 617 618 619 620 621 622 623 624 625 626 627 628 629 630 631 632 633 634 658 659 660 661 662 663 664 665 666 667 668 669 670 671 672 673 674 675 676 677 678 679 680 681 705 706 707 708 709 710 711 712 713 714 715 716 717 718 719 720 721 722 723 724 725 726 727 728 752 753 754 755 756 757 758 759 760 761 762 763 764 765 766 767 768 769 770 771 772 773 774 775 799 800 801 802 803 804 805 806 807 808 809 810 811 812 813 814 815 816 817 818 819 820 821 822 846 847 848 849 850 851 852 853 854 855 856 857 858 859 860 861 862 863 864 865 866 867 868 869 893 894 895 896 897 898 899 900 901 902 903 904 905 906 907 908 909 910 911 912 913 914 915 916 940 941 942 943 944 945 946 947 948 949 950 951 952 953 954 955 956 957 958 959 960 961 962 963 987 988 989 990 991 992 993 994 995 996 997 998 999 1000 1001 1002 1003 1004 1005 1006 1007 1008 1009 1010 1034 1035 1036 1037 1038 1039 1040 1041 1042 1043 1044 1045 1046 1047 1048 1049 1050 1051 1052 1053 1054 1055 1056 1057
